0 0 0 0 0 0 0 1024 0 0 0 0 0 0 0 1024 0 0 0 0 0 0 0 1024 
0 0 0 0 0 0 0 1024 0 0 0 0 0 0 0 1024 0 0 0 0 0 0 0 1024 
0 0 0 0 0 0 0 1024 0 0 0 0 0 0 0 1024 0 0 0 0 0 0 0 1024 
0 0 0 0 0 0 0 1024 0 0 0 0 0 0 0 1024 0 0 0 0 0 0 0 1024 
0 0 0 0 0 0 0 1024 0 0 0 0 0 0 0 1024 0 0 0 0 0 0 0 1024 
0 0 0 0 0 0 0 1024 0 0 0 0 0 0 0 1024 0 0 0 0 0 0 0 1024 
0 0 0 0 0 0 0 1024 0 0 0 0 0 0 0 1024 0 0 0 0 0 0 0 1024 
0 0 0 0 0 0 1 1023 0 0 0 0 0 0 1 1023 0 0 0 0 0 0 1 1023 
0 0 0 0 0 0 0 1024 0 0 0 0 0 0 0 1024 0 0 0 0 0 0 0 1024 
0 0 0 0 0 0 0 1024 0 0 0 0 0 0 0 1024 0 0 0 0 0 0 0 1024 
0 0 0 0 0 0 0 1024 0 0 0 0 0 0 0 1024 0 0 0 0 0 0 0 1024 
0 0 0 0 0 0 0 1024 0 0 0 0 0 0 0 1024 0 0 0 0 0 0 0 1024 
0 0 0 0 0 0 0 1024 0 0 0 0 0 0 0 1024 0 0 0 0 0 0 0 1024 
0 0 0 0 0 0 0 1024 0 0 0 0 0 0 0 1024 0 0 0 0 0 0 0 1024 
0 0 0 0 0 0 0 1024 0 0 0 0 0 0 0 1024 0 0 0 0 0 0 0 1024 
0 0 0 0 0 0 0 1024 0 0 0 0 0 0 0 1024 0 0 0 0 0 0 0 1024 
0 0 0 0 0 0 0 1024 0 0 0 0 0 0 0 1024 0 0 0 0 0 0 0 1024 
0 0 0 0 0 0 0 1024 0 0 0 0 0 0 0 1024 0 0 0 0 0 0 0 1024 
0 0 0 0 0 0 0 1024 0 0 0 0 0 0 0 1024 0 0 0 0 0 0 0 1024 
0 0 0 0 0 0 0 1024 0 0 0 0 0 0 0 1024 0 0 0 0 0 0 0 1024 
0 0 0 0 0 0 0 1024 0 0 0 0 0 0 0 1024 0 0 0 0 0 0 0 1024 
0 0 0 0 0 0 0 1024 0 0 0 0 0 0 0 1024 0 0 0 0 0 0 0 1024 
0 0 0 0 0 0 0 1024 0 0 0 0 0 0 0 1024 0 0 0 0 0 0 0 1024 
0 0 0 0 0 0 0 1024 0 0 0 0 0 0 0 1024 0 0 0 0 0 0 0 1024 
0 0 0 0 0 0 0 1024 0 0 0 0 0 0 0 1024 0 0 0 0 0 0 0 1024 
0 0 0 0 0 0 0 1024 0 0 0 0 0 0 0 1024 0 0 0 0 0 0 0 1024 
0 0 0 0 0 0 0 1024 0 0 0 0 0 0 3 1021 0 0 0 0 0 5 13 1006 
0 0 0 0 0 0 4 1020 0 0 0 0 0 2 135 887 0 0 0 0 33 99 122 770 
0 0 0 0 0 0 24 1000 0 0 0 0 0 3 188 833 0 0 0 0 41 117 222 644 
0 0 0 0 0 0 2 1022 0 0 0 0 0 0 55 969 0 0 0 0 2 25 119 878 
0 0 0 0 0 0 43 981 0 0 0 0 0 36 309 679 0 0 0 1 63 137 364 459 
0 0 0 0 0 0 18 1006 0 0 0 0 0 9 265 750 0 0 0 2 33 160 242 587 
0 0 0 0 0 0 1 1023 0 0 0 0 0 0 60 964 0 0 0 0 6 24 125 869 
0 0 0 0 0 0 8 1016 0 0 0 0 0 3 77 944 0 0 0 0 5 22 117 880 
0 0 0 0 0 4 72 948 0 0 0 0 3 20 105 896 0 0 0 4 9 31 139 841 
0 0 0 0 0 0 1 1023 0 0 0 0 0 0 48 976 0 0 0 0 0 48 124 852 
0 0 0 0 0 0 0 1024 0 0 0 0 0 0 0 1024 0 0 0 0 0 0 0 1024 
0 0 0 0 0 0 0 1024 0 0 0 0 0 0 0 1024 0 0 0 0 0 0 0 1024 
0 0 0 0 0 0 0 1024 0 0 0 0 0 0 0 1024 0 0 0 0 0 0 0 1024 
0 0 0 0 0 0 0 1024 0 0 0 0 0 0 0 1024 0 0 0 0 0 0 0 1024 
0 0 0 0 0 0 0 1024 0 0 0 0 0 0 0 1024 0 0 0 0 0 0 0 1024 
0 0 0 0 0 0 0 1024 0 0 0 0 0 0 0 1024 0 0 0 0 0 0 0 1024 
0 0 0 0 0 0 0 1024 0 0 0 0 0 0 0 1024 0 0 0 0 0 0 0 1024 
0 0 0 0 0 0 0 1024 0 0 0 0 0 0 0 1024 0 0 0 0 0 0 0 1024 
0 0 0 0 0 0 0 1024 0 0 0 0 0 0 0 1024 0 0 0 0 0 0 0 1024 
0 0 0 0 0 0 0 1024 0 0 0 0 0 0 0 1024 0 0 0 0 0 0 0 1024 
0 0 0 0 0 0 0 1024 0 0 0 0 0 0 0 1024 0 0 0 0 0 0 0 1024 
0 0 0 0 0 0 0 1024 0 0 0 0 0 0 0 1024 0 0 0 0 0 0 0 1024 
0 0 0 0 0 0 0 1024 0 0 0 0 0 0 0 1024 0 0 0 0 0 0 0 1024 
0 0 0 0 0 0 0 1024 0 0 0 0 0 0 0 1024 0 0 0 0 0 0 0 1024 
0 0 0 0 0 0 0 1024 0 0 0 0 0 0 0 1024 0 0 0 0 0 0 0 1024 
0 0 0 0 0 0 0 1024 0 0 0 0 0 0 0 1024 0 0 0 0 0 0 0 1024 
0 0 0 0 0 0 0 1024 0 0 0 0 0 0 0 1024 0 0 0 0 0 0 0 1024 
0 0 0 0 0 0 0 1024 0 0 0 0 0 0 0 1024 0 0 0 0 0 0 0 1024 
0 0 0 0 0 0 0 1024 0 0 0 0 0 0 0 1024 0 0 0 0 0 0 0 1024 
0 0 0 0 0 0 0 1024 0 0 0 0 0 0 0 1024 0 0 0 0 0 0 0 1024 
0 0 0 0 0 0 0 1024 0 0 0 0 0 0 0 1024 0 0 0 0 0 0 0 1024 
0 0 0 0 0 0 0 1024 0 0 0 0 0 0 0 1024 0 0 0 0 0 0 0 1024 
0 0 0 0 0 0 0 1024 0 0 0 0 0 0 0 1024 0 0 0 0 0 0 0 1024 
0 0 0 0 0 0 0 1024 0 0 0 0 0 0 0 1024 0 0 0 0 0 0 0 1024 
0 0 0 0 0 0 0 1024 0 0 0 0 0 0 0 1024 0 0 0 0 0 0 0 1024 
0 0 0 0 0 0 0 1024 0 0 0 0 0 0 0 1024 0 0 0 0 0 0 0 1024 
0 0 0 0 0 0 4 1020 0 0 0 0 0 6 160 858 0 0 0 5 19 113 167 720 
0 0 0 0 0 0 13 1011 0 0 0 0 0 9 126 889 0 0 0 2 11 78 141 792 
0 0 0 0 3 7 165 849 0 0 0 3 7 101 368 545 0 0 5 34 126 186 233 440 
0 0 0 0 0 2 121 901 0 0 0 0 7 113 325 579 0 0 15 43 99 159 284 424 
0 0 0 0 0 17 246 761 0 0 0 0 45 205 429 345 0 0 10 102 186 236 243 247 
0 0 0 0 6 36 263 719 0 0 1 7 66 240 466 244 0 4 25 128 243 251 216 157 
0 0 0 0 0 10 131 883 0 0 0 0 14 158 359 493 0 0 5 84 205 158 176 396 
0 0 0 0 3 13 204 804 0 0 0 7 26 210 443 338 0 3 21 83 172 267 229 249 
0 0 0 0 0 7 142 875 0 0 0 0 8 88 409 519 0 2 2 20 78 256 309 357 
0 0 0 0 0 0 9 1015 0 0 0 0 0 0 154 870 0 0 0 0 6 78 217 723 
0 0 0 0 0 0 0 1024 0 0 0 0 0 0 0 1024 0 0 0 0 0 0 0 1024 
0 0 0 0 0 0 0 1024 0 0 0 0 0 0 0 1024 0 0 0 0 0 0 0 1024 
0 0 0 0 0 0 0 1024 0 0 0 0 0 0 0 1024 0 0 0 0 0 0 0 1024 
0 0 0 0 0 0 0 1024 0 0 0 0 0 0 0 1024 0 0 0 0 0 0 0 1024 
0 0 0 0 0 0 0 1024 0 0 0 0 0 0 0 1024 0 0 0 0 0 0 0 1024 
0 0 0 0 0 0 0 1024 0 0 0 0 0 0 0 1024 0 0 0 0 0 0 0 1024 
0 0 0 0 0 0 0 1024 0 0 0 0 0 0 0 1024 0 0 0 0 0 0 0 1024 
0 0 0 0 0 0 0 1024 0 0 0 0 0 0 0 1024 0 0 0 0 0 0 0 1024 
0 0 0 0 0 0 0 1024 0 0 0 0 0 0 0 1024 0 0 0 0 0 0 0 1024 
0 0 0 0 0 0 0 1024 0 0 0 0 0 0 0 1024 0 0 0 0 0 0 0 1024 
0 0 0 0 0 0 0 1024 0 0 0 0 0 0 0 1024 0 0 0 0 0 0 0 1024 
0 0 0 0 0 0 0 1024 0 0 0 0 0 0 0 1024 0 0 0 0 0 0 0 1024 
0 0 0 0 0 0 0 1024 0 0 0 0 0 0 0 1024 0 0 0 0 0 0 0 1024 
0 0 0 0 0 0 0 1024 0 0 0 0 0 0 0 1024 0 0 0 0 0 0 0 1024 
0 0 0 0 0 0 4 1020 0 0 0 0 0 0 43 981 0 0 0 0 5 18 38 963 
0 0 0 0 0 0 0 1024 0 0 0 0 0 0 0 1024 0 0 0 0 0 0 0 1024 
0 0 0 0 0 0 0 1024 0 0 0 0 0 0 0 1024 0 0 0 0 0 0 0 1024 
0 0 0 0 0 0 0 1024 0 0 0 0 0 0 0 1024 0 0 0 0 0 0 0 1024 
0 0 0 0 0 0 0 1024 0 0 0 0 0 0 0 1024 0 0 0 0 0 0 0 1024 
0 0 0 0 0 0 0 1024 0 0 0 0 0 0 0 1024 0 0 0 0 0 0 0 1024 
0 0 0 0 0 0 0 1024 0 0 0 0 0 0 0 1024 0 0 0 0 0 0 0 1024 
0 0 0 0 0 0 0 1024 0 0 0 0 0 0 0 1024 0 0 0 0 0 0 0 1024 
0 0 0 0 0 0 0 1024 0 0 0 0 0 0 0 1024 0 0 0 0 0 0 0 1024 
0 0 0 0 0 0 0 1024 0 0 0 0 0 0 0 1024 0 0 0 0 0 0 0 1024 
0 0 0 0 0 0 0 1024 0 0 0 0 0 0 5 1019 0 0 0 0 0 0 12 1012 
0 0 0 0 3 17 49 955 0 0 0 1 15 41 63 904 0 0 0 0 12 42 108 862 
0 0 0 0 0 3 65 956 0 0 0 0 0 53 270 701 0 0 0 12 71 157 288 496 
0 0 0 0 0 2 94 928 0 0 0 0 0 81 320 623 0 0 1 15 85 178 239 506 
0 0 0 0 0 13 259 752 0 0 0 3 69 290 405 257 0 0 52 176 213 213 194 176 
0 0 0 0 6 75 302 641 0 0 1 14 128 243 251 387 0 5 100 177 112 107 218 305 
0 0 0 1 16 99 383 525 0 0 1 20 138 293 392 180 0 6 77 162 218 233 200 128 
0 0 0 0 8 127 456 433 0 0 0 60 226 429 255 54 0 28 213 323 228 124 74 34 
0 0 0 5 60 170 340 449 0 1 7 81 225 415 265 30 1 20 205 421 230 86 45 16 
0 2 2 22 51 215 470 262 0 2 21 52 282 431 176 60 2 55 257 339 193 84 52 42 
0 0 0 8 23 96 285 612 0 0 10 30 114 298 430 142 2 23 63 197 269 233 167 70 
0 0 0 0 5 46 266 707 0 0 0 4 65 300 448 207 0 4 66 194 231 202 213 114 
0 0 0 0 0 0 0 1024 0 0 0 0 0 0 0 1024 0 0 0 0 0 0 0 1024 
0 0 0 0 0 0 0 1024 0 0 0 0 0 0 0 1024 0 0 0 0 0 0 0 1024 
0 0 0 0 0 0 0 1024 0 0 0 0 0 0 0 1024 0 0 0 0 0 0 0 1024 
0 0 0 0 0 0 0 1024 0 0 0 0 0 0 0 1024 0 0 0 0 0 0 0 1024 
0 0 0 0 0 0 0 1024 0 0 0 0 0 0 0 1024 0 0 0 0 0 0 0 1024 
0 0 0 0 0 0 11 1013 0 0 0 0 0 0 15 1009 0 0 0 0 0 0 12 1012 
0 0 0 0 17 88 143 776 0 0 0 7 59 103 146 709 0 1 6 31 79 81 134 692 
0 0 0 0 0 1 3 1020 0 0 0 0 0 1 10 1013 0 0 0 0 0 1 5 1018 
0 0 0 0 0 0 1 1023 0 0 0 0 0 1 11 1012 0 0 0 0 0 0 13 1011 
0 0 0 0 0 0 105 919 0 0 0 0 0 110 215 699 0 0 10 29 64 122 168 631 
0 0 0 0 0 18 214 792 0 0 0 0 39 193 125 667 0 0 18 136 99 63 67 641 
0 0 0 1 29 97 107 790 0 0 0 10 107 98 54 755 0 0 32 118 63 38 36 737 
0 0 0 0 0 0 0 1024 0 0 0 0 0 0 0 1024 0 0 0 0 0 0 0 1024 
0 0 0 0 0 0 0 1024 0 0 0 0 0 0 1 1023 0 0 0 0 0 0 7 1017 
0 0 0 0 0 54 347 623 0 0 0 0 63 410 262 289 0 0 14 262 312 104 109 223 
0 0 0 0 13 94 469 448 0 0 0 7 80 413 391 133 0 0 10 152 340 259 174 89 
0 0 0 0 58 232 266 468 0 0 0 22 207 259 182 354 0 0 26 246 163 129 131 329 
0 0 4 25 90 152 230 523 0 1 6 46 141 183 207 440 0 6 42 107 143 179 161 386 
0 0 1 34 71 117 165 636 0 0 9 61 108 147 176 523 0 3 44 85 92 107 176 517 
0 0 0 0 2 25 144 853 0 0 0 0 14 56 184 770 0 0 0 3 25 75 175 746 
0 0 0 0 5 50 113 856 0 0 0 0 26 92 144 762 0 0 0 23 67 79 125 730 
0 0 0 0 0 0 0 1024 0 0 0 0 0 0 0 1024 0 0 0 0 0 0 0 1024 
0 0 0 0 0 0 0 1024 0 0 0 0 0 0 0 1024 0 0 0 0 0 0 0 1024 
0 0 0 0 0 0 0 1024 0 0 0 0 0 5 29 990 0 0 0 0 0 28 69 927 
0 0 15 8 4 4 9 984 3 16 4 4 5 7 52 933 0 5 19 3 6 10 231 750 
0 0 0 1 14 63 241 705 0 0 1 20 77 260 157 509 0 0 1 9 85 232 209 488 
0 0 0 0 0 20 255 749 0 0 0 1 35 332 480 176 0 0 9 113 259 296 249 98 
0 0 0 0 9 49 272 694 0 0 0 13 97 276 394 244 0 1 41 143 239 238 221 141 
0 0 0 0 0 36 348 640 0 0 0 2 125 334 324 239 1 13 103 211 224 160 145 167 
0 0 0 0 7 120 362 535 0 1 5 23 155 284 314 242 0 14 112 162 208 181 170 177 
0 0 1 3 38 153 362 467 0 0 7 45 247 306 303 116 3 32 216 270 206 113 108 76 
0 0 0 1 22 219 533 249 0 0 2 81 398 362 139 42 0 38 361 324 139 97 39 26 
0 0 0 22 104 261 429 208 0 4 48 169 410 285 89 19 3 88 378 325 124 57 35 14 
0 0 2 38 105 189 363 327 0 4 42 113 268 341 215 41 5 57 216 283 228 134 80 21 
0 0 4 9 64 157 360 430 0 6 12 87 222 417 240 40 1 65 230 354 192 91 65 26 
0 0 0 4 25 107 442 446 0 0 2 47 221 509 209 36 1 28 192 441 213 85 47 17 
0 0 0 0 0 0 0 1024 0 0 0 0 0 0 0 1024 0 0 0 0 0 0 0 1024 
0 0 0 0 0 0 0 1024 0 0 0 0 0 0 0 1024 0 0 0 0 0 0 0 1024 
0 0 0 0 0 0 0 1024 0 0 0 0 0 0 0 1024 0 0 0 0 0 0 0 1024 
0 0 0 0 0 0 0 1024 0 0 0 0 0 0 0 1024 0 0 0 0 0 0 0 1024 
0 0 0 0 5 10 42 967 0 0 0 3 7 23 49 942 0 0 1 4 8 26 40 945 
0 0 5 41 103 139 158 578 0 2 13 60 127 131 161 530 0 6 68 86 90 90 145 539 
1 10 77 226 283 199 102 126 0 16 125 308 258 141 89 87 2 115 290 234 150 76 73 84 
0 29 147 131 135 151 163 268 1 31 138 198 151 144 178 183 5 130 185 125 134 114 156 175 
0 8 31 76 80 122 235 472 0 8 47 109 123 176 232 329 1 31 108 115 130 143 193 303 
0 0 0 1 48 325 353 297 0 0 0 38 301 386 161 138 0 1 109 471 183 71 83 106 
0 0 0 0 2 85 632 305 0 0 5 11 171 654 183 0 0 2 78 535 343 52 14 0 
0 0 5 120 243 320 314 22 0 0 17 264 441 285 17 0 0 13 413 511 72 13 2 0 
0 0 2 94 186 142 194 406 0 1 8 159 227 178 188 263 0 2 106 242 166 132 162 214 
0 0 0 0 5 45 292 682 0 0 0 5 54 236 383 346 0 0 10 92 187 205 219 311 
0 0 8 43 139 268 466 100 0 0 20 67 291 535 111 0 0 12 130 493 303 67 19 0 
0 1 31 238 368 193 136 57 0 13 81 275 422 138 72 23 2 56 396 355 103 52 43 17 
0 22 114 329 415 130 11 3 0 22 154 463 338 45 2 0 6 96 554 322 42 4 0 0 
0 1 72 334 452 142 21 2 0 2 107 443 404 65 3 0 1 57 571 361 32 2 0 0 
0 124 216 252 233 154 32 13 1 97 312 289 218 84 21 2 3 198 427 278 81 22 14 1 
0 43 211 203 133 121 133 180 0 50 253 190 146 122 148 115 1 94 314 169 113 101 121 111 
0 2 37 94 137 167 204 383 0 3 50 134 182 157 200 298 0 21 113 148 133 137 200 272 
0 0 0 0 0 3 13 1008 0 0 0 0 0 3 17 1004 0 0 0 0 0 3 19 1002 
0 0 0 0 0 0 0 1024 0 0 0 0 0 0 0 1024 0 0 0 0 0 0 0 1024 
0 0 0 0 0 0 1 1023 0 0 0 0 0 5 114 905 0 0 0 5 45 91 137 746 
0 6 18 8 4 15 22 951 3 27 3 13 12 18 147 801 0 23 13 13 49 92 164 670 
0 1 9 16 27 32 132 807 3 10 19 10 31 53 277 621 1 14 20 14 50 126 295 504 
0 0 0 0 0 21 193 810 0 0 0 2 55 199 324 444 0 1 15 156 177 143 236 296 
0 0 0 8 29 130 345 512 0 0 13 42 199 397 304 69 0 17 141 325 292 149 68 32 
0 0 0 9 60 189 389 377 0 0 16 113 279 380 213 23 0 51 292 367 217 47 40 10 
0 0 3 19 49 157 393 403 0 0 19 73 276 350 228 78 2 56 260 331 191 98 48 38 
0 0 11 45 63 155 418 332 0 6 37 107 268 428 156 22 2 102 326 336 160 62 25 11 
0 0 0 8 62 185 448 321 0 2 14 95 350 393 165 5 4 94 398 319 161 38 10 0 
0 0 0 20 74 164 341 425 0 2 35 116 232 350 260 29 13 114 264 343 152 74 47 17 
0 0 1 11 55 171 500 286 0 0 20 83 347 420 133 21 3 53 355 320 163 88 30 12 
0 0 2 11 77 219 531 184 0 2 32 123 328 439 93 7 7 86 363 340 135 70 22 1 
0 0 2 37 114 322 418 131 0 0 55 202 427 282 55 3 3 108 490 305 90 22 5 1 
0 0 0 0 0 0 0 1024 0 0 0 0 0 0 0 1024 0 0 0 0 0 0 0 1024 
0 0 0 0 0 0 0 1024 0 0 0 0 0 0 0 1024 0 0 0 0 0 0 0 1024 
0 0 0 0 0 0 0 1024 0 0 0 0 0 0 8 1016 0 0 0 0 0 0 2 1022 
0 0 1 24 76 109 127 687 0 0 4 55 103 90 130 642 0 2 25 72 99 64 102 660 
2 60 218 290 175 95 83 101 0 61 248 317 178 81 76 63 9 199 370 170 76 71 63 66 
4 123 382 311 138 44 21 1 1 101 425 359 98 33 7 0 22 416 405 123 40 15 3 0 
30 217 483 251 39 4 0 0 30 201 405 328 59 1 0 0 72 610 315 27 0 0 0 0 
91 351 286 176 80 26 11 3 75 369 294 218 58 7 3 0 51 542 334 64 25 6 2 0 
48 436 397 94 39 10 0 0 50 449 404 98 21 2 0 0 53 540 379 47 5 0 0 0 
23 215 323 215 121 86 40 1 35 221 347 233 132 49 7 0 25 315 472 187 23 2 0 0 
0 52 77 99 116 129 393 158 17 84 127 152 210 420 14 0 2 116 371 479 52 4 0 0 
0 0 4 36 196 285 431 72 0 2 45 206 365 402 4 0 0 28 426 518 46 6 0 0 
0 0 0 27 140 257 381 219 0 0 6 98 244 366 248 62 0 4 88 260 268 184 179 41 
0 0 1 51 166 223 375 208 0 0 1 122 340 363 180 18 0 6 181 370 183 193 70 21 
0 16 100 346 360 158 44 0 1 28 161 423 343 62 6 0 9 118 590 265 38 4 0 0 
0 5 100 398 425 87 9 0 0 25 191 532 250 26 0 0 5 140 632 234 13 0 0 0 
0 26 213 524 231 29 1 0 1 14 273 500 222 14 0 0 3 155 665 177 24 0 0 0 
4 68 285 457 181 27 2 0 3 75 279 498 163 6 0 0 10 213 610 180 11 0 0 0 
300 400 186 100 37 1 0 0 186 455 267 91 25 0 0 0 49 615 306 53 1 0 0 0 
383 378 187 34 26 16 0 0 261 491 244 26 2 0 0 0 44 678 264 34 4 0 0 0 
22 216 242 204 136 82 75 47 8 224 295 224 116 68 54 35 5 224 361 205 100 58 41 30 
0 1 6 16 37 71 61 832 0 2 7 32 56 64 70 793 0 4 20 41 51 52 68 788 
0 0 0 0 0 0 0 1024 0 0 0 0 0 0 0 1024 0 0 0 0 0 0 23 1001 
0 0 0 0 0 13 65 946 0 0 0 0 38 140 489 357 0 2 24 125 310 217 154 192 
0 2 4 2 7 6 261 742 0 3 3 2 7 69 342 598 0 3 3 68 160 102 363 325 
0 0 0 4 172 107 367 374 0 0 0 13 98 403 325 185 0 9 77 135 119 255 320 109 
0 0 0 4 19 75 322 604 0 0 2 38 123 297 352 212 0 14 120 201 164 172 198 155 
0 0 1 2 9 90 384 538 0 1 4 33 186 529 261 10 0 15 201 475 246 67 18 2 
0 0 0 0 20 105 436 463 0 0 7 47 230 550 184 6 7 70 379 411 139 18 0 0 
0 1 4 36 127 279 455 122 0 6 58 203 414 330 13 0 9 235 563 190 24 3 0 0 
0 0 0 28 100 239 332 325 0 5 48 182 311 275 201 2 13 213 419 251 116 12 0 0 
0 0 0 6 48 237 570 163 0 0 24 139 496 339 26 0 7 157 603 230 25 2 0 0 
0 0 29 60 148 269 369 149 3 41 99 254 373 229 25 0 27 303 467 207 18 1 1 0 
0 3 21 47 77 254 504 118 0 21 59 154 428 322 36 4 15 181 411 279 103 23 9 3 
0 0 13 50 95 287 398 181 0 9 61 157 375 277 124 21 2 124 369 251 131 87 50 10 
0 0 8 46 151 320 436 63 0 5 66 249 460 226 18 0 15 245 497 235 20 7 4 1 
0 0 0 0 0 36 184 804 0 0 0 9 156 265 130 464 0 4 108 135 256 40 51 430 
0 0 0 0 35 165 171 653 0 0 6 97 213 206 74 428 0 26 228 152 126 42 37 413 
0 0 28 91 158 135 125 487 0 0 34 169 209 160 120 332 0 44 227 184 117 65 62 325 
0 244 383 159 103 84 42 9 1 204 435 212 89 57 23 3 33 541 259 80 57 35 14 5 
7 158 406 334 99 17 3 0 3 194 572 234 19 2 0 0 58 589 334 40 3 0 0 0 
24 186 376 331 91 13 3 0 42 183 464 305 28 2 0 0 97 608 289 28 2 0 0 0 
9 82 272 366 229 55 11 0 17 128 376 359 138 6 0 0 83 453 444 39 5 0 0 0 
6 84 225 276 163 104 84 82 15 177 333 247 142 81 28 1 41 364 370 156 65 22 6 0 
0 43 165 164 169 195 204 84 2 129 219 218 234 180 40 2 7 261 461 223 49 20 3 0 
100 273 269 144 81 81 52 24 178 319 264 126 92 44 1 0 99 457 361 95 11 1 0 0 
1 12 62 228 322 231 145 23 4 57 270 368 264 60 1 0 21 274 519 190 20 0 0 0 
1 48 127 178 237 258 155 20 21 135 207 294 271 91 5 0 26 254 474 229 35 5 1 0 
0 0 21 78 216 344 289 76 6 24 77 266 421 175 44 11 11 62 383 420 88 34 20 6 
1 13 76 303 346 213 68 4 8 35 219 397 288 71 5 1 11 149 566 271 23 3 1 0 
0 19 71 224 438 243 29 0 6 60 170 460 311 17 0 0 11 124 569 299 21 0 0 0 
0 4 73 308 384 240 15 0 1 6 125 468 371 53 0 0 2 141 594 274 13 0 0 0 
8 63 233 334 248 100 34 4 23 125 282 360 196 33 5 0 14 255 571 170 14 0 0 0 
0 16 114 399 379 105 10 1 2 44 227 452 257 42 0 0 6 159 590 261 8 0 0 0 
221 313 229 156 89 16 0 0 211 311 273 157 59 13 0 0 69 474 408 71 2 0 0 0 
213 709 99 3 0 0 0 0 133 673 208 10 0 0 0 0 21 734 265 4 0 0 0 0 
238 345 277 116 40 7 1 0 207 303 314 165 31 4 0 0 65 432 409 104 14 0 0 0 
5 86 142 244 238 149 69 91 3 89 200 335 256 64 37 40 7 116 425 318 79 31 17 31 
0 0 1 3 12 43 256 709 0 2 3 19 89 532 292 87 0 5 86 479 305 52 34 63 
0 0 0 0 3 16 362 643 0 0 0 6 110 662 242 4 0 7 221 561 191 44 0 0 
0 0 0 1 4 6 94 919 1 3 4 22 31 326 428 209 1 2 42 261 91 144 306 177 
0 1 16 41 78 162 519 207 0 1 26 69 377 354 132 65 1 34 122 217 213 275 133 29 
0 25 110 146 300 351 80 12 0 27 101 201 362 278 55 0 6 126 247 352 203 83 7 0 
0 12 49 61 115 373 289 125 0 8 80 207 340 319 68 2 5 195 435 240 129 17 3 0 
0 2 38 125 230 221 307 101 0 28 148 283 331 210 24 0 40 322 534 117 11 0 0 0 
0 7 97 135 207 250 243 85 3 52 203 298 287 157 23 1 47 448 425 92 10 2 0 0 
0 0 0 16 95 242 477 194 0 3 57 186 434 300 44 0 15 284 524 189 11 1 0 0 
0 6 20 49 93 294 415 147 1 25 76 186 437 254 45 0 41 248 566 162 7 0 0 0 
0 1 13 83 189 365 305 68 2 15 108 318 459 114 8 0 35 383 507 96 3 0 0 0 
0 1 17 48 154 354 398 52 0 16 94 300 434 175 5 0 35 303 551 130 5 0 0 0 
0 3 29 64 168 330 389 41 3 32 92 284 413 189 11 0 26 410 488 96 4 0 0 0 
0 0 7 50 135 279 424 129 0 15 97 267 428 210 7 0 36 325 514 136 13 0 0 0 
0 0 0 35 75 176 410 328 0 0 40 129 369 418 68 0 0 65 383 312 209 54 1 0 
0 0 12 192 373 365 79 3 0 1 102 438 462 21 0 0 1 145 686 185 7 0 0 0 
2 63 336 408 177 32 6 0 7 121 403 419 70 4 0 0 28 508 432 55 1 0 0 0 
0 105 317 280 186 97 30 9 2 154 433 324 97 14 0 0 61 593 337 32 1 0 0 0 
0 31 321 413 220 34 5 0 1 76 475 426 44 2 0 0 26 532 447 18 1 0 0 0 
1 61 292 390 235 41 4 0 7 108 418 420 70 1 0 0 42 593 371 18 0 0 0 0 
3 33 204 262 179 115 128 100 9 127 300 278 182 112 16 0 50 393 375 150 52 4 0 0 
0 0 0 0 7 47 199 771 0 0 6 43 168 565 240 2 0 5 108 267 504 116 23 1 
0 0 0 0 0 12 137 875 0 0 0 11 99 544 245 125 0 7 142 292 252 172 80 79 
29 97 91 50 60 106 224 367 113 97 67 105 235 340 62 5 64 179 324 327 107 23 0 0 
23 72 52 74 140 248 358 57 82 68 97 193 369 212 3 0 46 279 569 127 3 0 0 0 
0 4 70 295 341 226 75 13 0 66 255 437 226 40 0 0 23 388 499 104 9 1 0 0 
5 45 119 263 313 186 72 21 30 84 228 387 229 60 4 2 13 142 481 290 77 16 3 2 
0 37 202 440 220 109 16 0 17 158 442 312 77 18 0 0 5 232 549 223 14 1 0 0 
0 0 36 235 447 262 39 5 0 18 195 494 286 29 1 1 1 123 630 245 22 3 0 0 
0 2 91 168 235 352 167 9 0 34 192 360 332 106 0 0 5 159 639 216 5 0 0 0 
1 14 46 170 348 307 105 33 2 50 183 344 307 115 23 0 10 157 476 286 61 29 5 0 
0 1 21 120 319 412 138 13 0 24 88 284 485 141 2 0 4 122 595 278 23 2 0 0 
277 198 209 127 108 50 45 10 335 238 234 108 68 38 3 0 164 459 313 81 7 0 0 0 
118 400 359 110 22 13 2 0 134 392 381 90 21 6 0 0 25 536 419 39 5 0 0 0 
111 431 391 70 20 1 0 0 91 417 440 61 15 0 0 0 44 544 393 39 4 0 0 0 
175 319 270 150 71 31 7 1 264 319 228 146 54 11 2 0 65 440 395 103 19 2 0 0 
3 35 92 147 149 173 344 81 16 73 126 175 183 383 68 0 17 123 315 337 167 61 4 0 
0 0 0 4 11 163 685 161 0 0 3 32 321 602 65 1 3 34 548 366 42 24 7 0 
0 0 2 8 29 190 520 275 0 7 23 82 384 446 49 33 1 38 395 466 55 16 27 26 
1 11 41 66 168 382 174 181 2 27 39 88 176 385 227 80 3 44 126 245 296 103 147 60 
8 68 151 222 407 165 3 0 3 45 144 249 434 148 1 0 7 121 279 352 259 5 1 0 
1 41 92 129 275 296 182 8 0 11 129 298 397 187 2 0 14 223 561 200 26 0 0 0 
0 5 45 102 225 371 253 23 3 46 151 323 393 105 3 0 44 348 515 115 2 0 0 0 
0 14 67 117 188 176 198 264 3 77 158 183 205 164 195 39 61 326 311 149 86 86 5 0 
0 2 7 26 76 321 520 72 0 15 47 176 520 259 7 0 49 366 531 77 1 0 0 0 
0 5 17 80 200 307 295 120 5 28 128 308 343 165 47 0 44 340 512 113 15 0 0 0 
0 0 6 46 141 231 294 306 0 11 75 211 289 273 165 0 28 278 544 170 4 0 0 0 
4 28 35 87 210 311 294 55 20 60 132 302 400 109 1 0 94 451 411 66 2 0 0 0 
4 29 22 53 129 341 394 52 27 50 94 254 436 160 3 0 76 391 504 51 2 0 0 0 
0 0 20 106 230 280 314 74 1 30 168 313 331 169 12 0 59 433 453 75 4 0 0 0 
0 0 0 0 1 120 610 293 0 0 1 31 416 560 16 0 0 5 196 634 189 0 0 0 
2 82 272 273 160 104 116 15 7 128 298 354 202 35 0 0 16 363 518 120 7 0 0 0 
0 48 215 301 206 132 92 30 16 136 359 293 163 55 2 0 48 390 443 119 23 1 0 0 
0 59 234 241 225 151 92 22 1 100 369 363 148 42 1 0 9 449 407 138 20 1 0 0 
1 43 305 355 234 57 13 16 8 155 433 351 57 11 9 0 34 537 388 50 12 3 0 0 
8 53 188 367 246 95 42 25 47 134 383 333 89 27 11 0 38 292 472 163 44 14 1 0 
0 0 20 102 310 385 113 94 0 16 131 399 354 54 70 0 3 74 517 323 53 53 1 0 
0 0 0 0 12 192 348 472 0 0 4 102 262 335 297 24 0 4 233 331 286 93 71 6 
0 0 0 0 0 9 105 910 0 0 0 1 44 350 548 81 0 0 56 231 469 112 150 6 
0 2 1 5 22 117 221 656 1 1 4 11 104 465 422 16 2 1 36 370 406 198 11 0 
52 166 160 146 135 145 129 91 197 189 166 159 135 122 55 1 99 293 302 197 100 30 3 0 
8 38 61 159 236 197 195 130 27 76 189 276 251 162 39 4 19 139 347 302 180 33 4 0 
6 47 160 231 190 143 135 112 41 134 259 241 155 105 72 17 31 137 297 290 158 78 25 8 
0 3 47 203 355 221 129 66 7 43 228 373 235 112 26 0 10 114 417 341 116 24 2 0 
0 0 14 70 187 322 252 179 0 11 104 275 330 194 110 0 2 58 322 374 215 52 1 0 
0 0 18 100 229 321 263 93 0 11 141 312 355 175 30 0 3 95 436 387 80 23 0 0 
0 4 64 241 341 257 96 21 3 56 281 367 241 60 16 0 2 159 433 291 105 33 1 0 
3 36 110 224 251 329 71 0 11 68 150 307 409 75 4 0 18 168 519 291 26 2 0 0 
57 133 279 299 176 68 12 0 88 225 427 237 46 1 0 0 65 451 401 101 6 0 0 0 
39 271 322 142 91 96 55 8 78 321 341 135 96 50 3 0 44 436 365 122 40 16 1 0 
87 233 232 153 126 133 49 11 133 267 274 138 120 82 9 1 57 358 335 172 94 7 0 1 
62 145 198 154 146 198 113 8 103 207 160 188 153 185 25 3 40 313 272 214 149 30 5 1 
8 60 154 171 185 171 173 102 64 158 222 236 170 143 31 0 60 270 333 255 91 15 0 0 
0 0 0 21 96 298 407 202 0 1 25 88 237 480 184 9 13 51 209 329 230 154 38 0 
0 3 33 233 337 189 183 46 0 0 20 167 571 228 31 7 0 17 255 463 232 32 11 14 
4 74 166 167 150 100 286 77 2 44 145 189 194 105 304 41 4 93 194 188 153 94 198 100 
26 70 234 451 215 24 4 0 2 69 199 401 334 19 0 0 11 171 382 416 44 0 0 0 
0 19 199 425 313 59 6 3 1 48 323 462 153 35 2 0 15 315 511 134 40 8 1 0 
0 6 34 88 174 219 399 104 2 14 119 214 214 372 83 6 11 195 380 343 74 17 4 0 
0 2 22 48 93 174 279 406 0 7 35 78 220 347 313 24 17 148 282 282 234 56 3 2 
0 0 3 40 153 372 364 92 0 11 81 238 467 184 43 0 20 322 520 142 19 1 0 0 
1 8 10 27 31 68 146 733 7 15 34 47 76 408 437 0 10 100 568 311 35 0 0 0 
0 0 15 72 156 236 188 357 1 16 94 235 228 161 287 2 37 293 319 310 65 0 0 0 
3 54 92 133 182 293 209 58 54 152 161 278 293 82 4 0 68 424 405 118 9 0 0 0 
7 14 35 67 155 201 377 168 28 69 130 235 264 265 33 0 60 227 326 262 142 7 0 0 
0 1 14 21 76 166 396 350 1 13 50 133 317 432 78 0 13 176 329 316 176 14 0 0 
0 0 5 44 96 208 338 333 0 8 45 106 244 360 258 3 2 42 134 285 450 107 4 0 
23 132 204 232 170 123 98 42 54 174 273 253 163 82 23 2 70 381 319 164 76 14 0 0 
0 3 48 133 227 263 234 116 0 33 137 244 310 252 47 1 14 132 358 342 168 10 0 0 
1 24 166 193 195 214 192 39 1 72 249 256 241 191 14 0 26 263 352 292 86 5 0 0 
0 2 25 103 146 174 238 336 0 15 93 168 216 346 185 1 4 99 221 276 339 81 4 0 
0 16 133 233 205 214 151 72 15 133 260 234 205 124 51 2 22 190 353 294 129 35 1 0 
0 0 1 20 41 43 67 852 0 12 23 44 47 91 807 0 3 16 47 89 517 352 0 0 
0 0 0 0 0 0 0 1024 0 0 0 0 0 10 1011 3 0 0 0 0 820 204 0 0 
0 0 0 0 0 0 0 1024 0 0 0 0 0 16 1007 1 0 0 0 0 701 313 10 0 
0 0 0 0 2 18 51 953 0 0 0 4 30 205 776 9 0 1 12 50 656 265 40 0 
6 34 105 145 126 128 111 369 36 105 166 136 134 126 316 5 25 139 208 201 349 101 1 0 
7 85 235 278 237 124 44 14 60 176 306 283 138 47 13 1 41 188 370 283 125 17 0 0 
0 14 119 242 252 179 144 74 7 93 249 312 207 111 42 3 9 127 337 326 175 45 5 0 
0 3 57 244 401 224 79 16 1 33 158 408 323 81 20 0 0 111 486 326 75 26 0 0 
4 59 199 317 272 122 31 20 39 97 207 350 247 61 22 1 21 185 378 324 87 21 8 0 
0 47 217 309 276 113 35 27 0 21 216 374 297 92 23 1 4 148 409 328 118 16 1 0 
0 3 60 294 384 166 93 24 0 29 213 405 260 97 19 1 0 46 363 388 195 30 2 0 
0 49 300 337 158 107 56 17 0 28 245 404 228 103 16 0 13 225 478 240 63 5 0 0 
15 176 319 272 165 63 12 2 39 294 418 232 40 1 0 0 62 413 410 125 14 0 0 0 
5 60 106 107 165 251 196 134 11 119 134 177 241 215 118 9 30 166 267 260 202 91 8 0 
5 44 104 238 278 282 68 5 13 72 177 294 287 164 17 0 26 142 372 363 110 10 1 0 
1 18 84 199 367 294 58 3 1 38 101 271 377 207 27 2 22 164 341 350 128 18 1 0 
4 18 104 215 299 204 132 48 17 96 276 295 211 104 25 0 50 287 420 206 60 1 0 0 
20 75 77 152 149 210 181 160 90 113 176 174 126 201 131 13 41 265 252 195 161 88 22 0 
7 124 199 226 126 77 105 160 13 93 185 249 196 96 166 26 30 138 317 254 79 138 66 2 
4 81 198 149 165 311 116 0 1 33 165 188 161 305 171 0 5 93 204 244 281 81 116 0 
0 6 48 171 336 215 146 102 0 4 48 166 460 241 93 12 5 57 257 428 203 61 7 6 
0 4 19 118 261 203 178 241 0 1 23 142 314 325 208 11 2 68 261 283 272 127 9 2 
0 3 30 80 97 302 438 74 0 22 53 111 201 539 97 1 22 167 448 320 61 6 0 0 
13 17 18 72 142 234 312 216 17 20 49 126 256 390 132 34 69 260 354 194 90 50 7 0 
0 0 2 24 78 112 303 505 3 10 46 70 108 473 311 3 26 110 351 421 109 7 0 0 
0 0 0 2 23 79 223 697 0 0 11 56 112 358 487 0 6 91 341 459 109 18 0 0 
7 45 70 45 55 69 159 574 48 77 96 61 83 214 433 12 12 185 243 378 136 66 4 0 
3 22 70 61 123 259 237 249 19 95 166 195 246 179 124 0 10 133 390 294 173 24 0 0 
0 0 0 6 63 349 394 212 0 3 21 109 428 402 61 0 4 31 143 491 348 7 0 0 
0 0 0 0 80 429 210 305 0 0 3 40 478 346 157 0 0 18 102 508 392 4 0 0 
0 9 95 153 137 149 189 292 5 73 203 175 158 246 160 4 18 153 245 200 221 184 3 0 
3 39 131 178 205 208 146 114 39 157 231 227 208 118 36 8 36 205 312 267 141 55 8 0 
0 0 4 75 167 283 305 190 0 10 104 232 340 274 62 2 6 80 326 326 208 64 9 5 
0 4 75 144 234 221 209 137 1 70 191 321 255 144 40 2 11 176 362 282 134 44 15 0 
0 0 9 39 109 158 242 467 0 9 75 162 216 344 202 16 0 23 174 297 374 131 23 2 
0 38 79 86 85 112 222 402 31 103 106 117 175 301 186 5 19 106 182 226 310 176 5 0 
0 0 0 0 0 3 96 925 0 0 0 1 53 314 656 0 0 0 15 82 655 272 0 0 
0 0 0 0 0 0 16 1008 0 0 0 0 10 236 778 0 0 0 0 32 797 195 0 0 
0 0 0 0 0 0 18 1006 0 0 0 0 1 321 702 0 0 0 0 35 884 105 0 0 
0 0 0 0 2 43 201 778 0 0 0 20 103 465 436 0 0 0 16 134 628 245 1 0 
10 46 102 129 190 170 221 156 23 107 131 237 224 194 105 3 14 78 212 325 256 136 3 0 
5 38 100 150 192 200 219 120 36 109 162 206 242 196 71 2 30 146 215 326 216 90 1 0 
0 3 26 163 284 224 239 85 1 48 202 312 232 202 27 0 6 102 341 322 225 25 3 0 
0 2 28 131 318 276 201 68 0 3 104 327 349 195 41 5 0 109 328 361 185 40 1 0 
0 3 125 374 363 137 20 2 0 22 166 411 358 64 3 0 12 159 449 323 68 13 0 0 
3 54 318 444 165 36 4 0 5 80 348 434 142 15 0 0 9 113 451 349 88 14 0 0 
5 74 362 433 132 18 0 0 25 211 457 285 44 2 0 0 4 118 510 336 54 2 0 0 
4 65 379 426 131 11 7 1 10 90 332 394 183 12 3 0 17 273 616 104 10 4 0 0 
4 55 280 372 227 70 15 1 16 119 373 342 132 39 3 0 33 285 514 159 29 4 0 0 
1 37 173 300 241 162 84 26 10 70 217 369 244 101 13 0 24 235 450 222 81 12 0 0 
5 62 246 323 237 117 29 5 6 82 304 334 201 90 7 0 25 272 544 146 36 1 0 0 
1 78 286 302 164 101 86 6 5 85 303 353 190 84 4 0 60 398 416 134 16 0 0 0 
3 40 119 151 190 212 202 107 17 78 206 232 250 176 61 4 94 348 380 166 34 2 0 0 
3 39 114 216 282 195 103 72 39 161 337 262 112 66 46 1 50 261 404 207 69 31 2 0 
1 12 59 96 168 260 298 130 1 22 72 157 257 346 155 14 24 173 357 279 103 67 19 2 
52 172 210 153 166 183 80 8 29 140 221 207 210 179 36 2 63 275 358 210 109 8 1 0 
10 100 286 369 184 53 17 5 0 27 119 314 436 107 17 4 6 184 520 234 61 14 3 2 
0 0 9 41 172 254 406 142 0 2 2 46 181 491 274 28 8 41 294 456 130 58 27 10 
2 33 48 82 76 194 537 52 0 30 60 106 191 551 85 1 114 226 407 239 37 1 0 0 
4 114 204 164 125 171 150 92 16 89 203 227 190 184 99 16 67 376 310 130 79 30 25 7 
8 50 157 268 146 105 140 150 14 30 134 324 248 210 64 0 49 341 456 174 4 0 0 0 
14 93 71 72 110 147 226 291 7 97 180 149 158 261 106 66 59 359 340 144 32 21 18 51 
0 9 70 197 112 98 210 328 0 34 195 215 148 179 84 169 13 222 173 192 149 53 60 162 
0 0 13 29 198 397 163 224 1 19 161 304 218 94 54 173 1 98 352 179 139 31 58 166 
0 0 2 21 122 505 105 269 0 0 12 41 420 284 63 204 0 0 11 240 483 32 55 203 
0 0 15 63 118 171 152 505 0 18 61 96 245 168 104 332 0 10 81 290 184 63 97 299 
24 134 241 256 135 73 75 86 139 197 289 188 75 56 51 29 46 314 338 134 78 57 46 11 
7 58 89 113 170 180 193 214 57 108 134 173 202 177 121 52 35 130 182 230 187 165 73 22 
0 0 16 128 229 247 222 182 0 22 148 260 226 205 120 43 2 51 206 291 222 157 75 20 
0 0 22 91 235 237 229 210 0 41 176 231 218 158 136 64 2 54 249 243 184 135 116 41 
0 3 44 111 164 143 179 380 6 83 138 138 150 167 215 127 5 64 160 146 162 185 202 100 
0 1 13 40 56 129 212 573 3 32 46 72 147 246 309 169 4 26 60 109 193 317 219 96 
0 0 0 0 28 154 131 711 0 0 1 35 93 204 551 140 0 0 8 52 114 467 368 15 
0 0 0 0 0 0 1 1023 0 0 0 0 0 30 659 335 0 0 0 0 135 460 397 32 
0 0 0 0 0 0 5 1019 0 0 0 0 0 53 735 236 0 0 0 0 172 399 417 36 
0 0 2 7 16 51 223 725 0 1 14 35 99 368 481 26 0 8 29 95 422 251 201 18 
12 99 189 223 215 151 94 41 74 217 206 228 181 101 16 1 25 197 309 209 200 73 11 0 
16 58 148 181 177 142 137 165 32 141 237 199 161 133 100 21 6 111 280 256 173 105 81 12 
1 8 49 157 225 175 188 221 4 54 204 262 175 220 99 6 6 83 250 253 221 154 53 4 
0 7 42 195 429 232 80 39 0 32 207 422 259 76 24 4 11 152 474 254 85 33 14 1 
0 8 70 227 374 252 90 3 3 29 211 435 261 81 4 0 14 210 463 276 57 4 0 0 
13 114 266 341 193 83 14 0 34 154 315 351 149 21 0 0 38 193 462 237 76 18 0 0 
12 187 408 267 131 19 0 0 48 313 387 218 57 1 0 0 7 186 446 291 83 11 0 0 
6 96 262 407 210 38 5 0 3 106 277 407 192 37 2 0 18 275 501 204 26 0 0 0 
5 67 326 462 144 19 1 0 32 62 258 488 177 7 0 0 28 274 538 178 6 0 0 0 
29 184 375 281 120 34 1 0 25 125 365 330 137 42 0 0 39 283 497 176 29 0 0 0 
26 206 320 281 134 51 5 1 71 165 303 296 153 33 3 0 43 359 465 143 14 0 0 0 
54 198 227 213 153 139 36 4 120 292 301 186 87 29 9 0 99 476 328 101 18 2 0 0 
10 97 150 218 247 201 87 14 31 107 193 243 257 160 32 1 148 349 336 159 29 3 0 0 
23 183 293 231 172 84 32 6 103 303 297 187 86 44 4 0 136 435 356 86 10 1 0 0 
7 91 164 202 209 197 138 16 13 123 222 236 220 172 38 0 51 348 410 190 25 0 0 0 
69 162 191 158 185 181 74 4 53 145 193 198 227 186 22 0 68 273 378 226 75 4 0 0 
119 234 233 203 131 80 22 2 136 175 219 217 190 72 15 0 110 351 309 170 62 22 0 0 
142 111 223 175 166 136 67 4 122 127 175 224 188 164 24 0 170 385 314 140 15 0 0 0 
186 143 111 151 222 167 42 2 170 143 125 142 245 182 17 0 165 316 420 118 5 0 0 0 
229 305 252 140 66 32 0 0 114 259 330 208 71 41 1 0 204 463 290 55 12 0 0 0 
21 117 294 243 161 71 55 62 10 86 240 353 217 78 37 3 56 318 425 151 39 26 8 1 
17 98 173 156 132 188 207 53 17 78 183 224 183 270 67 2 68 282 371 237 56 10 0 0 
0 0 19 120 187 241 332 125 0 25 104 199 295 310 88 3 12 207 366 287 119 26 7 0 
0 2 37 227 238 229 193 98 2 91 346 240 214 112 19 0 20 179 429 268 97 28 3 0 
0 1 71 269 353 231 86 13 0 46 178 292 380 121 7 0 3 112 485 323 73 26 2 0 
0 0 3 71 119 128 140 563 0 7 60 141 206 93 68 449 2 32 120 162 110 75 105 418 
5 105 416 215 107 76 38 62 34 319 369 131 91 40 37 3 16 312 403 134 105 48 6 0 
1 21 86 99 163 169 203 282 12 90 158 165 179 197 186 37 7 104 206 189 204 234 76 4 
0 5 74 220 238 204 178 105 1 42 210 309 189 181 91 1 14 124 326 251 137 129 43 0 
0 0 22 124 204 264 251 159 0 59 160 253 297 190 63 2 5 101 250 301 230 120 16 1 
0 10 71 125 217 225 192 184 11 130 173 240 209 183 77 1 6 98 220 255 283 137 24 1 
0 0 3 15 62 156 278 510 0 2 30 123 240 364 261 4 3 21 98 227 240 333 101 1 
0 1 16 56 88 93 164 606 0 2 18 83 166 264 353 138 4 52 104 152 164 247 265 36 
0 15 52 99 195 93 92 478 0 11 33 108 219 113 157 383 24 131 165 89 64 56 396 99 
0 34 77 123 172 188 130 300 1 30 86 155 236 196 190 130 62 227 210 112 74 96 209 34 
0 9 48 147 147 203 250 220 6 58 154 185 197 201 149 74 0 42 177 253 205 134 190 23 
1 31 112 187 205 209 216 63 28 150 174 185 216 213 49 9 17 111 223 220 225 171 49 8 
1 24 112 243 261 195 103 85 8 80 234 289 224 98 68 23 0 85 264 326 193 73 58 25 
0 3 48 194 229 212 167 171 2 28 169 249 262 144 123 47 6 81 285 269 162 86 118 17 
7 42 63 190 335 209 118 60 27 69 185 362 237 93 32 19 32 213 367 243 101 24 39 5 
1 30 109 199 253 306 110 16 11 66 280 376 209 65 17 0 29 230 419 262 73 11 0 0 
8 67 189 261 261 174 44 20 41 158 310 309 164 41 1 0 25 218 334 293 132 21 1 0 
0 90 402 355 151 26 0 0 24 251 454 234 58 3 0 0 3 139 434 347 93 8 0 0 
8 122 297 359 185 42 9 2 6 125 327 396 152 18 0 0 54 393 436 134 7 0 0 0 
111 339 297 194 76 7 0 0 100 296 339 202 80 7 0 0 83 516 348 71 6 0 0 0 
70 257 345 243 95 12 2 0 65 204 334 265 142 14 0 0 63 385 368 182 25 1 0 0 
28 193 323 236 154 80 10 0 84 198 359 260 98 25 0 0 37 393 385 168 40 1 0 0 
51 299 372 186 84 24 8 0 31 193 400 301 81 17 1 0 83 529 353 58 1 0 0 0 
3 61 205 335 269 131 20 0 4 45 153 365 326 124 7 0 71 392 406 139 16 0 0 0 
30 160 267 271 204 83 9 0 28 117 237 282 251 97 12 0 71 386 386 146 32 3 0 0 
59 286 301 174 127 66 11 0 48 175 339 210 165 75 12 0 81 409 371 135 22 5 1 0 
36 176 333 212 157 100 10 0 23 89 295 317 194 90 16 0 56 357 359 136 75 35 6 0 
298 259 143 92 32 86 113 1 268 288 175 67 34 98 94 0 122 461 182 59 15 61 122 2 
36 146 179 207 136 111 178 31 165 252 219 125 51 89 120 3 77 339 258 102 34 74 139 1 
182 114 92 70 51 50 132 333 277 148 105 95 118 158 121 2 223 196 127 136 120 139 81 2 
69 74 79 69 71 73 186 403 102 101 86 80 93 187 349 26 135 172 171 183 150 80 124 9 
2 13 39 84 111 112 302 361 3 25 55 105 159 313 314 50 42 145 228 287 178 97 37 10 
0 2 15 35 112 141 324 395 0 3 34 71 194 399 315 8 9 74 271 388 213 59 8 2 
0 3 6 31 63 128 341 452 0 8 30 74 142 422 333 15 16 94 279 393 212 27 3 0 
1 8 47 86 147 282 369 84 1 23 65 133 266 423 112 1 13 155 374 288 154 37 2 1 
0 25 96 245 296 251 100 11 2 24 107 336 375 165 15 0 32 234 430 275 48 4 1 0 
0 0 3 66 158 196 132 469 0 1 7 94 209 203 82 428 2 36 192 226 79 48 40 401 
2 83 268 230 164 151 89 37 53 247 253 190 164 87 27 3 29 248 383 220 77 47 20 0 
0 8 43 140 237 289 184 123 3 54 145 250 329 174 59 10 5 112 425 306 106 54 16 0 
0 4 41 208 287 263 179 42 1 38 228 312 258 168 19 0 11 175 431 261 92 50 4 0 
7 49 181 270 283 158 58 18 32 171 258 364 153 40 6 0 43 342 449 146 38 6 0 0 
0 12 88 280 305 206 105 28 5 94 278 327 250 63 6 1 17 170 359 287 152 38 1 0 
0 0 52 216 304 247 133 72 0 6 144 354 346 143 30 1 15 216 364 296 103 26 4 0 
1 42 165 305 298 139 70 4 1 24 152 380 347 102 18 0 83 462 333 120 26 0 0 0 
1 18 60 152 277 342 154 20 0 23 92 222 419 231 36 1 145 382 327 128 33 7 2 0 
1 20 103 235 283 247 111 24 0 25 118 322 402 137 19 1 97 412 320 127 53 12 2 1 
6 89 170 236 205 175 120 23 55 177 234 275 191 80 12 0 41 225 330 277 120 26 3 2 
0 18 60 216 344 239 122 25 8 55 172 357 309 118 5 0 15 107 307 417 143 31 4 0 
0 22 141 445 310 85 20 1 5 48 320 439 181 28 3 0 6 183 517 242 69 7 0 0 
0 21 164 387 306 132 14 0 1 70 336 367 232 18 0 0 3 205 508 265 41 2 0 0 
16 71 204 366 263 97 7 0 27 94 314 396 176 16 1 0 62 230 448 252 30 2 0 0 
0 30 216 370 309 82 15 2 8 109 357 341 183 25 1 0 18 225 483 255 43 0 0 0 
27 89 196 344 258 79 30 1 86 171 365 286 96 20 0 0 19 198 432 248 109 18 0 0 
36 283 365 219 100 21 0 0 150 377 303 152 41 1 0 0 39 288 474 162 50 11 0 0 
20 135 176 365 239 80 9 0 31 148 231 334 255 25 0 0 55 338 464 158 8 1 0 0 
43 184 321 332 123 21 0 0 74 235 286 276 142 11 0 0 85 336 409 174 18 2 0 0 
76 258 310 243 128 8 1 0 74 268 308 217 146 11 0 0 75 400 341 182 26 0 0 0 
36 190 318 286 159 35 0 0 56 186 335 233 180 34 0 0 71 335 361 182 64 11 0 0 
107 433 327 110 38 9 0 0 44 336 487 146 11 0 0 0 98 665 234 27 0 0 0 0 
82 261 417 231 30 3 0 0 32 152 372 388 73 6 1 0 140 596 263 25 0 0 0 0 
26 245 443 249 54 7 0 0 6 107 367 384 142 15 3 0 86 549 346 40 3 0 0 0 
0 62 365 360 202 34 1 0 0 16 187 440 305 71 5 0 22 364 479 142 15 2 0 0 
5 36 130 275 338 209 31 0 5 31 130 282 374 168 34 0 7 66 245 238 294 157 17 0 
1 7 20 49 167 622 156 2 3 10 28 66 351 478 88 0 0 8 25 48 181 556 204 2 
0 0 14 15 52 635 292 16 0 12 15 26 224 671 76 0 0 5 19 20 90 725 165 0 
0 0 3 16 32 175 571 227 0 3 11 33 84 568 324 1 0 8 68 129 200 442 175 2 
0 0 0 18 73 132 354 447 0 1 28 62 155 416 339 23 8 45 105 267 336 205 57 1 
0 1 8 24 61 122 241 567 0 4 40 57 142 333 386 62 11 55 146 281 300 200 29 2 
0 0 19 61 124 156 263 401 0 15 48 122 193 317 264 65 17 70 199 313 249 114 60 2 
0 0 4 13 64 116 338 489 2 4 29 73 179 425 294 18 10 66 268 395 234 50 1 0 
0 1 23 46 77 139 352 386 1 19 60 94 210 444 185 11 42 146 292 317 170 57 0 0 
0 3 18 43 134 238 396 192 1 16 46 131 281 434 114 1 24 147 416 322 101 12 2 0 
0 5 24 149 210 280 207 149 0 6 45 196 369 257 89 62 18 132 295 312 135 56 39 37 
3 25 89 138 271 238 191 69 21 103 118 230 328 204 20 0 14 121 282 400 177 29 1 0 
2 40 160 317 173 191 137 4 3 89 262 339 226 102 3 0 12 214 452 287 59 0 0 0 
2 32 220 368 246 105 50 1 4 75 323 389 187 45 1 0 18 221 537 226 22 0 0 0 
3 65 239 416 247 48 6 0 21 150 366 361 112 14 0 0 43 369 424 165 23 0 0 0 
2 52 267 438 214 40 11 0 6 111 369 414 106 18 0 0 22 214 489 203 78 15 3 0 
12 73 288 360 223 60 8 0 12 120 340 381 149 19 3 0 73 402 426 113 10 0 0 0 
15 66 177 218 196 185 125 42 17 73 203 302 252 157 16 4 112 482 321 85 13 5 5 1 
0 14 114 142 144 211 264 135 0 16 123 223 319 263 77 3 144 421 320 98 31 9 1 0 
2 44 158 225 343 182 59 11 0 46 201 363 291 108 15 0 45 357 409 157 49 7 0 0 
0 34 133 357 340 134 21 5 15 69 191 356 282 100 11 0 13 187 439 261 100 23 1 0 
0 1 84 288 430 183 35 3 0 13 130 346 391 126 18 0 19 208 467 249 72 8 1 0 
0 15 137 367 356 134 11 4 2 45 286 411 226 54 0 0 5 218 455 271 65 10 0 0 
1 32 232 473 231 35 17 3 3 57 339 445 158 20 2 0 11 203 531 235 32 10 2 0 
5 121 287 390 185 29 7 0 15 142 361 369 123 13 1 0 30 306 465 182 28 11 2 0 
2 42 232 418 292 34 4 0 7 140 455 353 67 2 0 0 9 191 465 316 40 3 0 0 
25 181 261 336 194 25 2 0 86 269 362 274 31 2 0 0 13 163 417 322 97 11 1 0 
118 329 367 152 47 9 2 0 174 402 307 96 35 10 0 0 79 405 434 93 9 4 0 0 
128 193 287 227 146 31 12 0 145 253 261 233 97 30 5 0 86 392 345 145 42 11 2 1 
280 208 211 158 114 45 6 2 403 247 157 127 68 21 1 0 208 441 250 104 19 2 0 0 
234 210 235 215 104 24 2 0 281 220 199 205 106 13 0 0 139 427 295 136 25 2 0 0 
123 382 303 164 47 5 0 0 128 381 321 136 50 8 0 0 87 460 341 113 22 1 0 0 
209 412 264 107 30 2 0 0 135 407 337 133 12 0 0 0 170 596 234 21 3 0 0 0 
96 432 362 122 10 1 1 0 34 274 446 242 27 1 0 0 198 663 155 7 1 0 0 0 
45 200 280 279 147 58 14 1 26 143 277 343 192 43 0 0 137 540 309 37 1 0 0 0 
25 87 250 354 263 44 1 0 25 87 220 392 266 33 1 0 63 333 407 150 69 2 0 0 
0 4 28 50 565 372 5 0 0 14 26 155 730 97 2 0 0 2 43 86 565 325 3 0 
1 26 56 74 258 602 7 0 7 61 56 121 506 273 0 0 0 28 65 87 302 530 12 0 
0 15 24 44 129 770 24 18 3 33 29 68 518 373 0 0 0 19 22 67 229 683 4 0 
0 0 1 13 27 443 448 92 0 5 13 25 233 638 109 1 0 2 18 61 221 654 67 1 
0 0 0 2 26 111 391 494 0 1 8 33 150 457 289 86 0 8 46 159 346 383 82 0 
0 0 1 2 43 87 229 662 1 2 18 71 210 379 302 41 9 43 164 355 326 103 24 0 
0 0 5 36 85 132 318 448 0 6 47 89 149 449 278 6 17 93 334 372 170 35 3 0 
0 0 3 42 83 135 315 446 1 16 83 178 292 332 120 2 34 107 287 328 220 41 7 0 
0 0 3 47 69 142 281 482 5 30 114 211 213 315 135 1 48 146 288 306 167 53 14 2 
0 4 19 18 61 169 360 393 0 29 83 220 330 283 74 5 32 107 273 309 184 99 20 0 
0 7 32 59 129 312 329 156 3 21 61 141 387 325 69 17 27 113 376 344 90 42 20 12 
8 63 274 430 235 14 0 0 13 88 213 417 279 14 0 0 9 143 488 329 51 4 0 0 
0 65 397 401 148 13 0 0 1 37 319 514 141 12 0 0 10 301 522 171 20 0 0 0 
1 68 541 376 37 1 0 0 5 99 452 391 74 3 0 0 8 380 552 80 4 0 0 0 
0 76 447 343 137 20 1 0 9 174 433 318 86 4 0 0 15 261 371 257 106 14 0 0 
2 91 306 435 170 19 1 0 25 162 306 407 121 3 0 0 6 113 378 377 139 11 0 0 
11 108 210 328 262 85 20 0 32 204 343 286 141 16 2 0 66 316 439 164 37 2 0 0 
13 56 142 258 333 182 40 0 14 76 182 339 322 88 3 0 85 340 405 180 14 0 0 0 
20 50 94 111 265 327 122 35 15 63 141 185 361 223 34 2 92 270 381 220 56 5 0 0 
20 98 142 216 294 207 45 2 17 69 169 205 302 227 35 0 80 299 335 209 85 14 2 0 
2 63 208 288 319 127 15 2 1 31 130 314 381 151 16 0 51 288 428 214 39 4 0 0 
3 31 150 321 319 142 58 0 3 31 169 338 325 127 31 0 82 309 389 176 55 13 0 0 
22 102 265 358 221 52 4 0 22 124 243 329 262 42 2 0 83 368 379 151 38 5 0 0 
2 136 438 294 101 43 10 0 7 267 436 237 65 12 0 0 16 430 423 108 39 8 0 0 
23 110 318 363 163 43 4 0 14 94 322 412 144 35 3 0 23 272 471 211 43 4 0 0 
7 89 340 365 176 43 4 0 15 174 444 329 58 4 0 0 24 251 480 204 56 7 2 0 
72 316 321 187 96 31 1 0 176 358 293 144 48 5 0 0 22 264 421 215 75 26 1 0 
106 267 440 171 28 12 0 0 96 254 434 208 27 5 0 0 53 408 482 71 10 0 0 0 
210 195 191 168 172 37 40 11 215 194 185 196 160 35 32 7 88 329 250 214 79 32 30 2 
292 264 202 135 89 29 12 1 264 257 234 152 83 24 9 1 139 449 247 132 37 12 8 0 
233 245 258 158 66 39 13 12 233 195 285 182 80 28 18 3 119 367 343 114 52 18 10 1 
120 203 208 195 121 63 73 41 129 207 197 190 126 81 65 29 73 309 267 155 79 65 60 16 
101 216 312 213 105 30 31 16 118 273 351 177 42 28 32 3 122 399 321 107 21 29 24 1 
413 255 165 118 53 19 1 0 407 275 188 113 37 4 0 0 242 565 152 55 10 0 0 0 
49 129 217 292 237 96 3 1 65 175 224 344 176 39 1 0 143 252 241 113 215 60 0 0 
88 156 167 217 331 65 0 0 159 217 159 288 190 11 0 0 33 243 233 219 248 47 1 0 
0 7 29 194 533 261 0 0 3 23 54 374 537 33 0 0 1 13 38 130 623 219 0 0 
0 0 8 55 509 301 59 92 0 2 20 304 600 86 11 1 0 6 26 113 635 243 1 0 
0 0 1 4 59 319 333 308 0 1 11 90 354 407 156 5 1 11 68 214 427 283 19 1 
0 0 0 1 10 127 512 374 0 0 4 26 228 540 204 22 0 1 19 162 450 351 40 1 
0 9 23 37 148 419 275 113 9 34 48 84 499 282 67 1 3 24 62 114 446 370 5 0 
0 0 0 0 14 61 174 775 0 1 20 52 223 397 313 18 0 15 104 241 425 176 52 11 
0 0 0 4 38 114 233 635 1 11 37 156 260 261 248 50 7 73 227 259 260 151 43 4 
0 3 43 65 68 105 238 502 6 53 77 88 137 332 300 31 57 155 251 270 203 66 21 1 
0 0 9 31 79 101 270 534 2 26 48 103 154 438 233 20 36 198 360 246 107 47 24 6 
0 0 1 11 34 59 212 707 2 7 51 118 215 332 290 9 29 99 263 250 239 141 3 0 
0 13 30 76 84 150 312 359 16 61 93 130 219 359 146 0 74 164 295 291 159 39 2 0 
0 42 189 432 272 77 11 1 1 56 258 447 234 27 1 0 10 178 529 256 40 10 1 0 
10 156 346 354 134 21 3 0 6 119 356 388 147 8 0 0 53 444 408 82 28 9 0 0 
10 150 275 252 216 95 25 1 26 241 429 250 60 16 2 0 33 356 356 199 65 13 2 0 
18 209 436 230 91 28 12 0 50 305 438 182 40 9 0 0 35 195 452 262 73 7 0 0 
15 106 287 287 194 99 33 3 47 204 335 276 133 28 1 0 12 143 338 343 165 21 2 0 
6 34 204 295 266 160 52 7 34 215 359 286 107 20 3 0 32 282 426 205 71 8 0 0 
25 82 228 308 248 114 19 0 28 121 278 290 214 87 6 0 66 358 403 169 25 3 0 0 
4 21 65 142 428 317 47 0 5 10 55 146 425 342 41 0 42 206 445 284 46 1 0 0 
4 66 200 323 276 149 6 0 0 21 125 268 387 206 17 0 54 298 439 186 47 0 0 0 
45 157 292 280 181 66 3 0 19 66 217 341 267 104 10 0 110 389 357 137 29 2 0 0 
78 181 312 317 130 6 0 0 15 104 222 368 270 45 0 0 108 440 394 77 4 1 0 0 
258 330 251 140 40 5 0 0 169 266 294 210 71 14 0 0 229 504 230 53 8 0 0 0 
250 278 239 180 69 8 0 0 267 247 218 194 85 12 1 0 216 459 269 69 10 1 0 0 
113 321 309 193 78 10 0 0 94 268 281 263 103 15 0 0 93 486 305 115 24 1 0 0 
184 326 276 170 62 6 0 0 192 340 316 137 39 0 0 0 73 356 352 176 64 3 0 0 
169 453 285 84 31 2 0 0 161 523 272 54 12 2 0 0 33 398 412 134 37 9 1 0 
80 389 350 95 68 27 15 0 55 415 418 72 33 24 7 0 42 512 342 63 38 23 4 0 
19 225 343 241 98 55 37 6 16 170 372 272 101 56 33 4 35 343 343 141 83 54 25 0 
296 371 143 85 45 33 33 18 73 383 319 121 49 33 36 10 99 534 214 70 41 33 31 2 
109 278 283 178 83 45 37 11 50 213 335 226 118 52 23 7 113 410 307 102 40 34 15 3 
61 219 332 245 99 25 22 21 39 164 323 270 163 30 25 10 73 354 365 154 32 20 23 3 
450 270 148 82 47 13 9 5 402 281 187 85 48 8 11 2 227 555 181 34 11 10 5 1 
595 131 97 111 64 23 2 1 628 154 140 67 30 5 0 0 220 512 200 77 14 1 0 0 
135 91 101 147 218 201 110 21 161 156 176 215 208 97 11 0 62 223 262 193 189 84 11 0 
1 22 146 167 161 239 255 33 12 113 200 174 204 269 50 2 13 142 225 147 156 285 51 5 
0 0 0 119 136 657 103 9 0 0 2 160 291 561 10 0 0 0 6 52 280 622 64 0 
0 0 0 35 178 423 334 54 0 0 0 68 302 531 123 0 0 1 33 117 152 504 217 0 
0 0 0 26 44 96 270 588 0 12 36 71 157 313 374 61 6 38 102 196 299 255 115 13 
0 0 0 30 65 130 290 509 0 3 39 102 211 362 275 32 5 61 143 250 310 189 65 1 
0 0 0 18 73 111 315 507 0 0 13 63 119 269 541 19 1 23 90 116 144 256 390 4 
0 0 0 5 15 26 88 890 0 2 14 27 43 165 605 168 14 22 51 122 381 338 87 9 
0 0 7 8 24 64 170 751 2 17 56 90 191 312 307 49 14 88 201 259 280 148 31 3 
1 3 32 95 109 113 218 453 5 50 109 110 146 262 308 34 38 175 238 237 178 143 15 0 
0 14 35 80 93 101 173 528 19 81 90 101 125 295 271 42 96 214 276 182 140 96 20 0 
7 22 29 39 69 76 124 658 32 48 71 82 118 270 381 22 80 154 287 278 194 29 2 0 
5 18 33 46 67 102 277 476 32 52 75 83 171 447 161 3 81 188 332 306 112 5 0 0 
0 5 63 182 147 170 445 12 0 34 124 186 131 526 23 0 3 97 191 103 142 471 17 0 
1 50 94 84 77 89 623 6 23 96 74 71 107 448 205 0 20 115 101 66 77 256 389 0 
0 0 5 48 221 275 462 13 0 23 199 245 84 329 144 0 0 29 195 241 74 281 204 0 
1 28 95 188 216 81 412 3 19 124 261 167 37 331 85 0 17 118 270 165 36 179 239 0 
1 20 52 146 277 292 223 13 21 122 296 298 142 112 33 0 14 112 297 306 145 103 47 0 
0 13 111 193 241 276 126 64 79 218 275 230 121 51 50 0 29 220 372 237 77 53 36 0 
11 90 211 257 253 99 58 45 33 191 276 231 155 67 70 1 86 318 332 150 35 35 64 4 
76 186 278 275 171 36 2 0 22 94 254 321 229 98 5 1 127 414 321 135 25 2 0 0 
132 185 321 229 123 33 1 0 63 137 236 271 232 80 5 0 156 343 320 158 41 5 1 0 
256 256 254 176 70 11 1 0 166 223 250 213 133 37 2 0 276 410 247 65 23 2 1 0 
265 249 266 184 53 7 0 0 206 227 288 197 98 8 0 0 305 465 211 42 1 0 0 0 
276 304 286 109 39 8 2 0 316 267 252 148 39 2 0 0 344 453 193 28 6 0 0 0 
93 220 234 206 163 83 25 0 173 343 306 163 36 3 0 0 142 418 293 135 35 1 0 0 
128 216 286 212 99 61 21 1 247 384 283 96 13 1 0 0 140 401 345 118 19 1 0 0 
287 265 267 152 47 6 0 0 304 338 254 100 28 0 0 0 165 410 299 131 19 0 0 0 
416 383 175 48 2 0 0 0 422 424 152 26 0 0 0 0 96 540 320 59 9 0 0 0 
157 379 331 115 29 11 2 0 130 345 331 180 35 3 0 0 127 476 329 76 13 3 0 0 
48 248 351 284 85 8 0 0 28 190 317 333 129 27 0 0 53 265 371 191 105 30 9 0 
248 313 284 131 41 7 0 0 180 286 337 184 36 1 0 0 147 477 330 65 5 0 0 0 
209 296 280 130 63 30 16 0 167 286 345 128 71 21 6 0 163 467 298 53 23 8 12 0 
115 279 200 122 122 184 2 0 93 253 257 125 265 31 0 0 101 349 233 86 194 57 4 0 
33 152 223 197 268 141 9 1 43 171 290 237 243 39 1 0 39 255 361 151 146 66 6 0 
0 25 78 92 358 453 18 0 2 52 110 280 516 64 0 0 2 69 143 256 417 137 0 0 
0 0 0 1 146 650 217 10 0 0 0 145 713 155 11 0 0 2 51 325 568 72 6 0 
0 0 24 153 275 470 100 2 0 7 58 289 495 175 0 0 11 93 329 342 147 101 1 0 
1 15 141 311 298 192 58 8 1 10 142 438 348 74 11 0 22 224 411 304 59 4 0 0 
0 7 43 135 244 315 148 132 0 12 77 245 402 225 63 0 34 169 449 310 59 3 0 0 
0 0 1 12 47 103 221 640 0 6 33 55 125 302 398 105 7 44 123 261 241 278 69 1 
0 1 32 61 84 133 214 499 3 34 97 97 161 248 303 81 31 101 226 240 187 160 78 1 
0 2 29 86 102 132 215 458 2 26 97 127 183 309 263 17 33 124 232 333 220 77 5 0 
0 1 24 54 83 119 168 575 10 40 68 95 132 227 375 77 38 112 176 238 275 151 30 4 
0 0 1 11 30 84 286 612 0 5 14 57 151 428 335 34 14 64 234 350 243 92 27 0 
0 18 22 68 86 130 197 503 33 36 83 112 151 246 338 25 49 143 230 246 233 115 8 0 
2 59 92 83 95 124 165 404 81 119 91 111 144 226 212 40 127 202 213 181 128 130 43 0 
3 35 29 44 67 123 282 441 55 51 68 117 259 321 151 2 88 209 366 252 87 20 2 0 
4 19 39 70 122 185 268 317 23 51 61 131 263 351 125 19 64 169 381 230 110 63 6 1 
10 201 372 278 104 43 16 0 0 23 282 473 209 36 1 0 10 208 519 216 53 17 1 0 
16 154 316 175 99 73 191 0 0 25 188 376 202 213 20 0 8 206 348 171 91 146 54 0 
3 57 242 203 124 112 281 2 0 8 126 302 232 326 30 0 6 100 299 182 106 256 75 0 
5 88 204 106 89 121 411 0 1 21 141 228 164 368 101 0 4 97 253 125 91 227 227 0 
0 20 129 162 129 179 385 20 0 4 125 237 214 338 106 0 0 48 208 192 160 304 112 0 
0 9 40 83 92 191 525 84 0 0 24 111 227 507 155 0 0 12 73 110 206 528 95 0 
7 50 117 220 171 108 269 82 6 47 180 252 174 163 202 0 10 129 257 200 100 159 169 0 
31 86 245 359 228 54 17 4 15 86 296 385 201 37 4 0 55 284 393 216 65 10 1 0 
160 223 326 237 70 8 0 0 120 221 290 224 135 32 2 0 210 431 311 66 6 0 0 0 
112 233 354 263 60 2 0 0 71 137 233 332 226 24 1 0 151 452 353 63 5 0 0 0 
287 289 290 125 28 5 0 0 346 323 233 107 15 0 0 0 314 522 170 17 1 0 0 0 
5 21 118 305 406 121 32 16 61 333 406 162 40 15 7 0 54 355 453 125 27 6 4 0 
0 6 59 195 370 312 71 11 35 209 444 257 66 11 2 0 38 221 445 263 54 3 0 0 
2 51 153 221 261 186 134 16 66 289 280 146 118 107 18 0 29 240 333 176 103 111 32 0 
39 207 307 237 63 36 121 14 96 326 281 135 39 69 77 1 45 321 347 124 34 67 80 6 
21 119 324 251 137 128 41 3 72 390 252 130 111 67 2 0 15 243 395 170 128 69 4 0 
17 38 98 273 369 214 14 1 24 152 356 312 172 8 0 0 16 173 403 291 133 8 0 0 
25 115 161 138 253 294 36 2 35 124 225 224 241 166 9 0 19 159 212 178 227 204 24 1 
47 30 58 175 487 191 36 0 54 50 95 346 350 122 7 0 20 74 120 177 449 166 18 0 
1 10 39 101 427 432 14 0 7 17 31 127 536 299 7 0 2 11 81 156 301 457 16 0 
0 0 19 155 534 303 13 0 0 0 35 427 462 100 0 0 0 17 159 370 326 152 0 0 
3 6 81 292 465 158 17 2 1 11 127 431 399 53 2 0 5 70 387 383 175 4 0 0 
0 7 63 277 464 196 17 0 0 4 78 378 487 73 4 0 5 104 478 388 46 3 0 0 
1 15 101 370 410 111 16 0 1 5 104 445 391 76 2 0 6 106 507 359 45 1 0 0 
0 2 57 233 384 276 72 0 0 6 82 322 378 216 20 0 8 171 507 293 44 1 0 0 
0 4 13 87 210 346 235 129 0 6 39 196 373 343 67 0 14 120 391 391 104 4 0 0 
0 0 13 74 241 288 297 111 0 1 32 177 385 369 58 2 30 213 435 295 51 0 0 0 
0 0 0 8 56 139 252 569 1 1 21 50 221 324 330 76 19 112 253 227 265 116 32 0 
0 2 11 41 64 98 183 625 5 59 74 88 122 247 330 99 36 96 152 247 242 200 49 2 
0 10 62 74 92 117 174 495 5 62 140 134 163 222 246 52 41 170 225 216 179 167 26 0 
0 0 7 44 78 116 174 605 6 54 88 126 123 212 255 160 38 122 160 185 220 179 117 3 
6 10 43 57 55 82 182 589 25 61 73 83 138 259 316 69 43 91 166 249 301 118 56 0 
2 8 35 85 101 135 242 416 25 81 125 163 232 204 188 6 44 208 267 241 183 81 0 0 
5 32 106 101 114 142 267 257 54 154 132 139 166 244 132 3 86 219 234 215 184 85 1 0 
15 94 129 133 197 245 167 44 113 144 152 198 251 132 34 0 151 232 316 239 72 14 0 0 
44 102 141 243 311 140 42 1 100 159 145 247 301 69 3 0 65 243 329 264 110 12 1 0 
121 294 341 196 53 15 4 0 98 286 407 192 37 4 0 0 49 317 400 202 43 11 2 0 
122 330 314 228 30 0 0 0 45 215 369 231 157 7 0 0 77 363 273 267 44 0 0 0 
13 150 390 294 126 44 7 0 21 139 351 374 123 16 0 0 15 255 417 270 64 3 0 0 
18 224 529 202 47 4 0 0 1 61 379 461 114 8 0 0 11 223 561 202 25 2 0 0 
41 363 454 153 13 0 0 0 3 77 417 426 99 2 0 0 29 354 496 139 6 0 0 0 
30 341 505 146 2 0 0 0 0 67 393 483 81 0 0 0 35 441 457 90 1 0 0 0 
23 319 471 181 26 4 0 0 0 66 409 399 131 19 0 0 24 369 474 135 20 2 0 0 
27 314 416 217 49 1 0 0 1 99 397 403 119 5 0 0 25 370 472 141 13 3 0 0 
118 307 389 176 32 2 0 0 56 224 313 330 93 8 0 0 89 417 395 113 10 0 0 0 
75 386 383 133 43 4 0 0 35 226 458 230 70 5 0 0 66 444 387 110 17 0 0 0 
12 224 586 160 35 7 0 0 20 429 336 181 58 0 0 0 25 421 500 60 18 0 0 0 
1 21 215 362 261 153 11 0 1 110 433 384 92 4 0 0 2 133 537 315 37 0 0 0 
0 0 33 190 323 305 164 9 0 8 139 463 342 68 3 1 0 25 284 459 200 54 1 1 
0 4 48 181 240 293 257 1 0 45 97 274 382 226 0 0 0 22 176 296 328 201 1 0 
0 4 16 109 163 172 539 21 0 0 17 114 265 588 40 0 0 12 118 176 198 489 29 2 
0 31 142 420 338 82 11 0 0 55 176 502 261 26 4 0 2 72 271 476 177 20 5 1 
1 20 62 214 529 197 1 0 11 19 67 371 532 24 0 0 3 44 163 386 427 1 0 0 
0 13 133 416 363 90 9 0 1 10 148 491 331 43 0 0 1 70 356 440 153 4 0 0 
3 39 273 415 256 38 0 0 1 19 215 484 277 28 0 0 14 193 439 302 75 1 0 0 
2 24 245 499 228 25 1 0 0 5 128 522 344 25 0 0 5 167 605 235 12 0 0 0 
1 61 298 419 224 20 1 0 0 13 187 505 295 24 0 0 4 149 562 283 26 0 0 0 
0 13 195 505 252 57 2 0 0 6 97 447 388 84 2 0 4 145 513 317 44 1 0 0 
0 3 102 284 313 169 86 67 0 1 58 307 442 172 44 0 5 90 462 368 78 20 1 0 
0 6 65 244 298 237 123 51 0 2 54 263 388 244 72 1 16 169 466 279 82 12 0 0 
1 4 45 149 260 301 240 24 1 12 59 197 363 304 86 2 39 200 447 287 51 0 0 0 
0 8 54 163 319 305 145 30 1 13 86 234 379 263 47 1 71 264 410 243 33 2 1 0 
0 1 9 31 167 337 318 161 0 5 35 191 373 318 101 1 37 201 410 275 92 6 1 2 
0 5 34 75 117 153 251 389 5 49 126 161 221 184 231 47 48 167 212 235 120 54 166 22 
0 0 1 16 37 158 287 525 4 26 101 195 219 149 289 41 13 52 197 302 159 190 97 14 
1 16 49 141 154 130 199 334 39 138 198 179 193 134 136 7 45 169 298 242 153 96 20 1 
0 0 5 17 76 242 403 281 4 38 109 269 274 239 90 1 15 87 275 362 197 82 6 0 
0 34 136 251 267 159 97 80 55 298 357 139 57 68 50 0 52 320 402 127 69 53 1 0 
7 112 231 257 201 118 80 18 172 399 300 110 35 6 2 0 90 523 358 48 5 0 0 0 
9 71 100 161 227 263 153 40 112 164 208 244 196 98 2 0 116 279 354 221 51 3 0 0 
34 110 176 217 309 153 25 0 101 160 178 203 281 93 8 0 103 238 245 252 165 21 0 0 
178 281 271 190 76 26 2 0 295 250 199 164 87 28 1 0 155 390 239 149 66 24 1 0 
0 137 517 291 79 0 0 0 19 464 380 127 34 0 0 0 1 78 490 371 84 0 0 0 
4 120 383 308 169 35 4 1 36 245 238 248 203 54 0 0 10 142 395 310 133 33 1 0 
19 135 321 331 172 44 2 0 97 346 356 174 47 2 2 0 20 155 405 313 113 14 4 0 
177 188 256 227 129 41 6 0 164 323 269 178 60 20 6 4 62 264 300 236 111 29 15 7 
104 264 277 234 87 36 21 1 91 281 332 189 107 22 2 0 59 262 358 219 83 38 5 0 
76 339 371 154 64 20 0 0 31 247 443 208 63 30 2 0 58 370 375 147 65 9 0 0 
104 391 361 117 41 10 0 0 31 248 398 254 76 15 2 0 75 434 363 114 33 5 0 0 
51 302 388 239 38 6 0 0 1 75 319 422 175 29 3 0 54 335 396 197 36 6 0 0 
14 221 485 278 25 1 0 0 1 20 232 543 210 17 1 0 9 185 539 262 28 1 0 0 
14 277 522 178 31 2 0 0 1 22 332 505 150 14 0 0 10 287 526 191 10 0 0 0 
19 296 506 189 14 0 0 0 1 31 397 497 90 8 0 0 18 306 543 148 9 0 0 0 
19 252 557 194 2 0 0 0 0 31 345 542 106 0 0 0 15 241 602 164 2 0 0 0 
4 123 578 293 26 0 0 0 1 13 228 607 167 8 0 0 6 127 583 292 16 0 0 0 
0 51 415 488 68 2 0 0 0 5 146 543 309 21 0 0 1 63 474 437 48 1 0 0 
4 71 452 398 93 6 0 0 0 15 160 549 278 22 0 0 5 95 499 370 55 0 0 0 
1 75 331 486 127 4 0 0 0 4 149 510 342 18 1 0 1 87 491 396 47 2 0 0 
2 50 407 426 127 12 0 0 0 6 163 547 288 20 0 0 6 98 505 372 40 3 0 0 
1 47 307 460 182 25 2 0 0 16 178 470 324 34 2 0 3 145 449 356 66 5 0 0 
0 23 241 438 283 38 1 0 0 2 131 411 398 80 2 0 4 101 434 412 72 1 0 0 
3 63 245 365 276 70 2 0 0 14 132 373 386 117 2 0 12 160 474 325 52 1 0 0 
0 16 175 318 260 154 91 10 0 8 97 374 341 170 32 2 22 154 478 300 68 2 0 0 
1 9 85 178 298 300 146 7 0 6 81 264 363 267 43 0 19 195 369 319 110 12 0 0 
0 0 22 78 205 334 303 82 0 3 36 161 339 386 98 1 23 157 365 355 117 7 0 0 
0 1 19 79 195 315 301 114 0 7 57 166 331 350 108 5 45 228 374 285 80 12 0 0 
0 0 13 68 185 322 320 116 0 8 49 160 339 354 114 0 65 315 381 225 36 2 0 0 
0 3 25 82 173 343 309 89 0 16 58 141 374 338 93 4 26 208 401 319 67 2 1 0 
0 0 7 43 112 232 283 347 0 6 48 143 276 248 293 10 13 105 230 231 141 100 189 15 
0 0 2 26 61 149 352 434 0 6 36 114 261 245 353 9 4 38 115 248 182 206 228 3 
0 0 3 18 103 202 397 301 0 14 59 189 361 317 84 0 2 40 171 361 292 129 29 0 
0 0 0 21 205 408 321 69 0 19 152 304 369 180 0 0 1 24 186 422 270 109 12 0 
0 2 10 99 330 480 80 23 0 34 313 285 214 177 1 0 0 28 301 305 192 169 29 0 
0 0 22 265 494 243 0 0 3 79 491 248 118 85 0 0 1 43 410 331 90 147 2 0 
0 2 46 349 520 99 7 1 5 115 579 268 54 2 1 0 2 82 498 357 52 30 3 0 
5 48 222 436 258 53 2 0 57 321 449 159 37 1 0 0 18 196 524 254 30 2 0 0 
142 158 286 260 134 38 6 0 276 375 273 88 12 0 0 0 171 331 374 133 15 0 0 0 
79 296 363 200 77 8 1 0 400 373 187 55 7 2 0 0 68 501 357 80 15 3 0 0 
23 332 411 164 70 23 1 0 138 486 218 118 56 8 0 0 1 178 544 216 73 12 0 0 
21 188 321 302 171 19 2 0 118 233 252 207 177 37 0 0 14 216 442 285 60 6 1 0 
0 75 310 400 199 36 4 0 29 171 232 380 175 37 0 0 6 158 420 335 97 8 0 0 
2 138 334 332 199 19 0 0 11 103 290 381 218 21 0 0 10 213 406 323 67 5 0 0 
11 167 348 359 124 15 0 0 2 48 331 446 181 16 0 0 10 207 447 304 52 4 0 0 
17 160 282 293 223 44 5 0 8 77 279 389 231 37 3 0 10 194 330 312 158 20 0 0 
28 206 458 260 70 2 0 0 12 75 320 424 175 18 0 0 14 240 481 234 53 2 0 0 
49 303 493 164 15 0 0 0 11 100 380 425 102 6 0 0 28 259 546 178 13 0 0 0 
56 245 393 211 89 25 5 0 10 128 319 387 162 18 0 0 37 267 454 200 57 9 0 0 
55 374 428 135 27 5 0 0 1 117 435 350 110 11 0 0 26 383 465 131 18 1 0 0 
66 334 432 179 13 0 0 0 3 96 374 420 130 1 0 0 34 359 467 157 7 0 0 0 
34 325 496 156 13 0 0 0 1 51 424 437 104 7 0 0 31 348 513 122 10 0 0 0 
15 188 581 222 18 0 0 0 0 35 268 592 127 2 0 0 14 245 586 173 6 0 0 0 
8 165 519 310 22 0 0 0 0 20 262 524 212 6 0 0 4 183 520 287 30 0 0 0 
2 113 483 352 65 9 0 0 1 10 185 539 253 33 3 0 3 186 526 262 42 5 0 0 
7 169 421 318 81 26 2 0 0 19 256 434 267 47 1 0 4 197 467 303 51 2 0 0 
4 50 230 329 247 135 27 2 0 11 87 336 395 168 26 1 8 136 381 384 109 6 0 0 
5 71 277 303 164 121 64 19 0 28 151 386 284 145 26 4 24 241 431 262 60 5 1 0 
0 26 147 249 271 204 99 28 1 16 135 304 313 200 50 5 31 216 392 279 98 8 0 0 
0 18 94 224 264 285 121 18 2 26 120 291 345 199 38 3 36 195 375 326 77 12 3 0 
0 2 38 119 236 324 249 56 0 7 63 206 336 325 83 4 20 142 368 349 130 14 1 0 
0 1 8 68 245 401 256 45 0 3 21 159 421 350 67 3 6 80 362 418 143 15 0 0 
1 6 40 118 220 300 253 86 1 7 56 185 308 337 110 20 8 98 317 378 182 40 1 0 
2 16 45 155 268 303 200 35 0 8 60 239 364 281 72 0 14 127 389 372 102 19 1 0 
1 6 39 103 226 331 261 57 1 11 67 196 317 354 74 4 25 149 337 353 138 21 1 0 
0 9 61 140 264 308 207 35 0 11 82 203 366 309 53 0 55 190 397 313 63 6 0 0 
3 29 125 185 296 266 111 9 8 51 162 251 336 181 33 2 116 297 347 201 58 4 1 0 
0 11 53 144 289 341 169 17 2 19 95 234 390 242 40 2 63 255 404 231 66 5 0 0 
0 13 97 241 393 214 59 7 1 20 138 351 380 127 7 0 41 262 425 246 49 1 0 0 
0 16 160 418 348 77 4 1 1 14 169 449 347 43 1 0 27 237 479 231 44 6 0 0 
9 63 274 378 218 76 6 0 9 47 199 457 280 32 0 0 33 318 421 201 44 7 0 0 
50 210 386 202 140 36 0 0 9 75 328 381 205 26 0 0 80 351 328 138 110 17 0 0 
28 206 374 233 138 44 1 0 2 63 312 387 222 36 2 0 24 245 343 184 139 82 7 0 
16 46 195 323 331 113 0 0 0 49 244 327 296 106 2 0 4 77 268 279 194 174 28 0 
0 16 136 405 414 53 0 0 12 66 207 346 370 23 0 0 1 42 209 370 285 112 5 0 
2 69 162 290 490 11 0 0 56 139 199 205 419 6 0 0 2 102 188 246 370 116 0 0 
3 130 389 323 152 27 0 0 4 59 328 430 164 38 1 0 9 231 402 297 76 9 0 0 
24 220 466 253 58 3 0 0 4 95 357 412 149 7 0 0 20 279 489 221 15 0 0 0 
33 365 430 141 45 10 0 0 8 111 487 310 90 18 0 0 35 482 418 72 17 0 0 0 
181 464 290 82 7 0 0 0 27 276 494 187 39 1 0 0 98 588 295 42 1 0 0 0 
118 441 337 100 26 2 0 0 12 188 477 251 78 18 0 0 86 517 340 67 14 0 0 0 
154 409 312 121 27 1 0 0 31 205 416 256 104 11 1 0 72 415 360 147 29 1 0 0 
73 356 388 177 26 4 0 0 46 122 366 331 147 12 0 0 35 335 431 205 17 1 0 0 
51 327 461 161 23 1 0 0 16 75 365 428 127 13 0 0 28 277 500 196 22 1 0 0 
15 227 460 271 51 0 0 0 1 45 302 463 196 17 0 0 9 232 490 258 34 1 0 0 
56 354 462 140 12 0 0 0 3 93 411 422 92 3 0 0 34 352 519 114 5 0 0 0 
16 168 515 278 45 2 0 0 4 28 253 515 210 14 0 0 12 199 524 257 32 0 0 0 
22 195 427 307 71 2 0 0 1 46 246 436 262 33 0 0 23 198 476 288 39 0 0 0 
2 133 452 371 60 6 0 0 0 7 177 465 336 36 3 0 6 213 497 281 24 3 0 0 
10 218 410 266 84 34 2 0 2 31 304 449 216 22 0 0 26 334 486 168 10 0 0 0 
8 150 388 331 135 12 0 0 0 29 245 415 273 60 2 0 50 314 431 182 44 3 0 0 
0 50 222 264 227 155 91 15 1 31 145 312 317 175 43 0 73 310 402 206 33 0 0 0 
0 19 71 167 240 286 173 68 1 40 104 237 337 235 69 1 93 279 367 226 58 1 0 0 
1 23 75 153 231 283 173 85 7 53 152 248 294 205 61 4 153 330 334 154 46 6 1 0 
2 18 51 109 184 229 263 168 8 44 114 223 313 254 65 3 85 229 355 258 89 8 0 0 
2 19 48 114 193 255 275 118 3 46 144 222 297 236 74 2 60 201 345 333 81 4 0 0 
2 63 148 192 217 235 132 35 3 74 205 240 297 173 31 1 142 359 357 130 33 3 0 0 
5 41 64 110 211 322 217 54 6 57 108 203 334 253 60 3 115 332 384 145 41 7 0 0 
0 6 34 105 185 339 291 64 0 14 68 159 370 333 78 2 100 306 381 193 41 3 0 0 
0 16 53 151 242 325 186 51 0 16 95 206 394 258 55 0 117 346 384 149 25 2 1 0 
0 7 82 189 314 271 136 25 0 11 98 307 335 229 41 3 102 347 385 158 30 2 0 0 
2 20 64 168 235 261 224 50 3 20 91 239 269 319 81 2 67 300 388 206 57 6 0 0 
5 34 110 231 289 218 120 17 2 35 112 270 324 224 55 2 78 261 366 231 72 16 0 0 
3 23 77 261 335 252 70 3 2 21 98 279 364 227 33 0 53 246 417 261 44 3 0 0 
4 50 255 360 263 88 4 0 1 20 162 398 336 103 4 0 13 252 508 234 16 1 0 0 
13 106 305 359 194 45 2 0 5 25 226 423 288 54 3 0 25 274 482 213 30 0 0 0 
55 204 366 281 106 12 0 0 36 120 289 378 166 35 0 0 70 332 434 161 27 0 0 0 
221 361 312 121 9 0 0 0 53 288 413 225 45 0 0 0 180 498 284 62 0 0 0 0 
297 409 259 52 6 1 0 0 49 316 413 204 36 6 0 0 158 512 315 37 2 0 0 0 
173 408 284 111 33 8 7 0 59 236 440 217 60 11 1 0 125 412 355 103 25 4 0 0 
192 394 276 128 28 6 0 0 33 251 450 211 74 5 0 0 87 461 348 115 13 0 0 0 
156 398 352 107 11 0 0 0 32 250 469 249 24 0 0 0 95 469 372 73 15 0 0 0 
169 429 311 104 11 0 0 0 42 249 430 228 74 1 0 0 97 580 305 40 2 0 0 0 
183 435 323 83 0 0 0 0 66 268 405 233 52 0 0 0 141 482 353 48 0 0 0 0 
191 413 299 115 4 2 0 0 43 273 436 212 57 3 0 0 95 558 301 69 1 0 0 0 
89 380 458 88 9 0 0 0 17 128 432 396 48 3 0 0 51 414 484 71 4 0 0 0 
121 350 354 170 29 0 0 0 31 200 388 293 107 5 0 0 68 365 372 198 20 1 0 0 
200 296 290 199 39 0 0 0 71 211 330 276 130 6 0 0 80 382 350 192 20 0 0 0 
95 237 359 273 55 4 1 0 36 151 311 393 127 6 0 0 51 327 484 139 23 0 0 0 
33 289 412 216 71 3 0 0 3 79 396 392 133 21 0 0 46 384 406 166 22 0 0 0 
42 231 419 246 84 2 0 0 3 90 411 376 137 7 0 0 33 386 448 150 7 0 0 0 
26 235 534 196 33 0 0 0 4 57 343 480 129 11 0 0 27 429 476 81 11 0 0 0 
17 171 366 315 122 29 4 0 0 60 263 400 255 43 3 0 30 292 427 215 53 7 0 0 
15 171 395 348 89 6 0 0 3 44 300 462 199 16 0 0 25 354 468 171 6 0 0 0 
31 214 418 279 77 5 0 0 13 123 338 402 139 9 0 0 74 385 472 88 5 0 0 0 
26 199 321 275 146 46 10 1 24 162 272 310 214 37 5 0 84 399 389 133 18 1 0 0 
31 159 231 182 165 135 90 31 36 180 302 250 154 74 28 0 93 272 378 217 57 7 0 0 
18 66 160 212 228 183 99 58 51 257 275 197 139 81 24 0 95 280 408 163 55 23 0 0 
2 33 324 200 148 158 116 43 44 400 246 147 127 55 5 0 70 254 525 149 25 1 0 0 
1 21 193 227 207 192 141 42 30 301 370 209 93 17 4 0 35 128 544 278 37 2 0 0 
0 15 129 120 192 234 214 120 10 264 347 260 117 26 0 0 8 114 549 286 57 10 0 0 
0 28 272 162 147 180 159 76 50 406 268 160 115 25 0 0 9 150 559 250 53 3 0 0 
0 14 113 200 211 236 156 94 34 319 340 161 126 43 1 0 4 153 529 260 70 8 0 0 
12 50 61 95 218 357 184 47 10 172 473 289 75 5 0 0 16 166 503 308 30 1 0 0 
2 46 121 181 221 268 149 36 21 200 409 263 101 27 3 0 27 218 450 267 54 8 0 0 
0 13 51 70 128 209 283 270 14 106 272 258 247 93 33 1 51 207 404 254 92 15 1 0 
68 158 107 100 95 120 149 227 25 211 275 209 243 60 1 0 71 375 342 193 42 1 0 0 
45 137 107 66 117 180 212 160 38 163 236 250 220 111 6 0 114 339 334 176 59 2 0 0 
33 149 215 152 148 167 113 47 13 155 291 269 214 79 3 0 89 387 357 152 35 4 0 0 
45 196 264 235 171 82 27 4 27 176 263 285 203 60 10 0 119 444 312 107 41 1 0 0 
152 269 297 179 110 14 3 0 121 202 298 248 133 19 3 0 212 483 267 58 4 0 0 0 
36 115 307 377 166 18 5 0 18 78 254 423 220 29 2 0 141 480 339 52 9 3 0 0 
42 154 373 343 90 21 1 0 15 100 278 438 165 25 3 0 118 437 376 86 7 0 0 0 
48 245 444 252 32 3 0 0 15 83 378 432 109 7 0 0 49 373 438 150 14 0 0 0 
81 365 486 90 2 0 0 0 10 104 419 422 69 0 0 0 46 362 465 138 13 0 0 0 
62 395 461 82 19 4 1 0 12 117 426 401 55 11 1 1 22 241 542 195 18 5 1 0 
113 388 459 61 3 0 0 0 37 159 368 413 47 0 0 0 49 258 514 196 7 0 0 0 
112 356 418 119 13 5 1 0 24 187 376 360 74 3 0 0 46 290 433 235 18 2 0 0 
