0 78 315 202 166 100 94 69 0 0 93 306 270 145 101 109 116 231 180 119 98 106 101 73 
15 315 273 166 114 70 40 31 0 30 356 294 162 91 51 40 254 260 161 114 83 69 47 36 
40 457 232 98 61 33 38 65 0 45 401 275 113 62 48 80 385 271 120 64 51 35 38 60 
4 188 343 153 108 90 67 71 0 3 169 324 207 121 100 100 258 292 160 75 57 56 51 75 
7 129 211 191 189 135 102 60 0 11 122 186 236 177 145 147 200 242 153 116 106 80 70 57 
180 716 71 22 10 8 7 10 0 148 729 101 25 9 8 4 704 246 27 8 10 3 13 13 
217 605 162 25 12 3 0 0 3 186 541 240 42 7 5 0 668 306 38 10 2 0 0 0 
29 539 403 51 1 1 0 0 0 60 623 295 44 1 1 0 236 669 112 6 1 0 0 0 
2 35 207 369 295 104 12 0 0 3 54 202 344 278 127 16 57 382 409 151 25 0 0 0 
0 15 268 499 180 54 8 0 0 0 32 302 456 172 54 8 38 386 462 112 19 4 3 0 
17 410 340 118 54 35 34 16 0 28 370 363 127 57 35 44 352 390 137 56 32 34 23 0 
41 458 255 125 48 40 20 37 0 47 424 265 141 53 38 56 363 341 129 64 43 30 46 8 
41 466 222 110 58 43 40 44 0 63 474 260 86 45 42 54 358 271 109 90 53 39 31 73 
2 115 275 169 119 118 81 145 0 1 99 270 208 147 123 176 130 254 188 92 76 70 86 128 
0 25 203 209 173 161 122 131 0 1 21 193 220 224 167 198 86 195 203 159 113 95 84 89 
28 156 301 251 149 68 44 27 1 71 266 340 181 101 38 26 125 210 336 206 81 26 18 22 
15 185 338 262 118 77 26 3 0 53 247 381 172 100 53 18 159 254 336 183 71 14 5 2 
21 255 217 245 170 88 28 0 0 116 212 253 194 125 83 41 172 356 289 171 34 2 0 0 
1 46 277 344 217 115 20 4 0 4 130 357 266 191 60 16 63 273 419 195 56 13 3 2 
0 58 206 232 240 193 64 31 0 7 231 258 247 159 84 38 81 284 282 231 98 32 8 8 
54 476 198 95 74 44 41 42 0 21 482 227 129 71 36 58 436 256 114 56 34 43 44 41 
42 567 237 125 42 9 1 1 0 30 562 268 113 41 8 2 444 416 120 27 15 0 2 0 
16 317 346 215 91 25 8 6 0 34 425 351 158 42 10 4 305 313 143 89 76 53 30 15 
1 173 306 192 159 99 45 49 0 1 195 357 235 119 62 55 160 293 156 111 79 78 50 97 
0 24 153 155 221 191 152 128 0 0 39 189 204 198 186 208 75 145 136 178 175 137 97 81 
0 0 51 202 258 318 174 21 0 0 20 176 273 279 208 68 3 69 309 378 194 53 13 5 
0 66 187 270 267 179 42 13 0 0 71 175 237 269 195 77 133 310 329 181 47 13 9 2 
0 25 292 329 187 121 50 20 0 1 60 307 296 171 128 61 99 315 333 172 68 24 9 4 
0 19 418 274 136 91 60 26 0 8 314 320 170 108 75 29 23 275 363 171 93 69 27 3 
46 215 456 215 74 16 2 0 1 78 454 300 145 40 5 1 201 535 213 61 13 1 0 0 
125 466 196 82 75 35 26 19 0 76 461 275 102 60 27 23 467 266 116 60 29 42 16 28 
71 506 256 99 62 17 10 3 0 61 550 280 89 23 12 9 409 362 108 67 38 27 13 0 
0 74 338 195 190 112 68 47 0 6 303 250 215 129 69 52 124 294 161 137 124 79 53 52 
0 1 43 93 138 230 302 217 0 0 34 82 123 220 303 262 7 34 96 146 243 293 156 49 
0 16 95 280 281 140 62 150 0 5 81 157 224 303 102 152 14 162 308 226 97 61 51 105 
0 1 52 273 220 178 117 183 0 0 7 90 256 282 189 200 31 184 283 192 113 48 26 147 
0 35 234 301 198 112 55 89 0 5 82 220 240 224 140 113 125 321 225 143 75 34 44 57 
0 6 131 325 266 167 96 33 0 3 41 185 294 233 167 101 83 281 338 176 95 31 16 4 
1 174 291 168 139 136 90 25 0 25 299 226 142 112 141 79 94 356 297 139 80 44 12 2 
394 480 134 11 3 2 0 0 34 481 428 69 7 3 2 0 699 294 24 5 2 0 0 0 
54 312 425 169 56 6 2 0 0 142 494 263 94 26 4 1 238 397 190 77 65 42 12 3 
0 171 492 213 87 39 20 2 0 101 474 278 99 44 22 6 171 477 233 83 40 19 1 0 
1 189 511 182 67 36 17 21 1 29 424 272 165 83 34 16 339 427 132 49 28 19 17 13 
0 0 10 87 108 142 219 458 0 0 7 41 118 185 273 400 1 32 79 84 131 137 166 394 
0 0 62 88 116 141 204 413 0 0 68 119 114 123 187 413 2 67 157 156 148 109 110 275 
0 13 186 155 121 216 158 175 0 1 108 212 100 104 273 226 61 196 262 184 106 116 78 21 
0 11 260 195 193 281 61 23 0 1 62 306 144 150 268 93 39 213 416 243 67 24 7 15 
1 42 266 274 194 156 58 33 0 28 157 289 229 159 120 42 49 263 332 199 98 43 27 13 
0 38 139 156 238 211 132 110 0 19 130 164 190 211 206 104 46 153 216 234 120 78 80 97 
164 205 100 94 224 188 34 15 18 218 195 77 66 136 237 77 379 249 221 110 34 17 8 6 
105 451 412 44 9 2 0 1 22 243 604 132 17 5 0 1 283 470 246 19 5 0 1 0 
30 262 346 175 109 60 26 16 2 130 393 251 130 71 27 20 348 354 167 93 35 22 5 0 
0 185 364 75 103 142 117 38 0 144 388 99 97 165 86 45 246 342 113 146 112 45 14 6 
0 18 116 210 272 216 150 42 0 24 164 212 239 219 125 41 33 175 281 268 178 57 18 14 
0 1 16 97 132 289 348 141 0 1 29 79 112 205 371 227 14 88 216 335 211 134 26 0 
0 0 0 1 48 595 367 13 0 0 0 0 0 27 580 417 0 32 452 434 96 10 0 0 
0 0 3 27 168 735 90 1 0 0 0 0 10 56 709 249 57 173 576 213 5 0 0 0 
0 2 33 89 275 397 128 100 0 1 37 57 137 189 434 169 47 141 303 265 116 98 47 7 
13 188 170 116 177 253 81 26 0 33 233 198 151 188 170 51 41 322 234 183 115 67 44 18 
20 331 199 113 106 160 60 35 0 38 336 263 80 94 156 57 107 437 235 119 70 39 16 1 
148 464 233 90 63 16 7 3 161 301 426 114 16 4 2 0 573 346 88 12 3 2 0 0 
43 595 272 71 24 12 2 5 7 390 473 101 33 13 2 5 302 531 132 39 13 2 5 0 
4 154 173 156 179 199 99 60 1 102 152 151 180 191 139 108 188 278 210 171 101 51 24 1 
0 0 3 29 163 447 311 71 0 0 3 14 73 239 478 217 13 164 350 304 147 43 3 0 
0 0 0 3 62 577 355 27 0 0 0 0 3 58 582 381 5 129 460 333 83 13 1 0 
0 0 0 3 140 628 251 2 0 0 0 0 2 51 602 369 8 173 479 344 20 0 0 0 
0 0 41 155 341 384 100 3 0 0 0 16 87 250 537 134 139 351 360 160 14 0 0 0 
6 289 371 188 66 24 24 56 0 105 465 267 69 54 48 16 160 319 259 142 68 44 28 4 
51 566 207 130 65 5 0 0 1 176 569 179 86 13 0 0 40 399 279 69 30 31 75 101 
75 267 288 233 153 8 0 0 4 130 421 290 166 13 0 0 48 181 180 92 31 88 153 251 
