0 0 0 1024 0 0 0 0 0 0 0 0 862 162 0 0 0 0 0 0 0 0 1024 0 
0 0 0 1024 0 0 0 0 0 0 0 0 575 449 0 0 0 0 0 0 0 0 1024 0 
0 0 0 1024 0 0 0 0 0 0 0 0 360 664 0 0 0 0 0 0 0 0 832 192 
0 0 0 976 48 0 0 0 0 0 0 0 168 856 0 0 0 0 0 0 0 0 640 384 
0 0 0 728 296 0 0 0 0 0 0 0 0 1024 0 0 0 0 0 0 0 0 544 480 
0 0 0 624 400 0 0 0 0 0 0 0 0 1024 0 0 0 0 0 0 0 0 328 696 
0 0 0 544 480 0 0 0 0 0 0 0 0 1024 0 0 0 0 0 0 0 0 96 928 
0 0 0 308 716 0 0 0 0 0 0 0 0 1024 0 0 0 0 0 0 0 0 64 960 
0 0 0 296 728 0 0 0 0 0 0 0 0 1024 0 0 0 0 0 0 0 0 32 992 
0 0 0 206 818 0 0 0 0 0 0 0 0 1024 0 0 0 0 0 0 0 0 0 1024 
0 0 0 168 856 0 0 0 0 0 0 0 0 1024 0 0 0 0 0 0 0 0 0 1024 
0 0 0 0 1024 0 0 0 0 0 0 0 0 1024 0 0 0 0 0 0 0 0 0 1024 
0 0 0 24 1000 0 0 0 0 0 0 0 0 1024 0 0 0 0 0 0 0 0 0 1024 
0 0 0 0 1024 0 0 0 0 0 0 0 0 1024 0 0 0 0 0 0 0 0 0 1024 
0 0 0 0 1024 0 0 0 0 0 0 0 0 1024 0 0 0 0 0 0 0 0 0 1024 
0 0 0 0 1024 0 0 0 0 0 0 0 0 1024 0 0 0 0 0 0 0 0 0 1024 
0 0 0 0 1024 0 0 0 0 0 0 0 0 1024 0 0 0 0 0 0 0 0 0 1024 
0 0 0 0 1024 0 0 0 0 0 0 0 0 1024 0 0 0 0 0 0 0 0 0 1024 
0 0 0 0 1024 0 0 0 0 0 0 0 0 1024 0 0 0 0 0 0 0 0 0 1024 
0 0 0 0 1024 0 0 0 0 0 0 0 0 1024 0 0 0 0 0 0 0 0 48 976 
1 16 68 127 811 1 0 0 0 3 34 52 61 873 1 0 0 4 20 48 32 44 233 643 
0 0 0 301 723 0 0 0 0 0 0 0 0 1024 0 0 0 0 0 0 0 0 960 64 
0 0 0 240 784 0 0 0 0 0 0 0 0 1024 0 0 0 0 0 0 0 0 552 472 
0 0 0 88 936 0 0 0 0 0 0 0 0 1024 0 0 0 0 0 0 0 0 0 1024 
0 0 0 16 1008 0 0 0 0 0 0 0 0 1024 0 0 0 0 0 0 0 0 0 1024 
0 0 0 0 1024 0 0 0 0 0 0 0 0 1024 0 0 0 0 0 0 0 0 0 1024 
0 0 0 0 1024 0 0 0 0 0 0 0 0 1024 0 0 0 0 0 0 0 0 0 1024 
0 0 14 13 997 0 0 0 0 0 0 8 16 996 4 0 0 0 0 8 8 11 16 981 
1 23 69 99 827 5 0 0 0 0 23 64 91 823 23 0 0 5 37 41 61 46 53 781 
0 11 45 39 928 1 0 0 0 0 9 34 40 912 29 0 0 0 13 35 22 17 22 915 
0 0 0 0 1024 0 0 0 0 0 0 0 0 1024 0 0 0 0 0 0 0 0 0 1024 
0 0 0 0 1024 0 0 0 0 0 0 0 0 992 32 0 0 0 0 0 0 0 0 1024 
0 0 0 0 1024 0 0 0 0 0 0 0 0 952 72 0 0 0 0 0 0 0 0 1024 
0 0 0 0 1024 0 0 0 0 0 0 0 0 844 180 0 0 0 0 0 0 0 0 1024 
0 0 0 0 1024 0 0 0 0 0 0 0 0 840 184 0 0 0 0 0 0 0 0 1024 
0 0 0 0 1024 0 0 0 0 0 0 0 0 832 192 0 0 0 0 0 0 0 0 1024 
0 0 0 0 1024 0 0 0 0 0 0 0 0 824 200 0 0 0 0 0 0 0 0 1024 
0 0 0 0 1024 0 0 0 0 0 0 0 0 800 224 0 0 0 0 0 0 0 0 1024 
0 0 0 0 1024 0 0 0 0 0 0 0 0 728 296 0 0 0 0 0 0 0 0 1024 
0 0 0 0 1024 0 0 0 0 0 0 0 0 832 192 0 0 0 0 0 0 0 0 1024 
0 0 0 0 1024 0 0 0 0 0 0 0 0 936 88 0 0 0 0 0 0 0 0 1024 
3 42 218 240 487 34 0 0 0 14 98 254 173 434 51 0 2 19 103 176 133 118 107 366 
0 0 0 0 1024 0 0 0 0 0 0 0 0 1024 0 0 0 0 0 0 0 0 16 1008 
0 0 0 0 1024 0 0 0 0 0 0 0 0 1024 0 0 0 0 0 0 0 0 0 1024 
0 0 0 0 1024 0 0 0 0 0 0 0 0 1024 0 0 0 0 0 0 0 0 0 1024 
0 0 0 0 1024 0 0 0 0 0 0 0 0 1024 0 0 0 0 0 0 0 0 0 1024 
0 0 0 0 1024 0 0 0 0 0 0 0 0 912 112 0 0 0 0 0 0 0 0 1024 
0 0 0 0 1024 0 0 0 0 0 0 0 0 744 280 0 0 0 0 0 0 0 0 1024 
5 38 90 79 797 15 0 0 0 6 31 79 80 552 276 0 3 19 52 45 56 49 56 744 
127 292 289 170 110 36 0 0 4 116 294 286 177 107 40 0 72 220 257 206 126 64 42 37 
68 252 320 164 197 23 0 0 4 70 268 304 137 157 84 0 79 234 265 122 71 58 64 131 
15 49 88 88 653 128 3 0 2 18 51 79 83 239 550 2 0 14 54 72 55 59 76 694 
8 40 33 19 708 214 2 0 4 37 27 19 20 82 834 1 1 10 41 23 14 16 22 897 
4 18 92 134 550 219 7 0 2 8 49 89 132 200 539 5 0 2 3 35 94 121 131 638 
9 41 79 110 537 244 4 0 5 31 61 69 90 90 675 3 0 7 38 55 63 75 71 715 
0 5 35 44 635 305 0 0 0 0 19 39 31 33 902 0 0 0 4 22 36 27 23 912 
0 0 0 0 680 344 0 0 0 0 0 0 0 0 1024 0 0 0 0 0 0 0 0 1024 
0 0 0 0 576 448 0 0 0 0 0 0 0 0 1024 0 0 0 0 0 0 0 0 1024 
0 0 0 0 560 464 0 0 0 0 0 0 0 0 1024 0 0 0 0 0 0 0 0 1024 
0 0 0 0 515 509 0 0 0 0 0 0 0 0 1024 0 0 0 0 0 0 0 0 1024 
0 0 0 0 515 509 0 0 0 0 0 0 0 16 1008 0 0 0 0 0 0 0 0 1024 
1 10 67 127 705 114 0 0 0 9 20 93 109 139 654 0 0 8 22 84 92 72 61 685 
11 99 367 288 212 47 0 0 0 41 236 394 128 160 65 0 15 106 327 198 98 75 85 120 
0 0 0 0 797 227 0 0 0 0 0 0 0 762 262 0 0 0 0 0 0 0 0 1024 
31 115 80 31 677 90 0 0 5 46 96 72 27 534 244 0 16 74 83 39 22 22 49 719 
37 239 85 32 592 39 0 0 1 118 183 57 28 390 247 0 4 199 119 32 21 23 36 590 
1 21 19 12 577 394 0 0 0 4 24 14 11 91 880 0 1 7 21 9 7 12 13 954 
188 171 59 45 386 174 1 0 72 145 158 40 37 67 504 1 90 177 103 34 32 25 48 515 
0 0 5 17 551 451 0 0 0 0 0 2 15 36 971 0 0 0 0 0 11 18 35 960 
40 160 229 220 273 99 3 0 2 41 152 223 205 122 276 3 33 126 191 159 121 82 73 239 
75 291 369 197 64 27 1 0 10 85 312 346 187 58 24 2 109 326 281 154 92 30 28 4 
126 343 323 143 59 30 0 0 9 153 340 307 130 52 32 1 143 315 291 141 61 28 22 23 
76 131 198 168 182 259 10 0 14 92 135 186 150 132 299 16 35 87 149 128 126 98 112 289 
94 241 274 147 140 123 5 0 145 251 208 102 92 87 137 2 74 191 229 136 91 83 83 137 
9 68 181 271 210 274 11 0 20 58 141 229 179 151 244 2 5 34 71 143 212 174 134 251 
61 116 237 277 185 132 16 0 80 140 198 198 177 147 76 8 43 107 136 182 176 163 136 81 
23 77 104 91 73 650 6 0 24 51 83 80 69 67 647 3 11 33 73 70 65 61 53 658 
3 38 149 184 102 544 4 0 4 67 101 77 144 82 549 0 16 61 98 75 80 97 65 532 
0 6 12 337 55 614 0 0 0 1 6 20 351 27 619 0 0 0 6 14 25 332 26 621 
0 11 39 384 69 521 0 0 0 0 22 57 382 41 522 0 0 7 22 29 58 359 28 521 
2 113 269 167 43 430 0 0 0 12 146 274 117 32 443 0 22 107 180 104 97 53 31 430 
0 2 28 500 107 387 0 0 0 0 9 83 512 43 377 0 0 1 22 48 114 442 20 377 
5 96 229 437 104 153 0 0 0 55 176 264 322 61 146 0 38 118 155 106 135 299 27 146 
177 449 345 53 0 0 0 0 69 340 403 200 12 0 0 0 242 480 281 21 0 0 0 0 
106 185 133 82 330 184 4 0 48 104 168 110 76 283 235 0 109 142 99 61 74 53 191 295 
292 470 174 54 33 1 0 0 80 368 378 121 38 15 24 0 415 415 114 28 11 12 19 10 
313 589 119 3 0 0 0 0 56 474 459 32 3 0 0 0 458 523 40 3 0 0 0 0 
188 584 146 28 43 35 0 0 19 304 505 89 28 37 42 0 450 384 55 32 18 18 32 35 
251 552 186 23 10 2 0 0 43 362 491 103 12 9 4 0 402 505 89 14 2 5 6 1 
109 274 310 155 83 92 1 0 21 140 304 263 131 66 99 0 247 284 199 90 40 42 37 85 
93 303 396 194 35 3 0 0 6 113 330 414 136 25 0 0 234 318 265 146 39 19 3 0 
126 470 328 90 9 1 0 0 2 199 493 266 60 4 0 0 324 474 188 35 3 0 0 0 
156 414 330 111 13 0 0 0 14 225 428 284 67 6 0 0 338 437 203 41 5 0 0 0 
177 370 285 149 38 5 0 0 52 294 396 181 76 19 6 0 309 336 210 107 28 23 10 1 
95 360 422 118 8 21 0 0 162 436 337 52 11 6 20 0 267 465 207 39 11 10 6 19 
261 350 288 102 16 4 3 0 387 409 162 38 20 4 4 0 420 374 149 38 20 15 3 5 
315 391 243 63 11 1 0 0 400 417 175 23 7 2 0 0 414 373 166 54 14 1 2 0 
542 265 146 65 6 0 0 0 550 288 117 42 26 1 0 0 568 275 106 41 19 14 1 0 
241 244 320 204 14 1 0 0 158 260 234 272 93 7 0 0 335 316 288 76 9 0 0 0 
83 322 377 186 39 17 0 0 9 165 408 294 113 35 0 0 128 398 316 64 56 62 0 0 
76 339 361 125 85 38 0 0 26 141 432 265 89 71 0 0 135 449 256 44 32 100 8 0 
102 409 413 98 2 0 0 0 34 181 528 261 20 0 0 0 269 504 237 14 0 0 0 0 
244 462 180 56 65 17 0 0 126 270 423 109 53 43 0 0 423 402 83 32 39 45 0 0 
147 411 350 65 29 22 0 0 45 201 461 251 32 34 0 0 372 431 145 37 16 23 0 0 
253 349 330 81 11 0 0 0 154 293 379 172 22 4 0 0 358 406 226 30 4 0 0 0 
430 382 140 46 16 10 0 0 261 326 287 100 31 17 2 0 548 306 99 27 23 12 9 0 
336 387 272 28 1 0 0 0 196 306 405 112 5 0 0 0 455 406 159 4 0 0 0 0 
278 476 236 29 4 1 0 0 129 333 434 122 4 2 0 0 438 428 146 7 4 1 0 0 
607 314 70 20 10 2 1 0 293 464 218 33 14 1 1 0 717 244 29 21 12 1 0 0 
380 395 214 32 3 0 0 0 173 388 340 115 7 1 0 0 442 398 164 16 3 1 0 0 
314 285 319 83 16 6 1 0 190 295 258 245 32 4 0 0 372 325 277 34 13 3 0 0 
314 317 228 100 42 18 5 0 177 252 307 189 64 28 6 1 416 340 169 54 30 11 4 0 
318 410 209 62 20 4 1 0 74 378 364 160 38 8 1 1 444 375 137 47 14 6 1 0 
164 449 298 99 10 3 0 1 65 311 381 224 36 6 0 1 409 421 164 23 6 0 0 1 
241 328 300 101 37 14 3 0 216 416 249 85 37 17 3 1 319 384 220 63 24 10 4 0 
211 452 269 72 12 8 0 0 401 452 129 25 7 10 0 0 440 417 131 21 10 5 0 0 
160 314 249 158 89 21 17 16 275 378 152 84 87 22 11 15 282 357 173 100 66 18 13 15 
336 276 243 115 37 15 2 0 502 316 135 41 25 5 0 0 480 315 163 44 17 4 1 0 
410 279 202 109 20 4 0 0 512 324 120 43 23 2 0 0 487 326 145 46 18 2 0 0 
589 194 88 90 48 15 0 0 551 218 86 72 80 17 0 0 538 218 109 95 49 15 0 0 
413 171 113 182 83 43 8 11 318 209 129 95 204 46 11 12 367 208 125 155 92 53 8 16 
122 164 123 322 154 58 20 61 74 162 159 149 340 52 22 66 123 143 170 344 120 39 16 69 
79 132 107 402 209 89 2 4 44 104 141 151 467 107 6 4 117 128 198 356 157 62 2 4 
155 96 85 481 156 48 3 0 144 118 86 151 454 67 3 1 163 107 245 335 131 36 5 2 
92 87 129 358 218 83 35 22 51 88 92 236 385 100 38 34 86 115 267 325 124 54 20 33 
101 207 286 244 112 41 10 23 56 169 246 289 157 61 20 26 232 301 266 129 47 22 8 19 
121 64 41 567 194 36 1 0 100 68 44 520 245 41 6 0 128 64 74 427 299 32 0 0 
129 70 64 473 217 71 0 0 113 69 39 302 400 101 0 0 150 58 243 337 192 44 0 0 
160 90 149 314 188 62 31 30 116 105 104 290 267 74 28 40 151 108 236 221 189 50 25 44 
133 212 299 282 87 11 0 0 60 143 263 313 200 42 3 0 196 347 258 139 62 19 3 0 
104 159 320 303 105 28 4 1 83 119 257 376 152 33 4 0 210 303 261 163 68 18 0 1 
191 206 307 244 67 7 1 1 118 168 242 329 144 21 1 1 311 359 237 76 29 10 1 1 
161 279 410 161 11 1 1 0 70 164 368 354 65 2 1 0 407 410 180 24 2 0 1 0 
213 207 224 230 131 19 0 0 127 203 260 285 137 12 0 0 424 296 210 76 17 1 0 0 
8 56 134 347 374 95 10 0 24 103 271 440 166 19 1 0 260 476 246 40 2 0 0 0 
14 92 269 343 236 64 6 0 42 211 344 287 121 19 0 0 328 416 237 39 4 0 0 0 
165 271 241 214 77 41 14 1 186 321 255 166 76 15 4 1 411 334 197 69 12 1 0 0 
132 249 241 255 93 42 9 3 234 271 253 188 66 12 0 0 374 254 253 108 26 9 0 0 
63 184 334 285 113 32 13 0 211 378 295 118 21 1 0 0 340 397 221 55 10 1 0 0 
48 187 331 345 100 12 1 0 83 203 260 316 161 1 0 0 168 378 370 107 1 0 0 0 
20 32 304 647 21 0 0 0 11 18 31 420 544 0 0 0 31 160 551 275 7 0 0 0 
0 1 235 770 12 5 1 0 1 2 18 423 580 0 0 0 2 114 752 156 0 0 0 0 
0 0 159 856 9 0 0 0 0 0 2 434 588 0 0 0 0 100 761 163 0 0 0 0 
0 0 281 718 9 6 8 2 0 0 1 435 568 4 7 9 0 110 818 80 6 8 2 0 
4 41 109 345 147 124 133 121 0 20 68 158 327 137 132 182 100 65 331 178 95 134 117 4 
18 93 166 194 155 139 151 108 3 45 149 158 201 150 157 161 149 163 180 161 133 137 94 7 
43 115 152 230 152 130 111 91 16 72 131 219 207 135 119 125 244 228 162 105 101 107 77 0 
0 15 665 278 65 1 0 0 0 12 95 792 123 2 0 0 9 325 559 122 9 0 0 0 
0 0 248 423 292 60 1 0 0 0 40 420 421 135 8 0 46 336 557 85 0 0 0 0 
0 21 107 538 337 21 0 0 0 9 41 357 550 66 1 0 69 338 548 68 1 0 0 0 
236 251 278 213 40 6 0 0 153 202 255 292 95 24 3 0 527 362 119 13 2 1 0 0 
156 248 340 227 50 3 0 0 100 201 303 312 100 8 0 0 449 352 204 19 0 0 0 0 
94 205 319 291 72 29 13 1 34 143 273 321 199 38 15 1 389 415 158 31 16 13 2 0 
152 316 197 119 98 75 63 4 48 256 302 138 104 92 78 6 454 261 107 83 49 44 26 0 
124 94 164 207 195 151 81 8 116 87 134 181 202 207 93 4 239 203 202 149 92 115 23 1 
103 169 264 221 160 75 22 10 233 233 199 164 115 51 23 6 377 332 172 90 24 9 16 4 
203 286 258 165 77 22 10 3 274 375 182 118 61 9 5 0 559 302 119 28 8 5 3 0 
168 275 317 188 54 15 5 2 401 400 160 43 13 1 3 3 451 375 145 35 11 4 2 1 
65 160 263 305 110 55 42 24 175 265 294 170 52 28 25 15 283 333 251 72 36 22 17 10 
207 351 230 132 47 34 21 2 368 334 176 65 31 31 17 2 462 317 124 51 23 29 17 1 
226 220 302 145 79 30 12 10 242 318 248 171 19 12 6 8 430 406 132 24 11 9 7 5 
163 94 551 175 34 6 1 0 174 110 90 604 44 2 0 0 230 589 181 22 2 0 0 0 
24 77 399 342 117 42 16 7 59 135 162 538 84 22 19 5 104 498 309 52 24 18 17 2 
4 23 174 412 164 134 82 31 1 21 66 368 314 135 88 31 93 271 326 110 88 85 41 10 
9 89 312 284 124 95 67 44 1 39 171 382 200 112 83 36 238 349 181 74 51 52 64 15 
16 137 262 256 170 89 60 34 5 61 214 265 228 128 78 45 324 282 188 86 52 56 30 6 
56 87 155 235 255 168 51 17 23 55 114 211 278 236 81 26 251 272 264 161 46 21 9 0 
101 114 151 260 227 106 38 27 65 69 131 190 291 172 66 40 282 220 302 122 46 26 26 0 
1 21 59 183 497 209 42 12 1 24 86 110 364 397 35 7 15 43 130 75 150 568 36 7 
5 39 118 109 490 240 13 10 4 31 77 123 321 447 13 8 87 114 77 56 366 307 11 6 
0 13 94 201 386 245 71 14 0 2 69 191 348 339 71 4 71 145 167 76 299 250 16 0 
13 59 160 234 180 176 139 63 12 36 134 235 208 204 145 50 142 233 138 70 153 164 93 31 
0 37 101 161 219 229 202 75 1 23 71 164 239 250 202 74 89 129 104 96 186 232 156 32 
9 55 172 239 218 169 123 39 10 75 199 236 203 164 109 28 49 154 223 201 179 135 71 12 
7 83 167 205 195 190 144 33 82 135 194 166 146 184 100 17 174 194 175 139 134 164 41 3 
84 148 115 117 144 237 127 52 205 210 151 92 72 163 101 30 234 218 139 88 92 155 78 20 
333 221 157 106 81 59 46 21 593 230 140 46 8 2 3 2 630 206 124 52 6 3 2 1 
357 247 151 101 84 55 27 2 545 248 129 44 33 14 11 0 605 228 101 43 29 9 9 0 
557 215 132 70 27 17 5 1 701 183 93 27 13 5 2 0 747 175 68 24 6 2 2 0 
264 258 202 125 89 55 19 12 478 198 168 97 53 16 10 4 541 242 132 51 33 15 7 3 
465 324 123 49 23 20 17 3 717 207 75 20 4 1 0 0 746 183 66 23 5 1 0 0 
383 351 138 79 42 12 11 8 628 255 113 24 3 1 0 0 685 245 76 16 1 1 0 0 
205 285 259 138 68 41 18 10 277 330 297 102 17 1 0 0 504 347 131 36 5 1 0 0 
464 285 162 78 26 5 4 0 557 238 140 60 24 3 2 0 652 206 109 43 10 4 0 0 
54 69 295 245 133 127 88 13 46 41 126 338 213 144 101 15 100 143 194 255 185 92 52 3 
0 91 257 231 160 150 123 12 0 7 207 297 197 193 115 8 22 200 157 126 223 207 84 5 
0 88 366 240 205 109 13 3 0 1 213 395 221 162 29 3 92 297 148 174 144 137 32 0 
0 32 316 330 182 124 35 5 0 5 126 455 234 147 52 5 58 292 245 153 124 126 25 1 
0 43 213 257 208 129 145 29 0 5 135 318 242 150 151 23 31 171 223 200 161 148 85 5 
23 64 113 505 296 23 0 0 5 44 62 144 641 119 9 0 4 29 50 78 302 522 35 4 
0 11 251 363 383 15 1 0 0 0 20 300 517 185 2 0 0 0 0 105 410 486 21 2 
0 126 407 179 299 13 0 0 0 0 137 441 253 193 0 0 0 0 51 374 336 262 1 0 
7 106 259 226 208 105 97 16 7 49 189 303 224 195 55 2 17 67 227 283 270 147 13 0 
69 123 155 203 119 124 150 81 94 147 216 227 134 110 67 29 110 139 231 230 141 103 58 12 
2 8 25 73 116 245 342 213 114 308 366 118 66 42 6 4 92 292 398 136 67 31 8 0 
14 44 92 113 150 206 214 191 179 383 296 83 24 32 24 3 238 357 303 52 31 23 20 0 
31 56 80 89 127 154 290 197 198 250 227 74 28 52 153 42 239 250 202 73 22 71 163 4 
4 39 56 104 129 186 233 273 138 281 328 147 42 32 24 32 168 255 302 167 51 26 31 24 
52 31 34 49 83 139 262 374 249 287 275 61 39 51 45 17 151 145 301 229 81 64 28 25 
8 42 61 81 118 209 278 227 219 332 263 67 38 56 39 10 127 180 305 224 77 57 44 10 
2 15 22 48 84 179 260 414 177 302 289 101 23 24 47 61 114 212 357 174 36 30 55 46 
20 45 52 50 61 153 244 399 264 325 345 78 8 3 1 0 218 254 360 177 10 2 3 0 
1 9 21 31 76 191 316 379 189 274 391 125 11 7 10 17 156 264 361 194 14 8 14 13 
21 41 54 58 112 192 288 258 240 319 326 108 17 13 1 0 227 270 364 139 20 4 0 0 
23 35 46 52 120 187 291 270 112 274 424 141 24 15 19 15 142 257 413 151 21 15 17 8 
31 45 48 81 152 197 251 219 66 142 216 132 116 121 151 80 121 179 237 150 79 121 105 32 
1 8 10 23 77 282 462 161 1 6 11 23 89 337 432 125 11 12 39 44 170 417 282 49 
0 1 43 42 53 156 608 121 0 3 11 59 56 288 509 98 0 3 33 51 102 490 277 68 
0 19 183 187 247 248 134 6 0 27 112 199 299 278 104 5 4 46 157 183 337 248 48 1 
7 164 335 310 160 41 7 0 0 55 283 363 236 66 20 1 14 176 298 214 234 71 16 1 
639 190 123 57 12 3 0 0 472 265 149 103 28 6 1 0 485 219 167 103 37 10 3 0 
119 192 443 205 52 9 4 0 92 89 249 424 142 24 4 0 72 95 135 405 256 56 5 0 
20 283 366 243 79 27 6 0 12 110 404 317 131 42 8 0 13 166 369 299 134 37 6 0 
35 248 285 159 70 100 100 27 6 130 337 233 107 110 76 25 37 221 308 184 98 116 40 20 
5 41 75 104 155 358 251 35 5 38 78 107 198 368 207 23 13 47 92 145 296 301 123 7 
36 105 133 168 209 212 134 27 44 154 115 174 198 206 120 13 69 150 148 170 207 203 69 8 
26 123 219 206 136 186 97 31 23 222 200 142 133 200 78 26 138 211 167 117 143 184 56 8 
12 33 124 277 144 129 258 47 10 101 122 218 158 140 258 17 57 126 184 188 92 190 187 0 
32 139 178 81 149 85 134 226 9 191 159 86 149 80 144 206 128 174 100 125 95 97 230 75 
7 37 65 146 158 283 202 126 6 27 71 150 162 294 183 131 19 40 106 134 191 304 113 117 
32 74 121 116 175 189 182 135 17 83 112 134 181 182 165 150 69 83 120 121 195 160 135 141 
20 39 97 137 122 182 259 168 18 40 96 130 147 197 226 170 31 56 123 133 125 218 189 149 
10 23 34 88 103 308 314 144 15 36 63 97 117 297 265 134 22 41 68 105 147 315 214 112 
16 37 75 117 148 279 231 121 28 52 86 129 168 272 196 93 44 65 96 141 186 318 120 54 
8 24 55 113 93 214 364 153 10 24 68 119 108 244 355 96 20 42 120 84 162 356 197 43 
18 14 34 46 144 394 362 12 19 32 56 149 162 489 116 1 32 33 104 187 307 346 15 0 
0 2 4 42 124 207 376 269 1 1 14 69 154 238 342 205 2 5 39 125 173 304 276 100 
1 16 48 131 143 134 290 261 3 14 35 132 151 160 378 151 12 22 43 121 181 279 308 58 
0 0 10 140 208 234 425 7 0 0 12 146 192 382 291 1 0 2 49 173 223 501 74 2 
4 38 168 279 232 240 59 4 6 37 149 247 253 276 55 1 11 46 175 239 279 219 52 3 
22 151 179 147 285 198 40 2 0 80 184 176 264 247 71 2 38 105 123 160 221 265 107 5 
665 224 92 28 14 1 0 0 566 272 122 46 13 5 0 0 652 215 105 39 11 2 0 0 
225 307 219 175 78 19 1 0 122 225 309 226 113 25 4 0 128 216 312 260 85 20 3 0 
151 390 227 161 80 14 1 0 40 250 345 201 134 47 6 1 34 206 410 207 122 38 7 0 
53 269 204 115 156 189 35 3 14 153 363 163 166 141 24 0 32 198 299 256 168 58 13 0 
23 497 309 134 27 33 1 0 19 67 631 232 51 23 1 0 33 130 279 522 53 6 1 0 
74 564 340 37 9 0 0 0 6 167 619 224 8 0 0 0 29 197 350 418 30 0 0 0 
147 514 289 74 0 0 0 0 1 314 525 160 24 0 0 0 167 288 358 194 16 1 0 0 
345 417 121 96 45 0 0 0 18 426 379 127 72 2 0 0 423 367 109 117 8 0 0 0 
205 391 217 174 37 0 0 0 24 488 331 147 34 0 0 0 387 389 178 65 5 0 0 0 
271 260 174 182 124 13 0 0 56 435 240 150 104 38 1 0 342 272 191 116 90 11 2 0 
233 237 187 220 131 15 1 0 56 385 250 142 171 19 1 0 301 242 199 129 138 14 1 0 
165 266 218 205 152 17 1 0 18 321 280 194 173 35 3 0 153 313 218 206 114 19 1 0 
159 220 194 253 170 28 0 0 61 464 221 143 112 22 1 0 336 299 187 97 88 17 0 0 
127 264 225 269 114 25 0 0 13 417 284 204 95 11 0 0 232 383 206 161 39 3 0 0 
52 282 337 249 79 25 0 0 3 196 407 286 93 29 10 0 108 219 229 341 81 35 11 0 
58 270 231 242 147 73 3 0 6 238 360 238 105 63 14 0 68 321 301 194 64 64 12 0 
4 217 376 190 168 65 3 1 4 32 316 377 191 81 21 2 5 44 107 500 253 73 39 3 
0 98 296 220 219 169 21 1 0 0 140 350 227 234 69 4 0 8 51 298 306 245 108 8 
26 34 214 278 302 149 20 1 7 36 86 306 299 245 42 3 103 143 171 164 210 180 51 2 
53 95 244 250 215 152 13 2 18 62 159 270 256 213 42 4 182 146 145 172 212 126 37 4 
41 288 231 155 144 81 47 37 0 127 332 173 161 123 54 54 81 216 256 153 117 102 50 49 
541 167 162 116 37 1 0 0 474 168 167 127 76 12 0 0 553 185 168 93 24 1 0 0 
79 228 337 292 80 8 0 0 27 145 294 354 172 32 0 0 80 248 350 257 83 6 0 0 
362 205 122 82 90 128 35 0 130 378 119 112 94 147 43 1 91 267 268 152 112 114 20 0 
85 207 31 51 153 325 172 0 0 146 159 46 122 317 226 8 0 5 155 236 180 305 139 4 
1 332 48 24 82 489 48 0 0 1 342 49 62 479 91 0 0 0 76 315 83 499 51 0 
47 721 107 19 20 108 2 0 0 32 723 121 24 117 7 0 0 26 430 399 45 114 10 0 
142 726 140 15 1 0 0 0 5 141 709 152 17 0 0 0 65 217 486 235 20 1 0 0 
306 393 120 89 39 46 20 11 0 312 398 127 84 50 35 18 208 400 176 92 59 42 30 17 
291 273 163 171 85 27 11 3 11 371 254 171 141 57 9 10 345 263 168 155 72 9 6 6 
281 347 144 117 70 49 16 0 18 404 277 140 93 67 25 0 328 266 208 118 79 23 2 0 
167 268 172 130 135 132 17 3 19 278 246 156 162 135 28 0 187 242 264 185 90 43 13 0 
196 365 145 98 97 79 39 5 12 299 337 147 109 81 33 6 184 303 288 155 64 26 4 0 
319 280 106 89 92 81 49 8 34 482 162 116 108 72 41 9 449 247 121 126 60 20 1 0 
211 469 146 58 56 58 20 6 10 352 405 105 60 61 26 5 141 458 272 69 65 15 4 0 
83 521 140 62 79 87 44 8 1 131 522 139 102 87 38 4 31 191 315 363 94 27 3 0 
40 232 125 112 147 200 134 34 1 108 252 154 183 216 95 15 72 168 228 293 179 67 17 0 
0 188 180 160 178 184 119 15 0 7 298 244 210 178 80 7 7 61 226 444 207 65 14 0 
4 160 293 337 198 31 1 0 0 16 245 355 308 93 7 0 61 149 404 339 67 4 0 0 
274 260 234 167 79 10 0 0 155 250 251 203 120 45 0 0 588 256 144 32 4 0 0 0 
229 205 193 183 146 55 12 1 142 200 173 208 189 91 20 1 425 230 189 131 36 13 0 0 
6 43 119 248 318 176 52 62 2 18 95 167 355 250 66 71 63 204 299 265 76 31 35 51 
428 246 222 108 17 2 1 0 358 245 247 141 29 3 1 0 468 302 182 65 6 1 0 0 
343 244 226 146 56 9 0 0 259 240 238 183 82 22 0 0 388 246 223 115 48 4 0 0 
336 213 236 157 73 7 2 0 238 218 215 211 110 27 5 0 362 228 228 158 42 6 0 0 
245 196 207 245 107 24 0 0 166 183 211 235 173 55 1 0 278 217 231 215 77 6 0 0 
539 133 70 62 81 114 24 1 453 187 90 62 73 121 36 2 550 130 71 66 76 112 18 1 
294 120 85 113 143 226 42 1 209 159 99 106 150 244 56 1 274 109 131 125 135 217 32 1 
237 179 104 142 136 143 73 10 86 208 159 138 120 170 126 17 188 136 216 156 147 101 72 8 
114 124 162 210 158 121 109 26 22 154 129 203 191 161 121 43 183 132 206 191 114 80 90 28 
57 63 95 181 235 288 80 25 15 75 93 197 269 245 117 13 126 139 254 257 187 48 10 3 
7 37 72 161 249 328 155 15 1 32 71 149 261 286 196 28 77 116 249 288 238 56 0 0 
0 6 40 142 369 330 128 9 0 8 40 148 382 350 92 4 49 156 380 323 112 3 1 0 
1 25 55 181 365 274 113 10 0 21 50 201 339 291 116 6 85 199 364 284 82 9 1 0 
2 25 59 160 240 328 181 29 2 22 79 176 288 321 122 14 102 165 249 335 157 14 2 0 
3 32 101 181 292 256 123 36 3 38 107 198 302 259 99 18 130 175 288 267 123 36 5 0 
14 30 66 121 224 313 217 39 17 29 87 150 245 336 148 12 112 133 229 311 202 35 2 0 
6 36 67 139 298 290 158 30 3 41 78 157 306 284 139 16 116 164 295 297 128 23 1 0 
49 87 180 260 218 148 72 10 29 75 145 278 265 183 45 4 249 296 247 168 56 8 0 0 
121 216 332 235 106 13 1 0 49 160 251 326 184 50 4 0 464 373 166 19 2 0 0 0 
148 237 268 201 133 33 3 1 63 197 234 255 203 65 5 2 481 276 193 57 12 3 2 0 
302 190 162 158 103 41 7 61 204 225 169 135 126 84 18 63 530 186 146 68 21 6 5 62 
49 58 77 114 147 119 125 335 24 58 69 99 140 144 116 374 115 80 120 107 89 95 112 306 
996 23 3 2 0 0 0 0 987 32 3 2 0 0 0 0 1001 18 4 1 0 0 0 0 
907 52 33 15 15 2 0 0 874 78 37 20 12 3 0 0 921 55 28 10 10 0 0 0 
677 145 80 50 44 23 4 1 575 199 97 60 47 36 8 2 726 124 73 63 30 8 0 0 
791 136 52 28 14 3 0 0 672 204 80 41 19 7 1 0 803 132 49 27 10 3 0 0 
516 135 89 78 65 87 45 9 443 156 107 75 73 66 90 14 619 105 83 77 99 33 8 0 
318 161 180 161 118 66 19 1 151 226 145 176 164 113 43 6 388 172 194 144 103 23 0 0 
288 175 122 161 131 97 35 15 194 225 128 152 134 119 65 7 420 160 166 139 102 35 2 0 
242 203 154 158 147 75 37 8 93 260 175 151 172 105 59 9 355 179 170 183 102 29 6 0 
203 151 121 143 233 130 36 7 135 180 133 117 172 220 59 8 318 137 170 212 128 49 10 0 
99 95 107 188 260 181 77 17 73 99 104 148 245 230 95 30 218 140 211 258 159 37 1 0 
23 98 160 263 322 128 26 4 8 73 157 254 320 178 32 2 209 275 325 177 31 7 0 0 
66 179 210 189 182 124 57 17 46 150 222 195 189 137 68 17 393 218 212 130 56 14 1 0 
95 179 199 189 182 126 48 6 87 189 200 193 178 113 59 5 380 206 230 126 68 14 0 0 
50 151 204 217 211 144 37 10 51 145 202 216 221 139 49 1 318 233 237 159 62 14 1 0 
41 129 169 206 221 165 81 12 38 128 178 213 228 154 79 6 300 195 255 177 89 8 0 0 
18 95 172 257 243 160 67 12 11 93 164 259 252 161 76 8 239 252 276 169 73 14 1 0 
128 177 254 270 152 37 5 1 78 145 201 297 226 67 9 1 401 357 195 60 9 2 0 0 
307 217 236 177 80 7 0 0 211 212 183 234 150 32 2 0 603 280 124 16 1 0 0 0 
282 238 239 190 64 11 0 0 172 225 238 211 144 32 2 0 612 268 120 24 0 0 0 0 
505 147 140 122 85 18 6 1 455 129 139 135 113 44 5 4 683 169 122 39 5 3 2 1 
330 132 164 139 83 41 38 97 257 121 120 172 138 64 37 115 449 191 138 66 26 19 30 105 
