276 204 153 102 112 122 51 4 155 202 191 146 138 127 62 3 378 214 120 103 89 87 32 1 
226 243 177 190 102 62 20 4 154 277 163 153 145 95 34 3 440 313 147 40 39 29 15 1 
497 304 121 77 20 4 1 0 289 431 154 92 46 11 1 0 728 214 72 9 1 0 0 0 
554 262 106 79 21 2 0 0 455 311 122 83 44 9 0 0 757 177 75 15 0 0 0 0 
440 262 152 111 31 14 10 4 245 372 159 149 74 17 6 2 621 243 113 26 11 5 4 1 
146 200 142 117 115 125 93 86 93 272 174 161 143 125 47 9 312 218 151 112 118 55 33 25 
51 151 194 200 191 138 75 24 5 112 197 204 209 194 70 33 242 262 217 188 78 30 5 2 
156 273 262 146 79 54 22 32 62 254 266 198 107 62 39 36 363 333 152 73 40 40 16 7 
42 199 419 248 83 19 8 6 7 94 295 360 194 51 11 12 404 425 135 31 12 5 3 9 
72 131 248 262 186 92 32 1 26 91 198 301 251 122 34 1 135 194 299 228 116 39 12 1 
115 207 219 141 156 108 48 30 64 178 223 190 180 130 45 14 272 290 167 138 84 43 15 15 
64 112 106 175 208 151 99 109 22 132 128 227 226 175 77 37 190 254 203 121 78 70 55 53 
99 108 110 150 167 125 113 152 93 131 137 225 175 116 69 78 264 187 190 99 75 63 71 75 
45 90 131 144 183 128 113 190 57 102 189 215 173 129 110 49 184 214 179 115 72 99 82 79 
1 46 93 136 160 186 164 238 3 59 182 241 237 153 121 28 118 197 148 144 140 102 107 68 
7 103 135 169 214 178 105 113 3 76 171 192 215 261 99 7 150 218 221 164 115 82 43 31 
7 86 136 201 256 171 117 50 0 41 83 163 242 314 134 47 119 283 187 130 154 129 7 15 
188 211 213 177 128 68 28 11 103 195 205 197 164 107 45 8 411 299 196 78 27 10 2 1 
4 99 200 236 180 172 105 28 3 46 216 243 205 178 106 27 34 224 311 215 158 60 21 1 
6 37 90 164 249 253 180 45 2 22 69 147 203 332 198 51 50 149 225 284 200 95 19 2 
12 46 111 190 272 247 101 45 2 35 99 170 275 287 131 25 85 157 227 260 173 82 29 11 
68 166 198 211 172 87 54 68 20 148 213 235 204 106 59 39 283 279 194 98 59 36 25 50 
35 171 255 218 172 92 42 39 3 95 207 254 224 178 54 9 270 332 205 93 53 36 18 17 
206 372 181 147 87 27 1 3 23 382 253 150 130 67 19 0 552 280 131 43 13 3 2 0 
50 162 211 191 175 143 67 25 9 112 231 203 214 170 71 14 227 250 187 132 110 81 27 10 
47 163 174 208 212 157 60 3 18 131 166 176 236 223 71 3 139 237 272 197 140 36 3 0 
43 230 248 156 157 131 47 12 36 228 282 166 174 111 26 1 165 350 238 179 75 10 6 1 
24 123 152 177 184 191 122 51 2 92 174 182 186 208 138 42 114 229 221 196 172 76 16 0 
0 33 131 211 278 235 119 17 0 4 92 184 278 268 169 29 58 184 274 277 183 45 3 0 
2 33 96 182 293 283 128 7 1 19 68 151 287 289 190 19 53 129 235 302 222 76 7 0 
24 110 141 196 205 191 103 54 3 85 134 181 215 224 154 28 147 195 198 219 139 66 28 32 
125 233 203 190 158 68 36 11 15 188 203 205 172 171 65 5 368 291 213 73 34 28 12 5 
464 242 109 87 76 41 2 3 151 454 134 98 74 69 39 5 677 174 108 54 8 3 0 0 
217 204 159 136 167 92 47 2 94 257 167 145 170 153 38 0 401 237 175 122 54 30 5 0 
8 108 197 291 252 123 45 0 0 84 207 309 244 135 45 0 137 294 335 176 71 10 1 0 
207 497 201 95 22 2 0 0 70 528 283 104 33 6 0 0 541 372 98 12 1 0 0 0 
15 77 121 215 292 229 70 5 2 38 106 130 256 277 196 19 132 197 303 250 124 17 1 0 
28 120 150 209 234 211 63 9 3 86 117 170 231 264 123 30 192 228 268 216 99 18 3 0 
0 49 156 216 270 226 97 10 0 25 107 218 241 255 143 35 96 223 244 266 157 35 3 0 
14 103 153 207 147 159 141 100 2 64 149 196 190 158 152 113 232 237 149 127 135 114 28 2 
25 130 145 153 163 132 108 168 1 78 149 147 186 144 137 182 229 224 184 127 94 98 55 13 
38 88 73 149 175 140 135 226 16 69 78 122 187 163 140 249 190 216 173 150 110 106 73 6 
63 55 67 151 194 169 137 188 22 76 63 105 206 195 153 204 185 242 196 160 120 92 27 2 
40 134 178 239 159 103 72 99 13 112 151 219 217 126 69 117 282 300 181 102 62 50 43 4 
376 229 111 123 105 65 15 0 147 378 129 107 116 92 50 5 558 199 150 90 26 1 0 0 
10 43 162 215 231 315 39 9 5 32 120 218 220 272 147 10 123 248 276 316 53 5 3 0 
9 58 146 223 258 256 69 5 0 37 86 224 260 260 148 9 109 260 314 263 73 5 0 0 
0 26 154 192 205 256 109 82 0 11 96 197 184 258 181 97 127 209 237 246 125 57 21 2 
0 89 229 251 150 176 85 44 0 10 170 255 206 182 145 56 217 325 186 173 81 28 14 0 
0 68 162 151 169 203 118 153 0 25 136 168 154 189 188 164 198 205 182 204 101 82 49 3 
2 89 240 224 123 173 101 72 0 34 165 277 160 134 165 89 243 312 133 176 103 35 21 1 
14 92 174 199 177 193 92 83 3 57 122 228 171 186 156 101 262 242 172 199 96 40 13 0 
11 78 124 191 145 209 134 132 3 37 108 179 162 176 206 153 194 227 161 224 118 65 32 3 
16 87 183 224 217 188 88 21 3 38 111 219 205 231 173 44 193 263 253 211 78 21 4 1 
