0 0 0 0 0 1024 0 0 0 0 0 0 0 0 1020 4 0 0 0 0 0 0 0 1024 
0 0 0 0 0 1024 0 0 0 0 0 0 0 0 1018 6 0 0 0 0 0 0 0 1024 
0 0 0 0 1 1023 0 0 0 0 0 0 0 0 920 104 0 0 0 0 0 0 0 1024 
0 0 0 0 0 1024 0 0 0 0 0 0 0 0 569 455 0 0 0 0 0 0 0 1024 
0 0 0 0 0 1024 0 0 0 0 0 0 0 0 537 487 0 0 0 0 0 0 0 1024 
0 0 0 0 0 1024 0 0 0 0 0 0 0 0 270 754 0 0 0 0 0 0 0 1024 
0 0 0 0 0 1024 0 0 0 0 0 0 0 0 4 1020 0 0 0 0 0 0 0 1024 
0 0 0 0 0 1024 0 0 0 0 0 0 0 0 2 1022 0 0 0 0 0 0 0 1024 
0 0 0 0 0 1024 0 0 0 0 0 0 0 0 0 1024 0 0 0 0 0 0 0 1024 
0 0 0 0 0 1024 0 0 0 0 0 0 0 0 0 1024 0 0 0 0 0 0 0 1024 
0 0 0 0 3 1021 0 0 0 0 0 0 0 0 13 1011 0 0 0 0 0 0 2 1022 
0 0 0 0 0 1024 0 0 0 0 0 0 0 0 59 965 0 0 0 0 0 0 0 1024 
0 0 0 0 0 1024 0 0 0 0 0 0 0 0 230 794 0 0 0 0 0 0 0 1024 
0 0 0 0 0 1024 0 0 0 0 0 0 0 0 335 689 0 0 0 0 0 0 0 1024 
0 0 0 0 0 1024 0 0 0 0 0 0 0 0 414 610 0 0 0 0 0 0 0 1024 
0 0 0 0 0 1024 0 0 0 0 0 0 0 0 409 615 0 0 0 0 0 0 0 1024 
0 0 0 0 0 1024 0 0 0 0 0 0 0 0 299 725 0 0 0 0 0 0 0 1024 
0 0 0 0 0 1024 0 0 0 0 0 0 0 0 184 840 0 0 0 0 0 0 0 1024 
0 0 0 0 1 1023 0 0 0 0 0 0 0 0 43 981 0 0 0 0 0 0 0 1024 
0 0 0 0 0 1024 0 0 0 0 0 0 0 0 1 1023 0 0 0 0 0 0 0 1024 
0 0 0 0 0 1024 0 0 0 0 0 0 0 0 0 1024 0 0 0 0 0 0 0 1024 
0 0 0 0 0 1012 12 0 0 0 0 0 0 0 0 1024 0 0 0 0 0 0 0 1024 
0 0 0 0 0 990 34 0 0 0 0 0 0 0 1 1023 0 0 0 0 0 0 0 1024 
0 0 0 0 0 994 30 0 0 0 0 0 0 0 0 1024 0 0 0 0 0 0 0 1024 
0 0 0 0 1 998 25 0 0 0 0 0 0 1 9 1014 0 0 0 0 0 1 3 1020 
0 0 0 0 0 320 704 0 0 0 0 0 0 0 238 786 0 0 0 0 0 0 0 1024 
0 0 0 0 0 292 732 0 0 0 0 0 0 0 270 754 0 0 0 0 0 0 0 1024 
0 0 0 0 0 278 746 0 0 0 0 0 0 0 490 534 0 0 0 0 0 0 0 1024 
0 0 0 0 0 240 784 0 0 0 0 0 0 0 568 456 0 0 0 0 0 0 0 1024 
0 0 0 0 0 152 872 0 0 0 0 0 0 0 497 527 0 0 0 0 0 0 0 1024 
0 0 0 0 0 97 927 0 0 0 0 0 0 0 344 680 0 0 0 0 0 0 0 1024 
0 0 0 0 0 104 920 0 0 0 0 0 0 0 307 717 0 0 0 0 0 0 0 1024 
0 0 0 0 0 125 899 0 0 0 0 0 0 0 288 736 0 0 0 0 0 0 0 1024 
0 0 0 0 0 172 852 0 0 0 0 0 0 0 367 657 0 0 0 0 0 0 0 1024 
0 0 0 0 0 187 837 0 0 0 0 0 0 0 133 891 0 0 0 0 0 0 0 1024 
0 0 0 0 0 177 847 0 0 0 0 0 0 0 264 760 0 0 0 0 0 0 0 1024 
0 27 100 73 49 327 448 0 0 6 83 83 52 43 695 62 0 5 71 87 49 46 46 720 
0 12 44 43 50 364 511 0 0 1 29 44 50 49 816 35 0 1 23 42 44 47 47 820 
7 115 111 62 36 440 253 0 0 38 136 96 40 43 656 15 0 35 130 93 47 32 60 627 
0 85 217 74 60 455 133 0 0 10 165 166 54 54 569 6 0 7 151 166 56 49 61 534 
33 264 215 94 81 249 88 0 2 108 295 152 77 85 295 10 0 97 288 156 71 69 110 233 
0 29 127 110 86 429 243 0 0 7 88 118 96 89 611 15 0 6 70 116 92 80 84 576 
0 0 0 0 0 345 679 0 0 0 0 0 0 0 604 420 0 0 0 0 0 0 1 1023 
0 0 0 0 0 359 665 0 0 0 0 0 0 0 248 776 0 0 0 0 0 0 0 1024 
0 0 0 0 0 376 648 0 0 0 0 0 0 0 84 940 0 0 0 0 0 0 0 1024 
0 0 0 0 0 304 720 0 0 0 0 0 0 0 5 1019 0 0 0 0 0 0 0 1024 
0 0 0 0 0 194 830 0 0 0 0 0 0 0 0 1024 0 0 0 0 0 0 0 1024 
0 48 79 35 31 163 667 1 0 32 83 38 34 22 29 786 0 56 70 36 27 24 27 784 
252 479 90 45 29 75 54 0 44 581 176 42 31 26 23 101 213 502 99 41 23 24 25 97 
260 583 58 29 19 49 26 0 20 700 166 27 23 13 30 45 291 534 72 25 16 11 31 44 
0 10 202 108 39 32 631 2 0 19 214 86 39 32 429 205 0 32 211 73 36 26 36 610 
0 0 0 1 4 5 736 278 0 0 0 2 4 4 746 268 0 0 0 2 2 5 6 1009 
0 0 0 0 0 0 717 307 0 0 0 0 0 0 948 76 0 0 0 0 0 0 0 1024 
0 0 0 0 0 0 717 307 0 0 0 0 0 0 960 64 0 0 0 0 0 0 0 1024 
0 0 0 0 0 0 786 238 0 0 0 0 0 0 1024 0 0 0 0 0 0 0 3 1021 
0 0 0 3 39 44 712 226 0 0 0 11 43 37 928 5 0 0 0 5 38 40 45 896 
0 0 0 0 4 11 705 304 0 0 0 0 7 11 926 80 0 0 0 0 3 9 20 992 
0 0 0 0 0 0 643 381 0 0 0 0 0 0 710 314 0 0 0 0 0 0 0 1024 
0 0 0 0 0 0 664 360 0 0 0 0 0 0 509 515 0 0 0 0 0 0 0 1024 
0 0 0 0 0 0 616 408 0 0 0 0 0 0 207 817 0 0 0 0 0 0 0 1024 
3 83 203 123 69 58 349 136 0 56 167 170 65 57 140 369 0 76 146 163 60 58 70 451 
100 540 314 40 11 13 6 0 4 402 442 135 16 17 6 2 36 451 390 104 19 15 4 5 
54 339 211 157 91 52 119 1 3 221 283 195 104 74 53 91 16 248 267 178 85 80 40 110 
4 138 336 242 136 89 79 0 0 43 241 342 178 100 76 44 0 67 261 320 170 86 64 56 
43 376 410 137 21 16 21 0 0 220 385 310 60 17 25 7 10 275 360 282 46 14 15 22 
84 511 304 94 13 6 12 0 5 358 381 220 37 7 12 4 37 404 345 183 32 7 5 11 
17 350 407 143 54 40 13 0 1 212 395 271 68 52 25 0 5 269 372 235 68 49 26 0 
0 55 145 167 122 116 373 46 0 33 146 167 122 101 146 309 0 38 142 154 122 99 122 347 
0 0 0 0 1 6 287 730 0 0 0 0 0 4 7 1013 0 0 0 0 0 2 5 1017 
0 0 0 0 0 0 238 786 0 0 0 0 0 0 2 1022 0 0 0 0 0 0 1 1023 
0 7 30 11 25 22 274 655 0 2 25 20 20 23 62 872 0 6 27 17 20 22 54 878 
9 79 96 38 31 27 293 451 3 51 109 45 40 23 52 701 12 73 97 36 34 27 56 689 
68 544 162 78 43 37 76 16 20 526 217 83 40 42 42 54 133 528 131 70 40 31 52 39 
418 320 112 61 45 40 28 0 191 542 119 57 44 38 27 6 577 207 88 56 37 39 20 0 
412 536 61 10 4 1 0 0 241 679 86 11 6 1 0 0 684 302 27 7 3 1 0 0 
0 186 601 139 73 21 4 0 0 271 568 101 65 17 2 0 0 470 406 84 50 13 1 0 
0 0 19 35 33 41 78 818 0 0 22 34 36 40 77 815 0 0 35 25 31 38 62 833 
0 0 0 0 4 40 58 922 0 0 0 0 2 44 67 911 0 0 0 0 5 41 59 919 
0 3 90 115 67 60 49 640 0 2 64 130 78 60 147 543 0 8 106 120 52 59 44 635 
0 9 190 289 148 92 112 184 0 10 205 284 147 104 188 86 0 30 298 217 112 96 104 167 
0 0 268 356 152 110 110 28 0 0 230 426 160 114 93 1 0 0 381 284 143 112 87 17 
0 0 92 387 182 130 96 137 0 0 61 410 213 146 119 75 0 0 127 391 158 136 103 109 
0 0 15 84 118 143 119 545 0 0 3 89 120 145 157 510 0 0 15 94 117 134 130 534 
0 0 0 0 6 58 71 889 0 0 0 0 1 44 66 913 0 0 0 0 2 51 66 905 
0 0 0 0 47 81 56 840 0 0 0 0 29 81 71 843 0 0 0 0 39 81 64 840 
1 160 229 95 75 73 94 297 0 76 258 145 77 88 110 270 1 155 241 105 69 78 103 272 
211 516 263 33 1 0 0 0 66 491 354 107 6 0 0 0 229 504 260 31 0 0 0 0 
51 426 475 70 2 0 0 0 16 165 556 264 23 0 0 0 38 372 505 107 2 0 0 0 
13 523 438 48 2 0 0 0 0 146 639 227 11 1 0 0 4 426 509 83 2 0 0 0 
206 441 296 81 0 0 0 0 14 455 288 245 22 0 0 0 160 426 301 133 4 0 0 0 
465 464 91 4 0 0 0 0 49 717 215 43 0 0 0 0 369 519 126 10 0 0 0 0 
351 483 136 26 8 7 13 0 68 618 258 49 10 7 14 0 292 530 147 27 8 8 12 0 
23 249 122 117 132 141 157 83 0 196 176 128 123 149 147 105 22 237 139 114 133 140 142 97 
0 2 39 101 51 56 118 657 0 0 4 67 88 60 69 736 0 0 25 100 58 54 86 701 
0 5 195 230 109 84 92 309 0 0 123 229 143 110 93 326 0 3 198 213 121 89 83 317 
0 168 505 196 90 47 18 0 0 40 556 236 104 62 25 1 0 198 491 192 84 45 14 0 
244 585 146 37 11 1 0 0 20 541 379 58 19 7 0 0 220 595 160 37 8 4 0 0 
699 315 10 0 0 0 0 0 108 817 99 0 0 0 0 0 675 340 9 0 0 0 0 0 
861 163 0 0 0 0 0 0 276 730 18 0 0 0 0 0 933 91 0 0 0 0 0 0 
466 497 37 9 10 5 0 0 61 855 81 12 10 5 0 0 777 212 17 8 9 1 0 0 
0 0 0 0 71 944 9 0 0 0 0 0 115 873 36 0 0 0 0 0 75 932 17 0 
0 0 0 0 7 920 97 0 0 0 0 0 8 864 152 0 0 0 0 0 8 868 148 0 
114 104 35 18 17 504 232 0 124 100 31 17 20 651 81 0 173 63 26 16 20 622 104 0 
81 603 272 32 30 5 1 0 44 485 393 63 34 3 2 0 246 551 180 24 20 3 0 0 
1 186 357 180 163 135 2 0 0 82 344 280 296 21 1 0 7 244 350 317 102 4 0 0 
0 68 723 196 32 5 0 0 0 2 497 442 70 12 1 0 0 124 715 163 18 4 0 0 
0 14 418 496 93 3 0 0 0 0 172 533 290 29 0 0 0 28 449 464 81 2 0 0 
0 9 222 449 153 75 65 51 0 0 23 404 362 89 69 77 0 5 290 426 112 77 55 59 
0 0 61 177 193 224 201 168 0 0 28 131 190 198 219 258 0 1 75 179 185 190 212 182 
0 6 63 296 412 187 46 14 0 0 10 160 406 337 81 30 0 5 71 276 403 203 49 17 
4 205 464 301 44 6 0 0 0 81 261 493 166 19 4 0 7 200 440 304 63 10 0 0 
22 425 291 196 87 3 0 0 0 220 379 230 150 45 0 0 31 446 272 188 83 4 0 0 
5 335 483 167 34 0 0 0 0 51 441 395 121 16 0 0 4 278 497 208 37 0 0 0 
7 171 565 264 15 2 0 0 0 11 331 543 130 9 0 0 1 135 555 307 24 2 0 0 
106 560 256 97 5 0 0 0 0 374 404 208 38 0 0 0 80 564 266 107 7 0 0 0 
112 399 361 145 7 0 0 0 3 282 335 302 100 2 0 0 114 391 343 164 12 0 0 0 
174 412 307 124 7 0 0 0 3 332 350 241 95 3 0 0 171 414 299 130 10 0 0 0 
184 409 296 131 3 1 0 0 2 433 191 269 125 4 0 0 202 357 284 170 10 1 0 0 
106 373 410 123 10 1 1 0 4 170 363 375 106 4 2 0 95 336 412 167 12 1 1 0 
72 386 294 182 61 23 6 0 0 203 339 293 134 37 16 2 66 377 305 189 63 19 5 0 
196 488 268 57 13 2 0 0 7 347 492 138 28 11 1 0 162 562 234 52 13 1 0 0 
508 418 93 5 0 0 0 0 80 613 296 35 0 0 0 0 517 424 79 4 0 0 0 0 
587 360 71 6 0 0 0 0 104 620 249 44 7 0 0 0 611 344 62 7 0 0 0 0 
271 438 276 39 0 0 0 0 42 526 353 96 7 0 0 0 467 395 151 11 0 0 0 0 
150 613 233 28 0 0 0 0 4 414 443 148 15 0 0 0 388 491 136 9 0 0 0 0 
76 101 131 115 119 350 132 0 71 84 148 113 119 379 110 0 109 122 134 107 154 370 28 0 
54 142 175 136 172 271 74 0 34 123 178 164 192 280 53 0 109 170 168 137 203 222 15 0 
35 219 370 166 104 92 38 0 34 187 381 183 116 114 9 0 96 301 312 131 103 81 0 0 
38 144 103 275 399 65 0 0 42 140 134 360 327 21 0 0 100 98 186 346 286 8 0 0 
117 217 292 271 102 25 0 0 56 168 246 307 212 34 1 0 162 224 317 241 78 2 0 0 
76 274 352 242 76 4 0 0 13 136 288 337 195 54 1 0 107 299 339 216 62 1 0 0 
1 98 282 363 241 38 1 0 0 21 181 308 327 165 22 0 4 135 296 345 211 33 0 0 
0 77 235 386 288 36 2 0 0 88 182 280 370 97 7 0 12 146 283 411 164 8 0 0 
0 30 211 386 338 56 3 0 0 24 145 340 374 130 11 0 1 76 298 371 251 26 1 0 
0 2 148 664 184 23 3 0 0 0 37 518 425 38 6 0 0 3 208 660 136 16 1 0 
0 104 466 273 74 79 28 0 0 11 260 477 168 83 25 0 0 109 490 262 93 66 4 0 
0 150 366 336 147 24 1 0 0 57 288 342 262 65 9 1 1 205 340 323 137 17 1 0 
0 22 208 416 297 69 12 0 0 2 59 292 402 235 30 4 0 23 226 401 295 70 9 0 
0 37 229 420 224 97 16 1 0 25 141 361 317 151 28 1 2 57 284 376 225 69 10 1 
13 220 252 294 206 36 3 0 3 148 259 276 259 75 4 0 40 252 273 291 153 15 0 0 
58 275 180 177 167 158 9 0 1 174 213 196 169 155 115 1 66 265 187 185 150 162 9 0 
21 148 294 279 235 45 2 0 0 49 159 312 277 191 34 2 19 132 301 286 230 53 3 0 
9 183 270 352 202 8 0 0 0 47 186 275 340 167 9 0 8 176 263 351 214 11 1 0 
65 334 276 258 86 5 0 0 14 250 302 291 142 23 2 0 100 323 289 242 68 2 0 0 
110 359 286 169 94 6 0 0 41 290 319 230 128 16 0 0 136 385 264 168 69 2 0 0 
159 380 234 167 82 2 0 0 5 291 303 225 151 48 1 0 150 378 236 180 76 4 0 0 
139 341 269 230 45 0 0 0 17 315 306 273 111 2 0 0 194 326 280 200 24 0 0 0 
163 282 378 178 22 1 0 0 76 230 320 289 95 13 1 0 215 308 356 125 20 0 0 0 
265 432 252 70 5 0 0 0 140 406 336 119 21 2 0 0 453 380 160 29 2 0 0 0 
363 492 155 13 1 0 0 0 100 530 308 79 6 1 0 0 609 340 71 4 0 0 0 0 
319 393 202 84 21 5 0 0 251 396 230 108 27 11 1 0 512 303 149 44 14 2 0 0 
357 389 186 71 17 4 0 0 208 399 249 122 34 10 2 0 493 331 137 47 13 3 0 0 
231 378 291 105 19 0 0 0 100 348 331 182 59 4 0 0 324 357 254 77 12 0 0 0 
25 169 279 320 193 38 0 0 5 73 200 264 339 139 4 0 40 188 266 341 165 24 0 0 
74 207 306 311 120 6 0 0 7 147 218 328 265 55 4 0 97 219 331 294 80 3 0 0 
51 150 274 318 215 16 0 0 13 72 164 269 286 198 22 0 57 157 270 306 213 21 0 0 
4 143 342 302 154 38 19 22 0 48 193 336 250 135 26 36 10 154 317 298 160 42 23 20 
0 80 216 233 203 139 49 104 0 43 178 241 225 168 51 118 4 119 211 242 196 114 38 100 
0 13 136 222 215 178 116 144 0 20 156 270 207 134 64 173 0 37 203 248 222 105 88 121 
0 28 96 180 329 307 75 9 0 52 163 384 284 119 20 2 14 79 140 365 320 95 9 2 
0 0 26 115 202 334 289 58 0 2 81 200 318 327 91 5 33 163 290 311 157 67 3 0 
0 0 12 130 333 381 156 12 0 1 46 188 367 334 82 6 0 28 145 343 382 120 6 0 
0 15 124 353 292 210 30 0 0 1 80 220 346 246 128 3 0 27 145 377 268 188 19 0 
0 61 165 236 166 207 135 54 0 49 133 217 181 214 202 28 3 95 183 233 220 222 68 0 
0 3 82 127 218 285 255 54 0 35 151 242 219 269 105 3 2 75 166 258 344 167 12 0 
0 23 29 147 408 363 54 0 0 10 23 119 345 435 92 0 6 23 52 253 472 212 6 0 
0 47 427 350 196 4 0 0 0 14 304 397 280 29 0 0 0 96 474 345 108 1 0 0 
0 24 375 405 218 2 0 0 0 3 141 455 293 130 2 0 0 53 415 369 185 2 0 0 
104 107 176 383 134 75 42 3 84 94 135 277 300 93 39 2 130 124 177 402 125 61 5 0 
134 198 145 182 151 122 91 1 97 225 134 198 180 172 18 0 216 164 168 193 230 52 1 0 
17 145 251 297 228 82 4 0 19 134 244 283 214 116 14 0 51 182 250 258 211 68 4 0 
170 284 198 204 109 54 5 0 134 329 223 206 116 16 0 0 335 290 231 150 16 2 0 0 
90 308 254 204 113 46 8 1 56 315 299 205 117 27 5 0 525 293 127 73 6 0 0 0 
428 336 136 91 31 1 1 0 331 375 172 103 39 3 1 0 638 225 110 45 5 1 0 0 
491 338 131 52 12 0 0 0 211 523 181 82 21 6 0 0 706 209 87 19 3 0 0 0 
551 248 132 70 22 1 0 0 517 270 129 75 32 1 0 0 676 189 102 49 8 0 0 0 
821 136 40 22 4 1 0 0 768 184 45 21 5 1 0 0 901 82 33 6 2 0 0 0 
326 396 210 61 22 8 1 0 212 306 298 138 48 15 7 0 382 383 173 58 20 7 1 0 
136 375 239 158 99 17 0 0 13 289 305 181 143 81 12 0 187 356 210 169 86 16 0 0 
122 257 237 301 103 4 0 0 15 221 212 212 273 83 8 0 88 249 226 255 179 24 3 0 
117 356 263 197 74 17 0 0 4 279 278 204 181 63 15 0 57 372 276 200 82 35 2 0 
15 106 183 199 195 161 87 78 0 29 128 173 197 184 160 153 0 87 151 176 179 145 166 120 
0 6 55 156 256 232 128 191 0 1 25 86 183 270 188 271 0 1 35 81 171 268 245 223 
0 1 20 66 216 314 240 167 0 0 12 41 146 302 281 242 0 0 17 53 131 298 332 193 
0 56 52 57 181 318 309 51 0 38 63 58 127 387 282 69 6 69 57 58 268 404 147 15 
0 0 12 53 169 297 354 139 0 0 18 71 168 308 370 89 2 12 62 116 251 433 148 0 
0 1 38 117 199 269 322 78 0 1 32 105 220 261 359 46 0 11 46 130 282 427 128 0 
0 5 35 168 227 198 177 214 0 2 34 138 250 226 268 106 0 16 71 248 269 283 137 0 
0 44 86 96 84 135 292 287 0 24 68 122 84 157 363 206 6 52 114 104 145 338 258 7 
0 0 4 8 86 293 450 183 0 0 5 15 115 327 411 151 1 5 25 145 371 365 112 0 
0 8 71 128 222 255 303 37 0 7 49 131 206 248 312 71 5 62 162 242 297 224 32 0 
2 56 240 290 200 164 62 10 0 22 169 287 220 203 89 34 11 93 281 261 197 133 48 0 
7 243 324 189 150 103 8 0 0 138 316 233 162 125 49 1 31 293 303 164 143 85 5 0 
115 391 225 116 117 51 9 0 86 362 255 127 117 69 8 0 234 345 203 126 97 18 1 0 
7 52 134 109 134 191 328 69 5 66 145 111 164 270 258 5 31 132 125 177 261 286 12 0 
14 46 59 111 218 334 239 3 12 50 63 135 285 333 143 3 30 57 101 212 367 248 8 1 
0 5 75 108 189 305 307 35 0 17 105 115 233 300 240 14 74 90 138 239 228 209 46 0 
0 17 58 206 308 217 208 10 0 24 108 301 266 248 76 1 449 173 153 110 120 19 0 0 
170 373 147 75 63 82 113 1 30 535 153 74 71 139 22 0 523 199 77 74 139 12 0 0 
820 184 14 6 0 0 0 0 139 846 31 7 1 0 0 0 978 38 6 2 0 0 0 0 
515 312 118 32 27 19 1 0 504 339 107 36 31 6 1 0 752 175 63 31 3 0 0 0 
95 237 211 230 176 66 9 0 147 298 233 193 126 26 1 0 387 260 238 122 17 0 0 0 
110 212 218 238 111 82 53 0 56 249 198 205 147 102 61 6 205 221 244 165 109 70 10 0 
4 46 146 305 212 230 79 2 0 18 99 234 357 198 111 7 7 60 215 371 214 138 15 4 
2 83 364 330 123 99 23 0 0 60 232 347 265 94 26 0 6 202 375 305 110 26 0 0 
5 99 232 225 185 152 92 34 2 143 199 206 202 147 103 22 33 232 205 193 190 126 44 1 
0 53 76 92 155 256 323 69 0 60 72 89 148 274 332 49 13 89 62 119 206 375 158 2 
0 2 22 162 401 317 116 4 0 0 8 63 287 405 240 21 0 3 59 203 361 328 70 0 
0 0 21 155 449 352 46 1 0 0 8 74 304 509 127 2 0 7 68 256 495 194 4 0 
0 2 59 235 432 222 55 19 0 2 42 176 396 320 68 20 0 4 49 222 455 240 54 0 
0 30 95 180 255 210 176 78 0 29 81 174 224 260 189 67 3 43 100 178 295 253 139 13 
0 15 43 104 128 158 349 227 0 18 45 104 127 178 374 178 0 25 43 100 191 309 315 41 
0 12 76 100 218 294 309 15 0 12 72 98 202 346 282 12 0 41 103 171 314 358 36 1 
0 40 146 361 319 126 29 3 0 21 104 177 361 272 81 8 3 65 143 263 357 163 29 1 
0 0 8 26 70 195 393 332 0 0 10 21 57 142 321 473 0 6 28 65 109 261 407 148 
0 3 36 82 133 229 337 204 0 0 31 72 118 184 331 288 0 10 43 110 137 385 318 21 
4 79 191 221 250 205 65 9 2 44 146 202 225 238 144 23 14 105 196 219 249 188 50 3 
4 90 196 282 312 132 8 0 0 35 132 211 301 268 76 1 13 90 200 282 314 119 6 0 
2 55 176 286 306 183 16 0 0 32 104 212 292 291 92 1 4 70 188 288 294 169 11 0 
1 49 142 206 242 201 96 87 0 32 120 209 262 210 177 14 10 79 220 269 257 180 9 0 
0 4 37 124 242 434 148 35 0 9 43 159 417 317 74 5 0 31 119 411 373 86 4 0 
0 31 147 255 288 186 101 16 0 12 100 314 324 183 78 13 52 108 307 277 176 92 12 0 
6 54 110 192 214 200 183 65 10 69 119 212 214 235 116 49 136 115 171 229 208 134 31 0 
391 253 80 65 90 104 41 0 145 497 105 72 106 75 24 0 620 115 84 101 81 23 0 0 
444 212 39 28 18 15 150 118 124 515 55 29 19 18 218 46 585 99 32 23 17 194 74 0 
489 258 50 106 64 57 0 0 426 307 51 39 100 88 13 0 699 73 46 87 87 32 0 0 
8 69 93 138 376 300 35 5 46 78 55 108 238 409 82 8 73 85 86 195 400 176 9 0 
7 57 92 118 226 301 210 13 38 81 135 218 229 231 91 1 65 89 138 276 384 70 2 0 
0 4 89 187 339 282 109 14 1 58 168 372 287 109 29 0 2 88 226 404 267 37 0 0 
0 65 244 221 207 158 124 5 10 139 304 186 151 129 105 0 24 246 281 196 148 111 18 0 
0 29 37 74 184 409 276 15 0 45 22 62 132 330 401 32 16 39 36 110 249 471 91 12 
0 1 28 160 362 350 122 1 0 1 12 109 296 408 195 3 0 5 51 214 425 296 33 0 
1 60 106 229 345 243 39 1 0 28 75 176 300 332 110 3 14 82 150 237 357 173 11 0 
3 70 178 260 250 154 103 6 0 40 154 196 264 210 142 18 26 154 227 247 192 132 46 0 
0 10 136 390 297 128 54 9 0 6 76 292 382 178 81 9 1 27 181 427 262 105 21 0 
0 32 121 300 348 170 48 5 0 24 83 219 327 266 95 10 1 53 101 292 369 176 30 2 
37 221 246 152 109 67 107 85 1 174 236 196 145 86 162 24 108 274 215 130 88 141 68 0 
44 297 270 163 97 74 71 8 2 221 279 212 141 81 77 11 126 319 242 142 81 76 38 0 
0 4 127 356 245 203 77 12 0 0 18 220 346 267 142 31 0 3 133 335 280 219 46 8 
0 3 33 149 231 316 257 35 0 0 25 104 206 295 296 98 0 4 49 163 250 314 221 23 
15 128 194 205 232 167 73 10 6 123 173 209 216 184 95 18 45 146 198 206 212 152 62 3 
81 179 202 206 173 145 37 1 65 165 188 186 181 149 83 7 124 200 197 189 172 117 25 0 
34 187 251 238 174 113 24 3 3 149 212 245 202 136 71 6 66 215 245 236 156 94 12 0 
91 214 244 242 162 71 0 0 40 180 203 232 217 125 27 0 133 212 234 239 151 54 1 0 
112 368 274 155 85 29 1 0 53 350 257 190 107 58 9 0 231 322 244 139 70 17 1 0 
10 151 223 280 258 90 12 0 6 135 221 313 261 80 8 0 52 198 300 304 157 13 0 0 
91 290 407 200 35 1 0 0 21 208 334 350 101 10 0 0 169 352 362 127 14 0 0 0 
152 303 332 151 55 20 11 0 77 205 342 263 92 29 14 2 247 345 276 103 36 15 2 0 
80 161 207 237 161 95 60 23 40 208 219 273 128 74 53 29 205 209 300 144 77 52 37 0 
102 105 106 161 118 98 247 87 72 167 131 139 110 167 220 18 179 129 163 130 170 213 40 0 
20 72 22 15 656 232 7 0 19 76 19 12 562 319 17 0 89 25 12 60 837 1 0 0 
0 0 0 0 828 196 0 0 0 0 0 0 675 335 14 0 0 0 0 15 927 82 0 0 
0 27 67 64 627 239 0 0 1 24 66 53 193 679 8 0 3 56 58 49 556 302 0 0 
15 83 193 250 216 175 91 1 17 97 181 223 257 193 55 1 67 156 231 275 161 130 4 0 
0 18 140 238 348 221 58 1 0 11 71 211 327 337 67 0 2 43 194 280 358 140 7 0 
0 2 44 197 399 346 33 3 0 1 17 116 322 421 137 10 0 6 72 267 438 221 18 2 
0 4 46 148 319 388 116 3 0 3 39 131 251 383 208 9 0 22 84 216 365 295 42 0 
0 0 7 119 400 428 70 0 0 0 1 43 265 495 215 5 0 1 12 177 427 375 32 0 
0 4 80 230 397 292 20 1 0 1 48 194 335 364 79 3 0 24 141 284 394 173 8 0 
16 128 318 277 194 74 14 3 19 113 292 270 206 94 27 3 59 230 308 254 134 33 6 0 
2 83 180 209 244 250 55 1 3 63 148 192 241 294 82 1 24 114 231 226 239 154 36 0 
0 88 149 219 258 197 100 13 0 68 124 210 267 239 90 26 24 117 177 245 247 131 75 8 
12 175 334 326 164 13 0 0 1 86 232 330 302 71 2 0 67 260 381 277 38 1 0 0 
0 15 85 205 320 268 119 12 0 20 89 208 342 273 84 8 19 109 244 349 250 45 8 0 
14 90 137 152 249 261 107 14 34 91 137 196 307 200 56 3 116 158 244 310 157 35 3 1 
19 193 165 149 150 225 118 5 39 196 185 147 199 206 51 1 181 237 181 251 152 21 1 0 
4 65 82 129 204 273 232 35 5 61 95 167 240 309 125 22 70 103 197 273 244 116 21 0 
0 30 89 107 140 199 366 93 1 43 84 102 151 247 340 56 23 72 107 133 226 351 109 3 
95 246 205 143 122 111 97 5 47 314 210 148 118 138 49 0 167 328 166 139 144 74 6 0 
139 581 244 39 10 4 7 0 99 577 282 39 16 4 5 2 295 558 128 26 8 4 5 0 
104 325 377 141 40 37 0 0 111 310 366 157 75 5 0 0 268 369 277 98 10 2 0 0 
329 319 252 117 7 0 0 0 215 350 244 189 25 1 0 0 490 294 202 37 1 0 0 0 
198 330 320 99 10 31 36 0 96 283 354 198 23 17 52 1 348 386 196 23 27 43 1 0 
0 68 133 123 95 78 308 219 0 78 168 134 65 106 301 172 35 158 150 93 103 292 166 27 
61 122 231 169 89 146 194 12 65 217 243 110 48 168 166 7 135 264 193 78 145 180 29 0 
0 14 73 110 573 250 4 0 0 12 71 95 451 380 15 0 126 261 191 189 257 0 0 0 
0 3 11 38 699 273 0 0 0 2 12 36 623 351 0 0 80 170 181 297 296 0 0 0 
0 1 19 90 540 374 0 0 0 0 12 61 193 746 12 0 0 5 43 134 789 53 0 0 
35 188 305 204 136 84 69 3 26 122 297 219 177 123 60 0 81 319 258 231 118 17 0 0 
9 149 236 255 189 100 85 1 0 60 211 247 238 162 98 8 24 175 254 251 182 121 17 0 
0 13 54 82 211 413 240 11 0 12 46 88 241 422 208 7 4 29 76 179 374 336 26 0 
0 121 174 122 134 292 165 16 0 100 194 122 152 288 154 14 10 196 159 131 245 243 39 1 
1 43 128 255 302 251 44 0 1 39 127 248 258 240 106 5 3 88 200 267 280 171 15 0 
32 259 208 164 177 170 14 0 7 240 222 161 178 183 33 0 113 276 196 182 191 63 3 0 
8 69 181 207 239 310 10 0 0 36 119 178 211 390 88 2 16 76 184 211 334 193 10 0 
8 97 168 175 170 373 33 0 1 68 136 162 183 394 75 5 26 100 172 177 364 164 21 0 
4 75 118 144 235 431 16 1 0 55 110 132 178 484 63 2 18 100 110 178 476 132 10 0 
3 49 88 126 217 432 89 20 2 38 86 115 171 477 112 23 20 87 122 193 509 76 16 1 
9 104 160 200 235 235 79 2 19 119 178 214 225 201 58 10 159 220 233 212 161 37 2 0 
52 155 152 205 208 162 89 1 113 189 200 222 200 93 7 0 320 252 239 167 44 2 0 0 
27 155 230 209 173 154 73 3 77 207 265 199 178 93 5 0 286 297 220 178 42 1 0 0 
123 240 210 192 139 93 26 1 150 221 234 172 139 92 16 0 371 258 196 145 49 5 0 0 
67 174 173 199 196 169 45 1 78 204 182 224 187 130 18 1 265 216 248 201 84 10 0 0 
25 190 304 123 115 177 84 6 46 259 244 109 196 131 37 2 204 313 164 214 102 25 2 0 
47 261 308 183 166 46 13 0 61 314 302 157 159 30 1 0 221 365 224 181 32 1 0 0 
41 211 141 234 304 93 0 0 47 225 155 241 309 47 0 0 216 195 234 374 5 0 0 0 
5 32 57 274 419 237 0 0 5 39 61 292 461 166 0 0 38 64 331 534 57 0 0 0 
11 65 106 210 396 176 57 3 2 67 102 302 363 143 43 2 56 139 407 291 100 30 1 0 
10 76 113 135 157 242 272 19 30 101 116 145 181 280 171 0 209 147 157 147 234 130 0 0 
65 32 40 75 276 465 65 6 71 42 46 90 372 356 46 1 123 58 107 443 274 19 0 0 
529 260 152 69 12 2 0 0 313 305 209 132 55 8 2 0 631 216 134 38 4 1 0 0 
86 223 218 197 243 57 0 0 57 200 238 209 224 95 1 0 468 332 141 74 9 0 0 0 
0 0 16 15 660 333 0 0 0 2 13 18 485 506 0 0 4 47 127 470 376 0 0 0 
7 45 106 170 625 71 0 0 5 40 88 151 670 70 0 0 30 82 157 649 106 0 0 0 
0 11 114 222 598 79 0 0 0 5 84 170 548 215 2 0 2 67 173 346 433 3 0 0 
0 73 58 86 491 316 0 0 0 77 54 87 646 159 1 0 31 72 74 170 673 4 0 0 
0 17 69 186 318 409 25 0 0 12 56 174 250 485 47 0 59 151 197 195 345 76 1 0 
0 1 56 170 442 345 10 0 0 1 45 147 300 505 26 0 89 279 253 201 157 42 3 0 
0 0 3 46 755 220 0 0 0 0 0 30 376 618 0 0 0 3 26 210 785 0 0 0 
3 35 90 167 507 222 0 0 0 13 61 134 276 540 0 0 11 52 132 193 635 1 0 0 
0 7 22 135 259 577 24 0 0 3 22 142 197 610 50 0 5 52 165 217 580 5 0 0 
0 14 45 145 462 300 55 3 0 11 31 108 261 498 102 13 11 51 142 305 447 60 8 0 
0 3 17 92 338 165 328 81 0 3 20 64 279 452 205 1 3 31 104 454 421 11 0 0 
0 3 39 122 302 387 156 15 0 7 47 139 341 353 123 14 3 48 171 367 294 127 14 0 
99 155 181 157 151 155 103 23 98 154 198 151 173 138 98 14 202 198 167 156 153 106 42 0 
191 276 184 149 90 68 51 15 185 299 192 150 107 60 25 6 376 238 177 95 75 44 17 2 
231 403 108 78 92 70 36 6 201 458 123 101 85 51 5 0 450 259 103 104 67 39 2 0 
70 314 216 159 140 105 19 1 45 319 210 119 129 144 58 0 207 297 196 155 122 47 0 0 
0 67 171 294 297 167 28 0 0 66 173 250 355 162 18 0 36 157 275 383 145 27 1 0 
0 2 27 170 308 513 4 0 0 1 18 118 388 483 15 1 1 14 131 390 483 4 1 0 
0 0 0 0 450 574 0 0 0 0 0 0 582 428 14 0 0 0 0 683 341 0 0 0 
0 0 0 0 472 552 0 0 0 0 0 0 572 450 2 0 0 0 3 836 185 0 0 0 
0 0 2 9 290 723 0 0 0 0 5 10 392 617 0 0 0 10 72 919 23 0 0 0 
0 17 182 105 203 517 0 0 0 35 197 90 275 427 0 0 77 209 92 559 87 0 0 0 
64 53 371 95 109 332 0 0 64 65 368 89 114 324 0 0 167 370 74 318 95 0 0 0 
666 251 84 20 3 0 0 0 439 343 174 52 15 1 0 0 770 187 54 13 0 0 0 0 
274 360 224 117 41 8 0 0 157 388 265 155 50 9 0 0 838 149 34 2 1 0 0 0 
0 0 10 61 643 310 0 0 0 0 7 54 505 458 0 0 44 114 197 464 205 0 0 0 
0 0 0 0 948 76 0 0 0 0 0 0 691 333 0 0 0 0 0 533 491 0 0 0 
0 0 0 0 1018 6 0 0 0 0 0 0 716 308 0 0 0 0 0 357 667 0 0 0 
0 0 0 0 828 196 0 0 0 0 0 0 114 910 0 0 0 0 0 27 997 0 0 0 
37 178 273 276 216 44 0 0 12 104 226 279 238 160 5 0 445 229 158 98 94 0 0 0 
21 184 291 256 219 50 3 0 1 153 286 249 233 96 6 0 698 259 57 10 0 0 0 0 
0 6 45 74 220 561 117 1 0 6 45 70 185 606 112 0 40 73 119 350 430 12 0 0 
0 13 73 174 421 307 33 3 0 5 54 113 348 434 67 3 1 55 137 405 384 39 3 0 
0 10 43 142 315 351 155 8 0 16 55 152 313 335 134 19 22 77 228 389 228 71 9 0 
0 4 49 160 316 352 142 1 0 1 24 87 240 362 281 29 1 35 141 348 344 144 11 0 
0 6 81 199 340 305 93 0 0 2 37 142 352 372 115 4 1 41 241 410 245 84 2 0 
0 14 60 145 194 285 283 43 0 22 82 153 248 347 172 0 9 61 159 211 349 222 13 0 
0 6 80 115 170 226 272 155 1 58 128 164 213 274 159 27 3 79 135 173 245 265 108 16 
0 6 56 118 224 296 272 52 3 32 112 232 302 291 51 1 4 57 127 247 310 256 23 0 
1 94 273 291 178 103 83 1 4 61 210 332 246 91 31 49 31 220 317 245 116 91 4 0 
9 86 252 203 135 198 139 2 0 38 167 242 184 184 183 26 51 205 257 168 226 107 10 0 
0 5 20 108 336 282 200 73 0 3 16 67 214 378 288 58 5 15 82 294 449 125 53 1 
0 0 15 147 481 204 158 19 0 0 2 78 264 518 138 24 0 6 106 386 463 46 17 0 
0 4 35 259 320 208 119 79 0 5 27 102 355 306 188 41 5 26 146 430 281 114 22 0 
0 14 57 93 237 460 129 34 0 20 66 86 177 407 236 32 23 63 134 283 426 70 25 0 
0 0 5 54 229 535 197 4 0 2 6 62 215 604 135 0 34 301 425 251 13 0 0 0 
0 0 0 0 15 857 152 0 0 0 0 0 36 923 65 0 0 69 215 652 88 0 0 0 
64 0 2 25 7 926 0 0 64 0 10 22 2 926 0 0 64 20 12 445 483 0 0 0 
848 133 34 8 1 0 0 0 776 182 54 8 4 0 0 0 936 73 11 4 0 0 0 0 
332 394 188 85 24 1 0 0 241 417 218 103 41 4 0 0 571 279 121 44 9 0 0 0 
24 155 188 185 241 230 1 0 11 141 183 176 232 276 5 0 96 192 207 232 293 4 0 0 
25 88 109 173 313 314 2 0 15 83 98 155 220 444 9 0 72 97 164 230 446 15 0 0 
0 6 33 83 593 308 1 0 0 3 29 70 493 420 9 0 1 25 66 302 621 9 0 0 
0 0 0 4 299 721 0 0 0 0 0 3 196 824 1 0 0 0 4 88 932 0 0 0 
37 157 251 271 208 93 7 0 4 93 226 246 264 156 33 2 99 238 264 255 143 21 4 0 
27 203 213 173 230 137 38 3 6 128 231 180 175 222 65 17 125 243 167 178 218 74 17 2 
2 19 28 126 373 336 130 10 0 12 19 79 314 344 188 68 10 20 72 292 372 194 63 1 
4 20 110 268 295 252 73 2 0 10 51 172 326 221 184 60 7 36 150 324 287 191 28 1 
18 57 128 172 260 254 118 17 10 37 93 151 239 231 210 53 22 83 151 219 253 228 66 2 
43 198 219 231 191 128 14 0 19 158 178 214 197 159 89 10 93 194 214 234 189 91 9 0 
37 169 224 266 203 118 7 0 8 150 187 266 218 159 36 0 80 182 252 258 191 59 2 0 
3 105 242 297 207 129 40 1 4 115 234 280 210 143 37 1 40 181 257 265 191 82 8 0 
0 1 58 212 395 284 73 1 0 8 61 232 433 235 54 1 0 21 114 331 393 144 20 1 
0 14 70 213 397 248 76 6 0 14 85 257 442 179 45 2 3 30 126 361 379 110 15 0 
0 27 91 165 275 285 138 43 13 58 131 236 290 177 78 41 42 96 181 316 233 112 43 1 
6 135 192 192 237 199 63 0 1 106 173 191 221 219 108 5 113 202 215 252 195 47 0 0 
13 79 139 132 170 205 240 46 5 63 129 143 169 280 187 48 61 139 161 254 285 91 28 5 
0 1 14 86 201 356 342 24 0 1 25 133 315 461 86 3 1 35 168 424 362 34 0 0 
4 245 276 93 81 104 96 125 2 350 202 69 120 157 114 10 300 239 113 170 174 18 3 7 
4 186 288 219 192 92 15 28 0 162 293 211 214 95 21 28 93 323 227 231 103 19 14 14 
2 59 191 287 259 188 38 0 0 62 179 281 254 165 81 2 56 196 302 253 164 53 0 0 
0 4 44 102 219 403 252 0 0 8 52 128 251 436 144 5 50 263 346 222 101 42 0 0 
64 2 9 23 48 559 319 0 64 4 13 25 49 677 192 0 91 98 108 264 461 2 0 0 
83 127 202 160 177 255 20 0 76 147 215 192 279 114 1 0 195 232 267 298 32 0 0 0 
319 221 155 185 113 30 1 0 330 212 177 194 95 15 1 0 510 205 207 91 10 1 0 0 
150 312 249 184 91 30 8 0 126 315 286 174 86 33 4 0 374 343 194 75 35 3 0 0 
38 129 193 212 180 225 47 0 35 121 183 202 181 197 104 1 146 201 234 191 173 79 0 0 
4 85 131 261 292 202 49 0 2 65 120 223 318 218 75 3 45 114 221 328 247 66 3 0 
0 0 3 30 163 380 446 2 0 0 3 38 221 640 122 0 0 15 140 639 220 10 0 0 
0 5 76 323 405 165 47 3 0 0 35 189 449 274 65 12 0 29 199 518 219 45 12 2 
0 17 92 240 223 211 206 35 0 1 44 158 251 229 200 141 0 27 115 267 222 201 177 15 
34 109 149 187 215 284 44 2 7 80 115 148 164 212 241 57 53 123 162 189 263 218 16 0 
37 219 207 180 158 175 48 0 3 168 184 183 169 129 145 43 89 241 197 163 161 156 17 0 
90 199 142 168 154 142 122 7 72 212 179 210 189 138 24 0 179 185 178 198 159 120 5 0 
58 78 91 139 249 267 123 19 67 111 128 249 264 179 26 0 101 101 141 259 267 148 7 0 
6 46 45 92 275 423 131 6 6 40 53 166 360 350 49 0 21 44 77 200 427 237 18 0 
0 12 53 97 207 378 255 22 1 45 102 275 455 141 5 0 7 40 103 270 441 158 5 0 
0 0 9 124 413 336 127 15 0 1 30 278 477 199 38 1 0 2 54 369 440 141 17 1 
0 1 72 254 359 262 70 6 0 18 148 386 338 119 15 0 0 31 189 393 315 88 8 0 
0 8 51 218 346 265 118 18 0 15 96 258 347 232 71 5 0 23 163 298 341 160 37 2 
0 26 53 143 335 373 88 6 0 25 67 172 301 356 101 2 18 57 136 240 357 202 14 0 
0 8 60 172 229 232 205 118 1 56 129 188 232 251 145 22 4 73 176 219 240 213 98 1 
0 5 57 137 186 122 146 371 0 5 46 111 179 157 196 330 2 34 128 163 150 190 344 13 
0 3 74 187 206 41 162 351 0 4 48 152 229 81 245 265 3 53 179 232 95 223 238 1 
0 15 57 176 242 123 179 232 0 14 53 152 216 180 257 152 15 72 189 234 147 238 129 0 
0 71 197 311 308 90 39 8 0 57 163 315 297 144 45 3 79 230 381 240 71 23 0 0 
0 57 178 274 260 163 92 0 0 68 196 279 258 168 52 3 142 286 347 206 40 3 0 0 
64 48 191 168 127 318 108 0 64 89 189 144 112 225 201 0 294 209 124 117 267 13 0 0 
5 143 148 155 211 242 104 16 5 150 181 180 258 189 61 0 72 245 236 276 146 48 1 0 
0 77 173 281 247 128 102 16 4 102 199 282 231 106 93 7 73 204 278 237 117 100 15 0 
0 9 69 159 182 336 236 33 0 11 77 166 187 364 194 25 7 56 144 185 339 250 43 0 
3 48 97 224 239 207 162 44 3 36 67 171 273 256 172 46 22 59 153 266 246 180 87 11 
0 37 102 212 255 206 108 104 0 22 78 159 251 246 147 121 2 56 124 227 250 185 85 95 
0 10 92 237 262 201 180 42 0 4 56 188 282 256 189 49 2 34 160 298 353 111 31 35 
0 3 36 180 341 264 200 0 0 2 21 104 352 337 208 0 1 24 137 381 428 53 0 0 
4 102 128 201 196 133 260 0 1 79 117 141 249 194 243 0 44 132 176 299 356 17 0 0 
15 128 167 179 215 232 83 5 18 118 184 174 192 222 107 9 55 175 180 198 267 125 24 0 
0 37 133 269 279 218 80 8 0 61 175 291 264 153 71 9 9 88 253 300 223 129 22 0 
0 33 182 263 268 197 77 4 3 78 284 322 234 96 7 0 8 126 309 299 204 72 6 0 
0 1 48 167 272 313 206 17 0 21 134 243 313 277 36 0 0 28 149 266 332 237 12 0 
0 11 75 212 344 290 90 2 0 64 192 275 314 154 25 0 0 67 220 300 312 121 4 0 
0 0 9 88 211 349 313 54 0 3 50 191 354 338 55 33 0 3 62 222 352 330 30 25 
0 2 60 213 310 282 134 23 0 3 100 254 339 263 57 8 0 15 160 274 344 195 31 5 
0 22 93 316 362 191 34 6 0 25 171 354 348 100 26 0 1 48 211 413 287 54 10 0 
0 15 164 347 240 146 94 18 2 83 303 318 187 116 15 0 4 102 345 292 163 105 13 0 
58 214 247 211 109 119 57 9 34 271 281 196 129 89 24 0 129 266 275 137 138 70 9 0 
7 93 304 304 186 95 33 2 2 73 225 331 219 107 62 5 20 137 325 275 163 84 20 0 
0 7 71 122 155 178 308 183 0 2 77 133 188 209 282 133 0 19 105 150 206 317 175 52 
0 0 0 0 6 76 424 518 0 0 0 0 6 68 424 526 0 0 0 1 46 271 600 106 
0 0 2 24 45 235 438 280 0 0 3 26 55 227 467 246 0 3 30 62 191 359 374 5 
0 30 136 291 221 124 172 50 0 35 150 300 222 128 175 14 36 226 305 207 170 79 1 0 
3 149 189 129 179 213 150 12 5 176 175 119 188 217 143 1 181 186 151 221 255 30 0 0 
77 19 77 142 241 249 203 16 90 12 80 134 234 241 203 30 116 90 128 270 222 169 29 0 
6 261 404 198 76 62 16 1 5 224 428 200 83 61 22 1 52 402 329 122 81 37 1 0 
0 37 157 289 232 172 114 23 0 43 176 250 241 177 111 26 13 110 262 230 206 147 53 3 
0 0 30 55 86 160 607 86 0 1 29 55 90 210 579 60 0 16 50 75 151 515 216 1 
0 38 130 178 135 134 361 48 4 92 158 152 100 197 301 20 129 164 114 88 147 301 81 0 
3 108 197 200 177 144 141 54 14 144 200 186 158 129 133 60 165 227 177 132 125 122 43 33 
0 30 139 350 306 112 44 43 0 22 137 345 305 122 44 49 9 146 314 308 148 45 25 29 
0 15 143 344 370 137 15 0 0 6 78 262 411 224 43 0 5 63 264 398 253 41 0 0 
0 20 104 344 347 169 40 0 0 12 61 217 443 230 59 2 9 59 270 469 196 21 0 0 
0 3 67 308 356 188 99 3 0 1 27 199 410 256 111 20 0 15 161 419 306 108 15 0 
1 41 144 366 309 128 33 2 0 30 70 288 351 213 61 11 8 53 212 367 286 84 13 1 
0 11 96 223 311 280 98 5 0 15 105 204 276 243 167 14 0 38 160 285 269 225 47 0 
0 68 116 194 220 269 156 1 2 66 97 180 239 280 155 5 13 84 145 213 261 267 41 0 
7 99 118 187 236 233 121 23 16 97 130 196 241 198 134 12 41 111 148 207 275 179 63 0 
0 3 20 87 239 475 198 2 0 4 11 79 144 325 437 24 0 4 30 110 237 492 151 0 
0 18 60 126 248 320 172 80 0 9 47 125 238 341 188 76 0 33 69 153 313 316 91 49 
0 40 155 220 333 248 28 0 0 13 101 172 254 351 129 4 0 57 151 224 347 229 16 0 
96 251 255 225 127 57 13 0 32 271 331 224 116 44 6 0 142 305 283 187 82 25 0 0 
48 291 275 200 114 79 17 0 35 278 322 202 106 74 7 0 129 329 282 156 95 33 0 0 
57 220 298 226 130 72 21 0 77 217 315 233 113 55 14 0 150 271 285 184 97 34 3 0 
0 15 203 276 201 132 140 57 0 23 221 302 178 130 154 16 0 85 309 265 167 190 8 0 
0 0 11 147 162 140 263 301 0 0 83 181 156 124 323 157 0 5 164 203 163 413 76 0 
0 0 0 4 21 216 403 380 0 0 0 13 39 251 395 326 0 0 11 65 281 520 147 0 
0 0 0 2 75 107 766 74 0 0 0 3 87 109 800 25 0 0 11 102 95 772 44 0 
0 0 0 0 15 72 882 55 0 0 0 0 19 67 902 36 0 0 0 28 69 850 76 1 
68 28 0 0 2 26 757 143 95 1 0 0 7 21 768 132 96 0 0 7 17 658 231 15 
