0 21 236 367 222 98 54 26 0 14 233 276 242 148 73 38 10 220 375 217 105 60 27 10 
0 1 72 188 260 240 174 89 0 0 62 96 202 282 219 163 5 86 231 273 231 129 54 15 
0 1 179 378 266 159 35 6 0 0 9 166 409 222 179 39 1 78 420 237 98 94 77 19 
0 10 149 324 279 226 28 8 0 0 33 174 250 245 283 39 5 71 210 197 160 163 187 31 
0 3 232 480 227 70 11 1 0 0 1 155 422 322 98 26 0 29 262 345 198 132 49 9 
0 4 405 433 115 45 22 0 0 0 0 169 550 213 61 31 2 82 474 290 109 52 12 3 
0 60 520 331 81 23 8 1 0 5 65 317 463 118 43 13 0 110 618 232 52 11 1 0 
36 329 492 147 17 3 0 0 0 9 138 443 374 53 7 0 18 283 556 155 12 0 0 0 
86 334 368 160 69 7 0 0 0 26 235 344 268 115 36 0 49 311 372 165 89 38 0 0 
320 466 186 48 4 0 0 0 3 210 450 279 71 10 1 0 296 467 199 53 9 0 0 0 
0 7 129 275 300 160 97 56 0 0 57 163 249 269 166 120 3 96 244 322 190 94 53 22 
0 1 21 100 253 303 237 109 0 1 20 11 84 295 335 278 2 35 166 284 268 176 68 25 
0 5 76 205 214 248 144 132 0 0 22 103 204 194 274 227 4 72 201 176 166 175 134 96 
0 19 299 399 206 76 22 3 0 15 267 338 170 124 92 18 32 355 354 119 70 69 22 3 
0 7 345 554 102 15 1 0 0 1 95 338 440 131 18 1 7 273 494 180 59 10 1 0 
0 2 340 475 169 34 4 0 0 0 1 196 520 241 59 7 9 299 501 183 27 5 0 0 
0 58 409 442 93 19 3 0 0 1 43 237 527 190 22 4 2 130 580 271 37 4 0 0 
62 354 331 159 98 20 0 0 0 17 244 364 207 127 63 2 44 329 354 162 98 36 1 0 
140 466 215 124 61 18 0 0 0 58 392 318 111 89 52 4 161 458 272 94 35 4 0 0 
320 486 127 69 21 1 0 0 0 146 490 261 71 48 8 0 375 481 136 28 4 0 0 0 
0 17 215 309 201 144 101 37 0 0 7 139 337 264 163 114 7 180 307 257 135 100 37 1 
0 2 27 203 292 206 124 170 0 0 2 39 201 276 256 250 2 42 235 248 125 110 110 152 
0 0 22 160 281 306 168 87 0 0 1 35 113 308 328 239 3 44 179 246 229 140 123 60 
0 22 195 325 247 129 71 35 0 4 74 177 194 283 173 119 16 179 382 233 92 59 58 5 
0 136 746 118 16 6 1 1 0 1 370 572 63 11 5 2 1 411 560 42 5 4 1 0 
0 100 554 303 58 8 1 0 0 0 100 515 297 93 18 1 0 206 582 203 30 2 1 0 
1 112 513 282 72 35 9 0 0 1 89 418 338 119 38 21 2 184 519 215 62 36 6 0 
26 232 345 226 143 48 4 0 0 3 111 307 300 175 114 14 34 233 349 201 150 52 5 0 
108 298 221 168 191 38 0 0 0 22 217 269 187 186 140 3 131 324 286 196 83 4 0 0 
239 300 171 174 126 14 0 0 0 138 293 201 158 148 81 5 228 317 213 167 92 7 0 0 
0 60 287 325 162 82 75 33 0 0 56 253 282 236 94 103 70 330 278 144 73 50 50 29 
1 10 91 250 176 195 122 179 0 3 16 102 204 218 203 278 17 130 222 140 115 131 135 134 
2 23 91 263 301 166 109 69 0 1 31 45 129 343 289 186 22 142 235 157 187 162 81 38 
0 76 271 246 198 112 83 38 0 5 101 138 233 216 207 124 29 231 310 205 129 78 38 4 
12 458 477 66 10 1 0 0 0 81 649 238 54 1 1 0 21 535 350 86 31 1 0 0 
13 477 411 82 28 10 3 0 0 37 494 366 87 27 10 3 10 430 422 96 42 14 8 2 
26 336 432 155 57 17 1 0 0 37 275 378 223 69 34 8 34 329 443 160 45 13 0 0 
86 433 256 110 83 50 6 0 5 168 353 220 126 66 70 16 269 382 192 104 57 20 0 0 
458 240 136 99 73 18 0 0 72 369 189 166 96 82 46 4 532 209 129 81 60 13 0 0 
564 219 112 93 36 0 0 0 306 302 163 89 77 76 11 0 599 201 92 88 42 2 0 0 
1 73 407 346 135 39 17 6 0 1 114 353 346 157 38 15 115 404 331 106 42 13 12 1 
0 2 91 280 297 183 133 38 0 0 1 79 219 345 238 142 21 100 187 217 235 183 60 21 
0 8 192 367 183 92 93 89 0 0 0 31 336 338 152 167 37 183 233 191 122 113 102 43 
0 5 162 244 256 132 102 123 0 0 17 74 343 289 118 183 2 185 214 135 162 163 78 85 
0 31 160 143 247 293 84 66 0 12 152 121 317 293 73 56 0 88 166 89 189 331 106 55 
9 133 143 126 310 182 76 45 0 40 198 141 337 199 70 39 9 134 155 105 219 278 79 45 
28 127 195 303 288 60 12 11 1 57 247 382 224 65 38 10 30 198 251 164 276 79 19 7 
34 184 320 288 149 41 8 0 13 155 317 229 118 125 67 0 186 248 223 147 103 112 5 0 
193 161 288 292 66 15 7 2 99 302 260 208 94 49 12 0 337 215 252 124 74 21 1 0 
133 298 263 243 81 6 0 0 128 300 192 114 107 160 23 0 336 274 148 162 103 1 0 0 
40 387 333 121 42 31 40 30 0 176 358 199 140 54 40 57 343 410 121 49 24 34 21 22 
31 327 361 181 81 29 11 3 3 57 347 307 145 115 36 14 223 490 200 66 24 16 4 1 
0 7 183 433 191 94 45 71 0 0 53 359 302 181 75 54 0 100 423 275 102 44 41 39 
0 0 20 214 482 204 76 28 0 0 0 69 457 330 126 42 0 24 216 361 236 141 39 7 
0 0 17 183 346 394 48 36 0 0 0 4 437 490 85 8 0 4 57 179 218 412 146 8 
0 0 0 4 124 381 97 418 0 0 0 0 225 278 101 420 0 0 0 0 136 291 175 422 
0 0 3 49 221 107 76 568 0 0 0 10 142 144 111 617 0 0 1 13 132 189 81 608 
0 6 140 430 288 52 18 90 0 0 0 133 382 328 83 98 0 0 98 349 330 135 19 93 
0 22 182 647 162 11 0 0 0 0 21 148 350 461 42 2 3 33 329 518 139 2 0 0 
0 4 209 650 159 2 0 0 0 0 8 56 409 527 24 0 0 22 276 600 126 0 0 0 
3 549 443 27 2 0 0 0 0 140 623 256 5 0 0 0 201 764 55 4 0 0 0 0 
19 218 700 83 4 0 0 0 3 104 444 358 105 10 0 0 80 600 335 9 0 0 0 0 
0 1 334 318 212 83 41 35 0 0 43 465 320 99 65 32 1 156 508 168 96 45 19 31 
0 0 9 121 239 126 77 452 0 0 0 73 197 204 127 423 1 35 164 129 135 82 98 380 
0 0 0 6 29 104 28 857 0 0 0 2 25 110 31 856 0 0 2 7 14 96 48 857 
0 0 0 0 14 58 9 943 0 0 0 0 13 60 6 945 0 0 0 0 1 37 39 947 
0 0 57 132 262 170 60 343 0 0 0 84 425 158 27 330 0 0 47 83 249 269 41 335 
0 1 124 551 258 67 22 1 0 0 0 45 338 560 72 9 0 6 165 447 344 60 2 0 
0 3 96 576 168 84 80 17 0 0 0 8 299 491 133 93 0 2 226 592 187 17 0 0 
0 38 444 513 29 0 0 0 0 0 4 186 473 348 13 0 0 42 396 493 93 0 0 0 
