0 986 38 0 0 0 0 0 1014 10 0 0 0 0 0 0 1016 8 0 0 0 0 0 0 
0 1004 20 0 0 0 0 0 1024 0 0 0 0 0 0 0 1024 0 0 0 0 0 0 0 
0 952 72 0 0 0 0 0 1022 2 0 0 0 0 0 0 1019 5 0 0 0 0 0 0 
0 917 107 0 0 0 0 0 939 85 0 0 0 0 0 0 976 48 0 0 0 0 0 0 
0 478 531 14 1 0 0 0 521 465 37 1 0 0 0 0 681 337 5 1 0 0 0 0 
0 805 215 4 0 0 0 0 912 109 3 0 0 0 0 0 888 132 4 0 0 0 0 0 
0 689 335 0 0 0 0 0 903 121 0 0 0 0 0 0 914 110 0 0 0 0 0 0 
0 220 749 48 7 0 0 0 339 638 40 7 0 0 0 0 368 612 38 6 0 0 0 0 
0 201 773 47 3 0 0 0 92 860 66 6 0 0 0 0 201 773 47 3 0 0 0 0 
0 18 383 283 137 81 55 67 4 355 360 131 81 43 43 7 27 508 247 100 56 37 37 12 
0 0 10 199 602 180 26 7 0 16 266 563 152 24 3 0 0 119 560 273 60 11 1 0 
0 0 7 187 300 250 131 149 0 19 191 287 221 126 108 72 0 2 163 362 202 110 100 85 
0 0 39 67 235 318 317 48 0 127 420 339 115 20 3 0 0 100 309 404 192 17 2 0 
0 0 0 53 300 347 160 164 0 30 195 362 228 56 40 113 0 0 86 327 340 90 51 130 
0 0 8 185 205 285 264 77 0 72 263 170 296 155 28 40 0 0 150 228 271 216 105 54 
0 0 6 106 262 224 133 293 0 31 186 263 182 103 161 98 0 6 121 254 221 110 93 219 
0 0 72 357 358 185 52 0 0 55 363 381 158 65 2 0 0 70 267 435 196 53 3 0 
0 0 29 305 537 153 0 0 0 22 192 367 396 47 0 0 0 62 434 412 116 0 0 0 
0 1 114 542 285 78 4 0 0 8 275 491 208 38 4 0 0 115 637 215 52 5 0 0 
0 0 268 569 168 19 0 0 0 1 369 487 147 20 0 0 0 268 635 115 6 0 0 0 
0 7 507 357 148 5 0 0 0 99 529 284 109 3 0 0 0 501 463 58 2 0 0 0 
0 2 337 417 189 68 11 0 0 27 408 341 178 63 7 0 1 339 482 167 35 0 0 0 
0 2 551 292 128 51 0 0 0 33 570 252 120 49 0 0 1 379 508 82 50 4 0 0 
0 0 242 417 288 77 0 0 0 18 318 350 264 71 3 0 0 166 554 269 35 0 0 0 
0 0 13 341 500 166 4 0 0 0 52 511 373 87 1 0 0 15 386 486 131 6 0 0 
0 0 0 555 423 40 6 0 0 0 580 358 55 31 0 0 0 0 572 398 49 5 0 0 
0 0 46 475 396 97 10 0 0 17 474 427 94 12 0 0 0 0 352 494 151 27 0 0 
0 0 61 618 345 0 0 0 0 30 726 268 0 0 0 0 0 3 659 359 3 0 0 0 
0 0 208 767 49 0 0 0 0 71 897 56 0 0 0 0 0 0 806 218 0 0 0 0 
0 0 266 750 8 0 0 0 0 125 883 16 0 0 0 0 0 0 922 102 0 0 0 0 
0 0 64 595 364 1 0 0 0 40 746 238 0 0 0 0 0 2 584 438 0 0 0 0 
0 8 837 141 32 6 0 0 0 687 278 37 21 1 0 0 0 209 704 58 38 15 0 0 
0 1022 2 0 0 0 0 0 1024 0 0 0 0 0 0 0 1024 0 0 0 0 0 0 0 
0 1023 1 0 0 0 0 0 1024 0 0 0 0 0 0 0 1024 0 0 0 0 0 0 0 
0 915 106 3 0 0 0 0 969 55 0 0 0 0 0 0 975 48 1 0 0 0 0 0 
0 611 368 26 14 5 0 0 614 367 27 11 5 0 0 0 742 248 21 9 4 0 0 0 
0 636 339 45 4 0 0 0 718 235 61 10 0 0 0 0 795 178 47 4 0 0 0 0 
0 730 288 6 0 0 0 0 889 133 2 0 0 0 0 0 900 122 2 0 0 0 0 0 
0 556 423 38 5 2 0 0 760 226 32 4 2 0 0 0 761 225 32 4 2 0 0 0 
0 511 487 24 2 0 0 0 687 318 18 1 0 0 0 0 732 276 15 1 0 0 0 0 
0 232 724 67 1 0 0 0 187 755 77 5 0 0 0 0 386 579 58 1 0 0 0 0 
0 28 581 279 95 30 9 2 11 550 344 79 30 10 0 0 102 657 189 49 19 8 0 0 
0 0 20 409 396 147 36 16 0 58 505 303 117 31 8 2 3 296 438 197 65 18 6 1 
0 0 4 92 255 240 165 268 0 7 201 428 243 113 30 2 0 41 284 272 191 154 79 3 
0 0 13 93 411 291 112 104 0 2 178 528 251 49 13 3 0 38 253 412 204 99 15 3 
0 0 16 180 370 279 135 44 0 4 262 433 222 75 24 4 0 42 257 406 199 89 27 4 
0 2 33 58 159 214 338 220 0 120 297 235 251 78 43 0 3 66 120 279 318 211 27 0 
0 0 45 116 270 219 174 200 0 99 271 262 169 103 74 46 1 77 253 271 143 117 74 88 
0 0 145 212 258 215 77 117 0 244 195 245 178 54 45 63 0 126 295 247 181 58 30 87 
0 0 175 261 208 316 49 15 0 229 273 368 98 22 34 0 0 45 343 269 297 20 26 24 
0 0 279 350 300 92 3 0 0 333 433 204 54 0 0 0 0 126 517 299 79 3 0 0 
0 0 192 398 358 73 3 0 0 270 457 158 122 17 0 0 0 67 516 341 92 8 0 0 
0 5 126 399 255 154 78 7 0 108 363 278 181 82 12 0 2 145 268 304 165 96 44 0 
0 47 640 234 71 27 5 0 0 321 474 176 34 18 1 0 6 584 287 86 52 9 0 0 
0 94 680 154 57 31 8 0 0 399 422 117 55 24 7 0 15 673 251 61 22 2 0 0 
0 7 515 282 184 36 0 0 0 88 526 221 171 18 0 0 1 417 486 111 9 0 0 0 
0 0 320 450 235 19 0 0 0 2 409 385 213 15 0 0 0 203 594 221 6 0 0 0 
0 0 26 461 355 163 19 0 0 5 257 302 343 110 7 0 0 31 455 431 84 23 0 0 
0 0 163 379 289 180 13 0 0 50 460 312 184 18 0 0 0 9 444 291 185 89 6 0 
0 0 315 545 152 12 0 0 0 171 656 178 17 2 0 0 0 38 730 227 26 3 0 0 
0 0 288 599 120 17 0 0 0 111 722 168 22 1 0 0 0 21 753 223 26 1 0 0 
0 0 580 375 69 0 0 0 0 389 585 50 0 0 0 0 0 117 835 72 0 0 0 0 
0 6 947 71 0 0 0 0 0 812 212 0 0 0 0 0 0 234 790 0 0 0 0 0 
0 180 829 15 0 0 0 0 1 996 27 0 0 0 0 0 0 914 110 0 0 0 0 0 
0 1003 21 0 0 0 0 0 1022 2 0 0 0 0 0 0 1023 1 0 0 0 0 0 0 
0 971 33 10 8 2 0 0 997 15 6 6 0 0 0 0 996 16 5 6 1 0 0 0 
0 909 79 25 11 0 0 0 953 43 25 3 0 0 0 0 973 24 25 2 0 0 0 0 
0 600 250 24 20 73 45 12 629 223 21 38 68 39 6 0 676 174 24 22 68 46 14 0 
0 645 214 25 18 59 54 9 769 92 23 35 53 47 5 0 803 63 19 23 54 50 12 0 
0 638 374 11 1 0 0 0 810 205 9 0 0 0 0 0 902 115 7 0 0 0 0 0 
0 488 468 56 10 2 0 0 555 412 45 10 2 0 0 0 707 270 36 9 2 0 0 0 
0 371 546 80 24 3 0 0 416 497 86 22 3 0 0 0 585 345 73 18 3 0 0 0 
0 79 651 121 67 50 35 21 34 674 151 85 45 33 2 0 81 689 98 76 43 28 9 0 
0 0 142 366 218 135 81 82 0 100 410 225 139 83 64 3 14 267 323 173 106 73 59 9 
0 0 10 76 153 156 156 473 0 42 154 102 140 147 130 309 0 40 146 111 135 136 109 347 
0 0 0 88 188 172 129 447 0 10 207 165 197 85 89 271 0 67 164 193 122 109 87 282 
0 0 9 179 349 259 151 77 0 13 242 450 218 77 24 0 0 87 346 338 185 43 22 3 
0 1 94 269 210 214 157 79 3 108 371 299 186 49 8 0 6 193 334 308 118 46 19 0 
0 0 18 65 89 145 307 400 4 220 260 174 122 146 97 1 1 113 330 286 164 103 27 0 
0 0 15 92 145 248 377 147 0 240 427 204 91 36 12 14 0 114 451 302 91 42 15 9 
0 0 76 187 172 125 285 179 0 170 266 238 111 99 126 14 0 104 392 174 90 79 117 68 
0 21 490 291 127 51 41 3 0 190 612 124 45 43 10 0 6 511 315 101 25 21 33 12 
0 61 707 114 125 17 0 0 0 305 633 83 3 0 0 0 9 662 237 103 13 0 0 0 
0 92 652 143 47 22 11 57 4 554 306 62 28 12 41 17 27 697 159 59 12 13 28 29 
0 34 357 248 108 107 128 42 0 252 342 161 126 113 26 4 7 328 272 126 116 111 59 5 
0 154 615 198 48 9 0 0 3 556 311 111 35 8 0 0 51 692 227 48 6 0 0 0 
0 172 623 196 33 0 0 0 3 431 417 154 19 0 0 0 21 657 291 55 0 0 0 0 
0 15 419 441 131 18 0 0 0 94 407 378 131 14 0 0 0 368 532 100 22 2 0 0 
0 36 676 279 28 5 0 0 0 260 560 177 26 1 0 0 4 630 361 28 1 0 0 0 
0 0 105 504 320 94 1 0 0 11 224 508 232 49 0 0 0 90 551 309 67 7 0 0 
0 0 79 398 351 155 41 0 0 31 414 363 137 79 0 0 0 3 391 351 154 111 14 0 
0 0 247 613 109 54 1 0 0 115 722 121 64 2 0 0 0 33 752 148 85 6 0 0 
0 0 261 689 65 9 0 0 0 57 884 68 15 0 0 0 0 31 871 106 14 2 0 0 
0 0 646 374 4 0 0 0 0 376 639 9 0 0 0 0 0 122 893 9 0 0 0 0 
0 29 947 48 0 0 0 0 0 791 233 0 0 0 0 0 0 429 594 1 0 0 0 0 
0 169 855 0 0 0 0 0 0 1024 0 0 0 0 0 0 0 984 40 0 0 0 0 0 
0 959 65 0 0 0 0 0 1001 23 0 0 0 0 0 0 1007 17 0 0 0 0 0 0 
0 972 52 0 0 0 0 0 1023 1 0 0 0 0 0 0 1018 6 0 0 0 0 0 0 
0 805 179 26 12 1 1 0 871 119 24 8 1 1 0 0 905 91 20 6 2 0 0 0 
0 943 78 2 1 0 0 0 978 43 2 1 0 0 0 0 1002 19 2 1 0 0 0 0 
0 866 151 4 3 0 0 0 943 76 2 3 0 0 0 0 980 39 2 3 0 0 0 0 
0 515 353 98 37 16 5 0 552 316 98 37 15 6 0 0 589 275 106 32 17 4 1 0 
0 572 426 20 6 0 0 0 634 365 20 5 0 0 0 0 803 201 18 2 0 0 0 0 
0 500 447 63 12 2 0 0 564 357 87 16 0 0 0 0 748 224 46 6 0 0 0 0 
0 357 627 40 0 0 0 0 265 699 58 2 0 0 0 0 522 474 28 0 0 0 0 0 
0 1 371 420 142 62 25 3 0 247 496 177 72 28 4 0 18 578 275 97 42 14 0 0 
0 0 2 41 125 103 69 684 0 3 34 119 112 66 46 644 0 26 104 112 68 50 40 624 
0 0 0 5 10 57 241 711 0 127 152 78 63 52 65 487 0 8 149 129 111 59 71 497 
0 0 0 39 154 132 320 379 0 127 255 223 137 145 84 53 0 56 299 291 149 97 68 64 
0 60 451 286 149 51 18 9 34 367 384 165 62 10 2 0 101 512 262 127 21 1 0 0 
0 24 95 149 189 127 127 313 43 150 227 206 118 93 145 42 69 98 291 212 162 120 60 12 
0 0 34 108 219 305 245 113 0 187 260 242 230 79 24 2 10 168 306 258 183 76 20 3 
0 0 58 243 244 208 215 56 1 196 386 326 78 32 5 0 2 241 314 322 98 43 4 0 
0 75 650 160 48 55 35 1 0 484 387 129 23 1 0 0 20 720 239 36 9 0 0 0 
0 110 781 103 26 3 1 0 6 626 324 52 16 0 0 0 73 775 163 11 2 0 0 0 
0 5 195 283 231 141 67 102 1 138 316 254 199 83 33 0 22 330 302 185 96 49 37 3 
0 0 133 205 295 232 87 72 0 108 264 297 239 70 40 6 4 214 350 230 105 77 34 10 
0 96 611 125 78 33 17 64 2 493 295 112 49 19 36 18 27 656 212 37 17 20 31 24 
0 55 771 171 23 4 0 0 0 430 475 99 19 1 0 0 26 733 235 29 1 0 0 0 
0 28 666 249 72 9 0 0 1 216 545 186 65 11 0 0 6 525 404 66 23 0 0 0 
0 56 442 371 138 17 0 0 0 139 426 325 121 13 0 0 9 361 511 131 12 0 0 0 
0 0 135 343 384 153 9 0 0 3 240 334 344 101 2 0 0 85 508 376 51 4 0 0 
0 0 94 486 344 92 8 0 0 30 546 266 138 40 4 0 0 46 611 286 75 6 0 0 
0 0 140 675 200 9 0 0 0 52 825 137 10 0 0 0 0 41 836 133 14 0 0 0 
0 0 430 562 32 0 0 0 0 267 711 46 0 0 0 0 0 92 840 92 0 0 0 0 
0 0 935 89 0 0 0 0 0 737 287 0 0 0 0 0 0 353 671 0 0 0 0 0 
0 39 949 17 19 0 0 0 0 980 19 20 5 0 0 0 0 781 227 16 0 0 0 0 
0 103 722 74 71 53 1 0 6 812 61 83 51 11 0 0 5 830 122 65 2 0 0 0 
0 701 248 16 13 27 18 1 753 199 18 23 29 2 0 0 847 109 12 15 28 13 0 0 
0 751 266 7 0 0 0 0 852 168 4 0 0 0 0 0 963 58 3 0 0 0 0 0 
0 407 596 21 0 0 0 0 273 689 62 0 0 0 0 0 478 529 17 0 0 0 0 0 
0 577 416 31 0 0 0 0 606 274 131 13 0 0 0 0 676 283 60 5 0 0 0 0 
0 676 332 16 0 0 0 0 809 160 52 3 0 0 0 0 866 126 31 1 0 0 0 0 
0 574 345 61 16 21 4 3 619 299 57 22 16 9 2 0 700 225 56 16 20 6 1 0 
0 383 495 89 30 18 7 2 271 579 114 32 19 7 2 0 496 401 74 26 21 4 2 0 
0 162 680 154 27 1 0 0 60 669 240 42 12 1 0 0 345 549 108 21 1 0 0 0 
0 185 643 150 43 3 0 0 159 578 216 65 6 0 0 0 344 564 99 16 1 0 0 0 
0 0 167 307 233 131 79 107 0 47 373 271 152 67 70 44 8 332 284 181 64 57 59 39 
0 0 1 7 16 58 102 840 0 1 11 20 68 76 68 780 0 2 26 22 50 82 65 777 
0 0 0 42 101 92 175 614 0 95 101 102 81 57 57 531 0 27 179 97 79 55 50 537 
0 0 24 155 276 205 203 161 0 45 245 410 184 69 47 24 0 85 288 358 164 66 39 24 
0 22 404 254 222 80 36 6 19 349 293 193 142 22 6 0 93 422 264 199 40 4 2 0 
0 6 167 404 334 107 5 1 3 213 395 281 123 8 1 0 16 202 423 276 99 8 0 0 
0 8 386 394 190 40 5 1 10 281 463 198 70 1 1 0 85 514 299 114 11 1 0 0 
0 13 415 302 138 104 49 3 47 342 420 167 47 1 0 0 109 479 248 160 28 0 0 0 
0 3 210 180 301 210 100 20 0 117 430 279 164 34 0 0 6 323 476 187 32 0 0 0 
0 123 687 81 45 15 15 58 6 701 176 58 19 34 30 0 104 706 96 36 15 32 35 0 
0 48 240 363 225 77 33 38 7 205 447 223 76 28 18 20 71 348 372 132 44 22 19 16 
0 0 51 236 286 126 61 264 0 62 261 239 159 65 100 138 2 120 300 181 109 56 82 174 
0 8 147 307 298 188 61 15 0 75 284 370 220 62 13 0 11 212 345 297 132 18 9 0 
0 12 393 242 186 97 49 45 0 203 357 258 126 54 25 1 22 437 369 94 45 33 21 3 
0 9 336 219 109 82 88 181 0 162 330 207 125 111 87 2 6 344 271 119 67 86 106 25 
0 5 672 279 40 26 2 0 0 121 644 199 36 23 1 0 4 491 457 56 12 4 0 0 
0 0 428 420 138 38 0 0 0 23 517 341 113 30 0 0 1 331 536 136 20 0 0 0 
0 0 43 461 406 103 11 0 0 7 272 428 263 54 0 0 0 24 431 374 142 53 0 0 
0 0 527 336 105 53 3 0 0 308 512 117 78 9 0 0 0 173 608 136 83 24 0 0 
0 0 745 165 61 48 5 0 0 618 290 60 50 6 0 0 0 393 480 65 62 24 0 0 
0 6 933 67 14 4 0 0 0 866 139 15 4 0 0 0 0 798 200 16 8 2 0 0 
0 53 697 61 96 112 5 0 10 723 56 71 118 46 0 0 4 756 151 109 4 0 0 0 
0 2 69 148 292 470 43 0 0 41 66 184 517 216 0 0 1 152 603 266 2 0 0 0 
0 712 248 29 16 16 3 0 668 299 28 26 3 0 0 0 727 237 29 23 8 0 0 0 
0 764 260 0 0 0 0 0 717 307 0 0 0 0 0 0 904 120 0 0 0 0 0 0 
0 491 498 18 9 4 4 0 431 445 133 8 4 3 0 0 539 434 36 8 4 3 0 0 
0 614 376 34 0 0 0 0 621 319 79 5 0 0 0 0 680 289 53 2 0 0 0 0 
0 542 429 39 7 5 2 0 554 399 57 8 5 1 0 0 712 266 33 7 5 1 0 0 
0 478 361 86 58 29 11 1 512 324 91 59 25 11 2 0 572 265 85 59 28 13 1 1 
0 309 597 68 23 14 7 6 238 638 100 21 16 9 2 0 375 552 53 23 10 9 2 0 
0 86 611 240 58 22 7 0 39 481 364 99 31 10 0 0 240 493 198 64 22 7 0 0 
0 37 516 342 95 23 8 3 5 350 475 146 37 8 3 0 120 570 250 64 12 8 0 0 
0 6 195 357 265 154 43 4 0 74 344 313 213 69 10 1 22 334 427 180 49 11 1 0 
0 0 0 2 46 147 164 665 0 0 4 49 139 149 135 548 0 7 68 160 82 76 116 515 
0 0 0 1 7 29 16 971 0 0 0 3 33 13 8 967 0 0 1 3 32 14 10 964 
0 0 13 83 145 140 109 534 0 18 108 134 161 71 86 446 3 63 113 150 99 67 72 457 
0 20 366 340 181 72 33 12 19 354 400 175 55 17 4 0 106 542 252 83 27 11 3 0 
0 22 575 293 100 34 0 0 100 540 255 106 23 0 0 0 107 601 237 67 12 0 0 0 
0 6 520 262 59 47 28 102 0 282 496 112 113 21 0 0 30 637 173 104 75 5 0 0 
0 0 224 468 203 117 12 0 0 184 616 200 23 1 0 0 14 606 334 65 5 0 0 0 
0 0 7 46 130 301 358 182 0 208 312 189 153 85 72 5 16 190 455 230 90 42 1 0 
0 5 129 196 209 142 122 221 0 268 322 165 95 90 65 19 46 379 296 143 85 42 27 6 
0 21 260 344 153 41 45 160 2 172 430 173 63 59 85 40 1 292 372 122 44 46 94 53 
0 14 382 218 165 104 53 88 0 326 259 188 127 58 61 5 4 399 211 189 98 51 66 6 
0 0 90 214 226 196 135 163 0 75 224 267 188 173 76 21 1 150 260 237 153 136 67 20 
0 4 88 209 368 154 59 142 1 67 176 348 241 79 46 66 11 181 346 214 114 36 49 73 
0 14 139 208 354 211 41 57 0 70 281 365 207 58 27 16 8 246 412 219 74 26 19 20 
0 55 762 122 50 35 0 0 0 546 336 85 39 18 0 0 14 687 269 45 9 0 0 0 
0 7 421 355 174 64 3 0 0 43 481 280 181 39 0 0 5 365 529 95 30 0 0 0 
0 324 388 124 151 35 2 0 297 369 70 114 134 39 1 0 181 516 100 123 99 5 0 0 
0 452 338 53 181 0 0 0 408 357 29 78 152 0 0 0 353 401 30 35 205 0 0 0 
0 616 114 149 115 28 2 0 577 128 31 143 128 17 0 0 442 244 34 34 235 27 8 0 
0 44 546 215 35 27 116 41 14 503 127 185 25 77 93 0 7 463 157 106 232 59 0 0 
0 2 283 67 135 265 229 43 2 273 66 93 256 253 81 0 3 287 156 300 240 38 0 0 
0 1 263 502 192 53 13 0 0 72 337 479 101 35 0 0 6 426 497 94 1 0 0 0 
0 868 138 16 2 0 0 0 927 83 12 2 0 0 0 0 945 66 11 2 0 0 0 0 
0 436 535 52 1 0 0 0 622 357 45 0 0 0 0 0 841 158 25 0 0 0 0 0 
0 574 372 50 17 7 4 0 670 279 48 17 6 4 0 0 821 147 36 12 5 3 0 0 
0 898 126 0 0 0 0 0 956 68 0 0 0 0 0 0 992 32 0 0 0 0 0 0 
0 581 395 38 6 2 2 0 650 318 46 5 3 2 0 0 825 163 27 5 2 2 0 0 
0 391 572 46 10 2 3 0 484 475 50 9 3 3 0 0 580 397 33 8 3 3 0 0 
0 147 625 148 48 27 15 14 82 628 194 64 24 15 15 2 170 614 139 48 24 14 14 1 
0 29 629 293 46 19 8 0 1 463 444 80 27 8 1 0 72 677 211 44 12 7 1 0 
0 46 343 371 164 66 21 13 18 231 386 246 95 32 7 9 95 431 299 127 46 14 5 7 
0 1 109 347 320 127 65 55 1 70 270 336 200 68 60 19 9 235 409 189 74 53 44 11 
0 0 38 92 86 142 97 569 0 100 64 67 129 83 85 496 1 98 88 113 86 63 84 491 
0 0 151 38 45 66 64 660 0 174 62 50 59 32 62 585 17 150 76 53 44 35 51 598 
0 0 27 114 214 260 222 187 0 121 208 254 210 135 79 17 3 110 297 232 156 122 82 22 
0 7 354 370 207 67 19 0 11 363 372 186 64 28 0 0 70 483 317 109 42 3 0 0 
0 0 556 356 82 30 0 0 61 560 310 64 29 0 0 0 29 669 258 53 15 0 0 0 
0 0 119 338 276 78 49 164 0 173 420 225 129 75 2 0 6 359 337 185 112 25 0 0 
0 0 128 623 237 24 10 2 0 214 634 150 23 3 0 0 6 555 391 60 12 0 0 0 
0 0 83 379 355 169 37 1 0 86 492 396 48 2 0 0 4 441 467 95 17 0 0 0 
0 0 77 178 324 241 150 54 0 116 328 342 165 46 22 5 15 336 347 189 85 28 22 2 
0 10 303 199 90 117 187 118 1 310 318 138 154 72 24 7 16 427 243 189 99 47 3 0 
0 2 383 198 125 106 135 75 1 414 270 166 74 45 38 16 14 449 286 140 62 40 32 1 
0 17 396 314 131 39 47 80 0 372 336 147 57 57 47 8 45 515 245 79 32 50 47 11 
0 0 175 421 276 110 37 5 0 86 416 329 157 31 5 0 4 307 454 205 42 10 2 0 
0 7 280 164 228 237 95 13 1 224 242 240 222 76 17 2 1 303 205 241 222 40 11 1 
0 19 330 245 268 156 6 0 0 207 386 288 131 12 0 0 5 338 289 280 110 2 0 0 
0 7 387 358 162 43 24 43 0 75 440 319 105 29 26 30 5 322 495 104 34 20 22 22 
0 0 410 124 138 99 81 172 10 415 84 126 123 78 58 130 1 435 173 118 73 53 62 109 
0 13 399 87 55 59 101 310 18 406 92 43 53 87 71 254 3 324 154 84 72 80 73 234 
0 56 457 303 112 55 20 21 26 471 325 153 24 10 10 5 13 302 369 234 85 8 8 5 
0 1 123 54 140 242 325 139 1 132 56 127 217 300 107 84 0 145 138 249 329 53 36 74 
0 0 37 250 271 293 164 9 0 21 224 276 286 195 22 0 1 144 340 324 201 14 0 0 
0 4 495 380 112 33 0 0 0 117 644 198 58 7 0 0 2 569 371 73 9 0 0 0 
0 772 243 9 0 0 0 0 908 113 3 0 0 0 0 0 968 55 1 0 0 0 0 0 
0 293 645 55 23 8 0 0 401 527 71 19 6 0 0 0 795 186 27 15 1 0 0 0 
0 368 632 24 0 0 0 0 326 664 34 0 0 0 0 0 619 398 7 0 0 0 0 0 
0 682 314 20 8 0 0 0 781 216 26 1 0 0 0 0 883 122 17 2 0 0 0 0 
0 354 656 14 0 0 0 0 356 640 28 0 0 0 0 0 579 439 6 0 0 0 0 0 
0 333 494 119 35 21 14 8 235 566 139 37 17 18 12 0 466 416 70 31 18 14 9 0 
0 54 666 237 59 8 0 0 46 533 326 97 22 0 0 0 260 515 195 44 10 0 0 0 
0 28 599 271 72 19 19 16 9 479 369 106 22 18 20 1 81 648 190 56 20 16 13 0 
0 123 525 179 84 34 35 44 98 454 242 107 41 39 29 14 201 506 134 75 29 32 33 14 
0 6 211 341 262 153 39 12 0 96 369 301 206 42 8 2 10 385 352 199 51 19 6 2 
0 0 23 76 143 126 103 553 0 89 93 113 117 89 99 424 1 114 114 112 108 73 94 408 
0 0 13 36 118 74 59 724 0 38 80 65 56 58 82 645 9 24 81 69 56 63 66 656 
0 0 72 250 232 143 122 205 0 83 272 225 124 111 94 115 20 198 256 160 99 86 103 102 
0 0 80 512 285 95 42 10 0 289 419 204 83 27 2 0 23 471 349 116 53 12 0 0 
0 31 365 535 79 14 0 0 24 552 383 51 14 0 0 0 57 586 330 45 6 0 0 0 
0 59 442 388 129 6 0 0 43 372 401 182 26 0 0 0 106 498 315 100 5 0 0 0 
0 57 353 284 144 110 42 34 24 325 349 183 98 40 5 0 59 436 285 140 58 40 6 0 
0 0 176 397 266 131 49 5 0 202 496 202 68 56 0 0 0 249 491 164 66 53 1 0 
0 0 178 257 96 108 214 171 0 302 578 89 43 12 0 0 1 388 371 194 57 13 0 0 
0 0 45 132 267 284 205 91 4 170 261 319 196 48 25 1 19 173 343 296 128 40 22 3 
0 0 0 29 195 407 272 121 0 107 243 241 235 125 54 19 1 161 385 224 140 66 39 8 
0 0 20 46 101 221 336 300 0 20 53 99 210 327 201 114 1 58 94 165 251 219 165 71 
0 0 19 55 131 482 274 63 0 10 66 212 513 183 38 2 2 52 114 360 390 86 19 1 
0 0 0 0 18 714 292 0 0 0 4 95 841 84 0 0 0 0 3 278 738 5 0 0 
0 0 0 54 438 480 52 0 0 2 220 511 281 10 0 0 0 0 100 590 331 3 0 0 
0 0 91 376 223 102 95 137 0 62 349 241 127 81 84 80 0 150 406 164 75 96 68 65 
0 0 69 182 163 143 160 307 0 25 149 177 149 151 169 204 0 91 243 163 123 117 127 160 
0 0 20 215 228 192 107 262 0 10 115 237 243 124 118 177 4 99 299 210 83 85 91 153 
0 0 4 58 290 328 134 210 0 146 128 207 216 124 109 94 2 160 204 241 137 92 107 81 
0 0 1 62 366 355 113 127 1 101 207 270 225 84 57 79 0 160 305 282 121 41 48 67 
0 0 15 229 479 237 62 2 13 283 312 223 131 61 1 0 31 323 367 180 111 11 1 0 
0 2 255 183 221 324 39 0 10 546 244 81 42 101 0 0 150 524 171 65 113 1 0 0 
0 446 523 44 8 3 0 0 417 518 76 9 4 0 0 0 644 335 34 8 3 0 0 0 
0 511 511 2 0 0 0 0 661 363 0 0 0 0 0 0 922 102 0 0 0 0 0 0 
0 189 696 90 32 13 4 0 331 567 80 31 12 3 0 0 611 322 56 24 8 3 0 0 
0 656 358 9 1 0 0 0 810 206 7 1 0 0 0 0 934 82 7 1 0 0 0 0 
0 234 713 65 12 0 0 0 134 733 143 13 1 0 0 0 477 481 59 7 0 0 0 0 
0 178 673 134 33 5 1 0 166 575 222 50 9 2 0 0 372 510 118 18 6 0 0 0 
0 33 446 316 131 43 24 31 26 344 360 178 57 27 8 24 125 405 261 143 33 25 7 25 
0 2 301 339 109 86 83 104 1 283 319 173 86 65 72 25 64 306 216 204 64 57 72 41 
0 105 715 153 35 9 5 2 164 676 148 26 6 4 0 0 306 513 181 15 5 4 0 0 
0 53 473 357 126 15 0 0 3 318 453 199 50 1 0 0 58 463 394 97 12 0 0 0 
0 0 17 168 238 250 144 207 0 33 137 177 182 221 155 119 1 176 270 132 116 110 131 88 
0 0 0 153 89 121 81 580 0 100 29 61 116 91 95 532 0 175 74 55 77 50 116 477 
0 0 54 238 230 156 110 236 1 104 199 226 169 86 101 138 12 233 198 171 116 72 91 131 
0 0 103 467 286 122 39 7 0 255 341 267 118 36 7 0 10 374 362 196 62 16 4 0 
0 0 212 419 274 64 33 22 1 382 396 153 71 7 5 9 13 435 412 139 8 4 9 4 
0 18 217 209 209 154 119 98 0 218 281 223 174 89 32 7 54 295 277 176 126 69 27 0 
0 15 603 187 127 73 19 0 2 526 264 114 84 31 3 0 22 590 229 126 48 9 0 0 
0 0 383 491 140 10 0 0 0 458 510 55 1 0 0 0 2 526 447 48 1 0 0 0 
0 3 390 448 25 27 41 90 1 303 601 45 18 19 37 0 26 558 301 69 54 16 0 0 
0 0 75 475 275 132 43 24 0 55 466 322 123 30 17 11 1 358 443 153 35 18 9 7 
0 0 6 128 262 306 225 97 1 139 321 279 169 64 31 20 8 110 404 281 140 48 21 12 
0 0 9 43 201 307 170 294 0 3 22 173 345 169 134 178 0 7 114 320 206 120 131 126 
0 0 0 26 215 559 200 24 0 0 2 182 609 208 17 6 0 0 114 556 248 90 12 4 
0 0 0 27 471 512 14 0 0 0 13 378 614 19 0 0 0 3 219 736 66 0 0 0 
0 0 12 126 541 343 2 0 0 8 161 457 394 4 0 0 0 32 222 685 85 0 0 0 
0 0 26 495 230 165 95 13 0 27 535 176 152 112 19 3 1 62 613 297 28 16 7 0 
0 0 58 207 299 188 126 146 0 20 214 272 186 160 53 119 8 109 433 237 46 51 39 101 
0 44 370 394 184 21 8 3 21 280 448 232 28 10 5 0 119 358 426 98 15 6 2 0 
0 2 167 282 442 126 5 0 22 183 285 380 144 10 0 0 45 329 467 161 21 1 0 0 
0 0 191 428 309 76 18 2 10 289 469 206 43 5 2 0 26 460 416 109 11 2 0 0 
0 0 238 484 249 52 1 0 12 385 379 203 44 1 0 0 24 451 359 173 17 0 0 0 
0 0 120 504 219 144 37 0 10 345 406 166 52 45 0 0 55 386 378 134 71 0 0 0 
0 386 579 48 11 0 0 0 614 365 36 9 0 0 0 0 873 119 29 3 0 0 0 0 
0 157 705 131 25 4 2 0 382 501 117 18 4 2 0 0 593 357 60 10 4 0 0 0 
0 135 572 222 61 24 9 1 218 507 197 73 21 8 0 0 425 388 143 47 17 4 0 0 
0 468 550 5 1 0 0 0 786 232 6 0 0 0 0 0 888 133 3 0 0 0 0 0 
0 165 733 115 8 3 0 0 307 587 118 12 0 0 0 0 431 507 77 9 0 0 0 0 
0 152 614 215 37 6 0 0 101 526 311 77 9 0 0 0 254 540 188 36 6 0 0 0 
0 2 107 278 245 233 92 67 0 54 279 307 230 98 17 39 1 208 360 219 132 49 12 43 
0 0 35 49 172 170 234 364 0 46 66 177 310 330 41 54 3 64 182 164 209 309 29 64 
0 0 115 313 217 142 122 115 0 250 188 198 243 119 20 6 3 187 323 177 177 123 28 6 
0 0 94 515 396 16 3 0 0 55 455 463 48 1 2 0 0 57 395 343 216 11 2 0 
0 0 202 283 410 66 56 7 0 5 262 507 132 65 52 1 1 303 415 150 73 72 10 0 
0 0 90 487 301 76 49 21 0 0 53 389 430 79 52 21 11 665 94 76 75 60 31 12 
0 0 50 144 299 173 209 149 0 16 51 141 371 321 103 21 22 283 162 109 123 231 75 19 
0 0 128 556 238 68 30 4 0 152 424 300 126 21 1 0 12 548 317 104 38 4 1 0 
0 39 307 346 119 72 104 37 80 428 379 107 28 2 0 0 137 484 253 114 36 0 0 0 
0 0 58 365 356 120 95 30 2 45 279 432 188 67 11 0 27 357 351 150 101 34 4 0 
0 0 72 214 384 248 103 3 5 95 231 249 282 114 48 0 13 209 376 277 77 65 7 0 
0 2 193 257 205 188 101 78 1 260 354 228 135 29 13 4 7 311 376 208 95 26 1 0 
0 2 92 301 269 128 130 102 2 152 517 218 117 16 2 0 18 349 350 235 70 2 0 0 
0 1 104 371 303 171 37 37 0 65 346 346 199 33 19 16 5 351 459 118 43 25 13 10 
0 2 243 429 230 86 20 14 0 96 493 282 101 36 11 5 4 254 512 172 57 12 10 3 
0 0 98 245 198 153 129 201 0 50 258 221 157 145 136 57 6 168 288 157 136 105 123 41 
0 0 4 154 359 276 78 153 0 0 90 332 373 79 76 74 0 40 343 374 91 45 79 52 
0 0 36 378 540 70 0 0 0 0 267 602 154 1 0 0 0 145 609 263 7 0 0 0 
0 0 17 158 511 242 94 2 0 7 106 406 340 150 15 0 3 182 591 245 3 0 0 0 
0 0 14 287 456 227 40 0 0 0 101 385 421 105 12 0 3 404 564 53 0 0 0 0 
0 0 11 188 313 328 113 71 0 10 111 276 327 207 52 41 6 251 541 112 24 41 15 34 
0 0 3 76 257 329 318 41 0 0 84 141 278 409 112 0 15 198 626 182 3 0 0 0 
0 0 1 80 372 455 113 3 0 3 54 346 456 159 6 0 9 188 636 191 0 0 0 0 
0 5 258 338 300 122 1 0 5 190 378 322 128 1 0 0 28 443 470 83 0 0 0 0 
0 67 652 232 55 11 5 2 6 580 317 89 22 9 1 0 36 620 257 87 15 9 0 0 
0 30 512 322 128 27 4 1 21 456 351 146 43 6 1 0 64 415 358 133 47 6 1 0 
0 437 525 30 23 9 0 0 448 513 29 29 5 0 0 0 721 246 28 25 4 0 0 0 
0 202 791 26 5 0 0 0 401 548 73 2 0 0 0 0 648 355 20 1 0 0 0 0 
0 173 662 147 36 6 0 0 157 652 154 55 6 0 0 0 400 495 110 15 4 0 0 0 
0 599 409 12 4 0 0 0 787 225 9 3 0 0 0 0 848 166 9 1 0 0 0 0 
0 304 629 56 21 11 3 0 416 519 55 21 10 3 0 0 595 361 40 17 9 2 0 0 
0 33 446 269 176 82 18 0 26 393 299 172 114 20 0 0 104 398 228 149 109 33 3 0 
0 104 390 282 149 62 34 3 38 261 362 211 91 54 7 0 139 336 288 153 65 41 2 0 
0 18 377 397 129 65 35 3 0 179 335 347 96 52 15 0 94 437 270 123 65 30 5 0 
0 6 268 476 246 28 0 0 0 87 281 466 175 15 0 0 37 361 355 226 39 6 0 0 
0 0 132 567 316 9 0 0 0 18 295 622 89 0 0 0 0 148 275 348 240 13 0 0 
0 5 278 647 92 2 0 0 0 52 610 332 30 0 0 0 45 702 159 85 33 0 0 0 
0 22 490 472 40 0 0 0 0 68 484 431 41 0 0 0 83 720 206 15 0 0 0 0 
0 100 613 194 90 26 1 0 0 299 419 175 103 26 2 0 95 775 97 29 28 0 0 0 
0 0 127 806 90 1 0 0 0 55 339 624 6 0 0 0 4 835 180 5 0 0 0 0 
0 2 334 432 195 59 2 0 3 390 387 238 6 0 0 0 90 543 240 136 15 0 0 0 
0 2 127 467 246 66 59 57 0 41 357 382 149 72 23 0 62 607 242 82 30 1 0 0 
0 0 100 400 291 92 84 57 0 46 409 336 191 30 12 0 27 437 359 145 54 2 0 0 
0 0 90 549 297 88 0 0 0 40 290 466 206 22 0 0 0 293 554 154 23 0 0 0 
0 0 69 405 381 97 30 42 0 104 345 353 154 47 19 2 5 277 467 200 58 17 0 0 
0 72 102 242 340 208 46 14 41 129 205 253 309 72 15 0 82 232 402 176 92 37 3 0 
0 79 560 255 91 31 8 0 57 515 283 122 34 11 2 0 200 511 232 61 15 5 0 0 
0 0 43 243 266 193 125 154 0 28 160 303 234 130 87 82 2 131 299 254 133 88 66 51 
0 0 16 194 338 223 127 126 0 6 111 329 300 133 80 65 2 82 356 270 145 74 42 53 
0 0 54 234 334 204 131 67 0 37 152 282 341 120 55 37 4 193 449 196 50 52 60 20 
0 0 11 134 467 293 105 14 0 45 67 257 493 150 12 0 1 181 556 216 56 13 1 0 
0 0 54 294 440 213 23 0 0 1 118 313 456 133 3 0 11 304 531 145 30 3 0 0 
0 5 183 333 370 102 25 6 0 37 311 357 243 64 11 1 21 404 447 114 31 7 0 0 
0 1 85 269 374 243 52 0 0 15 158 357 334 154 6 0 61 445 491 27 0 0 0 0 
0 0 0 11 70 185 271 487 0 0 37 109 260 322 250 46 5 183 480 304 52 0 0 0 
0 5 84 173 154 80 116 412 1 77 183 173 94 184 298 14 14 227 473 292 17 1 0 0 
0 76 671 177 95 5 0 0 22 650 210 121 21 0 0 0 104 631 178 98 13 0 0 0 
0 20 327 410 252 15 0 0 2 251 374 329 68 0 0 0 0 310 430 253 30 1 0 0 
0 269 682 45 21 7 0 0 145 795 72 12 0 0 0 0 278 687 46 13 0 0 0 0 
0 131 805 88 0 0 0 0 183 745 96 0 0 0 0 0 446 552 26 0 0 0 0 0 
0 225 699 31 19 22 13 15 287 638 31 29 15 22 2 0 614 315 27 25 16 20 7 0 
0 101 598 188 74 16 20 27 131 564 174 94 19 31 11 0 312 487 128 42 13 28 14 0 
0 72 226 329 270 124 3 0 79 192 260 289 166 38 0 0 162 350 342 117 47 6 0 0 
0 9 189 242 332 229 23 0 5 139 236 305 240 90 9 0 70 284 334 238 82 16 0 0 
0 73 375 339 187 30 19 1 7 302 308 262 117 16 12 0 155 417 259 146 34 9 4 0 
0 182 403 297 101 41 0 0 12 391 285 224 93 19 0 0 251 345 272 99 57 0 0 0 
0 8 203 441 251 51 61 9 0 49 350 340 183 68 34 0 15 203 329 331 144 2 0 0 
0 0 78 438 393 107 8 0 0 14 136 488 301 82 3 0 2 60 269 409 251 33 0 0 
0 1 680 343 0 0 0 0 0 35 945 44 0 0 0 0 1 967 56 0 0 0 0 0 
0 100 297 627 0 0 0 0 9 175 545 295 0 0 0 0 131 887 6 0 0 0 0 0 
0 224 595 104 51 47 3 0 10 420 453 73 49 19 0 0 126 695 89 37 38 29 10 0 
0 13 446 464 101 0 0 0 3 125 666 229 1 0 0 0 58 639 315 12 0 0 0 0 
0 0 183 506 304 31 0 0 0 252 489 263 20 0 0 0 24 416 369 208 7 0 0 0 
0 3 389 477 155 0 0 0 0 73 464 382 105 0 0 0 6 589 315 112 2 0 0 0 
0 0 255 610 153 6 0 0 0 37 428 429 125 5 0 0 14 491 471 48 0 0 0 0 
0 1 160 536 275 51 1 0 0 7 308 506 184 19 0 0 1 304 447 177 87 8 0 0 
0 0 80 386 414 115 18 11 0 74 278 443 204 20 5 0 14 310 526 150 22 2 0 0 
0 20 122 126 226 287 178 65 17 116 82 179 264 248 108 10 34 175 180 233 200 150 50 2 
0 17 302 187 164 174 120 60 5 342 192 171 122 112 69 11 68 375 181 147 124 94 35 0 
0 0 94 380 299 162 74 15 0 29 280 316 255 112 30 2 2 134 355 287 160 71 15 0 
0 0 19 132 173 243 264 193 0 1 67 152 273 293 175 63 0 57 146 174 262 226 116 43 
0 0 0 39 206 392 188 199 0 9 44 188 341 226 120 96 4 55 141 226 232 201 96 69 
0 0 0 42 296 450 180 56 0 5 82 316 418 157 42 4 0 88 344 353 189 45 5 0 
0 2 54 137 282 343 196 10 0 18 137 270 411 179 9 0 2 77 204 300 230 174 37 0 
0 72 491 302 118 40 1 0 6 298 422 199 83 16 0 0 74 489 321 98 27 13 2 0 
0 2 332 390 189 56 22 33 0 109 411 305 162 37 0 0 39 644 260 34 41 6 0 0 
0 8 301 331 223 128 32 1 0 192 404 215 187 26 0 0 72 614 330 8 0 0 0 0 
0 0 69 102 146 266 323 118 0 1 104 135 367 353 64 0 10 338 485 127 38 19 7 0 
0 0 0 22 163 274 513 52 0 6 83 238 154 351 192 0 0 10 66 167 227 87 263 204 
0 0 0 92 281 184 461 6 0 0 95 328 126 380 95 0 0 1 220 213 96 29 255 210 
0 625 384 14 1 0 0 0 582 414 27 1 0 0 0 0 764 250 10 0 0 0 0 0 
0 198 488 102 86 112 38 0 106 506 147 71 100 93 1 0 375 386 111 136 16 0 0 0 
0 35 421 224 124 131 85 4 5 345 299 140 136 96 3 0 175 365 255 135 84 9 1 0 
0 12 183 182 218 248 155 26 0 130 185 218 259 198 34 0 25 224 289 314 144 22 6 0 
0 2 104 457 340 100 21 0 0 12 183 473 303 53 0 0 2 99 393 446 79 5 0 0 
0 0 27 249 404 260 84 0 0 49 228 348 269 122 8 0 1 267 386 256 106 8 0 0 
0 37 250 239 275 153 68 2 16 165 282 208 201 115 36 1 116 335 277 174 85 34 3 0 
0 149 538 129 81 67 44 16 37 441 298 99 76 44 27 2 240 478 174 88 41 3 0 0 
0 8 180 198 202 202 178 56 0 141 151 217 235 194 83 3 96 235 271 271 147 4 0 0 
0 1 176 246 175 261 160 5 0 55 269 199 247 212 42 0 31 196 343 329 116 8 1 0 
0 1 546 165 99 96 88 29 0 100 538 134 91 105 54 2 12 587 214 120 82 9 0 0 
0 22 609 203 54 57 68 11 2 302 498 79 53 73 17 0 241 568 79 68 39 13 15 1 
0 11 400 126 141 178 56 112 17 316 195 170 183 98 45 0 37 345 110 108 122 158 86 58 
0 76 380 275 128 11 18 136 50 250 537 47 56 56 27 1 137 482 235 10 15 36 88 21 
0 6 175 502 323 18 0 0 8 239 656 107 14 0 0 0 14 274 619 117 0 0 0 0 
0 139 494 307 75 9 0 0 60 346 460 129 29 0 0 0 249 553 204 18 0 0 0 0 
0 61 467 455 41 0 0 0 17 242 563 201 1 0 0 0 80 619 309 16 0 0 0 0 
0 16 446 352 85 66 42 17 5 204 507 194 82 27 5 0 36 583 365 34 6 0 0 0 
0 1 91 222 187 115 45 363 0 45 215 223 129 45 49 318 2 181 285 118 51 32 55 300 
0 0 1 66 276 327 205 149 0 36 63 258 341 168 56 102 0 54 179 218 292 153 36 92 
0 0 0 28 127 394 399 76 2 188 138 208 265 163 59 1 12 198 212 297 215 89 1 0 
0 0 15 71 125 339 388 86 6 190 307 300 170 37 14 0 1 136 354 274 157 89 13 0 
0 0 0 24 94 194 178 534 0 43 106 147 130 156 362 80 4 49 130 139 146 159 298 99 
0 0 2 165 330 317 126 84 0 0 96 373 370 108 62 15 0 18 162 340 334 116 45 9 
0 0 2 109 361 371 153 28 0 0 72 475 361 96 15 5 0 16 188 394 271 125 29 1 
0 0 2 18 230 425 307 42 0 19 119 447 377 57 5 0 0 32 229 421 243 67 31 1 
0 2 28 89 302 334 208 61 0 20 72 387 424 111 10 0 5 63 234 292 285 133 11 1 
0 0 13 66 160 307 150 328 0 11 73 195 448 294 3 0 0 28 54 134 275 442 91 0 
0 28 324 417 190 61 4 0 0 176 410 317 107 14 0 0 94 467 315 66 55 24 3 0 
0 9 237 402 262 108 6 0 0 77 326 384 202 35 0 0 23 533 293 74 57 40 4 0 
0 0 0 4 29 536 441 14 0 0 4 26 340 635 19 0 0 17 50 39 35 273 558 52 
0 0 0 0 0 188 836 0 0 0 0 0 61 807 156 0 0 0 0 0 0 20 694 310 
0 397 364 78 74 96 15 0 428 326 79 52 102 37 0 0 615 200 115 88 6 0 0 0 
0 50 303 425 175 57 14 0 58 222 438 200 77 29 0 0 147 482 292 51 46 6 0 0 
0 0 9 72 166 288 400 89 0 8 56 89 287 418 166 0 2 85 242 456 230 9 0 0 
0 22 352 341 108 85 99 17 19 228 364 186 90 112 25 0 141 398 244 177 55 9 0 0 
0 10 312 233 240 102 101 26 1 176 299 267 119 94 68 0 103 405 321 124 71 0 0 0 
0 7 266 469 212 49 15 6 0 60 451 313 164 25 11 0 23 381 257 206 121 36 0 0 
0 65 309 292 202 149 7 0 41 211 275 198 167 131 1 0 133 329 222 177 144 19 0 0 
0 142 446 200 164 66 6 0 115 317 295 167 108 22 0 0 247 419 230 108 20 0 0 0 
0 15 317 313 228 114 37 0 0 205 353 246 151 61 8 0 62 386 289 215 72 0 0 0 
0 59 343 275 229 99 18 1 0 244 257 305 188 29 1 0 78 337 316 195 68 20 10 0 
0 43 489 195 120 118 50 9 1 364 318 139 104 83 15 0 234 469 174 124 19 3 1 0 
0 0 42 149 257 323 208 45 0 11 157 235 287 262 70 2 16 155 218 254 243 110 28 0 
0 0 0 57 193 310 311 153 0 113 119 157 336 227 68 4 3 113 221 234 243 171 39 0 
0 22 115 291 233 172 132 59 27 188 323 228 185 58 14 1 46 189 341 203 143 84 18 0 
0 109 116 618 168 12 1 0 118 328 483 70 23 2 0 0 122 262 506 107 27 0 0 0 
0 392 403 201 25 3 0 0 369 339 258 56 2 0 0 0 507 345 148 23 1 0 0 0 
0 186 586 120 34 14 25 59 111 636 162 48 47 19 1 0 300 492 117 28 22 39 24 2 
0 6 401 387 135 51 31 13 0 236 518 106 90 58 16 0 4 429 383 90 77 33 8 0 
0 0 50 437 366 110 48 13 0 29 346 445 129 59 16 0 0 253 540 166 45 20 0 0 
0 0 4 199 448 313 59 1 0 0 31 369 447 169 8 0 0 82 262 458 197 24 1 0 
0 0 0 36 176 356 339 117 0 0 16 425 371 160 50 2 0 24 153 350 248 164 54 31 
0 0 0 2 213 576 219 14 0 5 88 243 588 97 3 0 0 7 101 196 588 128 4 0 
0 0 0 2 50 309 200 463 0 2 48 246 319 198 166 45 0 3 72 185 270 249 138 107 
0 0 0 35 134 125 156 574 0 12 55 207 359 212 135 44 0 8 83 279 308 162 106 78 
0 0 0 1 75 265 284 399 0 2 139 352 329 89 92 21 0 18 197 402 154 140 96 17 
0 0 1 19 84 296 315 309 0 0 166 412 208 82 91 65 0 4 295 308 181 70 71 95 
0 0 6 69 186 158 230 375 0 4 148 466 235 171 0 0 0 12 263 397 211 133 8 0 
0 0 0 150 503 283 54 34 0 0 42 459 427 89 7 0 0 1 73 362 353 187 47 1 
0 0 47 254 381 319 23 0 0 12 143 364 407 98 0 0 1 24 136 295 309 224 35 0 
0 0 71 81 277 540 53 2 0 25 109 294 519 74 3 0 1 75 52 135 347 360 52 2 
0 0 0 0 11 621 392 0 0 0 0 8 582 433 1 0 0 0 0 0 16 286 688 34 
0 0 0 0 8 470 546 0 0 0 0 6 223 793 2 0 0 0 0 0 7 72 876 69 
0 10 68 124 130 141 293 258 8 75 142 119 139 246 295 0 17 118 231 317 328 13 0 0 
0 0 19 88 240 401 259 17 0 2 73 174 355 363 57 0 11 161 437 348 67 0 0 0 
0 0 26 96 245 443 205 9 0 15 42 215 378 322 52 0 21 235 446 310 12 0 0 0 
0 2 233 183 89 184 290 43 0 78 253 134 132 308 119 0 66 328 219 327 83 1 0 0 
0 6 249 191 93 158 225 102 0 83 290 130 124 227 169 1 45 305 252 215 187 20 0 0 
0 3 224 223 146 149 182 97 0 106 242 174 160 201 141 0 17 254 255 301 182 15 0 0 
0 11 365 281 74 76 133 84 6 291 323 91 74 137 101 1 105 431 170 169 83 25 41 0 
0 81 380 222 67 46 56 172 33 351 262 100 59 60 73 86 134 380 178 93 54 43 57 85 
0 20 240 263 334 159 8 0 4 161 290 343 214 12 0 0 31 236 264 195 196 91 11 0 
0 2 211 343 309 141 18 0 0 97 333 352 224 18 0 0 6 248 362 233 119 53 3 0 
0 37 389 355 167 62 14 0 3 255 378 267 93 28 0 0 79 245 317 232 114 32 5 0 
0 13 255 346 243 123 43 1 8 173 378 234 168 59 4 0 27 213 386 206 112 42 30 8 
0 18 114 316 214 246 110 6 15 81 305 261 199 126 37 0 25 150 301 317 162 64 5 0 
0 14 150 244 351 237 28 0 19 142 285 346 203 27 2 0 21 194 217 268 219 89 16 0 
0 57 86 299 382 160 37 3 50 80 280 359 206 48 1 0 56 105 220 284 231 95 32 1 
0 369 299 108 78 76 59 35 338 366 105 104 86 23 2 0 459 212 86 83 97 71 16 0 
0 10 50 48 51 111 210 544 33 116 232 247 188 163 45 0 33 63 98 98 223 233 186 90 
0 34 288 346 172 68 50 66 7 318 414 153 73 49 10 0 29 393 316 128 68 63 24 3 
0 4 86 328 410 162 31 3 0 53 394 402 126 47 2 0 2 171 511 253 73 14 0 0 
0 0 5 237 434 330 18 0 0 0 131 406 367 119 1 0 0 6 216 455 280 67 0 0 
0 0 0 47 168 203 146 460 0 9 67 235 226 116 88 283 2 34 164 243 160 84 87 250 
0 0 0 8 181 243 138 454 0 9 114 208 233 196 185 79 0 22 121 189 234 221 186 51 
0 0 0 28 225 288 235 248 0 20 253 371 252 51 45 32 0 32 286 278 254 96 46 32 
0 0 1 30 125 186 271 411 0 30 193 358 380 63 0 0 0 24 207 418 271 90 14 0 
0 0 0 16 53 188 235 532 0 14 248 364 199 108 91 0 0 63 277 262 177 116 79 50 
0 0 0 0 64 142 247 571 0 48 241 166 135 192 237 5 0 90 182 153 137 230 146 86 
0 0 24 137 80 148 217 418 0 11 193 251 280 122 128 39 0 35 160 211 286 238 76 18 
0 0 11 248 351 292 66 56 0 3 182 381 302 95 36 25 0 14 212 265 179 206 117 31 
0 0 7 83 380 482 72 0 0 1 61 359 512 89 2 0 0 0 24 265 436 246 50 3 
0 0 0 21 273 661 69 0 0 0 6 162 584 270 2 0 0 0 0 11 195 545 268 5 
0 0 3 152 434 334 101 0 0 0 118 351 416 136 3 0 0 0 0 61 305 371 248 39 
0 0 0 8 214 483 318 1 0 0 2 61 409 538 14 0 0 0 0 2 104 289 457 172 
0 0 1 10 93 404 443 73 0 0 7 48 272 528 147 22 4 32 301 506 128 34 19 0 
0 0 61 107 139 239 348 130 0 41 86 128 200 353 196 20 23 96 259 424 171 37 14 0 
0 0 55 282 357 188 103 39 0 20 205 350 258 129 57 5 47 363 363 118 78 44 11 0 
0 16 273 262 261 166 46 0 0 151 272 283 233 83 2 0 75 420 375 145 9 0 0 0 
0 65 435 327 148 44 5 0 5 271 419 227 84 17 1 0 139 474 349 61 1 0 0 0 
0 1 18 153 264 281 240 67 0 18 100 273 290 242 101 0 3 132 393 319 149 16 11 1 
0 9 117 181 160 289 206 62 0 71 151 197 269 250 84 2 35 184 341 327 131 6 0 0 
0 8 89 94 102 157 253 321 0 34 147 121 170 256 275 21 21 150 178 246 272 102 37 18 
0 32 281 372 162 121 47 9 4 227 413 250 101 28 1 0 47 271 294 228 140 38 6 0 
0 13 387 288 204 119 13 0 1 258 378 197 164 26 0 0 5 271 276 185 161 109 17 0 
0 45 262 284 275 128 28 2 31 244 282 311 116 37 3 0 23 245 312 247 122 57 17 1 
0 0 94 321 297 254 56 2 0 82 412 281 193 56 0 0 0 131 408 277 151 53 4 0 
0 42 96 262 413 163 37 11 50 82 250 408 183 45 6 0 45 84 185 316 266 95 27 6 
0 0 18 82 252 429 231 12 0 46 143 255 410 167 3 0 0 25 83 165 271 293 166 21 
0 1 66 243 310 272 129 3 0 91 241 300 267 119 6 0 0 75 215 248 195 178 105 8 
0 3 69 202 319 216 183 32 5 135 348 364 147 25 0 0 13 134 243 256 297 71 10 0 
0 64 342 301 148 90 56 23 30 295 354 248 80 17 0 0 77 377 305 160 48 51 6 0 
0 0 119 319 348 164 50 24 11 132 368 266 199 46 2 0 8 265 371 181 108 83 7 1 
0 0 59 415 363 175 12 0 2 92 441 270 197 22 0 0 9 254 452 191 114 4 0 0 
0 0 64 189 394 282 91 4 0 37 314 253 247 143 30 0 2 169 354 221 196 69 13 0 
0 0 54 210 286 249 153 72 0 31 236 279 273 153 42 10 1 110 376 247 175 75 31 9 
0 0 0 7 101 400 223 293 0 63 381 230 186 130 34 0 0 157 335 199 194 129 10 0 
0 0 17 174 328 247 162 96 6 363 409 132 38 35 41 0 48 333 338 171 79 45 10 0 
0 0 0 22 133 270 385 214 0 197 443 292 64 19 9 0 34 274 497 182 26 11 0 0 
0 0 0 43 178 412 309 82 1 297 553 104 41 28 0 0 12 564 329 65 36 16 2 0 
0 0 73 83 191 203 157 317 1 204 313 155 121 106 119 5 12 267 251 153 118 99 115 9 
0 0 18 74 115 142 158 517 0 30 172 167 139 169 324 23 0 36 190 201 262 176 158 1 
0 0 2 104 147 141 208 422 0 8 137 290 144 277 158 10 0 5 144 339 258 124 133 21 
0 0 52 311 309 106 125 121 0 32 252 393 141 144 62 0 0 19 110 304 339 173 65 14 
0 7 248 307 360 102 0 0 0 132 313 357 218 4 0 0 0 35 227 161 303 277 20 1 
0 0 47 334 517 123 3 0 0 3 193 540 270 18 0 0 0 0 11 171 406 394 41 1 
0 0 2 197 541 282 2 0 0 0 114 475 420 15 0 0 0 0 0 41 266 493 223 1 
0 182 501 164 102 74 1 0 85 506 222 110 90 11 0 0 238 525 158 79 24 0 0 0 
0 188 488 144 117 68 19 0 82 491 198 133 90 30 0 0 197 453 198 99 64 13 0 0 
0 70 218 147 238 267 74 10 12 226 126 184 321 136 19 0 120 292 405 182 11 13 1 0 
0 103 343 190 151 129 74 34 34 325 211 156 136 104 50 8 151 383 240 139 61 46 4 0 
0 135 737 120 26 6 0 0 43 640 290 44 7 0 0 0 241 662 104 15 2 0 0 0 
0 114 589 250 61 10 0 0 22 286 529 147 36 4 0 0 124 588 237 59 16 0 0 0 
0 40 502 345 109 24 4 0 0 212 496 235 71 10 0 0 63 539 298 80 42 2 0 0 
0 2 158 340 199 189 76 60 1 92 332 265 210 81 40 3 13 210 289 193 153 90 51 25 
0 4 280 276 137 171 148 8 1 123 389 185 158 147 21 0 0 159 365 300 151 37 12 0 
0 20 306 469 199 30 0 0 1 135 471 339 75 3 0 0 7 131 393 307 150 36 0 0 
0 0 35 392 408 167 22 0 0 1 209 511 251 52 0 0 0 80 491 327 119 7 0 0 
0 0 41 298 438 227 20 0 0 15 149 439 365 56 0 0 0 30 232 396 247 107 12 0 
0 0 47 298 333 266 75 5 0 23 255 369 297 78 2 0 1 55 140 235 277 211 90 15 
0 1 36 68 175 464 269 11 0 31 67 260 480 179 7 0 4 25 60 83 229 322 253 48 
0 0 58 167 234 373 179 13 0 70 205 237 392 119 1 0 0 56 173 151 204 271 147 22 
0 0 226 345 220 161 71 1 1 175 380 220 206 40 2 0 8 323 286 165 168 65 9 0 
0 14 387 244 123 129 122 5 0 252 350 178 170 74 0 0 2 257 337 132 95 130 67 4 
0 1 149 184 211 331 144 4 0 115 192 214 302 187 14 0 2 89 156 155 217 215 144 46 
0 12 437 306 219 46 4 0 2 311 314 227 150 20 0 0 18 417 274 207 99 9 0 0 
0 4 410 413 83 63 45 6 0 292 479 145 65 39 4 0 5 572 281 48 54 32 23 9 
0 4 344 425 198 38 15 0 1 248 435 248 70 20 2 0 23 318 462 163 40 17 1 0 
0 72 202 268 295 141 33 13 107 527 319 44 20 7 0 0 152 526 236 71 32 7 0 0 
0 0 198 376 239 138 42 31 158 599 190 37 9 9 15 7 290 506 153 39 10 15 11 0 
0 0 63 210 333 175 72 171 32 572 184 50 18 33 97 38 154 547 107 42 27 79 66 2 
0 0 119 419 270 94 31 91 34 634 210 30 23 36 57 0 237 570 83 24 30 68 12 0 
0 0 233 212 206 114 69 190 14 452 204 89 51 70 119 25 46 445 192 79 52 93 76 41 
0 18 212 121 149 141 125 258 4 309 171 133 131 119 112 45 8 345 130 148 141 89 121 42 
0 24 292 176 77 85 111 259 21 296 195 89 115 116 183 9 25 289 211 114 112 94 136 43 
0 35 415 216 98 73 83 104 8 348 286 121 104 79 78 0 6 251 332 191 91 71 77 5 
0 68 442 329 157 28 0 0 3 340 395 232 54 0 0 0 6 144 347 263 235 29 0 0 
0 13 411 483 113 4 0 0 3 197 583 227 14 0 0 0 0 32 267 416 249 57 3 0 
0 3 252 477 279 13 0 0 0 76 464 408 75 1 0 0 0 0 123 337 353 203 8 0 
0 146 520 190 98 59 11 0 79 370 351 131 79 14 0 0 188 395 282 106 43 10 0 0 
0 229 627 148 7 11 2 0 143 504 345 18 11 3 0 0 203 591 208 11 9 2 0 0 
0 432 538 50 4 0 0 0 223 622 168 11 0 0 0 0 373 570 79 2 0 0 0 0 
0 410 431 72 107 4 0 0 211 568 95 98 52 0 0 0 370 488 158 8 0 0 0 0 
0 311 668 38 7 0 0 0 83 643 276 21 1 0 0 0 143 682 198 1 0 0 0 0 
0 133 746 138 7 0 0 0 23 469 486 46 0 0 0 0 70 692 256 6 0 0 0 0 
0 325 578 100 21 0 0 0 50 631 283 49 11 0 0 0 230 582 183 27 2 0 0 0 
0 3 204 437 249 89 25 17 1 50 377 408 129 32 24 3 1 86 292 385 195 35 14 16 
0 27 362 297 162 106 59 11 1 193 400 239 167 24 0 0 0 191 368 256 168 41 0 0 
0 17 383 352 217 55 0 0 0 142 389 248 188 56 1 0 2 203 341 245 165 67 1 0 
0 18 350 415 191 47 3 0 0 173 375 342 124 10 0 0 11 292 408 195 85 31 2 0 
0 1 96 345 377 193 12 0 0 27 214 421 307 55 0 0 0 40 183 341 305 138 17 0 
0 0 25 208 398 338 54 1 0 0 109 290 473 142 10 0 0 0 97 207 329 317 74 0 
0 1 40 140 356 395 91 1 0 15 87 324 494 100 4 0 0 20 48 160 321 330 136 9 
0 0 2 59 316 480 158 9 0 2 70 389 417 142 4 0 0 10 140 216 239 276 129 14 
0 0 15 91 179 452 279 8 0 32 98 193 448 247 6 0 0 8 78 123 237 317 233 28 
0 0 45 66 149 455 303 6 0 49 78 162 514 216 5 0 0 29 53 66 113 291 362 110 
0 1 57 125 250 415 168 8 1 52 124 266 424 154 3 0 0 29 64 117 148 286 309 71 
0 1 104 160 229 328 189 13 0 95 152 265 312 190 9 1 0 68 117 171 188 280 156 44 
0 8 176 321 212 222 82 3 1 114 393 218 220 77 1 0 0 131 290 168 144 165 112 14 
0 24 280 335 205 127 52 1 33 342 262 237 124 25 1 0 92 389 265 153 95 26 4 0 
0 64 321 362 152 41 19 65 107 485 206 119 36 28 41 2 212 439 209 72 23 30 38 1 
0 32 583 311 88 10 0 0 197 577 98 112 39 1 0 0 330 524 113 46 10 1 0 0 
0 1 277 388 131 54 42 131 72 542 144 67 45 55 99 0 259 383 95 88 76 116 7 0 
0 18 317 389 150 75 58 17 87 537 209 102 72 17 0 0 212 520 151 92 44 5 0 0 
0 22 328 292 183 57 46 96 172 503 141 62 31 38 77 0 261 457 116 60 33 69 28 0 
0 94 339 195 183 82 71 60 128 357 258 132 71 71 7 0 125 290 241 173 99 82 13 1 
0 18 278 114 111 108 145 250 7 318 122 115 137 162 153 10 12 320 130 116 123 179 144 0 
0 48 324 203 114 114 188 33 31 333 223 179 210 28 20 0 40 339 262 281 67 14 19 2 
0 121 423 262 142 51 25 0 44 345 339 191 90 15 0 0 32 226 303 256 163 41 3 0 
0 54 412 420 133 5 0 0 9 296 513 196 10 0 0 0 0 93 305 324 226 76 0 0 
0 24 263 399 306 30 2 0 1 168 368 391 93 3 0 0 0 52 151 221 351 231 18 0 
0 23 570 228 99 41 53 10 8 304 469 120 40 59 24 0 13 481 328 94 43 52 13 0 
0 159 391 229 129 60 55 1 117 347 293 137 66 45 19 0 229 430 172 85 47 30 31 0 
0 143 527 295 50 9 0 0 65 469 428 58 2 2 0 0 247 524 236 13 2 2 0 0 
0 471 374 85 78 14 2 0 407 381 117 85 32 2 0 0 580 271 135 25 12 1 0 0 
0 317 513 76 42 30 44 2 125 504 254 47 37 48 9 0 210 477 205 43 38 41 10 0 
0 347 462 131 49 26 9 0 100 543 248 76 36 19 2 0 227 462 211 66 40 18 0 0 
0 250 569 136 49 20 0 0 70 573 234 95 34 18 0 0 194 471 220 88 34 17 0 0 
0 23 566 320 88 21 3 3 4 223 504 244 44 3 2 0 3 228 474 249 61 5 4 0 
0 60 429 381 108 41 5 0 5 266 346 294 71 34 8 0 8 287 320 300 65 37 7 0 
0 59 567 239 76 52 31 0 4 264 517 153 60 25 1 0 12 327 487 134 41 22 1 0 
0 11 369 476 130 34 4 0 0 51 509 372 75 17 0 0 3 237 491 227 47 19 0 0 
0 18 296 468 233 9 0 0 0 41 327 465 182 9 0 0 0 107 384 369 155 9 0 0 
0 5 298 421 262 36 2 0 0 14 359 423 207 21 0 0 4 146 308 365 179 22 0 0 
0 1 216 425 220 123 39 0 0 70 367 316 205 65 1 0 0 105 349 282 165 67 56 0 
0 0 34 254 367 323 46 0 0 3 148 326 409 130 8 0 0 15 136 239 316 258 60 0 
0 0 8 49 263 480 220 4 0 0 29 192 514 274 15 0 0 0 10 48 187 368 301 110 
0 0 9 76 296 489 149 5 0 4 55 289 519 153 4 0 0 0 4 52 164 393 352 59 
0 0 1 42 268 496 215 2 0 1 28 291 502 200 2 0 0 0 7 34 126 348 389 120 
0 0 52 250 408 273 39 2 0 29 182 374 330 101 8 0 0 16 100 221 333 285 68 1 
0 3 58 97 312 452 100 2 3 56 86 295 443 139 2 0 0 43 46 104 177 336 281 37 
0 3 146 400 275 145 55 0 1 18 298 365 237 101 4 0 2 131 376 232 131 70 61 21 
0 4 268 464 219 47 19 3 0 33 406 395 160 28 2 0 10 298 473 167 46 24 6 0 
0 3 171 334 303 180 33 0 0 46 261 356 268 91 2 0 2 89 318 262 183 127 37 6 
0 44 302 389 179 60 37 13 7 230 303 287 135 44 16 2 5 219 362 260 94 48 25 11 
0 64 511 276 138 34 1 0 109 486 227 141 56 5 0 0 175 421 190 151 85 2 0 0 
0 59 391 314 163 87 10 0 96 462 305 118 41 2 0 0 119 399 241 193 67 5 0 0 
0 26 401 340 109 45 45 58 42 374 381 97 44 55 31 0 40 356 354 145 52 61 16 0 
0 53 456 328 78 40 37 32 12 372 476 64 35 52 13 0 34 426 408 77 24 52 3 0 
0 7 306 243 137 93 141 97 0 229 336 154 106 144 55 0 4 303 318 167 109 82 40 1 
0 22 474 420 104 4 0 0 1 200 592 209 22 0 0 0 5 177 577 223 40 2 0 0 
0 98 483 365 76 2 0 0 17 261 503 226 17 0 0 0 0 184 348 339 141 12 0 0 
0 211 415 300 98 0 0 0 27 450 323 215 9 0 0 0 0 321 251 235 181 36 0 0 
0 5 226 247 328 149 66 3 1 136 279 326 213 63 6 0 2 213 327 291 136 44 10 1 
0 97 404 247 167 87 22 0 44 366 309 181 99 25 0 0 159 418 258 96 87 6 0 0 
0 93 345 243 159 107 52 25 81 326 270 152 109 53 32 1 211 364 202 138 40 36 30 3 
0 171 470 136 87 71 68 21 125 427 203 100 69 56 44 0 243 366 183 108 38 37 46 3 
0 419 404 79 42 70 10 0 246 535 104 43 68 28 0 0 462 361 93 71 31 6 0 0 
0 179 258 135 167 194 83 8 86 281 163 142 192 142 18 0 195 269 202 228 85 39 6 0 
0 149 588 192 65 30 0 0 31 411 369 127 63 23 0 0 75 433 340 94 68 14 0 0 
0 103 548 325 47 1 0 0 53 203 507 217 43 1 0 0 87 358 430 114 35 0 0 0 
0 67 329 415 183 30 0 0 2 121 368 334 170 29 0 0 5 195 389 313 121 1 0 0 
0 65 431 324 164 33 7 0 12 233 436 230 105 8 0 0 37 339 402 179 66 1 0 0 
0 52 377 423 124 34 14 0 7 212 551 231 23 0 0 0 28 330 501 151 14 0 0 0 
0 60 483 449 32 0 0 0 5 254 520 235 10 0 0 0 29 335 532 128 0 0 0 0 
0 48 466 339 143 28 0 0 2 229 400 261 111 21 0 0 29 317 379 216 75 8 0 0 
0 7 222 514 233 39 9 0 0 32 265 522 171 30 4 0 0 93 349 429 116 34 3 0 
0 3 147 313 402 139 20 0 0 43 185 351 371 53 21 0 0 48 215 305 320 115 21 0 
0 0 64 329 390 213 28 0 0 8 197 436 336 44 3 0 0 15 109 272 277 233 96 22 
0 0 51 135 290 439 109 0 0 2 117 339 450 114 2 0 0 2 46 99 196 331 289 61 
0 0 87 309 384 197 47 0 0 14 261 445 265 39 0 0 0 5 165 211 301 187 117 38 
0 0 34 222 334 346 86 2 0 9 197 343 355 113 7 0 0 6 214 245 161 209 159 30 
0 1 37 145 307 409 121 4 0 21 135 323 397 142 6 0 0 17 30 94 229 345 256 53 
0 0 119 254 288 296 67 0 0 40 219 315 336 114 0 0 0 61 117 176 235 194 212 29 
0 38 222 231 274 212 47 0 8 115 232 308 273 83 5 0 5 180 181 144 169 207 120 18 
0 111 384 255 192 79 3 0 12 261 358 263 114 16 0 0 65 304 283 165 144 60 3 0 
0 59 491 311 126 27 6 4 2 237 442 233 86 15 7 2 19 317 352 237 63 20 9 7 
0 49 341 456 164 14 0 0 10 222 397 343 51 1 0 0 36 180 409 284 101 14 0 0 
0 13 389 401 180 39 2 0 17 325 382 201 90 9 0 0 15 229 362 267 135 16 0 0 
0 7 307 260 235 110 68 37 2 249 261 255 151 93 13 0 10 212 267 220 230 83 2 0 
0 148 744 85 33 14 0 0 42 712 219 43 8 0 0 0 22 620 295 38 40 9 0 0 
0 220 600 86 42 36 33 7 86 693 138 43 34 30 0 0 113 655 169 36 39 12 0 0 
0 168 630 176 40 10 0 0 56 558 337 67 6 0 0 0 46 510 393 67 8 0 0 0 
0 335 464 192 30 3 0 0 125 532 291 69 7 0 0 0 41 542 299 114 27 1 0 0 
0 199 578 197 49 1 0 0 10 550 357 100 7 0 0 0 11 245 490 221 56 1 0 0 
0 0 56 250 370 202 89 57 0 36 349 336 172 71 59 1 5 119 415 245 115 62 48 15 
0 1 100 276 366 215 58 8 0 85 303 378 204 50 4 0 2 186 344 319 119 41 13 0 
0 1 50 189 221 298 217 48 0 29 155 256 333 216 35 0 10 70 263 423 194 64 0 0 
0 6 164 261 178 240 134 41 5 63 246 256 309 117 28 0 20 212 298 319 163 12 0 0 
0 14 213 181 215 272 82 47 20 105 216 211 273 151 38 10 78 212 278 294 67 54 38 3 
0 102 405 209 177 82 38 11 64 230 316 212 137 49 16 0 169 322 272 151 75 27 8 0 
0 26 295 344 272 82 5 0 14 123 331 356 177 23 0 0 28 212 349 310 113 12 0 0 
0 117 491 243 100 32 20 21 37 255 434 217 58 23 0 0 88 349 397 121 40 21 7 1 
0 282 465 204 69 4 0 0 57 456 278 166 66 1 0 0 171 433 235 160 25 0 0 0 
0 296 508 175 33 9 3 0 207 390 277 123 19 7 1 0 280 418 217 88 13 7 1 0 
0 328 372 166 91 65 2 0 219 367 176 158 95 9 0 0 299 304 158 128 50 73 12 0 
0 80 512 263 93 70 6 0 5 386 360 158 88 27 0 0 45 449 318 112 43 32 19 6 
0 29 374 398 210 13 0 0 0 139 376 335 169 5 0 0 14 277 430 256 47 0 0 0 
0 9 212 440 230 127 6 0 0 36 304 396 186 99 3 0 0 80 328 342 179 85 10 0 
0 1 133 394 357 93 43 3 0 18 239 370 281 68 38 10 0 42 355 376 166 50 33 2 
0 4 139 335 358 174 14 0 0 31 239 364 322 67 1 0 0 63 228 315 249 142 26 1 
0 3 138 234 309 302 38 0 0 93 201 312 320 88 10 0 0 29 156 188 222 267 151 11 
0 33 365 257 193 160 16 0 0 264 311 219 218 12 0 0 0 117 308 206 170 138 81 4 
0 0 33 182 412 334 63 0 0 10 131 411 398 72 2 0 0 1 34 92 242 350 261 44 
0 0 60 214 341 378 27 4 0 20 178 379 379 68 0 0 0 1 32 168 247 349 207 20 
0 0 6 137 399 395 86 1 0 7 101 397 434 84 1 0 0 0 2 76 238 334 269 105 
0 15 159 187 228 356 78 1 17 86 167 243 408 100 3 0 16 89 144 121 134 185 266 69 
0 97 439 326 144 18 0 0 21 226 392 321 63 1 0 0 44 344 338 122 104 70 2 0 
0 103 563 300 57 1 0 0 12 290 448 245 29 0 0 0 17 379 427 170 31 0 0 0 
0 74 395 428 119 8 0 0 0 192 494 305 33 0 0 0 4 247 424 235 95 19 0 0 
0 11 356 378 220 51 8 0 0 205 395 314 104 6 0 0 0 65 306 337 251 65 0 0 
0 51 252 576 130 15 0 0 34 152 636 181 21 0 0 0 0 57 158 430 309 70 0 0 
0 69 362 424 107 33 29 0 17 339 428 193 45 2 0 0 13 143 228 333 257 48 2 0 
0 119 392 324 181 8 0 0 73 282 352 280 37 0 0 0 32 210 214 243 229 96 0 0 
0 118 558 255 93 0 0 0 18 383 431 161 31 0 0 0 11 259 373 205 136 40 0 0 
0 88 658 214 64 0 0 0 1 448 436 130 9 0 0 0 0 217 454 232 94 27 0 0 
0 174 586 209 55 0 0 0 36 439 419 120 10 0 0 0 34 224 399 247 108 12 0 0 
0 2 65 232 341 202 148 34 1 114 307 321 169 92 20 0 33 225 348 242 96 62 18 0 
0 0 42 202 257 271 136 116 0 51 246 293 211 116 104 3 5 145 292 261 111 110 94 6 
0 1 62 138 228 354 209 32 0 94 161 315 310 123 21 0 18 146 249 329 185 77 19 1 
0 0 5 134 247 338 197 103 0 35 178 335 258 121 89 8 17 115 315 256 140 98 80 3 
0 0 21 252 261 347 137 6 0 38 260 257 326 142 1 0 0 201 294 395 123 11 0 0 
0 19 177 238 230 171 128 61 4 125 212 251 186 148 78 20 18 140 209 270 162 128 74 23 
0 15 297 213 159 175 127 38 3 144 281 206 147 176 63 4 2 131 276 207 141 176 70 21 
0 20 128 188 219 146 137 186 0 114 168 222 189 129 195 7 9 98 160 217 170 106 130 134 
0 3 158 224 176 134 122 207 0 122 235 178 137 116 101 135 6 154 202 159 123 110 100 170 
0 57 361 390 191 23 2 0 9 233 363 291 123 5 0 0 14 251 385 211 129 33 1 0 
0 139 264 300 246 74 1 0 53 245 306 314 103 3 0 0 65 207 189 153 240 138 32 0 
0 112 540 248 98 26 0 0 20 291 433 209 59 12 0 0 82 354 322 152 67 43 4 0 
0 100 376 292 215 39 2 0 4 215 351 241 177 36 0 0 7 290 320 196 156 38 17 0 
0 7 145 327 352 180 13 0 1 36 208 401 305 72 1 0 0 42 176 258 216 227 101 4 
0 58 602 266 86 12 0 0 9 342 446 140 84 3 0 0 2 370 434 140 42 32 4 0 
0 27 339 353 265 40 0 0 1 142 407 301 169 4 0 0 8 190 349 256 159 52 10 0 
0 75 360 360 175 54 0 0 32 208 425 268 87 4 0 0 35 97 274 326 206 82 4 0 
0 1 58 224 383 327 31 0 0 31 231 412 320 30 0 0 0 2 37 122 247 328 238 50 
0 8 238 263 352 153 10 0 4 147 349 372 138 14 0 0 0 46 179 175 206 299 116 3 
0 2 58 276 398 255 34 1 0 36 280 461 216 30 1 0 0 0 39 141 322 297 185 40 
0 0 137 400 384 97 6 0 0 67 339 424 180 14 0 0 0 1 95 279 413 179 56 1 
0 0 169 301 410 142 2 0 0 56 304 474 182 8 0 0 0 56 182 163 285 275 60 3 
0 5 210 262 380 153 14 0 1 89 314 390 203 27 0 0 3 100 162 164 232 261 93 9 
0 168 664 147 39 6 0 0 71 499 378 61 15 0 0 0 61 433 401 78 32 18 1 0 
0 529 390 66 36 3 0 0 369 495 113 37 10 0 0 0 332 445 131 66 29 20 1 0 
0 333 541 106 26 7 11 0 222 608 152 25 8 9 0 0 227 538 157 88 13 1 0 0 
0 361 494 121 28 18 2 0 272 527 151 51 18 5 0 0 208 523 210 55 19 9 0 0 
0 231 479 306 8 0 0 0 185 404 403 32 0 0 0 0 120 129 229 317 222 7 0 0 
0 60 418 451 91 4 0 0 25 250 585 154 10 0 0 0 0 60 177 361 332 81 13 0 
0 57 462 402 96 7 0 0 14 287 510 195 18 0 0 0 2 137 275 292 238 77 3 0 
0 82 590 316 36 0 0 0 6 326 514 173 5 0 0 0 0 151 391 273 180 29 0 0 
0 40 816 142 26 0 0 0 0 338 596 88 2 0 0 0 0 342 570 57 40 15 0 0 
0 0 159 239 243 259 104 20 0 202 267 241 278 36 0 0 100 266 287 307 64 0 0 0 
0 0 10 160 369 314 161 10 0 43 291 418 233 39 0 0 4 246 486 257 29 2 0 0 
0 0 0 136 288 361 230 9 0 9 286 374 327 27 1 0 1 199 426 335 53 9 1 0 
0 0 44 131 282 330 162 75 0 77 191 384 231 101 40 0 13 136 349 300 117 77 32 0 
0 0 37 196 248 198 186 159 0 45 195 266 203 164 110 41 0 77 227 230 191 138 89 72 
0 18 237 187 133 121 130 198 0 206 209 138 125 121 162 63 10 151 243 129 116 93 134 148 
0 136 302 292 125 93 59 17 98 206 272 240 99 84 22 3 98 185 202 281 117 92 32 17 
0 384 203 36 25 31 90 255 389 208 32 32 99 156 107 1 434 152 33 24 21 88 138 134 
0 96 236 237 196 96 76 87 94 162 287 196 105 94 76 10 116 214 280 183 58 72 37 64 
0 208 380 200 109 73 54 0 178 302 266 132 79 59 8 0 166 365 207 150 59 50 27 0 
0 399 459 137 26 3 0 0 296 453 209 59 7 0 0 0 255 419 189 105 48 8 0 0 
0 412 455 136 20 1 0 0 307 364 256 93 4 0 0 0 251 422 241 71 32 7 0 0 
0 564 409 45 5 1 0 0 441 453 113 16 1 0 0 0 394 506 102 16 6 0 0 0 
0 125 216 231 272 157 23 0 88 128 271 311 185 39 2 0 47 118 129 158 188 230 122 32 
0 60 455 303 148 54 4 0 4 208 405 284 112 11 0 0 4 229 401 190 111 61 25 3 
0 72 412 397 108 34 1 0 13 212 410 264 101 24 0 0 17 219 403 267 78 34 6 0 
0 28 297 390 238 69 2 0 4 171 431 278 119 21 0 0 10 208 365 227 140 54 19 1 
0 146 446 320 105 7 0 0 101 403 385 123 12 0 0 0 47 154 320 249 176 67 11 0 
0 67 278 383 215 77 4 0 31 263 403 251 75 1 0 0 2 81 174 177 313 206 69 2 
0 12 599 250 113 50 0 0 0 296 562 109 54 3 0 0 0 20 445 339 114 70 35 1 
0 34 296 364 254 74 2 0 4 164 416 341 92 7 0 0 8 54 200 269 255 191 45 2 
0 64 292 326 288 53 1 0 7 268 365 324 59 1 0 0 4 156 191 189 274 173 36 1 
0 83 412 324 171 33 1 0 21 234 467 234 65 3 0 0 13 257 238 189 207 98 22 0 
0 352 525 90 40 15 2 0 128 492 319 64 17 4 0 0 151 501 267 61 36 8 0 0 
0 324 495 138 67 0 0 0 124 565 223 105 7 0 0 0 131 563 140 88 70 32 0 0 
0 437 454 75 32 16 9 1 260 590 107 37 17 12 1 0 313 572 88 31 20 0 0 0 
0 316 459 139 68 37 5 0 244 429 221 71 50 9 0 0 277 490 180 58 18 1 0 0 
0 678 346 0 0 0 0 0 548 475 1 0 0 0 0 0 521 414 89 0 0 0 0 0 
0 277 482 203 58 4 0 0 70 599 259 91 5 0 0 0 79 374 202 126 177 65 1 0 
0 80 562 281 101 0 0 0 2 461 394 163 4 0 0 0 23 328 190 229 180 73 1 0 
0 76 810 136 2 0 0 0 0 409 585 30 0 0 0 0 4 488 365 119 48 0 0 0 
0 0 764 260 0 0 0 0 0 33 822 169 0 0 0 0 0 335 678 11 0 0 0 0 
0 13 107 291 279 308 26 0 34 120 328 341 198 3 0 0 94 337 382 196 15 0 0 0 
0 0 18 171 405 382 48 0 0 56 284 510 161 13 0 0 11 300 445 219 49 0 0 0 
0 0 58 191 313 320 137 5 1 102 286 385 224 26 0 0 16 241 400 266 87 12 2 0 
0 7 128 243 300 247 98 1 1 146 326 359 164 27 1 0 12 198 432 297 79 4 2 0 
0 45 253 156 289 187 92 2 36 269 197 294 173 52 3 0 17 277 249 311 127 40 3 0 
0 27 253 280 191 194 69 10 8 235 281 190 199 88 23 0 4 200 303 193 175 113 33 3 
0 16 444 219 131 136 71 7 5 235 392 154 136 86 16 0 2 246 359 143 140 93 39 2 
0 303 311 215 122 64 9 0 243 270 248 173 73 15 2 0 278 254 229 165 78 18 2 0 
0 254 460 211 98 1 0 0 157 447 204 151 65 0 0 0 200 463 204 124 33 0 0 0 
0 136 388 255 167 78 0 0 62 348 251 207 139 17 0 0 57 339 256 138 108 120 6 0 
0 757 246 21 0 0 0 0 666 261 93 4 0 0 0 0 653 265 84 22 0 0 0 0 
0 709 264 46 5 0 0 0 662 240 88 32 2 0 0 0 588 281 103 49 3 0 0 0 
0 486 329 168 40 1 0 0 450 301 203 62 8 0 0 0 359 199 219 175 60 12 0 0 
0 324 453 239 8 0 0 0 191 348 281 187 17 0 0 0 126 389 247 229 33 0 0 0 
0 475 445 90 14 0 0 0 331 411 228 45 9 0 0 0 269 411 245 77 21 1 0 0 
0 211 538 236 37 2 0 0 68 426 296 197 37 0 0 0 46 393 306 206 70 3 0 0 
0 75 586 267 94 2 0 0 20 430 405 136 33 0 0 0 11 251 449 189 93 29 2 0 
0 90 449 318 150 17 0 0 5 348 428 206 36 1 0 0 0 71 223 344 249 122 14 1 
0 194 378 305 145 2 0 0 113 313 352 233 13 0 0 0 23 199 204 267 244 86 1 0 
0 2 237 435 249 101 0 0 0 114 514 259 135 2 0 0 0 3 91 331 283 201 109 6 
0 1 198 415 344 66 0 0 0 72 446 401 102 3 0 0 0 1 69 266 338 255 87 8 
0 36 143 425 329 90 1 0 7 104 383 412 112 6 0 0 14 35 73 257 292 233 109 11 
0 158 402 281 152 28 3 0 35 351 319 236 72 11 0 0 44 310 224 233 151 48 14 0 
0 380 372 152 101 19 0 0 123 579 181 115 23 3 0 0 266 372 94 72 121 73 22 4 
0 350 629 26 8 6 5 0 79 795 126 8 10 5 1 0 134 799 71 8 6 6 0 0 
0 261 682 81 0 0 0 0 84 491 429 20 0 0 0 0 107 623 289 5 0 0 0 0 
0 78 779 164 3 0 0 0 1 304 639 77 3 0 0 0 4 574 432 13 1 0 0 0 
0 75 775 150 18 6 0 0 18 323 549 115 15 4 0 0 37 578 352 45 11 1 0 0 
0 69 754 198 3 0 0 0 4 449 478 90 3 0 0 0 7 504 485 28 0 0 0 0 
0 26 770 228 0 0 0 0 0 169 719 136 0 0 0 0 0 428 585 11 0 0 0 0 
0 0 752 263 9 0 0 0 0 104 749 168 3 0 0 0 0 296 692 36 0 0 0 0 
0 0 613 411 0 0 0 0 0 0 717 307 0 0 0 0 0 122 877 25 0 0 0 0 
