0 0 0 0 0 1024 0 0 0 0 0 0 0 0 1024 0 0 0 0 0 0 0 0 1024 
0 0 0 0 0 1024 0 0 0 0 0 0 0 0 1024 0 0 0 0 0 0 0 0 1024 
0 0 0 0 0 1024 0 0 0 0 0 0 0 0 1024 0 0 0 0 0 0 0 0 1024 
0 0 0 0 0 1024 0 0 0 0 0 0 0 0 1024 0 0 0 0 0 0 0 0 1024 
0 0 0 0 0 1024 0 0 0 0 0 0 0 0 1024 0 0 0 0 0 0 0 0 1024 
0 0 0 0 0 1024 0 0 0 0 0 0 0 0 1024 0 0 0 0 0 0 0 0 1024 
0 0 0 0 0 1024 0 0 0 0 0 0 0 0 1024 0 0 0 0 0 0 0 0 1024 
0 0 0 0 0 1024 0 0 0 0 0 0 0 0 1024 0 0 0 0 0 0 0 0 1024 
0 0 0 0 0 1024 0 0 0 0 0 0 0 0 1024 0 0 0 0 0 0 0 0 1024 
0 0 0 0 0 1024 0 0 0 0 0 0 0 0 1024 0 0 0 0 0 0 0 0 1024 
0 0 0 0 0 1024 0 0 0 0 0 0 0 0 1024 0 0 0 0 0 0 0 0 1024 
0 0 0 0 0 1024 0 0 0 0 0 0 0 0 1024 0 0 0 0 0 0 0 0 1024 
0 0 0 0 0 1024 0 0 0 0 0 0 0 0 1024 0 0 0 0 0 0 0 0 1024 
0 0 0 0 0 1024 0 0 0 0 0 0 0 0 1024 0 0 0 0 0 0 0 0 1024 
0 0 0 0 0 1024 0 0 0 0 0 0 0 0 1024 0 0 0 0 0 0 0 0 1024 
0 0 0 0 0 1024 0 0 0 0 0 0 0 0 1024 0 0 0 0 0 0 0 0 1024 
0 0 0 0 0 1024 0 0 0 0 0 0 0 0 1024 0 0 0 0 0 0 0 0 1024 
0 0 0 0 0 1024 0 0 0 0 0 0 0 0 1024 0 0 0 0 0 0 0 0 1024 
0 0 0 0 0 1024 0 0 0 0 0 0 0 0 1024 0 0 0 0 0 0 0 0 1024 
0 0 0 0 0 1024 0 0 0 0 0 0 0 0 1024 0 0 0 0 0 0 0 0 1024 
0 0 0 0 0 1024 0 0 0 0 0 0 0 0 1024 0 0 0 0 0 0 0 0 1024 
0 0 0 0 0 1024 0 0 0 0 0 0 0 0 1024 0 0 0 0 0 0 0 0 1024 
0 0 0 0 0 1024 0 0 0 0 0 0 0 0 1024 0 0 0 0 0 0 0 0 1024 
0 0 0 0 0 1024 0 0 0 0 0 0 0 0 1024 0 0 0 0 0 0 0 0 1024 
0 0 0 0 0 1024 0 0 0 0 0 0 0 0 1024 0 0 0 0 0 0 0 0 1024 
0 0 0 0 0 1024 0 0 0 0 0 0 0 0 1024 0 0 0 0 0 0 0 0 1024 
0 0 0 0 0 1024 0 0 0 0 0 0 0 0 1024 0 0 0 0 0 0 0 0 1024 
0 0 0 0 0 1024 0 0 0 0 0 0 0 0 1024 0 0 0 0 0 0 0 0 1024 
0 0 0 0 0 1024 0 0 0 0 0 0 0 0 1024 0 0 0 0 0 0 0 0 1024 
0 0 0 0 0 1024 0 0 0 0 0 0 0 0 1024 0 0 0 0 0 0 0 0 1024 
0 0 0 0 0 1024 0 0 0 0 0 0 0 0 1024 0 0 0 0 0 0 0 0 1024 
0 0 0 0 0 1024 0 0 0 0 0 0 0 0 1024 0 0 0 0 0 0 0 0 1024 
0 0 0 0 0 1024 0 0 0 0 0 0 0 0 1024 0 0 0 0 0 0 0 0 1024 
0 0 0 0 0 1024 0 0 0 0 0 0 0 0 1024 0 0 0 0 0 0 0 0 1024 
0 0 0 0 0 1024 0 0 0 0 0 0 0 0 1024 0 0 0 0 0 0 0 0 1024 
0 0 0 0 0 1024 0 0 0 0 0 0 0 0 1024 0 0 0 0 0 0 0 0 1024 
0 0 0 0 0 1024 0 0 0 0 0 0 0 0 1024 0 0 0 0 0 0 0 0 1024 
0 0 0 0 0 1024 0 0 0 0 0 0 0 0 1024 0 0 0 0 0 0 0 0 1024 
0 0 0 0 0 1024 0 0 0 0 0 0 0 0 1024 0 0 0 0 0 0 0 0 1024 
0 0 0 0 0 1024 0 0 0 0 0 0 0 0 1024 0 0 0 0 0 0 0 0 1024 
0 0 0 0 0 1024 0 0 0 0 0 0 0 0 1024 0 0 0 0 0 0 0 0 1024 
0 0 0 0 0 1024 0 0 0 0 0 0 0 0 1024 0 0 0 0 0 0 0 0 1024 
0 0 0 0 0 1024 0 0 0 0 0 0 0 0 1024 0 0 0 0 0 0 0 0 1024 
0 0 0 0 0 1024 0 0 0 0 0 0 0 0 1024 0 0 0 0 0 0 0 0 1024 
0 0 0 0 0 1024 0 0 0 0 0 0 0 0 1024 0 0 0 0 0 0 0 0 1024 
0 0 0 0 0 1024 0 0 0 0 0 0 0 0 1024 0 0 0 0 0 0 0 0 1024 
0 0 0 0 0 1024 0 0 0 0 0 0 0 0 1024 0 0 0 0 0 0 0 0 1024 
0 0 0 0 0 1024 0 0 0 0 0 0 0 0 1024 0 0 0 0 0 0 0 0 1024 
0 0 0 0 0 1024 0 0 0 0 0 0 0 0 1024 0 0 0 0 0 0 0 0 1024 
0 0 0 0 0 1024 0 0 0 0 0 0 0 0 1024 0 0 0 0 0 0 0 0 1024 
0 0 0 0 0 1024 0 0 0 0 0 0 0 0 1024 0 0 0 0 0 0 0 0 1024 
0 0 0 0 0 1024 0 0 0 0 0 0 0 0 1024 0 0 0 0 0 0 0 0 1024 
0 0 0 0 0 1024 0 0 0 0 0 0 0 0 1024 0 0 0 0 0 0 0 0 1024 
0 0 0 0 0 1024 0 0 0 0 0 0 0 0 1024 0 0 0 0 0 0 0 0 1024 
0 0 0 0 0 1024 0 0 0 0 0 0 0 0 1024 0 0 0 0 0 0 0 0 1024 
0 0 0 0 0 1024 0 0 0 0 0 0 0 0 1024 0 0 0 0 0 0 0 0 1024 
0 0 0 0 0 1024 0 0 0 0 0 0 0 0 1024 0 0 0 0 0 0 0 0 1024 
0 0 0 0 0 1024 0 0 0 0 0 0 0 0 1024 0 0 0 0 0 0 0 0 1024 
0 0 0 0 0 1024 0 0 0 0 0 0 0 0 1024 0 0 0 0 0 0 0 0 1024 
0 0 0 0 0 1024 0 0 0 0 0 0 0 0 1024 0 0 0 0 0 0 0 0 1024 
0 0 0 0 0 1024 0 0 0 0 0 0 0 0 1024 0 0 0 0 0 0 0 0 1024 
0 0 0 0 0 1024 0 0 0 0 0 0 0 0 1024 0 0 0 0 0 0 0 0 1024 
0 0 0 0 0 1024 0 0 0 0 0 0 0 0 1024 0 0 0 0 0 0 0 0 1024 
0 0 0 0 0 1024 0 0 0 0 0 0 0 0 1024 0 0 0 0 0 0 0 0 1024 
0 0 0 0 0 1024 0 0 0 0 0 0 0 0 1024 0 0 0 0 0 0 0 0 1024 
0 0 0 0 0 1024 0 0 0 0 0 0 0 0 1024 0 0 0 0 0 0 0 0 1024 
0 0 0 0 0 1024 0 0 0 0 0 0 0 0 1024 0 0 0 0 0 0 0 0 1024 
0 0 0 0 0 1024 0 0 0 0 0 0 0 0 1024 0 0 0 0 0 0 0 0 1024 
0 0 0 0 0 1024 0 0 0 0 0 0 0 0 1024 0 0 0 0 0 0 0 0 1024 
0 0 0 0 0 1024 0 0 0 0 0 0 0 0 1024 0 0 0 0 0 0 0 0 1024 
0 0 0 0 0 1024 0 0 0 0 0 0 0 0 1024 0 0 0 0 0 0 0 0 1024 
0 0 0 0 0 1024 0 0 0 0 0 0 0 0 1024 0 0 0 0 0 0 0 0 1024 
0 0 0 0 0 1024 0 0 0 0 0 0 0 0 1024 0 0 0 0 0 0 0 0 1024 
0 0 0 0 0 1024 0 0 0 0 0 0 0 0 1024 0 0 0 0 0 0 0 0 1024 
0 0 0 0 0 168 856 0 0 0 0 0 0 0 1024 0 0 0 0 0 0 0 0 1024 
0 0 0 0 0 528 496 0 0 0 0 0 0 0 1024 0 0 0 0 0 0 0 0 1024 
0 0 0 0 0 744 280 0 0 0 0 0 0 0 1024 0 0 0 0 0 0 0 0 1024 
0 0 0 0 0 960 64 0 0 0 0 0 0 0 1024 0 0 0 0 0 0 0 0 1024 
0 0 0 0 0 1024 0 0 0 0 0 0 0 0 1024 0 0 0 0 0 0 0 0 1024 
0 0 0 0 0 892 132 0 0 0 0 0 0 0 1024 0 0 0 0 0 0 0 0 1024 
0 0 0 0 0 960 64 0 0 0 0 0 0 0 1024 0 0 0 0 0 0 0 0 1024 
0 0 0 0 0 960 64 0 0 0 0 0 0 0 1024 0 0 0 0 0 0 0 0 1024 
0 0 0 0 0 1024 0 0 0 0 0 0 0 0 1024 0 0 0 0 0 0 0 0 1024 
0 0 0 0 0 1024 0 0 0 0 0 0 0 0 1024 0 0 0 0 0 0 0 0 1024 
0 0 0 0 0 1024 0 0 0 0 0 0 0 0 1024 0 0 0 0 0 0 0 0 1024 
0 0 0 0 0 1008 16 0 0 0 0 0 0 0 1024 0 0 0 0 0 0 0 0 1024 
0 0 0 0 0 1008 16 0 0 0 0 0 0 0 1024 0 0 0 0 0 0 0 0 1024 
0 0 0 0 0 1024 0 0 0 0 0 0 0 0 1024 0 0 0 0 0 0 0 0 1024 
0 0 0 0 0 1008 16 0 0 0 0 0 0 0 1024 0 0 0 0 0 0 0 0 1024 
0 0 0 0 0 1024 0 0 0 0 0 0 0 0 1024 0 0 0 0 0 0 0 0 1024 
0 0 0 0 0 1024 0 0 0 0 0 0 0 0 1024 0 0 0 0 0 0 0 0 1024 
0 0 0 0 0 1024 0 0 0 0 0 0 0 0 1024 0 0 0 0 0 0 0 0 1024 
0 0 0 0 0 1024 0 0 0 0 0 0 0 0 1024 0 0 0 0 0 0 0 0 1024 
0 0 0 0 0 1024 0 0 0 0 0 0 0 0 1024 0 0 0 0 0 0 0 0 1024 
0 0 0 0 0 1024 0 0 0 0 0 0 0 0 1024 0 0 0 0 0 0 0 0 1024 
0 0 0 0 0 1024 0 0 0 0 0 0 0 0 1024 0 0 0 0 0 0 0 0 1024 
0 0 0 0 0 1024 0 0 0 0 0 0 0 0 1024 0 0 0 0 0 0 0 0 1024 
0 0 0 0 0 1024 0 0 0 0 0 0 0 0 1024 0 0 0 0 0 0 0 0 1024 
0 0 0 0 0 1008 16 0 0 0 0 0 0 0 1024 0 0 0 0 0 0 0 0 1024 
0 0 0 0 0 1024 0 0 0 0 0 0 0 0 1024 0 0 0 0 0 0 0 0 1024 
0 0 0 0 0 1008 16 0 0 0 0 0 0 0 1024 0 0 0 0 0 0 0 0 1024 
0 0 0 0 0 1008 16 0 0 0 0 0 0 0 1024 0 0 0 0 0 0 0 0 1024 
0 0 0 0 0 1024 0 0 0 0 0 0 0 0 1024 0 0 0 0 0 0 0 0 1024 
0 0 0 0 0 1024 0 0 0 0 0 0 0 0 1024 0 0 0 0 0 0 0 0 1024 
0 0 0 0 0 1024 0 0 0 0 0 0 0 0 1024 0 0 0 0 0 0 0 0 1024 
0 0 0 0 0 1024 0 0 0 0 0 0 0 0 1024 0 0 0 0 0 0 0 0 1024 
0 0 0 0 0 1024 0 0 0 0 0 0 0 0 1024 0 0 0 0 0 0 0 0 1024 
0 0 0 0 0 1024 0 0 0 0 0 0 0 0 1024 0 0 0 0 0 0 0 0 1024 
0 0 0 0 0 1024 0 0 0 0 0 0 0 0 1024 0 0 0 0 0 0 0 0 1024 
0 0 0 0 0 1024 0 0 0 0 0 0 0 0 1024 0 0 0 0 0 0 0 0 1024 
0 0 0 0 0 1024 0 0 0 0 0 0 0 0 1024 0 0 0 0 0 0 0 0 1024 
0 0 0 0 0 0 1024 0 0 0 0 0 0 0 1024 0 0 0 0 0 0 0 0 1024 
0 0 0 0 0 0 1024 0 0 0 0 0 0 0 1024 0 0 0 0 0 0 0 0 1024 
0 0 0 0 0 0 1024 0 0 0 0 0 0 0 1024 0 0 0 0 0 0 0 0 1024 
0 0 0 0 0 0 1024 0 0 0 0 0 0 0 1024 0 0 0 0 0 0 0 0 1024 
0 0 0 1 3 93 927 0 0 0 0 0 3 11 1009 1 0 0 0 0 3 10 7 1004 
0 0 66 139 148 368 301 2 0 0 29 149 150 157 529 10 0 0 25 159 141 191 41 467 
0 0 28 70 97 484 343 2 0 0 16 72 90 111 725 10 0 0 18 72 87 123 30 694 
0 0 0 0 0 192 832 0 0 0 0 0 0 0 1024 0 0 0 0 0 0 0 0 1024 
0 0 0 0 0 192 832 0 0 0 0 0 0 0 1024 0 0 0 0 0 0 0 0 1024 
0 0 0 0 0 296 728 0 0 0 0 0 0 0 1024 0 0 0 0 0 0 0 0 1024 
0 0 0 0 0 288 736 0 0 0 0 0 0 0 1024 0 0 0 0 0 0 0 0 1024 
0 0 0 0 0 280 744 0 0 0 0 0 0 0 1024 0 0 0 0 0 0 0 0 1024 
0 0 0 0 0 424 600 0 0 0 0 0 0 0 1024 0 0 0 0 0 0 0 0 1024 
0 0 0 0 0 384 640 0 0 0 0 0 0 0 1024 0 0 0 0 0 0 0 0 1024 
0 0 0 0 0 184 840 0 0 0 0 0 0 0 1024 0 0 0 0 0 0 0 0 1024 
0 0 0 0 0 328 696 0 0 0 0 0 0 0 1024 0 0 0 0 0 0 0 0 1024 
0 0 0 0 0 680 344 0 0 0 0 0 0 0 1024 0 0 0 0 0 0 0 0 1024 
0 0 0 0 0 736 288 0 0 0 0 0 0 0 1024 0 0 0 0 0 0 0 0 1024 
0 0 0 0 0 480 544 0 0 0 0 0 0 0 1024 0 0 0 0 0 0 0 0 1024 
0 0 0 0 0 608 416 0 0 0 0 0 0 0 1024 0 0 0 0 0 0 0 0 1024 
0 0 0 0 0 696 328 0 0 0 0 0 0 0 1024 0 0 0 0 0 0 0 0 1024 
0 0 0 0 0 616 408 0 0 0 0 0 0 0 1024 0 0 0 0 0 0 0 0 1024 
0 0 0 0 0 424 600 0 0 0 0 0 0 0 1024 0 0 0 0 0 0 0 0 1024 
0 0 0 0 0 296 728 0 0 0 0 0 0 0 1024 0 0 0 0 0 0 0 0 1024 
0 0 0 0 0 384 640 0 0 0 0 0 0 0 1024 0 0 0 0 0 0 0 0 1024 
0 0 0 0 0 640 384 0 0 0 0 0 0 0 1024 0 0 0 0 0 0 0 0 1024 
0 0 0 0 0 847 177 0 0 0 0 0 0 0 1024 0 0 0 0 0 0 0 0 1024 
0 0 0 0 0 960 64 0 0 0 0 0 0 0 1024 0 0 0 0 0 0 0 0 1024 
0 0 0 0 0 888 136 0 0 0 0 0 0 0 1024 0 0 0 0 0 0 0 0 1024 
0 0 0 0 0 944 80 0 0 0 0 0 0 0 1024 0 0 0 0 0 0 0 0 1024 
0 0 0 0 0 920 104 0 0 0 0 0 0 0 1024 0 0 0 0 0 0 0 0 1024 
0 0 0 0 0 992 32 0 0 0 0 0 0 0 1024 0 0 0 0 0 0 0 0 1024 
0 0 0 0 0 944 80 0 0 0 0 0 0 0 1024 0 0 0 0 0 0 0 0 1024 
0 0 0 0 0 1018 6 0 0 0 0 0 0 0 1024 0 0 0 0 0 0 0 0 1024 
0 0 0 0 0 1000 24 0 0 0 0 0 0 0 1024 0 0 0 0 0 0 0 0 1024 
0 0 0 0 0 1018 6 0 0 0 0 0 0 0 1024 0 0 0 0 0 0 0 0 1024 
0 0 0 0 0 1024 0 0 0 0 0 0 0 0 1024 0 0 0 0 0 0 0 0 1024 
0 0 0 0 0 0 1024 0 0 0 0 0 0 0 1024 0 0 0 0 0 0 0 0 1024 
0 0 0 0 0 0 1024 0 0 0 0 0 0 0 1024 0 0 0 0 0 0 0 0 1024 
0 0 0 0 0 0 1024 0 0 0 0 0 0 0 1024 0 0 0 0 0 0 0 0 1024 
0 0 0 0 0 7 1017 0 0 0 0 0 0 1 1021 2 0 0 0 0 0 0 6 1018 
0 0 70 273 108 162 410 1 0 0 13 233 187 107 474 10 0 0 0 114 309 98 134 369 
0 0 106 537 196 126 58 1 0 0 9 464 346 120 82 3 0 0 0 216 592 127 88 1 
0 0 120 527 129 121 111 16 0 0 7 555 197 110 132 23 0 0 0 208 553 111 119 33 
0 0 29 65 30 87 811 2 0 0 8 52 59 51 836 18 0 0 0 35 82 46 75 786 
0 0 0 0 0 0 1024 0 0 0 0 0 0 0 1024 0 0 0 0 0 0 0 0 1024 
0 0 0 0 0 0 1024 0 0 0 0 0 0 0 1024 0 0 0 0 0 0 0 0 1024 
0 0 0 0 0 0 1024 0 0 0 0 0 0 0 1024 0 0 0 0 0 0 0 0 1024 
0 0 0 0 0 0 1024 0 0 0 0 0 0 0 1024 0 0 0 0 0 0 0 0 1024 
0 0 0 0 0 0 1024 0 0 0 0 0 0 0 1024 0 0 0 0 0 0 0 0 1024 
0 0 0 0 0 0 1024 0 0 0 0 0 0 0 1024 0 0 0 0 0 0 0 0 1024 
0 0 0 0 0 0 1024 0 0 0 0 0 0 0 1024 0 0 0 0 0 0 0 0 1024 
0 0 0 0 0 0 1024 0 0 0 0 0 0 0 1024 0 0 0 0 0 0 0 0 1024 
0 0 0 0 0 0 1024 0 0 0 0 0 0 0 1024 0 0 0 0 0 0 0 0 1024 
0 0 0 0 0 0 1024 0 0 0 0 0 0 0 1024 0 0 0 0 0 0 0 0 1024 
0 0 0 0 0 0 1024 0 0 0 0 0 0 0 1024 0 0 0 0 0 0 0 0 1024 
0 0 0 0 0 0 1024 0 0 0 0 0 0 0 1024 0 0 0 0 0 0 0 0 1024 
0 0 0 0 0 0 1024 0 0 0 0 0 0 0 1024 0 0 0 0 0 0 0 0 1024 
0 0 0 0 0 0 1024 0 0 0 0 0 0 0 1024 0 0 0 0 0 0 0 0 1024 
0 0 0 0 0 0 1024 0 0 0 0 0 0 0 1024 0 0 0 0 0 0 0 0 1024 
0 0 0 0 0 0 1024 0 0 0 0 0 0 0 1024 0 0 0 0 0 0 0 0 1024 
0 0 0 0 0 0 1024 0 0 0 0 0 0 0 1024 0 0 0 0 0 0 0 0 1024 
0 0 0 0 0 0 1024 0 0 0 0 0 0 0 1024 0 0 0 0 0 0 0 0 1024 
0 0 0 0 0 0 1024 0 0 0 0 0 0 0 1024 0 0 0 0 0 0 0 0 1024 
0 0 0 0 0 48 976 0 0 0 0 0 0 0 1024 0 0 0 0 0 0 0 0 1024 
0 0 0 0 0 16 1008 0 0 0 0 0 0 0 1024 0 0 0 0 0 0 0 0 1024 
0 0 0 0 0 16 1008 0 0 0 0 0 0 0 1024 0 0 0 0 0 0 0 0 1024 
0 0 0 0 0 0 1024 0 0 0 0 0 0 0 1024 0 0 0 0 0 0 0 0 1024 
0 0 0 0 0 64 960 0 0 0 0 0 0 0 1024 0 0 0 0 0 0 0 0 1024 
0 0 0 0 0 192 832 0 0 0 0 0 0 0 1024 0 0 0 0 0 0 0 0 1024 
0 0 0 0 0 232 792 0 0 0 0 0 0 0 1024 0 0 0 0 0 0 0 0 1024 
0 0 0 0 0 256 768 0 0 0 0 0 0 0 1024 0 0 0 0 0 0 0 0 1024 
0 0 0 0 0 256 768 0 0 0 0 0 0 0 1024 0 0 0 0 0 0 0 0 1024 
0 0 0 0 0 248 776 0 0 0 0 0 0 0 1024 0 0 0 0 0 0 0 0 1024 
0 0 0 0 0 0 1024 0 0 0 0 0 0 0 960 64 0 0 0 0 0 0 0 1024 
0 0 0 0 0 0 1024 0 0 0 0 0 0 0 1024 0 0 0 0 0 0 0 0 1024 
0 0 0 0 0 0 1024 0 0 0 0 0 0 0 1024 0 0 0 0 0 0 0 0 1024 
0 0 216 99 55 122 529 3 0 0 44 260 56 88 542 34 0 0 0 184 172 77 120 471 
0 0 592 189 60 71 99 13 0 0 170 584 72 66 108 24 0 0 3 610 200 77 98 36 
0 0 503 237 68 105 99 12 0 0 146 572 70 104 117 15 0 0 5 548 228 105 121 17 
0 0 526 203 93 102 95 5 0 0 144 568 87 101 114 10 0 0 8 563 217 108 109 19 
0 0 464 155 93 94 209 9 0 0 129 469 98 83 224 21 0 0 0 475 215 90 135 109 
0 0 23 12 15 42 931 1 0 0 7 27 14 26 924 26 0 0 0 29 20 21 43 911 
0 0 0 0 0 0 1024 0 0 0 0 0 0 0 1024 0 0 0 0 0 0 0 0 1024 
0 0 0 0 0 0 1024 0 0 0 0 0 0 0 1024 0 0 0 0 0 0 0 0 1024 
0 0 0 0 0 0 1024 0 0 0 0 0 0 0 1024 0 0 0 0 0 0 0 0 1024 
0 0 0 0 0 0 1024 0 0 0 0 0 0 0 1024 0 0 0 0 0 0 0 0 1024 
0 0 0 0 0 0 1024 0 0 0 0 0 0 0 1024 0 0 0 0 0 0 0 0 1024 
0 0 0 0 0 0 1024 0 0 0 0 0 0 0 1024 0 0 0 0 0 0 0 0 1024 
0 0 0 0 0 0 1024 0 0 0 0 0 0 0 1024 0 0 0 0 0 0 0 0 1024 
0 0 0 0 0 0 1024 0 0 0 0 0 0 0 1024 0 0 0 0 0 0 0 0 1024 
0 0 0 0 0 0 1024 0 0 0 0 0 0 0 1024 0 0 0 0 0 0 0 0 1024 
0 0 0 0 0 0 1024 0 0 0 0 0 0 0 1024 0 0 0 0 0 0 0 0 1024 
0 0 0 0 0 0 1024 0 0 0 0 0 0 0 1024 0 0 0 0 0 0 0 0 1024 
0 0 0 0 0 0 1024 0 0 0 0 0 0 0 1024 0 0 0 0 0 0 0 0 1024 
0 0 0 0 0 0 1024 0 0 0 0 0 0 0 1024 0 0 0 0 0 0 0 0 1024 
0 0 0 0 0 0 1024 0 0 0 0 0 0 0 1024 0 0 0 0 0 0 0 0 1024 
0 0 0 0 0 0 1024 0 0 0 0 0 0 0 1024 0 0 0 0 0 0 0 0 1024 
0 0 0 0 0 0 1024 0 0 0 0 0 0 0 1024 0 0 0 0 0 0 0 0 1024 
0 0 0 0 0 0 1024 0 0 0 0 0 0 0 1024 0 0 0 0 0 0 0 0 1024 
0 0 0 0 0 0 1024 0 0 0 0 0 0 0 1024 0 0 0 0 0 0 0 0 1024 
0 0 0 0 0 0 1024 0 0 0 0 0 0 0 1024 0 0 0 0 0 0 0 0 1024 
0 0 0 0 0 0 1024 0 0 0 0 0 0 0 1024 0 0 0 0 0 0 0 0 1024 
0 0 0 0 0 0 1024 0 0 0 0 0 0 0 1024 0 0 0 0 0 0 0 0 1024 
0 0 0 0 0 0 1024 0 0 0 0 0 0 0 1024 0 0 0 0 0 0 0 0 1024 
0 0 0 0 0 0 1024 0 0 0 0 0 0 0 1024 0 0 0 0 0 0 0 0 1024 
0 0 0 0 0 0 1024 0 0 0 0 0 0 0 1024 0 0 0 0 0 0 0 0 1024 
0 0 0 0 0 0 1024 0 0 0 0 0 0 0 1024 0 0 0 0 0 0 0 0 1024 
0 0 0 0 0 0 1024 0 0 0 0 0 0 0 1024 0 0 0 0 0 0 0 0 1024 
0 0 0 0 0 0 1024 0 0 0 0 0 0 0 1024 0 0 0 0 0 0 0 0 1024 
0 0 0 0 0 0 1024 0 0 0 0 0 0 0 1024 0 0 0 0 0 0 0 0 1024 
0 0 0 0 0 0 1024 0 0 0 0 0 0 0 224 800 0 0 0 0 0 0 0 1024 
0 0 0 0 0 0 1024 0 0 0 0 0 0 0 256 768 0 0 0 0 0 0 0 1024 
0 0 72 171 46 102 631 2 0 0 2 205 76 63 536 142 0 0 0 45 233 59 137 550 
0 0 293 450 66 91 123 1 0 0 19 644 134 86 135 6 0 0 0 251 528 96 132 17 
0 0 376 363 89 106 77 13 0 0 37 657 110 101 97 22 0 0 0 323 465 115 95 26 
0 0 335 395 102 84 100 8 0 0 45 600 172 74 123 10 0 0 0 326 475 85 113 25 
0 0 361 376 81 117 89 0 0 0 97 567 135 97 125 3 0 0 2 393 393 103 120 13 
0 0 449 299 91 81 90 14 0 0 80 608 128 86 97 25 0 0 4 389 416 92 87 36 
0 0 375 120 66 128 330 5 0 0 90 388 69 106 331 40 0 0 3 313 231 93 150 234 
0 8 112 103 141 158 502 0 0 6 105 103 126 162 472 50 0 7 65 151 108 146 70 477 
0 0 35 29 54 52 854 0 0 0 32 30 47 49 821 45 0 0 24 37 46 47 27 843 
0 0 0 0 0 0 1024 0 0 0 0 0 0 0 1024 0 0 0 0 0 0 0 0 1024 
0 0 0 0 0 0 1024 0 0 0 0 0 0 0 1024 0 0 0 0 0 0 0 0 1024 
0 0 0 0 0 0 1024 0 0 0 0 0 0 0 1024 0 0 0 0 0 0 0 0 1024 
0 0 0 0 0 0 1024 0 0 0 0 0 0 0 1024 0 0 0 0 0 0 0 0 1024 
0 0 0 0 0 0 1024 0 0 0 0 0 0 0 1024 0 0 0 0 0 0 0 0 1024 
0 0 0 0 0 0 1024 0 0 0 0 0 0 0 1024 0 0 0 0 0 0 0 0 1024 
0 0 0 0 0 0 1024 0 0 0 0 0 0 0 1024 0 0 0 0 0 0 0 0 1024 
0 0 0 0 0 0 1024 0 0 0 0 0 0 0 1008 16 0 0 0 0 0 0 0 1024 
0 0 0 0 0 0 1024 0 0 0 0 0 0 0 1024 0 0 0 0 0 0 0 0 1024 
0 0 0 0 0 0 1024 0 0 0 0 0 0 0 1024 0 0 0 0 0 0 0 0 1024 
0 0 0 0 0 0 1024 0 0 0 0 0 0 0 1024 0 0 0 0 0 0 0 0 1024 
0 0 0 0 0 0 1024 0 0 0 0 0 0 0 1024 0 0 0 0 0 0 0 0 1024 
0 0 0 0 0 0 1024 0 0 0 0 0 0 0 1013 11 0 0 0 0 0 0 0 1024 
0 0 0 0 0 0 1024 0 0 0 0 0 0 0 1024 0 0 0 0 0 0 0 0 1024 
0 0 0 0 0 0 1024 0 0 0 0 0 0 0 1024 0 0 0 0 0 0 0 0 1024 
0 0 0 0 0 0 1024 0 0 0 0 0 0 0 1024 0 0 0 0 0 0 0 0 1024 
0 0 0 0 0 0 1024 0 0 0 0 0 0 0 1024 0 0 0 0 0 0 0 0 1024 
0 0 0 0 0 0 1024 0 0 0 0 0 0 0 1024 0 0 0 0 0 0 0 0 1024 
0 0 0 0 0 0 1024 0 0 0 0 0 0 0 1024 0 0 0 0 0 0 0 0 1024 
0 0 0 0 0 0 1024 0 0 0 0 0 0 0 1024 0 0 0 0 0 0 0 0 1024 
0 0 0 0 0 0 1024 0 0 0 0 0 0 0 1024 0 0 0 0 0 0 0 0 1024 
0 0 0 0 0 0 1024 0 0 0 0 0 0 0 1024 0 0 0 0 0 0 0 0 1024 
0 0 0 0 0 0 1024 0 0 0 0 0 0 0 1024 0 0 0 0 0 0 0 0 1024 
0 0 0 0 0 0 1024 0 0 0 0 0 0 0 1024 0 0 0 0 0 0 0 0 1024 
0 0 0 0 0 0 1024 0 0 0 0 0 0 0 1024 0 0 0 0 0 0 0 0 1024 
0 0 0 0 0 0 1024 0 0 0 0 0 0 0 1024 0 0 0 0 0 0 0 0 1024 
0 0 0 0 0 0 640 384 0 0 0 0 0 0 0 1024 0 0 0 0 0 0 0 1024 
0 0 35 127 55 50 564 193 0 0 0 114 89 49 247 525 0 0 0 24 176 54 71 699 
0 0 273 416 119 73 106 37 0 0 14 585 193 76 94 62 0 0 0 214 565 86 97 62 
0 0 294 434 76 77 143 0 0 0 21 653 109 77 154 10 0 0 0 277 487 93 147 20 
0 0 291 418 124 72 95 24 0 0 37 582 180 80 111 34 0 0 0 298 493 90 106 37 
0 0 251 467 91 127 84 4 0 0 11 617 152 130 101 13 0 0 0 295 473 138 95 23 
0 0 338 379 108 84 106 9 0 0 29 626 153 83 109 24 0 0 0 334 467 89 99 35 
0 0 356 379 89 99 95 6 0 0 47 612 143 92 119 11 0 0 1 369 415 107 116 16 
0 0 502 248 58 100 116 0 0 0 106 603 92 79 138 6 0 0 1 479 311 95 126 12 
0 8 407 194 116 133 145 21 0 3 215 363 127 132 153 31 0 3 180 286 258 130 137 30 
0 69 409 80 54 104 216 92 0 12 443 97 55 92 210 115 0 10 449 99 58 96 145 167 
0 4 18 8 2 23 944 25 0 1 19 10 2 10 870 112 0 2 17 11 2 9 60 923 
0 0 0 0 0 0 1024 0 0 0 0 0 0 0 1024 0 0 0 0 0 0 0 0 1024 
0 0 0 0 0 0 1024 0 0 0 0 0 0 0 1024 0 0 0 0 0 0 0 0 1024 
0 0 0 0 0 0 1024 0 0 0 0 0 0 0 1024 0 0 0 0 0 0 0 0 1024 
0 0 0 0 0 0 1024 0 0 0 0 0 0 0 1024 0 0 0 0 0 0 0 0 1024 
0 0 0 0 0 0 1024 0 0 0 0 0 0 0 1024 0 0 0 0 0 0 0 0 1024 
0 0 0 0 0 0 1024 0 0 0 0 0 0 0 896 128 0 0 0 0 0 0 0 1024 
0 0 0 0 0 0 1024 0 0 0 0 0 0 0 1016 8 0 0 0 0 0 0 0 1024 
0 0 0 0 0 0 1024 0 0 0 0 0 0 0 992 32 0 0 0 0 0 0 0 1024 
0 0 0 0 0 0 1024 0 0 0 0 0 0 0 1024 0 0 0 0 0 0 0 0 1024 
0 0 0 0 0 0 1024 0 0 0 0 0 0 0 960 64 0 0 0 0 0 0 0 1024 
0 0 0 0 0 0 1024 0 0 0 0 0 0 0 992 32 0 0 0 0 0 0 0 1024 
0 0 0 0 0 0 1024 0 0 0 0 0 0 0 1024 0 0 0 0 0 0 0 0 1024 
0 0 0 0 0 0 1024 0 0 0 0 0 0 0 1024 0 0 0 0 0 0 0 0 1024 
0 0 0 0 0 0 1024 0 0 0 0 0 0 0 896 128 0 0 0 0 0 0 0 1024 
0 0 0 0 0 0 1024 0 0 0 0 0 0 0 896 128 0 0 0 0 0 0 0 1024 
0 0 0 0 0 0 1024 0 0 0 0 0 0 0 1024 0 0 0 0 0 0 0 0 1024 
0 0 0 0 0 0 1024 0 0 0 0 0 0 0 960 64 0 0 0 0 0 0 0 1024 
0 6 52 26 17 17 906 0 0 0 28 35 26 17 763 155 14 49 13 13 10 10 15 900 
2 53 139 53 26 31 719 1 0 19 97 104 37 29 676 62 77 124 40 15 19 19 20 710 
0 0 6 5 4 8 1000 1 0 0 1 5 7 4 962 45 0 5 3 3 4 5 6 998 
0 0 0 0 0 0 1024 0 0 0 0 0 0 0 1024 0 0 0 0 0 0 0 0 1024 
0 0 0 0 0 0 1023 1 0 0 0 0 0 0 998 26 0 0 0 0 0 0 0 1024 
0 0 0 0 0 2 1007 15 0 0 0 0 0 0 912 112 0 0 0 0 0 1 5 1018 
0 0 0 0 0 0 1015 9 0 0 0 0 0 0 897 127 0 0 0 0 0 0 1 1023 
0 0 0 0 0 0 1023 1 0 0 0 0 0 0 993 31 0 0 0 0 0 0 0 1024 
0 0 193 220 48 192 14 357 0 0 308 107 63 175 14 357 0 33 377 19 214 12 16 353 
0 0 332 233 105 235 50 69 0 2 213 290 178 219 39 83 0 59 165 122 505 49 40 84 
0 0 224 366 87 257 77 13 0 2 52 424 202 244 79 21 0 34 20 189 607 73 76 25 
0 0 262 386 83 178 113 2 0 0 7 562 157 162 125 11 0 0 0 211 597 82 106 28 
0 0 180 437 191 113 83 20 0 0 13 371 394 125 91 30 0 0 0 168 583 147 89 37 
0 0 150 457 178 108 131 0 0 0 2 356 394 116 146 10 0 0 0 161 550 162 143 8 
0 0 175 424 226 79 91 29 0 0 11 359 440 73 108 33 0 0 0 154 625 102 103 40 
0 0 193 468 132 114 107 10 0 0 10 473 289 120 108 24 0 0 0 183 567 142 95 37 
0 0 290 415 77 118 123 1 0 0 16 524 228 102 151 3 0 0 0 277 477 124 137 9 
0 238 279 205 76 64 65 97 0 206 164 299 120 56 80 99 0 95 210 264 187 90 81 97 
438 231 24 9 21 65 12 224 287 384 22 11 31 52 16 221 126 553 17 45 32 20 20 211 
221 227 24 31 20 18 72 411 170 276 31 28 19 19 70 411 59 372 51 28 16 30 160 308 
3 109 45 59 61 88 265 394 0 103 88 69 43 65 174 482 0 19 127 92 59 84 234 409 
1 138 58 80 54 52 425 216 0 125 88 87 56 35 92 541 0 11 158 99 78 47 111 520 
0 83 26 40 35 27 608 205 0 61 48 42 33 29 102 709 0 3 78 59 30 44 102 708 
0 4 7 6 12 11 754 230 0 4 7 6 13 10 74 910 0 0 8 6 11 18 66 915 
0 0 0 0 0 0 931 93 0 0 0 0 0 0 53 971 0 0 0 0 0 0 26 998 
0 0 0 0 0 0 1024 0 0 0 0 0 0 0 6 1018 0 0 0 0 0 0 0 1024 
0 0 0 0 0 0 1024 0 0 0 0 0 0 0 0 1024 0 0 0 0 0 0 0 1024 
0 0 0 0 0 0 1024 0 0 0 0 0 0 0 64 960 0 0 0 0 0 0 0 1024 
0 0 0 0 0 0 1024 0 0 0 0 0 0 0 0 1024 0 0 0 0 0 0 0 1024 
0 0 0 0 0 0 1024 0 0 0 0 0 0 0 64 960 0 0 0 0 0 0 0 1024 
0 0 0 0 0 0 1024 0 0 0 0 0 0 0 256 768 0 0 0 0 0 0 0 1024 
0 0 0 0 0 0 1024 0 0 0 0 0 0 0 0 1024 0 0 0 0 0 0 0 1024 
0 0 0 0 0 0 1024 0 0 0 0 0 0 0 16 1008 0 0 0 0 0 0 0 1024 
0 0 0 0 0 0 1024 0 0 0 0 0 0 0 0 1024 0 0 0 0 0 0 0 1024 
0 0 0 0 0 0 1024 0 0 0 0 0 0 0 0 1024 0 0 0 0 0 0 0 1024 
0 0 0 0 0 0 1024 0 0 0 0 0 0 0 320 704 0 0 0 0 0 0 0 1024 
0 13 36 44 15 27 888 1 0 3 27 31 39 19 64 841 29 41 24 4 13 15 30 868 
38 230 500 108 28 24 96 0 11 106 406 315 50 23 60 53 434 385 45 18 18 13 28 83 
108 391 386 61 42 25 10 1 52 220 461 195 46 28 19 3 542 307 66 38 32 16 18 5 
24 416 244 62 33 21 224 0 6 156 417 133 43 30 59 180 429 250 54 25 23 12 25 206 
14 177 125 48 27 40 592 1 1 89 172 72 40 29 164 457 205 111 31 27 19 26 28 577 
25 241 316 70 51 38 158 125 11 79 398 152 56 39 114 175 261 181 112 109 49 39 63 210 
22 225 304 109 96 61 54 153 10 108 360 167 94 73 57 155 302 281 91 80 61 42 52 115 
27 265 288 179 48 33 47 137 0 99 374 203 127 31 49 141 376 231 30 38 138 35 49 127 
1 7 77 248 57 97 202 335 0 1 47 207 135 88 192 354 23 79 35 81 180 128 164 334 
5 44 51 442 244 238 0 0 7 53 91 479 179 215 0 0 25 57 458 241 242 1 0 0 
3 23 82 401 273 242 0 0 7 28 180 360 231 218 0 0 13 36 446 281 241 7 0 0 
0 5 149 501 122 246 1 0 0 6 284 396 106 232 0 0 1 53 575 109 280 6 0 0 
0 0 160 473 89 302 0 0 0 2 301 358 84 279 0 0 0 65 564 96 299 0 0 0 
0 0 160 404 121 336 3 0 0 0 245 342 120 314 3 0 0 67 476 85 387 7 2 0 
0 0 89 520 179 215 19 2 0 0 158 445 193 205 20 3 0 27 495 89 346 43 20 4 
0 0 69 554 164 209 28 0 0 0 77 476 232 202 34 3 0 19 377 94 449 49 32 4 
0 0 152 418 162 219 73 0 0 0 126 346 258 227 66 1 0 39 202 125 510 81 61 6 
0 0 186 398 119 237 84 0 0 0 75 368 274 222 84 1 0 34 53 170 607 79 77 4 
80 183 164 140 126 241 57 33 55 189 136 125 84 213 117 105 258 250 85 166 191 31 23 20 
185 130 96 86 266 188 59 14 192 104 84 39 47 155 309 94 304 414 140 76 16 46 28 0 
5 16 22 73 236 142 412 118 4 18 20 21 70 256 557 78 4 109 176 119 67 289 229 31 
1 12 21 25 272 67 475 151 0 12 18 18 32 242 561 141 0 5 46 275 45 211 388 54 
1 87 47 61 314 67 327 120 0 69 95 71 52 211 441 85 0 3 167 312 72 86 353 31 
0 50 82 154 272 96 236 134 0 42 109 145 81 213 305 129 0 54 146 320 111 58 268 67 
0 11 14 58 212 85 139 505 0 13 24 28 50 182 228 499 0 39 85 129 63 109 286 313 
3 107 82 100 282 130 109 211 0 91 103 138 91 146 244 211 0 28 178 255 125 121 157 160 
3 136 96 79 184 112 153 261 0 99 121 98 81 144 167 314 0 18 153 123 94 144 220 272 
0 41 33 63 60 61 283 483 0 28 32 32 95 66 118 653 0 4 36 33 44 108 247 552 
2 54 40 68 96 92 408 264 0 47 37 43 80 90 138 589 0 6 62 51 49 82 174 600 
2 57 29 44 87 69 537 199 0 47 32 38 43 61 111 692 0 7 64 36 44 42 154 677 
0 3 1 47 36 37 650 250 0 3 0 5 59 55 52 850 0 0 3 1 11 54 121 834 
0 14 11 13 23 15 777 171 0 13 9 11 16 24 32 919 0 5 14 9 10 15 44 927 
0 0 0 0 0 4 902 118 0 0 0 0 0 4 25 995 0 0 0 0 0 5 21 998 
0 0 0 0 0 0 1004 20 0 0 0 0 0 0 8 1016 0 0 0 0 0 0 0 1024 
0 0 0 0 0 0 1024 0 0 0 0 0 0 0 0 1024 0 0 0 0 0 0 0 1024 
0 0 0 0 0 0 1024 0 0 0 0 0 0 0 0 1024 0 0 0 0 0 0 0 1024 
0 0 0 0 0 0 1024 0 0 0 0 0 0 0 64 960 0 0 0 0 0 0 0 1024 
28 165 246 121 51 37 375 1 6 104 186 212 78 42 263 133 226 237 73 40 34 24 37 353 
85 397 428 88 9 13 4 0 19 224 453 266 41 11 9 1 595 348 46 12 7 10 5 1 
145 523 316 38 2 0 0 0 51 339 431 186 17 0 0 0 765 244 14 1 0 0 0 0 
182 711 129 2 0 0 0 0 66 509 419 29 1 0 0 0 860 163 1 0 0 0 0 0 
178 578 256 12 0 0 0 0 89 347 508 75 5 0 0 0 828 191 4 1 0 0 0 0 
301 408 232 46 20 11 5 1 195 342 342 102 24 14 3 2 730 223 40 14 12 5 0 0 
278 398 290 46 7 5 0 0 222 311 344 130 11 5 1 0 721 262 29 7 5 0 0 0 
374 453 175 18 2 2 0 0 305 309 361 44 2 3 0 0 806 194 14 9 1 0 0 0 
106 342 344 57 27 56 41 51 68 176 460 135 32 62 42 49 500 260 50 42 41 58 33 40 
72 246 184 340 91 33 53 5 93 241 85 310 196 34 52 13 291 139 43 113 329 47 43 19 
26 111 101 493 136 61 87 9 51 92 52 419 247 60 83 20 91 69 54 100 528 79 73 30 
8 63 162 331 311 73 67 9 13 80 42 340 395 71 59 24 29 76 41 106 626 58 67 21 
1 88 100 338 317 126 44 10 18 106 31 333 357 117 45 17 38 99 45 132 607 41 45 17 
13 144 85 238 247 284 13 0 34 179 30 183 329 254 15 0 108 111 48 158 545 37 13 4 
57 205 56 108 223 374 1 0 96 192 34 142 203 356 1 0 179 121 106 139 458 20 0 1 
11 92 63 81 291 448 38 0 23 91 64 205 189 439 13 0 66 87 187 216 357 111 0 0 
0 65 38 203 244 430 44 0 1 77 37 285 207 407 10 0 31 66 265 226 349 87 0 0 
0 26 55 194 261 324 163 1 0 31 96 231 251 408 7 0 2 70 250 278 410 14 0 0 
0 0 103 348 289 197 87 0 0 4 176 388 229 227 0 0 0 79 481 235 226 3 0 0 
52 22 32 226 354 191 147 0 52 23 110 340 222 277 0 0 61 51 410 229 270 3 0 0 
148 93 56 68 109 182 339 29 152 101 50 82 101 198 325 15 193 96 94 86 155 159 241 0 
59 26 13 27 81 268 549 1 60 25 16 24 86 272 539 2 68 25 15 54 175 215 472 0 
9 18 16 21 52 254 654 0 11 16 19 19 56 262 641 0 18 16 18 25 133 365 449 0 
10 11 11 14 43 160 772 3 11 10 12 16 44 169 762 0 13 16 11 14 124 390 456 0 
0 0 0 3 32 166 693 130 0 0 0 5 37 190 684 108 0 0 1 14 96 306 560 47 
3 12 13 29 79 83 654 151 4 14 13 13 31 140 694 115 7 37 70 17 35 232 618 8 
5 14 11 38 203 95 495 163 7 13 11 19 34 256 597 87 15 125 78 50 45 199 501 11 
0 0 1 6 166 127 392 332 0 0 1 2 24 192 532 273 0 85 47 63 64 247 444 74 
0 22 32 30 197 108 187 448 0 20 33 21 43 102 407 398 5 40 148 102 51 145 449 84 
0 43 39 55 164 181 112 430 0 36 39 54 50 123 348 374 1 56 166 113 73 73 463 79 
0 0 14 30 146 114 173 547 0 0 0 18 44 114 336 512 0 43 75 50 35 139 476 206 
1 43 46 88 129 264 80 373 0 31 36 47 119 154 262 375 0 19 187 83 71 112 380 172 
2 96 50 75 137 279 109 276 1 82 58 55 67 147 325 289 1 47 242 93 61 119 293 168 
17 28 17 12 116 194 121 519 15 24 16 15 30 105 299 520 14 70 119 25 62 110 255 369 
54 54 47 105 132 195 170 267 59 51 48 92 90 76 262 346 69 97 142 71 75 97 147 326 
97 50 49 58 82 123 312 253 98 60 79 63 35 75 192 422 111 91 110 56 59 68 140 389 
17 15 9 28 47 74 375 459 20 22 42 40 23 56 106 715 23 27 32 24 48 82 212 576 
133 168 171 103 51 47 316 35 130 130 147 150 61 45 181 180 295 170 66 52 56 31 68 286 
155 373 349 112 17 4 11 3 80 263 384 217 57 8 12 3 702 263 26 9 12 3 6 3 
153 482 340 48 1 0 0 0 62 296 466 177 22 1 0 0 805 215 4 0 0 0 0 0 
200 491 285 47 1 0 0 0 105 313 417 165 23 1 0 0 836 186 2 0 0 0 0 0 
262 550 207 5 0 0 0 0 141 423 395 65 0 0 0 0 869 155 0 0 0 0 0 0 
399 466 152 7 0 0 0 0 302 364 313 44 1 0 0 0 886 138 0 0 0 0 0 0 
198 544 263 17 1 1 0 0 124 357 442 98 1 2 0 0 788 230 4 2 0 0 0 0 
358 525 127 13 1 0 0 0 302 415 277 29 1 0 0 0 786 221 17 0 0 0 0 0 
134 576 304 10 0 0 0 0 62 337 548 76 1 0 0 0 735 288 1 0 0 0 0 0 
50 254 256 240 116 33 15 60 121 355 314 144 26 39 25 0 461 464 90 9 0 0 0 0 
0 7 88 313 177 74 27 338 1 78 312 254 29 140 210 0 126 756 122 12 8 0 0 0 
1 22 236 339 129 59 34 204 8 117 300 280 72 124 123 0 170 588 108 40 82 20 16 0 
46 168 225 240 93 113 120 19 50 241 183 270 89 96 76 19 261 267 53 101 168 107 62 5 
114 148 95 212 98 175 159 23 117 178 111 257 134 116 106 5 229 214 104 96 165 137 76 3 
122 207 97 189 97 168 113 31 104 270 92 233 116 111 82 16 277 218 86 99 137 146 60 1 
84 297 102 150 88 117 155 31 113 324 157 150 98 65 115 2 314 311 143 60 34 119 43 0 
181 356 69 70 163 164 21 0 187 361 96 82 221 77 0 0 371 272 94 217 70 0 0 0 
49 156 83 36 60 424 202 14 58 159 77 38 149 448 87 8 96 152 64 188 412 101 11 0 
12 101 56 60 152 474 125 44 18 110 71 78 273 309 133 32 41 126 96 377 205 91 72 16 
251 155 107 74 224 198 15 0 251 173 100 96 316 87 1 0 284 176 135 337 92 0 0 0 
554 153 73 70 136 36 2 0 563 148 80 89 137 7 0 0 609 131 106 161 17 0 0 0 
498 142 200 54 56 31 17 26 493 119 226 53 57 32 17 27 542 89 217 56 56 21 20 23 
467 108 265 51 39 52 21 21 463 64 304 57 41 54 16 25 480 69 289 60 47 39 16 24 
419 75 144 72 51 132 61 70 423 60 137 83 57 139 56 69 469 121 108 41 94 101 58 32 
402 80 104 67 52 114 145 60 407 74 100 77 52 124 133 57 483 114 53 49 84 120 101 20 
335 172 82 66 49 93 227 0 351 163 87 65 39 100 219 0 450 172 43 28 42 137 152 0 
210 287 81 11 14 79 342 0 251 285 43 10 19 86 330 0 319 255 10 7 58 199 176 0 
180 225 85 12 10 52 306 154 203 221 70 10 9 79 378 54 252 224 24 9 28 157 304 26 
226 137 52 23 9 54 441 82 235 139 50 15 10 65 483 27 274 139 21 7 31 174 378 0 
230 108 17 12 14 58 569 16 249 95 13 14 11 75 559 8 290 64 8 13 37 223 389 0 
220 37 11 10 19 103 520 104 226 31 11 12 22 106 539 77 247 15 12 14 64 239 409 24 
172 11 20 15 22 46 492 246 173 11 22 13 22 57 591 135 178 19 17 22 22 208 558 0 
38 21 26 45 44 69 482 299 42 25 41 43 38 81 562 192 71 43 31 46 56 220 557 0 
0 0 4 17 37 140 452 374 1 1 13 28 54 136 504 287 6 22 33 50 92 308 460 53 
0 0 3 14 29 72 371 535 0 0 5 14 20 65 483 437 0 10 35 27 29 172 631 120 
0 0 0 12 66 96 337 513 0 0 0 14 18 40 567 385 0 50 73 27 20 151 630 73 
0 0 0 2 42 154 275 551 0 0 0 2 8 64 565 385 0 60 80 20 47 201 583 33 
92 255 205 77 57 88 94 156 42 252 216 115 47 68 160 124 338 255 89 50 43 83 162 4 
441 385 182 15 1 0 0 0 333 340 282 65 4 0 0 0 857 166 1 0 0 0 0 0 
362 422 219 20 1 0 0 0 272 305 353 88 6 0 0 0 859 162 3 0 0 0 0 0 
313 467 230 14 0 0 0 0 219 328 375 95 7 0 0 0 828 195 1 0 0 0 0 0 
295 607 113 9 0 0 0 0 166 440 377 38 3 0 0 0 921 100 3 0 0 0 0 0 
342 450 211 21 0 0 0 0 211 334 380 93 6 0 0 0 874 150 0 0 0 0 0 0 
374 486 148 16 0 0 0 0 272 370 329 48 5 0 0 0 876 141 7 0 0 0 0 0 
271 597 148 8 0 0 0 0 158 454 366 45 1 0 0 0 860 158 6 0 0 0 0 0 
275 610 132 7 0 0 0 0 114 543 321 44 2 0 0 0 849 167 7 1 0 0 0 0 
215 217 241 181 114 43 12 1 411 337 164 91 16 5 0 0 710 241 54 15 4 0 0 0 
17 191 295 314 154 44 9 0 93 434 212 132 48 49 50 6 449 287 112 59 16 7 20 74 
46 169 149 94 60 399 107 0 63 160 105 63 64 61 79 429 166 134 59 32 39 46 90 458 
14 106 466 308 70 16 17 27 16 159 461 260 66 18 17 27 255 488 150 70 18 15 10 18 
0 84 422 328 74 27 20 69 2 158 461 210 82 22 20 69 141 523 156 83 29 12 14 66 
0 52 249 173 96 321 67 66 0 69 244 134 92 69 66 350 126 233 102 62 70 26 31 374 
0 13 12 31 133 613 161 61 0 0 7 17 46 96 291 567 3 16 16 16 43 99 149 682 
0 8 15 41 95 611 206 48 0 1 5 20 47 95 333 523 1 19 20 24 39 100 198 623 
5 25 41 32 20 211 316 374 1 24 56 17 16 184 297 429 1 30 48 31 93 305 339 177 
0 7 25 48 158 598 124 64 0 0 7 18 51 102 279 567 4 29 26 20 43 68 90 744 
0 0 2 11 16 557 82 356 0 0 0 10 26 78 379 531 4 201 88 32 17 17 69 596 
0 0 0 6 32 597 77 312 0 0 0 5 44 120 331 524 15 211 65 26 22 21 64 600 
90 176 129 61 85 104 74 305 100 164 140 83 82 155 263 37 113 423 200 70 69 61 46 42 
42 138 134 54 113 113 92 338 41 146 139 60 126 122 262 128 72 348 165 64 100 90 115 70 
0 9 51 18 50 77 213 606 2 10 48 26 51 88 267 532 10 15 58 34 68 174 480 185 
0 1 7 38 152 163 209 454 0 1 13 93 183 105 245 384 6 32 145 122 79 209 363 68 
0 0 12 143 582 117 67 103 0 2 43 493 293 33 82 78 6 161 595 74 28 70 76 14 
0 45 50 190 621 117 1 0 4 61 116 591 251 1 0 0 38 215 680 90 1 0 0 0 
2 100 128 70 416 275 33 0 10 119 132 364 347 43 9 0 71 186 605 118 41 3 0 0 
0 40 122 116 185 290 242 29 4 79 145 189 244 263 89 11 41 203 303 218 192 56 11 0 
0 47 125 113 217 427 95 0 0 92 139 236 418 121 18 0 29 331 461 123 78 2 0 0 
53 487 252 103 75 45 9 0 66 515 266 103 50 23 1 0 418 478 90 19 18 1 0 0 
169 247 229 214 138 27 0 0 189 292 292 217 33 1 0 0 460 476 82 6 0 0 0 0 
24 68 119 242 367 172 27 5 40 88 249 431 186 28 2 0 196 543 242 36 7 0 0 0 
42 98 214 264 283 117 6 0 47 136 329 333 165 14 0 0 280 480 231 32 1 0 0 0 
236 284 224 155 66 31 19 9 245 255 229 198 60 26 11 0 619 325 40 18 15 7 0 0 
161 265 106 94 98 110 130 60 187 285 109 118 129 100 96 0 349 314 142 73 77 59 10 0 
212 344 176 65 32 29 155 11 207 350 150 103 31 62 121 0 509 242 49 41 74 82 27 0 
339 415 184 40 12 13 17 4 342 379 190 70 17 12 13 1 704 241 43 11 9 7 9 0 
311 383 281 46 3 0 0 0 227 293 368 122 14 0 0 0 844 176 4 0 0 0 0 0 
350 394 249 31 0 0 0 0 288 231 384 111 10 0 0 0 884 139 1 0 0 0 0 0 
463 400 145 14 2 0 0 0 380 290 275 74 5 0 0 0 896 125 3 0 0 0 0 0 
433 452 127 12 0 0 0 0 360 324 293 47 0 0 0 0 887 132 5 0 0 0 0 0 
422 457 134 11 0 0 0 0 332 323 312 52 5 0 0 0 910 114 0 0 0 0 0 0 
441 433 145 5 0 0 0 0 332 328 322 42 0 0 0 0 918 104 2 0 0 0 0 0 
756 209 45 6 7 1 0 0 713 210 76 17 7 1 0 0 923 83 7 5 5 1 0 0 
373 431 200 17 3 0 0 0 227 347 351 92 7 0 0 0 853 162 8 1 0 0 0 0 
64 83 255 282 108 50 24 158 78 141 280 251 91 47 20 116 145 329 300 89 27 12 20 102 
12 23 205 242 169 109 90 174 13 41 243 206 176 156 75 114 43 180 309 132 100 52 55 153 
30 47 226 168 82 98 83 290 35 44 184 233 130 153 145 100 87 151 303 223 73 41 43 103 
45 65 119 68 58 100 167 402 64 72 142 123 202 115 217 89 137 145 325 237 34 47 25 74 
13 80 47 56 93 93 239 403 41 96 67 117 239 155 161 148 125 145 250 181 76 106 65 76 
53 41 11 64 140 47 34 634 63 46 15 142 76 125 114 443 95 37 204 189 72 173 168 86 
57 17 32 32 165 88 56 577 59 18 38 102 90 146 176 395 66 34 186 162 97 192 197 90 
7 81 21 42 106 85 179 503 72 31 43 127 168 191 189 203 90 75 282 213 94 108 108 54 
5 5 7 2 6 51 400 548 9 5 3 11 21 173 393 409 10 10 24 34 96 423 420 7 
0 5 21 30 43 205 144 576 3 29 32 38 287 407 191 37 15 182 229 207 177 117 56 41 
0 0 13 27 92 157 118 617 3 40 39 61 291 373 189 28 21 257 185 274 158 84 34 11 
0 0 11 46 131 126 101 609 0 19 45 38 346 185 361 30 11 221 125 374 160 88 31 14 
0 3 34 62 202 154 105 464 0 12 50 73 304 310 245 30 37 172 134 335 246 58 30 12 
5 46 109 121 112 53 61 517 4 34 130 131 142 391 90 102 157 215 94 73 342 37 58 48 
2 33 99 103 66 43 91 587 2 28 86 121 76 297 146 268 136 134 49 43 277 103 238 44 
0 0 0 0 7 18 222 777 0 0 0 0 8 68 259 689 0 0 3 9 63 129 590 230 
0 0 14 75 75 43 277 540 0 0 20 90 64 44 278 528 3 45 69 49 36 77 550 195 
0 0 26 128 181 118 549 22 0 1 45 149 166 99 540 24 4 81 147 91 53 98 546 4 
25 98 157 284 271 53 109 27 50 124 266 345 91 12 102 34 146 334 334 57 8 11 122 12 
0 0 13 79 276 349 259 48 0 1 58 240 291 276 154 4 16 147 317 231 213 92 8 0 
0 1 21 179 545 267 11 0 0 9 128 517 346 24 0 0 45 365 511 98 5 0 0 0 
14 88 215 244 324 132 7 0 25 144 296 313 227 14 5 0 231 436 300 45 5 7 0 0 
0 45 168 334 360 109 8 0 7 100 328 377 192 20 0 0 194 482 303 41 4 0 0 0 
0 0 40 240 483 225 35 1 0 15 195 513 268 32 1 0 79 523 354 62 6 0 0 0 
0 5 36 199 509 256 18 1 1 23 149 449 380 20 2 0 84 556 365 19 0 0 0 0 
1 48 120 162 356 164 108 65 9 79 148 171 471 121 25 0 155 456 266 81 66 0 0 0 
4 9 26 85 273 335 41 251 7 21 54 49 527 164 202 0 44 311 363 42 252 12 0 0 
3 80 234 250 197 208 26 26 14 74 179 284 217 86 166 4 244 364 136 43 45 18 29 145 
89 245 211 273 98 70 16 22 89 231 207 245 173 63 16 0 378 374 198 46 25 3 0 0 
238 271 248 199 66 2 0 0 197 190 283 207 136 11 0 0 685 302 36 1 0 0 0 0 
142 282 270 232 92 6 0 0 79 209 283 265 156 31 1 0 630 342 49 3 0 0 0 0 
147 333 233 152 142 16 1 0 114 221 316 168 174 30 1 0 589 345 77 13 0 0 0 0 
208 254 79 41 127 48 106 161 180 214 148 48 138 55 67 174 464 142 90 44 27 30 26 201 
239 530 174 46 10 13 12 0 160 417 330 79 14 13 11 0 771 193 26 14 11 9 0 0 
234 445 159 75 46 37 24 4 193 437 216 72 48 18 35 5 604 217 100 40 17 6 14 26 
339 252 173 91 37 49 73 10 334 278 182 76 36 24 53 41 545 231 78 31 27 15 25 72 
142 318 264 129 69 33 35 34 135 296 338 123 53 27 23 29 473 317 97 32 40 23 17 25 
3 28 38 622 47 14 32 240 9 483 231 11 18 247 25 0 71 650 15 22 265 1 0 0 
5 10 16 574 90 20 53 256 4 409 254 28 42 239 43 5 57 610 21 42 258 20 9 7 
10 40 31 562 62 37 26 256 20 502 166 29 32 221 54 0 83 600 25 34 267 13 0 2 
8 45 47 514 87 9 42 272 40 439 206 17 9 287 22 4 110 555 33 8 299 14 4 1 
0 5 1 569 110 22 43 274 4 472 216 22 28 241 41 0 29 661 24 31 270 9 0 0 
0 1 3 551 157 15 42 255 0 454 250 13 10 278 19 0 32 672 13 12 286 9 0 0 
0 0 0 628 76 9 45 266 0 520 159 25 44 250 26 0 44 648 16 41 265 9 1 0 
0 2 109 515 59 18 38 283 0 543 77 52 46 259 42 5 149 487 54 36 259 35 4 0 
48 69 75 83 86 154 161 348 71 38 69 96 104 156 265 225 75 66 58 81 133 268 308 35 
244 141 119 111 91 97 177 44 327 66 87 131 313 68 20 12 432 143 138 240 40 14 10 7 
299 69 64 69 65 98 138 222 322 65 63 88 192 65 84 145 361 117 101 155 49 70 53 118 
238 210 165 69 53 129 112 48 350 130 114 96 271 32 21 10 470 180 67 229 48 15 5 10 
20 347 205 90 48 125 131 58 237 262 108 72 230 61 34 20 481 147 68 216 65 22 12 13 
19 69 137 148 119 95 173 264 78 129 90 149 240 315 11 12 226 188 118 280 192 12 8 0 
2 24 87 84 64 47 84 632 3 53 66 102 84 690 6 20 77 128 93 103 601 7 15 0 
0 28 327 140 161 70 71 227 0 251 160 250 54 219 50 40 54 510 134 44 194 12 66 10 
1 9 69 129 128 159 314 215 5 16 68 163 135 209 273 155 56 163 111 78 154 222 159 81 
0 10 71 69 76 160 565 73 2 14 77 79 93 176 546 37 6 68 79 93 110 321 343 4 
12 117 156 190 118 122 277 32 12 126 205 190 96 144 224 27 100 240 158 96 86 170 163 11 
1 30 153 130 179 240 249 42 0 51 205 170 214 257 119 8 55 262 204 221 208 69 5 0 
1 103 136 247 314 154 61 8 1 138 292 360 198 33 2 0 110 537 281 80 10 2 4 0 
1 82 145 263 306 145 68 14 1 105 206 368 267 75 2 0 144 491 273 98 18 0 0 0 
2 99 124 199 316 149 71 64 1 116 206 297 277 103 24 0 170 448 237 93 74 2 0 0 
10 117 155 252 314 136 31 9 23 161 238 344 210 34 10 4 220 488 219 58 18 14 6 1 
0 48 126 198 393 167 63 29 0 70 164 368 335 64 18 5 89 549 247 71 42 22 4 0 
7 110 196 180 383 66 38 44 4 122 253 190 367 51 11 26 203 452 250 58 20 13 23 5 
121 267 229 167 174 30 23 13 121 258 240 145 211 24 13 12 422 407 120 34 12 15 6 8 
189 416 293 105 21 0 0 0 178 391 290 127 38 0 0 0 624 355 44 1 0 0 0 0 
189 391 311 98 22 9 3 1 167 360 325 125 35 9 3 0 604 357 50 6 6 1 0 0 
99 405 391 106 21 2 0 0 103 413 383 107 18 0 0 0 579 388 56 1 0 0 0 0 
135 463 347 72 7 0 0 0 131 439 354 82 18 0 0 0 600 370 53 1 0 0 0 0 
156 489 275 80 11 7 6 0 108 472 304 104 28 6 2 0 600 367 51 3 2 1 0 0 
189 218 75 72 58 88 130 194 189 229 99 65 73 83 137 149 275 266 76 70 65 129 103 40 
49 221 186 135 117 59 74 183 73 244 177 115 120 53 80 162 204 290 124 109 79 71 123 24 
201 483 273 42 15 7 3 0 213 511 255 29 9 5 2 0 561 416 28 13 4 2 0 0 
81 430 343 86 42 21 17 4 93 437 370 73 27 16 8 0 459 444 60 30 16 14 1 0 
136 478 281 71 28 15 13 2 141 510 272 61 22 12 6 0 512 407 63 18 18 4 2 0 
56 208 278 210 176 49 28 19 99 277 406 140 59 32 10 1 380 470 106 37 26 5 0 0 
115 182 311 251 118 25 16 6 137 287 392 151 48 7 2 0 442 442 109 26 5 0 0 0 
88 315 139 172 140 54 62 54 135 361 269 104 71 53 31 0 379 334 144 105 59 3 0 0 
60 259 334 185 106 47 20 13 95 308 391 144 56 18 8 4 400 463 111 34 6 2 3 5 
122 117 161 263 174 85 44 58 147 185 377 152 82 60 21 0 323 444 137 67 53 0 0 0 
16 152 302 270 158 61 33 32 37 248 420 189 66 48 14 2 345 472 128 41 35 2 1 0 
19 164 277 276 158 49 54 27 30 207 376 258 87 38 19 9 364 463 130 41 15 5 6 0 
77 242 250 188 91 51 58 67 75 275 287 201 76 65 27 18 392 376 119 44 32 35 16 10 
82 309 257 134 47 38 67 90 95 260 279 166 74 92 53 5 295 314 153 77 52 44 58 31 
52 183 189 134 79 86 129 172 63 189 194 153 117 177 101 30 318 249 116 53 56 77 115 40 
35 185 206 154 66 70 136 172 38 191 204 178 109 191 104 9 290 266 94 43 47 76 162 46 
100 275 166 91 48 42 132 170 166 220 157 110 78 185 107 1 409 219 69 27 22 75 153 50 
59 215 182 103 46 55 176 188 99 180 188 110 92 220 115 20 327 235 84 46 37 72 187 36 
44 239 235 84 15 24 168 215 46 243 226 88 72 184 145 20 377 274 65 23 23 61 154 47 
28 179 221 104 36 35 115 306 41 196 214 101 66 105 168 133 488 302 88 27 24 42 40 13 
40 162 183 89 43 19 48 440 40 194 168 88 39 26 222 247 697 247 49 10 12 6 3 0 
6 38 126 147 97 43 106 461 5 53 143 161 87 72 268 235 624 264 85 37 4 10 0 0 
1 53 142 106 61 32 110 519 3 92 158 98 60 96 302 215 625 271 98 14 8 7 1 0 
2 62 172 105 59 38 134 452 7 104 224 80 32 86 260 231 590 301 57 23 29 15 8 1 
0 26 158 186 99 59 88 408 0 61 261 152 70 68 192 220 470 244 111 85 82 29 3 0 
7 67 143 268 117 47 102 273 9 106 270 221 58 92 155 113 354 222 103 125 152 63 5 0 
1 51 227 316 152 45 116 116 3 118 390 227 93 87 73 33 192 241 144 141 199 93 14 0 
4 84 171 406 192 56 85 26 4 131 397 326 98 66 1 1 126 133 104 121 269 226 45 0 
3 63 126 351 231 81 125 44 16 100 333 334 150 85 5 1 95 131 165 133 278 194 27 1 
3 119 150 162 120 80 208 182 8 173 378 260 133 71 1 0 165 236 273 145 126 73 6 0 
0 43 93 65 47 131 400 245 8 141 293 214 291 77 0 0 116 482 339 84 3 0 0 0 
89 159 132 43 31 102 332 136 120 193 248 167 264 32 0 0 337 429 216 40 2 0 0 0 
135 256 138 32 33 166 182 82 138 276 212 216 178 4 0 0 416 445 145 18 0 0 0 0 
193 213 110 35 62 190 150 71 197 219 209 245 149 5 0 0 420 431 137 30 6 0 0 0 
118 260 192 57 19 111 182 85 114 255 288 202 153 12 0 0 438 378 177 29 2 0 0 0 
87 211 172 39 36 133 208 138 78 244 296 202 134 44 26 0 339 426 227 29 3 0 0 0 
59 178 106 54 75 182 283 87 64 184 198 163 128 170 117 0 354 445 184 25 16 0 0 0 
2 14 34 79 114 277 414 90 8 28 74 109 218 310 267 10 150 419 227 110 96 14 8 0 
7 75 81 92 85 228 395 61 28 94 89 88 149 356 220 0 197 460 236 78 53 0 0 0 
0 24 43 99 140 299 383 36 9 35 108 123 208 375 166 0 170 451 262 113 28 0 0 0 
10 45 65 71 156 322 311 44 36 51 90 121 275 303 148 0 204 403 220 152 45 0 0 0 
30 61 71 92 135 294 305 36 53 65 114 125 209 325 129 4 217 388 203 178 35 2 1 0 
58 75 58 71 96 148 288 230 168 271 97 58 100 197 132 1 298 239 84 27 32 75 174 95 
52 55 59 93 130 148 284 203 192 261 88 51 120 226 84 2 314 218 92 52 50 73 158 67 
22 61 74 86 139 183 230 229 159 283 127 46 106 190 111 2 270 250 94 46 49 75 142 98 
8 37 65 97 127 183 244 263 151 254 111 46 94 210 156 2 265 216 73 40 45 67 199 119 
13 35 95 129 172 243 277 60 262 488 159 47 54 10 4 0 474 441 73 18 8 7 0 3 
0 10 68 130 196 241 266 113 221 502 167 38 21 27 26 22 562 410 49 3 0 0 0 0 
1 14 57 118 175 215 208 236 178 434 144 27 12 31 106 92 623 374 26 1 0 0 0 0 
1 15 50 89 141 227 235 266 173 412 130 21 17 29 126 116 668 316 33 2 1 4 0 0 
0 7 25 59 110 218 292 313 113 375 125 32 22 55 164 138 647 327 31 11 4 2 2 0 
0 0 9 39 70 173 274 459 67 152 80 26 75 151 281 192 593 205 43 33 26 50 56 18 
0 2 17 40 58 95 297 515 0 6 44 59 101 294 352 168 444 86 44 45 68 91 181 65 
0 1 29 84 62 69 230 549 0 6 67 90 73 206 363 219 510 92 48 63 72 79 124 36 
0 3 50 142 76 58 208 487 0 9 124 128 59 166 331 207 518 87 50 87 109 94 65 14 
0 1 75 187 108 46 112 495 0 19 159 175 53 65 331 222 570 57 47 71 102 133 44 0 
0 4 117 252 128 35 118 370 0 15 228 225 57 73 263 163 455 59 65 152 135 110 48 0 
0 10 145 323 129 52 91 274 0 28 300 247 75 62 190 122 345 72 77 142 180 168 40 0 
0 2 109 223 168 109 161 252 1 45 331 338 71 26 124 88 211 80 181 248 182 92 28 2 
0 11 185 425 178 71 91 63 0 68 481 347 64 17 32 15 53 62 174 276 275 154 29 1 
0 14 272 512 180 28 15 3 0 76 550 352 46 0 0 0 0 53 139 226 301 237 68 0 
0 7 192 525 256 29 12 3 0 45 487 432 58 2 0 0 5 30 78 167 281 329 128 6 
0 5 246 572 194 7 0 0 0 58 518 421 27 0 0 0 0 3 40 182 345 344 104 6 
0 10 265 530 211 8 0 0 0 62 534 371 56 1 0 0 0 16 98 227 357 270 55 1 
0 11 278 551 176 8 0 0 0 74 560 360 29 1 0 0 0 10 60 200 345 317 89 3 
0 8 236 543 201 17 9 10 0 80 561 347 36 0 0 0 0 7 72 198 396 290 60 1 
0 2 112 226 101 89 228 266 3 112 567 299 42 1 0 0 18 149 315 238 171 112 20 1 
0 0 9 23 39 96 327 530 4 119 547 294 59 1 0 0 9 233 486 210 61 16 8 1 
0 0 0 7 43 137 386 451 2 153 552 270 42 5 0 0 43 295 510 154 21 1 0 0 
0 0 2 8 42 151 429 392 6 162 537 287 32 0 0 0 30 369 488 130 7 0 0 0 
0 0 4 24 67 163 362 404 2 150 502 270 55 27 18 0 59 343 479 131 12 0 0 0 
0 1 13 74 174 287 327 148 2 38 210 256 222 230 66 0 188 500 266 57 12 1 0 0 
0 0 28 78 165 341 353 59 0 22 75 147 259 357 163 1 260 557 200 7 0 0 0 0 
0 0 33 109 160 282 372 68 0 18 91 132 209 346 227 1 258 547 208 11 0 0 0 0 
1 8 44 107 176 267 312 109 6 35 100 147 214 294 209 19 209 415 218 67 60 44 11 0 
0 17 36 98 160 261 316 136 9 45 115 167 192 273 193 30 144 364 218 119 76 76 27 0 
1 26 68 108 131 216 321 153 18 83 136 138 160 239 199 51 165 297 204 122 93 96 46 1 
5 17 65 84 175 237 273 168 10 48 83 135 199 239 238 72 156 285 169 106 111 136 58 3 
2 14 48 98 149 216 296 201 6 37 76 120 182 244 260 99 104 203 163 139 158 173 83 1 
3 36 127 192 226 200 187 53 303 534 175 12 0 0 0 0 531 441 52 0 0 0 0 0 
4 39 132 181 219 237 164 48 312 531 166 15 0 0 0 0 533 432 59 0 0 0 0 0 
4 52 129 190 214 201 179 55 290 511 217 6 0 0 0 0 528 443 51 2 0 0 0 0 
6 45 118 181 211 238 182 43 299 538 177 10 0 0 0 0 537 444 43 0 0 0 0 0 
1 36 125 202 224 204 182 50 298 540 178 8 0 0 0 0 525 446 53 0 0 0 0 0 
2 39 127 240 235 206 138 37 280 470 210 58 6 0 0 0 469 350 56 42 60 36 11 0 
1 24 178 357 159 88 88 129 64 162 359 264 39 21 57 58 246 142 91 144 183 164 51 3 
0 9 200 422 206 42 42 103 0 45 379 355 95 22 77 51 118 37 90 192 275 229 79 4 
0 7 224 511 199 29 18 36 0 41 400 429 100 13 20 21 25 29 95 219 334 248 72 2 
0 17 238 516 234 19 0 0 0 52 469 426 75 2 0 0 0 25 100 189 325 281 97 7 
0 14 231 503 246 24 1 5 0 52 441 436 87 8 0 0 14 40 106 232 273 273 83 3 
0 8 167 481 221 43 46 58 0 41 408 415 116 39 5 0 129 64 67 138 259 274 91 2 
0 7 160 407 228 61 62 99 0 56 369 395 135 59 10 0 256 79 57 107 210 224 90 1 
0 10 123 341 194 90 114 152 2 50 293 401 155 117 6 0 350 114 61 159 202 115 23 0 
0 3 104 206 162 150 172 227 0 57 329 330 192 102 14 0 405 123 136 167 148 39 6 0 
0 1 33 79 117 203 308 283 5 80 333 330 184 84 8 0 285 172 215 227 105 20 0 0 
0 0 5 45 111 249 396 218 8 121 414 352 122 6 1 0 51 225 337 293 110 8 0 0 
0 2 11 58 128 244 338 243 16 140 396 298 119 47 8 0 227 255 273 217 51 1 0 0 
0 2 24 55 132 256 323 232 12 166 410 302 98 32 4 0 187 241 296 230 68 2 0 0 
0 3 77 308 216 124 167 129 7 85 421 372 109 29 1 0 163 103 141 163 207 183 63 1 
0 9 170 445 260 49 40 51 0 47 399 415 119 44 0 0 119 69 65 171 306 237 54 3 
0 8 185 507 256 34 19 15 1 42 431 442 91 16 1 0 51 28 66 197 308 275 95 4 
0 6 267 586 158 7 0 0 0 58 544 394 26 2 0 0 0 1 70 172 330 370 81 0 
0 10 286 561 160 7 0 0 0 82 525 378 39 0 0 0 0 16 107 248 327 266 58 2 
0 14 265 480 177 27 38 23 0 79 540 364 40 1 0 0 12 64 165 270 323 155 35 0 
0 0 35 96 71 136 358 328 0 91 465 388 69 11 0 0 20 250 405 193 82 54 18 2 
0 0 0 6 39 137 380 462 5 133 513 299 67 7 0 0 26 310 485 155 44 4 0 0 
0 0 5 17 55 170 434 343 6 138 507 312 56 5 0 0 45 362 456 147 14 0 0 0 
0 0 5 21 58 154 400 386 2 107 489 307 78 23 18 0 39 320 493 151 20 1 0 0 
0 0 11 47 126 241 375 224 4 68 303 210 136 179 122 2 126 438 353 98 9 0 0 0 
0 0 12 49 173 306 354 130 2 26 156 200 230 260 147 3 157 511 309 43 3 1 0 0 
0 0 15 69 207 332 351 50 0 15 67 186 254 336 165 1 201 541 267 15 0 0 0 0 
1 3 15 76 194 260 354 121 5 47 168 182 198 261 162 1 163 486 318 54 3 0 0 0 
0 6 17 77 177 267 305 175 9 90 256 203 197 185 84 0 177 459 314 65 9 0 0 0 
0 0 21 111 149 250 329 164 5 59 212 216 198 227 106 1 183 473 272 82 14 0 0 0 
0 0 18 128 225 326 271 56 1 28 156 219 250 271 99 0 227 534 227 31 5 0 0 0 
0 0 28 78 164 256 380 118 1 70 241 223 170 218 101 0 155 492 313 54 10 0 0 0 
15 76 239 337 211 82 48 16 172 249 311 233 58 1 0 0 236 169 85 153 198 132 50 1 
8 49 248 302 197 107 83 30 151 265 327 206 73 2 0 0 220 205 141 174 161 84 39 0 
4 51 232 369 186 105 52 25 142 238 348 251 45 0 0 0 224 171 121 207 188 91 21 1 
3 76 335 365 154 61 20 10 100 214 424 235 49 2 0 0 151 166 182 258 176 77 13 1 
0 73 317 410 177 33 11 3 39 134 428 337 81 5 0 0 55 139 217 261 209 114 28 1 
1 44 353 454 161 11 0 0 0 82 475 362 104 1 0 0 14 149 290 266 204 86 14 1 
0 27 306 459 228 4 0 0 1 58 447 344 171 3 0 0 24 148 242 257 231 114 8 0 
0 34 321 486 175 8 0 0 0 67 385 392 178 2 0 0 14 223 243 244 198 85 17 0 
0 19 247 465 172 49 35 37 2 60 364 408 167 21 2 0 128 257 201 215 158 52 13 0 
0 12 161 357 174 108 97 115 2 53 279 408 198 75 9 0 341 355 142 85 68 31 2 0 
0 3 83 275 150 116 136 261 0 47 178 373 257 156 13 0 560 359 78 11 12 4 0 0 
0 4 45 261 153 134 154 273 6 51 131 375 291 152 18 0 595 364 64 1 0 0 0 0 
0 4 57 289 148 99 164 263 3 54 180 334 301 134 17 1 604 357 63 0 0 0 0 0 
0 6 55 355 142 130 143 193 7 59 167 408 245 108 30 0 528 440 56 0 0 0 0 0 
0 5 55 378 144 115 155 172 6 56 185 419 263 86 9 0 542 406 76 0 0 0 0 0 
0 5 86 414 142 130 117 130 1 46 208 450 246 70 3 0 380 544 88 10 2 0 0 0 
0 1 28 404 148 117 133 193 0 38 150 412 298 115 11 0 472 485 67 0 0 0 0 0 
0 2 42 417 155 104 146 158 2 40 158 348 376 90 10 0 455 480 88 1 0 0 0 0 
0 0 26 382 173 117 119 207 2 42 131 357 348 127 17 0 467 461 95 1 0 0 0 0 
0 0 15 380 188 129 137 175 0 15 126 364 421 86 12 0 434 471 118 1 0 0 0 0 
0 1 30 455 95 104 167 172 0 30 91 439 368 88 8 0 445 458 121 0 0 0 0 0 
0 2 32 455 140 123 124 148 1 31 101 442 346 96 7 0 398 520 106 0 0 0 0 0 
0 3 65 494 170 97 107 88 1 27 151 378 407 56 4 0 277 533 124 35 31 20 4 0 
0 7 117 577 193 42 47 41 0 42 296 387 277 21 1 0 69 468 167 105 101 89 24 1 
0 2 16 362 168 103 197 176 2 70 296 393 261 2 0 0 24 530 358 85 24 3 0 0 
0 0 5 300 149 98 242 230 0 91 315 369 248 1 0 0 11 534 385 78 15 1 0 0 
0 2 18 291 155 94 271 193 6 110 341 360 205 1 1 0 37 546 366 67 7 1 0 0 
0 0 14 332 115 119 219 225 4 103 321 478 116 2 0 0 26 586 341 66 5 0 0 0 
0 2 23 297 132 109 239 222 2 119 364 398 139 2 0 0 30 530 351 93 20 0 0 0 
0 1 14 301 135 153 257 163 10 156 354 402 102 0 0 0 64 581 305 69 5 0 0 0 
1 1 24 295 129 129 251 194 13 155 398 345 110 3 0 0 64 542 309 91 18 0 0 0 
0 1 23 281 85 150 286 198 7 119 418 420 57 3 0 0 51 543 350 72 8 0 0 0 
0 0 30 244 135 160 268 187 6 138 416 345 97 16 6 0 69 510 376 63 6 0 0 0 
0 2 20 205 125 161 285 226 9 162 407 317 79 32 17 1 59 497 380 77 11 0 0 0 
0 2 25 151 143 164 289 250 11 175 465 287 77 7 2 0 65 465 376 96 21 1 0 0 
0 0 15 131 103 152 309 314 6 184 450 304 76 4 0 0 49 411 406 128 30 0 0 0 
0 2 9 125 124 155 325 284 12 158 442 331 77 4 0 0 49 388 434 131 19 3 0 0 
1 29 65 792 137 0 0 0 0 24 69 242 688 1 0 0 19 712 208 44 28 10 2 1 
4 19 64 817 120 0 0 0 2 16 62 183 761 0 0 0 19 753 219 22 10 1 0 0 
0 15 85 868 53 2 1 0 0 14 36 418 552 3 0 1 25 793 200 4 0 2 0 0 
0 5 67 880 61 8 1 2 0 4 30 459 519 9 1 2 11 735 264 8 3 1 2 0 
0 0 40 906 78 0 0 0 0 0 2 436 586 0 0 0 2 740 282 0 0 0 0 0 
0 0 47 843 95 7 8 24 0 0 0 443 541 8 9 23 0 668 311 10 7 7 4 17 
0 0 19 716 259 16 13 1 0 0 0 313 680 21 10 0 0 641 354 12 11 5 1 0 
0 0 9 803 163 10 9 30 0 0 0 289 686 10 14 25 0 660 312 10 6 13 23 0 
0 0 2 665 246 15 37 59 0 0 0 211 704 14 57 38 0 524 384 13 13 47 41 2 
0 0 14 622 192 20 60 116 0 0 0 338 493 31 78 84 0 578 247 17 35 54 52 41 
0 0 9 671 138 27 57 122 0 0 0 240 578 43 76 87 0 574 241 19 38 59 79 14 
0 0 0 492 187 38 78 229 0 0 1 142 551 41 143 146 0 466 211 31 50 128 103 35 
0 2 1 395 151 40 151 284 2 1 2 164 385 75 205 190 4 376 149 38 77 183 164 33 
0 0 0 416 252 48 125 183 0 0 0 118 558 74 163 111 0 472 192 32 83 123 109 13 
0 0 0 391 341 23 86 183 0 0 0 83 651 39 115 136 0 451 278 21 42 96 101 35 
0 1 1 422 337 25 74 164 0 2 0 74 691 28 108 121 2 502 255 17 22 80 119 27 
0 0 2 371 315 23 79 234 0 2 0 61 626 36 158 141 0 469 210 19 44 119 156 7 
0 1 1 389 247 22 63 301 0 1 1 85 552 33 116 236 1 425 204 20 32 87 176 79 
0 0 0 302 368 35 122 197 0 0 1 35 649 70 125 144 0 402 268 41 82 81 98 52 
0 0 0 339 275 36 84 290 0 0 0 86 538 51 134 215 0 416 192 30 48 102 184 52 
0 0 0 258 286 39 125 316 0 0 0 60 497 75 153 239 0 305 229 41 81 122 163 83 
0 0 0 300 200 38 99 387 0 0 0 45 459 57 135 328 0 319 181 20 50 105 201 148 
0 0 1 226 221 91 138 347 0 0 9 53 433 86 176 267 7 295 170 59 78 159 211 45 
0 0 3 125 278 55 137 426 0 1 9 38 377 76 207 316 3 171 229 50 78 186 254 53 
0 2 1 105 331 64 160 361 1 2 5 37 412 86 215 266 3 100 331 36 82 193 175 104 
0 0 0 115 321 48 136 404 0 0 0 43 412 76 184 309 0 140 294 54 87 154 179 116 
0 0 5 185 272 66 120 376 0 0 3 139 339 85 150 308 1 184 271 43 76 123 218 108 
0 1 5 299 245 58 140 276 0 2 5 195 368 83 157 214 3 274 264 52 90 112 122 107 
0 0 9 450 72 93 133 267 0 0 0 195 371 115 130 213 0 383 164 70 81 103 125 98 
0 0 0 473 121 47 110 273 0 0 0 160 448 53 141 222 0 431 164 26 52 102 156 93 
1 3 7 494 73 42 95 309 1 5 6 252 329 46 136 249 6 445 122 39 52 136 173 51 
0 0 3 441 103 25 82 370 0 0 0 234 317 33 148 292 0 395 152 17 24 120 210 106 
0 1 10 479 54 38 130 312 1 4 6 324 219 66 178 226 5 432 101 30 70 163 183 40 
1 2 18 466 63 52 156 266 2 7 6 292 258 93 178 188 9 405 121 60 104 142 139 44 
0 0 6 506 45 50 178 239 0 0 6 350 220 80 224 144 0 458 96 45 81 205 127 12 
0 0 8 469 47 98 153 249 0 3 5 358 210 99 192 157 4 421 135 61 98 134 124 47 
0 0 10 518 50 44 111 291 0 1 2 386 202 55 171 207 3 489 79 32 64 141 177 39 
0 0 0 63 88 227 192 454 0 0 0 18 237 218 168 383 0 62 144 181 135 140 148 214 
0 0 3 44 120 104 246 507 0 1 5 23 174 175 234 412 3 56 118 98 168 185 231 165 
0 0 8 37 45 61 150 723 0 5 14 28 71 74 214 618 6 34 39 57 85 198 328 277 
1 7 13 37 61 137 289 479 4 13 17 53 101 187 288 361 14 56 85 92 164 250 244 119 
8 17 16 54 118 102 150 559 13 21 34 69 127 99 223 438 40 72 114 88 109 164 274 163 
0 5 15 37 65 170 223 509 4 13 36 45 126 171 278 351 28 59 106 135 178 218 214 86 
0 3 5 13 28 109 231 635 0 5 10 23 74 165 214 533 7 31 91 86 124 136 334 215 
0 2 10 39 87 147 218 521 0 11 31 70 117 137 273 385 23 58 114 104 137 219 314 55 
1 4 6 29 64 182 279 459 3 8 23 50 132 218 262 328 16 45 113 170 188 182 138 172 
16 21 32 38 91 157 204 465 25 36 34 65 139 142 278 305 63 75 125 110 153 203 206 89 
0 1 13 49 132 248 288 293 0 4 45 75 216 258 270 156 19 109 167 208 224 182 91 24 
0 6 8 14 54 101 216 625 5 5 10 44 74 107 329 450 13 25 68 73 121 274 323 127 
0 0 13 31 62 174 280 464 0 10 24 50 132 218 282 308 20 50 111 148 212 198 157 128 
3 12 14 21 68 120 336 450 12 12 24 36 91 192 354 303 29 29 71 111 198 304 214 68 
0 8 16 33 122 152 215 478 4 14 26 71 153 154 284 318 20 74 164 100 133 238 207 88 
0 0 4 9 29 75 259 648 0 4 6 19 46 132 409 408 5 14 37 84 151 344 276 113 
0 0 2 6 25 69 252 670 0 0 5 16 46 141 409 407 1 11 47 99 157 327 283 99 
0 2 11 22 91 162 353 383 1 8 21 70 111 250 341 222 11 36 93 174 240 287 143 40 
1 0 11 14 43 117 340 498 1 7 12 25 88 184 384 323 8 20 54 117 200 280 259 86 
0 3 5 19 47 141 345 464 3 1 16 38 83 190 408 285 6 25 66 114 173 338 259 43 
0 10 10 23 66 126 338 451 4 13 17 54 96 209 361 270 15 29 94 135 209 265 213 64 
0 1 7 48 120 209 326 313 0 4 33 96 156 245 318 172 9 53 141 167 246 263 137 8 
12 17 29 58 99 214 342 253 20 30 39 79 172 262 300 122 51 78 137 199 205 226 113 15 
9 21 25 52 74 145 301 397 23 27 38 74 97 206 324 235 54 56 86 145 202 255 176 50 
2 15 22 32 75 148 321 409 12 20 27 49 105 202 357 252 26 51 72 153 186 255 210 71 
6 11 13 32 89 159 320 394 9 13 28 63 134 190 366 221 21 55 96 133 233 279 178 29 
0 3 8 35 80 157 353 388 0 6 28 67 112 224 360 227 15 48 111 140 196 266 208 40 
2 26 23 39 83 135 257 459 18 24 41 60 105 162 309 305 48 45 85 113 192 251 214 76 
1 9 7 56 122 176 289 364 5 10 30 113 126 212 306 222 19 85 122 150 192 229 171 56 
2 14 31 71 107 201 309 289 5 27 61 97 152 226 293 163 42 99 119 181 175 219 164 25 
10 27 22 52 65 125 367 356 23 25 38 57 80 203 431 167 52 46 62 114 249 362 131 8 
2 9 20 41 82 128 347 395 6 12 41 60 106 184 353 262 22 69 76 97 195 263 241 61 
5 30 56 64 110 177 300 282 20 46 72 92 122 233 305 134 86 94 123 128 224 248 109 12 
5 30 33 57 101 206 311 281 21 39 42 89 172 201 298 162 60 75 158 149 182 246 119 35 
10 38 60 92 120 200 273 231 27 66 73 108 153 212 248 137 88 118 123 163 223 173 98 38 
7 23 25 69 135 179 317 269 21 22 61 114 155 214 295 142 43 110 139 128 240 233 103 28 
0 6 18 23 48 135 412 382 2 15 17 41 88 244 434 183 24 31 65 122 301 328 143 10 
0 6 53 92 196 188 259 230 1 15 72 201 151 214 251 119 30 157 201 143 187 176 126 4 
0 6 130 68 95 199 288 238 0 9 131 92 158 209 306 119 21 162 125 177 162 228 144 5 
0 39 140 54 62 103 338 288 3 28 158 64 81 160 400 130 26 189 62 111 174 286 176 0 
4 89 173 64 103 208 274 109 10 76 199 84 165 208 254 28 38 260 114 173 183 183 73 0 
3 97 323 57 52 81 210 201 10 106 322 59 72 96 257 102 45 365 107 84 99 201 107 16 
4 126 216 65 98 133 233 149 12 116 240 97 97 160 255 47 23 314 165 140 167 139 76 0 
0 88 350 29 35 83 226 213 1 103 340 35 45 96 299 105 13 334 117 69 94 254 141 2 
0 112 402 64 70 68 214 94 2 161 369 80 61 89 235 27 25 426 158 82 92 190 51 0 
0 19 302 142 134 123 160 144 0 101 399 107 80 109 148 80 117 366 155 82 94 70 140 0 
0 7 187 152 160 173 224 121 0 85 376 133 72 119 171 68 319 225 89 91 84 100 116 0 
0 14 148 156 186 173 279 68 1 77 304 299 116 94 125 8 391 213 138 86 77 90 29 0 
0 6 61 78 112 227 393 147 0 27 263 191 94 170 253 26 359 91 65 108 165 165 70 1 
0 1 40 52 95 264 417 155 0 18 210 227 120 198 193 58 329 98 75 120 200 125 76 1 
0 0 68 96 215 321 258 66 1 21 212 347 136 180 103 24 264 244 127 120 154 84 28 3 
0 0 15 178 301 260 208 62 0 3 198 506 102 87 109 19 205 358 211 60 69 89 32 0 
0 12 172 185 229 188 193 45 1 55 366 390 46 61 93 12 208 377 257 22 64 79 17 0 
0 4 274 49 181 288 210 18 0 134 441 212 40 85 107 5 118 545 140 44 86 83 8 0 
0 20 240 49 120 291 240 64 0 94 504 196 15 61 134 20 291 419 87 21 57 112 37 0 
0 3 281 60 91 311 242 36 0 136 559 171 44 58 44 12 390 418 93 31 42 34 16 0 
0 4 323 98 120 195 238 46 0 177 499 166 39 55 82 6 355 340 96 89 66 73 5 0 
0 47 385 104 90 125 235 38 0 187 510 131 31 57 103 5 292 263 105 183 81 85 15 0 
0 52 369 107 75 144 190 87 0 226 448 117 14 49 151 19 269 207 69 197 126 123 33 0 
0 172 341 125 98 127 126 35 1 379 348 91 44 57 100 4 188 238 111 295 118 67 7 0 
0 221 355 90 66 90 156 46 1 526 181 38 44 71 156 7 73 154 131 405 138 105 18 0 
0 97 313 108 117 207 162 20 2 583 156 29 48 109 89 8 40 354 189 248 119 66 8 0 
0 13 131 69 85 415 237 74 1 544 214 21 31 77 109 27 53 601 123 63 74 69 41 0 
0 1 85 71 66 491 285 25 7 578 209 47 31 51 98 3 61 708 82 33 56 73 11 0 
0 4 164 46 90 506 180 34 5 641 227 17 14 45 60 15 93 771 31 16 46 47 20 0 
0 3 132 68 92 480 228 21 1 635 241 27 30 29 54 7 86 766 61 28 27 46 10 0 
0 0 129 54 180 524 114 23 2 423 271 137 110 34 30 17 172 723 36 25 26 28 14 0 
0 2 99 73 273 449 117 11 7 374 206 180 156 48 52 1 284 610 17 26 59 28 0 0 
0 1 76 81 330 415 109 12 3 275 222 204 216 31 71 2 309 580 24 19 26 62 4 0 
0 0 41 61 346 459 101 16 0 272 206 226 189 51 78 2 274 592 17 24 53 62 2 0 
0 0 5 47 359 495 97 21 2 326 221 243 100 50 67 15 223 611 29 31 53 56 21 0 
0 4 38 120 249 465 125 23 4 300 177 236 152 90 56 9 175 570 81 60 84 43 9 2 
0 2 17 79 305 413 170 38 1 316 157 246 144 88 62 10 195 545 83 62 77 51 11 0 
0 0 4 50 258 520 171 21 0 413 193 178 86 65 88 1 168 621 49 42 65 73 6 0 
0 121 402 266 227 5 3 0 328 550 130 10 2 1 3 0 416 277 170 148 10 3 0 0 
0 100 284 396 241 3 0 0 399 507 118 0 0 0 0 0 507 253 214 50 0 0 0 0 
0 86 276 339 300 20 3 0 367 572 79 5 1 0 0 0 466 255 252 46 4 1 0 0 
0 119 298 352 226 28 1 0 323 604 89 7 1 0 0 0 402 251 299 64 7 1 0 0 
0 104 338 422 160 0 0 0 451 555 18 0 0 0 0 0 572 119 220 111 2 0 0 0 
0 157 287 215 260 94 11 0 175 696 131 21 1 0 0 0 439 180 287 114 4 0 0 0 
0 159 323 171 153 128 80 10 21 595 162 105 88 44 6 3 289 175 281 256 14 3 6 0 
1 139 359 129 147 158 73 18 1 387 181 179 180 74 13 9 135 205 245 373 44 11 7 4 
0 125 355 122 123 186 89 24 1 375 163 193 169 88 23 12 143 177 228 362 73 23 16 2 
0 98 344 136 161 167 118 0 1 353 235 197 129 100 9 0 216 266 270 226 46 0 0 0 
0 97 285 148 104 190 197 3 0 282 255 111 149 186 41 0 157 295 256 223 52 30 11 0 
0 126 277 137 120 197 162 5 0 309 252 133 143 171 16 0 411 201 143 223 46 0 0 0 
0 50 285 171 200 223 95 0 0 250 218 199 221 132 4 0 228 275 206 231 68 16 0 0 
0 28 219 148 249 265 113 2 0 217 224 130 200 248 5 0 191 247 236 199 69 69 13 0 
0 36 252 256 262 180 38 0 0 277 316 177 166 88 0 0 179 249 335 166 41 34 20 0 
0 23 159 241 301 265 35 0 1 307 247 168 179 122 0 0 113 262 351 187 54 36 21 0 
0 3 71 175 313 407 55 0 1 343 213 140 209 104 14 0 30 342 407 98 91 53 3 0 
14 235 285 188 197 105 0 0 37 675 206 94 10 2 0 0 123 332 445 122 2 0 0 0 
32 240 385 181 116 69 1 0 63 710 211 35 5 0 0 0 221 269 350 183 1 0 0 0 
15 151 488 246 99 24 1 0 23 536 277 159 29 0 0 0 119 235 265 343 62 0 0 0 
0 228 469 151 171 5 0 0 1 585 189 132 113 4 0 0 3 82 231 634 74 0 0 0 
0 338 417 97 134 36 2 0 0 667 111 92 133 21 0 0 0 25 255 621 123 0 0 0 
0 494 302 98 107 23 0 0 0 687 132 92 103 10 0 0 0 7 255 681 80 1 0 0 
0 307 518 93 92 14 0 0 0 713 134 76 96 5 0 0 2 65 298 595 64 0 0 0 
0 74 273 246 274 157 0 0 3 723 109 103 80 6 0 0 1 381 408 221 13 0 0 0 
0 19 153 186 201 404 61 0 2 698 170 94 49 11 0 0 51 706 163 87 16 1 0 0 
22 161 148 138 67 444 44 0 59 829 102 26 8 0 0 0 277 684 55 8 0 0 0 0 
211 162 60 89 92 396 14 0 299 719 6 0 0 0 0 0 562 462 0 0 0 0 0 0 
274 134 90 26 97 386 17 0 338 638 35 13 0 0 0 0 545 479 0 0 0 0 0 0 
216 185 102 19 279 223 0 0 313 259 188 209 55 0 0 0 708 316 0 0 0 0 0 0 
138 233 65 51 371 166 0 0 194 295 124 257 154 0 0 0 811 213 0 0 0 0 0 0 
96 192 69 58 398 211 0 0 166 201 123 293 241 0 0 0 731 293 0 0 0 0 0 0 
39 105 82 100 381 298 19 0 19 167 166 248 360 49 15 0 402 408 113 32 22 26 21 0 
109 102 111 123 242 283 34 20 122 169 203 195 245 61 21 8 284 401 150 81 48 34 21 5 
278 157 195 188 91 56 31 28 267 151 208 194 115 45 28 16 453 302 116 56 47 30 12 8 
189 203 182 190 108 67 41 44 184 203 163 214 116 73 38 33 371 361 106 72 45 25 27 17 
0 4 39 132 457 343 30 19 0 10 99 305 460 123 16 11 132 402 246 170 38 12 15 9 
0 115 304 386 173 46 0 0 34 875 115 0 0 0 0 0 804 205 15 0 0 0 0 0 
2 187 290 280 203 61 1 0 66 851 106 1 0 0 0 0 858 164 2 0 0 0 0 0 
33 443 203 105 127 110 3 0 94 776 150 4 0 0 0 0 683 289 46 6 0 0 0 0 
6 162 643 195 17 1 0 0 17 184 618 202 3 0 0 0 45 183 496 295 5 0 0 0 
0 111 787 124 2 0 0 0 8 190 654 171 1 0 0 0 64 162 539 255 4 0 0 0 
0 42 799 175 8 0 0 0 0 62 736 222 4 0 0 0 11 61 656 293 3 0 0 0 
210 79 378 160 69 33 40 55 205 99 362 185 70 31 36 36 257 128 326 190 32 28 35 28 
174 298 229 149 87 37 26 24 164 300 226 175 100 36 20 3 343 425 160 45 20 25 6 0 
438 160 109 137 61 49 38 32 431 158 102 154 80 42 33 24 523 249 88 49 42 30 31 12 
22 63 571 246 93 15 9 5 24 54 551 286 81 17 7 4 48 110 537 260 52 10 4 3 
0 54 621 165 53 64 60 7 0 35 608 201 64 71 42 3 4 51 604 195 65 73 31 1 
0 229 487 199 107 2 0 0 0 179 505 189 104 47 0 0 33 238 421 159 87 77 9 0 
0 9 30 97 831 57 0 0 0 8 22 52 169 773 0 0 0 8 25 36 106 246 603 0 
0 4 20 113 787 100 0 0 0 1 4 45 176 798 0 0 0 0 3 13 66 281 661 0 
22 76 129 194 527 76 0 0 10 50 93 131 248 490 2 0 5 36 67 118 182 322 294 0 
119 219 204 208 240 34 0 0 98 210 162 140 233 180 1 0 86 210 132 120 168 222 86 0 
116 228 263 224 103 52 37 1 122 241 260 225 121 53 2 0 146 262 271 189 123 33 0 0 
231 239 173 153 216 12 0 0 248 230 169 156 212 9 0 0 302 213 180 202 127 0 0 0 
63 135 96 109 267 327 27 0 72 132 97 115 316 275 17 0 109 124 118 193 430 50 0 0 
0 15 42 106 318 543 0 0 0 16 51 109 378 470 0 0 3 26 90 184 714 7 0 0 
0 0 0 13 316 695 0 0 0 0 1 18 382 623 0 0 0 0 6 135 883 0 0 0 
0 0 0 9 133 857 25 0 0 0 0 6 150 850 18 0 0 0 0 54 852 118 0 0 
0 0 13 86 297 616 12 0 0 0 3 64 334 613 10 0 0 0 17 243 684 80 0 0 
0 5 71 176 452 302 18 0 0 6 66 107 472 358 15 0 1 26 85 330 467 112 3 0 
0 0 5 111 187 449 272 0 0 0 0 31 223 490 280 0 0 0 27 128 267 527 75 0 
0 3 51 137 388 405 40 0 0 0 35 128 244 562 55 0 0 14 51 156 232 481 90 0 
118 121 90 134 387 166 8 0 103 120 90 122 186 391 12 0 175 60 98 104 153 295 139 0 
761 236 25 2 0 0 0 0 713 253 54 4 0 0 0 0 869 131 23 1 0 0 0 0 
693 313 18 0 0 0 0 0 575 402 45 2 0 0 0 0 911 98 13 2 0 0 0 0 
705 319 0 0 0 0 0 0 678 346 0 0 0 0 0 0 1024 0 0 0 0 0 0 0 
914 110 0 0 0 0 0 0 861 163 0 0 0 0 0 0 1024 0 0 0 0 0 0 0 
931 93 0 0 0 0 0 0 850 174 0 0 0 0 0 0 1024 0 0 0 0 0 0 0 
824 136 23 10 17 12 2 0 491 462 26 13 17 12 3 0 923 38 20 9 15 12 7 0 
580 253 107 32 26 18 8 0 546 299 102 35 22 18 2 0 690 196 71 28 18 18 3 0 
270 447 176 72 32 14 11 2 206 551 170 58 21 11 6 1 573 284 98 42 18 6 2 1 
455 325 115 66 28 22 9 4 414 372 120 66 24 17 8 3 725 170 59 36 18 12 4 0 
446 444 98 13 6 7 8 2 365 569 62 9 6 6 7 0 862 129 8 6 8 7 4 0 
23 492 405 87 14 3 0 0 33 738 195 38 16 4 0 0 483 332 160 31 14 4 0 0 
0 517 480 27 0 0 0 0 0 627 378 19 0 0 0 0 388 278 338 20 0 0 0 0 
29 502 482 11 0 0 0 0 49 485 476 14 0 0 0 0 261 308 440 15 0 0 0 0 
0 25 928 69 2 0 0 0 0 7 871 142 4 0 0 0 0 4 770 244 6 0 0 0 
0 4 916 104 0 0 0 0 0 0 814 210 0 0 0 0 0 0 703 319 2 0 0 0 
0 12 951 61 0 0 0 0 0 1 863 160 0 0 0 0 0 0 762 262 0 0 0 0 
19 62 801 75 29 15 19 4 25 69 765 110 23 17 15 0 56 61 680 177 23 17 9 1 
57 394 425 73 46 18 11 0 55 415 427 83 33 6 5 0 317 238 364 77 20 6 2 0 
12 182 385 144 189 84 27 1 10 192 386 203 150 67 15 1 130 122 446 219 69 37 1 0 
0 117 891 16 0 0 0 0 0 92 897 35 0 0 0 0 0 156 815 53 0 0 0 0 
1 336 603 83 1 0 0 0 1 334 583 103 3 0 0 0 8 419 505 91 1 0 0 0 
106 361 247 207 101 2 0 0 93 348 218 164 142 59 0 0 100 342 186 144 122 112 18 0 
268 266 191 151 143 5 0 0 243 257 144 137 157 86 0 0 229 248 112 108 112 158 57 0 
206 407 258 118 34 1 0 0 182 377 276 115 58 16 0 0 183 370 257 118 47 43 6 0 
162 241 208 276 137 0 0 0 155 236 209 278 146 0 0 0 155 248 229 319 73 0 0 0 
23 66 119 188 480 101 39 8 22 66 117 197 496 90 33 3 35 71 145 358 340 59 16 0 
0 8 31 163 800 22 0 0 1 7 32 173 790 21 0 0 2 6 57 546 413 0 0 0 
0 0 0 66 880 78 0 0 0 0 0 40 906 78 0 0 0 0 22 515 487 0 0 0 
0 0 3 44 238 730 9 0 0 0 0 29 306 683 6 0 0 0 9 138 742 135 0 0 
0 0 23 180 366 455 0 0 0 0 6 133 362 522 1 0 0 0 37 309 622 56 0 0 
0 0 41 240 557 185 1 0 0 0 14 135 589 284 2 0 0 0 29 382 459 153 1 0 
0 0 22 115 211 534 142 0 0 0 11 67 199 614 133 0 0 0 0 44 209 713 58 0 
0 0 5 58 710 248 3 0 0 0 3 26 275 711 9 0 0 0 3 18 175 719 109 0 
0 0 0 19 859 146 0 0 0 0 0 6 121 894 3 0 0 0 0 4 56 591 373 0 
0 0 0 0 814 210 0 0 0 0 0 0 9 995 20 0 0 0 0 0 1 344 679 0 
0 0 0 0 989 35 0 0 0 0 0 0 0 1024 0 0 0 0 0 0 0 183 841 0 
0 2 18 57 947 0 0 0 0 0 6 19 86 913 0 0 0 0 5 10 22 200 787 0 
0 69 180 242 533 0 0 0 0 37 116 143 285 443 0 0 1 51 98 105 109 360 300 0 
6 214 233 265 306 0 0 0 0 140 168 184 287 245 0 0 75 130 102 122 170 303 122 0 
258 639 96 26 5 0 0 0 18 826 107 52 16 5 0 0 753 132 68 41 23 7 0 0 
297 725 2 0 0 0 0 0 11 1002 11 0 0 0 0 0 941 79 4 0 0 0 0 0 
776 240 8 0 0 0 0 0 463 542 19 0 0 0 0 0 950 66 8 0 0 0 0 0 
418 326 221 57 2 0 0 0 244 400 217 132 31 0 0 0 470 203 165 125 50 11 0 0 
116 364 325 201 18 0 0 0 38 315 280 224 158 9 0 0 128 263 231 161 137 102 2 0 
365 491 156 12 0 0 0 0 105 643 203 72 1 0 0 0 539 236 178 67 4 0 0 0 
732 263 29 0 0 0 0 0 495 481 46 2 0 0 0 0 809 182 32 1 0 0 0 0 
390 299 210 112 13 0 0 0 291 315 206 130 77 5 0 0 461 181 156 90 87 48 1 0 
