0 1 58 338 185 141 127 174 0 0 1 92 355 207 151 218 0 11 174 282 125 125 108 199 
0 0 98 287 226 108 90 215 0 0 6 175 305 197 105 236 0 0 94 260 206 126 104 234 
0 0 24 202 157 111 85 445 0 0 1 56 227 180 95 465 0 0 30 195 144 110 79 466 
0 0 0 0 2 17 58 947 0 0 0 0 0 6 53 965 0 0 1 1 6 9 58 949 
1 60 250 231 160 106 59 157 0 2 137 259 205 143 97 181 0 18 218 320 160 80 54 174 
0 34 521 222 79 58 43 67 0 2 152 543 136 67 50 74 0 4 267 448 102 72 49 82 
0 5 223 340 152 89 87 128 0 0 61 360 253 115 96 139 0 0 83 370 218 111 91 151 
0 2 174 279 132 91 71 275 0 0 7 226 256 152 93 290 0 0 87 328 170 88 72 279 
0 0 5 168 412 126 99 214 0 0 0 5 163 470 141 245 0 0 4 253 349 98 86 234 
0 0 10 342 316 170 104 82 0 0 0 11 405 327 172 109 0 0 16 357 252 159 134 106 
24 293 418 223 32 20 11 3 0 39 281 444 205 31 16 8 288 239 321 112 27 19 12 6 
1 95 518 302 73 26 6 3 0 8 178 558 212 45 17 6 2 114 517 268 65 41 13 4 
0 52 428 453 78 10 3 0 0 2 120 490 352 52 7 1 1 106 553 305 43 13 3 0 
1 24 169 394 227 107 44 58 0 0 31 168 392 232 119 82 4 80 364 364 91 31 29 61 
3 204 400 256 138 23 0 0 0 2 129 382 281 181 49 0 13 351 461 176 23 0 0 0 
21 398 438 118 43 6 0 0 0 85 436 327 110 57 9 0 9 237 631 138 8 1 0 0 
2 329 545 136 5 5 0 2 0 15 467 409 123 5 3 2 0 120 683 205 7 6 1 2 
1 106 619 275 23 0 0 0 0 2 166 624 218 14 0 0 0 50 567 380 27 0 0 0 
0 42 287 538 154 3 0 0 0 0 50 313 521 139 1 0 0 14 366 550 94 0 0 0 
0 39 434 423 24 17 29 58 0 0 69 426 414 21 21 73 0 58 526 311 20 16 14 79 
83 605 138 126 30 18 21 3 0 270 431 148 125 19 16 15 656 180 72 59 17 13 11 16 
14 273 474 182 36 21 21 3 4 47 338 462 116 22 17 18 29 338 447 134 27 19 18 12 
7 149 530 314 23 1 0 0 0 18 214 533 244 14 1 0 16 289 572 142 5 0 0 0 
1 149 428 383 62 1 0 0 0 1 148 459 364 52 0 0 26 309 543 140 6 0 0 0 
26 466 342 151 39 0 0 0 0 27 388 375 188 44 2 0 20 594 323 84 3 0 0 0 
58 428 395 141 2 0 0 0 1 157 332 351 171 12 0 0 22 520 444 38 0 0 0 0 
105 614 293 8 3 1 0 0 7 239 534 236 7 0 1 0 24 579 394 23 3 0 1 0 
27 643 339 13 2 0 0 0 0 113 639 265 7 0 0 0 2 357 635 27 3 0 0 0 
1 353 501 166 3 0 0 0 0 18 474 411 120 1 0 0 0 66 713 239 6 0 0 0 
6 259 550 117 38 31 14 9 1 31 356 473 93 36 23 11 2 172 629 112 38 40 20 11 
159 564 176 62 31 19 13 0 5 308 431 151 73 28 24 4 800 154 39 14 15 2 0 0 
58 616 133 104 86 23 4 0 0 335 411 123 88 46 21 0 129 614 146 101 27 7 0 0 
16 230 435 235 89 17 2 0 1 56 327 421 174 42 3 0 82 433 282 104 60 51 12 0 
46 283 457 179 47 10 2 0 0 53 312 459 169 26 4 1 122 448 332 88 26 5 3 0 
31 423 447 105 14 4 0 0 0 75 419 427 92 11 0 0 67 572 309 64 9 3 0 0 
28 343 428 136 25 22 17 25 0 97 335 407 131 33 17 4 34 497 386 56 37 13 1 0 
212 557 155 31 40 17 8 4 27 370 417 152 34 17 7 0 160 620 144 44 25 23 8 0 
82 693 200 30 9 9 1 0 3 210 615 163 24 8 1 0 39 569 354 38 16 7 0 1 
14 593 380 31 6 0 0 0 0 85 642 272 21 4 0 0 0 192 745 68 18 1 0 0 
64 523 215 117 93 12 0 0 0 105 549 169 71 81 49 0 60 402 442 98 17 5 0 0 
2 6 67 409 411 121 8 0 0 2 2 22 186 589 215 8 148 626 196 49 5 0 0 0 
0 8 96 300 477 122 20 1 0 0 2 37 205 518 242 20 128 500 301 77 15 3 0 0 
0 0 24 428 494 63 15 0 0 0 14 192 337 415 60 6 18 168 260 259 192 110 17 0 
0 0 4 162 780 73 5 0 0 0 1 42 482 471 26 2 0 10 278 603 123 10 0 0 
0 0 5 60 415 399 132 13 0 0 2 18 119 416 399 70 0 7 254 391 229 130 12 1 
0 2 5 50 303 387 181 96 0 0 4 15 109 425 381 90 0 30 242 361 252 106 26 7 
9 26 37 89 333 415 106 9 1 16 30 55 123 379 377 43 17 46 183 289 284 176 28 1 
3 31 58 97 374 372 80 9 1 9 37 47 205 458 242 25 15 79 282 361 178 88 18 3 
3 31 64 44 341 504 37 0 0 14 40 63 135 529 241 2 5 45 233 556 138 34 13 0 
4 43 142 308 328 178 19 2 0 5 21 95 268 449 179 7 113 298 276 233 70 24 8 2 
94 288 363 226 39 8 5 1 1 65 163 314 321 144 13 3 595 379 40 8 2 0 0 0 
46 247 484 230 17 0 0 0 1 30 158 465 290 79 1 0 433 467 111 13 0 0 0 0 
0 3 214 628 157 21 1 0 0 0 5 179 593 234 13 0 20 374 472 139 17 2 0 0 
0 0 10 238 605 170 1 0 0 0 0 6 264 547 205 2 2 43 465 473 39 2 0 0 
3 23 103 234 546 112 3 0 0 1 22 103 225 523 144 6 36 171 444 320 48 5 0 0 
4 31 46 186 405 297 53 2 0 2 25 37 145 439 322 54 49 151 328 280 151 53 11 1 
9 78 265 294 269 79 30 0 0 5 56 210 292 315 125 21 104 284 319 237 72 8 0 0 
1 25 91 323 383 127 56 18 0 1 36 169 395 263 118 42 21 63 195 290 313 87 38 17 
3 7 32 65 507 329 70 11 0 4 3 23 55 167 683 89 64 109 476 258 92 24 1 0 
41 115 107 126 278 273 69 15 15 58 45 124 123 245 306 108 172 184 244 251 107 28 23 15 
222 408 336 57 1 0 0 0 59 132 261 407 152 13 0 0 646 320 54 4 0 0 0 0 
8 83 309 503 121 0 0 0 1 7 52 281 547 135 1 0 123 429 430 42 0 0 0 0 
5 39 219 513 237 11 0 0 0 2 26 183 479 307 27 0 64 373 484 99 4 0 0 0 
5 50 239 487 235 8 0 0 0 1 27 201 552 238 5 0 41 242 555 181 5 0 0 0 
1 15 162 443 369 34 0 0 0 1 7 81 411 477 47 0 24 221 487 276 16 0 0 0 
1 15 64 190 452 228 56 18 0 1 14 75 305 461 144 24 34 69 166 365 251 85 46 8 
1 4 10 32 88 75 373 441 0 3 10 19 49 106 468 369 3 19 43 75 59 100 309 416 
2 21 39 224 402 146 128 62 0 15 24 130 402 177 158 118 35 80 84 160 416 144 70 35 
93 129 185 175 221 164 51 6 12 58 98 149 185 240 209 73 412 230 172 115 65 23 5 2 
228 177 205 187 116 62 35 14 46 150 153 164 220 144 94 53 607 212 105 48 25 15 6 6 
