133 397 305 152 33 4 0 0 132 407 294 153 35 3 0 0 577 320 95 28 2 2 0 0 
300 314 243 135 32 0 0 0 284 339 237 142 22 0 0 0 602 255 134 31 2 0 0 0 
664 281 66 10 3 0 0 0 665 278 70 9 2 0 0 0 852 151 17 4 0 0 0 0 
844 129 35 8 5 3 0 0 827 155 27 8 5 2 0 0 944 57 14 5 4 0 0 0 
806 191 26 1 0 0 0 0 752 238 31 3 0 0 0 0 966 54 4 0 0 0 0 0 
313 488 173 39 10 0 1 0 243 498 215 53 14 0 1 0 738 219 41 18 7 0 1 0 
358 497 146 19 3 1 0 0 258 537 192 33 3 1 0 0 859 139 21 3 2 0 0 0 
188 323 281 184 43 5 0 0 156 359 302 173 30 4 0 0 637 281 82 20 4 0 0 0 
11 71 276 448 171 36 11 0 18 131 368 377 107 20 3 0 324 387 213 71 19 8 2 0 
132 283 366 197 43 3 0 0 135 321 355 176 37 0 0 0 614 284 102 20 4 0 0 0 
16 339 408 176 63 15 6 1 59 445 353 124 33 9 1 0 477 351 127 45 15 8 1 0 
41 201 317 280 129 40 16 0 85 295 351 200 66 27 0 0 330 331 215 98 34 14 2 0 
179 399 283 122 31 8 2 0 62 437 341 139 41 4 0 0 630 260 106 17 8 3 0 0 
302 372 181 104 50 14 1 0 167 442 190 118 73 31 3 0 734 204 68 17 1 0 0 0 
179 326 251 163 86 17 2 0 110 298 267 168 126 50 5 0 604 267 113 36 4 0 0 0 
81 277 294 244 107 21 0 0 57 251 331 260 104 20 1 0 414 292 233 70 15 0 0 0 
219 230 243 220 98 14 0 0 159 259 230 270 92 14 0 0 495 279 173 64 13 0 0 0 
479 166 148 142 73 16 0 0 473 171 159 140 71 10 0 0 620 169 155 63 17 0 0 0 
763 116 69 59 16 1 0 0 753 130 73 52 15 1 0 0 863 97 47 16 1 0 0 0 
180 398 307 122 14 3 0 0 126 408 329 130 27 4 0 0 643 285 80 14 2 0 0 0 
484 315 125 64 32 4 0 0 395 354 171 66 37 1 0 0 770 144 61 42 7 0 0 0 
56 223 372 253 110 10 0 0 53 220 349 250 137 15 0 0 567 345 79 30 3 0 0 0 
18 117 293 329 216 45 6 0 26 111 250 374 223 35 5 0 465 279 155 104 20 1 0 0 
88 247 336 255 80 18 0 0 104 234 357 253 68 8 0 0 498 358 117 40 11 0 0 0 
59 258 356 229 100 18 2 2 58 189 342 308 106 16 4 1 557 278 125 50 11 1 2 0 
213 332 281 153 41 4 0 0 141 321 289 193 69 11 0 0 668 252 79 23 2 0 0 0 
100 444 344 121 13 2 0 0 38 367 399 170 48 2 0 0 757 240 25 2 0 0 0 0 
176 594 221 33 0 0 0 0 36 555 359 70 4 0 0 0 891 123 10 0 0 0 0 0 
410 485 116 12 1 0 0 0 88 658 240 33 5 0 0 0 926 96 2 0 0 0 0 0 
536 389 83 14 2 0 0 0 307 543 135 36 3 0 0 0 893 116 13 2 0 0 0 0 
773 215 33 3 0 0 0 0 537 385 90 11 1 0 0 0 975 47 2 0 0 0 0 0 
550 373 88 13 0 0 0 0 308 564 124 25 3 0 0 0 948 70 6 0 0 0 0 0 
250 382 250 102 32 6 2 0 256 394 243 96 29 6 0 0 621 257 96 39 8 3 0 0 
309 354 223 110 20 6 1 1 289 351 250 109 18 5 2 0 617 264 109 23 7 4 0 0 
299 370 216 101 25 8 5 0 277 381 233 105 18 9 1 0 629 270 82 29 9 4 1 0 
694 259 57 12 1 1 0 0 644 298 64 16 1 1 0 0 896 97 27 3 1 0 0 0 
686 236 74 26 2 0 0 0 624 273 95 27 5 0 0 0 906 89 24 5 0 0 0 0 
165 420 317 108 10 3 1 0 111 380 333 174 20 5 1 0 829 166 18 9 0 1 1 0 
326 429 205 55 8 0 1 0 192 507 223 89 10 2 1 0 889 112 17 5 1 0 0 0 
189 358 310 127 30 6 4 0 145 410 319 125 19 5 1 0 706 235 58 16 7 2 0 0 
10 139 319 348 168 33 5 2 31 183 374 320 98 16 2 0 352 390 182 69 23 4 3 1 
121 238 314 228 91 26 6 0 123 307 349 185 50 9 1 0 442 321 172 63 22 3 1 0 
184 427 274 103 27 8 1 0 186 413 274 119 28 4 0 0 721 210 68 19 5 1 0 0 
181 521 232 71 16 3 0 0 150 546 251 66 10 1 0 0 725 216 61 19 3 0 0 0 
181 517 255 62 9 0 0 0 118 547 263 79 16 1 0 0 738 214 59 13 0 0 0 0 
205 434 226 105 43 7 4 0 104 461 267 143 43 5 1 0 744 206 65 7 1 1 0 0 
134 312 317 172 66 14 8 1 101 345 318 178 64 14 4 0 680 225 81 27 9 1 1 0 
42 167 320 277 174 38 6 0 39 155 316 291 173 41 7 2 456 274 204 70 16 4 0 0 
154 305 318 172 58 17 0 0 103 268 326 233 73 21 0 0 687 202 108 20 7 0 0 0 
539 91 111 127 142 14 0 0 530 95 122 157 110 10 0 0 591 155 131 124 22 1 0 0 
831 135 45 7 4 2 0 0 802 155 50 11 5 1 0 0 935 68 13 5 2 1 0 0 
461 247 142 101 51 16 6 0 396 264 157 107 69 21 10 0 782 136 70 22 12 2 0 0 
159 295 322 194 43 9 2 0 139 263 312 228 73 9 0 0 654 261 88 10 10 1 0 0 
182 289 290 185 58 9 7 4 160 285 310 189 64 7 7 2 606 268 100 35 5 7 2 1 
59 201 341 256 121 37 7 2 68 190 312 277 131 35 9 2 426 307 201 62 22 2 2 2 
170 348 258 145 65 34 4 0 108 328 277 192 87 28 4 0 638 192 124 48 19 2 1 0 
157 244 265 216 96 31 11 4 94 258 292 232 110 29 5 4 650 204 106 47 12 3 2 0 
62 248 238 235 166 51 20 4 36 186 292 232 171 80 23 4 508 286 148 48 21 9 4 0 
163 403 199 123 75 39 19 3 39 418 260 141 85 48 26 7 682 188 81 33 31 9 0 0 
243 506 211 58 5 1 0 0 43 524 317 118 20 2 0 0 868 135 20 1 0 0 0 0 
620 301 54 29 18 2 0 0 256 607 94 39 21 7 0 0 934 66 19 5 0 0 0 0 
705 264 48 7 0 0 0 0 419 498 79 28 0 0 0 0 955 61 8 0 0 0 0 0 
875 120 27 2 0 0 0 0 699 274 42 9 0 0 0 0 982 37 4 1 0 0 0 0 
821 181 20 2 0 0 0 0 548 409 58 8 1 0 0 0 985 36 3 0 0 0 0 0 
741 199 47 28 6 3 0 0 741 195 53 26 7 2 0 0 864 113 32 13 2 0 0 0 
636 282 74 24 8 0 0 0 618 303 77 23 3 0 0 0 856 132 27 9 0 0 0 0 
458 344 133 57 25 7 0 0 430 349 154 62 21 8 0 0 731 189 70 25 9 0 0 0 
498 367 130 24 4 1 0 0 428 395 155 39 5 2 0 0 870 127 23 3 0 1 0 0 
610 317 83 14 0 0 0 0 499 395 110 19 1 0 0 0 877 127 18 2 0 0 0 0 
621 299 83 21 0 0 0 0 501 371 112 38 2 0 0 0 962 58 4 0 0 0 0 0 
890 123 9 2 0 0 0 0 811 196 14 2 1 0 0 0 1006 16 2 0 0 0 0 0 
738 254 24 7 1 0 0 0 634 345 34 10 1 0 0 0 978 37 7 2 0 0 0 0 
243 393 214 99 48 21 4 2 253 399 223 98 40 6 5 0 638 225 95 43 17 4 2 0 
95 494 348 80 7 0 0 0 63 461 382 102 16 0 0 0 665 308 44 6 1 0 0 0 
339 418 197 55 12 3 0 0 296 419 222 70 16 1 0 0 755 201 52 13 2 1 0 0 
542 351 108 22 1 0 0 0 458 387 145 32 2 0 0 0 883 126 14 1 0 0 0 0 
384 403 181 45 10 1 0 0 228 448 236 89 18 5 0 0 850 144 25 4 1 0 0 0 
298 362 176 126 44 14 3 1 248 362 215 143 48 6 2 0 686 225 76 19 8 8 2 0 
272 416 212 101 18 2 3 0 167 481 254 108 10 2 2 0 723 228 61 7 2 2 1 0 
183 236 174 208 153 59 11 0 171 246 200 210 139 52 6 0 411 241 195 111 52 14 0 0 
139 298 218 206 137 19 7 0 150 257 215 237 131 27 7 0 550 207 172 82 12 1 0 0 
278 143 225 270 89 16 3 0 252 146 192 291 105 32 6 0 629 235 112 32 14 2 0 0 
231 186 253 205 88 35 13 13 222 182 256 227 94 25 11 7 610 238 103 37 16 9 7 4 
168 231 266 203 117 28 9 2 157 216 234 235 124 45 12 1 581 250 122 51 10 9 1 0 
162 198 233 233 121 56 16 5 166 168 256 236 143 48 7 0 575 243 114 65 21 6 0 0 
52 232 347 216 115 42 16 4 40 208 323 275 122 41 11 4 612 253 85 43 21 5 3 2 
31 254 360 251 96 24 5 3 25 231 355 275 106 23 6 3 503 290 144 62 18 4 3 0 
291 254 223 154 58 31 10 3 232 261 195 195 80 39 14 8 594 249 101 43 24 6 4 3 
480 261 145 98 34 6 0 0 393 285 168 101 59 18 0 0 756 182 66 19 1 0 0 0 
303 389 203 93 27 9 0 0 149 390 275 120 66 22 2 0 794 172 47 9 2 0 0 0 
502 433 77 11 1 0 0 0 175 644 170 30 4 1 0 0 953 64 7 0 0 0 0 0 
177 490 313 41 3 0 0 0 64 510 361 70 18 1 0 0 786 228 9 0 1 0 0 0 
209 314 294 111 60 17 15 4 122 356 349 125 43 18 7 4 683 259 40 27 10 4 1 0 
590 239 102 62 25 3 2 1 441 350 105 74 42 8 2 2 898 95 19 7 4 0 1 0 
787 209 27 1 0 0 0 0 508 445 60 10 1 0 0 0 989 33 2 0 0 0 0 0 
853 162 9 0 0 0 0 0 670 328 24 2 0 0 0 0 999 23 2 0 0 0 0 0 
446 196 100 92 72 65 41 12 452 197 108 95 72 70 24 6 543 155 88 77 71 48 33 9 
412 316 146 59 31 22 28 10 402 331 150 57 32 23 23 6 644 193 76 41 23 20 22 5 
318 418 166 62 29 18 9 4 317 420 170 68 25 18 4 2 627 225 102 34 19 11 4 2 
362 418 174 56 13 1 0 0 308 432 206 64 11 3 0 0 798 178 36 11 1 0 0 0 
803 163 41 15 2 0 0 0 774 179 51 19 1 0 0 0 924 79 19 2 0 0 0 0 
880 114 27 3 0 0 0 0 840 148 28 8 0 0 0 0 974 45 5 0 0 0 0 0 
982 42 0 0 0 0 0 0 972 51 1 0 0 0 0 0 1012 12 0 0 0 0 0 0 
997 26 1 0 0 0 0 0 984 39 1 0 0 0 0 0 1014 9 1 0 0 0 0 0 
737 205 74 8 0 0 0 0 660 256 81 26 1 0 0 0 919 98 7 0 0 0 0 0 
333 420 212 55 3 1 0 0 263 416 259 77 8 1 0 0 701 243 71 8 1 0 0 0 
414 268 200 88 36 6 10 2 422 293 184 79 39 6 1 0 691 211 81 36 5 0 0 0 
185 410 282 101 27 12 3 4 181 479 271 69 16 4 3 1 855 135 22 5 2 2 3 0 
229 469 222 79 23 1 1 0 88 460 301 117 53 4 1 0 829 154 37 3 1 0 0 0 
470 346 133 54 21 0 0 0 293 394 212 82 32 11 0 0 853 136 29 5 1 0 0 0 
412 314 175 96 25 2 0 0 368 309 191 106 37 12 1 0 781 179 56 8 0 0 0 0 
66 222 207 198 229 92 10 0 41 205 217 242 239 74 6 0 412 167 170 191 76 8 0 0 
398 295 133 123 51 23 0 1 319 370 140 127 57 10 0 1 673 167 119 51 13 0 1 0 
120 226 242 285 118 31 2 0 124 188 261 291 130 25 5 0 495 257 197 56 16 3 0 0 
128 265 283 216 89 31 9 3 107 262 275 223 117 33 5 2 581 285 98 44 12 3 1 0 
425 152 140 118 98 51 25 15 400 166 163 126 110 36 12 11 630 172 116 61 25 10 10 0 
423 256 161 96 48 21 15 4 361 277 185 101 49 32 15 4 757 164 55 22 17 5 4 0 
100 273 301 172 100 51 17 10 89 285 332 166 104 31 10 7 590 253 100 50 16 11 4 0 
48 243 292 237 135 55 13 1 32 210 273 276 162 57 14 0 494 278 146 80 23 2 1 0 
305 288 233 121 61 12 3 1 211 304 232 160 83 28 4 2 732 182 68 32 6 3 1 0 
473 294 167 68 19 3 0 0 396 294 190 107 23 13 1 0 814 160 40 8 2 0 0 0 
404 333 192 77 15 3 0 0 296 326 235 114 44 8 1 0 846 140 30 6 2 0 0 0 
711 192 73 30 14 3 1 0 639 229 86 40 20 8 1 1 921 76 14 8 4 1 0 0 
346 297 272 102 5 2 0 0 278 356 295 91 3 1 0 0 776 191 46 9 2 0 0 0 
464 381 141 33 1 3 1 0 325 474 185 34 5 0 1 0 909 104 6 1 3 1 0 0 
790 181 45 6 1 1 0 0 655 303 55 9 2 0 0 0 953 61 8 1 1 0 0 0 
837 173 11 3 0 0 0 0 640 345 34 5 0 0 0 0 995 26 3 0 0 0 0 0 
909 94 19 2 0 0 0 0 822 162 37 3 0 0 0 0 994 25 5 0 0 0 0 0 
493 283 170 62 10 6 0 0 408 334 193 67 16 6 0 0 722 193 77 22 6 4 0 0 
440 361 130 67 24 2 0 0 483 327 137 64 12 1 0 0 718 197 77 29 3 0 0 0 
503 353 130 35 3 0 0 0 590 302 98 29 5 0 0 0 805 156 42 19 2 0 0 0 
604 287 109 24 0 0 0 0 560 320 119 25 0 0 0 0 851 134 37 2 0 0 0 0 
611 282 81 45 5 0 0 0 566 308 90 52 8 0 0 0 776 179 53 15 1 0 0 0 
869 119 32 4 0 0 0 0 837 153 30 4 0 0 0 0 941 71 12 0 0 0 0 0 
937 78 8 1 0 0 0 0 917 96 10 1 0 0 0 0 987 31 5 1 0 0 0 0 
948 68 7 1 0 0 0 0 940 70 12 2 0 0 0 0 992 29 3 0 0 0 0 0 
885 105 28 6 0 0 0 0 855 131 29 6 3 0 0 0 961 51 8 4 0 0 0 0 
622 258 78 27 10 11 5 13 610 258 101 25 10 7 8 5 820 127 34 17 7 7 9 3 
401 312 149 89 37 11 14 11 399 350 150 73 31 9 9 3 647 198 104 43 15 10 3 4 
541 373 71 10 9 7 6 7 297 517 154 25 10 6 7 8 841 115 31 10 9 5 7 6 
554 337 100 29 3 1 0 0 315 456 178 57 14 4 0 0 922 91 8 3 0 0 0 0 
252 490 219 59 4 0 0 0 68 470 329 130 25 2 0 0 878 133 13 0 0 0 0 0 
557 374 76 15 2 0 0 0 376 486 125 28 8 1 0 0 964 55 5 0 0 0 0 0 
726 163 117 17 1 0 0 0 664 192 134 29 5 0 0 0 928 80 13 2 1 0 0 0 
463 368 123 34 27 7 2 0 342 433 168 50 26 5 0 0 868 94 30 22 9 1 0 0 
463 279 133 80 50 17 1 1 425 303 139 101 40 15 0 1 777 120 77 39 7 3 1 0 
409 352 167 55 29 7 3 2 347 348 223 60 29 11 5 1 820 142 37 13 7 2 3 0 
472 309 151 62 15 11 4 0 431 298 185 64 27 13 6 0 866 114 31 7 2 3 1 0 
314 325 240 114 28 3 0 0 222 340 260 157 39 4 2 0 732 228 53 9 2 0 0 0 
89 365 358 193 19 0 0 0 30 250 341 291 110 2 0 0 686 298 40 0 0 0 0 0 
40 157 336 371 109 11 0 0 17 91 238 377 272 27 2 0 432 437 128 22 4 1 0 0 
382 289 190 91 52 12 4 4 318 283 209 122 63 21 6 2 766 167 58 25 3 4 1 0 
205 403 256 104 37 15 4 0 112 403 312 127 45 18 7 0 764 178 59 16 5 2 0 0 
290 452 215 57 9 1 0 0 178 466 278 84 15 3 0 0 871 130 19 4 0 0 0 0 
157 430 307 91 32 7 0 0 82 384 342 159 43 14 0 0 790 194 35 4 1 0 0 0 
331 412 210 60 10 1 0 0 256 403 246 102 14 3 0 0 865 141 18 0 0 0 0 0 
250 443 250 70 11 0 0 0 196 370 329 101 26 2 0 0 830 175 19 0 0 0 0 0 
808 133 62 18 3 0 0 0 722 200 69 27 5 1 0 0 971 47 6 0 0 0 0 0 
945 75 4 0 0 0 0 0 881 134 9 0 0 0 0 0 1010 14 0 0 0 0 0 0 
905 102 15 2 0 0 0 0 804 178 36 6 0 0 0 0 1003 20 1 0 0 0 0 0 
898 125 1 0 0 0 0 0 1008 14 2 0 0 0 0 0 1018 6 0 0 0 0 0 0 
537 171 146 120 32 10 8 0 602 178 136 83 12 10 3 0 707 155 120 28 7 6 1 0 
473 207 127 77 46 48 32 14 532 221 145 70 31 20 5 0 790 165 59 10 0 0 0 0 
691 37 16 19 52 91 74 44 749 82 66 34 53 23 15 2 903 79 27 9 3 3 0 0 
662 39 44 50 30 64 79 56 736 81 63 38 43 40 14 9 891 70 36 13 3 2 9 0 
550 58 99 112 63 66 57 19 717 115 102 47 23 10 7 3 904 63 29 7 7 6 7 1 
418 90 139 128 59 68 65 57 566 213 111 55 29 25 17 8 880 100 28 10 4 0 2 0 
282 218 139 139 89 58 47 52 462 276 132 80 27 28 17 2 823 139 42 14 2 3 1 0 
282 139 142 129 81 91 83 77 405 229 168 92 41 38 33 18 742 164 67 31 13 5 2 0 
274 160 137 121 111 81 84 56 551 249 79 35 28 19 42 21 644 214 49 25 21 9 33 29 
397 226 187 100 61 33 13 7 406 302 137 100 49 22 8 0 695 190 66 49 17 6 0 1 
444 236 137 170 37 0 0 0 315 312 120 152 120 5 0 0 832 143 31 18 0 0 0 0 
433 67 157 293 72 2 0 0 355 128 52 226 233 30 0 0 932 86 6 0 0 0 0 0 
313 175 128 284 124 0 0 0 242 193 99 189 252 49 0 0 872 147 1 4 0 0 0 0 
450 269 133 116 56 0 0 0 337 339 123 98 101 26 0 0 924 99 1 0 0 0 0 0 
962 57 4 1 0 0 0 0 952 67 4 1 0 0 0 0 1006 15 3 0 0 0 0 0 
777 124 61 42 13 6 1 0 820 87 59 40 15 3 0 0 872 77 52 20 3 0 0 0 
996 28 0 0 0 0 0 0 979 45 0 0 0 0 0 0 1020 4 0 0 0 0 0 0 
990 32 2 0 0 0 0 0 982 36 6 0 0 0 0 0 1012 12 0 0 0 0 0 0 
673 134 56 35 39 44 34 9 602 177 78 41 43 44 31 8 795 68 55 45 30 22 9 0 
319 378 165 56 44 35 22 5 174 432 228 81 43 40 21 5 772 119 43 39 32 14 5 0 
187 396 233 117 58 25 8 0 36 407 327 151 65 28 8 2 499 258 146 66 36 17 2 0 
94 345 345 151 61 18 10 0 28 298 398 192 75 23 10 0 401 341 172 64 27 15 4 0 
186 409 237 118 51 20 3 0 81 406 343 128 44 17 5 0 526 260 133 60 32 13 0 0 
148 470 305 82 16 3 0 0 153 527 248 81 14 1 0 0 709 251 49 12 2 1 0 0 
205 473 262 65 16 3 0 0 169 485 262 92 12 4 0 0 795 195 27 7 0 0 0 0 
432 335 182 65 9 1 0 0 284 464 194 60 20 2 0 0 857 138 26 3 0 0 0 0 
282 448 191 76 24 3 0 0 165 481 235 96 40 7 0 0 860 141 22 1 0 0 0 0 
727 234 48 12 3 0 0 0 636 302 69 12 5 0 0 0 946 64 14 0 0 0 0 0 
803 137 63 17 4 0 0 0 768 138 83 27 8 0 0 0 950 66 8 0 0 0 0 0 
971 39 14 0 0 0 0 0 944 62 15 3 0 0 0 0 999 23 2 0 0 0 0 0 
977 34 13 0 0 0 0 0 945 58 16 5 0 0 0 0 1006 17 1 0 0 0 0 0 
529 219 205 18 9 17 22 5 481 224 286 33 0 0 0 0 1009 13 2 0 0 0 0 0 
358 343 122 66 44 42 22 27 314 416 204 55 16 16 3 0 923 58 13 4 13 12 1 0 
357 207 143 139 91 46 29 12 456 308 172 74 12 2 0 0 844 132 31 8 8 1 0 0 
337 260 139 102 88 57 24 17 419 410 90 61 33 10 1 0 808 138 55 10 10 2 1 0 
298 217 124 101 104 89 72 19 538 235 111 57 45 22 13 3 705 168 85 42 14 8 2 0 
239 122 161 167 132 93 83 27 448 229 153 92 53 42 7 0 706 186 71 40 13 7 1 0 
230 160 196 179 126 75 39 19 541 192 141 79 33 17 14 7 686 174 81 54 20 4 4 1 
297 140 106 88 127 121 64 81 483 159 111 80 70 60 40 21 647 162 93 54 29 30 7 2 
118 234 144 113 127 125 84 79 138 320 223 123 89 50 47 34 573 217 89 47 35 24 24 15 
280 178 91 161 213 72 19 10 266 221 118 120 176 108 13 2 598 238 94 30 28 24 11 1 
258 221 163 159 181 29 6 7 212 248 160 139 181 80 3 1 714 218 57 15 14 3 2 1 
182 254 216 192 179 1 0 0 147 173 241 169 260 34 0 0 784 226 14 0 0 0 0 0 
63 239 235 255 195 25 7 5 3 174 233 210 319 77 5 3 771 208 20 11 10 4 0 0 
13 68 196 315 275 86 42 29 5 38 94 255 435 127 44 26 606 218 62 63 37 17 18 3 
14 60 215 308 183 132 80 32 4 47 110 268 382 113 78 22 531 188 105 77 71 41 7 4 
421 187 63 29 79 64 70 111 396 210 60 40 87 71 60 100 604 89 74 55 62 55 56 29 
597 124 65 20 18 59 80 61 616 111 62 19 24 65 71 56 694 94 52 44 60 41 29 10 
652 31 10 9 18 61 101 142 649 36 8 9 21 77 100 124 677 15 35 68 72 62 66 29 
693 14 14 39 64 32 85 83 693 15 13 32 69 46 79 77 701 21 61 56 62 59 38 26 
911 99 11 2 0 1 0 0 862 137 22 2 0 1 0 0 983 36 4 0 0 1 0 0 
886 97 35 6 0 0 0 0 821 144 50 9 0 0 0 0 985 36 3 0 0 0 0 0 
648 230 99 26 15 4 2 0 558 264 135 37 22 6 2 0 922 76 17 9 0 0 0 0 
209 360 267 136 40 12 0 0 115 334 304 189 60 22 0 0 756 207 54 7 0 0 0 0 
306 400 200 85 25 7 1 0 137 440 282 112 38 13 2 0 630 305 70 9 4 5 1 0 
199 428 262 115 15 5 0 0 125 437 284 149 22 7 0 0 715 259 45 5 0 0 0 0 
249 388 239 112 27 8 1 0 187 467 244 98 24 3 1 0 728 220 61 13 2 0 0 0 
347 376 202 82 16 1 0 0 313 367 204 105 29 6 0 0 820 168 32 4 0 0 0 0 
225 388 226 111 61 13 0 0 218 390 216 125 50 25 0 0 741 194 73 13 3 0 0 0 
192 353 220 140 66 30 17 6 184 421 237 124 51 7 0 0 671 222 89 30 9 3 0 0 
445 158 105 108 91 85 28 4 480 267 183 78 16 0 0 0 766 175 51 22 7 3 0 0 
448 120 109 128 131 61 25 2 514 250 146 70 27 13 4 0 705 158 98 46 13 2 2 0 
429 226 119 87 90 55 16 2 550 269 110 56 22 13 4 0 658 167 107 72 17 3 0 0 
6 233 131 91 132 151 180 100 84 517 350 71 2 0 0 0 982 41 1 0 0 0 0 0 
11 194 99 39 61 146 243 231 65 472 406 77 4 0 0 0 956 64 2 2 0 0 0 0 
22 168 165 141 101 133 149 145 97 425 308 123 45 21 5 0 671 206 75 42 21 6 3 0 
33 220 182 158 159 107 84 81 98 456 269 101 59 25 14 2 572 250 94 68 20 13 6 1 
80 231 184 148 167 124 50 40 76 502 235 95 70 34 10 2 559 246 111 52 37 14 4 1 
39 358 230 199 105 50 32 11 98 395 308 130 59 30 2 2 595 249 96 52 26 3 3 0 
176 264 174 135 107 95 52 21 145 494 212 92 53 19 8 1 591 249 105 51 18 8 2 0 
73 266 200 152 131 137 51 14 115 446 303 94 52 11 3 0 552 313 101 45 7 6 0 0 
20 113 155 172 179 222 119 44 251 424 224 72 33 14 5 1 470 330 139 57 18 8 2 0 
29 139 123 133 156 199 176 69 239 422 207 92 39 20 3 2 406 386 159 56 12 3 2 0 
16 110 97 107 161 217 173 143 250 290 267 143 49 13 7 5 533 282 128 57 15 7 2 0 
6 62 83 90 144 183 274 182 124 420 323 117 32 7 1 0 821 147 37 13 5 1 0 0 
16 92 108 99 134 183 226 166 51 391 326 144 75 26 10 1 740 166 75 34 9 0 0 0 
16 78 110 122 155 147 235 161 35 351 367 163 95 12 1 0 825 155 33 10 1 0 0 0 
48 207 184 136 155 170 88 36 130 478 270 100 33 10 2 1 826 141 39 15 1 1 0 1 
17 145 158 131 156 182 147 88 15 219 237 177 152 108 72 44 437 217 143 110 53 32 23 9 
169 213 144 111 167 125 69 26 224 132 206 200 123 74 43 22 570 200 121 61 39 16 9 8 
11 102 108 82 144 177 208 192 8 117 182 158 115 185 142 117 313 193 178 132 79 57 47 25 
27 166 141 105 164 150 147 124 10 131 186 173 183 149 113 79 297 183 182 134 108 60 50 10 
661 84 38 49 90 70 28 4 667 98 72 96 64 23 4 0 841 95 73 9 6 0 0 0 
990 12 4 4 13 1 0 0 988 15 8 12 0 1 0 0 1008 12 4 0 0 0 0 0 
718 219 46 22 13 4 2 0 647 273 55 26 14 5 4 0 909 93 14 6 2 0 0 0 
377 305 185 89 47 21 0 0 305 310 210 108 60 25 6 0 700 203 89 23 9 0 0 0 
278 450 209 65 21 1 0 0 95 487 279 118 41 4 0 0 735 227 56 6 0 0 0 0 
384 325 229 70 10 6 0 0 223 366 286 109 33 6 1 0 822 161 36 5 0 0 0 0 
446 357 157 55 6 2 1 0 256 445 206 97 17 2 1 0 855 136 26 5 0 2 0 0 
340 279 174 140 48 29 12 2 209 317 198 158 85 34 19 4 590 211 95 61 36 22 8 1 
367 273 141 92 70 43 32 6 199 352 191 107 79 41 45 10 505 210 99 78 55 43 29 5 
322 294 176 122 64 34 8 4 145 357 224 142 89 50 11 6 446 234 162 88 58 24 9 3 
97 245 235 211 145 62 27 2 17 206 246 244 166 97 42 6 162 224 236 187 135 57 21 2 
31 139 264 251 191 110 29 9 18 99 241 272 207 131 46 10 84 196 254 226 166 78 17 3 
8 73 258 319 211 107 39 9 22 102 242 332 193 95 32 6 43 221 304 258 124 50 23 1 
147 469 142 119 88 49 9 1 296 519 155 34 19 1 0 0 718 220 53 26 6 1 0 0 
153 357 148 83 89 89 74 31 295 404 247 48 23 6 1 0 640 213 97 49 23 2 0 0 
207 452 162 45 77 45 25 11 122 482 301 78 24 11 6 0 675 208 82 38 14 6 1 0 
388 456 126 34 15 5 0 0 61 585 299 56 15 8 0 0 796 163 41 16 8 0 0 0 
499 422 74 25 2 1 1 0 111 572 276 56 7 0 2 0 859 129 27 7 0 2 0 0 
490 361 112 45 8 5 3 0 145 538 258 59 11 9 4 0 697 143 70 40 47 25 2 0 
483 197 187 124 27 4 2 0 216 451 232 95 22 5 3 0 563 92 43 96 134 76 20 0 
303 254 158 209 98 2 0 0 59 402 314 221 26 2 0 0 455 103 55 33 104 172 96 6 
113 295 204 253 134 19 3 3 29 305 362 264 40 9 10 5 339 98 51 87 149 178 110 12 
93 137 209 304 186 60 21 14 92 191 331 277 87 20 15 11 262 102 61 104 186 192 108 9 
110 172 184 214 195 82 42 25 68 262 262 252 107 47 22 4 321 184 107 130 118 96 66 2 
62 181 189 202 169 115 83 23 40 231 269 249 152 69 14 0 380 177 139 82 92 90 50 14 
93 155 129 211 215 109 71 41 59 213 224 288 158 47 28 7 308 175 123 95 122 108 84 9 
38 78 107 156 160 129 141 215 82 264 276 253 116 24 7 2 425 202 116 94 86 62 32 7 
52 102 48 28 59 157 223 355 158 360 270 162 61 11 2 0 621 253 104 40 6 0 0 0 
37 86 39 25 60 208 301 268 143 436 251 136 47 10 1 0 689 220 82 27 5 1 0 0 
64 76 78 54 66 156 236 294 179 324 283 164 49 21 3 1 695 210 80 23 14 2 0 0 
80 173 115 96 65 72 181 242 62 333 298 189 92 37 10 3 520 217 149 77 35 21 5 0 
40 197 187 115 78 80 132 195 8 278 329 198 118 48 25 20 497 232 132 73 55 29 6 0 
88 146 117 91 78 130 199 175 138 144 176 164 155 156 77 14 518 271 155 59 18 3 0 0 
226 119 74 73 99 129 185 119 295 114 119 127 137 140 62 30 574 222 123 55 36 14 0 0 
79 256 93 71 70 173 175 107 149 271 138 134 171 112 39 10 596 245 121 45 16 1 0 0 
118 375 167 59 50 58 126 71 132 428 159 78 98 88 34 7 664 260 76 15 8 1 0 0 
190 308 129 53 55 104 119 66 182 376 127 93 127 76 31 12 610 240 100 61 9 3 1 0 
622 221 80 62 20 14 5 0 531 314 86 61 20 8 4 0 819 117 52 19 6 7 4 0 
633 163 52 45 32 55 35 9 614 176 95 62 52 18 4 3 842 104 42 20 10 4 1 1 
601 222 96 58 25 15 6 1 395 375 128 68 35 14 8 1 701 152 69 58 26 10 7 1 
573 318 73 25 22 12 1 0 143 614 186 41 25 12 2 1 735 195 38 22 18 14 2 0 
394 380 129 56 34 18 13 0 63 538 253 90 42 21 13 4 491 307 116 49 31 17 12 1 
456 359 90 52 25 24 12 6 69 578 215 73 36 30 15 8 595 251 71 43 31 20 10 3 
298 339 165 96 57 45 14 10 28 412 286 137 73 54 22 12 395 280 135 85 59 49 13 8 
281 347 152 117 66 43 12 6 42 409 260 137 86 56 24 10 340 305 142 104 68 45 15 5 
23 112 180 189 236 189 77 18 631 251 87 42 7 5 1 0 518 310 124 54 13 4 1 0 
62 131 129 225 199 165 89 24 516 238 149 96 20 5 0 0 445 247 118 63 66 54 30 1 
68 110 180 363 220 63 18 2 322 163 233 264 39 3 0 0 282 150 70 82 134 200 100 6 
174 142 216 332 154 6 0 0 81 240 310 326 66 0 1 0 229 51 43 107 222 216 146 10 
43 76 232 422 244 7 0 0 26 103 389 429 77 0 0 0 57 32 25 59 256 321 251 23 
2 44 273 452 231 22 0 0 7 120 420 383 93 1 0 0 1 2 21 147 290 358 180 25 
0 24 234 486 260 20 0 0 1 87 399 443 93 1 0 0 0 0 11 111 283 362 232 25 
0 36 252 443 266 27 0 0 2 111 381 427 103 0 0 0 0 0 17 121 270 352 228 36 
0 64 285 420 233 22 0 0 5 130 408 394 81 6 0 0 2 13 41 167 304 290 183 24 
1 54 182 235 200 108 126 118 31 155 249 272 139 105 51 22 292 185 160 149 121 77 37 3 
7 62 195 189 140 163 118 150 32 167 274 215 131 100 73 32 455 236 146 97 54 29 7 0 
9 76 132 172 156 176 150 153 38 139 273 188 163 119 75 29 527 231 138 80 34 13 1 0 
10 41 112 190 197 191 158 125 43 166 227 224 161 115 62 26 535 234 128 71 42 13 1 0 
18 121 267 196 193 121 69 39 253 253 236 150 74 42 13 3 324 262 190 124 67 35 15 7 
9 129 273 259 186 100 49 19 325 319 230 77 39 21 6 7 227 299 240 129 77 34 17 1 
8 81 235 288 216 108 57 31 351 311 162 94 63 30 10 3 187 285 286 159 66 32 6 3 
4 62 159 267 191 141 120 80 351 370 161 89 48 5 0 0 226 223 306 152 62 37 16 2 
10 69 212 194 215 144 117 63 297 408 179 80 37 10 5 8 222 280 224 166 81 38 12 1 
7 88 203 204 132 113 124 153 209 266 192 136 81 84 43 13 177 321 270 133 86 28 6 3 
16 91 173 141 151 159 174 119 96 195 249 196 143 100 38 7 311 354 186 106 42 19 6 0 
40 150 302 140 86 94 153 59 17 125 288 293 176 90 26 9 444 362 152 51 14 1 0 0 
28 155 226 117 72 131 144 151 24 121 277 215 154 120 82 31 384 328 153 102 42 9 4 2 
67 305 236 103 78 78 96 61 24 258 263 220 134 72 48 5 500 326 129 55 8 6 0 0 
247 260 206 117 58 46 41 49 171 255 194 195 90 81 32 6 434 245 196 103 30 13 3 0 
345 294 155 111 73 39 7 0 292 264 188 115 86 56 19 4 531 188 123 87 66 25 4 0 
408 281 132 83 60 46 13 1 342 303 141 87 61 57 29 4 576 186 104 57 62 33 6 0 
213 392 196 123 61 29 8 2 189 412 182 126 64 36 12 3 438 272 143 99 46 17 8 1 
230 304 215 122 88 53 12 0 166 377 209 117 100 48 7 0 399 268 152 125 57 20 3 0 
154 256 231 178 133 55 16 1 54 270 256 183 145 80 32 4 331 223 186 139 94 43 7 1 
436 312 148 103 25 0 0 0 146 547 220 96 15 0 0 0 707 140 136 39 2 0 0 0 
499 401 87 27 8 2 0 0 115 687 173 33 13 3 0 0 868 116 33 6 1 0 0 0 
659 278 67 10 9 1 0 0 181 650 143 36 10 4 0 0 856 139 21 7 1 0 0 0 
449 222 121 99 72 38 22 1 613 275 71 33 16 8 6 2 717 188 61 30 12 9 5 2 
85 202 332 328 69 5 3 0 66 213 379 321 37 3 4 1 150 167 199 215 145 108 37 3 
35 234 372 319 62 2 0 0 6 219 450 299 49 1 0 0 141 187 200 195 160 119 22 0 
27 224 340 328 104 1 0 0 11 245 402 313 53 0 0 0 114 141 197 215 185 118 51 3 
21 204 381 318 94 6 0 0 6 183 461 320 54 0 0 0 112 165 189 210 167 114 61 6 
25 168 350 341 130 10 0 0 3 164 445 347 65 0 0 0 87 114 149 228 216 153 72 5 
0 105 356 407 143 13 0 0 4 123 418 390 85 4 0 0 11 57 162 245 248 189 93 19 
17 120 273 378 216 20 0 0 9 148 371 381 114 1 0 0 30 86 128 193 247 201 116 23 
30 135 300 360 179 20 0 0 29 168 391 327 106 3 0 0 16 63 132 233 230 206 120 24 
140 349 242 150 69 58 15 1 51 253 356 183 113 38 30 0 454 250 153 91 47 26 2 1 
67 212 246 219 101 59 60 60 12 176 294 264 145 72 41 20 507 273 150 65 26 3 0 0 
117 360 274 148 47 38 20 20 23 250 371 219 109 21 19 12 568 252 111 43 36 13 1 0 
64 346 286 195 75 36 17 5 8 200 354 270 133 34 20 5 537 259 140 54 23 10 1 0 
71 334 304 159 108 45 3 0 48 204 329 238 114 72 17 2 438 284 142 104 48 7 1 0 
72 414 259 151 66 31 30 1 11 191 373 222 133 48 30 16 447 289 139 73 39 30 7 0 
36 347 286 187 102 42 24 0 82 249 375 173 81 30 25 9 365 290 195 101 41 27 5 0 
66 298 347 163 80 30 19 21 94 280 327 179 95 33 10 6 312 371 171 85 42 17 15 11 
48 245 335 195 107 52 32 10 61 222 328 211 115 53 27 7 329 301 183 118 50 25 15 3 
60 330 287 189 104 42 12 0 46 245 317 232 108 51 21 4 384 307 165 93 56 19 0 0 
53 254 256 234 122 35 24 46 28 218 274 231 137 82 30 24 368 259 194 117 40 17 16 13 
19 208 355 257 122 53 8 2 2 59 263 354 204 111 24 7 345 336 189 116 30 6 2 0 
4 158 310 253 114 48 58 79 0 30 240 346 217 90 74 27 315 343 207 101 38 19 1 0 
40 264 258 192 97 67 44 62 5 118 290 276 162 76 39 58 395 246 164 86 58 23 29 23 
34 247 263 208 133 86 41 12 3 92 270 286 196 115 48 14 172 267 250 174 105 45 10 1 
42 289 274 197 125 72 20 5 0 110 311 248 190 97 56 12 124 323 228 184 95 56 12 2 
67 246 230 209 158 84 27 3 10 123 254 225 216 124 57 15 136 250 238 186 124 71 17 2 
113 211 253 202 133 77 35 0 52 157 218 228 181 119 51 18 204 250 197 182 104 63 22 2 
39 204 271 225 170 93 22 0 3 97 263 255 193 149 58 6 89 246 256 203 153 71 6 0 
137 314 243 160 94 57 18 1 10 288 276 198 129 77 38 8 270 290 203 136 72 48 5 0 
147 389 237 130 81 35 4 1 69 386 243 169 87 49 18 3 351 270 195 116 61 25 5 1 
326 561 78 51 8 0 0 0 356 552 80 34 2 0 0 0 812 133 57 21 1 0 0 0 
504 370 132 16 2 0 0 0 547 344 110 19 4 0 0 0 777 210 37 0 0 0 0 0 
590 66 68 92 125 83 0 0 599 76 86 108 151 4 0 0 589 41 32 71 173 77 40 1 
170 225 229 212 164 21 3 0 134 221 298 259 86 24 2 0 293 166 86 97 130 152 87 13 
115 261 240 258 136 14 0 0 37 291 343 290 56 7 0 0 267 104 87 107 132 168 128 31 
106 220 225 281 172 20 0 0 33 252 321 328 77 11 2 0 259 123 60 74 111 212 156 29 
192 274 179 202 153 24 0 0 95 335 272 238 76 7 1 0 328 147 76 64 102 123 149 35 
181 239 212 215 161 16 0 0 75 312 286 281 69 1 0 0 290 146 92 58 86 153 159 40 
98 267 241 247 144 26 1 0 31 284 341 265 96 6 1 0 235 181 106 68 135 136 123 40 
91 299 218 218 161 37 0 0 13 280 340 276 103 12 0 0 264 180 90 89 114 125 113 49 
89 311 282 204 106 30 2 0 21 293 379 232 87 12 0 0 271 235 137 79 91 88 85 38 
191 344 228 134 79 38 9 1 77 347 266 195 89 37 10 3 470 217 91 83 52 56 40 15 
147 362 216 110 88 39 40 22 32 238 295 209 112 58 42 38 522 160 111 90 54 52 34 1 
415 451 89 31 19 10 8 1 101 564 185 85 57 16 10 6 744 133 43 45 41 11 6 1 
119 393 194 125 100 51 35 7 25 249 282 192 123 91 37 25 482 195 132 107 58 27 22 1 
155 296 191 175 89 76 38 4 71 198 234 198 143 93 59 28 425 212 161 88 81 45 12 0 
110 362 202 160 79 47 27 37 39 207 319 180 151 83 32 13 488 238 103 66 55 33 17 24 
91 319 201 131 105 76 83 18 17 139 305 171 132 107 85 68 371 210 121 97 87 80 57 1 
226 379 187 87 72 49 22 2 18 287 286 207 93 75 43 15 454 223 120 128 56 33 10 0 
97 327 207 116 116 98 60 3 51 237 267 163 94 107 75 30 348 242 112 112 116 78 14 2 
114 345 164 115 95 64 42 85 21 196 284 155 120 99 68 81 483 200 96 89 64 49 37 6 
57 334 226 132 86 78 59 52 1 165 300 199 122 103 62 72 438 209 128 100 65 57 27 0 
46 397 230 120 79 52 38 62 4 117 418 181 116 97 51 40 557 193 104 98 29 10 16 17 
117 359 211 166 77 63 30 1 1 181 299 199 182 82 65 15 378 236 161 98 103 46 2 0 
57 282 242 163 127 89 39 25 1 132 276 236 155 141 57 26 392 232 149 141 73 27 7 3 
144 374 213 142 72 45 33 1 30 250 332 172 123 51 49 17 422 253 143 98 51 49 8 0 
31 215 265 245 166 69 32 1 0 82 249 285 205 134 49 20 123 265 266 195 112 46 17 0 
40 276 274 195 133 81 24 1 1 103 290 261 179 110 66 14 219 291 195 161 108 41 9 0 
51 271 320 180 120 51 28 3 4 114 282 309 156 98 42 19 207 340 213 126 86 30 21 1 
66 250 233 204 146 104 20 1 1 141 245 225 203 123 77 9 134 270 226 190 128 63 13 0 
137 320 231 164 105 48 16 3 10 235 298 220 128 85 36 12 268 277 214 135 85 34 10 1 
271 341 162 95 92 45 16 2 91 419 161 151 78 73 43 8 440 209 153 95 71 43 12 1 
469 547 8 0 0 0 0 0 213 797 14 0 0 0 0 0 944 77 3 0 0 0 0 0 
677 336 9 2 0 0 0 0 435 576 10 3 0 0 0 0 960 55 8 1 0 0 0 0 
1 78 262 429 211 43 0 0 12 151 357 396 107 1 0 0 0 8 52 170 316 327 142 9 
0 60 324 434 196 10 0 0 6 150 401 400 65 2 0 0 1 5 40 171 283 292 189 43 
3 68 312 412 213 16 0 0 8 158 402 389 67 0 0 0 0 5 29 155 277 305 213 40 
2 103 315 360 232 12 0 0 8 174 383 367 92 0 0 0 4 14 72 199 276 255 168 36 
0 63 241 442 249 29 0 0 1 109 357 454 100 3 0 0 0 5 43 165 269 298 198 46 
1 86 272 385 255 25 0 0 7 157 335 394 124 7 0 0 1 5 45 184 280 239 221 49 
0 41 245 391 305 42 0 0 4 103 325 415 169 8 0 0 0 4 28 142 242 272 262 74 
3 81 256 348 271 60 2 3 3 131 295 402 175 14 3 1 3 31 84 169 227 244 185 81 
1 47 203 351 336 84 2 0 1 109 285 389 226 14 0 0 0 1 50 114 235 281 242 101 
1 29 205 328 350 103 8 0 5 80 278 394 238 27 2 0 0 4 21 119 195 298 270 117 
30 68 172 350 296 105 3 0 33 99 243 385 222 41 1 0 25 27 88 172 211 244 181 76 
64 73 102 193 187 212 72 121 60 77 132 227 214 156 43 115 72 54 80 116 238 192 156 116 
23 92 33 42 39 71 105 619 19 80 49 48 36 74 118 600 80 59 42 58 65 77 154 489 
27 121 79 84 47 38 59 569 19 105 86 91 55 33 66 569 82 125 75 59 32 36 92 523 
3 54 23 26 48 71 106 693 2 31 39 24 42 74 103 709 27 45 37 38 60 98 104 615 
104 230 76 34 28 52 85 415 44 262 90 43 28 44 87 426 250 130 50 29 46 73 114 332 
155 304 36 18 19 26 68 398 27 367 88 26 14 31 59 412 387 90 29 13 21 47 84 353 
97 368 69 41 36 43 41 329 6 359 133 60 32 46 41 347 285 219 48 36 40 41 41 314 
159 294 77 82 29 17 47 319 69 315 119 82 47 20 44 328 334 211 61 27 11 29 80 271 
25 153 179 99 58 77 70 363 19 121 179 112 87 65 89 352 215 169 93 69 62 59 64 293 
115 286 189 122 69 48 38 157 60 196 254 142 93 61 46 172 439 197 90 52 48 32 25 141 
245 410 98 44 42 36 27 122 33 469 217 58 42 43 35 127 591 153 50 42 30 27 28 103 
91 405 164 120 110 78 34 22 19 293 279 126 107 105 56 39 453 185 123 108 87 37 12 19 
280 318 136 118 59 49 62 2 239 315 175 99 76 32 58 30 492 225 117 73 49 61 6 1 
58 276 245 185 136 75 37 12 49 179 280 199 145 88 54 30 304 251 183 126 92 48 20 0 
241 360 195 99 71 41 14 3 187 315 243 119 76 48 28 8 507 250 121 73 51 16 6 0 
194 385 229 130 53 23 9 1 146 343 245 168 73 28 14 7 472 272 160 78 25 13 4 0 
127 316 251 161 110 41 14 4 39 230 271 188 166 86 34 10 290 301 167 147 79 35 5 0 
348 317 145 127 53 31 3 0 122 475 182 119 76 33 17 0 534 228 133 86 33 10 0 0 
170 421 207 113 64 34 15 0 104 409 250 121 71 39 24 6 450 281 142 90 39 20 2 0 
92 695 78 78 61 19 1 0 68 720 88 82 58 7 1 0 713 126 94 53 37 1 0 0 
226 776 19 3 0 0 0 0 133 865 22 4 0 0 0 0 925 90 7 2 0 0 0 0 
1 177 315 374 142 15 0 0 28 253 391 305 44 3 0 0 1 39 93 194 235 263 169 30 
3 137 308 351 205 20 0 0 25 225 368 345 61 0 0 0 0 11 41 149 258 316 214 35 
3 109 293 367 230 22 0 0 26 195 390 321 89 3 0 0 0 0 27 137 254 298 234 74 
0 72 248 383 278 42 1 0 10 167 340 399 101 7 0 0 0 0 3 83 254 295 287 102 
0 84 290 367 246 37 0 0 9 202 350 357 103 3 0 0 0 0 35 119 258 293 246 73 
0 62 249 351 311 51 0 0 8 145 324 403 137 7 0 0 0 1 21 114 218 258 312 100 
0 78 278 338 254 73 3 0 8 143 346 350 165 12 0 0 0 9 41 160 226 242 233 113 
0 58 235 366 277 83 5 0 1 142 290 397 175 19 0 0 0 13 40 142 232 245 233 119 
2 74 245 358 268 77 0 0 5 125 302 400 172 20 0 0 1 17 75 141 225 255 213 97 
15 113 224 293 283 92 4 0 14 169 275 337 202 26 1 0 4 42 81 149 189 232 234 93 
0 67 212 341 307 90 7 0 4 111 282 375 207 44 1 0 1 3 52 150 216 274 219 109 
13 106 194 278 314 109 9 1 7 107 230 344 276 56 4 0 20 70 91 141 216 205 183 98 
3 49 176 196 176 90 87 247 0 39 161 225 178 83 91 247 19 78 88 136 138 137 191 237 
0 13 89 95 107 77 76 567 0 0 57 109 103 95 87 573 12 70 93 94 75 68 120 492 
0 5 35 51 36 46 70 781 0 1 26 56 36 50 81 774 3 21 43 49 55 45 121 687 
0 1 15 41 58 75 116 718 0 0 8 33 62 82 123 716 1 13 42 70 71 96 187 544 
0 0 1 7 14 28 57 917 0 0 0 5 17 29 57 916 0 1 6 23 17 35 159 783 
0 14 64 39 50 39 111 707 0 1 57 51 42 52 105 716 4 58 46 37 51 89 151 588 
0 3 30 42 47 52 69 781 0 2 16 45 49 55 64 793 1 21 46 52 48 45 77 734 
0 10 78 80 62 87 134 573 0 2 56 89 71 93 149 564 5 60 88 73 89 117 166 426 
0 0 9 31 48 76 135 725 0 0 7 31 48 74 152 712 0 11 27 50 67 109 207 553 
0 18 65 35 37 40 61 768 0 17 46 52 39 42 63 765 11 58 40 46 30 42 116 681 
2 28 26 29 21 62 96 760 1 30 23 31 26 61 104 748 21 29 27 24 39 71 155 658 
12 77 43 46 34 162 128 522 18 81 49 40 46 194 97 499 61 63 44 44 163 83 129 437 
78 81 91 257 157 224 110 26 97 94 139 297 88 274 14 21 139 92 262 166 257 76 15 17 
106 115 72 264 284 177 4 2 119 113 146 396 211 37 0 2 186 82 316 277 158 3 0 2 
85 87 81 178 112 478 3 0 98 90 128 187 352 169 0 0 144 96 196 120 467 1 0 0 
134 145 118 178 82 362 5 0 121 160 181 170 245 147 0 0 224 132 223 85 360 0 0 0 
300 120 139 165 78 221 1 0 287 155 151 154 199 78 0 0 365 169 177 89 224 0 0 0 
232 188 156 360 85 2 0 1 262 185 269 287 18 2 0 1 314 188 355 162 4 0 1 0 
236 222 277 228 44 14 3 0 258 233 330 150 40 10 3 0 327 293 300 74 23 5 2 0 
292 567 57 47 48 13 0 0 256 609 61 45 46 7 0 0 800 93 45 48 36 2 0 0 
17 182 318 323 173 11 0 0 70 263 337 287 64 3 0 0 0 19 76 180 289 242 172 46 
9 188 335 353 124 15 0 0 41 242 385 290 65 1 0 0 0 18 83 232 278 250 132 31 
20 250 287 293 152 22 0 0 57 304 307 269 87 0 0 0 1 30 111 227 234 230 154 37 
9 127 339 342 187 20 0 0 10 235 370 323 83 3 0 0 25 37 76 163 248 227 196 52 
36 217 316 280 149 25 1 0 42 272 337 280 88 5 0 0 3 53 122 254 190 210 150 42 
39 203 311 310 138 23 0 0 30 271 349 285 85 4 0 0 36 56 112 227 250 201 104 38 
44 237 267 252 181 42 1 0 36 303 284 286 109 6 0 0 24 88 163 202 196 170 136 45 
3 120 266 343 232 57 3 0 10 195 300 355 150 14 0 0 5 12 91 185 229 239 181 82 
9 120 250 342 230 69 4 0 11 155 304 341 180 30 3 0 6 52 103 202 251 188 148 74 
17 230 251 242 195 84 5 0 13 260 281 269 163 36 1 1 13 102 167 159 188 159 148 88 
22 215 263 253 200 63 8 0 7 231 305 270 177 32 2 0 56 99 132 207 167 170 130 63 
7 138 249 272 207 60 17 74 4 92 287 319 194 40 16 72 60 128 162 178 162 139 86 109 
1 24 88 78 67 88 110 568 0 18 65 97 71 89 133 551 17 61 95 105 81 88 179 398 
2 101 154 96 61 62 108 440 0 27 159 136 75 59 127 441 73 174 103 63 59 82 147 323 
0 3 10 29 64 77 102 739 0 0 6 22 58 82 107 749 1 9 31 64 73 78 176 592 
0 19 100 83 54 44 88 636 0 3 68 109 65 52 79 648 15 111 74 46 45 64 132 537 
1 67 109 89 82 65 59 552 0 16 118 98 84 80 62 566 49 110 94 83 54 56 113 465 
24 202 145 96 86 82 111 278 18 173 197 109 107 74 104 242 208 198 112 84 73 67 99 183 
1 15 25 27 57 122 233 544 70 211 204 114 74 42 63 246 214 274 111 64 51 46 79 185 
5 49 54 49 57 82 152 576 79 234 179 105 80 61 35 251 244 226 109 80 58 40 55 212 
3 46 57 51 48 68 150 601 58 300 214 113 57 31 22 229 315 262 114 43 31 25 44 190 
0 33 60 49 70 95 129 588 7 63 129 132 92 87 105 409 98 151 87 106 68 74 163 277 
162 298 119 82 74 59 49 181 50 333 155 102 91 73 64 156 412 157 99 85 51 39 47 134 
261 222 168 147 102 43 29 52 132 272 179 150 124 84 26 57 412 208 160 100 49 36 23 36 
205 179 115 141 170 123 55 36 174 168 162 183 148 90 59 40 301 177 157 158 111 68 23 29 
0 0 31 187 263 532 11 0 0 3 70 329 378 244 0 0 0 8 122 345 547 2 0 0 
0 2 14 88 148 764 8 0 0 4 22 172 491 335 0 0 0 7 70 166 779 2 0 0 
12 10 25 29 48 899 1 0 12 17 24 50 606 315 0 0 12 20 35 46 904 7 0 0 
307 58 53 62 101 438 5 0 333 45 52 85 303 206 0 0 312 76 70 100 439 27 0 0 
94 32 58 239 118 482 1 0 99 34 123 242 415 111 0 0 103 51 197 183 488 2 0 0 
91 18 42 68 33 771 1 0 98 18 53 59 681 114 1 0 96 38 57 52 777 4 0 0 
200 209 10 7 11 586 1 0 190 223 8 8 560 35 0 0 393 24 8 10 584 5 0 0 
78 312 330 243 57 4 0 0 119 336 352 190 25 2 0 0 16 116 217 230 198 181 59 7 
95 289 320 241 73 5 1 0 86 321 344 226 41 6 0 0 27 150 223 217 216 127 56 8 
149 337 305 161 65 7 0 0 141 379 315 153 34 2 0 0 69 149 215 263 161 105 46 16 
97 301 285 225 110 6 0 0 38 323 346 241 75 1 0 0 132 198 191 170 125 106 84 18 
53 204 223 191 110 41 61 141 36 243 251 199 82 41 67 105 151 140 203 188 146 108 70 18 
205 311 241 178 81 8 0 0 108 390 267 198 59 2 0 0 251 177 169 163 104 91 57 12 
15 124 241 259 130 57 66 132 14 159 255 267 117 67 84 61 162 111 157 184 185 127 73 25 
29 196 239 210 111 59 70 110 16 223 251 219 106 71 84 54 184 185 210 193 137 79 28 8 
54 176 185 151 80 40 81 257 24 190 202 157 89 82 99 181 363 225 145 117 96 40 33 5 
53 249 223 178 99 42 44 136 10 231 266 203 98 48 56 112 298 209 164 122 103 72 40 16 
4 81 152 134 103 89 94 367 1 77 147 145 122 91 101 340 198 162 178 158 115 62 56 95 
11 92 118 100 94 119 145 345 2 77 112 121 123 149 134 306 249 162 155 121 96 80 72 89 
18 69 118 123 103 96 125 372 3 41 104 137 134 120 132 353 118 160 152 129 95 78 118 174 
0 6 67 45 69 53 91 693 0 0 42 59 62 73 111 677 17 79 69 70 59 61 158 511 
0 10 16 45 60 48 91 754 0 3 16 31 60 60 103 751 6 20 39 60 72 72 157 598 
1 36 74 73 76 103 155 506 0 13 65 81 81 131 166 487 22 81 70 103 112 117 155 364 
2 27 61 51 60 51 140 632 1 15 48 56 71 63 155 615 26 67 48 58 59 97 196 473 
33 164 111 96 128 69 81 342 15 142 118 108 124 100 85 332 178 125 124 120 63 66 89 259 
56 157 175 192 173 138 69 64 178 255 225 154 115 67 24 6 472 259 139 94 46 12 1 1 
32 126 102 76 86 98 163 341 232 375 213 126 46 23 9 0 516 280 143 58 22 5 0 0 
6 66 60 72 92 127 193 408 231 365 224 118 63 17 6 0 514 307 118 61 17 7 0 0 
3 16 18 33 51 88 186 629 187 344 254 149 57 25 6 2 505 285 154 60 15 5 0 0 
103 104 39 34 53 114 238 339 390 340 195 74 13 9 3 0 609 291 82 23 14 3 2 0 
190 178 164 221 74 37 37 123 268 242 295 178 35 5 1 0 406 245 275 89 7 2 0 0 
404 129 212 169 73 35 2 0 426 156 231 130 51 29 1 0 457 184 217 109 44 12 1 0 
560 128 143 118 60 14 1 0 562 163 148 90 53 7 1 0 625 144 132 79 40 3 1 0 
538 287 83 59 41 16 0 0 528 329 55 63 43 6 0 0 720 165 33 69 36 1 0 0 
626 263 64 38 30 3 0 0 678 244 55 34 12 1 0 0 845 89 51 29 10 0 0 0 
501 341 35 24 104 19 0 0 477 353 47 87 52 8 0 0 705 163 26 108 22 0 0 0 
489 14 10 55 203 253 0 0 494 10 15 136 345 24 0 0 497 12 58 203 254 0 0 0 
165 12 14 32 242 556 3 0 168 11 14 104 655 69 3 0 172 12 28 263 545 4 0 0 
263 21 15 17 90 618 0 0 270 18 18 38 674 6 0 0 268 20 22 67 644 3 0 0 
523 358 118 22 3 0 0 0 367 466 154 29 8 0 0 0 569 264 144 37 9 1 0 0 
498 239 85 38 32 20 41 71 322 391 113 59 17 35 67 20 642 202 91 42 27 16 3 1 
347 235 155 124 78 34 25 26 251 315 188 133 71 35 25 6 626 191 90 52 35 17 12 1 
247 206 162 101 88 83 68 69 146 278 212 109 101 78 68 32 688 127 83 68 44 11 2 1 
236 273 190 151 65 38 25 46 142 356 242 126 55 44 29 30 733 151 74 31 28 7 0 0 
291 208 183 178 71 55 29 9 188 275 268 141 87 45 17 3 836 113 43 26 5 1 0 0 
128 183 221 208 75 68 71 70 41 237 253 216 85 77 73 42 710 166 81 42 13 9 3 0 
159 210 213 276 51 31 38 46 52 264 311 209 74 39 48 27 671 164 98 60 25 6 0 0 
30 108 136 321 143 113 84 89 13 114 216 315 143 88 62 73 701 124 90 60 31 18 0 0 
56 169 172 282 102 41 63 139 10 157 268 276 83 63 64 103 698 159 89 57 19 2 0 0 
35 173 171 167 133 98 88 159 11 132 227 210 121 86 126 111 557 190 86 71 60 48 12 0 
66 196 146 137 118 90 75 196 5 173 183 175 147 93 77 171 477 174 115 102 78 52 23 3 
30 149 128 137 105 103 108 264 3 129 157 173 116 116 100 230 516 135 110 86 61 66 41 9 
62 195 180 146 111 87 95 148 1 115 211 183 152 114 124 124 388 174 141 105 69 60 59 28 
40 182 177 157 135 86 108 139 1 96 219 234 116 109 117 132 433 161 84 90 72 70 87 27 
8 60 48 40 34 69 130 635 0 19 81 45 40 79 139 621 54 60 47 38 52 107 175 491 
10 44 108 174 181 91 97 319 3 43 86 144 210 114 109 315 39 77 92 147 195 125 113 236 
14 121 105 103 89 189 119 284 0 78 111 109 141 176 129 280 134 111 108 104 133 111 99 224 
59 105 105 103 120 133 113 286 32 178 142 121 134 108 68 241 231 147 120 120 85 62 64 195 
70 205 218 192 116 90 63 70 241 268 185 123 112 62 32 1 494 181 166 108 60 14 1 0 
147 210 165 164 87 73 74 104 367 317 137 98 62 24 16 3 593 237 105 49 21 16 3 0 
31 114 177 173 79 76 135 239 472 251 153 93 45 8 2 0 614 205 117 70 15 3 0 0 
25 78 115 179 103 102 160 262 433 282 166 86 34 14 7 2 554 247 154 43 22 2 2 0 
55 86 99 111 119 142 183 229 358 286 191 119 43 17 10 0 490 290 139 59 30 13 3 0 
363 376 58 25 12 22 37 131 485 386 85 37 17 12 2 0 750 179 52 21 13 6 3 0 
14 888 62 13 6 12 19 10 52 930 30 12 0 0 0 0 813 188 22 1 0 0 0 0 
2 893 118 9 2 0 0 0 25 864 124 10 1 0 0 0 849 161 13 1 0 0 0 0 
9 929 70 13 3 0 0 0 46 910 57 11 0 0 0 0 914 103 7 0 0 0 0 0 
11 920 93 0 0 0 0 0 76 873 75 0 0 0 0 0 848 172 4 0 0 0 0 0 
114 819 89 2 0 0 0 0 186 829 7 2 0 0 0 0 973 49 2 0 0 0 0 0 
442 535 47 0 0 0 0 0 588 430 6 0 0 0 0 0 971 53 0 0 0 0 0 0 
901 123 0 0 0 0 0 0 944 80 0 0 0 0 0 0 1024 0 0 0 0 0 0 0 
559 396 67 2 0 0 0 0 529 459 31 5 0 0 0 0 985 31 8 0 0 0 0 0 
696 207 121 0 0 0 0 0 691 259 74 0 0 0 0 0 1018 5 1 0 0 0 0 0 
555 284 155 19 8 2 1 0 540 334 113 21 9 6 1 0 956 26 24 10 7 1 0 0 
383 306 306 25 3 1 0 0 352 363 268 28 11 2 0 0 951 37 21 11 3 1 0 0 
432 252 307 28 5 0 0 0 357 374 258 23 7 5 0 0 943 41 25 10 5 0 0 0 
597 160 199 64 4 0 0 0 541 236 222 20 5 0 0 0 969 33 15 5 2 0 0 0 
465 163 266 129 0 1 0 0 459 208 349 7 0 1 0 0 1010 12 1 1 0 0 0 0 
469 233 273 37 11 1 0 0 330 417 252 8 15 2 0 0 951 47 8 16 2 0 0 0 
386 196 276 163 3 0 0 0 298 312 337 74 3 0 0 0 963 46 11 4 0 0 0 0 
449 178 240 156 1 0 0 0 346 312 287 78 1 0 0 0 986 34 3 1 0 0 0 0 
147 187 340 324 15 9 2 0 108 255 434 201 16 7 3 0 958 41 12 7 4 2 0 0 
324 150 210 324 13 2 1 0 236 230 309 241 4 2 2 0 970 34 13 3 3 1 0 0 
355 259 214 185 9 2 0 0 216 383 278 128 16 1 2 0 918 76 24 3 3 0 0 0 
446 164 180 192 29 12 1 0 429 242 196 126 14 9 7 1 947 44 9 6 11 6 1 0 
150 205 386 215 51 9 7 1 514 210 131 123 20 13 8 5 918 50 24 11 14 5 2 0 
273 309 232 115 49 34 9 3 482 226 119 78 57 39 16 7 733 109 74 51 39 15 3 0 
153 263 349 105 40 36 28 50 518 256 79 40 25 27 31 48 735 110 52 25 25 18 29 30 
344 288 184 120 23 13 13 39 604 238 61 28 21 21 13 38 813 84 36 22 18 11 11 29 
197 316 343 98 18 18 8 26 749 184 44 27 9 6 4 1 890 84 29 10 7 3 1 0 
106 180 285 272 56 35 49 41 800 124 49 27 13 8 3 0 864 100 27 20 11 1 1 0 
179 270 281 125 60 63 30 16 742 203 39 26 9 5 0 0 868 103 36 10 6 1 0 0 
256 235 316 138 59 14 5 1 906 83 17 7 5 4 2 0 951 51 7 6 5 4 0 0 
161 212 326 126 20 23 70 86 758 127 74 46 14 5 0 0 844 101 54 18 7 0 0 0 
103 202 203 194 87 71 100 64 757 156 72 28 6 4 0 1 787 163 60 9 4 0 1 0 
33 104 93 76 77 106 173 362 357 281 187 127 55 12 5 0 500 279 135 68 35 6 1 0 
12 255 129 86 82 108 150 202 342 458 147 59 14 4 0 0 692 221 85 22 4 0 0 0 
8 311 91 58 56 67 171 262 431 493 71 26 2 1 0 0 853 142 25 3 1 0 0 0 
4 863 47 15 14 18 14 49 135 807 37 34 11 0 0 0 919 70 24 11 0 0 0 0 
3 954 20 8 7 13 7 12 96 913 13 2 0 0 0 0 1007 14 1 2 0 0 0 0 
1 1023 0 0 0 0 0 0 178 846 0 0 0 0 0 0 1024 0 0 0 0 0 0 0 
3 1021 0 0 0 0 0 0 285 739 0 0 0 0 0 0 1024 0 0 0 0 0 0 0 
43 981 0 0 0 0 0 0 468 556 0 0 0 0 0 0 1024 0 0 0 0 0 0 0 
991 32 1 0 0 0 0 0 972 52 0 0 0 0 0 0 1024 0 0 0 0 0 0 0 
552 323 149 0 0 0 0 0 563 383 78 0 0 0 0 0 1023 1 0 0 0 0 0 0 
979 39 6 0 0 0 0 0 939 82 3 0 0 0 0 0 1022 2 0 0 0 0 0 0 
611 162 243 8 0 0 0 0 621 220 183 0 0 0 0 0 1018 6 0 0 0 0 0 0 
550 213 250 11 0 0 0 0 554 279 191 0 0 0 0 0 1008 14 2 0 0 0 0 0 
743 132 149 0 0 0 0 0 742 139 143 0 0 0 0 0 1015 7 2 0 0 0 0 0 
584 165 262 13 0 0 0 0 587 181 251 5 0 0 0 0 1019 5 0 0 0 0 0 0 
582 88 207 147 0 0 0 0 591 110 286 37 0 0 0 0 1024 0 0 0 0 0 0 0 
535 146 203 96 7 21 16 0 512 212 230 28 27 14 1 0 998 26 0 0 0 0 0 0 
352 182 323 88 24 37 18 0 767 56 81 61 46 13 0 0 945 38 36 5 0 0 0 0 
343 102 92 142 71 92 72 110 359 117 176 98 93 60 82 39 943 57 20 2 2 0 0 0 
764 102 46 19 23 34 28 8 816 159 42 6 1 0 0 0 966 41 15 1 1 0 0 0 
320 133 62 61 94 131 140 83 745 197 52 22 6 2 0 0 902 86 28 7 1 0 0 0 
454 173 111 104 41 65 38 38 641 210 127 45 1 0 0 0 899 90 33 2 0 0 0 0 
338 187 63 44 88 164 96 44 869 114 32 9 0 0 0 0 894 106 21 3 0 0 0 0 
285 162 147 103 129 110 54 34 788 169 45 19 3 0 0 0 857 125 32 10 0 0 0 0 
104 71 38 64 223 401 100 23 847 141 28 5 3 0 0 0 921 84 13 5 1 0 0 0 
216 168 164 97 116 116 89 58 739 159 73 38 13 2 0 0 776 148 63 32 4 1 0 0 
72 85 120 70 97 207 198 175 590 243 106 65 15 3 2 0 682 213 91 31 5 2 0 0 
239 148 80 78 85 71 179 144 574 208 125 79 27 10 1 0 696 170 98 42 15 2 1 0 
239 106 77 76 84 116 166 160 566 250 104 61 34 8 1 0 695 172 104 40 11 2 0 0 
186 96 70 91 98 153 170 160 619 199 98 66 24 10 7 1 702 195 77 37 12 1 0 0 
231 117 70 78 93 127 132 176 529 250 123 63 30 23 5 1 726 159 68 52 16 2 1 0 
116 97 88 73 76 78 164 332 402 245 199 131 39 4 3 1 605 211 144 49 12 2 1 0 
40 93 59 77 94 153 196 312 433 291 180 92 27 1 0 0 659 240 91 30 4 0 0 0 
24 144 124 104 96 141 144 247 432 322 176 59 24 7 4 0 655 213 105 35 16 0 0 0 
4 51 53 68 82 210 268 288 426 332 121 70 37 23 14 1 649 231 94 37 11 2 0 0 
19 56 53 52 118 227 270 229 566 271 117 51 14 5 0 0 794 163 51 9 7 0 0 0 
5 83 72 60 137 189 211 267 459 321 130 80 29 5 0 0 652 227 100 37 6 2 0 0 
19 720 40 26 34 34 55 96 361 586 53 11 9 3 1 0 932 62 16 7 7 0 0 0 
14 1010 0 0 0 0 0 0 622 402 0 0 0 0 0 0 1024 0 0 0 0 0 0 0 
112 912 0 0 0 0 0 0 804 220 0 0 0 0 0 0 1024 0 0 0 0 0 0 0 
761 86 105 68 4 0 0 0 754 141 118 11 0 0 0 0 1023 1 0 0 0 0 0 0 
942 35 33 10 4 0 0 0 939 47 32 6 0 0 0 0 1024 0 0 0 0 0 0 0 
853 138 33 0 0 0 0 0 835 167 22 0 0 0 0 0 1020 4 0 0 0 0 0 0 
1007 17 0 0 0 0 0 0 995 29 0 0 0 0 0 0 1024 0 0 0 0 0 0 0 
783 27 28 41 66 62 15 2 782 32 50 53 82 20 5 0 988 35 1 0 0 0 0 0 
634 155 57 153 23 2 0 0 601 175 130 108 8 2 0 0 1005 17 2 0 0 0 0 0 
678 125 75 46 65 35 0 0 660 163 66 76 52 7 0 0 997 26 1 0 0 0 0 0 
158 66 71 302 254 137 33 3 173 87 200 309 202 48 5 0 970 47 7 0 0 0 0 0 
582 68 35 72 78 92 89 8 582 70 70 88 116 84 14 0 948 58 12 5 1 0 0 0 
499 74 61 62 169 128 27 4 465 101 71 171 176 35 5 0 762 90 64 66 40 2 0 0 
575 134 63 46 44 58 62 42 627 249 92 41 14 1 0 0 844 110 53 12 5 0 0 0 
126 57 48 102 202 262 116 111 676 204 68 47 19 7 3 0 782 133 60 29 10 10 0 0 
181 137 105 112 134 188 112 55 670 201 82 38 19 9 5 0 776 149 62 25 7 5 0 0 
88 84 62 88 116 192 217 177 655 213 98 31 20 7 0 0 772 174 49 22 6 1 0 0 
224 114 86 128 142 127 97 106 596 237 107 56 21 7 0 0 742 155 105 19 3 0 0 0 
188 125 101 81 90 107 142 190 498 264 134 87 26 11 4 0 684 204 94 30 10 2 0 0 
132 70 49 213 241 163 82 74 781 137 73 21 12 0 0 0 859 126 26 10 3 0 0 0 
278 104 80 125 162 113 81 81 678 196 76 38 26 9 1 0 748 180 40 42 13 1 0 0 
282 137 103 112 151 102 60 77 733 158 89 39 5 0 0 0 804 140 63 16 1 0 0 0 
97 48 30 56 142 192 239 220 633 260 88 36 7 0 0 0 785 182 48 9 0 0 0 0 
19 22 76 115 175 205 227 185 530 244 153 63 17 9 8 0 665 231 85 25 12 4 2 0 
217 128 107 99 101 174 144 54 509 300 139 53 19 3 1 0 703 209 82 28 2 0 0 0 
76 58 59 59 115 214 261 182 483 314 145 62 14 5 1 0 607 266 99 41 11 0 0 0 
24 45 58 116 106 181 259 235 479 254 147 94 41 9 0 0 630 226 118 44 6 0 0 0 
170 109 78 101 111 148 190 117 499 303 126 58 26 11 1 0 747 180 63 25 8 1 0 0 
126 105 90 86 79 153 229 156 512 264 133 75 31 9 0 0 730 201 51 32 10 0 0 0 
106 149 130 80 92 127 127 213 552 228 151 60 26 6 1 0 734 190 65 27 8 0 0 0 
211 176 159 144 130 106 70 28 471 291 127 95 36 4 0 0 672 218 99 28 7 0 0 0 
218 155 137 152 146 155 52 9 705 167 54 56 28 11 3 0 818 118 48 27 12 1 0 0 
174 297 118 107 93 110 83 42 548 322 83 54 14 3 0 0 795 165 42 20 2 0 0 0 
38 314 117 84 121 146 127 77 545 347 82 36 12 2 0 0 784 179 43 14 4 0 0 0 
145 604 23 47 58 57 48 42 752 213 49 10 0 0 0 0 916 95 13 0 0 0 0 0 
466 78 69 100 214 71 23 3 450 111 95 243 94 25 6 0 981 39 4 0 0 0 0 0 
857 40 32 55 36 4 0 0 846 61 46 58 13 0 0 0 1009 15 0 0 0 0 0 0 
763 97 73 55 30 6 0 0 705 169 66 63 20 1 0 0 971 47 6 0 0 0 0 0 
575 114 112 129 58 28 8 0 588 122 118 124 55 16 1 0 936 76 12 0 0 0 0 0 
95 61 125 287 339 103 14 0 97 96 218 427 163 23 0 0 994 30 0 0 0 0 0 0 
531 166 123 93 45 54 12 0 441 281 147 65 73 17 0 0 966 53 5 0 0 0 0 0 
615 97 43 71 88 83 26 1 552 150 74 107 106 31 4 0 950 64 10 0 0 0 0 0 
596 195 122 60 48 3 0 0 459 301 161 86 16 1 0 0 931 88 5 0 0 0 0 0 
644 192 116 39 33 0 0 0 552 221 148 81 21 1 0 0 835 150 39 0 0 0 0 0 
572 154 109 113 49 17 10 0 673 138 106 78 29 0 0 0 776 144 75 29 0 0 0 0 
538 136 89 75 63 53 46 24 693 206 81 42 2 0 0 0 817 138 56 12 1 0 0 0 
394 151 124 95 99 78 50 33 607 210 134 53 19 1 0 0 719 169 89 41 6 0 0 0 
50 78 38 74 278 348 121 37 797 168 31 13 8 4 3 0 894 94 19 5 6 6 0 0 
254 152 103 91 87 124 105 108 607 204 121 50 38 4 0 0 742 167 71 36 7 1 0 0 
374 148 124 68 68 80 96 66 639 229 101 35 10 7 3 0 803 140 47 21 10 3 0 0 
67 126 118 118 153 187 190 65 684 228 87 23 2 0 0 0 757 203 52 11 1 0 0 0 
186 160 203 214 160 65 28 8 760 151 58 25 26 4 0 0 823 132 42 25 2 0 0 0 
348 151 241 196 77 11 0 0 778 129 50 30 26 10 1 0 855 88 40 27 11 3 0 0 
398 221 122 120 98 51 14 0 634 232 107 42 7 2 0 0 772 182 54 13 2 1 0 0 
488 176 68 103 88 61 32 8 687 193 59 34 26 22 3 0 823 108 42 40 9 2 0 0 
316 166 109 126 129 113 51 14 478 276 115 61 55 35 4 0 615 239 77 57 33 3 0 0 
57 111 210 272 256 95 20 3 817 141 32 18 12 4 0 0 844 128 35 13 4 0 0 0 
299 191 135 135 105 75 45 39 634 195 117 53 19 6 0 0 758 171 78 11 6 0 0 0 
29 58 79 155 254 311 94 44 744 152 70 40 15 3 0 0 800 145 56 20 3 0 0 0 
282 164 117 94 124 108 80 55 592 260 103 40 18 10 1 0 733 211 48 21 10 1 0 0 
156 120 131 104 193 189 96 35 589 193 107 44 30 51 10 0 705 163 64 42 46 4 0 0 
186 131 129 136 175 137 80 50 655 159 101 77 30 2 0 0 749 142 93 38 2 0 0 0 
519 186 79 67 62 37 47 27 364 552 87 17 4 0 0 0 410 530 84 0 0 0 0 0 
728 186 85 20 5 0 0 0 596 256 104 53 14 1 0 0 806 155 55 8 0 0 0 0 
307 180 161 136 143 69 27 1 664 231 67 45 13 3 1 0 808 157 46 11 1 1 0 0 
280 166 104 101 89 139 103 42 594 227 124 54 22 3 0 0 709 210 83 19 2 1 0 0 
454 267 101 84 75 27 14 2 802 118 61 36 7 0 0 0 866 106 42 10 0 0 0 0 
572 95 96 114 113 32 2 0 562 138 139 117 58 10 0 0 964 54 6 0 0 0 0 0 
664 72 59 66 66 74 22 1 659 97 65 74 80 46 3 0 921 94 7 2 0 0 0 0 
475 72 58 149 130 109 30 1 478 92 107 159 133 50 5 0 971 47 6 0 0 0 0 0 
445 98 95 97 181 105 3 0 437 121 99 183 168 16 0 0 954 62 8 0 0 0 0 0 
103 70 142 339 303 67 0 0 104 98 236 442 127 17 0 0 969 46 9 0 0 0 0 0 
463 111 82 232 134 2 0 0 391 166 172 272 23 0 0 0 952 66 6 0 0 0 0 0 
348 127 73 198 204 50 20 4 285 189 149 279 86 28 6 2 943 65 8 7 1 0 0 0 
840 146 21 9 5 3 0 0 747 187 75 13 2 0 0 0 895 114 13 2 0 0 0 0 
686 81 65 102 48 31 11 0 643 139 99 74 51 15 3 0 952 58 12 2 0 0 0 0 
449 106 82 112 119 122 34 0 702 124 18 30 94 51 5 0 927 85 11 1 0 0 0 0 
295 94 96 84 56 91 122 186 381 113 63 71 89 101 132 74 745 158 89 32 0 0 0 0 
243 90 107 109 154 177 95 49 623 237 100 44 15 5 0 0 774 172 66 12 0 0 0 0 
252 134 83 78 119 178 116 64 682 237 77 26 2 0 0 0 826 155 39 4 0 0 0 0 
65 77 69 82 183 232 177 139 563 268 121 46 15 5 6 0 744 177 70 21 6 5 1 0 
175 142 87 102 124 173 114 107 505 254 130 78 37 19 1 0 644 204 104 49 18 5 0 0 
453 139 89 69 87 99 57 31 743 162 87 22 7 3 0 0 818 151 41 10 4 0 0 0 
272 181 152 107 145 106 45 16 623 192 146 55 8 0 0 0 740 190 80 14 0 0 0 0 
53 107 134 228 267 177 56 2 775 204 39 3 3 0 0 0 836 169 16 3 0 0 0 0 
255 190 198 202 131 39 7 2 957 64 3 0 0 0 0 0 965 51 6 2 0 0 0 0 
84 115 253 398 128 39 6 1 869 112 35 6 2 0 0 0 911 104 7 2 0 0 0 0 
200 150 115 153 245 150 9 2 741 209 60 13 1 0 0 0 803 195 23 3 0 0 0 0 
333 210 113 99 184 56 25 4 717 227 71 8 1 0 0 0 857 140 24 3 0 0 0 0 
449 248 193 77 39 16 2 0 720 175 99 29 1 0 0 0 780 179 62 3 0 0 0 0 
467 124 111 140 121 51 10 0 746 166 54 26 27 5 0 0 831 132 39 19 3 0 0 0 
674 117 82 73 56 22 0 0 646 215 71 41 29 16 6 0 796 132 63 21 10 2 0 0 
566 144 82 89 114 29 0 0 768 175 48 14 6 13 0 0 867 125 15 14 3 0 0 0 
623 149 148 81 17 5 1 0 511 190 125 126 58 10 4 0 684 152 143 35 7 3 0 0 
854 120 26 22 2 0 0 0 806 125 58 26 9 0 0 0 892 93 27 12 0 0 0 0 
771 161 72 17 3 0 0 0 774 172 57 19 2 0 0 0 883 112 28 1 0 0 0 0 
823 163 37 1 0 0 0 0 599 340 61 24 0 0 0 0 900 96 28 0 0 0 0 0 
664 288 56 15 1 0 0 0 470 342 180 27 5 0 0 0 798 192 31 3 0 0 0 0 
685 147 111 61 17 3 0 0 632 172 102 69 44 5 0 0 733 153 100 29 9 0 0 0 
691 65 115 140 13 0 0 0 677 76 207 64 0 0 0 0 1000 22 2 0 0 0 0 0 
845 82 47 47 3 0 0 0 807 120 71 25 1 0 0 0 999 25 0 0 0 0 0 0 
447 121 108 190 148 10 0 0 390 213 162 216 42 1 0 0 974 49 1 0 0 0 0 0 
230 70 107 269 288 53 7 0 251 87 189 400 83 14 0 0 985 36 3 0 0 0 0 0 
741 82 52 63 78 8 0 0 726 126 63 87 22 0 0 0 998 26 0 0 0 0 0 0 
646 74 76 108 47 62 11 0 624 135 104 64 73 22 2 0 969 45 7 3 0 0 0 0 
136 64 81 122 154 355 110 2 146 73 117 195 406 83 4 0 993 27 4 0 0 0 0 0 
234 63 49 46 124 279 147 82 231 63 67 140 266 141 102 14 814 143 63 4 0 0 0 0 
85 95 72 155 322 210 51 34 71 122 161 289 259 75 42 5 909 83 26 6 0 0 0 0 
11 50 35 44 152 468 228 36 19 48 67 168 477 200 45 0 954 65 3 1 1 0 0 0 
524 108 71 85 110 85 40 1 459 164 108 123 109 54 7 0 914 96 12 2 0 0 0 0 
232 137 109 66 79 256 132 13 315 128 70 71 291 135 14 0 885 109 28 2 0 0 0 0 
435 210 128 74 72 62 29 14 366 290 174 85 60 27 22 0 765 159 85 15 0 0 0 0 
172 120 85 64 129 206 199 49 319 133 49 92 191 187 46 7 868 101 23 24 8 0 0 0 
473 107 66 46 56 118 98 60 616 172 66 33 55 36 41 5 803 143 55 20 3 0 0 0 
554 98 78 47 48 117 64 18 749 158 66 32 13 6 0 0 841 111 48 17 4 3 0 0 
178 235 130 148 158 96 53 26 717 157 69 51 26 3 1 0 779 161 50 31 2 1 0 0 
263 149 189 192 153 67 11 0 736 189 58 13 24 4 0 0 826 138 32 24 4 0 0 0 
977 44 3 0 0 0 0 0 917 98 9 0 0 0 0 0 984 37 3 0 0 0 0 0 
900 105 19 0 0 0 0 0 806 186 28 4 0 0 0 0 946 69 9 0 0 0 0 0 
785 163 71 5 0 0 0 0 794 196 31 3 0 0 0 0 928 91 5 0 0 0 0 0 
806 173 42 3 0 0 0 0 680 252 78 14 0 0 0 0 870 126 26 2 0 0 0 0 
971 41 12 0 0 0 0 0 929 75 18 2 0 0 0 0 981 35 8 0 0 0 0 0 
738 238 47 1 0 0 0 0 555 291 156 22 0 0 0 0 808 193 23 0 0 0 0 0 
907 76 22 11 8 0 0 0 853 116 36 9 6 4 0 0 923 75 18 8 0 0 0 0 
841 131 34 12 6 0 0 0 707 239 53 12 8 5 0 0 903 93 15 12 1 0 0 0 
766 126 93 33 6 0 0 0 677 220 78 32 17 0 0 0 828 137 48 11 0 0 0 0 
639 174 133 61 16 1 0 0 546 239 145 79 15 0 0 0 707 195 92 29 1 0 0 0 
816 149 47 12 0 0 0 0 767 176 61 18 2 0 0 0 867 122 33 2 0 0 0 0 
707 301 16 0 0 0 0 0 669 324 28 3 0 0 0 0 784 239 1 0 0 0 0 0 
548 353 85 38 0 0 0 0 561 357 92 14 0 0 0 0 576 377 70 1 0 0 0 0 
442 75 110 261 127 9 0 0 450 92 133 277 69 3 0 0 458 116 208 228 14 0 0 0 
295 63 102 234 268 61 1 0 302 68 267 297 87 3 0 0 1003 16 3 2 0 0 0 0 
32 19 66 560 335 12 0 0 41 29 444 474 35 1 0 0 1019 5 0 0 0 0 0 0 
887 47 15 55 11 9 0 0 880 54 32 45 11 2 0 0 995 27 1 1 0 0 0 0 
404 56 31 67 171 270 25 0 394 77 69 162 274 48 0 0 990 32 2 0 0 0 0 0 
937 20 7 6 22 32 0 0 924 33 7 11 48 1 0 0 1008 13 2 1 0 0 0 0 
691 67 37 73 114 40 2 0 666 114 60 111 66 7 0 0 967 48 7 1 1 0 0 0 
102 81 42 69 142 178 205 205 109 68 102 157 198 177 139 74 844 135 37 8 0 0 0 0 
408 108 38 38 44 131 174 83 337 173 59 62 139 163 73 18 932 78 7 4 3 0 0 0 
599 151 46 31 37 64 77 19 511 227 70 40 67 84 25 0 823 121 61 16 3 0 0 0 
596 158 66 32 97 59 15 1 520 223 84 99 74 18 6 0 937 74 13 0 0 0 0 0 
783 100 57 22 26 36 0 0 662 198 72 48 42 2 0 0 958 50 14 2 0 0 0 0 
347 104 68 101 299 102 3 0 289 134 153 337 103 6 2 0 927 75 17 4 1 0 0 0 
698 147 85 27 28 13 17 9 612 205 108 39 27 21 10 2 845 134 24 8 13 0 0 0 
412 262 141 58 129 21 1 0 260 315 202 205 37 5 0 0 754 197 57 13 3 0 0 0 
839 104 43 15 9 12 2 0 755 174 49 23 17 6 0 0 918 77 22 6 1 0 0 0 
847 84 63 24 6 0 0 0 754 151 63 44 11 1 0 0 896 74 44 9 1 0 0 0 
565 177 137 118 22 5 0 0 440 248 97 154 73 11 1 0 672 128 151 67 5 1 0 0 
913 86 14 11 0 0 0 0 854 117 41 11 1 0 0 0 942 66 14 2 0 0 0 0 
888 74 39 22 1 0 0 0 833 107 44 31 9 0 0 0 920 66 30 8 0 0 0 0 
972 44 5 3 0 0 0 0 914 95 10 4 1 0 0 0 971 48 5 0 0 0 0 0 
1006 17 1 0 0 0 0 0 964 56 4 0 0 0 0 0 1004 19 1 0 0 0 0 0 
897 107 18 2 0 0 0 0 869 125 22 8 0 0 0 0 936 76 12 0 0 0 0 0 
884 91 42 7 0 0 0 0 813 149 31 30 1 0 0 0 910 77 33 4 0 0 0 0 
667 139 170 47 1 0 0 0 511 243 98 161 11 0 0 0 689 136 157 41 1 0 0 0 
788 169 65 2 0 0 0 0 753 205 64 2 0 0 0 0 852 149 23 0 0 0 0 0 
765 172 83 4 0 0 0 0 759 191 71 3 0 0 0 0 811 170 40 2 1 0 0 0 
475 321 221 7 0 0 0 0 440 364 217 3 0 0 0 0 518 323 178 5 0 0 0 0 
367 240 412 5 0 0 0 0 379 262 381 2 0 0 0 0 388 329 307 0 0 0 0 0 
442 417 165 0 0 0 0 0 453 419 152 0 0 0 0 0 480 449 95 0 0 0 0 0 
767 248 9 0 0 0 0 0 776 244 4 0 0 0 0 0 741 278 5 0 0 0 0 0 
994 30 0 0 0 0 0 0 995 29 0 0 0 0 0 0 991 33 0 0 0 0 0 0 
865 159 0 0 0 0 0 0 853 171 0 0 0 0 0 0 871 153 0 0 0 0 0 0 
