0 0 0 0 0 672 352 0 0 0 0 0 0 0 0 1024 0 0 0 0 0 0 0 1024 
0 0 0 0 0 608 416 0 0 0 0 0 0 0 0 1024 0 0 0 0 0 0 0 1024 
3 17 24 45 57 551 327 0 0 1 6 26 20 55 58 858 0 1 9 24 27 44 55 864 
41 160 180 240 199 140 61 3 0 39 151 192 229 184 121 108 16 93 194 220 192 119 106 84 
196 364 191 124 104 35 9 1 26 347 269 149 120 78 27 8 99 441 222 144 89 21 7 1 
683 217 72 29 16 5 1 1 210 632 88 48 28 12 5 1 115 744 110 30 16 4 4 1 
750 182 35 23 20 11 3 0 269 607 72 27 20 23 5 1 96 753 109 26 23 13 4 0 
321 219 95 67 89 185 47 1 75 282 162 72 80 53 62 238 3 188 225 117 77 75 60 279 
0 0 0 0 0 1024 0 0 0 0 0 0 0 0 0 1024 0 0 0 0 0 0 0 1024 
0 0 0 0 0 1024 0 0 0 0 0 0 0 0 0 1024 0 0 0 0 0 0 0 1024 
0 0 0 0 80 936 8 0 0 0 0 0 0 0 0 1024 0 0 0 0 0 0 0 1024 
0 0 0 0 239 746 29 10 0 0 0 0 0 1 10 1013 0 0 0 0 2 4 11 1007 
0 0 17 84 324 556 43 0 0 0 3 25 96 96 144 660 0 2 11 33 57 70 100 751 
47 208 264 284 181 37 3 0 43 185 245 267 205 71 6 2 85 271 326 246 74 16 5 1 
242 260 246 177 88 11 0 0 207 265 229 195 106 22 0 0 304 314 251 125 29 1 0 0 
0 0 0 0 0 0 1024 0 0 0 0 0 0 0 0 1024 0 0 0 0 0 0 0 1024 
0 0 0 0 0 0 992 32 0 0 0 0 0 0 0 1024 0 0 0 0 0 0 0 1024 
4 32 72 141 139 149 477 10 0 3 23 59 117 148 132 542 0 10 54 94 129 117 96 524 
125 308 223 158 111 69 27 3 11 207 288 196 125 98 67 32 105 338 218 142 103 66 39 13 
177 320 214 131 101 60 20 1 24 329 254 170 119 82 37 9 160 370 197 145 90 49 13 0 
580 290 73 32 22 16 10 1 292 520 97 50 25 16 20 4 291 576 73 34 24 16 9 1 
846 163 15 0 0 0 0 0 544 454 23 3 0 0 0 0 327 664 30 3 0 0 0 0 
570 166 64 49 37 51 86 1 256 391 99 52 42 33 34 117 42 494 161 71 51 35 38 132 
9 15 10 2 4 170 810 4 0 7 16 9 3 4 5 980 0 4 8 16 6 4 5 981 
0 0 0 0 0 168 856 0 0 0 0 0 0 0 0 1024 0 0 0 0 0 0 0 1024 
0 0 0 0 6 330 577 111 0 0 0 0 0 3 54 967 0 4 10 12 8 36 82 872 
0 0 2 2 44 341 558 77 0 0 0 3 8 47 133 833 2 8 36 27 41 54 143 713 
0 9 47 103 178 432 224 31 0 8 29 78 122 159 213 415 5 28 93 140 131 103 123 401 
12 92 200 255 258 110 46 51 7 77 173 252 267 144 50 54 95 255 265 278 107 19 5 0 
353 230 141 134 121 45 0 0 294 282 131 139 123 54 1 0 376 283 168 131 64 2 0 0 
0 9 101 243 180 120 224 147 0 0 37 139 221 144 118 365 1 74 157 138 74 82 112 386 
11 27 39 70 65 44 112 656 1 19 25 51 74 56 53 745 0 17 54 43 62 46 47 755 
30 71 97 99 70 60 122 475 8 51 61 89 94 68 63 590 6 39 83 88 92 56 67 593 
121 282 249 179 112 59 16 6 15 192 252 235 164 102 49 15 95 283 256 185 102 68 27 8 
469 399 101 40 12 0 2 1 203 557 185 53 21 2 0 3 345 514 117 36 9 0 1 2 
453 267 147 64 40 30 10 13 240 378 181 97 58 34 22 14 350 385 150 70 35 22 10 2 
252 154 154 167 140 91 44 22 214 177 133 172 154 101 55 18 288 294 219 122 72 24 5 0 
95 111 108 107 142 154 184 123 38 114 112 110 126 171 105 248 70 157 164 161 105 97 90 180 
0 5 6 31 26 56 494 406 0 2 5 14 28 26 74 875 1 6 6 18 23 31 67 872 
0 0 2 11 25 88 512 386 0 0 0 8 17 50 142 807 0 6 4 24 54 84 170 682 
0 0 5 40 88 178 416 297 0 0 0 18 67 104 251 584 4 26 74 109 120 147 206 338 
7 42 102 215 262 208 163 25 3 17 66 168 237 247 182 104 36 139 243 263 157 92 52 42 
17 53 128 241 265 200 97 23 2 51 73 200 263 225 142 68 70 140 318 279 138 63 16 0 
19 77 138 226 239 158 97 70 16 56 112 212 231 187 138 72 114 223 291 252 109 32 3 0 
67 201 235 216 166 102 26 11 60 163 209 224 188 128 46 6 163 288 286 205 69 11 2 0 
425 267 164 123 38 6 1 0 232 366 166 146 103 10 0 1 261 559 154 43 6 1 0 0 
192 238 292 211 87 3 1 0 124 223 251 203 179 42 2 0 182 405 318 100 19 0 0 0 
191 247 269 194 92 19 8 4 104 247 212 198 157 81 17 8 146 425 273 123 36 7 9 5 
428 227 147 138 65 17 2 0 244 303 141 134 121 61 18 2 307 419 177 93 25 2 1 0 
444 254 128 103 59 28 6 2 257 364 139 120 83 38 19 4 364 365 141 79 57 13 3 2 
498 211 87 98 68 32 23 7 339 329 91 87 89 56 25 8 418 366 127 75 31 7 0 0 
14 52 107 230 328 206 76 11 3 26 68 141 265 329 147 45 80 195 319 287 122 21 0 0 
9 41 166 252 266 167 91 32 2 23 97 213 278 235 126 50 50 183 290 255 153 75 16 2 
17 127 229 253 177 105 61 55 13 101 211 239 208 123 67 62 97 187 257 216 136 63 31 37 
35 123 152 190 204 125 98 97 31 130 153 208 194 130 90 88 85 190 209 221 149 89 44 37 
8 53 88 159 261 196 161 98 5 44 77 121 245 228 166 138 57 95 151 230 221 157 81 32 
37 138 267 248 162 101 56 15 9 49 184 262 246 134 93 47 123 289 268 169 110 52 13 0 
31 177 238 202 172 109 70 25 3 55 226 244 190 152 87 67 139 289 226 174 109 69 18 0 
7 75 205 261 238 126 75 37 4 19 108 259 262 204 104 64 81 205 330 239 110 52 7 0 
148 150 199 212 203 71 28 13 103 134 165 210 229 124 41 18 255 234 265 166 72 27 5 0 
310 171 169 185 147 38 4 0 290 188 140 180 161 53 12 0 306 271 228 167 43 9 0 0 
67 224 364 251 101 15 2 0 35 196 351 284 121 35 2 0 156 429 298 116 25 0 0 0 
564 252 103 61 35 9 0 0 412 347 127 73 42 21 2 0 505 322 109 57 25 6 0 0 
391 185 130 134 87 54 29 14 306 233 137 154 100 60 27 7 394 259 163 110 65 21 11 1 
278 205 199 142 102 60 28 10 212 295 206 120 98 67 19 7 281 307 196 114 76 27 18 5 
192 232 236 189 87 47 25 16 113 240 226 200 139 60 33 13 292 282 226 127 53 27 12 5 
98 186 198 241 169 88 34 10 54 166 184 185 224 126 66 19 262 290 225 157 59 28 3 0 
33 53 160 259 275 183 54 7 22 42 104 239 300 213 84 20 90 161 298 285 149 39 2 0 
7 81 190 296 216 138 72 24 4 51 144 274 253 171 83 44 67 191 279 250 119 75 33 10 
16 124 282 263 163 98 56 22 3 83 286 274 192 109 54 23 118 326 284 165 93 27 11 0 
57 130 105 174 253 193 79 33 30 136 81 100 230 278 125 44 70 197 286 274 144 45 8 0 
15 89 226 312 207 114 44 17 4 30 136 240 300 195 76 43 116 243 323 202 99 35 6 0 
18 183 241 187 185 120 69 21 1 42 218 243 176 181 88 75 134 283 211 185 121 72 17 1 
15 129 263 197 154 122 91 53 2 27 193 262 175 143 121 101 113 283 231 182 110 75 28 2 
73 195 252 213 139 109 35 8 24 93 221 223 207 140 87 29 136 290 249 173 110 48 13 5 
340 259 98 111 128 71 16 1 385 248 81 95 114 68 30 3 264 384 160 134 73 9 0 0 
13 39 123 252 320 220 56 1 2 27 98 204 322 285 83 3 38 167 326 317 152 23 1 0 
161 247 208 178 134 72 22 2 78 190 249 176 169 114 43 5 270 287 226 151 66 22 2 0 
90 185 223 239 168 86 27 6 43 169 175 212 216 147 48 14 247 293 227 168 67 22 0 0 
46 202 245 232 183 87 27 2 12 100 218 252 222 145 67 8 198 298 268 169 65 24 2 0 
21 121 241 282 253 80 23 3 10 73 198 258 277 170 34 4 100 292 346 210 60 11 3 2 
34 174 217 238 196 114 47 4 13 110 220 230 218 154 66 13 154 274 265 203 94 29 5 0 
2 44 163 186 237 234 136 22 1 20 123 193 256 243 152 36 32 152 206 235 211 158 30 0 
6 90 242 277 231 135 37 6 3 63 176 300 274 153 48 7 66 215 273 265 158 39 6 2 
8 38 114 219 266 198 124 57 4 33 109 214 274 206 122 62 31 99 203 240 203 112 80 56 
15 111 265 275 198 101 42 17 2 39 187 290 254 161 59 32 88 264 284 191 99 54 24 20 
107 354 252 167 90 36 13 5 6 230 330 219 126 77 20 16 315 385 174 101 34 11 4 0 
35 165 265 227 138 88 94 12 9 85 196 257 206 120 78 73 148 297 260 150 68 80 21 0 
11 173 216 197 154 149 103 21 1 47 227 215 189 147 117 81 178 272 208 147 111 89 17 2 
40 218 253 191 165 98 46 13 3 113 280 230 213 124 44 17 145 313 234 190 97 30 12 3 
13 50 106 225 321 224 78 7 19 36 89 220 325 239 85 11 41 174 364 309 114 19 3 0 
0 3 56 204 391 276 75 19 0 0 26 202 410 302 68 16 7 92 337 402 153 24 8 1 
2 17 67 181 305 277 140 35 2 11 49 180 339 298 116 29 17 110 297 351 189 41 19 0 
1 60 155 212 256 193 112 35 5 18 106 203 265 280 115 32 85 207 281 294 118 37 2 0 
77 127 168 205 219 140 65 23 33 113 138 185 215 215 82 43 168 234 215 188 112 57 39 11 
22 36 61 152 217 255 192 89 20 40 50 115 214 286 202 97 42 83 168 265 249 130 70 17 
1 3 17 160 421 328 84 10 0 2 8 90 316 427 160 21 4 26 168 402 320 96 8 0 
1 23 91 296 306 229 68 10 2 21 67 229 301 272 117 15 10 64 203 294 276 152 25 0 
0 13 43 137 260 355 199 17 0 9 36 124 246 357 237 15 12 47 142 233 323 231 35 1 
1 86 214 270 235 175 43 0 2 68 195 270 262 187 39 1 13 117 266 307 233 85 3 0 
84 173 158 173 149 146 98 43 25 127 213 221 184 124 80 50 127 205 232 209 126 61 51 13 
57 139 164 179 213 155 94 23 6 98 190 193 236 181 91 29 166 218 238 203 119 60 12 8 
29 99 91 201 257 239 77 31 14 75 104 168 271 265 98 29 141 246 276 264 88 9 0 0 
10 101 232 308 230 101 39 3 2 33 157 257 317 180 68 10 141 320 341 149 62 11 0 0 
18 86 156 163 240 212 111 38 11 56 125 193 260 247 110 22 82 155 209 236 198 111 30 3 
8 89 224 285 220 138 44 16 2 58 199 309 233 129 67 27 138 276 305 197 79 23 6 0 
65 274 262 216 144 54 9 0 16 269 274 277 154 23 9 2 299 352 254 99 12 8 0 0 
71 321 354 192 69 17 0 0 22 277 369 212 109 34 1 0 231 448 259 76 10 0 0 0 
50 277 284 178 124 67 38 6 44 257 293 197 118 73 36 6 109 388 291 152 47 33 3 1 
38 199 181 151 124 125 118 88 21 186 184 169 141 116 120 87 43 230 204 172 149 117 85 24 
4 35 127 222 194 203 160 79 2 32 113 228 206 194 166 83 27 100 218 201 187 160 104 27 
1 26 173 374 271 138 37 4 0 9 109 311 316 209 64 6 35 195 390 247 112 36 9 0 
35 181 231 269 208 84 16 0 3 113 206 286 256 126 32 2 169 299 290 182 72 12 0 0 
15 118 245 321 211 94 19 1 6 71 214 339 243 120 29 2 113 323 353 176 50 8 1 0 
85 242 309 227 103 44 9 5 20 211 264 270 153 74 25 7 127 361 312 149 47 18 5 5 
21 205 209 139 110 123 123 94 11 167 211 146 138 110 116 125 34 237 226 153 93 117 114 50 
1 43 137 141 185 344 142 31 0 51 117 171 389 181 90 25 10 104 182 298 278 108 37 7 
3 44 132 163 161 336 175 10 2 54 96 185 366 225 89 7 89 189 159 287 280 20 0 0 
3 82 175 183 195 154 96 136 2 56 159 188 176 170 125 148 75 174 228 203 129 63 56 96 
90 329 195 152 69 53 68 68 27 296 236 165 111 63 72 54 290 284 170 89 51 44 70 26 
187 437 171 121 73 29 6 0 57 443 256 153 72 30 8 5 437 331 169 63 19 5 0 0 
446 407 107 37 13 10 4 0 158 558 181 72 32 12 7 4 620 302 68 21 9 3 1 0 
247 444 199 84 30 12 5 3 204 454 215 94 36 13 7 1 250 448 200 75 30 18 3 0 
243 337 210 119 63 38 14 0 157 351 195 153 89 51 21 7 243 301 215 133 75 41 14 2 
74 155 215 210 154 126 69 21 31 146 138 248 183 149 92 37 34 153 146 235 199 139 92 26 
36 105 104 125 195 227 154 78 24 104 97 126 185 230 163 95 86 100 113 150 209 227 116 23 
70 198 156 129 118 142 166 45 41 175 157 152 135 173 151 40 121 209 161 128 135 165 89 16 
108 232 127 131 130 202 77 17 60 200 228 136 183 163 46 8 177 234 171 147 188 88 18 1 
98 286 115 100 193 210 21 1 74 284 136 153 299 74 3 1 165 300 151 266 130 11 1 0 
46 152 156 121 233 295 17 4 37 148 157 190 365 111 12 4 98 235 173 356 151 10 1 0 
18 181 129 84 166 426 19 1 13 165 159 109 445 121 10 2 56 198 140 310 300 14 5 1 
14 99 60 65 255 484 30 17 8 92 60 101 559 154 23 27 45 106 71 272 473 34 19 4 
1 58 24 20 208 673 39 1 2 64 19 60 551 318 9 1 0 54 36 255 613 64 2 0 
0 0 0 13 152 548 180 131 0 0 0 8 441 309 211 55 0 0 23 212 451 133 193 12 
0 0 2 60 125 289 179 369 0 0 0 11 184 320 222 287 0 0 82 126 251 115 336 114 
