933 53 38 0 0 0 0 0 875 55 28 56 10 0 0 0 925 67 32 0 0 0 0 0 
688 180 146 10 0 0 0 0 460 214 153 152 45 0 0 0 661 232 122 9 0 0 0 0 
663 294 67 0 0 0 0 0 89 516 358 61 0 0 0 0 583 380 61 0 0 0 0 0 
243 383 341 57 0 0 0 0 11 291 441 262 19 0 0 0 449 441 132 2 0 0 0 0 
241 560 187 36 0 0 0 0 0 206 563 214 41 0 0 0 108 535 275 83 23 0 0 0 
96 391 264 261 12 0 0 0 0 99 442 242 231 10 0 0 78 456 274 183 33 0 0 0 
176 538 288 22 0 0 0 0 7 375 470 160 12 0 0 0 388 522 103 11 0 0 0 0 
925 99 0 0 0 0 0 0 743 248 33 0 0 0 0 0 834 190 0 0 0 0 0 0 
826 194 4 0 0 0 0 0 534 400 90 0 0 0 0 0 689 327 8 0 0 0 0 0 
501 385 138 0 0 0 0 0 313 261 395 55 0 0 0 0 678 330 16 0 0 0 0 0 
143 564 281 36 0 0 0 0 0 251 523 226 24 0 0 0 293 597 121 13 0 0 0 0 
577 331 96 20 0 0 0 0 112 536 292 72 12 0 0 0 496 381 103 29 15 0 0 0 
687 231 103 3 0 0 0 0 436 295 205 88 0 0 0 0 644 337 40 3 0 0 0 0 
786 212 26 0 0 0 0 0 474 357 185 8 0 0 0 0 699 324 1 0 0 0 0 0 
698 251 72 3 0 0 0 0 374 381 188 62 19 0 0 0 550 331 70 53 20 0 0 0 
310 256 301 107 34 16 0 0 66 227 270 277 122 39 23 0 159 280 232 184 103 37 27 2 
559 135 151 101 60 18 0 0 329 180 156 161 91 70 37 0 365 180 138 131 92 70 48 0 
1024 0 0 0 0 0 0 0 1024 0 0 0 0 0 0 0 1009 15 0 0 0 0 0 0 
1024 0 0 0 0 0 0 0 987 37 0 0 0 0 0 0 911 112 1 0 0 0 0 0 
1024 0 0 0 0 0 0 0 981 43 0 0 0 0 0 0 977 47 0 0 0 0 0 0 
900 73 22 20 9 0 0 0 612 261 84 29 16 19 3 0 533 347 80 27 16 19 2 0 
588 306 79 26 25 0 0 0 100 387 312 145 46 23 11 0 161 394 272 116 41 26 14 0 
1014 10 0 0 0 0 0 0 863 124 37 0 0 0 0 0 912 111 1 0 0 0 0 0 
1024 0 0 0 0 0 0 0 1024 0 0 0 0 0 0 0 1024 0 0 0 0 0 0 0 
1024 0 0 0 0 0 0 0 1024 0 0 0 0 0 0 0 1024 0 0 0 0 0 0 0 
669 59 47 44 53 56 65 31 594 100 56 47 49 65 59 54 662 65 49 51 56 60 79 2 
0 0 0 0 2 59 395 568 0 0 0 0 2 67 357 598 0 0 0 0 51 298 640 35 
0 0 0 0 5 325 442 252 0 0 0 0 3 264 456 301 0 0 0 0 149 426 390 59 
0 0 6 31 59 177 571 180 0 0 0 17 40 133 598 236 0 0 15 28 100 551 317 13 
92 143 75 92 104 134 149 235 0 148 111 78 119 147 147 274 68 176 78 109 130 126 294 43 
0 0 0 12 28 54 557 373 0 0 0 5 21 44 313 641 0 0 4 19 25 155 796 25 
48 97 89 75 194 278 194 49 0 48 102 93 157 337 218 69 30 104 90 121 280 306 90 3 
96 207 158 89 102 87 237 48 4 93 230 157 124 106 216 94 72 227 166 108 111 160 180 0 
0 2 32 42 127 298 465 58 0 0 16 39 72 246 467 184 0 3 36 55 155 419 352 4 
0 101 141 95 103 379 204 1 0 0 81 176 103 250 347 67 1 175 76 96 118 363 194 1 
40 468 316 43 41 57 43 16 0 45 403 386 41 43 76 30 73 468 282 46 41 73 31 10 
87 142 101 95 98 185 210 106 0 89 168 123 97 138 245 164 87 166 100 100 122 210 212 27 
293 93 62 54 50 105 277 90 140 169 90 61 48 77 241 198 258 117 60 59 70 176 266 18 
858 68 30 26 20 18 4 0 339 524 68 30 27 22 14 0 836 83 35 27 24 18 1 0 
107 97 116 114 129 201 175 85 4 106 100 139 128 152 230 165 90 91 131 124 146 223 161 58 
352 171 143 101 57 36 88 76 11 345 181 150 96 55 54 132 316 180 158 113 57 47 130 23 
115 133 86 55 60 98 181 296 6 144 124 80 68 81 158 363 119 130 88 57 70 96 282 182 
952 70 2 0 0 0 0 0 651 311 62 0 0 0 0 0 929 82 13 0 0 0 0 0 
1024 0 0 0 0 0 0 0 874 146 4 0 0 0 0 0 1016 8 0 0 0 0 0 0 
1024 0 0 0 0 0 0 0 888 135 1 0 0 0 0 0 1017 7 0 0 0 0 0 0 
999 25 0 0 0 0 0 0 693 305 26 0 0 0 0 0 925 99 0 0 0 0 0 0 
175 359 374 116 0 0 0 0 0 107 464 366 87 0 0 0 397 477 144 6 0 0 0 0 
404 435 173 12 0 0 0 0 0 369 498 152 5 0 0 0 501 468 55 0 0 0 0 0 
330 350 323 21 0 0 0 0 72 293 354 280 25 0 0 0 460 440 118 6 0 0 0 0 
206 560 238 20 0 0 0 0 20 247 574 177 6 0 0 0 360 568 96 0 0 0 0 0 
298 635 91 0 0 0 0 0 0 329 609 86 0 0 0 0 401 567 56 0 0 0 0 0 
412 489 91 23 9 0 0 0 0 504 388 99 24 9 0 0 570 361 62 31 0 0 0 0 
523 367 107 27 0 0 0 0 215 447 267 79 16 0 0 0 675 236 91 22 0 0 0 0 
902 122 0 0 0 0 0 0 768 158 98 0 0 0 0 0 925 99 0 0 0 0 0 0 
730 254 40 0 0 0 0 0 455 400 142 27 0 0 0 0 742 280 2 0 0 0 0 0 
874 129 21 0 0 0 0 0 262 667 82 13 0 0 0 0 818 204 2 0 0 0 0 0 
597 286 141 0 0 0 0 0 234 422 269 97 2 0 0 0 640 274 74 36 0 0 0 0 
902 72 29 21 0 0 0 0 699 235 40 21 28 1 0 0 861 101 15 18 22 7 0 0 
900 61 42 21 0 0 0 0 745 167 51 56 5 0 0 0 817 130 66 11 0 0 0 0 
732 250 42 0 0 0 0 0 326 414 213 70 1 0 0 0 424 417 131 52 0 0 0 0 
817 182 25 0 0 0 0 0 484 342 163 35 0 0 0 0 571 328 107 18 0 0 0 0 
1001 21 2 0 0 0 0 0 815 174 35 0 0 0 0 0 906 97 21 0 0 0 0 0 
1024 0 0 0 0 0 0 0 747 277 0 0 0 0 0 0 938 86 0 0 0 0 0 0 
1013 11 0 0 0 0 0 0 957 52 15 0 0 0 0 0 947 55 22 0 0 0 0 0 
1024 0 0 0 0 0 0 0 1024 0 0 0 0 0 0 0 1024 0 0 0 0 0 0 0 
933 50 39 2 0 0 0 0 830 90 46 38 20 0 0 0 826 96 47 38 17 0 0 0 
1020 4 0 0 0 0 0 0 898 117 9 0 0 0 0 0 937 83 4 0 0 0 0 0 
927 91 6 0 0 0 0 0 641 234 111 37 1 0 0 0 677 263 75 9 0 0 0 0 
1007 17 0 0 0 0 0 0 888 113 23 0 0 0 0 0 954 70 0 0 0 0 0 0 
1024 0 0 0 0 0 0 0 1024 0 0 0 0 0 0 0 1024 0 0 0 0 0 0 0 
961 24 21 10 6 2 0 0 931 37 21 23 8 4 0 0 955 25 22 13 7 2 0 0 
450 85 55 46 48 68 172 100 381 128 60 51 47 62 139 156 439 95 62 43 56 119 208 2 
0 0 0 0 10 146 528 340 0 0 0 0 39 193 474 318 0 0 0 54 253 405 311 1 
0 0 0 0 163 271 328 262 0 0 0 0 215 232 278 299 0 0 2 210 223 234 316 39 
0 0 0 0 74 568 359 23 0 0 0 13 131 496 356 28 0 0 26 135 396 396 68 3 
0 0 0 3 86 499 394 42 0 0 0 1 118 453 403 49 0 0 2 90 330 473 129 0 
0 0 0 0 3 137 492 392 0 0 0 0 8 138 466 412 0 0 0 4 91 402 510 17 
0 0 3 11 306 519 174 11 0 0 0 12 267 474 256 15 0 0 4 169 423 387 41 0 
0 5 16 23 153 517 299 11 0 0 6 20 92 440 436 30 0 5 19 34 301 519 146 0 
0 0 0 2 124 280 533 85 0 0 0 2 86 266 513 157 0 0 0 35 218 478 293 0 
0 0 0 0 119 606 268 31 0 0 0 0 53 483 402 86 0 0 0 3 287 514 218 2 
4 86 122 83 85 266 319 59 0 20 89 131 88 181 374 141 0 88 118 88 119 319 289 3 
0 4 5 11 10 90 704 200 0 0 8 8 12 57 636 303 0 4 8 10 41 468 490 3 
2 27 22 26 59 219 487 182 0 7 29 26 47 164 447 304 1 23 23 31 125 398 393 30 
220 136 90 113 83 54 97 231 1 262 120 93 117 72 82 277 173 170 98 109 89 81 129 175 
0 4 25 18 55 172 283 467 0 0 22 16 31 120 311 524 0 8 21 19 88 246 459 183 
0 0 21 72 73 150 308 400 0 0 6 54 74 117 227 546 0 0 33 70 82 192 510 137 
35 31 59 39 49 157 341 313 10 35 36 65 43 117 362 356 26 33 49 56 95 237 389 139 
952 39 19 11 3 0 0 0 848 108 36 18 11 3 0 0 928 49 27 14 6 0 0 0 
1024 0 0 0 0 0 0 0 1024 0 0 0 0 0 0 0 1024 0 0 0 0 0 0 0 
987 37 0 0 0 0 0 0 804 174 46 0 0 0 0 0 947 77 0 0 0 0 0 0 
1024 0 0 0 0 0 0 0 996 28 0 0 0 0 0 0 1024 0 0 0 0 0 0 0 
359 415 195 55 0 0 0 0 85 310 385 200 44 0 0 0 673 321 29 1 0 0 0 0 
419 358 183 64 0 0 0 0 209 247 339 169 60 0 0 0 543 424 57 0 0 0 0 0 
726 171 109 18 0 0 0 0 515 270 140 99 0 0 0 0 899 125 0 0 0 0 0 0 
728 257 39 0 0 0 0 0 298 491 207 28 0 0 0 0 768 240 16 0 0 0 0 0 
547 374 103 0 0 0 0 0 279 381 295 69 0 0 0 0 570 394 60 0 0 0 0 0 
713 310 1 0 0 0 0 0 268 542 214 0 0 0 0 0 678 346 0 0 0 0 0 0 
689 261 74 0 0 0 0 0 450 321 206 47 0 0 0 0 633 327 64 0 0 0 0 0 
709 265 50 0 0 0 0 0 473 295 222 34 0 0 0 0 688 335 1 0 0 0 0 0 
567 385 66 6 0 0 0 0 389 250 346 39 0 0 0 0 577 386 55 6 0 0 0 0 
761 166 97 0 0 0 0 0 441 375 133 75 0 0 0 0 809 192 23 0 0 0 0 0 
881 87 49 7 0 0 0 0 638 252 92 38 4 0 0 0 900 81 39 4 0 0 0 0 
932 83 9 0 0 0 0 0 593 352 70 9 0 0 0 0 912 104 8 0 0 0 0 0 
954 54 15 1 0 0 0 0 482 458 71 13 0 0 0 0 872 136 16 0 0 0 0 0 
705 215 97 7 0 0 0 0 269 455 207 83 10 0 0 0 558 350 106 10 0 0 0 0 
958 41 25 0 0 0 0 0 783 171 43 27 0 0 0 0 909 84 31 0 0 0 0 0 
942 76 6 0 0 0 0 0 823 160 40 1 0 0 0 0 944 71 9 0 0 0 0 0 
1024 0 0 0 0 0 0 0 1024 0 0 0 0 0 0 0 1024 0 0 0 0 0 0 0 
1024 0 0 0 0 0 0 0 1024 0 0 0 0 0 0 0 1024 0 0 0 0 0 0 0 
1024 0 0 0 0 0 0 0 992 32 0 0 0 0 0 0 1024 0 0 0 0 0 0 0 
1006 15 3 0 0 0 0 0 427 577 17 3 0 0 0 0 773 233 15 3 0 0 0 0 
1024 0 0 0 0 0 0 0 944 80 0 0 0 0 0 0 999 25 0 0 0 0 0 0 
1024 0 0 0 0 0 0 0 887 137 0 0 0 0 0 0 970 54 0 0 0 0 0 0 
1024 0 0 0 0 0 0 0 1024 0 0 0 0 0 0 0 1024 0 0 0 0 0 0 0 
897 23 15 20 27 28 14 0 872 36 19 17 25 28 27 0 895 25 17 18 33 31 5 0 
352 120 67 60 86 128 169 42 260 160 88 61 78 121 173 83 345 126 69 72 115 175 121 1 
237 112 64 81 72 75 279 104 116 202 88 74 77 75 228 164 255 115 72 75 77 191 231 8 
0 0 0 0 11 270 449 294 0 0 0 0 67 363 396 198 0 0 0 77 356 426 165 0 
0 0 0 4 104 335 317 264 0 0 0 27 162 326 270 239 0 0 33 208 274 257 234 18 
0 0 0 54 338 513 109 10 0 0 0 158 334 416 108 8 0 10 177 288 378 152 19 0 
0 0 0 152 749 123 0 0 0 0 0 452 489 83 0 0 0 4 416 480 124 0 0 0 
0 0 0 31 177 257 266 293 0 0 6 38 231 239 255 255 0 0 39 227 240 281 237 0 
0 0 45 451 263 239 26 0 0 0 80 415 332 185 12 0 0 24 350 382 243 25 0 0 
0 0 4 380 444 189 7 0 0 0 13 279 501 210 21 0 0 0 115 493 295 121 0 0 
0 4 75 291 421 170 61 2 0 13 83 239 449 176 62 2 0 59 140 460 289 72 4 0 
0 0 4 324 528 154 14 0 0 0 9 291 514 190 20 0 0 0 117 450 406 49 2 0 
0 0 0 11 103 494 367 49 0 0 0 3 67 401 429 124 0 0 0 28 277 445 271 3 
0 0 0 0 13 262 394 355 0 0 0 0 21 244 375 384 0 0 0 7 195 359 452 11 
0 0 0 17 237 606 147 17 0 0 0 22 239 540 205 18 0 0 12 190 442 348 32 0 
0 15 47 85 81 140 133 523 0 1 37 68 80 112 170 556 0 15 49 78 86 176 323 297 
0 0 0 0 0 69 564 391 0 0 0 0 0 73 510 441 0 0 0 0 92 399 501 32 
0 0 0 0 0 9 465 550 0 0 0 0 0 6 377 641 0 0 0 0 1 178 758 87 
0 9 39 109 278 300 252 37 0 1 12 66 242 368 268 67 0 2 36 156 355 321 151 3 
814 83 74 40 12 1 0 0 704 135 78 73 23 9 2 0 749 125 69 60 16 5 0 0 
1024 0 0 0 0 0 0 0 1023 1 0 0 0 0 0 0 1024 0 0 0 0 0 0 0 
997 27 0 0 0 0 0 0 952 42 30 0 0 0 0 0 982 42 0 0 0 0 0 0 
997 27 0 0 0 0 0 0 946 59 19 0 0 0 0 0 982 42 0 0 0 0 0 0 
1002 22 0 0 0 0 0 0 985 24 15 0 0 0 0 0 1024 0 0 0 0 0 0 0 
1024 0 0 0 0 0 0 0 1024 0 0 0 0 0 0 0 1024 0 0 0 0 0 0 0 
1024 0 0 0 0 0 0 0 1009 15 0 0 0 0 0 0 1024 0 0 0 0 0 0 0 
759 212 53 0 0 0 0 0 447 342 207 28 0 0 0 0 791 233 0 0 0 0 0 0 
901 95 28 0 0 0 0 0 782 148 84 10 0 0 0 0 881 107 36 0 0 0 0 0 
1005 19 0 0 0 0 0 0 913 96 15 0 0 0 0 0 1002 22 0 0 0 0 0 0 
918 106 0 0 0 0 0 0 755 219 50 0 0 0 0 0 1003 21 0 0 0 0 0 0 
721 173 130 0 0 0 0 0 551 259 130 84 0 0 0 0 754 261 9 0 0 0 0 0 
667 329 28 0 0 0 0 0 360 395 255 14 0 0 0 0 684 338 2 0 0 0 0 0 
1024 0 0 0 0 0 0 0 971 53 0 0 0 0 0 0 1024 0 0 0 0 0 0 0 
1024 0 0 0 0 0 0 0 1024 0 0 0 0 0 0 0 1024 0 0 0 0 0 0 0 
1024 0 0 0 0 0 0 0 1005 19 0 0 0 0 0 0 1024 0 0 0 0 0 0 0 
982 42 0 0 0 0 0 0 947 57 20 0 0 0 0 0 962 58 4 0 0 0 0 0 
1024 0 0 0 0 0 0 0 932 92 0 0 0 0 0 0 1020 4 0 0 0 0 0 0 
1024 0 0 0 0 0 0 0 871 153 0 0 0 0 0 0 997 27 0 0 0 0 0 0 
1024 0 0 0 0 0 0 0 1024 0 0 0 0 0 0 0 1024 0 0 0 0 0 0 0 
1024 0 0 0 0 0 0 0 1024 0 0 0 0 0 0 0 1024 0 0 0 0 0 0 0 
1024 0 0 0 0 0 0 0 1024 0 0 0 0 0 0 0 1024 0 0 0 0 0 0 0 
990 34 0 0 0 0 0 0 887 88 49 0 0 0 0 0 965 58 1 0 0 0 0 0 
898 126 0 0 0 0 0 0 731 132 161 0 0 0 0 0 819 179 26 0 0 0 0 0 
1024 0 0 0 0 0 0 0 1024 0 0 0 0 0 0 0 1024 0 0 0 0 0 0 0 
1024 0 0 0 0 0 0 0 1024 0 0 0 0 0 0 0 1024 0 0 0 0 0 0 0 
1024 0 0 0 0 0 0 0 1024 0 0 0 0 0 0 0 1024 0 0 0 0 0 0 0 
766 32 32 24 27 51 84 8 750 42 34 21 26 42 96 13 771 35 33 23 34 95 33 0 
14 30 34 43 46 84 380 393 2 32 32 39 49 69 386 415 28 22 36 47 66 349 454 22 
0 19 38 54 110 147 465 191 0 11 33 44 98 177 444 217 1 32 36 102 192 336 320 5 
0 0 0 0 108 276 441 199 0 0 0 10 175 292 416 131 0 0 17 186 317 412 92 0 
0 0 0 4 163 286 280 291 0 0 0 85 203 226 263 247 0 0 119 197 212 253 241 2 
0 0 0 68 354 379 208 15 0 0 2 243 282 309 175 13 0 19 272 260 252 204 17 0 
0 0 0 770 216 32 6 0 0 0 44 860 89 24 7 0 0 66 777 153 25 3 0 0 
0 0 3 167 222 163 275 194 0 0 22 232 170 178 275 147 0 11 213 189 190 302 119 0 
0 34 439 430 121 0 0 0 0 68 466 411 79 0 0 0 0 377 412 235 0 0 0 0 
0 152 600 231 41 0 0 0 5 235 466 280 38 0 0 0 92 344 444 139 5 0 0 0 
0 18 386 382 238 0 0 0 0 16 329 396 283 0 0 0 0 107 475 368 74 0 0 0 
0 32 218 752 22 0 0 0 0 22 189 696 117 0 0 0 0 92 393 520 19 0 0 0 
0 0 10 127 351 470 66 0 0 0 11 144 311 416 142 0 0 0 117 265 408 230 4 0 
0 0 0 33 413 385 172 21 0 0 0 54 353 426 178 13 0 0 44 201 518 234 27 0 
0 0 1 359 380 270 14 0 0 0 4 400 403 198 19 0 0 0 322 448 215 39 0 0 
0 0 0 0 21 209 204 590 0 0 0 0 0 164 274 586 0 0 0 0 106 302 515 101 
0 0 0 0 76 258 611 79 0 0 0 0 111 256 568 89 0 0 4 120 251 495 154 0 
0 0 0 0 35 356 597 36 0 0 0 0 51 209 670 94 0 0 0 46 104 588 283 3 
0 18 79 128 456 247 82 14 0 0 29 116 387 375 100 17 0 5 63 248 436 243 29 0 
528 66 78 122 167 63 0 0 467 56 78 65 123 188 47 0 483 64 70 76 152 175 4 0 
1024 0 0 0 0 0 0 0 1024 0 0 0 0 0 0 0 1024 0 0 0 0 0 0 0 
1024 0 0 0 0 0 0 0 1024 0 0 0 0 0 0 0 1024 0 0 0 0 0 0 0 
1024 0 0 0 0 0 0 0 1024 0 0 0 0 0 0 0 1024 0 0 0 0 0 0 0 
1024 0 0 0 0 0 0 0 1024 0 0 0 0 0 0 0 1024 0 0 0 0 0 0 0 
1024 0 0 0 0 0 0 0 1024 0 0 0 0 0 0 0 1024 0 0 0 0 0 0 0 
1024 0 0 0 0 0 0 0 1024 0 0 0 0 0 0 0 1023 1 0 0 0 0 0 0 
1003 21 0 0 0 0 0 0 986 27 11 0 0 0 0 0 959 65 0 0 0 0 0 0 
1024 0 0 0 0 0 0 0 1015 9 0 0 0 0 0 0 926 98 0 0 0 0 0 0 
902 122 0 0 0 0 0 0 756 170 87 11 0 0 0 0 858 154 12 0 0 0 0 0 
977 39 8 0 0 0 0 0 883 109 32 0 0 0 0 0 942 71 11 0 0 0 0 0 
975 49 0 0 0 0 0 0 672 343 9 0 0 0 0 0 881 136 7 0 0 0 0 0 
1023 1 0 0 0 0 0 0 783 241 0 0 0 0 0 0 1001 23 0 0 0 0 0 0 
1024 0 0 0 0 0 0 0 997 27 0 0 0 0 0 0 967 57 0 0 0 0 0 0 
1024 0 0 0 0 0 0 0 1024 0 0 0 0 0 0 0 1024 0 0 0 0 0 0 0 
1024 0 0 0 0 0 0 0 1024 0 0 0 0 0 0 0 1021 3 0 0 0 0 0 0 
1024 0 0 0 0 0 0 0 1024 0 0 0 0 0 0 0 1006 18 0 0 0 0 0 0 
1024 0 0 0 0 0 0 0 1011 13 0 0 0 0 0 0 992 32 0 0 0 0 0 0 
1024 0 0 0 0 0 0 0 962 62 0 0 0 0 0 0 914 110 0 0 0 0 0 0 
1024 0 0 0 0 0 0 0 826 198 0 0 0 0 0 0 872 152 0 0 0 0 0 0 
1024 0 0 0 0 0 0 0 1024 0 0 0 0 0 0 0 959 65 0 0 0 0 0 0 
1024 0 0 0 0 0 0 0 1006 18 0 0 0 0 0 0 941 83 0 0 0 0 0 0 
1024 0 0 0 0 0 0 0 1005 19 0 0 0 0 0 0 917 107 0 0 0 0 0 0 
1024 0 0 0 0 0 0 0 957 67 0 0 0 0 0 0 914 110 0 0 0 0 0 0 
1024 0 0 0 0 0 0 0 1019 5 0 0 0 0 0 0 1005 19 0 0 0 0 0 0 
1024 0 0 0 0 0 0 0 940 84 0 0 0 0 0 0 863 161 0 0 0 0 0 0 
1020 4 0 0 0 0 0 0 835 189 0 0 0 0 0 0 759 265 0 0 0 0 0 0 
794 52 43 48 29 28 27 3 528 286 51 48 41 31 31 8 583 253 48 57 31 31 21 0 
0 0 0 0 5 53 414 552 0 0 0 0 2 86 485 451 0 0 0 1 138 425 451 9 
0 0 0 0 53 330 474 167 0 0 0 3 183 321 389 128 0 0 20 252 257 362 129 4 
0 0 0 36 208 245 474 61 0 0 1 103 238 281 370 31 0 18 146 212 312 300 36 0 
0 0 0 6 183 304 267 264 0 0 0 73 249 248 241 213 0 2 144 212 234 241 191 0 
0 0 0 3 185 472 279 85 0 0 0 21 304 464 196 39 0 0 25 317 482 175 25 0 
0 0 28 438 167 84 284 23 0 0 57 455 122 103 278 9 0 51 418 166 121 261 7 0 
0 0 0 177 277 246 274 50 0 0 0 249 252 267 223 33 0 0 253 276 283 187 25 0 
0 139 496 356 32 1 0 0 0 154 537 324 9 0 0 0 0 521 478 25 0 0 0 0 
20 517 483 4 0 0 0 0 82 462 473 7 0 0 0 0 307 427 290 0 0 0 0 0 
0 41 819 164 0 0 0 0 0 42 707 275 0 0 0 0 0 233 752 39 0 0 0 0 
0 21 426 577 0 0 0 0 0 11 153 836 24 0 0 0 0 25 589 408 2 0 0 0 
0 0 47 301 273 274 117 12 0 0 43 314 253 282 105 27 0 0 256 310 308 103 47 0 
0 0 21 394 404 132 71 2 0 0 0 315 442 149 96 22 0 0 118 546 216 104 40 0 
0 0 318 606 100 0 0 0 0 0 336 584 104 0 0 0 0 96 749 177 2 0 0 0 
0 0 0 95 179 268 304 178 0 0 0 88 146 332 305 153 0 0 53 169 328 321 153 0 
0 0 0 83 443 432 66 0 0 0 8 227 339 372 78 0 0 7 262 289 339 127 0 0 
0 0 29 332 310 324 29 0 0 0 27 184 386 350 77 0 0 21 101 370 352 172 8 0 
0 0 74 520 294 123 12 1 0 0 8 313 511 180 12 0 0 0 80 537 356 49 2 0 
276 54 55 278 358 3 0 0 233 58 46 87 365 235 0 0 242 49 40 177 383 133 0 0 
1024 0 0 0 0 0 0 0 1024 0 0 0 0 0 0 0 1024 0 0 0 0 0 0 0 
1024 0 0 0 0 0 0 0 1024 0 0 0 0 0 0 0 1024 0 0 0 0 0 0 0 
445 164 184 230 1 0 0 0 363 100 141 139 265 16 0 0 391 123 110 154 237 9 0 0 
1024 0 0 0 0 0 0 0 1024 0 0 0 0 0 0 0 1024 0 0 0 0 0 0 0 
952 25 28 19 0 0 0 0 944 26 33 21 0 0 0 0 958 66 0 0 0 0 0 0 
650 179 168 27 0 0 0 0 540 184 188 109 3 0 0 0 665 336 23 0 0 0 0 0 
739 157 128 0 0 0 0 0 655 171 145 53 0 0 0 0 750 240 34 0 0 0 0 0 
1001 23 0 0 0 0 0 0 924 89 11 0 0 0 0 0 833 191 0 0 0 0 0 0 
1013 11 0 0 0 0 0 0 920 104 0 0 0 0 0 0 918 104 2 0 0 0 0 0 
1018 6 0 0 0 0 0 0 894 130 0 0 0 0 0 0 897 127 0 0 0 0 0 0 
985 39 0 0 0 0 0 0 910 103 11 0 0 0 0 0 997 27 0 0 0 0 0 0 
1024 0 0 0 0 0 0 0 1021 3 0 0 0 0 0 0 1010 14 0 0 0 0 0 0 
1024 0 0 0 0 0 0 0 880 144 0 0 0 0 0 0 852 172 0 0 0 0 0 0 
1024 0 0 0 0 0 0 0 1022 2 0 0 0 0 0 0 1019 5 0 0 0 0 0 0 
1024 0 0 0 0 0 0 0 1024 0 0 0 0 0 0 0 1024 0 0 0 0 0 0 0 
1024 0 0 0 0 0 0 0 996 28 0 0 0 0 0 0 1024 0 0 0 0 0 0 0 
1024 0 0 0 0 0 0 0 1013 11 0 0 0 0 0 0 1023 1 0 0 0 0 0 0 
1024 0 0 0 0 0 0 0 832 192 0 0 0 0 0 0 799 225 0 0 0 0 0 0 
1024 0 0 0 0 0 0 0 981 43 0 0 0 0 0 0 1024 0 0 0 0 0 0 0 
1024 0 0 0 0 0 0 0 1024 0 0 0 0 0 0 0 1024 0 0 0 0 0 0 0 
1024 0 0 0 0 0 0 0 1024 0 0 0 0 0 0 0 1024 0 0 0 0 0 0 0 
980 44 0 0 0 0 0 0 850 157 17 0 0 0 0 0 836 188 0 0 0 0 0 0 
1024 0 0 0 0 0 0 0 887 137 0 0 0 0 0 0 860 164 0 0 0 0 0 0 
1024 0 0 0 0 0 0 0 946 78 0 0 0 0 0 0 947 77 0 0 0 0 0 0 
768 256 0 0 0 0 0 0 503 521 0 0 0 0 0 0 498 526 0 0 0 0 0 0 
877 147 0 0 0 0 0 0 196 828 0 0 0 0 0 0 255 769 0 0 0 0 0 0 
437 301 60 52 41 56 61 16 77 625 67 59 51 44 62 39 80 652 64 61 50 61 53 3 
0 0 0 0 0 96 476 452 0 0 0 0 23 208 402 391 0 0 3 64 256 389 303 9 
0 0 0 0 157 531 253 83 0 0 0 30 272 485 174 63 0 0 46 340 432 164 42 0 
0 0 9 278 273 266 198 0 0 0 111 299 248 233 133 0 0 184 275 249 221 95 0 0 
0 0 0 100 434 272 139 79 0 0 12 255 439 149 107 62 0 79 342 351 122 113 17 0 
0 0 0 13 228 271 235 277 0 0 0 61 274 263 229 197 0 0 92 276 266 273 117 0 
0 0 155 155 188 232 193 101 0 24 230 71 228 247 176 48 33 224 64 241 262 182 18 0 
0 0 138 301 295 186 98 6 0 1 202 298 262 177 80 4 0 198 317 247 176 85 1 0 
0 94 459 223 54 52 117 25 0 136 397 248 56 48 116 23 23 245 504 52 59 126 15 0 
19 387 618 0 0 0 0 0 80 362 582 0 0 0 0 0 225 686 113 0 0 0 0 0 
0 416 605 3 0 0 0 0 0 367 641 16 0 0 0 0 33 683 308 0 0 0 0 0 
0 8 922 94 0 0 0 0 0 1 635 388 0 0 0 0 0 52 959 13 0 0 0 0 
0 0 18 232 124 157 447 46 0 0 9 245 124 164 447 35 0 0 142 204 182 465 31 0 
0 9 423 282 100 168 42 0 0 4 171 507 80 200 62 0 0 22 537 184 209 72 0 0 
0 116 847 61 0 0 0 0 0 186 664 174 0 0 0 0 21 617 344 42 0 0 0 0 
0 11 128 226 318 267 53 21 0 4 127 254 342 234 43 20 0 80 305 353 222 47 17 0 
0 0 119 684 217 4 0 0 0 14 326 525 154 5 0 0 16 328 490 165 25 0 0 0 
0 59 326 546 93 0 0 0 0 71 241 493 213 6 0 0 0 223 252 463 86 0 0 0 
0 3 505 416 100 0 0 0 0 0 194 418 412 0 0 0 0 21 378 390 235 0 0 0 
140 87 172 590 35 0 0 0 81 78 80 372 408 5 0 0 77 81 157 431 263 15 0 0 
638 386 0 0 0 0 0 0 377 481 166 0 0 0 0 0 534 490 0 0 0 0 0 0 
949 39 27 9 0 0 0 0 937 36 34 15 2 0 0 0 940 35 32 14 3 0 0 0 
14 88 227 508 54 28 55 50 2 41 112 209 502 36 37 85 18 82 147 190 452 40 79 16 
642 55 71 161 95 0 0 0 593 60 63 73 157 78 0 0 633 65 72 219 35 0 0 0 
481 116 142 251 34 0 0 0 386 153 118 105 175 87 0 0 458 207 90 243 26 0 0 0 
469 157 111 233 54 0 0 0 355 174 115 123 201 56 0 0 435 200 118 267 4 0 0 0 
524 104 118 277 1 0 0 0 440 129 99 204 152 0 0 0 495 159 214 156 0 0 0 0 
558 78 169 219 0 0 0 0 463 115 78 189 179 0 0 0 463 169 259 133 0 0 0 0 
518 69 144 255 38 0 0 0 448 81 64 173 252 6 0 0 473 102 217 231 1 0 0 0 
599 145 169 111 0 0 0 0 393 250 115 161 105 0 0 0 480 261 206 77 0 0 0 0 
271 168 249 290 46 0 0 0 176 195 140 248 265 0 0 0 268 272 345 139 0 0 0 0 
504 60 100 275 85 0 0 0 415 105 65 99 327 13 0 0 415 155 180 263 11 0 0 0 
447 76 112 205 184 0 0 0 338 131 69 134 306 46 0 0 342 183 138 281 80 0 0 0 
444 71 78 157 274 0 0 0 355 129 66 91 331 52 0 0 382 157 82 276 127 0 0 0 
485 60 64 154 261 0 0 0 429 72 57 80 286 100 0 0 465 77 77 254 151 0 0 0 
452 65 87 166 254 0 0 0 394 59 63 106 368 34 0 0 439 79 107 316 83 0 0 0 
410 76 111 218 209 0 0 0 306 113 75 125 354 51 0 0 345 136 162 349 32 0 0 0 
390 120 128 304 82 0 0 0 243 175 105 149 347 5 0 0 256 271 175 292 30 0 0 0 
384 70 96 272 202 0 0 0 341 59 72 98 438 16 0 0 368 88 121 398 49 0 0 0 
373 59 110 296 186 0 0 0 317 65 64 115 457 6 0 0 363 82 165 409 5 0 0 0 
265 117 143 435 64 0 0 0 151 152 100 179 440 2 0 0 201 181 308 334 0 0 0 0 
112 190 227 368 127 0 0 0 38 69 172 322 386 37 0 0 64 355 362 220 23 0 0 0 
277 118 255 366 8 0 0 0 120 161 118 334 291 0 0 0 181 192 279 347 25 0 0 0 
312 67 97 327 221 0 0 0 157 153 70 114 522 8 0 0 177 186 220 344 97 0 0 0 
189 120 109 275 331 0 0 0 80 168 75 134 500 67 0 0 97 227 170 401 129 0 0 0 
148 123 122 369 262 0 0 0 13 187 90 208 504 22 0 0 18 268 260 390 88 0 0 0 
37 148 111 465 248 9 6 0 0 110 101 185 589 30 9 0 2 176 288 439 107 9 3 0 
0 0 0 28 128 219 488 161 0 0 0 2 145 230 559 88 0 0 26 171 277 487 63 0 
0 0 0 0 3 226 508 287 0 0 0 0 29 289 462 244 0 0 0 58 310 537 119 0 
0 0 183 468 285 86 2 0 0 5 349 494 129 47 0 0 17 398 453 116 40 0 0 0 
0 0 11 378 528 89 18 0 0 0 127 502 332 57 6 0 1 259 547 179 38 0 0 0 
0 0 0 8 86 296 409 225 0 0 0 37 188 274 432 93 0 5 80 242 298 376 23 0 
0 0 184 172 366 78 84 140 0 41 183 229 302 69 109 91 41 176 314 253 66 159 15 0 
0 3 162 336 137 125 241 20 0 40 193 276 127 123 240 25 36 196 273 128 115 255 21 0 
0 10 134 310 111 147 272 40 0 12 161 279 111 194 255 12 0 91 347 124 249 211 2 0 
172 406 244 33 29 37 94 9 261 309 247 33 27 36 93 18 440 331 67 25 40 81 40 0 
0 451 573 0 0 0 0 0 0 521 503 0 0 0 0 0 42 946 36 0 0 0 0 0 
0 74 796 149 5 0 0 0 0 59 753 207 5 0 0 0 11 410 590 13 0 0 0 0 
0 0 3 47 92 128 582 172 0 0 3 59 78 157 623 104 0 3 44 91 192 601 93 0 
0 0 453 169 235 164 3 0 0 0 412 185 251 174 2 0 0 256 295 247 226 0 0 0 
0 484 532 8 0 0 0 0 1 444 490 89 0 0 0 0 147 603 274 0 0 0 0 0 
0 135 259 281 297 52 0 0 0 118 291 345 243 27 0 0 25 314 388 268 29 0 0 0 
0 7 358 241 102 108 155 53 0 123 259 189 140 104 145 64 77 266 165 165 121 138 90 2 
0 167 459 376 22 0 0 0 0 196 281 358 189 0 0 0 12 369 267 232 144 0 0 0 
0 18 541 443 22 0 0 0 0 9 217 548 250 0 0 0 0 45 518 441 20 0 0 0 
60 67 484 383 30 0 0 0 33 43 267 365 316 0 0 0 42 138 408 371 65 0 0 0 
152 119 333 420 0 0 0 0 118 107 118 209 472 0 0 0 218 157 603 46 0 0 0 0 
450 98 155 228 56 37 0 0 400 100 97 160 200 44 23 0 440 98 156 135 158 35 2 0 
0 0 61 339 150 226 222 26 0 0 0 150 278 209 267 120 0 0 23 233 288 293 185 2 
0 0 72 871 81 0 0 0 0 0 0 0 493 531 0 0 0 0 465 559 0 0 0 0 
0 0 72 938 14 0 0 0 0 0 0 0 590 434 0 0 0 0 506 518 0 0 0 0 
0 0 198 737 89 0 0 0 0 0 0 0 621 403 0 0 0 0 479 545 0 0 0 0 
0 0 75 887 62 0 0 0 0 0 0 0 705 319 0 0 0 0 554 470 0 0 0 0 
0 0 74 917 33 0 0 0 0 0 0 0 552 472 0 0 0 0 535 489 0 0 0 0 
0 0 58 946 20 0 0 0 0 0 0 2 531 491 0 0 0 0 449 575 0 0 0 0 
320 188 188 324 4 0 0 0 116 223 137 128 195 225 0 0 231 271 307 215 0 0 0 0 
0 0 120 846 58 0 0 0 0 0 0 13 409 602 0 0 0 0 450 574 0 0 0 0 
0 0 27 963 34 0 0 0 0 0 0 0 341 683 0 0 0 0 346 678 0 0 0 0 
0 0 27 827 170 0 0 0 0 0 0 0 253 771 0 0 0 0 274 750 0 0 0 0 
0 0 54 826 144 0 0 0 0 0 0 0 339 685 0 0 0 0 329 695 0 0 0 0 
0 0 37 901 86 0 0 0 0 0 0 0 367 657 0 0 0 0 309 715 0 0 0 0 
0 0 75 859 90 0 0 0 0 0 0 0 258 766 0 0 0 0 258 766 0 0 0 0 
0 0 24 989 11 0 0 0 0 0 0 0 331 693 0 0 0 0 363 661 0 0 0 0 
0 0 52 972 0 0 0 0 0 0 0 0 608 416 0 0 0 0 567 457 0 0 0 0 
0 0 43 962 19 0 0 0 0 0 0 0 529 495 0 0 0 0 519 505 0 0 0 0 
0 0 88 869 67 0 0 0 0 0 0 1 504 519 0 0 0 1 427 596 0 0 0 0 
0 0 0 995 29 0 0 0 0 0 0 0 592 432 0 0 0 0 369 655 0 0 0 0 
0 0 132 840 52 0 0 0 0 0 0 3 867 154 0 0 0 0 604 420 0 0 0 0 
0 0 180 844 0 0 0 0 0 0 0 10 997 17 0 0 0 0 804 220 0 0 0 0 
0 0 102 908 14 0 0 0 0 0 0 0 880 144 0 0 0 0 808 216 0 0 0 0 
0 0 18 990 16 0 0 0 0 0 0 0 506 518 0 0 0 0 453 571 0 0 0 0 
0 0 4 1001 19 0 0 0 0 0 0 0 768 256 0 0 0 0 681 343 0 0 0 0 
0 0 4 745 263 12 0 0 0 0 0 0 513 499 12 0 0 0 433 574 15 2 0 0 
0 0 0 168 211 183 273 189 0 0 0 0 133 369 309 213 0 0 64 323 200 276 161 0 
0 0 0 0 1 72 443 508 0 0 0 0 29 97 499 399 0 0 1 63 103 512 345 0 
0 0 25 401 169 165 206 58 0 0 127 371 114 191 197 24 0 199 319 102 212 172 20 0 
0 0 46 624 272 64 18 0 0 0 363 497 105 53 6 0 30 588 305 65 34 2 0 0 
0 0 0 9 56 208 510 241 0 0 0 23 85 314 489 113 0 0 42 148 368 430 36 0 
0 3 206 347 144 82 205 37 0 32 225 373 93 135 156 10 46 234 388 91 157 108 0 0 
0 0 374 165 106 78 259 42 0 74 363 111 94 81 266 35 64 373 113 95 89 268 22 0 
0 0 134 323 223 202 139 3 0 0 174 322 206 242 79 1 0 96 400 210 254 63 1 0 
119 383 65 37 38 95 282 5 240 260 49 44 40 95 284 12 458 81 52 42 122 253 16 0 
9 422 519 61 13 0 0 0 19 459 462 69 15 0 0 0 120 774 110 19 1 0 0 0 
0 171 432 169 162 76 14 0 0 178 400 172 166 91 17 0 33 493 202 163 107 23 3 0 
0 0 8 28 66 260 590 72 0 0 7 27 74 348 547 21 0 6 34 155 373 448 8 0 
0 128 442 130 237 78 9 0 0 97 417 206 246 55 3 0 3 426 283 271 41 0 0 0 
14 663 347 0 0 0 0 0 64 587 373 0 0 0 0 0 389 580 55 0 0 0 0 0 
108 324 149 119 237 85 2 0 78 345 152 129 190 127 3 0 297 227 116 185 183 16 0 0 
0 91 237 233 213 146 104 0 0 128 187 171 256 166 115 1 22 225 132 263 221 150 11 0 
0 370 309 345 0 0 0 0 0 330 285 287 122 0 0 0 104 390 170 318 42 0 0 0 
0 6 572 446 0 0 0 0 0 0 138 803 83 0 0 0 0 14 768 242 0 0 0 0 
0 24 628 370 2 0 0 0 0 7 373 135 482 27 0 0 0 270 432 276 46 0 0 0 
0 0 409 615 0 0 0 0 0 0 0 26 989 9 0 0 0 4 972 48 0 0 0 0 
19 118 268 542 73 4 0 0 3 47 138 370 411 55 0 0 4 61 183 561 192 23 0 0 
0 0 195 264 224 218 108 15 0 0 40 192 251 277 199 65 0 0 118 302 274 222 94 14 
0 0 206 818 0 0 0 0 0 0 0 0 746 278 0 0 0 0 959 65 0 0 0 0 
0 0 155 869 0 0 0 0 0 0 0 0 638 386 0 0 0 0 862 162 0 0 0 0 
0 0 107 917 0 0 0 0 0 0 0 0 645 379 0 0 0 0 723 301 0 0 0 0 
0 5 200 819 0 0 0 0 0 0 2 8 689 325 0 0 2 8 727 287 0 0 0 0 
0 0 48 976 0 0 0 0 0 0 0 0 690 334 0 0 0 0 897 127 0 0 0 0 
0 0 44 977 3 0 0 0 0 0 0 0 797 227 0 0 0 0 723 301 0 0 0 0 
149 192 290 393 0 0 0 0 46 99 166 186 365 162 0 0 121 243 617 43 0 0 0 0 
0 6 368 645 5 0 0 0 0 0 0 52 929 43 0 0 0 22 778 224 0 0 0 0 
0 57 324 643 0 0 0 0 0 0 0 55 942 27 0 0 0 63 837 124 0 0 0 0 
0 85 246 693 0 0 0 0 0 0 0 60 884 80 0 0 0 49 896 79 0 0 0 0 
1 145 243 635 0 0 0 0 0 0 0 127 847 50 0 0 0 100 885 39 0 0 0 0 
3 334 224 463 0 0 0 0 0 0 0 329 664 31 0 0 0 295 658 71 0 0 0 0 
60 306 171 487 0 0 0 0 0 0 27 322 648 27 0 0 0 303 715 6 0 0 0 0 
0 273 258 493 0 0 0 0 0 0 0 230 642 152 0 0 0 196 795 33 0 0 0 0 
50 361 168 445 0 0 0 0 0 0 12 394 436 182 0 0 0 370 629 25 0 0 0 0 
129 284 191 420 0 0 0 0 0 0 40 371 378 235 0 0 0 391 624 9 0 0 0 0 
47 343 221 413 0 0 0 0 0 0 25 352 439 208 0 0 0 336 608 80 0 0 0 0 
171 180 219 454 0 0 0 0 0 0 79 261 459 225 0 0 0 329 579 116 0 0 0 0 
111 241 324 348 0 0 0 0 0 0 111 303 568 42 0 0 0 357 592 75 0 0 0 0 
57 260 389 318 0 0 0 0 0 0 40 335 567 82 0 0 0 320 681 23 0 0 0 0 
33 254 284 453 0 0 0 0 0 0 3 281 576 164 0 0 0 275 733 16 0 0 0 0 
70 159 155 640 0 0 0 0 0 0 27 193 493 311 0 0 0 221 712 91 0 0 0 0 
96 165 208 527 28 0 0 0 0 0 65 160 490 309 0 0 0 223 701 100 0 0 0 0 
0 85 129 308 204 116 161 21 0 0 4 136 287 318 256 23 0 95 331 265 127 203 3 0 
0 10 134 178 171 93 297 141 0 0 0 116 161 239 320 188 0 93 188 188 89 368 98 0 
0 0 0 0 40 135 344 505 0 0 0 1 85 136 339 463 0 0 15 126 135 409 339 0 
0 0 0 16 51 225 494 238 0 0 0 26 47 393 394 164 0 0 29 70 462 320 142 1 
0 0 3 281 286 197 212 45 0 0 132 307 184 163 195 43 11 287 221 136 157 192 20 0 
0 0 0 40 175 229 428 152 0 0 2 65 191 273 426 67 0 19 117 187 367 316 18 0 
0 0 137 348 116 178 190 55 0 10 167 369 81 239 151 7 18 189 368 118 230 99 2 0 
0 0 260 129 111 154 286 84 0 11 305 92 105 149 312 50 41 282 93 107 173 302 26 0 
0 0 12 76 189 381 343 23 0 0 12 83 214 424 282 9 0 13 84 229 414 259 25 0 
62 259 44 45 62 155 324 73 155 152 47 34 58 201 360 17 302 47 38 60 252 320 5 0 
61 448 372 63 36 44 0 0 197 456 229 63 36 43 0 0 344 518 73 35 54 0 0 0 
2 146 329 71 98 166 186 26 8 137 330 71 77 176 196 29 79 347 90 73 162 223 50 0 
0 0 38 217 385 317 67 0 0 0 60 238 419 273 34 0 0 57 257 468 229 13 0 0 
0 311 271 142 179 113 8 0 0 314 242 154 201 102 11 0 114 381 221 200 101 7 0 0 
24 591 388 21 0 0 0 0 58 609 346 11 0 0 0 0 445 538 41 0 0 0 0 0 
98 413 135 289 87 2 0 0 208 244 134 241 186 11 0 0 363 163 158 310 30 0 0 0 
0 109 383 462 70 0 0 0 0 115 277 433 192 7 0 0 25 248 276 438 37 0 0 0 
0 250 649 125 0 0 0 0 0 191 350 476 7 0 0 0 22 350 302 350 0 0 0 0 
0 0 459 479 86 0 0 0 0 1 164 629 230 0 0 0 0 31 680 313 0 0 0 0 
26 173 513 312 0 0 0 0 0 70 293 403 257 1 0 0 26 382 502 104 10 0 0 0 
75 238 281 430 0 0 0 0 0 89 246 337 352 0 0 0 72 290 537 125 0 0 0 0 
0 81 597 346 0 0 0 0 0 0 221 655 148 0 0 0 0 17 413 581 13 0 0 0 
82 106 196 287 316 37 0 0 0 54 146 243 283 277 21 0 34 145 188 222 271 164 0 0 
0 9 613 402 0 0 0 0 0 0 0 0 941 83 0 0 0 58 951 15 0 0 0 0 
0 0 392 632 0 0 0 0 0 0 0 0 932 92 0 0 0 0 994 30 0 0 0 0 
0 0 538 486 0 0 0 0 0 0 0 1 959 64 0 0 0 0 1000 24 0 0 0 0 
0 0 623 401 0 0 0 0 0 0 0 0 917 107 0 0 0 2 943 79 0 0 0 0 
0 0 510 514 0 0 0 0 0 0 0 0 884 140 0 0 0 0 999 25 0 0 0 0 
0 0 336 688 0 0 0 0 0 0 0 3 968 53 0 0 0 3 980 41 0 0 0 0 
1 6 453 564 0 0 0 0 0 0 1 8 933 82 0 0 3 17 953 51 0 0 0 0 
0 0 431 593 0 0 0 0 0 0 0 0 806 218 0 0 0 40 852 132 0 0 0 0 
0 12 330 682 0 0 0 0 0 0 0 9 807 208 0 0 0 11 858 155 0 0 0 0 
0 25 465 534 0 0 0 0 0 0 0 14 688 322 0 0 0 10 770 244 0 0 0 0 
1 144 217 662 0 0 0 0 0 0 2 128 482 412 0 0 0 89 728 207 0 0 0 0 
40 293 230 461 0 0 0 0 0 0 10 311 451 252 0 0 0 241 731 52 0 0 0 0 
187 205 132 500 0 0 0 0 0 0 140 252 363 269 0 0 0 300 552 172 0 0 0 0 
267 178 77 497 5 0 0 0 0 0 227 223 229 345 0 0 0 419 372 233 0 0 0 0 
168 304 79 455 18 0 0 0 0 0 185 269 236 334 0 0 1 356 415 252 0 0 0 0 
190 251 74 509 0 0 0 0 0 0 178 288 315 243 0 0 1 413 424 186 0 0 0 0 
283 148 84 495 14 0 0 0 0 0 270 185 355 214 0 0 5 413 382 224 0 0 0 0 
402 86 77 453 6 0 0 0 0 0 416 119 221 268 0 0 0 458 280 286 0 0 0 0 
110 311 179 424 0 0 0 0 0 0 221 326 299 178 0 0 0 386 483 155 0 0 0 0 
103 273 251 397 0 0 0 0 0 7 146 300 467 104 0 0 0 317 634 73 0 0 0 0 
0 104 441 478 1 0 0 0 0 0 0 127 687 210 0 0 0 65 747 212 0 0 0 0 
26 175 300 522 1 0 0 0 0 0 33 224 572 195 0 0 0 135 660 229 0 0 0 0 
82 330 158 410 44 0 0 0 0 0 103 374 321 226 0 0 0 329 394 301 0 0 0 0 
28 72 134 196 105 127 267 95 0 0 54 98 218 208 374 72 0 100 199 201 158 316 50 0 
0 0 159 166 148 220 326 5 0 0 0 139 199 227 383 76 0 24 226 178 196 315 85 0 
0 0 0 0 50 278 395 301 0 0 0 1 34 241 421 327 0 0 4 49 245 437 289 0 
0 0 0 39 228 411 217 129 0 0 0 117 304 350 183 70 0 11 141 350 305 169 48 0 
0 0 0 57 134 361 408 64 0 0 17 75 130 362 401 39 0 41 117 95 365 382 24 0 
0 0 0 59 369 370 195 31 0 0 1 158 304 366 170 25 0 79 257 184 337 156 11 0 
0 0 12 151 443 383 35 0 0 0 29 208 441 326 20 0 2 46 258 427 270 21 0 0 
0 13 348 114 62 135 282 70 0 119 276 89 75 151 266 48 183 211 91 109 156 242 32 0 
0 0 0 182 436 323 83 0 0 0 10 339 337 282 56 0 0 59 356 280 271 58 0 0 
50 165 59 52 255 381 62 0 92 118 54 92 312 302 54 0 210 58 110 343 270 33 0 0 
60 420 275 116 81 58 14 0 152 435 169 106 82 67 13 0 393 332 97 99 73 29 1 0 
0 21 267 87 274 184 191 0 0 5 274 85 231 218 208 3 0 251 94 138 303 216 22 0 
0 0 78 418 417 97 10 4 0 0 124 452 380 68 0 0 0 113 449 393 68 1 0 0 
0 60 119 100 141 156 122 326 1 166 182 253 260 131 31 0 117 178 287 270 152 20 0 0 
0 3 59 51 38 54 247 572 7 144 284 171 190 205 23 0 88 294 186 194 209 53 0 0 
0 44 78 372 135 167 141 87 55 279 200 363 89 28 10 0 190 251 266 259 41 17 0 0 
0 261 521 234 8 0 0 0 0 345 348 303 28 0 0 0 151 450 319 104 0 0 0 0 
0 225 654 145 0 0 0 0 0 165 474 378 7 0 0 0 49 287 626 62 0 0 0 0 
0 85 575 273 91 0 0 0 0 26 399 426 172 1 0 0 18 193 563 250 0 0 0 0 
292 250 248 231 3 0 0 0 0 355 240 281 148 0 0 0 229 354 362 79 0 0 0 0 
194 143 453 222 12 0 0 0 0 196 203 547 77 1 0 0 94 338 480 112 0 0 0 0 
0 99 650 275 0 0 0 0 0 28 271 618 107 0 0 0 0 94 512 418 0 0 0 0 
244 214 237 294 35 0 0 0 19 211 191 303 276 24 0 0 167 270 156 249 177 5 0 0 
0 0 0 890 134 0 0 0 0 0 0 0 471 553 0 0 0 0 859 165 0 0 0 0 
0 0 0 994 30 0 0 0 0 0 0 0 432 592 0 0 0 0 819 205 0 0 0 0 
0 0 5 921 98 0 0 0 0 0 0 0 418 606 0 0 0 0 1013 11 0 0 0 0 
0 0 0 790 234 0 0 0 0 0 0 0 290 734 0 0 0 0 754 270 0 0 0 0 
0 0 1 820 203 0 0 0 0 0 0 0 229 795 0 0 0 0 752 272 0 0 0 0 
0 0 0 784 240 0 0 0 0 0 0 0 323 701 0 0 0 0 627 397 0 0 0 0 
0 0 6 906 112 0 0 0 0 0 0 1 307 716 0 0 0 2 727 295 0 0 0 0 
0 0 0 768 256 0 0 0 0 0 0 0 274 750 0 0 0 0 735 289 0 0 0 0 
0 0 0 594 430 0 0 0 0 0 0 0 310 714 0 0 0 0 698 326 0 0 0 0 
0 0 0 405 619 0 0 0 0 0 0 0 239 785 0 0 0 0 677 347 0 0 0 0 
0 0 0 741 283 0 0 0 0 0 0 0 300 724 0 0 0 0 697 327 0 0 0 0 
0 0 0 629 395 0 0 0 0 0 0 0 223 801 0 0 0 0 657 367 0 0 0 0 
0 0 0 666 358 0 0 0 0 0 0 0 214 810 0 0 0 0 778 246 0 0 0 0 
0 0 0 686 338 0 0 0 0 0 0 0 212 812 0 0 0 0 811 213 0 0 0 0 
0 0 0 791 233 0 0 0 0 0 0 0 292 732 0 0 0 0 908 116 0 0 0 0 
0 0 0 640 384 0 0 0 0 0 0 0 345 679 0 0 0 0 784 240 0 0 0 0 
0 0 0 656 368 0 0 0 0 0 0 0 286 738 0 0 0 0 817 207 0 0 0 0 
0 0 0 541 483 0 0 0 0 0 0 0 414 610 0 0 0 0 806 218 0 0 0 0 
0 0 0 616 408 0 0 0 0 0 0 0 483 541 0 0 0 0 740 284 0 0 0 0 
0 0 0 814 210 0 0 0 0 0 0 0 460 564 0 0 0 0 902 122 0 0 0 0 
0 0 0 532 492 0 0 0 0 0 0 0 504 520 0 0 0 0 946 78 0 0 0 0 
0 0 0 436 580 8 0 0 0 0 0 0 513 511 0 0 0 0 692 332 0 0 0 0 
0 0 0 628 396 0 0 0 0 0 0 0 614 410 0 0 0 0 770 254 0 0 0 0 
0 0 0 340 231 83 183 187 0 0 0 0 351 252 257 164 0 0 328 236 105 245 110 0 
0 0 0 0 66 334 562 62 0 0 0 0 126 271 526 101 0 0 11 151 287 455 120 0 
0 0 0 6 159 313 348 198 0 0 0 12 152 300 310 250 0 0 15 170 266 349 224 0 
0 0 15 346 153 130 216 164 0 0 154 279 168 119 184 120 0 210 294 142 147 197 34 0 
0 0 0 43 187 498 286 10 0 0 3 64 195 538 221 3 0 5 74 250 513 180 2 0 
0 0 0 104 539 286 95 0 0 0 4 238 485 243 54 0 1 51 386 341 222 23 0 0 
0 0 50 687 277 10 0 0 0 0 121 627 265 11 0 0 0 123 620 265 16 0 0 0 
0 94 465 151 72 50 142 50 0 170 399 142 74 67 159 13 234 375 125 62 113 111 4 0 
0 0 102 360 298 167 96 1 0 14 247 288 253 179 43 0 14 296 275 261 164 14 0 0 
0 79 174 188 469 110 4 0 9 87 139 239 427 118 5 0 86 142 286 382 121 7 0 0 
9 376 448 103 70 15 3 0 43 374 406 105 58 35 3 0 322 440 144 57 57 4 0 0 
0 17 61 154 547 224 21 0 0 12 56 91 549 279 37 0 2 59 40 439 394 90 0 0 
0 10 132 395 354 133 0 0 0 10 194 379 310 130 1 0 2 210 378 313 121 0 0 0 
0 0 0 47 115 117 246 499 0 47 209 325 275 163 5 0 94 156 283 241 226 24 0 0 
0 0 0 20 213 438 195 158 286 423 164 89 53 9 0 0 632 165 103 93 31 0 0 0 
0 9 225 338 284 128 31 9 301 170 241 280 30 2 0 0 388 165 430 36 5 0 0 0 
0 94 436 157 141 100 50 46 59 309 355 136 118 47 0 0 313 399 164 125 23 0 0 0 
0 55 186 201 244 142 76 120 375 193 280 115 54 7 0 0 515 260 184 56 8 1 0 0 
31 399 473 97 24 0 0 0 5 167 542 261 49 0 0 0 58 466 412 86 2 0 0 0 
0 162 482 339 40 1 0 0 0 13 232 423 338 18 0 0 28 414 471 111 0 0 0 0 
0 41 519 421 41 2 0 0 0 9 174 514 317 10 0 0 26 178 733 87 0 0 0 0 
0 96 777 145 6 0 0 0 0 29 507 469 19 0 0 0 0 250 570 204 0 0 0 0 
0 0 171 789 64 0 0 0 0 0 0 141 808 75 0 0 0 53 637 196 138 0 0 0 
0 0 16 419 583 6 0 0 0 0 0 317 703 4 0 0 0 36 783 205 0 0 0 0 
0 4 63 584 373 0 0 0 0 0 36 388 595 5 0 0 7 102 718 197 0 0 0 0 
0 0 0 278 692 54 0 0 0 0 0 255 763 6 0 0 0 23 676 325 0 0 0 0 
0 0 0 200 820 4 0 0 0 0 0 228 785 11 0 0 0 0 790 234 0 0 0 0 
0 0 31 476 516 1 0 0 0 0 23 385 606 10 0 0 0 63 743 218 0 0 0 0 
0 0 48 692 253 31 0 0 0 0 48 487 441 48 0 0 0 49 834 141 0 0 0 0 
0 0 37 576 299 112 0 0 0 0 21 371 480 152 0 0 0 41 751 220 12 0 0 0 
0 0 75 592 271 86 0 0 0 0 56 345 467 156 0 0 0 103 679 239 3 0 0 0 
0 0 79 603 232 110 0 0 0 0 17 366 485 156 0 0 0 74 708 232 10 0 0 0 
0 0 90 205 605 124 0 0 0 0 71 212 563 178 0 0 0 103 545 376 0 0 0 0 
0 0 31 404 491 98 0 0 0 0 35 289 566 134 0 0 0 98 672 232 22 0 0 0 
0 0 33 707 284 0 0 0 0 0 23 333 620 48 0 0 0 67 775 182 0 0 0 0 
0 0 0 623 396 5 0 0 0 0 0 352 608 64 0 0 0 13 872 139 0 0 0 0 
0 0 104 686 234 0 0 0 0 0 84 358 511 71 0 0 0 110 742 172 0 0 0 0 
0 0 109 727 188 0 0 0 0 0 25 532 465 2 0 0 3 165 828 28 0 0 0 0 
0 0 43 558 420 3 0 0 0 0 14 467 543 0 0 0 0 25 959 40 0 0 0 0 
0 0 93 569 362 0 0 0 0 0 1 372 611 40 0 0 0 53 814 157 0 0 0 0 
0 0 12 757 255 0 0 0 0 0 0 349 629 46 0 0 0 35 871 118 0 0 0 0 
0 0 28 416 580 0 0 0 0 0 4 288 725 7 0 0 0 59 837 128 0 0 0 0 
0 0 37 404 507 76 0 0 0 0 12 238 674 100 0 0 0 63 788 171 2 0 0 0 
0 0 34 438 546 6 0 0 0 0 7 246 732 39 0 0 0 47 774 203 0 0 0 0 
0 0 27 373 536 88 0 0 0 0 0 163 725 136 0 0 0 18 687 317 2 0 0 0 
0 0 0 243 675 106 0 0 0 0 0 130 736 158 0 0 0 21 795 199 9 0 0 0 
0 0 8 166 481 193 131 45 0 0 0 128 464 231 157 44 0 24 435 242 148 140 35 0 
0 0 0 14 242 410 280 78 0 0 0 85 288 312 281 58 0 11 183 284 272 257 17 0 
0 0 0 28 387 226 303 80 0 0 0 54 332 258 347 33 0 0 84 321 249 349 21 0 
0 0 59 234 108 137 362 124 0 12 252 111 83 162 332 72 27 262 124 88 194 291 38 0 
0 0 51 246 581 140 6 0 0 0 131 227 570 90 6 0 6 176 225 543 69 5 0 0 
0 0 0 67 405 418 127 7 0 0 2 123 438 360 95 6 0 15 254 481 226 47 1 0 
0 57 333 394 156 70 14 0 0 109 335 355 145 69 11 0 106 340 373 139 64 2 0 0 
0 41 382 361 184 45 11 0 0 11 424 374 170 39 6 0 113 428 320 123 38 2 0 0 
0 11 302 213 110 159 216 13 0 53 316 199 112 150 186 8 48 274 248 122 174 153 5 0 
3 90 363 430 131 7 0 0 1 91 327 404 179 22 0 0 42 349 379 228 26 0 0 0 
39 536 379 66 4 0 0 0 289 349 305 77 4 0 0 0 542 377 90 15 0 0 0 0 
0 0 153 591 208 71 1 0 0 0 85 523 328 85 3 0 0 5 414 473 108 24 0 0 
0 29 422 508 63 2 0 0 0 52 492 428 50 2 0 0 25 478 471 47 3 0 0 0 
21 29 64 185 99 59 56 511 0 81 318 98 276 211 40 0 83 270 116 293 231 31 0 0 
104 88 70 74 80 149 125 334 25 223 354 110 77 141 77 17 373 200 121 107 154 69 0 0 
11 85 277 206 112 136 110 87 81 299 357 156 56 44 31 0 251 385 243 78 40 27 0 0 
0 31 136 130 150 131 145 301 44 186 202 206 178 102 103 3 230 273 184 131 125 80 1 0 
59 446 298 122 49 26 16 8 50 491 336 74 44 18 10 1 356 507 93 44 19 5 0 0 
133 620 212 49 10 0 0 0 64 436 428 85 11 0 0 0 223 655 120 26 0 0 0 0 
14 108 353 417 107 23 2 0 0 71 279 468 196 10 0 0 56 338 519 106 5 0 0 0 
1 14 16 79 144 86 136 548 0 11 94 492 263 126 38 0 9 110 554 246 105 0 0 0 
0 0 1 25 42 89 291 576 6 160 260 242 162 163 31 0 165 261 252 197 128 21 0 0 
0 1 52 267 250 168 152 134 12 33 106 425 361 83 4 0 41 144 478 291 69 1 0 0 
0 6 786 232 0 0 0 0 0 0 0 701 323 0 0 0 0 244 745 35 0 0 0 0 
0 38 795 191 0 0 0 0 0 0 45 883 96 0 0 0 0 442 581 1 0 0 0 0 
0 10 677 286 51 0 0 0 0 0 48 758 218 0 0 0 0 274 750 0 0 0 0 0 
0 5 633 254 132 0 0 0 0 0 28 711 283 2 0 0 0 151 803 70 0 0 0 0 
0 10 531 324 158 1 0 0 0 0 118 695 175 36 0 0 0 111 814 99 0 0 0 0 
0 107 544 170 144 59 0 0 0 0 227 545 153 99 0 0 9 236 637 142 0 0 0 0 
0 80 386 392 139 27 0 0 0 0 269 527 156 72 0 0 0 248 641 135 0 0 0 0 
0 101 310 482 131 0 0 0 0 0 194 659 152 19 0 0 1 282 674 67 0 0 0 0 
0 97 323 474 117 13 0 0 0 0 177 655 155 37 0 0 3 267 659 95 0 0 0 0 
0 185 398 320 121 0 0 0 0 2 285 558 179 0 0 0 24 306 609 85 0 0 0 0 
0 203 331 431 59 0 0 0 0 18 369 523 114 0 0 0 10 429 541 44 0 0 0 0 
0 1 605 375 43 0 0 0 0 0 143 760 121 0 0 0 0 264 743 17 0 0 0 0 
0 25 422 453 124 0 0 0 0 0 113 723 148 40 0 0 0 288 613 123 0 0 0 0 
0 24 424 384 192 0 0 0 0 0 243 510 200 71 0 0 0 292 559 173 0 0 0 0 
0 14 539 445 26 0 0 0 0 0 221 587 216 0 0 0 0 335 665 24 0 0 0 0 
0 34 569 294 127 0 0 0 0 0 127 661 236 0 0 0 0 221 734 69 0 0 0 0 
0 42 533 307 142 0 0 0 0 0 138 606 235 45 0 0 0 277 560 187 0 0 0 0 
0 64 469 305 186 0 0 0 0 0 188 575 147 114 0 0 0 258 570 196 0 0 0 0 
0 40 469 392 123 0 0 0 0 0 190 616 205 13 0 0 0 282 588 154 0 0 0 0 
0 0 237 543 217 27 0 0 0 0 0 696 238 90 0 0 0 125 612 281 6 0 0 0 
0 2 116 622 268 16 0 0 0 0 23 577 352 72 0 0 0 46 630 338 10 0 0 0 
0 0 101 479 307 128 9 0 0 0 7 469 350 193 5 0 0 9 606 388 13 8 0 0 
0 0 5 394 457 168 0 0 0 0 0 306 503 215 0 0 0 0 466 528 30 0 0 0 
0 0 246 378 247 130 18 5 0 0 0 331 423 232 32 6 0 78 489 339 102 14 2 0 
0 0 18 111 259 215 374 47 0 0 0 134 302 215 370 3 0 20 286 203 228 287 0 0 
0 0 0 18 358 312 190 146 0 0 0 8 354 289 257 116 0 0 69 407 213 257 78 0 
0 0 25 167 129 259 312 132 0 1 115 159 84 300 255 110 6 163 141 94 313 238 69 0 
0 0 204 345 470 5 0 0 0 3 253 277 484 7 0 0 24 274 212 499 15 0 0 0 
0 0 78 457 311 152 24 2 0 0 95 425 310 170 22 2 4 117 454 337 99 13 0 0 
0 69 401 289 119 111 35 0 0 128 366 274 104 115 37 0 66 394 337 111 103 13 0 0 
13 156 389 427 28 11 0 0 23 143 394 418 35 11 0 0 215 420 357 24 8 0 0 0 
0 5 382 222 198 146 66 5 0 25 418 193 180 146 60 2 6 435 209 186 142 45 1 0 
128 202 542 152 0 0 0 0 147 193 530 154 0 0 0 0 348 396 280 0 0 0 0 0 
237 694 75 14 4 0 0 0 459 493 49 18 5 0 0 0 865 138 16 5 0 0 0 0 
0 28 453 516 27 0 0 0 0 15 402 529 78 0 0 0 8 194 617 204 1 0 0 0 
0 53 499 387 48 25 11 1 0 64 489 366 58 28 19 0 24 456 419 78 24 22 1 0 
162 69 84 195 157 95 121 141 2 174 219 131 218 203 72 5 119 336 134 172 187 74 2 0 
196 254 173 105 78 60 63 95 38 426 245 114 74 55 61 11 435 345 91 61 45 43 4 0 
240 162 116 80 107 89 113 117 162 293 180 138 97 58 41 55 405 213 158 96 62 64 26 0 
158 95 98 136 192 135 131 79 79 132 245 301 166 72 29 0 301 273 215 140 58 37 0 0 
213 561 200 44 6 0 0 0 133 487 327 48 29 0 0 0 321 627 74 2 0 0 0 0 
301 360 218 97 34 14 0 0 104 419 281 117 94 9 0 0 438 404 128 48 6 0 0 0 
0 66 226 272 200 62 34 164 0 20 209 364 260 153 18 0 46 280 318 239 133 8 0 0 
0 0 12 31 50 82 223 626 36 65 177 354 200 105 84 3 110 237 334 176 108 59 0 0 
0 0 6 41 306 415 170 86 532 299 116 49 13 15 0 0 785 177 39 19 4 0 0 0 
0 0 32 70 163 128 143 488 50 90 111 276 304 172 21 0 95 138 209 336 192 54 0 0 
0 0 573 451 0 0 0 0 0 0 24 958 42 0 0 0 0 480 544 0 0 0 0 0 
0 4 697 323 0 0 0 0 0 0 60 964 0 0 0 0 0 786 238 0 0 0 0 0 
0 0 362 662 0 0 0 0 0 0 0 998 26 0 0 0 0 471 553 0 0 0 0 0 
0 0 293 731 0 0 0 0 0 0 0 934 90 0 0 0 0 226 798 0 0 0 0 0 
0 0 255 758 11 0 0 0 0 0 27 836 161 0 0 0 0 166 829 29 0 0 0 0 
0 0 354 670 0 0 0 0 0 0 48 932 44 0 0 0 0 243 781 0 0 0 0 0 
0 0 151 630 243 0 0 0 0 0 38 733 253 0 0 0 0 124 890 10 0 0 0 0 
0 0 10 293 587 134 0 0 0 0 0 604 420 0 0 0 0 25 732 267 0 0 0 0 
0 0 62 333 425 204 0 0 0 0 4 805 215 0 0 0 0 60 780 184 0 0 0 0 
0 0 137 382 488 17 0 0 0 0 21 713 290 0 0 0 0 169 762 93 0 0 0 0 
0 0 10 280 522 211 1 0 0 0 32 611 380 1 0 0 0 32 678 314 0 0 0 0 
0 0 135 422 398 69 0 0 0 0 27 659 338 0 0 0 0 125 777 122 0 0 0 0 
0 0 22 354 422 226 0 0 0 0 6 335 605 78 0 0 0 22 516 469 17 0 0 0 
0 0 8 254 551 208 3 0 0 0 20 401 602 1 0 0 0 76 566 379 3 0 0 0 
0 0 11 171 336 448 58 0 0 0 14 472 530 8 0 0 0 32 409 553 30 0 0 0 
0 0 70 259 246 428 21 0 0 0 13 558 451 2 0 0 0 53 456 502 13 0 0 0 
0 0 174 370 440 40 0 0 0 0 51 466 506 1 0 0 0 142 580 302 0 0 0 0 
0 0 383 568 73 0 0 0 0 0 36 578 410 0 0 0 0 262 720 42 0 0 0 0 
0 0 39 275 503 207 0 0 0 0 19 433 571 1 0 0 0 40 461 523 0 0 0 0 
0 0 0 123 324 444 133 0 0 0 0 294 671 59 0 0 0 0 286 615 123 0 0 0 
0 0 28 277 509 204 6 0 0 0 0 327 663 34 0 0 0 24 512 469 19 0 0 0 
0 0 31 176 368 413 36 0 0 1 22 165 715 99 22 0 6 21 321 599 53 24 0 0 
0 0 0 39 463 316 205 1 0 0 0 73 511 316 124 0 0 0 144 495 247 138 0 0 
0 7 143 621 242 11 0 0 0 0 15 276 697 36 0 0 11 90 772 140 11 0 0 0 
0 0 124 376 137 153 207 27 0 0 0 197 403 209 206 9 0 81 457 113 254 118 1 0 
0 0 0 45 357 409 162 51 0 0 0 163 276 354 188 43 0 28 211 248 330 181 26 0 
0 0 0 7 92 348 413 164 0 0 3 73 181 349 321 97 0 17 101 248 340 260 58 0 
0 0 134 362 206 58 56 208 0 46 243 309 322 85 19 0 78 244 242 310 123 26 1 0 
0 9 247 576 116 16 13 47 0 5 278 529 146 39 27 0 37 334 530 64 23 33 3 0 
0 83 465 302 111 54 9 0 0 119 476 272 111 43 3 0 112 577 226 87 22 0 0 0 
120 290 472 69 27 32 11 3 98 288 475 88 30 29 14 2 385 483 102 20 23 11 0 0 
1 78 515 369 61 0 0 0 0 72 513 347 92 0 0 0 88 431 383 122 0 0 0 0 
288 269 380 80 7 0 0 0 297 282 378 63 4 0 0 0 584 378 60 2 0 0 0 0 
537 350 98 38 1 0 0 0 569 288 99 58 10 0 0 0 816 130 65 13 0 0 0 0 
0 108 439 310 38 22 27 80 0 76 504 358 69 15 2 0 45 322 489 136 32 0 0 0 
0 76 302 119 41 28 86 372 5 204 334 222 115 115 29 0 153 321 231 152 153 14 0 0 
29 98 59 91 81 97 180 389 0 58 233 183 205 173 130 42 72 228 221 164 196 105 38 0 
91 162 134 144 172 95 153 73 135 308 289 197 63 24 8 0 369 397 191 51 16 0 0 0 
475 257 206 53 25 6 2 0 184 345 253 160 74 6 2 0 486 316 179 36 4 2 1 0 
683 151 76 51 31 12 11 9 360 364 151 69 51 28 1 0 718 185 72 38 11 0 0 0 
477 103 65 69 121 109 51 29 463 351 128 37 26 19 0 0 732 190 70 21 11 0 0 0 
138 272 209 174 120 80 19 12 133 386 198 118 99 78 12 0 323 342 135 89 89 46 0 0 
0 6 56 52 66 221 299 324 71 90 347 245 208 62 1 0 182 282 288 218 54 0 0 0 
9 120 110 182 193 237 122 51 623 237 104 32 18 10 0 0 753 186 45 27 13 0 0 0 
4 106 192 219 174 191 74 64 357 323 112 89 67 57 19 0 553 199 95 72 61 40 4 0 
0 1 73 167 156 120 142 365 1 67 97 210 241 247 145 16 67 79 195 218 260 185 20 0 
4 840 180 0 0 0 0 0 0 15 969 40 0 0 0 0 87 937 0 0 0 0 0 0 
0 712 312 0 0 0 0 0 0 12 977 35 0 0 0 0 23 996 5 0 0 0 0 0 
0 218 781 25 0 0 0 0 0 0 954 70 0 0 0 0 11 997 16 0 0 0 0 0 
0 42 905 77 0 0 0 0 0 0 726 298 0 0 0 0 0 908 116 0 0 0 0 0 
0 0 281 633 110 0 0 0 0 0 70 880 74 0 0 0 0 89 818 117 0 0 0 0 
0 0 12 636 372 4 0 0 0 0 11 921 92 0 0 0 0 0 850 174 0 0 0 0 
0 0 14 621 388 1 0 0 0 0 92 857 75 0 0 0 0 81 893 50 0 0 0 0 
0 0 0 96 647 281 0 0 0 0 2 628 394 0 0 0 0 4 599 421 0 0 0 0 
0 0 0 0 382 638 4 0 0 0 0 699 324 1 0 0 0 0 535 487 2 0 0 0 
0 0 0 0 415 604 5 0 0 0 9 921 94 0 0 0 0 0 693 330 1 0 0 0 
0 0 0 0 237 787 0 0 0 0 17 517 490 0 0 0 0 0 296 726 2 0 0 0 
0 0 0 0 124 879 21 0 0 0 0 486 536 2 0 0 0 0 158 850 16 0 0 0 
0 0 0 0 42 833 149 0 0 0 0 41 904 79 0 0 0 0 17 828 179 0 0 0 
0 0 0 0 73 759 192 0 0 0 0 51 945 28 0 0 0 0 40 828 156 0 0 0 
0 0 0 0 14 846 164 0 0 0 0 239 773 12 0 0 0 0 34 892 98 0 0 0 
0 0 0 0 14 876 134 0 0 0 0 235 778 11 0 0 0 0 17 943 64 0 0 0 
0 0 0 0 638 386 0 0 0 0 0 106 889 29 0 0 0 0 29 838 157 0 0 0 
0 0 0 122 670 231 1 0 0 0 0 9 1004 11 0 0 0 0 100 772 152 0 0 0 
0 0 0 3 357 611 53 0 0 0 0 23 934 67 0 0 0 0 0 790 234 0 0 0 
0 0 0 0 0 298 726 0 0 0 0 0 749 275 0 0 0 0 0 250 774 0 0 0 
0 0 0 0 25 907 92 0 0 0 0 0 842 182 0 0 0 0 0 499 525 0 0 0 
0 0 0 0 41 926 57 0 0 0 0 0 443 581 0 0 0 0 0 209 801 14 0 0 
0 0 0 0 94 568 353 9 0 0 0 4 312 557 151 0 0 0 2 253 566 203 0 0 
0 21 186 343 279 127 57 11 0 0 138 376 325 136 45 4 0 225 488 141 122 47 1 0 
0 63 305 385 178 90 3 0 0 0 97 365 388 160 13 1 31 257 462 196 75 3 0 0 
0 7 19 139 382 448 29 0 0 0 20 114 378 433 79 0 3 41 238 348 353 41 0 0 
0 0 0 0 53 106 179 686 0 0 18 130 320 359 192 5 10 26 105 279 417 184 3 0 
0 0 0 0 6 146 231 641 101 142 82 77 129 224 229 40 259 83 112 96 258 205 11 0 
0 0 25 126 84 208 248 333 70 182 199 199 159 128 78 9 136 220 273 190 131 72 2 0 
0 60 208 223 116 85 102 230 0 86 340 157 188 97 66 90 77 366 176 159 93 61 92 0 
215 457 280 43 17 9 1 2 91 536 312 52 21 10 1 1 634 321 45 11 11 1 1 0 
107 405 456 52 4 0 0 0 85 357 440 137 5 0 0 0 425 329 261 9 0 0 0 0 
200 460 364 0 0 0 0 0 232 370 422 0 0 0 0 0 490 484 50 0 0 0 0 0 
435 350 99 51 21 14 6 48 612 233 60 50 34 30 5 0 817 84 39 43 27 14 0 0 
0 54 101 71 27 30 75 666 0 155 105 99 206 322 132 5 131 113 83 223 296 178 0 0 
0 0 0 2 14 71 188 749 0 39 59 192 243 277 186 28 27 88 217 274 308 80 25 5 
76 108 217 155 89 167 111 101 41 194 189 233 163 74 86 44 255 255 213 98 75 66 43 19 
376 297 115 58 40 31 26 81 113 418 220 133 50 55 31 4 517 240 143 45 49 24 6 0 
154 206 168 133 81 64 56 162 98 203 154 163 177 137 74 18 370 203 125 127 140 43 13 3 
763 103 96 38 9 12 3 0 678 220 51 54 21 0 0 0 886 97 32 9 0 0 0 0 
8 9 86 193 496 169 30 33 467 384 107 38 23 5 0 0 784 155 55 24 5 1 0 0 
24 75 118 94 227 305 108 73 113 480 224 108 56 29 11 3 343 410 150 72 33 12 4 0 
0 0 0 5 67 65 95 792 36 90 253 350 277 18 0 0 118 189 434 274 9 0 0 0 
0 1 26 21 86 161 168 561 189 124 253 232 89 100 37 0 324 264 203 95 106 32 0 0 
152 200 337 136 143 54 2 0 74 293 223 317 102 13 2 0 451 459 68 29 15 2 0 0 
207 328 229 177 47 28 8 0 52 376 268 226 46 26 22 8 263 445 195 64 28 16 11 2 
3 808 186 27 0 0 0 0 0 106 900 18 0 0 0 0 111 890 23 0 0 0 0 0 
0 227 462 285 50 0 0 0 0 38 843 140 3 0 0 0 36 836 148 4 0 0 0 0 
0 3 197 657 167 0 0 0 0 4 757 263 0 0 0 0 6 626 392 0 0 0 0 0 
0 0 30 495 426 73 0 0 0 0 285 724 15 0 0 0 0 243 714 67 0 0 0 0 
0 0 3 196 546 279 0 0 0 0 29 838 157 0 0 0 0 4 540 480 0 0 0 0 
0 0 3 151 577 293 0 0 0 0 4 855 165 0 0 0 0 1 535 488 0 0 0 0 
0 0 0 170 733 121 0 0 0 0 69 898 57 0 0 0 0 15 873 136 0 0 0 0 
0 0 0 1 541 478 4 0 0 0 3 890 131 0 0 0 0 1 597 426 0 0 0 0 
0 0 0 0 224 785 15 0 0 0 17 851 156 0 0 0 0 0 516 508 0 0 0 0 
0 0 0 0 75 945 4 0 0 0 29 961 34 0 0 0 0 4 574 446 0 0 0 0 
0 0 0 0 201 809 14 0 0 0 25 976 23 0 0 0 0 0 632 392 0 0 0 0 
0 0 0 0 67 952 5 0 0 0 0 851 173 0 0 0 0 0 399 625 0 0 0 0 
0 0 0 0 65 876 83 0 0 0 0 546 438 40 0 0 0 0 193 752 79 0 0 0 
0 0 0 0 0 748 276 0 0 0 0 131 883 10 0 0 0 0 1 955 68 0 0 0 
0 0 0 0 33 925 66 0 0 0 5 745 274 0 0 0 0 0 171 851 2 0 0 0 
0 0 0 0 31 927 66 0 0 0 0 611 413 0 0 0 0 0 95 910 19 0 0 0 
0 0 0 0 170 840 14 0 0 0 0 502 522 0 0 0 0 0 28 980 16 0 0 0 
0 0 0 0 59 954 11 0 0 0 0 127 892 5 0 0 0 0 0 817 207 0 0 0 
0 0 0 0 85 933 6 0 0 0 0 81 937 6 0 0 0 0 0 839 185 0 0 0 
0 0 0 0 0 290 734 0 0 0 0 7 884 133 0 0 0 0 0 383 640 1 0 0 
0 0 0 0 0 570 454 0 0 0 0 13 995 16 0 0 0 0 0 625 399 0 0 0 
0 0 0 0 27 722 274 1 0 0 0 0 447 544 33 0 0 0 0 122 814 88 0 0 
0 0 0 7 447 551 19 0 0 0 0 169 543 303 9 0 0 0 121 491 378 34 0 0 
0 10 59 129 309 414 103 0 0 0 26 297 236 403 62 0 0 55 270 242 398 59 0 0 
0 35 547 276 86 54 25 1 0 0 148 567 204 67 32 6 1 252 546 154 44 27 0 0 
0 15 220 380 234 153 16 6 0 0 72 390 339 190 33 0 6 266 365 258 119 10 0 0 
0 1 40 97 106 177 211 392 46 126 177 230 154 118 91 82 130 225 256 111 123 95 84 0 
0 40 48 96 114 390 172 164 129 362 193 158 130 41 11 0 297 306 191 149 71 10 0 0 
0 6 33 37 51 240 193 464 63 113 257 115 88 99 181 108 346 124 102 112 194 136 10 0 
0 9 66 133 359 295 118 44 46 307 350 219 62 25 15 0 295 370 244 80 29 6 0 0 
311 350 349 14 0 0 0 0 226 432 355 11 0 0 0 0 540 471 13 0 0 0 0 0 
409 423 192 0 0 0 0 0 188 467 336 33 0 0 0 0 692 324 8 0 0 0 0 0 
272 517 225 10 0 0 0 0 350 433 232 9 0 0 0 0 661 315 48 0 0 0 0 0 
21 118 99 82 59 46 73 526 140 137 113 119 177 202 90 46 261 120 121 220 199 71 32 0 
0 0 0 5 49 168 310 492 43 149 285 222 135 79 111 0 316 282 167 74 79 106 0 0 
2 105 156 89 287 153 136 96 168 362 243 169 43 29 7 3 503 355 71 37 42 13 3 0 
23 195 170 122 48 47 93 326 45 123 233 424 160 20 8 11 238 265 309 172 19 9 7 5 
0 0 0 2 6 7 140 869 8 117 133 133 262 261 107 3 176 117 158 266 274 28 2 3 
0 0 4 22 178 168 339 313 263 280 211 85 60 78 42 5 594 158 79 65 94 33 1 0 
108 253 249 151 123 73 44 23 240 304 208 135 88 28 15 6 484 313 117 69 25 15 1 0 
29 41 115 322 264 141 67 45 327 304 178 136 59 14 4 2 721 153 87 44 14 4 1 0 
3 75 69 287 144 61 81 304 476 113 93 138 131 72 1 0 569 75 155 145 80 0 0 0 
0 0 0 8 50 100 126 740 144 100 148 259 196 148 26 3 263 234 307 168 52 0 0 0 
48 105 123 128 358 187 66 9 768 143 87 16 10 0 0 0 868 101 43 12 0 0 0 0 
390 166 81 76 56 73 75 107 53 406 201 63 37 71 103 90 312 309 88 44 56 100 67 48 
92 261 202 147 220 62 29 11 7 220 184 131 157 198 92 35 155 307 151 85 163 116 38 9 
0 38 606 366 14 0 0 0 0 11 837 176 0 0 0 0 6 827 188 3 0 0 0 0 
0 0 47 366 569 42 0 0 0 7 407 595 15 0 0 0 6 307 695 16 0 0 0 0 
0 0 0 70 850 104 0 0 0 0 290 724 10 0 0 0 0 123 876 25 0 0 0 0 
0 0 0 0 462 562 0 0 0 0 65 931 28 0 0 0 0 2 769 253 0 0 0 0 
0 0 0 0 40 882 102 0 0 0 7 811 206 0 0 0 0 0 253 768 3 0 0 0 
0 0 0 0 20 855 149 0 0 0 4 811 209 0 0 0 0 0 201 821 2 0 0 0 
0 0 0 0 58 872 94 0 0 0 0 705 319 0 0 0 0 0 285 733 6 0 0 0 
0 0 0 0 7 923 94 0 0 0 0 668 356 0 0 0 0 0 268 754 2 0 0 0 
0 0 0 0 100 918 6 0 0 0 38 897 89 0 0 0 0 1 636 387 0 0 0 0 
0 0 0 0 39 881 104 0 0 0 12 896 116 0 0 0 0 0 308 716 0 0 0 0 
0 0 0 0 3 857 164 0 0 0 24 897 103 0 0 0 0 0 366 656 2 0 0 0 
0 0 0 0 41 964 19 0 0 0 25 965 34 0 0 0 0 1 650 373 0 0 0 0 
0 0 0 0 16 940 68 0 0 0 1 753 270 0 0 0 0 0 194 828 2 0 0 0 
0 0 0 0 27 373 624 0 0 0 10 115 898 1 0 0 0 0 71 846 107 0 0 0 
0 0 0 0 8 749 267 0 0 0 12 776 236 0 0 0 0 0 189 831 4 0 0 0 
0 0 0 0 33 970 21 0 0 0 9 846 169 0 0 0 0 0 259 760 5 0 0 0 
0 0 0 0 17 953 54 0 0 0 3 826 195 0 0 0 0 0 240 782 2 0 0 0 
0 0 0 0 138 886 0 0 0 0 0 605 419 0 0 0 0 0 100 908 16 0 0 0 
0 0 0 0 4 1008 12 0 0 0 0 255 769 0 0 0 0 0 13 971 40 0 0 0 
0 0 0 0 0 588 432 4 0 0 0 190 817 17 0 0 0 0 3 843 174 4 0 0 
0 0 0 0 0 295 727 2 0 0 0 38 814 171 1 0 0 0 4 658 360 2 0 0 
0 0 0 2 141 518 363 0 0 0 0 1 387 631 5 0 0 0 1 283 739 1 0 0 
0 0 9 171 678 166 0 0 0 0 17 469 446 92 0 0 0 40 377 523 84 0 0 0 
0 0 3 100 347 248 135 191 0 0 36 343 261 235 108 41 0 77 276 271 236 137 27 0 
0 15 261 353 157 157 23 58 0 0 68 419 346 134 26 31 0 87 399 305 174 28 31 0 
0 8 466 465 77 8 0 0 0 0 97 548 351 22 6 0 3 173 572 253 15 7 1 0 
7 128 343 356 151 22 9 8 0 53 197 516 195 35 13 15 100 357 411 106 22 11 10 7 
280 141 255 206 78 27 17 20 107 201 298 230 106 45 15 22 338 299 205 98 43 15 16 10 
589 219 108 39 26 22 10 11 582 306 70 31 15 14 5 1 864 97 27 20 10 6 0 0 
121 337 220 181 78 39 26 22 280 430 221 56 22 9 6 0 649 275 66 18 11 5 0 0 
139 276 217 107 95 79 97 14 206 396 355 56 11 0 0 0 647 320 47 10 0 0 0 0 
911 108 5 0 0 0 0 0 557 402 65 0 0 0 0 0 983 41 0 0 0 0 0 0 
359 363 148 40 31 81 2 0 407 449 142 26 0 0 0 0 750 196 75 3 0 0 0 0 
117 257 203 120 122 54 56 95 235 252 160 104 116 89 36 32 441 156 111 112 115 60 29 0 
201 317 205 101 85 58 26 31 116 419 255 77 63 48 33 13 484 285 95 53 45 46 13 3 
0 26 97 91 60 68 104 578 4 131 89 61 81 170 278 210 96 119 80 131 214 255 114 15 
0 0 8 24 86 196 279 431 224 206 166 214 148 55 11 0 498 161 240 85 29 11 0 0 
0 12 27 86 124 198 229 348 30 227 268 222 141 88 35 13 332 291 198 108 57 23 10 5 
243 194 147 110 156 76 59 39 317 320 155 89 97 33 12 1 636 178 111 72 15 11 1 0 
331 258 148 139 58 31 29 30 247 288 205 179 77 26 2 0 627 234 113 41 7 2 0 0 
303 151 82 143 151 87 76 31 389 264 169 97 87 18 0 0 604 205 111 70 27 7 0 0 
13 240 164 152 166 142 82 65 494 188 99 92 92 42 11 6 636 152 99 97 26 9 5 0 
27 201 223 170 115 114 86 88 107 265 255 184 119 84 10 0 329 314 191 117 66 6 1 0 
0 48 49 68 53 35 78 693 58 66 187 390 269 54 0 0 134 350 372 153 15 0 0 0 
1 14 18 28 31 64 263 605 78 177 229 162 211 167 0 0 262 235 185 243 99 0 0 0 
126 155 160 113 157 90 128 95 17 147 217 303 160 89 52 39 215 316 205 119 76 49 36 8 
0 22 261 590 142 9 0 0 0 0 376 597 51 0 0 0 2 397 578 46 1 0 0 0 
0 0 0 96 629 299 0 0 0 0 69 710 245 0 0 0 0 36 685 303 0 0 0 0 
0 0 0 0 212 728 84 0 0 0 6 507 502 9 0 0 0 0 367 625 32 0 0 0 
0 0 0 0 7 888 129 0 0 0 8 673 343 0 0 0 0 0 195 829 0 0 0 0 
0 0 0 0 0 868 156 0 0 0 0 864 160 0 0 0 0 0 311 713 0 0 0 0 
0 0 0 0 0 816 208 0 0 0 5 947 72 0 0 0 0 0 456 568 0 0 0 0 
0 0 0 0 5 910 109 0 0 0 44 913 67 0 0 0 0 0 641 383 0 0 0 0 
0 0 0 0 12 958 54 0 0 0 14 897 113 0 0 0 0 0 611 413 0 0 0 0 
0 0 0 0 207 814 3 0 0 0 197 825 2 0 0 0 0 42 934 48 0 0 0 0 
0 0 0 0 130 835 59 0 0 0 71 826 127 0 0 0 0 12 507 504 1 0 0 0 
0 0 0 0 19 891 114 0 0 0 3 826 195 0 0 0 0 0 362 660 2 0 0 0 
0 0 0 0 135 868 21 0 0 0 97 904 23 0 0 0 0 2 850 172 0 0 0 0 
0 0 0 0 124 894 6 0 0 0 69 854 101 0 0 0 0 0 582 442 0 0 0 0 
0 0 0 4 264 718 38 0 0 0 52 739 233 0 0 0 0 21 541 462 0 0 0 0 
0 0 0 0 5 764 255 0 0 0 0 585 439 0 0 0 0 0 102 917 5 0 0 0 
0 0 0 0 122 890 12 0 0 0 45 962 17 0 0 0 0 0 756 268 0 0 0 0 
0 0 0 5 157 862 0 0 0 0 40 973 11 0 0 0 0 13 514 497 0 0 0 0 
0 0 0 0 351 672 1 0 0 0 26 926 72 0 0 0 0 0 467 557 0 0 0 0 
0 0 0 0 50 965 9 0 0 0 0 399 625 0 0 0 0 0 80 939 5 0 0 0 
0 0 0 0 31 826 167 0 0 0 1 478 504 41 0 0 0 0 286 654 84 0 0 0 
0 0 0 0 35 852 137 0 0 0 0 111 891 22 0 0 0 0 48 918 58 0 0 0 
0 0 0 33 472 485 34 0 0 0 0 79 790 155 0 0 0 0 18 870 136 0 0 0 
0 0 0 161 447 56 71 289 0 0 0 274 430 148 107 65 0 0 253 427 167 142 35 0 
0 9 14 30 51 83 237 600 27 100 131 116 122 200 176 152 144 197 128 84 211 170 90 0 
0 66 205 272 149 155 92 85 0 3 143 419 296 85 37 41 7 152 418 241 134 39 33 0 
0 224 563 148 55 21 7 6 0 0 108 686 166 39 16 9 0 71 618 264 40 19 9 3 
4 130 299 261 91 63 71 105 0 0 157 293 276 83 76 139 7 206 267 253 74 60 67 90 
11 85 172 197 141 92 85 241 0 40 237 240 150 158 102 97 51 289 168 138 162 101 51 64 
62 61 48 50 66 80 91 566 47 116 150 300 204 149 56 2 179 152 298 191 134 70 0 0 
94 128 144 162 211 107 68 110 353 402 86 50 80 46 7 0 600 234 64 82 39 5 0 0 
5 22 35 160 254 70 115 363 222 192 80 52 148 158 72 100 386 169 127 116 98 53 72 3 
75 280 209 168 173 50 25 44 365 311 195 83 19 23 23 5 621 199 133 27 29 15 0 0 
3 50 38 42 140 489 92 170 30 269 444 81 25 19 27 129 229 382 206 28 19 30 71 59 
1 21 40 77 239 222 172 252 17 131 189 125 169 203 134 56 107 205 144 187 186 139 55 1 
21 126 247 217 162 104 64 83 21 279 196 208 237 56 20 7 286 334 217 117 50 15 5 0 
8 84 107 80 42 34 80 589 34 145 108 39 54 146 358 140 153 128 46 58 154 319 158 8 
0 52 63 108 155 122 143 381 84 176 95 124 209 160 124 52 279 139 213 157 100 78 54 4 
15 167 286 175 115 112 99 55 16 33 209 227 161 99 130 149 114 221 202 83 102 114 148 40 
267 251 219 117 62 51 34 23 202 263 236 145 123 52 3 0 399 285 133 102 89 16 0 0 
454 441 77 29 19 4 0 0 110 252 307 233 107 15 0 0 647 248 81 32 16 0 0 0 
377 206 180 124 45 27 20 45 264 307 200 145 71 37 0 0 492 236 173 83 39 1 0 0 
490 291 159 64 18 2 0 0 470 334 143 65 12 0 0 0 708 187 99 28 2 0 0 0 
163 344 118 58 48 59 146 88 77 341 392 144 46 23 1 0 479 343 131 46 25 0 0 0 
0 0 0 2 3 86 149 784 13 115 253 371 245 27 0 0 312 328 264 120 0 0 0 0 
0 0 1 56 489 260 111 107 697 203 80 25 19 0 0 0 947 47 20 10 0 0 0 0 
369 197 142 161 147 8 0 0 235 341 253 160 28 6 1 0 661 212 107 35 7 2 0 0 
0 0 55 272 482 215 0 0 0 0 88 842 94 0 0 0 0 37 723 264 0 0 0 0 
0 0 0 21 304 633 66 0 0 0 30 655 339 0 0 0 0 9 399 606 10 0 0 0 
0 0 0 0 0 748 276 0 0 0 0 145 828 51 0 0 0 0 64 881 79 0 0 0 
0 0 0 0 0 236 787 1 0 0 0 24 797 203 0 0 0 0 14 735 275 0 0 0 
0 0 0 0 0 316 708 0 0 0 0 176 822 26 0 0 0 0 86 880 58 0 0 0 
0 0 0 0 7 945 72 0 0 0 13 934 77 0 0 0 0 0 769 255 0 0 0 0 
0 0 0 0 52 949 23 0 0 0 420 604 0 0 0 0 0 39 916 69 0 0 0 0 
0 0 0 0 245 762 17 0 0 0 758 266 0 0 0 0 0 163 832 29 0 0 0 0 
0 0 0 0 515 509 0 0 0 1 672 351 0 0 0 0 0 145 877 2 0 0 0 0 
0 0 0 1 583 440 0 0 0 0 466 554 4 0 0 0 0 98 896 30 0 0 0 0 
0 0 0 0 454 570 0 0 0 0 173 823 28 0 0 0 0 20 878 126 0 0 0 0 
0 0 0 0 62 952 10 0 0 0 30 918 76 0 0 0 0 3 544 477 0 0 0 0 
0 0 0 0 170 833 21 0 0 0 122 872 30 0 0 0 0 8 761 255 0 0 0 0 
0 0 0 0 431 593 0 0 0 0 140 857 27 0 0 0 0 18 880 126 0 0 0 0 
0 0 0 0 60 921 43 0 0 0 49 842 133 0 0 0 0 0 498 526 0 0 0 0 
0 0 0 3 527 494 0 0 0 0 235 783 6 0 0 0 0 26 907 91 0 0 0 0 
0 0 0 41 652 331 0 0 0 0 280 742 2 0 0 0 0 117 839 68 0 0 0 0 
0 0 0 63 816 145 0 0 0 0 256 715 53 0 0 0 0 135 736 153 0 0 0 0 
0 0 0 30 556 438 0 0 0 0 60 790 174 0 0 0 0 21 604 399 0 0 0 0 
0 0 0 0 263 757 4 0 0 0 6 695 323 0 0 0 0 0 438 586 0 0 0 0 
0 0 0 0 431 592 1 0 0 0 36 445 534 9 0 0 0 1 385 620 18 0 0 0 
0 0 12 427 546 39 0 0 0 0 18 691 314 1 0 0 0 5 354 661 4 0 0 0 
0 1 64 340 190 63 79 287 0 0 37 409 276 113 131 58 0 14 315 395 107 145 48 0 
1 46 177 262 136 195 119 88 45 208 217 302 176 47 21 8 236 281 294 144 37 20 12 0 
14 292 573 121 13 5 5 1 2 31 356 501 106 16 6 6 72 310 448 159 22 5 7 1 
115 419 419 63 8 0 0 0 0 126 377 430 82 9 0 0 140 483 244 137 16 4 0 0 
1 189 463 330 41 0 0 0 0 16 286 438 275 9 0 0 77 319 329 290 9 0 0 0 
0 0 35 75 53 39 49 773 0 0 68 311 349 229 62 5 30 160 330 282 175 47 0 0 
0 0 0 0 41 259 189 535 245 126 172 170 193 98 20 0 436 197 221 132 38 0 0 0 
34 136 137 316 167 109 101 24 505 295 116 79 26 3 0 0 713 170 92 41 7 1 0 0 
57 252 136 156 94 72 70 187 132 346 186 77 82 83 81 37 475 187 91 76 85 89 21 0 
21 121 172 96 59 46 58 451 17 126 246 87 52 70 94 332 287 135 62 45 86 254 148 7 
0 0 5 8 26 25 228 732 1 16 25 29 150 224 172 407 32 81 142 113 184 257 197 18 
0 26 46 36 90 146 326 354 104 146 215 178 122 202 43 14 325 175 141 110 198 60 15 0 
154 201 146 144 148 94 64 73 378 198 142 164 62 36 43 1 546 140 136 118 35 46 3 0 
231 428 197 74 25 17 11 41 54 308 428 117 42 28 33 14 433 346 113 54 30 37 11 0 
126 153 85 111 148 193 124 84 17 233 244 125 157 101 93 54 282 248 145 103 84 99 62 1 
9 115 153 398 253 80 12 4 0 10 117 169 303 328 78 19 69 225 279 223 123 81 24 0 
515 268 156 35 13 11 15 11 160 261 259 176 118 16 14 20 403 416 115 37 19 13 16 5 
899 74 25 19 7 0 0 0 603 289 67 38 22 5 0 0 865 113 37 9 0 0 0 0 
547 141 133 111 64 24 4 0 220 298 163 126 114 71 25 7 518 158 115 118 81 27 7 0 
702 196 104 22 0 0 0 0 72 619 203 89 40 1 0 0 621 318 73 12 0 0 0 0 
580 203 155 65 12 3 6 0 278 340 184 123 91 8 0 0 516 234 174 83 17 0 0 0 
154 182 64 81 65 100 131 247 122 270 171 86 132 151 92 0 376 228 95 154 145 26 0 0 
148 87 116 107 173 119 109 165 152 359 137 77 121 77 49 52 483 171 86 118 78 54 33 1 
490 238 140 93 35 24 2 2 182 368 212 118 80 49 15 0 481 256 136 78 56 16 1 0 
0 0 0 0 212 744 68 0 0 0 4 763 257 0 0 0 0 0 358 655 11 0 0 0 
0 0 0 0 7 520 497 0 0 0 0 234 785 5 0 0 0 0 48 903 73 0 0 0 
0 0 0 0 0 71 953 0 0 0 0 16 985 23 0 0 0 0 2 957 65 0 0 0 
0 0 0 0 0 153 870 1 0 0 0 55 939 30 0 0 0 0 24 955 45 0 0 0 
0 0 0 0 0 363 661 0 0 0 0 273 751 0 0 0 0 0 141 880 3 0 0 0 
0 0 0 0 45 819 160 0 0 0 62 798 164 0 0 0 0 15 775 233 1 0 0 0 
0 0 0 0 212 799 13 0 0 0 275 723 26 0 0 0 0 99 874 51 0 0 0 0 
0 0 0 0 667 357 0 0 0 1 745 278 0 0 0 0 0 426 598 0 0 0 0 0 
0 0 0 26 797 201 0 0 0 32 800 192 0 0 0 0 0 503 519 2 0 0 0 0 
0 0 0 77 772 175 0 0 0 25 775 224 0 0 0 0 2 501 513 8 0 0 0 0 
0 0 2 138 772 112 0 0 0 27 549 440 8 0 0 0 9 334 657 24 0 0 0 0 
0 0 0 16 607 401 0 0 0 0 213 769 42 0 0 0 0 67 805 152 0 0 0 0 
0 0 0 0 111 802 111 0 0 0 9 672 343 0 0 0 0 1 338 669 16 0 0 0 
0 0 0 0 153 839 32 0 0 0 47 914 63 0 0 0 0 14 699 308 3 0 0 0 
0 0 0 0 283 723 18 0 0 0 70 867 87 0 0 0 0 7 727 290 0 0 0 0 
0 0 0 0 772 252 0 0 0 0 272 748 4 0 0 0 0 12 930 82 0 0 0 0 
0 0 0 54 911 59 0 0 0 0 415 609 0 0 0 0 0 129 865 30 0 0 0 0 
0 0 2 116 861 45 0 0 0 2 261 750 11 0 0 0 0 136 787 101 0 0 0 0 
0 0 1 83 622 318 0 0 0 2 192 786 44 0 0 0 0 82 711 231 0 0 0 0 
0 0 0 10 455 559 0 0 0 1 268 702 53 0 0 0 0 91 540 393 0 0 0 0 
0 0 1 369 629 25 0 0 0 19 645 352 8 0 0 0 0 329 648 47 0 0 0 0 
0 13 184 697 130 0 0 0 0 0 50 695 279 0 0 0 0 22 443 557 2 0 0 0 
0 48 296 630 47 2 1 0 0 0 121 552 349 2 0 0 0 96 299 599 30 0 0 0 
11 139 281 436 97 48 12 0 0 28 166 391 323 80 27 9 28 283 335 246 80 45 7 0 
35 284 339 228 79 37 18 4 0 55 325 328 192 75 33 16 104 276 303 195 75 49 18 4 
69 240 201 153 67 67 76 151 0 128 364 260 119 123 30 0 155 332 234 138 129 36 0 0 
33 234 364 213 84 41 27 28 11 97 293 371 194 57 1 0 137 317 339 175 48 8 0 0 
0 209 171 95 76 92 171 210 4 75 152 316 147 108 184 38 173 279 133 88 105 178 41 27 
177 157 165 120 206 147 34 18 463 222 197 71 37 14 7 13 729 163 70 33 8 7 12 2 
300 355 237 80 41 10 1 0 116 338 295 208 46 17 4 0 468 347 136 46 24 3 0 0 
614 260 102 24 6 4 5 9 320 479 119 67 25 8 6 0 734 190 64 21 8 7 0 0 
3 38 51 40 26 27 57 782 0 41 67 44 27 98 261 486 55 65 36 32 136 280 360 60 
0 0 3 33 25 32 86 845 1 26 25 45 55 221 309 342 28 25 53 138 227 262 269 22 
2 39 27 69 226 207 151 303 102 98 137 232 137 99 77 142 175 253 176 106 77 84 93 60 
241 291 223 164 55 33 14 3 142 229 259 178 163 38 12 3 334 267 213 154 42 9 5 0 
595 247 93 52 22 12 3 0 312 290 250 88 48 21 14 1 534 264 137 48 24 10 7 0 
100 237 246 120 122 80 61 58 0 146 218 215 171 127 70 77 181 268 222 138 64 61 46 44 
61 141 215 218 145 70 75 99 3 170 252 161 150 91 92 105 218 276 135 109 89 76 50 71 
448 238 211 83 23 13 4 4 283 347 244 106 26 11 5 2 676 244 70 20 8 5 1 0 
768 230 24 2 0 0 0 0 176 386 297 148 17 0 0 0 762 236 26 0 0 0 0 0 
450 179 124 104 75 66 21 5 77 316 214 139 109 83 60 26 379 236 127 117 77 59 26 3 
549 223 120 108 24 0 0 0 105 365 276 122 106 45 5 0 544 298 115 39 23 5 0 0 
393 128 190 155 49 19 31 59 234 190 97 117 191 164 28 3 405 204 109 127 158 20 1 0 
230 233 161 80 49 43 55 173 93 346 99 77 211 119 76 3 445 263 68 88 137 20 3 0 
11 105 97 72 100 109 150 380 93 178 145 208 144 125 87 44 350 253 129 73 113 66 40 0 
310 176 70 63 91 118 47 149 132 254 221 105 98 72 97 45 308 255 116 108 74 96 67 0 
0 0 0 0 1 596 427 0 0 0 0 332 692 0 0 0 0 0 28 957 39 0 0 0 
0 0 0 0 0 288 735 1 0 0 0 447 577 0 0 0 0 0 16 969 39 0 0 0 
0 0 0 0 0 292 730 2 0 0 0 454 568 2 0 0 0 0 196 734 94 0 0 0 
0 0 0 0 0 630 394 0 0 0 10 837 177 0 0 0 0 0 555 468 1 0 0 0 
0 0 0 0 29 751 244 0 0 0 240 662 122 0 0 0 0 44 620 360 0 0 0 0 
0 0 0 0 153 859 12 0 0 0 265 754 5 0 0 0 0 108 870 46 0 0 0 0 
0 0 0 0 656 368 0 0 0 15 770 239 0 0 0 0 0 541 483 0 0 0 0 0 
0 0 0 73 936 15 0 0 0 103 916 5 0 0 0 0 8 958 58 0 0 0 0 0 
0 0 0 245 773 6 0 0 0 107 838 79 0 0 0 0 22 817 185 0 0 0 0 0 
0 0 2 312 695 15 0 0 0 108 795 121 0 0 0 0 30 666 328 0 0 0 0 0 
0 0 11 349 604 60 0 0 0 126 681 217 0 0 0 0 53 511 446 14 0 0 0 0 
0 0 4 230 760 30 0 0 0 42 556 425 1 0 0 0 15 349 645 15 0 0 0 0 
0 0 0 8 567 444 5 0 0 0 188 776 60 0 0 0 0 76 798 150 0 0 0 0 
0 0 0 0 120 852 52 0 0 0 91 850 83 0 0 0 0 9 733 282 0 0 0 0 
0 0 0 0 640 384 0 0 0 0 227 784 13 0 0 0 0 57 905 62 0 0 0 0 
0 0 0 16 536 472 0 0 0 0 125 853 46 0 0 0 0 58 821 145 0 0 0 0 
0 0 0 99 885 40 0 0 0 0 110 832 82 0 0 0 0 41 919 64 0 0 0 0 
0 0 0 199 814 11 0 0 0 2 289 729 4 0 0 0 2 143 822 57 0 0 0 0 
0 0 0 153 847 24 0 0 0 0 225 762 37 0 0 0 0 90 860 74 0 0 0 0 
0 0 0 41 930 53 0 0 0 6 429 585 4 0 0 0 0 103 859 62 0 0 0 0 
0 0 2 301 693 28 0 0 0 23 391 498 112 0 0 0 0 207 690 126 1 0 0 0 
0 12 148 614 246 4 0 0 0 0 45 275 617 87 0 0 0 45 249 641 89 0 0 0 
0 70 353 554 47 0 0 0 0 0 81 386 510 47 0 0 2 121 330 470 101 0 0 0 
0 10 270 604 76 14 16 34 0 0 35 421 451 57 19 41 0 57 458 412 35 17 19 26 
33 145 304 155 80 74 90 143 0 39 289 296 138 70 77 115 83 304 283 87 66 64 50 87 
0 59 114 128 175 93 158 297 374 153 135 117 121 96 28 0 516 130 172 113 82 11 0 0 
108 292 284 153 77 63 21 26 121 341 381 137 39 5 0 0 509 352 113 39 11 0 0 0 
346 395 180 45 30 11 6 11 45 345 382 166 38 22 10 16 448 378 116 35 19 10 10 8 
221 258 182 107 78 74 67 37 95 212 204 157 123 73 89 71 338 211 158 85 73 77 65 17 
619 253 97 38 11 5 1 0 129 588 180 77 35 9 5 1 571 318 89 32 7 3 3 1 
124 208 98 57 41 37 48 411 6 320 123 50 70 191 245 19 305 134 60 57 190 261 17 0 
0 0 0 0 0 1 43 980 0 0 0 13 72 213 276 450 0 0 20 149 198 270 293 94 
0 0 0 6 50 257 425 286 1 32 112 338 294 116 83 48 107 174 232 245 168 80 18 0 
19 67 48 46 87 138 136 483 0 130 209 144 164 123 125 129 55 228 162 186 166 120 100 7 
150 274 160 94 66 60 55 165 14 244 244 168 127 107 90 30 202 275 202 121 118 89 17 0 
538 266 123 60 17 8 6 6 251 340 221 118 59 22 4 9 566 283 112 36 10 7 6 4 
363 119 183 181 161 15 2 0 151 342 159 86 204 72 9 1 330 477 161 42 13 1 0 0 
283 88 95 183 263 71 24 17 98 576 106 64 80 55 28 17 647 182 63 38 47 29 15 3 
144 94 291 284 100 49 44 18 268 303 135 122 78 45 34 39 605 164 94 58 34 30 30 9 
728 194 65 29 5 3 0 0 26 562 305 97 28 5 1 0 590 332 79 17 4 2 0 0 
465 186 118 73 134 28 7 13 138 296 208 130 65 122 49 16 489 194 92 59 122 52 8 8 
969 38 14 3 0 0 0 0 894 78 37 12 2 1 0 0 971 38 12 2 1 0 0 0 
340 261 220 99 25 21 35 23 135 188 206 257 160 28 16 34 320 128 172 254 92 16 25 17 
205 184 231 147 106 68 51 32 52 302 207 228 144 62 22 7 288 265 122 231 88 12 15 3 
236 292 207 142 68 48 20 11 276 335 198 114 79 14 6 2 689 190 92 44 1 4 4 0 
807 136 51 25 5 0 0 0 259 425 233 73 26 7 1 0 715 233 47 22 7 0 0 0 
0 0 0 0 0 476 548 0 0 0 0 71 953 0 0 0 0 0 4 988 32 0 0 0 
0 0 0 2 5 616 401 0 0 2 5 691 326 0 0 0 1 5 206 812 0 0 0 0 
0 0 0 0 0 792 232 0 0 0 26 968 30 0 0 0 0 0 733 291 0 0 0 0 
0 0 0 0 39 978 7 0 0 0 522 502 0 0 0 0 0 77 947 0 0 0 0 0 
0 0 0 0 327 697 0 0 0 5 894 125 0 0 0 0 0 476 547 1 0 0 0 0 
0 0 0 0 656 368 0 0 0 39 955 30 0 0 0 0 0 714 310 0 0 0 0 0 
0 0 0 5 821 198 0 0 0 36 926 62 0 0 0 0 1 750 273 0 0 0 0 0 
0 0 0 83 910 31 0 0 0 107 902 15 0 0 0 0 5 830 189 0 0 0 0 0 
0 0 0 199 813 12 0 0 0 52 871 101 0 0 0 0 11 698 315 0 0 0 0 0 
0 0 0 101 631 289 3 0 0 24 428 528 44 0 0 0 6 297 611 110 0 0 0 0 
0 0 0 9 300 707 8 0 0 1 126 849 48 0 0 0 0 40 770 214 0 0 0 0 
0 0 0 124 648 252 0 0 0 23 507 490 4 0 0 0 0 300 678 46 0 0 0 0 
0 0 0 165 724 135 0 0 0 32 459 533 0 0 0 0 2 313 701 8 0 0 0 0 
0 0 0 79 626 319 0 0 0 9 436 572 7 0 0 0 0 265 730 29 0 0 0 0 
0 0 0 89 728 205 2 0 0 9 394 606 15 0 0 0 0 285 716 23 0 0 0 0 
0 0 1 105 796 122 0 0 0 0 87 779 158 0 0 0 1 160 780 83 0 0 0 0 
0 0 0 227 741 56 0 0 0 0 155 557 310 2 0 0 0 179 645 200 0 0 0 0 
0 0 39 410 531 44 0 0 0 28 468 484 44 0 0 0 18 426 539 41 0 0 0 0 
0 0 22 180 765 57 0 0 0 18 129 403 457 17 0 0 3 115 491 411 4 0 0 0 
0 0 9 354 648 13 0 0 0 10 341 651 22 0 0 0 4 260 724 36 0 0 0 0 
0 0 0 387 636 1 0 0 0 0 80 539 400 5 0 0 0 79 729 216 0 0 0 0 
0 10 102 606 306 0 0 0 0 0 8 132 749 135 0 0 1 48 508 465 2 0 0 0 
2 101 380 451 90 0 0 0 0 2 76 341 502 101 2 0 19 223 488 284 10 0 0 0 
8 157 485 337 37 0 0 0 0 6 135 427 411 45 0 0 28 230 552 209 5 0 0 0 
10 170 526 238 46 10 15 9 0 0 134 245 528 113 4 0 66 551 275 125 7 0 0 0 
190 148 173 101 92 74 83 163 263 122 208 108 96 74 65 88 427 176 79 74 99 65 46 58 
470 382 123 26 16 7 0 0 254 475 234 31 8 16 6 0 697 263 35 6 11 12 0 0 
593 123 134 157 16 1 0 0 137 441 116 57 181 90 2 0 550 382 62 8 15 7 0 0 
269 296 299 83 36 17 17 7 48 221 220 223 224 48 25 15 324 387 183 59 31 18 14 8 
394 315 156 89 31 15 13 11 68 461 263 130 59 27 11 5 575 240 119 42 30 10 8 0 
0 17 15 24 50 39 111 768 0 8 36 116 383 276 163 42 8 33 155 368 268 170 22 0 
0 0 0 10 24 164 266 560 7 210 92 164 174 171 147 59 185 169 145 177 147 142 59 0 
0 0 0 60 206 149 85 524 74 197 118 85 119 189 180 62 216 145 87 156 230 190 0 0 
1 25 21 21 34 35 114 773 47 63 114 219 130 121 189 141 202 198 117 97 168 171 71 0 
378 270 120 86 54 24 52 40 287 373 115 97 98 30 13 11 566 220 115 71 35 11 4 2 
814 75 30 22 14 30 27 12 684 180 37 27 17 17 32 30 832 63 24 20 17 32 29 7 
685 95 67 52 46 25 38 16 515 282 91 23 21 19 25 48 657 173 75 23 19 22 45 10 
155 95 161 170 180 119 66 78 89 253 138 119 108 103 110 104 216 238 133 108 92 106 67 64 
317 161 154 89 56 93 72 82 31 274 175 155 105 82 103 99 328 176 156 73 59 97 75 60 
479 221 122 73 47 36 43 3 157 266 212 157 104 48 40 40 461 227 122 82 51 36 39 6 
621 155 131 68 27 15 7 0 367 236 131 149 95 27 12 7 589 189 127 80 24 9 6 0 
519 121 171 70 45 19 30 49 361 167 158 139 104 58 24 13 610 132 137 61 46 33 5 0 
0 11 30 47 33 55 149 699 0 5 57 75 304 299 195 89 22 49 74 285 305 209 69 11 
116 75 86 61 64 92 180 350 63 136 127 208 243 140 76 31 148 155 197 259 157 79 29 0 
648 202 107 60 4 3 0 0 376 312 167 101 62 4 2 0 673 200 76 69 3 3 0 0 
953 56 12 3 0 0 0 0 833 125 49 13 4 0 0 0 939 65 18 2 0 0 0 0 
0 0 0 0 0 231 793 0 0 0 0 66 953 5 0 0 0 0 11 998 15 0 0 0 
0 0 0 0 0 382 642 0 0 0 0 346 678 0 0 0 0 0 147 877 0 0 0 0 
0 0 0 0 0 508 516 0 0 0 0 621 403 0 0 0 0 0 388 636 0 0 0 0 
0 0 0 0 18 760 246 0 0 0 76 790 158 0 0 0 0 19 697 300 8 0 0 0 
0 0 0 0 360 551 113 0 0 0 528 408 88 0 0 0 0 307 535 181 1 0 0 0 
0 0 0 0 686 337 1 0 0 9 801 214 0 0 0 0 0 579 441 4 0 0 0 0 
0 0 0 56 837 131 0 0 0 117 789 118 0 0 0 0 12 660 352 0 0 0 0 0 
0 0 0 11 776 237 0 0 0 0 721 303 0 0 0 0 0 388 620 16 0 0 0 0 
0 0 0 141 841 42 0 0 0 55 845 124 0 0 0 0 7 558 459 0 0 0 0 0 
0 0 0 182 806 36 0 0 0 46 796 182 0 0 0 0 0 517 505 2 0 0 0 0 
0 0 0 124 758 142 0 0 0 32 550 428 14 0 0 0 3 342 636 43 0 0 0 0 
0 0 0 269 711 44 0 0 0 48 695 279 2 0 0 0 0 506 508 10 0 0 0 0 
0 0 0 135 727 162 0 0 0 6 595 422 1 0 0 0 0 289 721 14 0 0 0 0 
0 0 0 291 448 255 30 0 0 14 487 318 176 29 0 0 0 403 393 201 27 0 0 0 
0 0 0 480 498 46 0 0 0 224 657 132 11 0 0 0 5 763 239 17 0 0 0 0 
0 0 154 655 215 0 0 0 0 132 555 335 2 0 0 0 59 650 315 0 0 0 0 0 
0 32 302 469 216 5 0 0 0 132 561 319 12 0 0 0 123 557 332 12 0 0 0 0 
0 0 18 595 401 10 0 0 0 49 720 249 6 0 0 0 10 597 395 22 0 0 0 0 
0 4 63 491 408 57 1 0 13 232 476 229 60 14 0 0 55 466 402 90 11 0 0 0 
0 0 9 785 229 1 0 0 0 128 804 88 4 0 0 0 5 769 246 4 0 0 0 0 
0 0 5 555 462 2 0 0 0 2 160 650 212 0 0 0 0 143 770 111 0 0 0 0 
0 0 113 678 233 0 0 0 0 0 8 512 475 29 0 0 0 65 676 282 1 0 0 0 
4 68 335 525 92 0 0 0 0 4 76 438 465 41 0 0 8 146 589 281 0 0 0 0 
50 381 405 176 12 0 0 0 0 32 279 482 215 16 0 0 66 395 421 132 10 0 0 0 
144 281 400 189 10 0 0 0 0 98 327 382 211 6 0 0 128 403 399 94 0 0 0 0 
78 471 391 76 8 0 0 0 0 134 511 319 54 6 0 0 252 519 222 31 0 0 0 0 
353 278 171 85 49 26 26 36 26 317 297 152 101 53 31 47 397 320 114 68 46 25 28 26 
461 206 134 145 48 16 13 1 37 377 213 117 188 62 18 12 533 152 99 148 60 21 10 1 
425 253 128 99 57 19 22 21 55 331 243 171 107 56 24 37 394 217 182 105 62 24 26 14 
98 168 214 126 101 110 75 132 15 170 226 178 135 149 113 38 261 203 139 137 155 103 22 4 
0 0 0 0 0 9 93 922 0 0 12 144 169 299 366 34 3 101 149 179 345 240 7 0 
3 57 77 36 43 145 209 454 0 34 129 216 168 128 110 239 17 186 172 151 124 90 105 179 
132 216 120 66 64 61 122 243 0 307 273 128 87 65 72 92 377 230 84 99 84 95 52 3 
136 75 46 75 171 196 216 109 165 366 229 198 30 24 12 0 526 315 122 39 17 5 0 0 
964 52 8 0 0 0 0 0 743 245 31 5 0 0 0 0 957 55 12 0 0 0 0 0 
828 168 28 0 0 0 0 0 482 369 105 67 1 0 0 0 667 214 76 61 6 0 0 0 
612 233 81 35 32 12 19 0 242 384 121 186 35 25 12 19 501 185 108 152 44 12 22 0 
650 110 87 54 45 39 27 12 223 374 152 89 58 48 44 36 549 182 100 57 42 46 34 14 
860 62 50 43 6 2 1 0 185 645 91 46 46 8 3 0 790 153 52 19 7 3 0 0 
490 129 59 60 60 71 81 74 62 434 128 64 54 66 82 134 528 103 59 50 60 76 78 70 
520 94 101 160 113 29 7 0 253 235 106 88 122 174 38 8 519 117 105 158 93 26 5 1 
226 124 171 52 28 25 47 351 55 143 163 185 186 166 100 26 301 235 89 191 81 107 20 0 
0 0 0 0 36 57 133 798 0 43 55 107 205 316 242 56 59 54 94 255 326 205 31 0 
46 28 24 33 412 191 90 200 33 442 229 63 60 93 88 16 524 181 75 61 83 68 32 0 
718 118 81 53 35 19 0 0 471 355 126 44 28 0 0 0 794 139 71 20 0 0 0 0 
1008 16 0 0 0 0 0 0 827 181 16 0 0 0 0 0 981 43 0 0 0 0 0 0 
0 0 0 0 0 636 388 0 0 0 0 810 214 0 0 0 0 0 229 795 0 0 0 0 
0 0 0 0 0 832 192 0 0 0 10 971 43 0 0 0 0 0 648 376 0 0 0 0 
0 0 0 0 4 865 155 0 0 0 116 798 110 0 0 0 0 4 814 206 0 0 0 0 
0 0 0 0 27 840 157 0 0 0 100 763 161 0 0 0 0 5 730 288 1 0 0 0 
0 0 0 0 238 719 63 4 0 0 375 569 73 7 0 0 0 164 727 120 13 0 0 0 
0 0 0 0 458 562 4 0 0 1 565 455 3 0 0 0 0 247 741 36 0 0 0 0 
0 0 0 0 398 625 1 0 0 9 534 480 1 0 0 0 0 158 798 68 0 0 0 0 
0 0 0 12 718 294 0 0 0 0 685 339 0 0 0 0 0 291 711 22 0 0 0 0 
0 0 1 316 691 16 0 0 0 76 792 156 0 0 0 0 31 658 332 3 0 0 0 0 
0 0 26 357 618 23 0 0 1 110 708 205 0 0 0 0 29 567 422 6 0 0 0 0 
0 0 186 602 236 0 0 0 3 385 616 20 0 0 0 0 144 777 103 0 0 0 0 0 
0 0 168 728 128 0 0 0 24 599 401 0 0 0 0 0 234 759 31 0 0 0 0 0 
0 13 289 429 279 14 0 0 105 291 455 173 0 0 0 0 303 485 236 0 0 0 0 0 
0 0 1 138 406 319 160 0 0 0 137 346 300 201 40 0 0 141 378 313 189 3 0 0 
0 0 123 617 274 10 0 0 0 358 526 138 2 0 0 0 125 673 220 6 0 0 0 0 
0 7 418 565 34 0 0 0 25 464 422 111 2 0 0 0 210 675 137 2 0 0 0 0 
0 298 596 115 15 0 0 0 52 682 226 62 2 0 0 0 609 354 61 0 0 0 0 0 
0 8 405 445 154 12 0 0 0 362 503 153 6 0 0 0 164 590 252 18 0 0 0 0 
0 152 309 462 101 0 0 0 241 370 403 10 0 0 0 0 353 545 126 0 0 0 0 0 
0 0 284 727 13 0 0 0 0 158 753 113 0 0 0 0 16 884 124 0 0 0 0 0 
0 1 375 554 94 0 0 0 0 0 203 704 117 0 0 0 0 355 629 40 0 0 0 0 
0 14 237 698 75 0 0 0 0 0 35 599 386 4 0 0 0 193 705 126 0 0 0 0 
26 121 353 407 116 1 0 0 0 39 143 471 349 21 1 0 62 209 490 255 7 1 0 0 
13 304 408 209 72 15 3 0 0 24 257 420 227 72 19 5 37 375 368 181 47 13 3 0 
26 105 134 134 89 99 178 259 0 26 167 241 210 227 113 40 76 194 266 218 171 75 16 8 
75 357 261 85 49 47 55 95 0 194 452 203 56 35 26 58 307 374 170 62 36 22 48 5 
95 258 219 121 44 40 64 183 0 196 343 174 190 73 22 26 251 415 186 100 39 11 17 5 
319 186 110 91 69 67 60 122 123 292 194 176 125 62 35 17 402 234 184 92 57 38 17 0 
943 43 31 3 2 2 0 0 691 219 71 20 20 2 1 0 861 137 16 6 3 1 0 0 
287 182 150 123 94 62 55 71 113 247 219 177 151 77 37 3 377 242 186 118 66 34 1 0 
0 0 11 22 63 121 134 673 36 57 133 87 111 215 217 168 136 154 66 166 184 218 100 0 
165 196 130 136 164 125 56 52 113 305 254 151 89 51 24 37 458 313 98 71 26 20 20 18 
367 176 129 56 64 57 47 128 108 326 139 123 65 61 63 139 403 148 140 53 55 71 48 106 
401 132 118 124 118 82 29 20 187 289 130 108 113 112 58 27 425 161 112 107 107 71 27 14 
612 144 105 98 46 12 7 0 460 220 118 111 69 34 11 1 607 153 131 79 41 11 2 0 
732 116 45 17 9 12 22 71 698 192 41 36 40 17 0 0 825 94 38 51 16 0 0 0 
436 89 40 45 31 29 69 285 458 114 84 105 93 110 60 0 541 72 132 123 106 50 0 0 
699 71 52 33 34 31 34 70 702 84 46 33 35 39 57 28 769 49 34 38 44 60 23 7 
653 107 97 80 42 37 8 0 572 84 72 94 97 48 42 15 686 123 99 53 31 26 6 0 
529 172 107 64 73 43 31 5 281 216 153 139 74 68 49 44 525 172 112 65 62 50 35 3 
284 274 214 124 72 30 18 8 187 94 203 254 114 109 38 25 297 268 209 112 92 26 20 0 
500 148 94 67 71 58 37 49 331 173 129 118 100 99 61 13 478 168 107 94 78 77 20 2 
329 155 90 86 255 90 11 8 241 387 264 95 17 12 6 2 524 299 135 42 11 8 4 1 
562 116 74 63 117 38 28 26 420 290 124 66 32 29 33 30 643 164 83 31 25 28 22 28 
990 17 11 5 1 0 0 0 862 133 14 9 5 1 0 0 990 16 11 6 1 0 0 0 
1016 8 0 0 0 0 0 0 924 100 0 0 0 0 0 0 1013 11 0 0 0 0 0 0 
0 0 0 0 0 495 529 0 0 0 1 938 85 0 0 0 0 0 300 724 0 0 0 0 
0 0 0 0 0 672 352 0 0 0 24 890 110 0 0 0 0 0 530 494 0 0 0 0 
0 0 0 0 12 864 148 0 0 0 182 796 46 0 0 0 0 3 691 330 0 0 0 0 
0 0 0 0 102 915 7 0 0 0 358 666 0 0 0 0 0 47 958 19 0 0 0 0 
0 0 0 0 354 669 1 0 0 0 566 458 0 0 0 0 0 125 892 7 0 0 0 0 
0 0 0 12 818 194 0 0 0 10 802 212 0 0 0 0 1 554 468 1 0 0 0 0 
0 0 0 98 701 225 0 0 0 56 684 284 0 0 0 0 13 449 560 2 0 0 0 0 
0 0 23 250 703 48 0 0 4 152 697 171 0 0 0 0 52 535 437 0 0 0 0 0 
0 2 297 674 51 0 0 0 42 614 368 0 0 0 0 0 345 673 6 0 0 0 0 0 
0 189 629 192 14 0 0 0 311 519 184 10 0 0 0 0 716 291 17 0 0 0 0 0 
0 70 690 263 1 0 0 0 157 734 133 0 0 0 0 0 623 401 0 0 0 0 0 0 
0 71 771 182 0 0 0 0 225 728 71 0 0 0 0 0 786 237 1 0 0 0 0 0 
0 5 681 321 16 1 0 0 521 429 55 17 2 0 0 0 826 176 17 5 0 0 0 0 
0 128 562 280 43 11 0 0 268 434 265 38 19 0 0 0 593 368 46 17 0 0 0 0 
0 108 522 379 15 0 0 0 209 688 127 0 0 0 0 0 638 369 17 0 0 0 0 0 
0 265 555 204 0 0 0 0 210 738 76 0 0 0 0 0 649 368 7 0 0 0 0 0 
0 257 697 70 0 0 0 0 539 471 14 0 0 0 0 0 852 172 0 0 0 0 0 0 
0 9 603 411 1 0 0 0 27 676 321 0 0 0 0 0 283 718 23 0 0 0 0 0 
0 31 360 590 43 0 0 0 98 666 260 0 0 0 0 0 247 683 94 0 0 0 0 0 
26 398 525 63 12 0 0 0 14 527 415 68 0 0 0 0 405 543 74 2 0 0 0 0 
79 643 284 18 0 0 0 0 0 237 606 174 7 0 0 0 320 605 97 2 0 0 0 0 
108 624 270 22 0 0 0 0 0 242 512 256 14 0 0 0 347 555 120 2 0 0 0 0 
33 420 466 101 4 0 0 0 0 49 501 416 57 1 0 0 109 559 324 32 0 0 0 0 
8 109 480 349 78 0 0 0 0 21 285 411 244 63 0 0 36 276 473 194 45 0 0 0 
0 18 309 223 97 49 69 259 0 2 258 332 142 153 106 31 23 303 299 111 139 136 13 0 
0 0 0 0 12 12 111 889 0 0 23 199 208 205 208 181 4 126 199 222 190 159 96 28 
0 0 0 26 15 129 300 554 6 153 181 232 304 98 15 35 116 245 376 220 20 15 26 6 
290 168 87 80 44 87 74 194 209 325 175 116 107 76 16 0 511 225 115 95 60 18 0 0 
312 141 260 108 56 40 40 67 179 141 156 141 188 73 55 91 382 233 157 69 51 47 51 34 
720 141 85 47 19 6 4 2 442 299 131 82 44 19 4 3 757 154 43 42 19 5 3 1 
20 96 133 175 149 127 115 209 8 61 101 141 212 148 116 237 106 180 132 137 114 98 107 150 
407 160 104 103 82 71 70 27 149 296 160 97 106 77 67 72 366 238 97 91 82 67 71 12 
517 155 115 60 80 83 9 5 210 318 150 111 51 90 84 10 434 202 129 67 83 91 15 3 
695 136 81 64 27 15 6 0 412 304 132 76 60 26 13 1 629 186 88 73 31 14 3 0 
609 150 63 50 36 27 18 71 597 207 67 47 41 48 17 0 768 93 53 40 58 12 0 0 
48 30 16 22 18 18 33 839 84 22 32 323 388 160 12 3 96 62 391 353 100 18 4 0 
0 0 0 0 0 8 191 825 0 28 246 197 323 213 17 0 204 165 224 311 118 2 0 0 
104 69 35 28 185 218 150 235 317 235 133 87 106 54 53 39 495 170 91 106 73 59 26 4 
366 133 71 43 33 38 58 282 166 239 153 88 106 107 86 79 294 235 101 110 123 82 77 2 
935 59 11 7 11 1 0 0 430 453 111 8 9 10 3 0 760 223 20 8 12 1 0 0 
792 137 34 15 21 6 13 6 461 332 136 36 21 13 10 15 734 185 46 19 15 7 13 5 
802 108 49 23 16 20 6 0 579 219 105 54 25 17 17 8 763 119 64 33 19 16 10 0 
680 134 88 59 37 19 7 0 291 347 159 97 58 42 24 6 596 176 111 62 40 30 9 0 
555 132 81 62 52 47 49 46 255 347 117 78 63 48 44 72 515 165 92 73 40 48 42 49 
901 46 11 11 8 8 20 19 878 70 31 9 20 16 0 0 939 31 14 12 24 4 0 0 
641 65 26 15 17 17 56 187 700 35 23 13 54 93 59 47 724 19 23 25 98 80 54 1 
0 0 0 0 0 633 391 0 0 0 0 995 29 0 0 0 0 0 539 485 0 0 0 0 
0 0 0 0 0 862 162 0 0 0 124 895 5 0 0 0 0 1 826 197 0 0 0 0 
0 0 0 0 10 935 79 0 0 0 158 860 6 0 0 0 0 13 948 63 0 0 0 0 
0 0 0 0 107 908 9 0 0 0 494 530 0 0 0 0 0 81 930 13 0 0 0 0 
0 0 0 0 587 437 0 0 0 3 739 282 0 0 0 0 0 410 614 0 0 0 0 0 
0 0 0 122 868 34 0 0 0 46 936 42 0 0 0 0 3 791 230 0 0 0 0 0 
0 0 0 285 721 18 0 0 0 81 904 39 0 0 0 0 14 804 206 0 0 0 0 0 
0 0 281 564 179 0 0 0 5 612 402 5 0 0 0 0 363 618 43 0 0 0 0 0 
0 227 612 185 0 0 0 0 395 591 38 0 0 0 0 0 812 212 0 0 0 0 0 0 
0 356 533 135 0 0 0 0 473 514 37 0 0 0 0 0 850 174 0 0 0 0 0 0 
0 18 596 403 7 0 0 0 194 745 85 0 0 0 0 0 650 370 4 0 0 0 0 0 
0 298 625 101 0 0 0 0 575 436 13 0 0 0 0 0 925 99 0 0 0 0 0 0 
0 328 598 98 0 0 0 0 735 287 2 0 0 0 0 0 934 90 0 0 0 0 0 0 
155 659 203 7 0 0 0 0 847 173 4 0 0 0 0 0 978 46 0 0 0 0 0 0 
411 558 55 0 0 0 0 0 948 76 0 0 0 0 0 0 1011 13 0 0 0 0 0 0 
381 486 157 0 0 0 0 0 805 219 0 0 0 0 0 0 973 51 0 0 0 0 0 0 
0 594 409 21 0 0 0 0 779 244 1 0 0 0 0 0 919 105 0 0 0 0 0 0 
0 93 718 208 5 0 0 0 384 573 67 0 0 0 0 0 608 399 17 0 0 0 0 0 
0 88 363 564 9 0 0 0 35 383 568 38 0 0 0 0 150 409 439 26 0 0 0 0 
11 274 522 175 42 0 0 0 128 650 189 55 2 0 0 0 501 424 80 19 0 0 0 0 
364 490 147 22 1 0 0 0 198 651 165 10 0 0 0 0 741 258 25 0 0 0 0 0 
795 226 3 0 0 0 0 0 204 722 98 0 0 0 0 0 933 91 0 0 0 0 0 0 
237 590 191 6 0 0 0 0 13 346 552 113 0 0 0 0 371 574 78 1 0 0 0 0 
11 415 528 66 4 0 0 0 0 15 437 521 49 2 0 0 27 616 360 19 2 0 0 0 
4 193 457 114 26 29 39 162 0 29 482 266 36 84 98 29 36 550 199 33 82 92 30 2 
0 0 4 25 53 325 200 417 0 178 220 153 109 124 152 88 153 281 147 102 139 132 68 2 
0 0 0 16 338 558 85 27 220 528 240 25 11 0 0 0 567 384 59 11 3 0 0 0 
314 86 56 299 207 49 11 2 705 230 78 9 2 0 0 0 833 160 29 2 0 0 0 0 
650 152 78 38 35 23 23 25 527 207 100 63 39 25 26 37 700 115 64 48 30 27 29 11 
365 153 93 96 80 37 46 154 233 227 146 100 118 157 43 0 436 167 100 150 131 40 0 0 
55 148 90 82 117 84 114 334 27 182 133 112 110 108 124 228 198 153 114 101 100 120 179 59 
139 234 287 221 84 46 13 0 15 168 190 291 230 89 37 4 190 178 311 229 74 36 6 0 
389 157 66 76 77 67 75 117 143 275 147 71 61 93 88 146 398 153 81 61 68 92 72 99 
171 189 239 173 91 52 40 69 46 182 184 213 179 76 54 90 206 187 249 151 85 49 48 49 
178 97 51 40 27 36 128 467 175 133 72 196 181 207 39 21 296 96 172 190 223 25 14 8 
0 0 0 0 0 22 120 882 0 19 111 271 341 228 50 4 41 249 296 248 177 13 0 0 
0 0 0 0 99 333 386 206 54 544 253 73 36 29 32 3 767 146 44 38 25 4 0 0 
0 0 12 21 429 118 120 324 358 127 49 153 88 73 74 102 456 79 162 90 72 51 53 61 
114 212 182 199 146 52 52 67 19 335 216 163 149 48 50 44 353 201 137 118 104 52 30 29 
815 113 72 24 0 0 0 0 393 355 219 47 10 0 0 0 615 306 92 11 0 0 0 0 
978 28 15 3 0 0 0 0 755 216 36 15 2 0 0 0 928 68 23 5 0 0 0 0 
985 39 0 0 0 0 0 0 770 200 28 24 2 0 0 0 917 107 0 0 0 0 0 0 
428 140 121 99 66 49 52 69 79 265 194 131 105 84 71 95 265 257 129 102 93 60 58 60 
754 121 50 22 9 13 21 34 498 268 108 59 34 42 13 2 721 129 64 42 34 31 3 0 
31 40 26 14 19 19 112 763 68 22 17 24 49 236 496 112 86 20 21 24 208 548 117 0 
0 0 0 0 0 0 149 875 0 0 0 65 252 289 249 169 0 6 174 151 262 310 117 4 
0 0 0 0 0 774 250 0 0 0 135 876 13 0 0 0 0 5 734 285 0 0 0 0 
0 0 0 0 1 870 153 0 0 0 190 831 3 0 0 0 0 6 914 104 0 0 0 0 
0 0 0 0 128 868 28 0 0 1 383 635 5 0 0 0 0 142 844 38 0 0 0 0 
0 0 0 0 363 661 0 0 0 0 465 559 0 0 0 0 0 162 862 0 0 0 0 0 
0 0 0 53 684 287 0 0 0 7 702 313 2 0 0 0 0 459 556 9 0 0 0 0 
0 0 1 592 406 25 0 0 0 110 850 64 0 0 0 0 51 824 149 0 0 0 0 0 
0 0 130 691 202 1 0 0 11 382 600 31 0 0 0 0 180 758 86 0 0 0 0 0 
0 1 294 659 70 0 0 0 19 756 249 0 0 0 0 0 435 587 2 0 0 0 0 0 
0 61 776 187 0 0 0 0 353 661 10 0 0 0 0 0 935 89 0 0 0 0 0 0 
0 282 642 100 0 0 0 0 522 457 43 2 0 0 0 0 811 206 7 0 0 0 0 0 
3 332 616 71 2 0 0 0 449 522 50 3 0 0 0 0 809 209 6 0 0 0 0 0 
0 611 390 23 0 0 0 0 898 126 0 0 0 0 0 0 984 40 0 0 0 0 0 0 
0 648 376 0 0 0 0 0 792 232 0 0 0 0 0 0 977 47 0 0 0 0 0 0 
4 630 371 19 0 0 0 0 793 218 13 0 0 0 0 0 934 90 0 0 0 0 0 0 
818 205 1 0 0 0 0 0 1024 0 0 0 0 0 0 0 1024 0 0 0 0 0 0 0 
988 36 0 0 0 0 0 0 1024 0 0 0 0 0 0 0 1024 0 0 0 0 0 0 0 
466 405 153 0 0 0 0 0 892 130 2 0 0 0 0 0 976 48 0 0 0 0 0 0 
212 413 346 53 0 0 0 0 614 383 27 0 0 0 0 0 799 220 5 0 0 0 0 0 
324 397 272 31 0 0 0 0 412 173 401 38 0 0 0 0 452 124 237 211 0 0 0 0 
815 174 32 3 0 0 0 0 853 161 10 0 0 0 0 0 960 62 2 0 0 0 0 0 
859 152 13 0 0 0 0 0 805 206 13 0 0 0 0 0 961 62 1 0 0 0 0 0 
587 431 6 0 0 0 0 0 723 299 2 0 0 0 0 0 980 44 0 0 0 0 0 0 
254 666 101 3 0 0 0 0 164 701 155 4 0 0 0 0 655 357 11 1 0 0 0 0 
406 462 149 7 0 0 0 0 142 339 383 150 10 0 0 0 407 486 124 7 0 0 0 0 
290 588 135 11 0 0 0 0 10 396 510 103 5 0 0 0 280 616 124 4 0 0 0 0 
230 470 163 81 48 29 3 0 22 485 269 140 50 46 12 0 353 440 122 49 48 12 0 0 
11 85 117 107 230 208 117 149 94 181 206 115 79 116 96 137 252 199 134 82 97 100 97 63 
557 140 141 149 21 8 5 3 761 162 56 18 12 4 10 1 877 92 24 15 5 10 1 0 
634 140 53 39 25 21 34 78 601 202 53 31 51 35 39 12 762 77 36 44 36 59 10 0 
0 0 1 1 4 7 59 952 0 1 1 32 53 249 415 273 1 2 37 81 288 427 188 0 
25 72 76 96 112 152 161 330 2 126 123 134 184 214 145 96 111 145 150 212 198 147 48 13 
660 129 64 41 33 41 47 9 486 192 115 63 37 34 46 51 689 113 55 37 33 46 41 10 
421 113 121 57 71 198 36 7 272 154 95 95 95 66 204 43 431 164 72 47 63 183 46 18 
552 210 127 61 42 26 6 0 338 285 172 111 62 36 16 4 612 185 120 54 34 14 5 0 
604 218 57 35 34 32 31 13 534 292 69 57 26 20 14 12 758 133 53 30 19 15 12 4 
50 71 70 135 152 163 168 215 41 162 196 131 152 207 71 64 149 208 178 152 182 72 41 42 
162 159 235 130 84 143 82 29 107 384 167 112 209 38 7 0 421 337 136 94 31 5 0 0 
132 169 114 119 94 77 82 237 17 212 167 167 133 155 124 49 241 149 161 167 135 120 51 0 
232 189 269 184 86 37 10 17 341 332 171 75 32 42 13 18 687 166 64 33 37 16 11 10 
772 166 41 25 13 6 1 0 455 330 140 41 39 13 6 0 737 169 68 24 18 7 1 0 
638 256 95 18 9 4 4 0 358 229 229 126 65 8 5 4 625 269 93 19 10 4 4 0 
724 152 136 12 0 0 0 0 461 154 168 108 122 11 0 0 636 221 137 30 0 0 0 0 
959 43 15 6 1 0 0 0 723 230 47 14 8 2 0 0 909 91 18 6 0 0 0 0 
479 104 60 38 42 38 52 211 494 112 51 38 42 72 85 130 576 56 49 35 58 99 120 31 
0 1 4 5 3 8 77 926 1 6 5 19 149 295 410 139 4 6 11 152 329 353 146 23 
0 0 10 10 72 212 265 455 0 36 246 148 180 255 82 77 172 200 104 192 223 84 49 0 
0 0 0 0 0 502 522 0 0 0 0 749 275 0 0 0 0 0 393 629 2 0 0 0 
0 0 0 0 26 934 64 0 0 0 3 992 29 0 0 0 0 0 869 155 0 0 0 0 
0 0 0 0 260 761 3 0 0 0 214 806 4 0 0 0 0 59 943 22 0 0 0 0 
0 0 0 8 729 287 0 0 0 3 698 323 0 0 0 0 0 441 583 0 0 0 0 0 
0 0 0 156 803 65 0 0 0 23 910 91 0 0 0 0 1 673 350 0 0 0 0 0 
0 0 17 547 460 0 0 0 0 137 800 87 0 0 0 0 54 810 160 0 0 0 0 0 
0 0 39 554 431 0 0 0 0 311 660 53 0 0 0 0 91 774 159 0 0 0 0 0 
0 0 197 737 90 0 0 0 121 777 126 0 0 0 0 0 491 532 1 0 0 0 0 0 
0 122 772 130 0 0 0 0 450 539 35 0 0 0 0 0 883 141 0 0 0 0 0 0 
16 683 315 10 0 0 0 0 722 287 15 0 0 0 0 0 963 60 1 0 0 0 0 0 
45 345 409 190 35 0 0 0 455 496 66 7 0 0 0 0 744 254 26 0 0 0 0 0 
0 57 639 324 4 0 0 0 381 595 48 0 0 0 0 0 630 390 4 0 0 0 0 0 
0 448 564 12 0 0 0 0 839 185 0 0 0 0 0 0 967 57 0 0 0 0 0 0 
0 660 364 0 0 0 0 0 970 54 0 0 0 0 0 0 998 26 0 0 0 0 0 0 
50 486 485 3 0 0 0 0 915 109 0 0 0 0 0 0 984 40 0 0 0 0 0 0 
752 189 83 0 0 0 0 0 921 90 13 0 0 0 0 0 957 66 1 0 0 0 0 0 
979 45 0 0 0 0 0 0 1018 6 0 0 0 0 0 0 1024 0 0 0 0 0 0 0 
967 54 3 0 0 0 0 0 1010 14 0 0 0 0 0 0 1013 11 0 0 0 0 0 0 
592 320 102 10 0 0 0 0 519 80 343 82 0 0 0 0 508 68 103 345 0 0 0 0 
1011 13 0 0 0 0 0 0 1011 13 0 0 0 0 0 0 1012 12 0 0 0 0 0 0 
1005 19 0 0 0 0 0 0 1005 19 0 0 0 0 0 0 1017 7 0 0 0 0 0 0 
786 238 0 0 0 0 0 0 942 82 0 0 0 0 0 0 994 30 0 0 0 0 0 0 
653 371 0 0 0 0 0 0 773 251 0 0 0 0 0 0 1002 22 0 0 0 0 0 0 
413 553 58 0 0 0 0 0 241 611 172 0 0 0 0 0 619 386 19 0 0 0 0 0 
761 263 0 0 0 0 0 0 215 723 86 0 0 0 0 0 667 355 2 0 0 0 0 0 
649 149 46 24 23 17 28 88 283 454 97 30 22 21 23 94 662 161 36 19 19 22 47 58 
617 163 96 51 34 27 19 17 207 442 137 88 56 39 31 24 554 252 84 45 33 24 19 13 
818 120 55 18 8 5 0 0 465 352 131 45 18 11 2 0 717 178 80 30 13 5 1 0 
746 205 41 20 9 3 0 0 485 396 113 20 6 4 0 0 762 209 37 10 3 3 0 0 
186 101 86 51 42 43 130 385 170 145 126 81 83 100 97 222 354 118 82 61 96 105 186 22 
334 216 168 179 82 42 3 0 84 325 219 130 165 74 27 0 387 203 131 173 86 40 4 0 
848 87 46 29 11 2 1 0 306 512 120 41 26 15 4 0 835 97 50 26 12 4 0 0 
720 79 90 70 51 7 6 1 575 144 74 63 70 78 14 6 721 76 71 69 68 12 6 1 
809 87 45 28 24 22 8 1 702 110 78 50 32 33 14 5 818 86 41 28 28 16 5 2 
783 66 41 36 26 27 28 17 652 170 49 39 26 28 29 31 793 66 41 32 27 27 28 10 
406 154 164 135 99 43 21 2 178 242 153 166 128 102 44 11 392 171 169 116 113 49 13 1 
255 294 133 50 63 143 48 38 29 142 300 168 89 47 157 92 199 349 124 51 46 132 77 46 
275 193 216 142 95 53 36 14 8 293 172 177 184 86 57 47 300 216 192 145 84 48 32 7 
398 214 185 88 40 21 26 52 85 314 262 159 95 25 25 59 487 227 127 76 22 22 17 46 
938 54 17 14 1 0 0 0 737 219 33 19 15 1 0 0 927 64 22 11 0 0 0 0 
774 119 57 37 20 16 1 0 401 334 149 67 36 24 13 0 678 189 77 38 23 18 1 0 
979 39 4 2 0 0 0 0 907 61 45 11 0 0 0 0 956 52 14 2 0 0 0 0 
1024 0 0 0 0 0 0 0 1024 0 0 0 0 0 0 0 1024 0 0 0 0 0 0 0 
982 19 13 10 0 0 0 0 978 10 14 13 9 0 0 0 985 13 15 11 0 0 0 0 
141 106 113 122 92 68 124 258 135 87 89 119 162 197 179 56 217 90 132 156 180 178 64 7 
285 148 126 110 125 146 40 44 183 204 146 241 134 49 30 37 351 182 214 142 62 33 27 13 
0 0 0 0 0 521 503 0 0 0 0 529 495 0 0 0 0 0 251 768 5 0 0 0 
0 0 0 0 57 941 26 0 0 0 37 915 72 0 0 0 0 7 856 161 0 0 0 0 
0 0 0 2 654 368 0 0 0 0 486 535 3 0 0 0 0 293 725 6 0 0 0 0 
0 0 0 7 794 220 3 0 0 2 746 275 1 0 0 0 0 507 510 7 0 0 0 0 
0 0 6 378 588 52 0 0 0 224 732 68 0 0 0 0 66 675 283 0 0 0 0 0 
0 0 151 631 227 15 0 0 53 416 511 44 0 0 0 0 283 651 90 0 0 0 0 0 
0 0 39 522 449 14 0 0 4 385 611 24 0 0 0 0 110 765 149 0 0 0 0 0 
0 17 277 672 58 0 0 0 44 716 264 0 0 0 0 0 413 603 8 0 0 0 0 0 
0 262 573 174 15 0 0 0 445 397 120 62 0 0 0 0 724 173 52 45 30 0 0 0 
0 336 294 284 110 0 0 0 357 261 59 341 6 0 0 0 500 114 51 205 154 0 0 0 
0 56 323 552 93 0 0 0 206 412 297 109 0 0 0 0 339 383 139 163 0 0 0 0 
0 356 595 71 2 0 0 0 590 421 13 0 0 0 0 0 874 150 0 0 0 0 0 0 
17 583 383 41 0 0 0 0 858 164 2 0 0 0 0 0 935 89 0 0 0 0 0 0 
0 165 413 408 38 0 0 0 446 522 56 0 0 0 0 0 623 388 13 0 0 0 0 0 
11 433 571 9 0 0 0 0 933 91 0 0 0 0 0 0 971 53 0 0 0 0 0 0 
467 532 22 3 0 0 0 0 994 25 5 0 0 0 0 0 1005 17 2 0 0 0 0 0 
817 207 0 0 0 0 0 0 1017 7 0 0 0 0 0 0 1023 1 0 0 0 0 0 0 
1024 0 0 0 0 0 0 0 1024 0 0 0 0 0 0 0 1024 0 0 0 0 0 0 0 
782 214 28 0 0 0 0 0 552 241 227 4 0 0 0 0 535 152 271 66 0 0 0 0 
995 29 0 0 0 0 0 0 995 29 0 0 0 0 0 0 1000 24 0 0 0 0 0 0 
1015 9 0 0 0 0 0 0 1007 17 0 0 0 0 0 0 1017 7 0 0 0 0 0 0 
1022 2 0 0 0 0 0 0 1019 5 0 0 0 0 0 0 1024 0 0 0 0 0 0 0 
985 39 0 0 0 0 0 0 1003 21 0 0 0 0 0 0 1023 1 0 0 0 0 0 0 
995 29 0 0 0 0 0 0 915 109 0 0 0 0 0 0 1010 14 0 0 0 0 0 0 
935 89 0 0 0 0 0 0 624 397 3 0 0 0 0 0 940 84 0 0 0 0 0 0 
1006 18 0 0 0 0 0 0 886 131 7 0 0 0 0 0 1001 23 0 0 0 0 0 0 
1008 16 0 0 0 0 0 0 925 87 12 0 0 0 0 0 984 40 0 0 0 0 0 0 
593 60 73 88 73 73 48 16 477 120 59 72 91 79 68 58 590 61 73 87 72 71 52 18 
749 75 82 32 37 21 16 12 612 153 77 72 32 34 21 23 736 93 78 35 34 22 16 10 
465 133 136 118 89 55 20 8 255 231 121 132 122 86 58 19 479 160 102 117 85 54 21 6 
389 249 152 79 50 67 36 2 168 198 236 189 86 50 63 34 448 238 123 70 47 63 34 1 
757 167 47 38 13 2 0 0 408 336 177 49 36 16 2 0 695 177 78 42 30 2 0 0 
343 160 170 137 110 61 27 16 151 165 159 180 144 109 68 48 283 183 162 149 111 84 41 11 
828 160 29 3 2 2 0 0 557 251 168 40 4 4 0 0 792 194 32 2 2 2 0 0 
398 132 92 89 88 100 87 38 293 142 115 89 95 94 103 93 392 132 97 87 97 105 93 21 
475 91 92 88 85 100 63 30 381 122 86 87 79 83 112 74 470 98 89 84 83 106 71 23 
763 64 28 33 43 74 18 1 467 279 65 30 34 41 56 52 727 76 35 31 41 54 53 7 
512 142 97 51 47 56 74 45 162 316 160 106 49 48 68 115 447 184 100 55 49 61 70 58 
554 146 114 78 59 71 2 0 371 238 91 107 74 51 82 10 603 113 87 72 56 74 19 0 
572 154 119 79 45 30 15 10 323 293 156 67 71 58 31 25 593 172 75 73 54 31 19 7 
595 204 117 46 29 26 7 0 334 211 199 163 53 29 23 12 548 204 159 53 27 27 6 0 
983 39 2 0 0 0 0 0 922 54 36 12 0 0 0 0 970 39 15 0 0 0 0 0 
930 29 29 21 8 5 2 0 892 42 22 22 31 9 6 0 925 30 28 26 8 5 2 0 
835 91 45 51 2 0 0 0 607 227 73 49 46 22 0 0 768 119 65 51 21 0 0 0 
411 182 140 89 54 39 42 67 19 389 208 125 96 53 42 92 356 205 157 100 50 45 40 71 
55 304 191 161 139 86 21 67 37 297 341 186 87 50 26 0 282 357 210 153 18 2 2 0 
0 0 0 0 82 847 95 0 0 3 250 674 97 0 0 0 0 121 744 159 0 0 0 0 
0 0 0 0 348 675 1 0 0 0 373 651 0 0 0 0 0 185 832 7 0 0 0 0 
0 0 0 0 800 224 0 0 0 0 797 227 0 0 0 0 0 359 665 0 0 0 0 0 
0 0 0 24 791 209 0 0 0 5 730 289 0 0 0 0 1 423 597 3 0 0 0 0 
0 0 18 338 646 22 0 0 0 138 747 139 0 0 0 0 63 602 359 0 0 0 0 0 
0 0 32 555 378 59 0 0 2 288 635 99 0 0 0 0 93 751 172 8 0 0 0 0 
0 1 285 603 135 0 0 0 125 644 251 4 0 0 0 0 395 600 29 0 0 0 0 0 
0 422 508 94 0 0 0 0 568 424 32 0 0 0 0 0 865 159 0 0 0 0 0 0 
0 391 326 145 160 2 0 0 492 116 154 157 105 0 0 0 539 69 138 66 211 1 0 0 
0 0 3 528 489 4 0 0 0 2 333 632 57 0 0 0 0 0 146 620 258 0 0 0 
0 2 221 701 100 0 0 0 70 208 555 191 0 0 0 0 100 213 433 278 0 0 0 0 
0 125 745 154 0 0 0 0 667 322 35 0 0 0 0 0 845 179 0 0 0 0 0 0 
0 383 503 134 4 0 0 0 754 224 41 5 0 0 0 0 858 140 25 1 0 0 0 0 
0 13 496 469 46 0 0 0 363 589 72 0 0 0 0 0 527 478 19 0 0 0 0 0 
0 341 502 173 8 0 0 0 733 282 9 0 0 0 0 0 850 174 0 0 0 0 0 0 
466 532 26 0 0 0 0 0 1013 11 0 0 0 0 0 0 1015 9 0 0 0 0 0 0 
825 193 6 0 0 0 0 0 998 26 0 0 0 0 0 0 1020 4 0 0 0 0 0 0 
1024 0 0 0 0 0 0 0 1024 0 0 0 0 0 0 0 1024 0 0 0 0 0 0 0 
888 99 37 0 0 0 0 0 571 369 73 11 0 0 0 0 550 275 176 23 0 0 0 0 
942 82 0 0 0 0 0 0 1001 23 0 0 0 0 0 0 1011 13 0 0 0 0 0 0 
1008 16 0 0 0 0 0 0 1010 14 0 0 0 0 0 0 1021 3 0 0 0 0 0 0 
943 81 0 0 0 0 0 0 958 66 0 0 0 0 0 0 1009 15 0 0 0 0 0 0 
966 58 0 0 0 0 0 0 970 54 0 0 0 0 0 0 1002 22 0 0 0 0 0 0 
1000 24 0 0 0 0 0 0 1006 18 0 0 0 0 0 0 1021 3 0 0 0 0 0 0 
959 65 0 0 0 0 0 0 979 45 0 0 0 0 0 0 1016 8 0 0 0 0 0 0 
1010 14 0 0 0 0 0 0 1008 16 0 0 0 0 0 0 1015 9 0 0 0 0 0 0 
984 40 0 0 0 0 0 0 972 52 0 0 0 0 0 0 1001 23 0 0 0 0 0 0 
957 24 13 13 12 5 0 0 900 65 18 12 13 11 5 0 955 25 12 13 12 7 0 0 
940 41 20 17 6 0 0 0 813 130 39 23 17 2 0 0 930 42 26 16 10 0 0 0 
409 202 126 96 80 54 40 17 203 229 194 119 98 88 49 44 398 224 120 96 92 46 40 8 
170 147 123 143 190 130 85 36 49 118 131 149 157 189 128 103 132 148 139 146 181 157 100 21 
553 269 80 59 32 23 8 0 147 359 280 110 63 33 22 10 439 261 178 62 49 19 14 2 
403 117 111 78 66 69 63 117 220 221 128 91 77 72 72 143 418 132 108 71 66 71 71 87 
926 43 14 12 13 12 4 0 859 83 26 18 10 12 12 4 925 45 17 11 11 12 3 0 
946 53 16 5 2 2 0 0 807 131 60 18 5 1 2 0 957 41 17 5 2 2 0 0 
991 28 3 2 0 0 0 0 952 29 19 22 1 1 0 0 999 19 3 2 1 0 0 0 
684 135 112 74 8 10 1 0 518 113 173 94 84 33 8 1 640 174 95 86 18 10 1 0 
467 226 154 84 42 32 15 4 145 283 250 138 98 60 44 6 519 237 115 69 52 26 3 3 
396 150 137 141 95 64 29 12 290 279 149 102 92 46 40 26 582 179 102 63 40 32 20 6 
273 162 169 313 56 17 12 22 475 238 169 54 33 20 12 23 688 160 90 30 20 12 18 6 
990 20 7 5 2 0 0 0 825 150 34 6 4 5 0 0 961 47 7 4 5 0 0 0 
831 94 65 19 9 5 1 0 700 132 78 68 30 9 6 1 801 109 71 28 9 5 1 0 
776 103 82 41 14 8 0 0 575 183 102 78 61 15 10 0 754 111 89 47 11 11 1 0 
1014 10 0 0 0 0 0 0 923 89 12 0 0 0 0 0 983 41 0 0 0 0 0 0 
897 85 26 7 6 3 0 0 386 382 191 43 10 6 4 2 585 206 172 40 12 6 3 0 
117 44 54 117 180 233 148 131 157 201 198 249 137 62 20 0 251 280 297 130 63 3 0 0 
0 0 0 0 439 582 3 0 0 5 911 106 2 0 0 0 0 500 515 9 0 0 0 0 
0 0 0 0 503 511 10 0 0 5 613 406 0 0 0 0 0 288 697 39 0 0 0 0 
0 0 0 101 854 69 0 0 0 81 819 124 0 0 0 0 3 745 276 0 0 0 0 0 
0 0 0 89 654 281 0 0 0 8 553 460 3 0 0 0 2 351 607 64 0 0 0 0 
0 0 3 404 605 12 0 0 0 61 707 256 0 0 0 0 5 649 370 0 0 0 0 0 
0 1 264 720 39 0 0 0 10 463 525 26 0 0 0 0 241 726 57 0 0 0 0 0 
0 175 684 165 0 0 0 0 431 558 35 0 0 0 0 0 850 174 0 0 0 0 0 0 
40 716 252 16 0 0 0 0 763 256 5 0 0 0 0 0 956 68 0 0 0 0 0 0 
0 157 340 436 90 1 0 0 260 406 301 53 4 0 0 0 447 401 124 35 17 0 0 0 
0 64 404 503 53 0 0 0 65 305 514 133 7 0 0 0 220 520 233 38 13 0 0 0 
1 4 155 652 203 9 0 0 2 225 668 117 12 0 0 0 104 644 245 31 0 0 0 0 
0 58 528 382 54 2 0 0 26 442 407 117 27 5 0 0 322 608 79 15 0 0 0 0 
0 4 398 589 33 0 0 0 156 606 261 1 0 0 0 0 379 587 58 0 0 0 0 0 
5 89 369 475 82 4 0 0 122 432 396 69 5 0 0 0 300 601 113 10 0 0 0 0 
22 327 460 205 10 0 0 0 362 442 217 3 0 0 0 0 571 428 25 0 0 0 0 0 
736 239 49 0 0 0 0 0 961 63 0 0 0 0 0 0 1001 23 0 0 0 0 0 0 
952 71 1 0 0 0 0 0 962 62 0 0 0 0 0 0 1000 24 0 0 0 0 0 0 
1017 7 0 0 0 0 0 0 1020 4 0 0 0 0 0 0 1024 0 0 0 0 0 0 0 
965 59 0 0 0 0 0 0 681 343 0 0 0 0 0 0 644 353 27 0 0 0 0 0 
1024 0 0 0 0 0 0 0 1024 0 0 0 0 0 0 0 1024 0 0 0 0 0 0 0 
948 76 0 0 0 0 0 0 1024 0 0 0 0 0 0 0 1024 0 0 0 0 0 0 0 
998 26 0 0 0 0 0 0 994 30 0 0 0 0 0 0 1024 0 0 0 0 0 0 0 
299 166 37 26 16 17 24 439 283 189 34 26 15 20 20 437 432 70 25 15 16 20 24 422 
624 75 30 20 17 20 20 218 612 90 27 21 17 20 22 215 673 47 23 16 18 14 26 207 
1019 5 0 0 0 0 0 0 1020 4 0 0 0 0 0 0 1021 3 0 0 0 0 0 0 
1019 5 0 0 0 0 0 0 1019 5 0 0 0 0 0 0 1021 3 0 0 0 0 0 0 
1024 0 0 0 0 0 0 0 1024 0 0 0 0 0 0 0 1024 0 0 0 0 0 0 0 
1024 0 0 0 0 0 0 0 1024 0 0 0 0 0 0 0 1024 0 0 0 0 0 0 0 
1018 6 0 0 0 0 0 0 988 35 1 0 0 0 0 0 1015 9 0 0 0 0 0 0 
816 43 53 47 36 13 8 8 772 57 48 44 51 30 7 15 818 46 52 49 35 8 11 5 
149 103 87 90 113 142 159 181 75 104 102 90 88 134 175 256 147 105 87 86 106 156 139 198 
250 202 150 133 139 98 40 12 53 208 196 145 137 143 105 37 215 220 148 147 133 111 42 8 
540 167 100 88 44 36 33 16 288 244 162 117 82 50 42 39 504 163 126 93 45 39 45 9 
937 55 28 4 0 0 0 0 870 69 64 16 5 0 0 0 910 72 30 11 1 0 0 0 
1024 0 0 0 0 0 0 0 1020 4 0 0 0 0 0 0 1024 0 0 0 0 0 0 0 
1017 7 0 0 0 0 0 0 1012 10 2 0 0 0 0 0 1015 9 0 0 0 0 0 0 
690 55 87 116 62 14 0 0 659 50 42 91 105 54 23 0 688 47 75 113 74 27 0 0 
562 79 54 52 52 54 66 105 503 66 83 51 63 48 64 146 580 77 44 50 55 54 68 96 
763 105 55 25 18 29 24 5 412 332 115 66 30 22 29 18 713 144 71 22 18 29 22 5 
324 125 161 126 104 58 40 86 157 150 107 156 138 120 73 123 315 124 144 151 87 70 46 87 
600 187 122 59 36 13 7 0 367 255 150 120 73 44 15 0 674 143 97 62 33 14 1 0 
613 174 136 50 28 11 12 0 191 346 207 120 104 25 18 13 501 252 95 115 32 16 13 0 
746 125 142 11 0 0 0 0 670 72 60 166 56 0 0 0 739 100 153 32 0 0 0 0 
1024 0 0 0 0 0 0 0 1024 0 0 0 0 0 0 0 1024 0 0 0 0 0 0 0 
974 30 10 6 4 0 0 0 932 56 22 8 3 3 0 0 946 58 10 6 4 0 0 0 
435 259 82 87 83 55 10 13 172 274 177 223 79 70 29 0 350 324 167 76 57 44 6 0 
