465 264 178 58 21 18 18 2 385 179 287 103 21 20 21 8 509 302 113 46 16 18 18 2 
37 173 262 241 154 64 56 37 25 82 244 248 207 92 67 59 103 329 312 131 72 45 27 5 
89 52 113 218 249 169 93 41 99 76 134 248 262 143 37 25 170 190 304 215 99 33 8 5 
167 87 131 185 208 145 64 37 175 71 89 199 267 156 44 23 226 158 231 211 112 53 23 10 
209 231 222 172 93 52 27 18 156 147 214 270 148 53 23 13 344 270 216 118 34 28 13 1 
194 307 258 115 63 49 31 7 132 244 290 226 69 30 23 10 323 351 215 78 28 19 9 1 
84 189 281 240 113 60 37 20 63 190 307 313 119 31 1 0 165 305 308 164 54 25 3 0 
60 200 261 223 149 96 24 11 68 188 318 225 161 51 13 0 224 300 290 152 47 9 2 0 
32 110 205 292 205 103 51 26 57 116 241 323 208 67 12 0 190 303 313 127 66 17 7 1 
191 122 121 184 223 128 45 10 256 180 221 216 109 38 4 0 383 264 205 115 50 7 0 0 
11 98 288 242 163 111 82 29 0 42 273 341 154 81 76 57 32 236 249 172 119 90 74 52 
0 28 190 284 169 115 138 100 0 16 76 264 256 138 124 150 13 130 226 183 129 91 130 122 
0 13 290 311 149 84 111 66 0 1 37 333 319 123 97 114 24 214 292 148 99 78 106 63 
3 70 333 333 144 66 44 31 0 3 74 356 386 120 44 41 51 321 357 150 60 36 29 20 
5 123 283 243 147 80 78 65 0 9 166 312 252 113 71 101 88 221 258 173 104 63 63 54 
28 122 276 297 161 57 54 29 1 28 160 337 314 128 29 27 95 272 312 212 88 22 21 2 
26 233 451 223 72 10 8 1 4 55 309 451 167 35 2 1 167 407 313 113 13 10 1 0 
24 189 396 256 106 39 13 1 6 78 272 427 194 44 3 0 120 375 346 149 31 3 0 0 
8 59 227 296 213 136 67 18 18 84 213 381 256 64 7 1 73 234 321 213 122 47 10 4 
4 56 250 289 233 132 52 8 48 103 278 409 154 27 5 0 72 239 317 217 119 47 12 1 
0 125 657 217 21 4 0 0 0 4 90 613 317 0 0 0 80 586 252 98 6 2 0 0 
1 113 403 228 133 89 43 14 5 61 245 511 184 14 3 1 68 386 245 153 122 40 9 1 
12 84 183 214 160 136 112 123 3 60 176 298 201 93 87 106 84 179 200 159 104 99 91 108 
7 98 229 161 139 120 132 138 5 61 205 287 137 85 99 145 41 201 192 141 116 95 99 139 
4 134 352 217 86 73 90 68 3 40 190 351 169 80 90 101 76 330 226 111 56 74 72 79 
18 161 344 194 108 61 56 82 0 4 139 430 235 72 53 91 77 301 269 152 50 56 47 72 
35 165 402 272 57 41 20 32 18 43 139 403 291 56 33 41 166 418 261 88 23 18 16 34 
13 78 277 261 174 128 74 19 0 58 172 412 326 53 3 0 66 279 341 277 53 8 0 0 
10 107 305 317 181 46 33 25 0 19 162 352 327 96 28 40 91 260 330 213 60 19 28 23 
14 130 353 353 133 35 6 0 39 73 229 349 270 58 6 0 125 354 332 156 43 13 1 0 
0 0 362 642 19 1 0 0 0 0 0 167 847 10 0 0 0 195 776 51 2 0 0 0 
0 0 163 849 12 0 0 0 0 0 0 79 942 3 0 0 1 192 804 27 0 0 0 0 
2 31 283 624 46 26 7 5 0 1 41 200 742 39 1 0 40 296 605 47 21 10 5 0 
3 44 180 253 204 151 122 67 4 79 283 387 237 34 0 0 47 216 249 209 147 105 36 15 
13 60 146 195 190 150 129 141 0 44 290 345 176 74 45 50 68 152 183 192 135 116 87 91 
6 202 298 160 83 77 81 117 22 96 286 258 110 71 61 120 157 331 144 78 60 72 75 107 
4 147 462 187 51 42 52 79 1 35 129 454 213 47 51 94 100 437 223 72 31 37 65 59 
3 109 332 174 99 87 85 135 25 78 146 324 156 66 78 151 58 316 240 75 66 62 80 127 
0 58 201 202 110 115 120 218 1 9 92 302 153 106 110 251 45 167 162 135 105 83 113 214 
6 97 263 228 123 95 68 144 57 56 188 283 147 90 61 142 66 225 263 118 80 73 68 131 
0 27 731 263 3 0 0 0 0 0 8 340 669 7 0 0 24 643 353 4 0 0 0 0 
0 3 624 395 2 0 0 0 0 0 1 241 772 10 0 0 8 694 320 2 0 0 0 0 
0 2 493 516 13 0 0 0 0 0 0 197 802 25 0 0 25 671 316 12 0 0 0 0 
0 22 471 502 28 1 0 0 0 0 18 254 712 40 0 0 63 669 279 13 0 0 0 0 
4 113 426 258 60 58 57 48 1 35 164 430 311 43 12 28 168 435 199 78 56 46 25 17 
15 201 344 173 120 89 53 29 0 26 237 431 202 68 33 27 185 348 183 120 69 71 30 18 
5 112 234 196 157 142 91 87 2 34 184 351 222 93 58 80 107 227 196 138 116 103 71 66 
27 199 301 164 88 74 65 106 28 140 334 228 109 56 50 79 151 366 183 70 45 54 72 83 
57 313 271 151 49 34 48 101 36 192 358 208 51 30 42 107 270 354 155 47 25 28 44 101 
24 341 288 93 77 58 56 87 46 93 373 275 56 37 45 99 324 365 95 37 30 32 51 90 
2 66 770 182 4 0 0 0 0 0 30 629 359 6 0 0 66 718 234 6 0 0 0 0 
0 37 686 287 14 0 0 0 0 0 22 540 444 18 0 0 32 697 280 15 0 0 0 0 
0 14 562 435 11 2 0 0 0 0 12 371 614 26 1 0 34 628 356 5 1 0 0 0 
0 17 536 462 9 0 0 0 0 0 2 374 619 29 0 0 43 683 291 7 0 0 0 0 
0 9 567 431 15 2 0 0 0 0 3 331 657 33 0 0 15 668 328 12 1 0 0 0 
0 51 572 301 30 23 20 27 1 3 52 423 522 23 0 0 100 609 222 33 22 25 12 1 
2 18 82 146 178 175 205 218 13 154 375 379 90 13 0 0 16 112 191 237 201 186 67 14 
29 124 174 138 102 122 156 179 48 217 355 247 121 34 2 0 106 207 162 148 167 139 67 28 
122 301 277 144 70 45 29 36 73 217 295 298 91 28 6 16 341 335 166 70 63 24 9 16 
31 226 284 242 103 40 32 66 66 205 331 216 99 34 24 49 234 401 186 72 18 34 31 48 
0 76 826 119 3 0 0 0 0 0 38 683 302 1 0 0 54 758 208 4 0 0 0 0 
0 59 719 245 1 0 0 0 0 0 25 563 430 6 0 0 58 715 250 1 0 0 0 0 
1 30 629 359 5 0 0 0 0 0 15 498 497 14 0 0 42 647 325 10 0 0 0 0 
0 12 634 375 3 0 0 0 0 1 8 422 585 8 0 0 17 645 357 5 0 0 0 0 
0 11 608 400 5 0 0 0 0 0 1 401 612 10 0 0 12 613 391 7 1 0 0 0 
0 22 497 456 42 5 2 0 0 0 13 420 568 21 2 0 31 570 402 18 3 0 0 0 
18 110 415 320 87 34 20 20 11 103 162 345 347 53 3 0 137 489 279 80 32 4 3 0 
51 181 358 203 91 52 46 42 8 124 258 405 199 28 2 0 237 357 191 76 69 41 34 19 
26 236 414 161 58 37 34 58 1 60 282 474 142 26 9 30 261 381 180 59 46 31 25 41 
43 139 198 172 95 98 106 173 13 69 223 302 198 82 45 92 116 205 185 114 81 110 102 111 
0 122 848 54 0 0 0 0 0 0 36 816 169 3 0 0 45 786 193 0 0 0 0 0 
0 104 771 148 1 0 0 0 0 0 20 675 327 2 0 0 35 749 236 4 0 0 0 0 
0 45 742 235 2 0 0 0 0 0 31 620 371 2 0 0 27 680 314 3 0 0 0 0 
0 27 690 291 8 8 0 0 0 0 14 525 468 15 2 0 28 663 317 8 8 0 0 0 
0 15 488 478 36 7 0 0 0 0 16 417 562 25 4 0 13 448 519 37 5 2 0 0 
0 7 532 461 17 7 0 0 0 0 7 396 605 16 0 0 8 498 493 19 6 0 0 0 
0 13 496 506 9 0 0 0 0 0 5 334 668 16 1 0 7 421 577 19 0 0 0 0 
0 46 604 351 19 4 0 0 0 0 11 389 571 47 6 0 46 592 359 23 4 0 0 0 
1 112 636 161 27 23 28 36 0 16 87 576 320 22 3 0 98 598 210 31 30 35 22 0 
5 72 249 284 160 107 77 70 9 75 243 405 243 43 6 0 76 229 312 190 111 50 29 27 
