0 0 33 35 29 38 76 813 0 4 36 30 21 38 71 824 0 12 37 23 20 27 74 831 
0 0 10 9 17 28 34 926 0 0 2 14 18 25 33 932 0 0 0 4 13 23 40 944 
0 0 0 0 0 0 0 1024 0 0 0 0 0 0 0 1024 0 0 0 0 0 0 0 1024 
0 0 44 29 35 46 77 793 0 0 0 59 33 48 81 803 0 0 10 31 31 37 61 854 
0 391 310 144 90 52 25 12 0 4 475 275 123 81 41 25 0 147 418 185 115 82 48 29 
64 862 95 3 0 0 0 0 0 379 599 44 2 0 0 0 0 790 224 10 0 0 0 0 
299 591 86 37 8 2 1 0 7 555 351 54 43 11 2 1 166 629 121 52 28 22 4 2 
175 503 107 45 52 53 56 33 0 341 373 76 47 58 67 62 144 480 118 43 40 55 53 91 
231 785 8 0 0 0 0 0 0 600 423 1 0 0 0 0 204 796 24 0 0 0 0 0 
261 556 118 44 28 11 6 0 14 467 390 86 31 23 11 2 248 473 151 78 32 28 12 2 
24 466 358 123 43 10 0 0 0 57 586 227 110 38 6 0 3 377 312 172 86 57 16 1 
147 625 188 52 10 2 0 0 23 468 387 122 18 6 0 0 91 691 179 46 13 4 0 0 
142 777 86 14 2 3 0 0 0 721 269 27 4 3 0 0 134 767 95 19 6 3 0 0 
14 809 160 14 10 14 3 0 0 319 640 29 16 11 8 1 12 836 120 23 10 10 12 1 
139 544 173 66 36 31 22 13 40 446 336 79 47 32 28 16 129 499 183 72 47 35 27 32 
188 328 138 119 82 92 51 26 78 354 179 122 86 84 82 39 123 322 151 102 93 73 87 73 
77 603 169 69 41 25 18 22 9 386 415 84 53 33 16 28 14 595 198 76 50 34 24 33 
4 465 248 100 69 50 59 29 0 137 441 178 75 72 70 51 3 282 291 162 74 69 64 79 
2 152 248 181 119 94 97 131 0 6 190 243 179 126 105 175 0 13 159 181 183 152 120 216 
0 49 215 158 162 144 176 120 0 4 136 192 150 155 174 213 0 0 134 133 131 157 181 288 
0 0 96 114 142 139 179 354 0 1 30 123 136 142 172 420 0 0 21 84 129 144 156 490 
0 0 13 54 119 144 195 499 0 0 4 41 105 146 178 550 0 0 3 35 76 136 152 622 
0 14 57 63 74 122 213 481 0 0 46 51 70 115 202 540 0 0 40 50 53 96 158 627 
0 2 128 221 202 197 171 103 0 0 9 167 230 232 212 174 0 0 9 146 228 202 196 243 
0 0 56 145 78 88 151 506 0 0 1 116 111 92 143 561 0 0 29 112 94 68 126 595 
0 2 178 223 81 84 117 339 0 0 3 241 179 97 129 375 0 0 38 285 98 83 120 400 
0 117 379 199 92 42 60 135 0 2 284 284 175 64 55 160 0 16 304 252 160 72 53 167 
0 30 194 232 150 132 128 158 0 0 108 255 185 142 133 201 0 10 117 244 149 137 128 239 
0 29 118 137 161 164 173 242 0 0 93 137 151 173 187 283 0 29 99 97 124 166 172 337 
0 6 132 270 220 160 129 107 0 0 92 267 210 160 148 147 0 11 148 216 173 143 142 191 
0 31 123 101 101 144 251 273 0 13 90 101 102 104 200 414 0 26 85 84 83 87 156 503 
0 266 612 124 12 8 2 0 0 107 639 240 22 10 4 2 0 412 473 104 17 10 6 2 
29 375 507 79 20 14 0 0 2 207 654 106 31 12 12 0 39 354 496 88 20 15 12 0 
232 594 185 11 2 0 0 0 84 583 327 24 6 0 0 0 394 440 169 18 3 0 0 0 
0 69 188 88 115 146 147 271 0 25 173 114 110 147 157 298 0 15 133 104 128 147 151 346 
0 63 179 133 124 137 143 245 0 23 136 140 136 138 141 310 0 4 98 119 125 136 137 405 
0 1 8 16 32 27 56 884 0 0 2 10 31 29 47 905 0 0 0 4 14 30 45 931 
0 48 24 16 21 26 56 833 0 0 56 24 22 24 42 856 0 0 43 25 19 23 39 875 
0 483 320 78 50 36 42 15 0 2 572 249 75 47 36 43 0 212 453 150 71 39 35 64 
44 850 117 13 0 0 0 0 0 393 585 33 13 0 0 0 15 740 233 24 12 0 0 0 
395 543 43 20 12 11 0 0 17 666 265 33 19 9 11 4 152 699 97 32 16 9 10 9 
556 456 12 0 0 0 0 0 88 865 68 3 0 0 0 0 533 468 19 4 0 0 0 0 
623 401 0 0 0 0 0 0 136 795 93 0 0 0 0 0 579 445 0 0 0 0 0 0 
395 625 4 0 0 0 0 0 109 622 293 0 0 0 0 0 325 697 2 0 0 0 0 0 
92 713 207 12 0 0 0 0 6 382 543 87 6 0 0 0 46 624 302 49 3 0 0 0 
13 332 463 145 29 24 16 2 3 99 366 348 153 30 17 8 5 326 476 139 23 25 18 12 
2 275 246 137 105 87 116 56 0 102 342 156 124 93 122 85 4 269 202 143 104 85 113 104 
26 669 89 49 21 22 41 107 28 394 351 54 21 23 39 114 54 610 107 48 23 25 28 129 
0 104 114 67 66 89 129 455 0 88 125 68 68 84 116 475 0 76 112 67 65 69 106 529 
0 22 74 116 125 99 142 446 0 15 69 99 132 101 130 478 0 10 52 88 118 106 118 532 
0 57 84 69 88 121 182 423 0 8 93 89 82 109 183 460 0 14 88 74 71 81 165 531 
0 179 275 141 110 116 131 72 0 11 314 201 114 117 136 131 0 85 251 168 109 101 119 191 
0 5 80 108 109 148 173 401 0 0 32 121 117 131 166 457 0 0 40 76 116 106 156 530 
0 76 242 166 151 121 106 162 0 10 218 160 186 134 124 192 0 76 173 120 151 146 122 236 
0 52 250 220 147 130 126 99 0 0 136 261 203 143 133 148 0 7 184 210 191 124 127 181 
0 40 307 321 145 75 60 76 0 0 129 422 211 97 63 102 0 2 236 367 151 88 57 123 
0 88 346 206 98 96 106 84 0 2 191 336 154 113 113 115 0 5 302 220 138 95 123 141 
0 22 707 196 62 17 13 7 0 0 167 663 133 37 10 14 0 1 474 394 79 51 9 16 
0 19 845 126 20 12 2 0 0 0 162 706 127 20 9 0 0 0 466 462 64 21 10 1 
0 29 325 324 149 98 63 36 0 0 131 384 237 123 88 61 0 0 155 338 225 132 86 88 
0 10 115 102 89 101 157 450 0 0 60 130 86 97 148 503 0 0 39 128 81 86 120 570 
0 0 0 0 4 11 48 961 0 0 0 0 3 11 38 972 0 0 0 0 3 7 31 983 
0 89 180 163 154 154 125 159 0 17 137 178 164 145 164 219 0 30 117 160 155 143 143 276 
5 258 406 210 98 38 9 0 0 36 354 358 173 76 25 2 1 180 353 242 133 63 38 14 
66 370 505 62 18 3 0 0 0 94 614 253 50 13 0 0 19 394 469 93 37 12 0 0 
27 349 437 147 42 12 10 0 0 98 540 287 60 20 13 6 1 287 472 188 33 20 13 10 
14 404 477 111 18 0 0 0 0 236 639 122 26 1 0 0 0 409 489 107 19 0 0 0 
84 719 179 33 6 3 0 0 0 391 561 45 19 5 3 0 3 679 274 42 19 4 3 0 
0 181 177 90 97 310 99 70 0 30 189 116 127 335 87 140 0 8 139 103 161 308 113 192 
0 131 83 79 115 144 221 251 0 77 73 60 82 125 204 403 0 47 61 56 58 88 142 572 
41 414 189 100 62 78 84 56 0 143 356 149 101 82 86 107 0 116 298 150 111 84 90 175 
152 491 131 82 68 45 15 40 0 438 247 104 81 59 44 51 0 358 249 123 90 78 47 79 
73 648 178 42 31 22 16 14 0 201 556 158 47 23 20 19 3 490 341 113 27 13 16 21 
78 938 8 0 0 0 0 0 0 363 661 0 0 0 0 0 2 954 68 0 0 0 0 0 
136 874 14 0 0 0 0 0 0 589 433 2 0 0 0 0 64 929 31 0 0 0 0 0 
98 702 174 27 18 5 0 0 13 286 594 80 28 17 6 0 60 680 173 52 20 17 18 4 
308 692 22 2 0 0 0 0 10 810 201 3 0 0 0 0 330 661 25 8 0 0 0 0 
613 343 48 10 10 0 0 0 115 721 135 33 10 10 0 0 527 367 71 36 9 10 4 0 
306 386 136 90 42 29 25 10 25 522 211 97 92 32 19 26 212 381 172 104 65 43 17 30 
0 37 576 181 83 61 58 28 0 4 109 453 268 80 56 54 0 69 543 149 91 65 49 58 
2 256 476 95 45 39 56 55 0 46 240 368 186 56 57 71 29 306 408 81 35 40 49 76 
30 702 152 41 22 27 32 18 4 603 225 87 25 23 20 37 63 614 186 40 32 25 21 43 
41 418 203 128 90 51 59 34 0 340 264 116 101 79 64 60 30 271 252 132 87 83 65 104 
18 362 234 125 104 84 77 20 1 119 376 163 104 96 104 61 0 94 324 172 124 99 82 129 
8 212 382 166 102 69 69 16 0 48 308 238 192 104 80 54 0 90 228 180 206 136 99 85 
0 193 251 109 97 137 155 82 0 15 272 167 122 106 155 187 0 103 212 97 109 108 123 272 
0 45 158 126 164 180 195 156 0 9 148 116 136 176 215 224 0 19 138 91 109 154 206 307 
0 97 143 57 63 101 129 434 0 46 171 67 52 96 134 458 0 58 149 64 50 73 122 508 
0 40 146 136 107 97 149 349 0 18 137 143 116 91 128 391 0 17 135 117 121 94 118 422 
0 5 137 99 57 105 149 472 0 0 10 184 86 89 138 517 0 0 69 145 63 71 126 550 
0 179 523 183 73 32 30 4 0 0 312 405 185 63 43 16 0 16 485 309 109 50 36 19 
0 220 727 69 4 3 1 0 0 0 489 446 83 3 3 0 0 13 725 270 10 3 3 0 
0 15 317 147 106 87 107 245 0 0 84 313 134 105 106 282 0 2 179 223 109 108 107 296 
0 0 52 115 105 112 199 441 0 0 18 89 105 120 173 519 0 0 25 71 93 107 141 587 
0 0 42 135 165 152 208 322 0 0 3 88 163 152 185 433 0 0 9 80 130 141 164 500 
0 0 12 91 50 78 129 664 0 0 1 59 67 71 121 705 0 0 2 47 73 70 111 721 
0 31 56 93 59 70 165 550 0 2 40 88 76 65 138 615 0 16 49 89 54 55 120 641 
11 332 454 114 35 23 30 25 0 193 563 115 60 30 21 42 20 557 253 70 39 23 20 42 
71 528 384 29 11 1 0 0 0 341 619 41 20 2 1 0 81 760 143 17 13 8 2 0 
58 571 344 36 5 10 0 0 0 402 526 69 12 6 9 0 97 741 143 17 11 6 9 0 
253 751 20 0 0 0 0 0 14 703 297 10 0 0 0 0 289 694 40 1 0 0 0 0 
376 615 33 0 0 0 0 0 3 903 118 0 0 0 0 0 331 691 2 0 0 0 0 0 
6 120 230 146 156 272 55 39 0 15 135 123 174 359 94 124 0 6 78 82 158 337 138 225 
2 62 78 64 53 60 129 576 0 19 46 48 75 58 61 717 0 17 20 36 43 76 68 764 
8 180 218 127 90 126 175 100 0 30 174 169 120 100 142 289 0 22 93 143 129 101 134 402 
226 650 32 24 24 32 24 12 0 690 184 27 24 20 42 37 6 745 107 27 25 21 25 68 
412 552 46 9 4 1 0 0 122 683 197 14 6 2 0 0 147 740 117 15 4 1 0 0 
430 590 4 0 0 0 0 0 26 800 198 0 0 0 0 0 283 712 29 0 0 0 0 0 
668 352 4 0 0 0 0 0 252 559 213 0 0 0 0 0 509 515 0 0 0 0 0 0 
457 559 8 0 0 0 0 0 65 624 335 0 0 0 0 0 528 482 14 0 0 0 0 0 
481 538 5 0 0 0 0 0 47 760 217 0 0 0 0 0 597 427 0 0 0 0 0 0 
642 302 57 10 11 2 0 0 194 622 145 40 10 7 6 0 502 366 80 40 19 7 8 2 
61 263 387 148 69 56 26 14 30 124 252 300 164 73 56 25 47 237 349 134 71 80 57 49 
3 273 709 39 0 0 0 0 0 9 350 621 44 0 0 0 8 347 641 28 0 0 0 0 
0 531 467 26 0 0 0 0 0 36 749 239 0 0 0 0 14 667 341 2 0 0 0 0 
90 599 230 42 17 12 11 23 45 257 443 188 40 10 16 25 97 566 230 33 38 16 13 31 
243 610 87 40 17 17 8 2 26 758 116 58 34 17 9 6 206 579 96 60 45 17 14 7 
67 434 238 142 99 41 3 0 5 279 291 192 132 86 38 1 9 217 271 181 142 122 63 19 
92 520 160 80 50 46 38 38 1 283 387 116 75 51 51 60 6 346 301 113 69 47 61 81 
0 177 152 151 140 128 122 154 0 80 165 124 147 150 147 211 0 108 126 84 118 142 162 284 
0 25 246 132 81 82 93 365 0 5 164 190 95 96 93 381 0 18 214 137 87 92 85 391 
0 0 28 35 58 91 169 643 0 0 17 39 61 91 169 647 0 0 31 33 51 74 141 694 
0 0 42 111 110 130 126 505 0 0 6 106 134 131 134 513 0 0 40 96 112 126 130 520 
0 0 185 279 131 86 136 207 0 0 22 266 253 107 132 244 0 3 200 239 120 96 115 251 
0 85 706 163 37 22 5 6 0 1 397 447 124 35 12 8 0 28 618 276 56 25 14 7 
0 106 551 222 71 30 16 28 0 0 299 484 150 40 22 29 0 8 497 337 88 42 20 32 
0 4 166 215 181 114 133 211 0 0 64 218 227 143 129 243 0 0 106 219 190 121 117 271 
0 0 75 271 261 123 129 165 0 0 4 141 310 230 131 208 0 0 48 226 266 144 118 222 
0 0 20 27 37 163 276 501 0 0 10 31 25 112 250 596 0 0 22 22 20 71 220 669 
0 0 30 198 174 138 193 291 0 0 1 109 212 152 164 386 0 0 26 148 153 136 142 419 
0 30 345 268 134 87 100 60 0 0 178 320 198 114 110 104 0 43 283 217 155 112 92 122 
6 212 607 185 12 2 0 0 0 56 447 455 59 7 0 0 3 299 585 127 10 0 0 0 
2 142 497 210 115 54 4 0 0 79 417 310 125 79 12 2 0 345 339 148 102 75 13 2 
87 546 377 14 0 0 0 0 12 480 396 136 0 0 0 0 161 632 226 5 0 0 0 0 
346 663 15 0 0 0 0 0 125 844 55 0 0 0 0 0 561 434 29 0 0 0 0 0 
728 296 0 0 0 0 0 0 379 643 2 0 0 0 0 0 804 217 3 0 0 0 0 0 
0 68 79 49 358 310 71 89 0 2 69 67 265 110 341 170 0 0 18 58 282 105 70 491 
18 42 60 76 151 160 115 402 0 8 24 41 65 91 249 546 0 0 10 17 38 62 127 770 
16 308 215 197 146 114 26 2 0 97 213 177 176 165 138 58 0 113 201 104 165 158 159 124 
106 651 174 64 22 7 0 0 0 297 483 146 58 23 12 5 3 427 345 118 75 23 23 10 
141 629 127 68 41 15 3 0 31 343 432 103 58 47 10 0 26 634 198 60 39 31 31 5 
424 547 45 8 0 0 0 0 60 561 364 30 9 0 0 0 318 610 68 26 2 0 0 0 
620 404 0 0 0 0 0 0 179 741 104 0 0 0 0 0 526 498 0 0 0 0 0 0 
644 372 8 0 0 0 0 0 78 863 83 0 0 0 0 0 657 362 5 0 0 0 0 0 
698 326 0 0 0 0 0 0 153 846 25 0 0 0 0 0 815 209 0 0 0 0 0 0 
314 592 114 4 0 0 0 0 63 578 275 108 0 0 0 0 337 528 142 17 0 0 0 0 
3 376 445 128 56 16 0 0 0 16 348 378 179 67 32 4 0 274 420 135 95 53 33 14 
13 307 611 82 10 1 0 0 0 52 573 367 22 7 3 0 10 465 455 70 15 8 1 0 
6 449 539 29 1 0 0 0 0 132 665 218 9 0 0 0 11 595 334 74 10 0 0 0 
6 522 387 34 35 25 15 0 0 56 656 211 35 33 24 9 0 524 368 31 20 37 29 15 
14 243 269 202 149 87 54 6 0 90 198 227 197 154 101 57 0 80 165 162 193 171 140 113 
11 143 92 83 84 117 180 314 0 103 83 71 93 90 162 422 11 78 76 62 64 109 127 497 
79 354 169 96 75 75 99 77 12 238 264 130 87 69 102 122 12 278 226 101 92 68 90 157 
23 571 273 37 44 35 26 15 0 223 530 170 60 33 6 2 30 502 340 49 56 27 17 3 
0 267 480 127 81 23 24 22 0 9 576 298 60 31 23 27 0 227 551 120 54 21 24 27 
0 44 210 225 82 65 102 296 0 0 79 341 137 63 112 292 0 49 254 203 59 55 90 314 
0 0 167 363 228 141 89 36 0 0 19 425 354 132 62 32 0 1 229 391 194 122 59 28 
0 6 507 349 69 31 32 30 0 0 222 565 153 46 27 11 0 11 562 315 58 31 36 11 
0 76 735 164 29 11 6 3 0 0 452 478 66 16 8 4 0 5 794 162 39 12 7 5 
0 16 380 204 122 98 132 72 0 0 192 365 134 104 135 94 0 9 304 261 114 96 118 122 
0 61 405 393 94 34 23 14 0 5 303 415 215 40 30 16 0 55 366 416 110 32 29 16 
0 6 200 404 219 92 56 47 0 0 69 268 374 176 71 66 0 1 155 378 235 121 62 72 
0 6 206 261 236 162 129 24 0 0 59 261 237 209 160 98 0 1 142 217 201 183 157 123 
0 31 349 348 182 82 27 5 0 0 114 428 261 135 73 13 0 17 298 336 193 101 61 18 
0 82 528 223 90 59 39 3 0 27 413 351 93 62 55 23 0 264 467 85 72 56 51 29 
0 98 741 140 33 8 4 0 0 27 602 336 43 9 6 1 0 480 454 52 25 8 5 0 
6 74 586 337 12 6 3 0 0 33 479 478 24 4 4 2 0 184 747 68 15 4 4 2 
5 328 651 40 0 0 0 0 0 173 762 89 0 0 0 0 65 624 335 0 0 0 0 0 
408 532 72 12 0 0 0 0 89 681 241 13 0 0 0 0 591 375 48 10 0 0 0 0 
722 296 6 0 0 0 0 0 368 648 8 0 0 0 0 0 792 232 0 0 0 0 0 0 
4 299 200 122 197 137 65 0 0 75 312 154 205 154 77 47 0 119 217 157 231 125 75 100 
6 287 185 143 162 195 45 1 0 71 233 159 142 131 262 26 0 37 195 172 121 138 157 204 
3 230 311 202 178 98 2 0 0 1 225 390 205 167 26 10 0 117 383 279 118 70 41 16 
25 366 218 138 97 95 84 1 0 124 345 211 109 82 112 41 6 255 323 140 67 91 80 62 
135 767 91 31 0 0 0 0 1 513 434 65 11 0 0 0 67 781 140 29 7 0 0 0 
163 784 76 1 0 0 0 0 1 555 432 33 3 0 0 0 115 774 122 12 1 0 0 0 
162 856 6 0 0 0 0 0 0 495 529 0 0 0 0 0 104 916 4 0 0 0 0 0 
394 603 27 0 0 0 0 0 45 735 243 1 0 0 0 0 419 558 47 0 0 0 0 0 
312 451 253 8 0 0 0 0 39 522 252 210 1 0 0 0 368 463 193 0 0 0 0 0 
84 525 391 23 1 0 0 0 0 208 531 283 2 0 0 0 112 623 284 5 0 0 0 0 
18 323 660 23 0 0 0 0 0 79 401 513 31 0 0 0 36 463 517 8 0 0 0 0 
44 345 478 57 32 32 24 12 0 124 455 271 57 34 44 39 43 388 336 83 38 34 37 65 
68 661 295 0 0 0 0 0 6 403 578 33 4 0 0 0 73 693 243 7 8 0 0 0 
1 333 576 101 11 2 0 0 0 35 659 290 29 9 2 0 0 456 468 59 26 12 3 0 
4 353 398 124 53 35 42 15 0 50 430 312 79 40 55 58 0 92 469 208 94 39 41 81 
3 214 224 128 100 130 119 106 0 63 225 143 114 111 140 228 1 94 159 126 105 118 119 302 
0 497 307 86 66 31 34 3 0 250 499 95 70 41 41 28 15 467 285 71 54 45 44 43 
16 606 394 8 0 0 0 0 1 238 629 155 1 0 0 0 58 663 296 7 0 0 0 0 
0 178 638 152 41 11 4 0 0 17 521 445 41 0 0 0 0 309 605 94 16 0 0 0 
0 15 223 401 222 107 32 24 0 4 182 597 188 37 16 0 0 92 533 270 78 29 22 0 
0 0 21 200 300 215 178 110 0 1 94 434 302 143 49 1 0 3 241 330 231 131 74 14 
0 10 117 202 151 122 205 217 0 0 177 323 183 231 108 2 0 46 297 165 139 186 145 46 
0 34 317 297 126 71 63 116 0 6 356 388 103 70 91 10 0 94 419 233 82 53 96 47 
0 2 157 92 49 80 195 449 0 0 45 186 125 204 411 53 0 0 129 120 72 136 339 228 
0 19 183 223 214 70 67 248 0 3 129 224 236 223 208 1 0 14 186 247 185 95 195 102 
0 14 78 213 217 253 178 71 0 4 48 146 186 276 235 129 0 16 93 158 184 220 197 156 
0 0 298 557 130 38 1 0 0 0 22 407 490 85 20 0 0 5 368 452 129 53 14 3 
0 27 351 377 166 72 28 3 0 0 104 507 257 92 54 10 0 18 319 400 149 81 44 13 
0 68 352 298 169 92 44 1 0 3 285 321 207 117 80 11 0 117 352 220 154 96 64 21 
0 101 733 168 15 7 0 0 0 3 667 297 42 13 2 0 0 391 537 62 21 10 3 0 
0 259 752 13 0 0 0 0 0 182 734 108 0 0 0 0 10 733 281 0 0 0 0 0 
13 337 650 24 0 0 0 0 0 143 789 92 0 0 0 0 5 621 394 4 0 0 0 0 
210 426 291 97 0 0 0 0 79 368 464 113 0 0 0 0 197 471 267 89 0 0 0 0 
615 406 3 0 0 0 0 0 151 824 49 0 0 0 0 0 760 264 0 0 0 0 0 0 
113 401 231 211 56 12 0 0 9 409 231 223 72 62 18 0 6 450 212 178 72 52 51 3 
23 211 224 186 170 166 44 0 0 105 203 233 168 174 141 0 0 194 171 181 155 143 152 28 
85 604 283 41 11 0 0 0 0 166 632 202 24 0 0 0 6 719 272 27 0 0 0 0 
22 588 325 72 16 1 0 0 0 114 733 148 28 1 0 0 3 679 324 17 1 0 0 0 
100 601 320 3 0 0 0 0 0 173 645 206 0 0 0 0 5 633 367 19 0 0 0 0 
82 689 222 30 1 0 0 0 0 210 599 194 21 0 0 0 23 698 254 40 9 0 0 0 
203 763 58 0 0 0 0 0 0 431 554 39 0 0 0 0 157 783 84 0 0 0 0 0 
593 427 4 0 0 0 0 0 73 623 328 0 0 0 0 0 476 538 10 0 0 0 0 0 
299 663 62 0 0 0 0 0 22 488 447 65 2 0 0 0 274 690 60 0 0 0 0 0 
109 758 157 0 0 0 0 0 4 434 559 27 0 0 0 0 173 747 104 0 0 0 0 0 
465 379 180 0 0 0 0 0 206 412 265 141 0 0 0 0 411 486 127 0 0 0 0 0 
351 518 87 37 19 11 1 0 73 589 230 60 35 18 19 0 216 513 159 47 31 27 14 17 
202 287 412 50 37 21 15 0 92 321 417 64 53 42 20 15 147 206 430 83 51 42 33 32 
3 245 414 137 102 56 41 26 1 136 294 243 117 92 76 65 0 218 341 101 96 85 78 105 
1 308 266 138 86 84 104 37 0 5 324 276 108 90 91 130 0 144 329 115 106 82 74 174 
22 415 338 101 54 36 39 19 2 169 436 205 78 45 36 53 34 337 306 147 61 36 30 73 
12 729 271 12 0 0 0 0 12 555 448 9 0 0 0 0 207 737 80 0 0 0 0 0 
75 541 318 83 7 0 0 0 2 601 395 26 0 0 0 0 152 735 133 4 0 0 0 0 
0 443 579 2 0 0 0 0 0 185 590 239 10 0 0 0 6 636 364 18 0 0 0 0 
4 391 500 86 28 13 2 0 0 107 551 301 52 11 2 0 3 583 353 65 15 5 0 0 
0 110 657 167 33 22 30 5 0 3 558 398 50 15 0 0 0 279 624 65 32 24 0 0 
0 88 444 196 114 80 69 33 0 2 595 246 114 50 16 1 0 207 493 161 85 51 22 5 
0 0 21 81 111 193 297 321 0 0 42 217 321 263 179 2 0 7 99 155 237 224 230 72 
0 0 0 48 118 190 228 440 0 0 25 200 285 196 313 5 0 0 55 168 237 135 281 148 
0 0 0 77 135 149 200 463 0 1 91 168 196 242 322 4 0 1 99 141 173 156 295 159 
0 0 0 9 104 273 254 384 0 0 2 84 335 315 272 16 0 0 13 132 284 216 251 128 
0 0 29 127 79 138 260 391 0 0 6 158 320 306 234 0 0 0 85 116 204 273 271 75 
0 135 490 106 86 47 70 90 0 7 306 488 92 126 5 0 0 80 574 166 59 102 41 2 
9 318 462 221 13 1 0 0 0 70 555 350 42 7 0 0 0 360 550 96 12 6 0 0 
38 238 371 302 60 12 3 0 0 91 317 456 126 25 9 0 8 214 443 238 87 25 9 0 
0 419 604 1 0 0 0 0 0 76 812 136 0 0 0 0 5 499 520 0 0 0 0 0 
143 680 200 1 0 0 0 0 0 349 675 0 0 0 0 0 121 764 139 0 0 0 0 0 
27 723 240 34 0 0 0 0 5 456 466 95 2 0 0 0 106 570 296 51 1 0 0 0 
180 815 29 0 0 0 0 0 65 620 339 0 0 0 0 0 325 646 53 0 0 0 0 0 
133 368 163 114 109 131 6 0 15 353 230 140 129 151 6 0 104 329 199 127 188 70 7 0 
0 69 76 136 295 394 54 0 0 8 90 155 508 263 0 0 3 95 387 330 141 66 2 0 
118 450 390 53 13 0 0 0 6 169 469 334 44 2 0 0 101 535 329 58 1 0 0 0 
90 747 187 0 0 0 0 0 0 189 793 42 0 0 0 0 76 861 87 0 0 0 0 0 
19 799 206 0 0 0 0 0 0 61 894 69 0 0 0 0 12 766 244 2 0 0 0 0 
45 782 184 13 0 0 0 0 0 345 637 41 1 0 0 0 81 752 182 9 0 0 0 0 
135 799 90 0 0 0 0 0 0 394 622 8 0 0 0 0 113 790 121 0 0 0 0 0 
449 553 22 0 0 0 0 0 48 728 247 1 0 0 0 0 497 501 26 0 0 0 0 0 
627 375 20 2 0 0 0 0 197 740 77 10 0 0 0 0 623 383 18 0 0 0 0 0 
689 313 22 0 0 0 0 0 262 559 178 25 0 0 0 0 650 350 24 0 0 0 0 0 
310 623 91 0 0 0 0 0 61 443 475 44 1 0 0 0 322 631 58 12 1 0 0 0 
69 697 221 28 9 0 0 0 1 171 623 184 31 13 1 0 45 714 174 39 27 18 7 0 
22 433 405 56 35 42 31 0 0 96 647 106 56 47 41 31 36 379 372 53 42 47 47 48 
2 233 336 131 109 72 76 65 0 14 348 204 127 114 100 117 0 178 249 131 117 95 105 149 
0 133 408 186 108 79 64 46 0 77 288 259 131 112 78 79 26 131 295 177 119 93 93 90 
30 771 196 25 2 0 0 0 0 515 466 38 5 0 0 0 81 781 139 21 2 0 0 0 
44 672 291 17 0 0 0 0 5 281 679 59 0 0 0 0 96 713 203 12 0 0 0 0 
4 526 397 71 17 9 0 0 0 152 767 95 10 0 0 0 15 761 232 16 0 0 0 0 
6 391 421 193 13 0 0 0 0 248 703 71 2 0 0 0 19 798 203 4 0 0 0 0 
0 641 369 14 0 0 0 0 0 158 847 19 0 0 0 0 0 855 167 2 0 0 0 0 
0 383 534 90 8 5 4 0 0 53 856 95 10 6 4 0 0 664 332 15 9 2 2 0 
1 349 282 189 117 42 23 21 0 148 559 198 73 25 21 0 0 465 348 128 40 20 20 3 
0 169 318 118 112 134 97 76 0 37 520 221 131 74 40 1 0 195 401 158 127 66 60 17 
0 106 190 193 178 153 128 76 0 57 368 296 191 80 31 1 0 156 322 229 167 95 46 9 
0 1 12 31 56 131 298 495 0 2 50 139 246 393 190 4 0 14 56 75 164 291 337 87 
0 0 3 37 114 212 341 317 0 0 18 197 351 358 100 0 0 0 69 151 261 330 188 25 
0 0 14 88 168 225 325 204 0 0 10 325 355 283 51 0 0 4 125 207 292 238 133 25 
0 3 222 185 133 122 134 225 0 4 192 397 151 231 49 0 0 77 338 209 75 127 174 24 
1 160 295 261 144 125 38 0 0 67 477 406 71 3 0 0 3 338 452 183 48 0 0 0 
1 309 530 152 32 0 0 0 0 154 783 84 3 0 0 0 2 693 320 9 0 0 0 0 
43 300 367 222 66 26 0 0 0 199 737 88 0 0 0 0 56 527 406 35 0 0 0 0 
124 672 228 0 0 0 0 0 3 469 548 4 0 0 0 0 331 644 49 0 0 0 0 0 
85 862 77 0 0 0 0 0 0 551 473 0 0 0 0 0 123 794 107 0 0 0 0 0 
234 748 42 0 0 0 0 0 3 643 378 0 0 0 0 0 299 686 39 0 0 0 0 0 
390 297 50 43 118 126 0 0 50 550 120 53 90 161 0 0 129 532 82 50 192 39 0 0 
242 300 231 162 86 3 0 0 25 368 334 243 53 1 0 0 135 485 318 81 5 0 0 0 
8 198 382 417 19 0 0 0 0 38 277 631 77 1 0 0 1 387 517 86 25 8 0 0 
45 592 387 0 0 0 0 0 0 143 738 143 0 0 0 0 89 769 166 0 0 0 0 0 
26 895 103 0 0 0 0 0 0 402 615 7 0 0 0 0 226 788 10 0 0 0 0 0 
16 801 202 5 0 0 0 0 1 155 720 143 5 0 0 0 34 855 133 2 0 0 0 0 
191 586 235 12 0 0 0 0 0 441 342 226 15 0 0 0 368 492 164 0 0 0 0 0 
208 713 103 0 0 0 0 0 45 623 343 13 0 0 0 0 479 516 29 0 0 0 0 0 
495 501 28 0 0 0 0 0 105 824 95 0 0 0 0 0 705 274 43 2 0 0 0 0 
255 660 104 5 0 0 0 0 42 658 311 13 0 0 0 0 425 481 110 8 0 0 0 0 
85 640 282 17 0 0 0 0 6 287 601 128 2 0 0 0 134 722 159 9 0 0 0 0 
26 314 588 93 3 0 0 0 0 62 340 517 103 2 0 0 32 386 546 54 6 0 0 0 
18 424 474 108 0 0 0 0 0 125 392 410 96 1 0 0 35 483 477 28 1 0 0 0 
8 584 306 43 20 25 37 1 1 287 545 98 19 30 29 15 20 581 291 48 14 33 18 19 
43 584 233 49 43 29 22 21 30 636 203 56 31 23 19 26 316 435 131 43 37 19 18 25 
72 570 372 10 0 0 0 0 18 610 356 40 0 0 0 0 143 668 212 1 0 0 0 0 
28 541 445 10 0 0 0 0 0 426 576 22 0 0 0 0 120 753 150 1 0 0 0 0 
12 371 571 70 0 0 0 0 0 184 710 130 0 0 0 0 71 678 272 3 0 0 0 0 
7 611 364 42 0 0 0 0 0 429 423 167 5 0 0 0 68 743 207 6 0 0 0 0 
45 711 244 24 0 0 0 0 0 492 374 158 0 0 0 0 118 719 186 1 0 0 0 0 
8 401 585 30 0 0 0 0 0 116 757 151 0 0 0 0 15 642 367 0 0 0 0 0 
8 446 440 64 54 12 0 0 0 166 668 179 11 0 0 0 6 659 330 24 5 0 0 0 
0 264 412 139 85 67 49 8 0 92 612 156 83 55 26 0 0 446 340 111 79 44 4 0 
0 0 27 107 138 174 275 303 0 0 116 212 289 279 122 6 0 14 145 168 204 243 197 53 
0 0 44 100 115 179 283 303 0 0 54 167 335 330 138 0 0 20 134 174 219 224 205 48 
0 1 51 58 92 238 316 268 0 0 57 216 314 325 112 0 0 15 81 197 263 231 198 39 
0 2 177 217 165 174 166 123 0 1 214 356 242 173 38 0 0 88 328 212 169 138 84 5 
0 33 104 149 171 291 217 59 0 12 169 328 347 163 5 0 0 60 255 309 248 126 26 0 
0 0 15 103 145 317 366 78 0 0 103 589 328 4 0 0 0 6 252 407 300 59 0 0 
0 93 246 261 156 198 67 3 0 91 551 362 20 0 0 0 7 354 450 184 29 0 0 0 
54 403 343 129 64 31 0 0 2 331 625 64 2 0 0 0 96 723 185 20 0 0 0 0 
47 687 284 6 0 0 0 0 1 586 437 0 0 0 0 0 240 769 15 0 0 0 0 0 
396 612 16 0 0 0 0 0 150 844 30 0 0 0 0 0 755 269 0 0 0 0 0 0 
643 366 15 0 0 0 0 0 500 508 16 0 0 0 0 0 921 103 0 0 0 0 0 0 
616 139 13 32 109 115 0 0 281 444 43 32 95 129 0 0 526 238 4 32 144 80 0 0 
72 247 184 348 166 7 0 0 22 226 194 276 283 23 0 0 113 236 222 265 155 31 2 0 
0 32 173 513 293 12 1 0 0 0 89 478 412 44 1 0 1 71 329 341 185 94 3 0 
18 605 328 65 8 0 0 0 0 194 621 188 21 0 0 0 40 685 240 55 4 0 0 0 
16 485 492 29 2 0 0 0 0 81 700 221 22 0 0 0 38 724 238 22 2 0 0 0 
21 369 616 18 0 0 0 0 0 55 363 540 66 0 0 0 87 451 482 4 0 0 0 0 
10 263 722 29 0 0 0 0 0 33 344 608 39 0 0 0 22 623 378 1 0 0 0 0 
67 568 378 11 0 0 0 0 0 139 542 332 11 0 0 0 148 660 216 0 0 0 0 0 
360 603 61 0 0 0 0 0 85 418 469 51 1 0 0 0 478 519 27 0 0 0 0 0 
263 699 53 9 0 0 0 0 31 574 381 33 5 0 0 0 469 518 33 4 0 0 0 0 
22 500 376 125 1 0 0 0 0 247 351 314 112 0 0 0 137 550 315 22 0 0 0 0 
23 317 485 197 2 0 0 0 1 136 330 358 199 0 0 0 20 361 524 108 11 0 0 0 
7 238 564 201 14 0 0 0 0 29 545 318 101 29 2 0 11 401 432 124 32 20 4 0 
37 760 225 2 0 0 0 0 17 588 393 26 0 0 0 0 197 657 170 0 0 0 0 0 
12 780 232 0 0 0 0 0 5 706 311 2 0 0 0 0 167 777 80 0 0 0 0 0 
2 448 570 4 0 0 0 0 0 113 819 92 0 0 0 0 11 789 224 0 0 0 0 0 
12 447 500 65 0 0 0 0 0 282 477 264 1 0 0 0 119 588 316 1 0 0 0 0 
2 342 578 102 0 0 0 0 1 176 585 260 2 0 0 0 77 613 323 11 0 0 0 0 
0 448 560 16 0 0 0 0 0 228 514 274 8 0 0 0 112 608 303 1 0 0 0 0 
5 557 406 53 3 0 0 0 0 284 578 154 8 0 0 0 105 704 193 22 0 0 0 0 
1 501 371 118 27 6 0 0 0 189 784 51 0 0 0 0 23 856 138 7 0 0 0 0 
0 49 546 356 57 16 0 0 0 1 753 266 4 0 0 0 0 569 449 6 0 0 0 0 
0 7 189 276 417 128 6 1 0 0 468 522 30 3 1 0 0 292 612 115 2 2 1 0 
0 0 14 30 329 334 215 102 0 9 181 320 190 235 88 1 0 53 307 204 180 217 62 1 
0 0 3 19 14 160 336 492 0 3 12 39 226 442 296 6 0 3 18 20 186 262 385 150 
0 0 64 182 208 243 199 128 0 0 21 288 379 237 99 0 0 1 173 299 257 157 118 19 
0 0 14 34 140 192 398 246 0 0 22 151 355 421 75 0 0 8 77 146 258 336 189 10 
0 0 1 20 153 259 369 222 0 0 4 256 671 93 0 0 0 2 72 236 334 361 19 0 
0 2 55 222 176 283 253 33 0 0 91 616 307 10 0 0 0 22 306 359 283 52 2 0 
0 8 119 306 272 219 93 7 0 0 190 741 93 0 0 0 0 47 511 398 68 0 0 0 
0 137 305 293 210 79 0 0 0 69 457 466 32 0 0 0 6 280 512 225 1 0 0 0 
98 404 334 99 54 34 1 0 1 443 469 110 1 0 0 0 229 534 194 58 9 0 0 0 
199 606 177 27 15 0 0 0 13 684 281 46 0 0 0 0 449 462 87 25 1 0 0 0 
302 683 39 0 0 0 0 0 92 888 44 0 0 0 0 0 739 285 0 0 0 0 0 0 
455 302 35 8 128 96 0 0 21 657 84 38 112 112 0 0 115 628 51 6 144 80 0 0 
356 347 130 103 69 19 0 0 38 553 223 125 68 17 0 0 248 469 204 56 27 18 2 0 
17 141 279 489 94 4 0 0 0 76 247 447 242 12 0 0 29 182 355 189 206 62 1 0 
8 179 396 386 55 0 0 0 0 34 326 380 265 19 0 0 7 137 342 236 173 114 15 0 
67 729 224 4 0 0 0 0 0 296 617 106 5 0 0 0 102 732 181 9 0 0 0 0 
64 665 295 0 0 0 0 0 0 269 582 173 0 0 0 0 189 687 148 0 0 0 0 0 
14 472 523 15 0 0 0 0 0 32 587 395 10 0 0 0 46 681 291 6 0 0 0 0 
29 621 372 2 0 0 0 0 0 150 664 210 0 0 0 0 121 645 255 3 0 0 0 0 
262 552 210 0 0 0 0 0 22 302 451 249 0 0 0 0 338 546 140 0 0 0 0 0 
176 739 104 5 0 0 0 0 2 311 583 116 12 0 0 0 239 705 80 0 0 0 0 0 
118 454 345 104 3 0 0 0 2 324 283 336 76 3 0 0 272 406 292 54 0 0 0 0 
23 401 401 120 69 10 0 0 0 162 487 216 94 54 11 0 53 300 345 140 106 42 32 6 
0 39 475 423 86 1 0 0 0 41 203 615 62 87 16 0 8 157 596 143 17 49 54 0 
48 376 519 81 0 0 0 0 3 342 261 353 65 0 0 0 210 435 360 19 0 0 0 0 
113 637 265 9 0 0 0 0 10 585 381 48 0 0 0 0 318 630 73 3 0 0 0 0 
24 276 524 184 16 0 0 0 0 208 649 167 0 0 0 0 133 485 381 25 0 0 0 0 
36 360 365 172 64 27 0 0 0 412 454 110 45 3 0 0 185 608 144 55 31 1 0 0 
0 184 366 340 120 14 0 0 0 178 651 170 25 0 0 0 45 517 375 86 1 0 0 0 
10 186 378 308 107 35 0 0 0 124 719 151 30 0 0 0 62 632 257 68 5 0 0 0 
0 128 223 376 190 50 54 3 0 108 629 151 46 42 48 0 0 491 321 95 40 61 16 0 
0 0 51 431 494 48 0 0 0 47 731 236 10 0 0 0 0 317 621 86 0 0 0 0 
0 0 128 261 549 86 0 0 0 7 482 531 4 0 0 0 0 251 541 232 0 0 0 0 
0 0 0 55 648 308 13 0 0 7 354 574 89 0 0 0 0 106 551 342 25 0 0 0 
0 0 49 126 471 373 5 0 0 23 335 609 57 0 0 0 0 65 582 377 0 0 0 0 
347 186 86 72 65 134 118 16 483 103 95 96 94 131 22 0 500 92 95 104 85 116 31 1 
258 190 117 167 107 35 60 90 349 130 109 153 132 85 66 0 369 136 146 154 64 48 76 31 
28 196 242 172 160 155 64 7 18 94 341 383 169 19 0 0 46 264 318 261 109 26 0 0 
35 116 346 287 151 66 20 3 36 79 392 399 111 7 0 0 53 273 432 200 59 6 1 0 
10 50 288 218 135 148 150 25 18 32 389 339 191 55 0 0 25 148 421 165 147 100 18 0 
0 195 617 152 54 6 0 0 0 7 634 372 11 0 0 0 0 343 613 67 1 0 0 0 
0 7 347 323 272 64 11 0 0 18 714 268 24 0 0 0 0 229 579 172 44 0 0 0 
0 216 333 217 112 121 25 0 0 40 689 241 54 0 0 0 0 376 383 167 95 3 0 0 
65 409 402 148 0 0 0 0 10 384 414 216 0 0 0 0 192 339 372 121 0 0 0 0 
252 658 114 0 0 0 0 0 126 737 161 0 0 0 0 0 462 531 31 0 0 0 0 0 
606 162 32 0 112 112 0 0 219 546 35 0 101 123 0 0 382 386 32 0 158 66 0 0 
399 254 168 97 84 21 1 0 84 465 265 159 51 0 0 0 375 395 218 29 7 0 0 0 
0 180 354 337 120 27 6 0 0 73 559 334 53 5 0 0 12 506 492 14 0 0 0 0 
136 520 317 47 4 0 0 0 1 284 572 155 10 2 0 0 91 486 358 79 9 1 0 0 
118 719 187 0 0 0 0 0 5 458 538 23 0 0 0 0 158 735 129 2 0 0 0 0 
83 563 323 52 3 0 0 0 3 357 430 223 11 0 0 0 120 598 262 44 0 0 0 0 
23 417 518 66 0 0 0 0 0 166 483 347 26 2 0 0 65 514 367 65 12 1 0 0 
10 405 601 8 0 0 0 0 0 115 536 372 1 0 0 0 114 529 364 15 2 0 0 0 
129 315 417 143 19 1 0 0 72 233 327 345 38 9 0 0 178 413 342 75 13 3 0 0 
114 508 234 114 42 12 0 0 3 283 536 144 37 20 1 0 247 501 187 52 24 13 0 0 
122 578 241 66 17 0 0 0 34 466 418 88 18 0 0 0 414 483 106 21 0 0 0 0 
20 401 304 129 72 51 26 21 180 272 266 155 107 21 23 0 390 295 156 130 23 24 6 0 
0 101 266 629 15 7 5 1 34 120 165 644 56 5 0 0 115 94 244 564 7 0 0 0 
37 546 402 39 0 0 0 0 37 531 339 107 10 0 0 0 367 439 214 4 0 0 0 0 
0 20 451 369 172 12 0 0 0 35 533 404 52 0 0 0 0 390 503 127 4 0 0 0 
0 48 484 381 109 2 0 0 0 26 529 408 60 1 0 0 0 310 576 126 12 0 0 0 
0 9 102 340 89 134 195 155 0 10 369 99 84 117 188 157 1 128 292 80 76 102 183 162 
0 15 190 479 119 53 67 101 9 96 539 120 58 44 69 89 35 290 397 74 35 43 73 77 
0 0 46 458 446 74 0 0 0 36 641 328 19 0 0 0 0 248 644 130 2 0 0 0 
0 0 71 431 314 123 82 3 0 45 502 236 87 82 72 0 0 131 504 164 71 86 68 0 
0 0 9 197 585 111 33 89 0 6 337 520 28 20 35 78 0 30 600 240 13 39 23 79 
0 0 34 20 484 279 63 144 0 0 85 605 135 28 47 124 0 0 234 524 74 19 56 117 
0 0 15 34 354 432 91 98 0 1 120 530 242 11 38 82 1 19 270 481 124 19 28 82 
0 0 2 43 272 608 99 0 0 10 93 482 421 18 0 0 0 32 153 677 160 2 0 0 
92 222 89 112 83 366 60 0 273 95 149 165 315 27 0 0 282 146 130 336 130 0 0 0 
735 176 85 28 0 0 0 0 798 180 39 7 0 0 0 0 799 182 37 6 0 0 0 0 
872 78 63 11 0 0 0 0 850 71 51 48 4 0 0 0 879 70 71 4 0 0 0 0 
313 356 283 72 0 0 0 0 270 272 195 243 44 0 0 0 417 302 268 37 0 0 0 0 
13 313 483 186 28 1 0 0 2 116 420 435 51 0 0 0 43 407 469 105 0 0 0 0 
0 268 591 165 0 0 0 0 0 14 387 555 68 0 0 0 0 233 633 158 0 0 0 0 
10 507 506 1 0 0 0 0 24 326 546 128 0 0 0 0 117 475 415 17 0 0 0 0 
82 513 353 41 18 15 2 0 19 338 577 78 12 0 0 0 93 499 390 23 16 3 0 0 
147 487 353 37 0 0 0 0 15 461 487 61 0 0 0 0 213 534 251 26 0 0 0 0 
82 844 98 0 0 0 0 0 2 912 110 0 0 0 0 0 364 607 53 0 0 0 0 0 
676 100 24 0 80 144 0 0 292 474 34 0 72 152 0 0 518 258 24 0 131 93 0 0 
892 90 42 0 0 0 0 0 473 454 97 0 0 0 0 0 806 193 25 0 0 0 0 0 
481 488 25 22 8 0 0 0 142 677 183 22 0 0 0 0 414 578 32 0 0 0 0 0 
45 559 252 116 35 15 2 0 3 277 495 154 71 24 0 0 13 467 345 98 66 34 1 0 
40 451 348 166 19 0 0 0 1 271 477 226 46 3 0 0 146 425 293 138 21 1 0 0 
88 586 291 59 0 0 0 0 9 453 344 160 58 0 0 0 342 472 187 23 0 0 0 0 
120 446 377 80 1 0 0 0 30 325 407 239 23 0 0 0 224 566 225 9 0 0 0 0 
152 529 327 16 0 0 0 0 10 247 556 200 11 0 0 0 225 610 189 0 0 0 0 0 
0 148 820 56 0 0 0 0 0 4 519 495 6 0 0 0 0 667 356 1 0 0 0 0 
1 162 532 246 56 21 6 0 0 56 576 306 69 16 1 0 39 452 404 95 26 8 0 0 
0 28 456 364 101 39 33 3 50 193 158 420 174 29 0 0 230 171 370 237 16 0 0 0 
0 67 264 458 195 40 0 0 8 59 216 400 318 23 0 0 77 214 352 357 24 0 0 0 
0 46 294 456 222 6 0 0 0 37 436 456 91 4 0 0 17 116 404 406 77 4 0 0 
20 421 283 124 45 84 47 0 43 400 367 63 93 58 0 0 265 374 213 44 103 25 0 0 
0 0 7 163 328 449 77 0 0 0 80 359 487 98 0 0 0 14 263 389 335 23 0 0 
0 0 21 205 401 373 24 0 0 4 78 365 531 46 0 0 0 42 220 459 289 14 0 0 
0 0 0 126 16 52 82 748 0 4 112 23 5 36 96 748 0 72 46 22 5 29 98 752 
0 17 256 303 98 18 20 312 7 150 417 95 27 16 11 301 63 361 236 27 17 8 28 284 
0 0 113 560 308 40 3 0 0 3 679 306 36 0 0 0 0 266 664 74 20 0 0 0 
0 0 114 498 240 92 80 0 0 76 593 170 43 96 46 0 0 298 423 114 51 94 44 0 
0 0 456 274 105 41 49 99 0 27 696 87 42 39 46 87 0 146 589 74 42 41 48 84 
13 304 456 60 28 35 43 85 5 281 457 77 40 36 43 85 27 251 437 94 45 42 43 85 
0 158 248 157 268 57 35 101 0 159 509 158 48 30 23 97 0 207 450 175 38 33 36 85 
0 0 0 2 170 589 263 0 0 0 7 261 485 262 9 0 0 0 36 368 435 185 0 0 
0 201 205 92 128 228 170 0 66 293 123 143 229 162 8 0 115 286 124 169 235 92 3 0 
282 509 122 99 12 0 0 0 543 324 103 54 0 0 0 0 610 287 79 48 0 0 0 0 
647 377 0 0 0 0 0 0 934 90 0 0 0 0 0 0 990 34 0 0 0 0 0 0 
382 275 297 70 0 0 0 0 385 149 224 255 11 0 0 0 429 239 275 81 0 0 0 0 
132 311 513 68 0 0 0 0 112 144 434 316 18 0 0 0 160 388 445 31 0 0 0 0 
327 269 259 169 0 0 0 0 309 131 297 250 37 0 0 0 357 233 415 19 0 0 0 0 
12 626 372 14 0 0 0 0 0 170 811 43 0 0 0 0 54 743 227 0 0 0 0 0 
32 692 278 22 0 0 0 0 0 134 840 50 0 0 0 0 44 694 286 0 0 0 0 0 
63 570 382 9 0 0 0 0 0 155 767 102 0 0 0 0 33 581 408 2 0 0 0 0 
114 759 151 0 0 0 0 0 8 281 698 37 0 0 0 0 102 634 288 0 0 0 0 0 
650 150 0 20 78 126 0 0 483 293 24 11 80 133 0 0 627 173 0 22 128 74 0 0 
868 156 0 0 0 0 0 0 469 510 45 0 0 0 0 0 869 155 0 0 0 0 0 0 
75 434 454 56 5 0 0 0 34 384 570 35 1 0 0 0 94 722 198 10 0 0 0 0 
162 502 287 65 8 0 0 0 7 465 485 62 5 0 0 0 260 525 224 15 0 0 0 0 
162 506 284 70 2 0 0 0 2 403 459 151 9 0 0 0 272 434 267 51 0 0 0 0 
173 624 206 21 0 0 0 0 39 398 429 137 21 0 0 0 332 567 124 1 0 0 0 0 
153 678 190 3 0 0 0 0 24 543 414 43 0 0 0 0 446 521 57 0 0 0 0 0 
107 778 119 20 0 0 0 0 3 728 247 44 2 0 0 0 526 459 37 2 0 0 0 0 
15 298 514 173 23 1 0 0 0 182 493 331 18 0 0 0 111 565 312 36 0 0 0 0 
0 86 339 354 214 31 0 0 0 46 447 456 75 0 0 0 43 559 341 66 15 0 0 0 
0 13 60 187 298 368 89 9 0 127 295 464 117 18 3 0 170 358 345 132 17 2 0 0 
0 4 238 222 205 240 102 13 0 15 288 542 173 6 0 0 40 366 509 108 1 0 0 0 
0 0 252 324 280 158 10 0 0 1 328 372 251 72 0 0 10 47 309 325 274 59 0 0 
0 93 308 190 146 169 107 11 0 97 519 269 92 46 1 0 86 560 255 78 21 23 1 0 
0 0 15 57 92 332 509 19 0 0 4 123 414 455 28 0 0 3 103 250 392 267 9 0 
0 0 38 275 250 338 123 0 0 0 92 347 412 171 2 0 0 64 258 375 258 69 0 0 
0 0 0 76 25 32 74 817 0 1 62 42 32 49 69 769 0 43 40 29 43 48 57 764 
0 7 75 150 339 193 52 208 1 73 217 198 190 100 49 196 12 145 247 223 139 25 45 188 
0 0 0 92 685 209 38 0 0 0 232 607 164 21 0 0 0 2 587 334 101 0 0 0 
0 0 22 491 309 124 78 0 0 28 534 246 74 77 65 0 0 116 537 170 62 86 53 0 
0 5 52 295 364 126 23 159 0 47 392 287 80 40 54 124 0 140 483 148 41 35 44 133 
0 36 193 55 338 139 69 194 0 19 247 360 68 70 92 168 0 12 389 215 75 64 92 177 
0 89 71 193 220 264 41 146 0 161 257 306 96 50 47 107 1 223 245 310 52 41 33 119 
0 0 0 10 291 606 117 0 0 1 21 502 388 112 0 0 0 2 61 652 290 19 0 0 
1 217 205 156 92 336 17 0 63 325 182 197 254 3 0 0 129 313 161 336 85 0 0 0 
66 680 183 91 4 0 0 0 434 438 143 9 0 0 0 0 533 385 102 4 0 0 0 0 
474 542 8 0 0 0 0 0 827 197 0 0 0 0 0 0 946 78 0 0 0 0 0 0 
567 183 102 153 19 0 0 0 587 163 73 150 51 0 0 0 608 143 86 138 49 0 0 0 
692 188 82 62 0 0 0 0 728 133 64 99 0 0 0 0 767 92 75 90 0 0 0 0 
532 462 28 2 0 0 0 0 464 232 328 0 0 0 0 0 524 442 58 0 0 0 0 0 
153 595 219 57 0 0 0 0 56 209 732 27 0 0 0 0 148 660 216 0 0 0 0 0 
222 727 75 0 0 0 0 0 1 580 443 0 0 0 0 0 262 743 19 0 0 0 0 0 
181 669 154 20 0 0 0 0 0 643 328 53 0 0 0 0 243 623 152 6 0 0 0 0 
123 752 135 14 0 0 0 0 19 606 352 47 0 0 0 0 352 538 129 5 0 0 0 0 
691 108 1 26 79 119 0 0 506 294 0 12 63 149 0 0 677 123 0 32 112 80 0 0 
879 145 0 0 0 0 0 0 417 582 25 0 0 0 0 0 885 139 0 0 0 0 0 0 
107 280 519 116 2 0 0 0 29 414 566 14 1 0 0 0 228 653 142 1 0 0 0 0 
7 338 527 130 22 0 0 0 3 314 596 110 1 0 0 0 52 526 435 11 0 0 0 0 
205 438 328 51 2 0 0 0 13 535 413 63 0 0 0 0 397 348 243 36 0 0 0 0 
211 564 219 30 0 0 0 0 26 685 286 27 0 0 0 0 428 390 192 14 0 0 0 0 
74 240 197 154 112 123 116 8 50 370 271 159 96 78 0 0 297 322 199 120 74 12 0 0 
99 200 102 85 161 235 134 8 82 287 135 226 179 93 22 0 280 226 259 134 70 48 7 0 
33 301 200 207 143 55 80 5 11 318 312 230 57 57 39 0 253 416 212 36 33 53 21 0 
4 140 207 445 197 26 5 0 0 99 524 367 21 13 0 0 81 692 214 20 15 2 0 0 
0 0 3 11 238 626 146 0 0 0 216 729 79 0 0 0 1 316 657 48 2 0 0 0 
0 0 0 2 91 493 406 32 0 0 43 391 484 101 5 0 0 81 584 288 56 13 2 0 
0 0 70 329 260 258 107 0 0 9 262 312 281 160 0 0 0 43 292 263 277 148 1 0 
0 0 0 33 15 198 503 275 0 0 58 321 225 355 65 0 0 210 221 307 213 61 12 0 
0 11 160 196 239 305 113 0 0 44 341 385 243 11 0 0 156 433 293 139 3 0 0 0 
0 0 20 158 206 440 200 0 0 9 207 479 285 44 0 0 1 211 525 193 94 0 0 0 
0 0 12 109 238 162 146 357 0 2 61 61 180 233 155 332 0 16 50 38 78 143 251 448 
0 10 130 177 364 154 93 96 0 17 267 271 278 161 30 0 47 357 278 178 137 16 11 0 
0 33 148 175 438 210 20 0 10 70 339 465 102 20 18 0 61 387 323 195 22 12 24 0 
0 21 115 367 271 108 96 46 4 81 404 225 100 75 87 48 16 187 327 169 103 93 65 64 
0 0 1 200 727 96 0 0 0 9 636 379 0 0 0 0 0 120 855 49 0 0 0 0 
0 0 0 64 608 352 0 0 0 2 225 744 53 0 0 0 0 50 647 327 0 0 0 0 
0 0 0 151 607 266 0 0 0 7 415 543 59 0 0 0 0 55 637 331 1 0 0 0 
0 0 0 81 684 251 8 0 0 0 241 720 54 9 0 0 0 2 518 474 21 9 0 0 
0 221 260 163 285 95 0 0 94 346 260 314 10 0 0 0 136 383 344 161 0 0 0 0 
2 681 257 84 0 0 0 0 274 535 212 3 0 0 0 0 484 370 167 3 0 0 0 0 
156 864 4 0 0 0 0 0 798 225 1 0 0 0 0 0 902 122 0 0 0 0 0 0 
790 234 0 0 0 0 0 0 989 35 0 0 0 0 0 0 1007 17 0 0 0 0 0 0 
983 41 0 0 0 0 0 0 1024 0 0 0 0 0 0 0 1024 0 0 0 0 0 0 0 
729 232 54 9 0 0 0 0 720 149 154 1 0 0 0 0 768 232 24 0 0 0 0 0 
576 337 104 7 0 0 0 0 445 356 222 1 0 0 0 0 586 429 9 0 0 0 0 0 
339 649 36 0 0 0 0 0 145 704 175 0 0 0 0 0 580 444 0 0 0 0 0 0 
175 724 98 27 0 0 0 0 78 761 167 18 0 0 0 0 538 425 53 8 0 0 0 0 
550 474 0 0 0 0 0 0 322 698 4 0 0 0 0 0 826 198 0 0 0 0 0 0 
507 251 42 22 72 130 0 0 435 351 14 14 66 144 0 0 656 138 6 24 112 88 0 0 
965 58 1 0 0 0 0 0 740 265 19 0 0 0 0 0 978 46 0 0 0 0 0 0 
219 566 230 9 0 0 0 0 137 539 341 7 0 0 0 0 512 487 25 0 0 0 0 0 
111 520 368 25 0 0 0 0 57 480 446 40 1 0 0 0 174 546 282 22 0 0 0 0 
0 207 655 162 0 0 0 0 0 163 720 141 0 0 0 0 0 354 551 119 0 0 0 0 
10 212 511 268 23 0 0 0 0 175 557 275 17 0 0 0 16 311 591 104 2 0 0 0 
46 133 240 249 111 92 149 4 67 204 282 225 151 95 0 0 161 234 246 277 103 3 0 0 
9 155 154 117 53 148 386 2 49 155 172 92 237 319 0 0 106 162 154 286 316 0 0 0 
0 0 11 50 211 588 164 0 0 0 39 213 630 125 17 0 0 20 230 592 125 50 7 0 
0 0 1 230 557 216 19 1 0 33 320 478 140 50 3 0 84 408 380 88 41 20 3 0 
0 0 19 264 436 198 93 14 0 11 248 453 188 103 21 0 49 414 338 66 65 83 9 0 
0 0 3 49 146 421 384 21 0 3 55 293 381 268 24 0 2 83 364 287 174 112 2 0 
0 0 61 301 269 292 95 6 0 3 213 314 277 191 25 1 0 21 325 245 241 163 25 4 
0 0 6 89 191 238 361 139 0 0 61 317 302 267 69 8 14 266 316 236 115 55 20 2 
0 1 64 168 269 403 119 0 1 58 299 471 191 4 0 0 96 457 429 42 0 0 0 0 
0 28 101 145 164 360 204 22 2 73 181 501 188 34 45 0 46 260 564 57 37 38 22 0 
33 53 75 165 207 234 171 86 61 63 103 212 211 210 142 22 83 78 146 137 190 210 145 35 
59 41 160 198 189 244 47 86 77 117 298 325 118 72 17 0 178 417 238 88 102 1 0 0 
26 193 385 180 223 17 0 0 15 27 253 441 255 33 0 0 94 516 365 35 14 0 0 0 
35 261 434 220 70 4 0 0 21 215 300 296 158 34 0 0 121 468 253 100 63 19 0 0 
0 30 94 444 301 149 6 0 1 129 487 223 161 23 0 0 27 333 355 205 104 0 0 0 
0 0 0 287 450 247 40 0 0 2 458 301 207 56 0 0 0 59 514 259 190 2 0 0 
0 0 0 145 632 232 15 0 0 0 349 438 211 26 0 0 0 21 513 342 135 13 0 0 
0 0 0 48 537 429 10 0 0 0 180 531 281 32 0 0 0 3 371 430 194 26 0 0 
0 267 265 95 218 179 0 0 141 310 163 359 51 0 0 0 200 304 190 301 29 0 0 0 
6 774 153 90 1 0 0 0 245 604 164 11 0 0 0 0 297 577 146 4 0 0 0 0 
264 760 0 0 0 0 0 0 609 415 0 0 0 0 0 0 766 258 0 0 0 0 0 0 
798 226 0 0 0 0 0 0 860 164 0 0 0 0 0 0 876 148 0 0 0 0 0 0 
992 32 0 0 0 0 0 0 1004 20 0 0 0 0 0 0 1001 23 0 0 0 0 0 0 
1014 10 0 0 0 0 0 0 1019 5 0 0 0 0 0 0 1024 0 0 0 0 0 0 0 
1018 6 0 0 0 0 0 0 1018 6 0 0 0 0 0 0 1021 3 0 0 0 0 0 0 
958 66 0 0 0 0 0 0 952 70 2 0 0 0 0 0 973 51 0 0 0 0 0 0 
125 250 152 192 164 141 0 0 155 245 230 186 208 0 0 0 239 196 198 197 194 0 0 0 
343 625 56 0 0 0 0 0 345 651 28 0 0 0 0 0 597 427 0 0 0 0 0 0 
74 408 299 51 61 131 0 0 21 502 274 25 62 140 0 0 197 558 45 32 92 100 0 0 
483 262 145 104 27 3 0 0 163 639 157 59 6 0 0 0 730 240 36 18 0 0 0 0 
39 465 303 156 51 10 0 0 27 543 427 18 9 0 0 0 483 527 11 3 0 0 0 0 
18 308 404 196 93 5 0 0 6 317 589 110 2 0 0 0 249 628 136 11 0 0 0 0 
0 129 352 400 138 5 0 0 0 88 535 383 18 0 0 0 2 392 527 92 8 3 0 0 
1 50 447 416 101 9 0 0 1 46 506 398 71 2 0 0 18 359 529 89 29 0 0 0 
85 330 247 231 99 32 0 0 168 295 288 175 71 27 0 0 329 244 263 110 57 21 0 0 
2 62 222 467 200 25 45 1 3 103 398 388 76 42 14 0 29 338 405 165 38 30 19 0 
0 0 19 232 291 309 172 1 0 1 173 283 418 146 3 0 0 153 292 369 188 22 0 0 
0 0 8 84 436 471 25 0 0 4 151 623 233 13 0 0 10 202 611 177 24 0 0 0 
0 0 42 214 629 137 2 0 3 32 309 584 95 1 0 0 28 378 573 44 1 0 0 0 
0 1 6 32 241 455 270 19 1 6 39 272 440 214 52 0 10 62 326 304 155 123 44 0 
0 0 15 326 380 223 78 2 0 0 168 358 351 130 17 0 0 38 307 286 260 117 16 0 
0 2 83 368 392 108 56 15 0 5 81 365 509 64 0 0 43 410 515 56 0 0 0 0 
2 48 335 415 199 25 0 0 3 34 264 494 215 14 0 0 223 538 236 27 0 0 0 0 
15 130 329 354 187 9 0 0 22 136 292 326 181 64 3 0 148 388 408 72 8 0 0 0 
107 189 241 208 154 120 5 0 200 154 263 197 183 27 0 0 261 241 233 168 120 1 0 0 
190 176 114 137 155 174 78 0 275 155 142 172 174 106 0 0 341 148 190 141 190 14 0 0 
99 359 340 89 68 44 25 0 37 131 328 387 103 38 0 0 210 460 245 63 46 0 0 0 
204 489 296 35 0 0 0 0 30 151 417 342 75 9 0 0 308 509 165 41 1 0 0 0 
42 143 478 355 6 0 0 0 99 483 383 18 33 8 0 0 190 655 140 34 5 0 0 0 
0 0 128 645 236 15 0 0 0 76 754 187 7 0 0 0 0 372 568 82 2 0 0 0 
0 0 1 319 631 71 2 0 0 2 543 418 56 5 0 0 0 28 716 252 28 0 0 0 
0 0 0 95 666 242 21 0 0 0 211 630 131 52 0 0 0 0 391 518 106 9 0 0 
0 205 371 84 227 134 3 0 39 480 133 302 69 1 0 0 116 453 123 312 20 0 0 0 
68 646 191 113 6 0 0 0 312 498 182 32 0 0 0 0 405 417 180 22 0 0 0 0 
293 730 1 0 0 0 0 0 810 214 0 0 0 0 0 0 863 161 0 0 0 0 0 0 
732 292 0 0 0 0 0 0 913 111 0 0 0 0 0 0 951 73 0 0 0 0 0 0 
793 231 0 0 0 0 0 0 907 117 0 0 0 0 0 0 909 115 0 0 0 0 0 0 
846 178 0 0 0 0 0 0 853 171 0 0 0 0 0 0 857 167 0 0 0 0 0 0 
878 146 0 0 0 0 0 0 948 76 0 0 0 0 0 0 952 72 0 0 0 0 0 0 
548 319 154 3 0 0 0 0 621 221 156 26 0 0 0 0 629 192 140 63 0 0 0 0 
124 117 157 198 265 163 0 0 164 102 281 232 244 1 0 0 183 96 280 231 233 1 0 0 
283 740 1 0 0 0 0 0 582 442 0 0 0 0 0 0 633 391 0 0 0 0 0 0 
0 101 625 96 48 154 0 0 0 5 466 334 48 171 0 0 1 550 249 32 107 85 0 0 
0 137 671 215 1 0 0 0 0 27 417 579 1 0 0 0 43 630 326 25 0 0 0 0 
1 119 783 120 1 0 0 0 0 40 355 605 24 0 0 0 60 641 310 13 0 0 0 0 
4 195 634 161 30 0 0 0 6 129 305 512 72 0 0 0 139 466 361 47 11 0 0 0 
9 49 437 381 131 17 0 0 7 170 278 417 151 1 0 0 152 395 413 60 3 1 0 0 
5 67 530 329 90 3 0 0 5 108 301 423 182 5 0 0 87 378 502 43 10 4 0 0 
11 304 416 155 83 55 0 0 85 404 293 154 75 13 0 0 228 452 180 101 62 1 0 0 
4 44 208 380 155 110 121 2 1 47 132 347 304 135 58 0 36 190 427 148 61 90 72 0 
0 6 201 438 271 96 12 0 0 21 196 521 261 25 0 0 60 357 444 127 35 1 0 0 
0 15 194 429 257 122 7 0 0 54 465 393 106 6 0 0 56 556 306 101 5 0 0 0 
0 76 517 387 44 0 0 0 0 77 566 365 16 0 0 0 117 679 225 3 0 0 0 0 
0 37 337 168 175 181 118 8 2 23 311 316 192 125 55 0 26 344 235 195 94 70 60 0 
2 60 105 297 301 179 76 4 0 102 237 359 199 119 8 0 50 123 280 327 177 58 9 0 
0 40 194 224 275 250 41 0 0 14 189 305 372 144 0 0 71 320 469 159 5 0 0 0 
10 53 339 462 137 23 0 0 0 59 326 343 259 37 0 0 183 502 298 39 2 0 0 0 
13 209 452 258 82 10 0 0 4 99 318 280 271 50 2 0 255 390 328 49 2 0 0 0 
72 248 294 261 76 57 16 0 103 133 281 281 139 75 12 0 251 355 237 65 42 50 24 0 
169 148 134 186 165 168 54 0 235 138 182 154 182 128 5 0 280 178 196 150 142 64 14 0 
204 209 150 144 86 151 77 3 296 150 193 129 112 140 4 0 395 163 168 104 163 29 2 0 
114 283 335 129 86 58 18 1 62 137 232 329 221 43 0 0 164 254 354 130 72 37 10 3 
2 122 267 255 216 127 35 0 1 63 304 286 244 112 14 0 8 185 252 231 189 124 34 1 
7 46 131 279 317 200 43 1 0 14 212 362 281 147 8 0 8 63 244 248 250 162 49 0 
0 15 176 271 447 94 18 3 1 67 294 498 112 43 9 0 6 112 462 283 101 54 6 0 
0 0 13 235 433 313 29 1 0 1 209 478 276 41 19 0 0 10 335 497 131 29 15 7 
0 117 315 227 218 147 0 0 14 313 274 312 107 4 0 0 35 350 257 331 50 1 0 0 
0 284 647 48 40 5 0 0 2 582 370 45 25 0 0 0 11 643 316 39 15 0 0 0 
1 682 341 0 0 0 0 0 80 705 239 0 0 0 0 0 147 811 66 0 0 0 0 0 
24 914 86 0 0 0 0 0 155 789 80 0 0 0 0 0 251 749 24 0 0 0 0 0 
84 727 153 27 33 0 0 0 176 718 65 26 33 6 0 0 199 693 66 25 29 12 0 0 
208 806 10 0 0 0 0 0 336 688 0 0 0 0 0 0 390 629 5 0 0 0 0 0 
584 440 0 0 0 0 0 0 779 245 0 0 0 0 0 0 895 129 0 0 0 0 0 0 
320 563 133 8 0 0 0 0 409 494 109 12 0 0 0 0 650 314 44 16 0 0 0 0 
0 53 192 326 213 240 0 0 0 107 408 245 253 11 0 0 26 170 344 265 209 10 0 0 
8 443 275 239 8 6 15 30 26 559 373 11 6 10 7 32 160 768 34 10 5 8 7 32 
0 118 666 47 51 142 0 0 0 0 267 533 48 176 0 0 0 627 173 32 111 81 0 0 
0 205 810 9 0 0 0 0 0 0 304 710 10 0 0 0 1 906 116 1 0 0 0 0 
0 101 896 27 0 0 0 0 0 0 135 834 54 1 0 0 0 830 193 1 0 0 0 0 
0 236 758 30 0 0 0 0 0 0 79 851 94 0 0 0 0 735 289 0 0 0 0 0 
0 117 827 76 4 0 0 0 0 0 26 877 119 2 0 0 0 554 464 6 0 0 0 0 
0 293 524 207 0 0 0 0 0 0 56 777 191 0 0 0 12 681 330 1 0 0 0 0 
0 450 477 67 30 0 0 0 2 87 214 719 2 0 0 0 60 829 135 0 0 0 0 0 
6 409 559 50 0 0 0 0 0 37 60 909 18 0 0 0 36 819 169 0 0 0 0 0 
0 353 609 58 4 0 0 0 0 0 157 856 11 0 0 0 29 826 165 4 0 0 0 0 
0 239 677 100 8 0 0 0 0 4 209 804 7 0 0 0 7 756 244 17 0 0 0 0 
0 146 529 234 44 46 25 0 0 2 129 679 142 52 19 1 19 386 396 86 59 36 42 0 
0 53 398 134 130 132 159 18 0 13 124 505 176 165 40 1 27 359 185 151 138 153 11 0 
0 0 16 243 503 254 8 0 0 2 177 566 255 24 0 0 4 116 417 337 141 9 0 0 
0 3 91 203 335 370 22 0 0 0 40 545 403 34 2 0 0 134 680 210 0 0 0 0 
4 23 105 310 432 144 6 0 1 21 119 594 279 10 0 0 31 245 618 121 9 0 0 0 
1 130 365 319 156 50 3 0 0 33 286 489 207 9 0 0 93 443 446 35 7 0 0 0 
5 141 410 288 71 42 61 6 3 70 253 400 216 58 24 0 127 393 343 62 40 52 7 0 
11 125 244 232 132 98 176 6 24 109 161 291 219 168 52 0 125 204 279 127 143 129 17 0 
131 124 92 168 85 138 263 23 208 109 174 91 128 205 109 0 259 144 144 108 166 183 20 0 
48 160 139 155 100 132 256 34 144 138 164 133 108 214 123 0 194 162 135 139 141 205 48 0 
112 188 151 121 95 109 203 45 141 168 187 114 128 131 155 0 202 149 143 128 144 181 76 1 
128 290 131 58 77 97 161 82 67 266 196 122 110 116 122 25 312 239 141 76 87 168 1 0 
13 110 243 166 109 123 164 96 4 106 227 200 189 132 161 5 176 280 224 173 119 52 0 0 
0 0 67 136 151 176 342 152 0 14 89 133 206 349 223 10 13 142 345 303 133 67 21 0 
35 114 172 354 204 76 56 13 93 110 276 317 130 79 19 0 130 174 396 250 71 3 0 0 
169 156 481 158 22 34 4 0 228 174 545 22 37 18 0 0 237 222 505 23 32 5 0 0 
81 371 425 92 39 16 0 0 62 258 567 96 41 0 0 0 401 401 222 0 0 0 0 0 
96 645 215 18 26 24 0 0 17 305 584 71 41 6 0 0 375 587 62 0 0 0 0 0 
183 581 260 0 0 0 0 0 96 546 369 13 0 0 0 0 351 632 41 0 0 0 0 0 
468 390 166 0 0 0 0 0 334 518 172 0 0 0 0 0 671 353 0 0 0 0 0 0 
632 162 230 0 0 0 0 0 594 377 53 0 0 0 0 0 926 98 0 0 0 0 0 0 
217 435 309 63 0 0 0 0 314 480 158 67 5 0 0 0 761 233 30 0 0 0 0 0 
0 36 182 301 263 242 0 0 10 121 393 285 215 0 0 0 85 146 365 299 129 0 0 0 
3 294 466 32 21 23 82 103 79 597 108 24 13 21 47 135 428 325 28 14 18 20 16 175 
3 680 118 31 88 104 0 0 0 1 786 45 24 168 0 0 95 686 27 24 80 112 0 0 
2 981 41 0 0 0 0 0 0 0 961 63 0 0 0 0 322 702 0 0 0 0 0 0 
14 924 86 0 0 0 0 0 0 0 802 222 0 0 0 0 494 530 0 0 0 0 0 0 
8 952 64 0 0 0 0 0 0 0 856 168 0 0 0 0 562 462 0 0 0 0 0 0 
0 1001 23 0 0 0 0 0 0 0 806 218 0 0 0 0 510 514 0 0 0 0 0 0 
2 945 77 0 0 0 0 0 0 0 620 404 0 0 0 0 516 508 0 0 0 0 0 0 
0 861 163 0 0 0 0 0 0 0 341 683 0 0 0 0 442 574 8 0 0 0 0 0 
0 866 158 0 0 0 0 0 0 0 367 657 0 0 0 0 437 587 0 0 0 0 0 0 
0 680 344 0 0 0 0 0 0 0 67 957 0 0 0 0 291 730 3 0 0 0 0 0 
4 523 474 23 0 0 0 0 0 0 124 891 9 0 0 0 127 848 46 3 0 0 0 0 
0 440 509 25 20 30 0 0 0 0 167 793 31 28 5 0 118 738 77 40 21 25 5 0 
0 42 378 39 35 126 317 87 0 0 10 423 184 230 177 0 13 365 72 58 169 181 166 0 
0 2 25 189 565 233 10 0 0 5 175 585 253 6 0 0 0 97 624 216 87 0 0 0 
0 1 139 341 407 130 6 0 0 0 1 287 697 39 0 0 0 127 780 114 3 0 0 0 
0 4 127 379 310 188 16 0 0 26 40 418 533 7 0 0 23 272 661 68 0 0 0 0 
0 14 218 182 207 206 112 85 0 64 53 453 218 107 57 72 58 227 394 94 69 75 48 59 
0 13 362 239 72 141 172 25 0 6 30 391 274 201 122 0 11 230 350 63 136 170 64 0 
0 0 31 194 252 152 323 72 0 0 20 145 381 217 261 0 0 54 288 215 109 219 139 0 
0 0 0 7 244 274 352 147 0 0 0 40 353 246 382 3 0 0 129 341 79 180 295 0 
0 0 0 106 283 269 319 47 0 0 1 23 456 407 137 0 0 8 251 250 201 245 69 0 
0 0 13 48 340 281 324 18 0 0 6 66 487 348 117 0 0 12 162 381 156 248 65 0 
0 0 0 94 349 209 327 45 0 0 0 22 513 274 214 1 0 0 222 342 99 282 79 0 
0 0 3 137 388 152 303 41 0 0 1 119 477 306 121 0 0 21 292 311 180 188 32 0 
0 0 38 227 405 232 97 25 0 1 31 165 444 334 49 0 21 96 327 379 129 51 21 0 
0 0 71 372 489 71 19 2 0 15 67 383 481 67 11 0 10 141 622 210 33 8 0 0 
0 6 198 258 441 121 0 0 0 11 98 583 317 15 0 0 1 162 634 204 23 0 0 0 
2 14 115 447 419 26 1 0 2 13 175 553 272 9 0 0 83 129 769 38 5 0 0 0 
5 53 158 600 149 59 0 0 5 33 186 553 229 18 0 0 74 178 654 88 30 0 0 0 
7 102 349 436 127 3 0 0 1 106 248 560 109 0 0 0 85 276 596 67 0 0 0 0 
0 0 350 469 181 24 0 0 0 34 379 451 160 0 0 0 1 414 484 125 0 0 0 0 
6 54 483 359 94 28 0 0 6 93 501 368 56 0 0 0 24 500 447 53 0 0 0 0 
0 60 527 398 39 0 0 0 0 121 687 216 0 0 0 0 44 550 413 17 0 0 0 0 
0 35 168 474 250 97 0 0 5 91 475 390 63 0 0 0 63 197 479 283 2 0 0 0 
0 117 476 251 50 18 42 70 8 392 391 85 24 30 47 47 250 374 232 37 22 26 29 54 
0 786 14 32 64 128 0 0 0 0 783 49 32 160 0 0 24 773 16 19 80 112 0 0 
0 1005 19 0 0 0 0 0 0 9 997 18 0 0 0 0 304 720 0 0 0 0 0 0 
2 971 39 9 3 0 0 0 0 37 939 46 2 0 0 0 258 752 10 4 0 0 0 0 
0 901 51 31 27 11 3 0 0 42 833 131 15 3 0 0 357 611 37 17 2 0 0 0 
2 642 184 69 93 33 1 0 0 0 547 398 78 1 0 0 98 788 119 19 0 0 0 0 
0 530 241 74 69 98 12 0 0 9 370 508 131 6 0 0 80 712 129 99 4 0 0 0 
0 342 292 45 69 248 27 1 0 6 244 547 220 7 0 0 94 564 126 225 14 1 0 0 
0 419 169 60 56 141 175 4 0 0 270 501 220 33 0 0 141 479 270 122 11 1 0 0 
0 162 360 58 97 205 139 3 0 3 145 555 302 19 0 0 48 495 213 247 21 0 0 0 
0 192 260 83 66 118 300 5 0 0 104 487 390 43 0 0 14 474 215 313 8 0 0 0 
0 191 172 52 74 180 321 34 0 2 110 317 502 83 10 0 31 330 282 347 29 5 0 0 
0 21 83 26 102 325 422 45 0 0 23 192 463 284 62 0 5 92 155 267 260 210 35 0 
0 0 17 234 375 346 52 0 0 0 126 371 365 161 1 0 1 71 517 391 44 0 0 0 
0 0 24 174 477 285 63 1 0 46 48 124 605 193 8 0 9 166 564 269 16 0 0 0 
0 0 11 139 443 388 41 2 0 0 15 184 769 55 1 0 4 83 610 311 16 0 0 0 
0 0 2 85 379 339 171 48 0 0 4 243 512 190 52 23 0 30 375 430 93 38 43 15 
0 0 41 103 332 392 141 15 0 73 71 220 529 110 18 3 31 151 282 440 79 33 8 0 
0 0 6 153 584 265 16 0 0 0 7 169 761 87 0 0 0 7 295 699 23 0 0 0 
0 0 0 20 495 487 21 1 0 0 0 200 720 97 7 0 0 0 244 629 141 10 0 0 
0 0 0 82 562 374 6 0 0 0 25 390 468 141 0 0 0 1 334 595 93 1 0 0 
0 0 13 177 577 251 6 0 0 0 15 332 627 50 0 0 0 8 293 622 101 0 0 0 
0 0 46 396 495 84 3 0 0 0 22 282 639 80 1 0 0 82 388 502 51 1 0 0 
0 5 282 586 143 8 0 0 0 0 54 512 439 19 0 0 1 121 528 345 29 0 0 0 
0 113 559 333 14 5 0 0 0 13 309 561 141 0 0 0 89 434 440 61 0 0 0 0 
0 21 423 457 123 0 0 0 0 0 114 675 225 10 0 0 22 402 479 120 1 0 0 0 
0 30 317 369 273 35 0 0 0 7 150 503 362 2 0 0 47 249 493 228 7 0 0 0 
0 0 40 182 506 281 15 0 0 0 12 483 503 26 0 0 0 48 490 379 107 0 0 0 
0 0 1 189 637 191 6 0 0 0 3 586 413 22 0 0 0 6 443 379 166 28 2 0 
0 0 25 304 287 379 29 0 0 0 20 378 541 85 0 0 0 7 378 175 200 225 39 0 
0 0 17 319 360 292 36 0 0 0 19 501 406 98 0 0 0 12 322 176 264 228 22 0 
0 0 4 289 586 144 1 0 0 0 31 612 369 12 0 0 0 9 358 426 212 19 0 0 
0 0 0 364 601 59 0 0 0 0 102 850 72 0 0 0 0 33 803 159 29 0 0 0 
0 0 14 372 623 15 0 0 0 1 191 739 92 1 0 0 0 78 670 262 14 0 0 0 
0 0 52 623 326 23 0 0 0 10 359 607 48 0 0 0 21 253 585 162 3 0 0 0 
0 43 99 289 340 241 12 0 0 32 386 386 76 144 0 0 0 278 487 68 108 83 0 0 
0 22 97 275 477 153 0 0 0 22 372 603 27 0 0 0 2 339 638 45 0 0 0 0 
0 0 10 228 549 232 5 0 0 0 216 685 120 3 0 0 0 149 675 176 24 0 0 0 
0 0 0 17 447 521 35 4 0 0 61 666 260 31 6 0 0 50 704 222 34 14 0 0 
0 0 0 38 351 555 78 2 0 0 100 639 251 33 1 0 0 109 735 152 21 7 0 0 
0 0 0 20 360 600 44 0 0 0 134 604 282 4 0 0 0 89 720 214 1 0 0 0 
0 0 0 31 151 410 265 167 0 0 100 360 246 160 153 5 0 76 414 194 127 122 89 2 
0 0 0 0 9 436 455 124 0 0 9 384 410 137 81 3 0 30 473 341 80 82 17 1 
0 0 0 0 3 253 601 167 0 0 3 196 537 134 137 17 0 19 387 353 84 131 48 2 
0 0 0 3 50 332 602 37 0 38 61 328 531 49 17 0 35 92 477 362 27 26 5 0 
0 0 0 0 81 467 457 19 0 0 3 249 719 41 12 0 0 12 372 550 68 22 0 0 
0 0 0 35 250 418 309 12 0 0 19 260 447 272 26 0 0 2 126 420 293 176 7 0 
0 2 110 282 407 209 14 0 0 29 230 265 296 202 2 0 0 68 447 438 71 0 0 0 
0 0 22 391 525 77 9 0 0 0 0 152 663 203 6 0 0 86 573 351 14 0 0 0 
0 0 16 425 541 42 0 0 0 0 11 214 721 78 0 0 0 20 356 576 72 0 0 0 
0 0 6 199 507 274 38 0 0 0 33 258 545 183 5 0 0 58 534 384 48 0 0 0 
0 0 46 339 396 220 23 0 0 53 105 306 502 56 2 0 49 123 309 484 51 8 0 0 
0 0 3 277 561 104 66 13 0 0 0 198 631 152 39 4 0 10 389 499 82 39 5 0 
0 13 68 257 425 238 23 0 0 28 66 234 541 144 11 0 30 88 370 476 49 11 0 0 
0 2 68 343 406 193 12 0 0 0 18 209 668 129 0 0 0 57 408 539 20 0 0 0 
0 6 101 296 219 334 68 0 1 146 154 379 316 26 2 0 106 200 471 232 15 0 0 0 
0 25 323 466 139 48 23 0 0 23 112 578 304 7 0 0 29 344 612 39 0 0 0 0 
1 42 259 559 136 22 5 0 0 30 161 416 401 16 0 0 49 288 428 252 7 0 0 0 
3 153 387 361 50 19 24 27 0 16 262 437 227 26 26 30 111 302 352 176 22 19 26 16 
14 345 492 164 9 0 0 0 0 127 537 288 70 2 0 0 168 563 233 50 10 0 0 0 
0 219 642 157 6 0 0 0 0 42 506 413 63 0 0 0 178 563 258 25 0 0 0 0 
0 73 472 282 182 15 0 0 0 4 346 553 119 2 0 0 26 347 406 187 51 7 0 0 
10 172 310 297 198 37 0 0 5 106 336 406 167 4 0 0 75 232 265 280 159 13 0 0 
5 151 283 238 207 121 19 0 0 105 326 356 178 59 0 0 34 148 262 226 181 132 41 0 
71 164 223 259 228 70 9 0 34 190 300 306 170 24 0 0 95 147 180 231 229 129 13 0 
12 169 208 341 253 41 0 0 6 211 320 381 103 3 0 0 67 182 285 289 169 32 0 0 
0 7 113 706 180 18 0 0 0 32 573 376 40 3 0 0 2 158 765 87 12 0 0 0 
0 0 212 551 224 37 0 0 0 9 520 442 46 7 0 0 20 375 516 101 12 0 0 0 
0 0 174 633 206 11 0 0 0 2 507 446 69 0 0 0 0 159 708 139 18 0 0 0 
0 0 36 662 155 171 0 0 0 6 656 169 65 128 0 0 0 103 691 38 113 79 0 0 
0 3 101 487 346 87 0 0 0 48 575 380 21 0 0 0 0 271 728 25 0 0 0 0 
0 7 41 283 524 158 11 0 0 25 365 606 23 5 0 0 7 212 751 48 6 0 0 0 
0 0 1 62 215 464 210 72 0 6 155 405 233 166 59 0 3 104 446 199 148 104 20 0 
0 0 0 5 139 586 248 46 0 0 36 478 336 137 37 0 0 46 468 280 147 79 4 0 
0 0 0 0 172 488 330 34 0 0 33 456 349 147 39 0 0 9 448 296 173 81 17 0 
0 0 0 0 92 475 298 159 0 0 4 183 408 236 176 17 0 11 234 339 206 165 66 3 
0 0 0 1 157 510 296 60 0 0 7 253 372 300 88 4 0 5 196 379 297 125 22 0 
0 0 0 0 8 324 516 176 0 0 0 2 179 520 310 13 0 0 18 225 460 226 93 2 
0 0 2 35 216 369 280 122 0 0 6 199 361 198 214 46 0 3 103 367 188 203 143 17 
0 0 15 119 323 381 132 54 0 0 55 288 480 130 61 10 0 19 200 522 190 49 44 0 
0 0 19 214 438 219 107 27 0 0 59 410 438 87 26 4 0 22 242 537 165 47 11 0 
0 9 110 286 411 155 51 2 0 19 144 344 357 148 12 0 9 78 315 489 117 15 1 0 
0 0 18 338 400 207 60 1 0 108 40 200 565 108 3 0 89 102 292 415 124 2 0 0 
0 0 127 596 200 65 36 0 0 45 165 535 257 22 0 0 2 102 569 308 43 0 0 0 
0 0 23 265 242 176 299 19 0 31 36 353 420 167 17 0 6 69 454 414 79 2 0 0 
0 4 138 424 242 178 38 0 0 1 88 442 438 54 1 0 13 88 505 381 36 1 0 0 
0 0 66 342 266 278 71 1 0 0 45 559 407 13 0 0 0 17 443 499 63 2 0 0 
0 5 296 663 60 0 0 0 0 1 82 689 251 1 0 0 6 98 538 359 23 0 0 0 
0 6 328 670 20 0 0 0 0 0 82 669 272 1 0 0 0 74 641 308 1 0 0 0 
0 34 444 519 18 7 2 0 0 5 158 710 148 3 0 0 46 279 535 164 0 0 0 0 
0 86 482 423 33 0 0 0 0 0 232 510 277 5 0 0 30 368 464 162 0 0 0 0 
0 6 123 721 116 20 9 29 0 0 29 527 413 21 13 21 0 67 456 422 36 12 9 22 
3 18 293 487 76 86 54 7 1 61 117 608 161 24 37 15 37 107 625 166 25 25 30 9 
27 196 331 263 74 55 63 15 3 131 330 327 175 18 24 16 134 270 345 194 31 21 28 1 
0 135 275 288 177 112 37 0 0 96 301 422 193 12 0 0 102 391 289 150 86 6 0 0 
27 366 471 130 30 0 0 0 2 147 474 317 84 0 0 0 110 455 384 65 10 0 0 0 
12 283 505 124 86 14 0 0 0 71 529 332 89 3 0 0 43 378 440 96 61 6 0 0 
81 244 213 215 188 82 1 0 62 261 313 282 104 2 0 0 126 236 193 183 150 122 14 0 
114 333 210 207 133 27 0 0 81 365 304 220 51 3 0 0 209 244 181 198 146 45 1 0 
106 255 199 200 113 14 42 95 156 315 216 159 35 14 85 44 222 221 159 162 106 23 46 85 
0 11 120 102 97 215 211 268 0 77 120 76 159 178 232 182 21 119 93 61 171 145 132 282 
0 81 538 266 70 68 1 0 0 160 574 178 78 34 0 0 55 544 286 63 66 10 0 0 
0 65 511 378 68 2 0 0 0 88 661 245 30 0 0 0 5 471 445 100 3 0 0 0 
0 0 101 639 137 147 0 0 0 24 633 172 54 141 0 0 0 177 590 75 105 77 0 0 
0 0 52 521 429 22 0 0 0 10 471 515 28 0 0 0 0 100 731 185 8 0 0 0 
0 0 0 108 530 272 113 1 0 0 123 506 247 136 12 0 0 1 365 373 195 87 3 0 
0 0 0 4 199 369 380 72 0 0 21 226 262 385 127 3 0 8 157 220 351 257 31 0 
0 0 14 130 219 267 289 105 0 0 36 283 280 260 158 7 0 104 199 219 208 232 61 1 
0 0 12 109 219 336 299 49 0 0 47 286 302 309 80 0 0 53 201 289 292 175 14 0 
0 0 1 51 348 343 249 32 0 0 22 210 367 334 91 0 0 18 276 322 247 140 21 0 
0 0 0 22 150 380 413 59 0 0 0 70 288 488 176 2 0 3 81 276 411 238 15 0 
0 0 0 16 206 510 262 30 0 0 3 59 385 467 108 2 0 14 213 407 268 107 15 0 
0 0 21 142 317 274 230 40 0 0 41 286 329 233 134 1 0 57 269 294 226 164 14 0 
0 1 142 328 338 181 31 3 0 29 225 475 259 34 2 0 99 229 507 173 11 4 1 0 
0 0 20 166 398 309 117 14 0 0 149 427 312 126 10 0 74 177 456 248 59 10 0 0 
0 2 152 417 339 89 25 0 0 0 245 486 249 36 8 0 74 211 405 313 21 0 0 0 
0 1 113 308 378 202 21 1 2 40 138 434 315 89 6 0 41 124 400 356 96 7 0 0 
0 11 256 449 96 123 64 25 0 1 242 597 106 53 25 0 31 264 526 123 33 37 10 0 
0 0 33 79 208 324 296 84 0 2 180 457 273 95 17 0 42 183 391 230 140 38 0 0 
0 0 130 410 234 207 43 0 0 1 151 508 230 89 45 0 95 115 444 226 83 61 0 0 
0 11 158 262 312 236 45 0 0 9 279 390 191 133 22 0 106 282 317 153 146 20 0 0 
0 0 270 338 178 172 62 4 7 129 319 465 88 14 2 0 64 146 591 189 23 11 0 0 
0 48 579 350 36 11 0 0 0 48 351 562 53 10 0 0 58 228 611 113 14 0 0 0 
0 47 580 389 8 0 0 0 0 2 313 612 97 0 0 0 5 187 615 216 1 0 0 0 
19 174 412 405 14 0 0 0 0 110 286 564 64 0 0 0 153 313 425 133 0 0 0 0 
0 0 221 343 141 80 75 164 0 0 160 343 188 84 67 182 0 109 323 267 59 43 54 169 
0 61 382 143 106 118 74 140 0 36 340 250 95 86 79 138 35 249 304 101 75 75 84 101 
0 80 306 285 288 58 7 0 0 19 280 472 224 28 1 0 4 168 419 263 158 12 0 0 
0 3 328 428 206 55 4 0 4 49 219 559 192 1 0 0 44 182 469 226 103 0 0 0 
0 158 423 321 122 0 0 0 0 73 377 422 150 2 0 0 56 332 383 175 70 8 0 0 
0 94 578 260 90 2 0 0 0 48 335 413 213 15 0 0 34 220 496 190 79 5 0 0 
71 174 325 325 116 13 0 0 73 180 391 327 53 0 0 0 110 192 292 245 153 16 16 0 
3 81 131 185 143 140 259 82 4 105 165 117 150 207 269 7 28 115 182 216 162 169 134 18 
0 5 9 31 140 231 387 221 0 12 9 34 164 309 386 110 7 14 48 93 143 239 281 199 
0 0 0 8 55 178 756 27 0 0 1 15 82 355 556 15 0 0 8 27 92 367 514 16 
0 126 339 251 197 43 68 0 0 148 352 339 89 42 54 0 46 400 249 205 33 44 47 0 
14 494 472 44 0 0 0 0 20 520 416 68 0 0 0 0 284 639 101 0 0 0 0 0 
0 0 90 613 137 184 0 0 0 20 587 144 91 182 0 0 0 248 435 96 139 106 0 0 
0 1 95 619 234 75 0 0 0 49 495 354 67 59 0 0 1 181 572 176 89 5 0 0 
0 0 12 245 527 225 15 0 0 0 118 457 353 95 1 0 0 39 288 459 189 49 0 0 
0 0 0 40 196 348 356 84 0 0 5 106 306 444 146 17 0 0 31 249 370 285 75 14 
0 0 105 309 324 208 63 15 0 0 95 472 286 140 29 2 10 162 370 243 141 84 14 0 
0 0 46 407 284 205 77 5 0 0 67 438 319 171 29 0 0 132 407 257 158 65 5 0 
0 0 23 216 380 320 85 0 0 0 66 294 418 238 8 0 0 90 289 308 240 97 0 0 
0 6 52 213 473 216 59 5 0 8 85 280 445 183 23 0 32 133 290 340 158 65 6 0 
0 0 51 271 377 239 83 3 0 11 103 347 352 187 24 0 21 208 290 252 176 77 0 0 
0 5 146 375 332 161 5 0 0 20 151 365 343 144 1 0 34 425 379 116 39 31 0 0 
0 2 105 376 413 118 10 0 0 19 242 294 338 129 2 0 144 379 240 136 97 28 0 0 
0 0 0 56 442 373 153 0 0 0 186 318 321 194 5 0 129 280 273 196 121 25 0 0 
0 2 67 283 370 182 117 3 0 0 39 202 478 287 18 0 89 377 362 135 39 22 0 0 
0 16 221 376 263 109 36 3 0 45 274 457 192 48 8 0 155 242 401 128 76 20 2 0 
0 22 266 334 228 119 45 10 0 11 304 496 184 29 0 0 15 329 468 180 17 15 0 0 
0 19 156 369 265 127 69 19 0 38 445 382 127 32 0 0 98 356 334 196 19 21 0 0 
0 25 229 220 370 149 29 2 0 29 246 504 198 47 0 0 8 242 406 279 68 21 0 0 
0 0 21 164 440 344 55 0 0 9 219 611 167 17 1 0 10 225 496 247 42 4 0 0 
0 7 149 326 390 137 15 0 0 13 280 566 165 0 0 0 18 237 535 181 53 0 0 0 
0 100 479 291 120 16 11 7 0 33 470 391 103 23 4 0 48 408 445 82 41 0 0 0 
0 13 519 341 139 10 2 0 0 12 466 422 118 6 0 0 9 341 541 94 38 1 0 0 
0 12 279 496 188 48 1 0 0 0 163 587 235 38 1 0 5 206 604 173 36 0 0 0 
0 29 171 477 317 30 0 0 0 20 116 330 493 65 0 0 20 139 409 389 67 0 0 0 
5 85 265 452 212 5 0 0 0 33 235 349 367 40 0 0 36 211 386 326 65 0 0 0 
0 225 396 305 96 2 0 0 0 54 459 387 121 3 0 0 67 394 266 225 71 1 0 0 
0 197 539 250 37 1 0 0 0 19 556 386 62 1 0 0 19 446 357 190 11 1 0 0 
0 4 672 318 29 1 0 0 0 10 254 713 43 4 0 0 3 288 539 161 30 3 0 0 
0 15 475 512 22 0 0 0 0 1 115 673 233 2 0 0 5 232 548 219 20 0 0 0 
0 19 348 376 168 84 27 2 0 21 132 478 282 104 7 0 20 248 494 239 23 0 0 0 
0 0 6 122 320 290 246 40 0 0 0 110 329 297 277 11 0 17 118 236 235 182 217 19 
0 0 1 142 318 412 150 1 0 0 0 77 463 440 44 0 0 10 156 375 294 185 4 0 
0 0 11 236 294 302 177 4 0 0 59 257 360 308 40 0 0 39 262 274 283 154 12 0 
0 11 125 668 166 47 7 0 0 10 386 495 112 21 0 0 5 140 601 206 67 5 0 0 
0 65 763 152 43 1 0 0 0 58 624 299 43 0 0 0 37 686 208 71 22 0 0 0 
