0 18 114 168 107 122 159 336 0 6 82 187 105 119 146 379 0 35 158 120 96 92 135 388 
6 31 71 121 131 150 185 329 0 20 48 85 149 167 188 367 29 59 93 76 98 130 161 378 
23 126 223 222 153 92 58 127 10 54 156 169 226 158 87 164 167 264 195 139 69 46 48 96 
12 91 158 181 161 115 90 216 4 53 135 161 186 144 110 231 106 165 183 126 108 66 87 183 
0 0 7 79 129 197 238 374 0 2 10 86 113 188 242 383 0 1 51 79 113 173 219 388 
8 15 35 47 88 146 289 396 0 6 22 36 61 128 200 571 0 13 28 39 49 109 174 612 
22 69 59 43 40 27 46 718 1 31 73 58 34 41 23 763 8 52 62 50 36 31 26 759 
17 15 11 11 5 14 75 876 5 20 14 11 6 11 17 940 6 18 12 12 8 8 17 943 
330 341 106 57 43 48 39 60 155 432 154 70 49 42 49 73 263 357 125 64 43 46 43 83 
99 275 181 207 124 81 36 21 45 237 188 192 168 101 62 31 113 293 248 109 102 72 51 36 
0 9 327 474 167 41 6 0 0 0 115 518 284 85 22 0 1 223 466 201 85 37 11 0 
1 54 395 444 96 25 9 0 0 12 155 549 239 52 13 4 23 330 446 143 58 18 6 0 
3 89 407 248 151 87 30 9 1 14 311 304 184 132 51 27 62 274 342 171 106 43 20 6 
49 178 237 268 165 92 27 8 3 57 173 241 253 170 93 34 243 301 244 139 65 24 8 0 
97 247 249 210 129 66 20 6 6 85 214 254 207 145 78 35 365 284 210 101 44 11 9 0 
27 120 240 277 213 76 47 24 0 31 122 264 268 203 74 62 248 293 251 124 52 34 10 12 
12 75 129 162 192 183 149 122 6 54 106 145 197 194 153 169 28 120 178 172 155 123 123 125 
228 441 177 79 32 30 15 22 43 471 260 105 57 42 18 28 297 421 160 59 33 25 11 18 
202 361 129 53 47 55 39 138 48 359 238 76 53 49 48 153 205 346 122 63 43 47 45 153 
36 59 58 59 70 68 85 589 14 54 53 67 73 64 57 642 16 72 82 61 71 44 40 638 
230 217 160 126 88 64 56 83 132 237 187 127 110 59 53 119 222 237 178 96 77 44 56 114 
133 235 207 132 97 83 81 56 66 189 223 175 103 92 78 98 115 224 204 127 87 74 79 114 
28 186 368 260 92 33 23 34 6 92 268 381 142 65 28 42 24 232 365 186 89 53 29 46 
32 160 328 262 136 58 39 9 6 90 269 325 176 86 45 27 40 251 312 172 132 53 39 25 
96 326 257 193 83 38 23 8 4 163 319 255 141 84 34 24 344 339 194 80 36 23 8 0 
262 292 197 140 88 29 10 6 77 275 214 198 123 86 33 18 480 266 135 93 34 11 4 1 
355 296 192 99 56 16 9 1 39 364 252 180 101 65 12 11 538 290 103 59 24 8 2 0 
29 151 273 251 173 77 51 19 2 38 149 255 258 172 74 76 280 313 209 128 49 31 13 1 
10 90 196 257 226 129 60 56 6 42 178 232 237 178 75 76 71 190 259 200 132 64 54 54 
116 170 91 120 147 96 107 177 66 190 98 112 156 100 112 190 111 172 105 138 101 89 107 201 
379 473 112 28 8 17 6 1 129 571 239 49 9 16 9 2 450 422 92 30 7 16 6 1 
247 289 157 90 84 44 18 95 147 291 217 105 87 59 22 96 257 309 157 108 49 33 16 95 
156 257 286 168 74 42 20 21 82 218 286 234 100 54 20 30 205 355 248 101 47 23 13 32 
75 598 267 31 10 12 10 21 21 403 460 78 15 11 12 24 227 617 102 17 14 10 13 24 
42 440 303 60 38 35 29 77 5 230 446 150 43 36 32 82 175 440 164 53 43 30 34 85 
19 329 435 123 55 37 18 8 1 162 504 209 76 32 25 15 96 507 250 65 42 32 22 10 
308 521 131 49 10 5 0 0 66 512 332 80 28 2 4 0 481 418 87 30 4 4 0 0 
495 256 111 70 48 31 10 3 261 365 142 95 73 50 28 10 638 199 79 57 32 11 6 2 
401 346 120 72 52 18 1 14 94 468 218 99 68 44 19 14 627 215 89 53 22 5 12 1 
132 266 245 175 113 53 24 16 16 169 248 236 168 100 48 39 401 271 163 109 46 23 10 1 
34 182 279 285 137 63 30 14 6 121 228 263 206 114 54 32 220 310 299 118 44 22 11 0 
115 268 178 283 159 15 6 0 16 266 205 283 213 32 8 1 208 243 277 256 33 6 1 0 
302 424 129 74 62 13 12 8 70 575 181 90 68 27 10 3 550 270 105 69 26 3 1 0 
257 222 136 132 130 95 39 13 147 293 155 134 130 113 39 13 408 174 152 129 119 37 5 0 
290 177 189 150 127 61 22 8 231 230 160 240 116 40 6 1 374 192 209 158 77 13 1 0 
80 236 243 205 153 65 34 8 40 271 270 220 139 55 23 6 240 335 234 139 52 20 4 0 
64 612 252 50 17 15 10 4 23 527 348 61 27 18 11 9 411 492 67 24 16 11 3 0 
132 657 213 16 3 3 0 0 59 562 351 43 5 4 0 0 455 472 80 12 3 2 0 0 
216 538 152 64 34 11 4 5 47 504 306 91 45 15 8 8 417 465 89 30 12 6 4 1 
426 403 105 41 34 12 2 1 119 544 225 62 43 20 8 3 640 282 53 35 10 3 1 0 
311 354 151 88 44 30 22 24 115 446 203 104 54 41 34 27 617 211 89 43 30 21 13 0 
118 320 156 107 87 59 54 123 68 295 193 102 98 77 63 128 428 198 108 75 57 50 61 47 
50 210 294 149 124 86 42 69 36 179 298 164 131 92 53 71 219 298 192 131 84 44 42 14 
142 171 186 202 171 83 29 40 68 194 182 184 196 118 41 41 256 231 249 168 57 27 25 11 
182 187 112 110 85 81 53 214 77 260 119 118 92 83 63 212 307 145 130 85 75 57 103 122 
6 36 98 245 341 220 66 12 4 24 84 210 374 244 70 14 53 109 306 326 181 40 5 4 
3 24 105 267 328 181 89 27 5 17 107 264 341 186 92 12 45 150 332 316 135 43 3 0 
28 108 222 288 210 95 47 26 19 86 222 323 217 85 48 24 104 251 314 198 86 45 21 5 
14 106 212 278 231 102 55 26 17 112 251 294 208 90 41 11 120 285 300 184 81 37 13 4 
187 285 170 181 106 48 27 20 140 365 154 171 126 48 14 6 394 294 181 87 32 23 5 8 
75 172 96 82 99 120 202 178 23 182 124 87 106 138 215 149 140 164 97 117 113 196 178 19 
42 209 163 120 142 133 128 87 12 145 227 136 146 158 127 73 218 246 156 132 113 93 55 11 
19 77 171 198 177 174 110 98 14 65 140 211 184 169 134 107 135 216 218 182 141 71 58 3 
29 105 159 194 184 158 104 91 12 66 128 171 198 183 144 122 177 193 197 185 132 83 57 0 
23 88 131 230 226 178 91 57 5 32 103 153 207 237 172 115 147 181 238 217 146 56 37 2 
51 201 231 214 167 78 34 48 16 141 222 221 210 110 51 53 213 281 232 156 67 35 38 2 
54 318 174 162 157 88 38 33 16 227 204 157 180 128 61 51 303 252 197 130 72 37 25 8 
20 118 245 304 209 85 37 6 5 51 180 264 269 151 65 39 232 311 279 150 44 8 0 0 
18 108 289 310 195 62 33 9 5 66 248 316 212 110 48 19 149 335 333 145 45 16 1 0 
32 146 281 302 165 71 18 9 17 127 285 297 183 84 21 10 175 311 290 151 71 18 8 0 
81 233 216 209 139 79 37 30 67 223 252 209 143 77 38 15 240 273 209 154 79 38 24 7 
34 133 210 203 154 130 95 65 47 174 236 218 130 99 85 35 250 263 220 147 79 36 19 10 
1 19 47 95 156 247 256 203 4 14 37 80 154 231 270 234 75 115 188 211 243 144 48 0 
3 44 156 232 192 160 114 123 0 29 128 232 199 170 133 133 171 250 198 160 116 108 16 5 
128 242 214 164 117 73 43 43 40 206 237 186 138 102 66 49 355 271 158 103 76 36 25 0 
161 258 183 120 104 82 50 66 71 210 221 167 118 90 76 71 410 220 131 97 69 54 42 1 
27 96 157 212 234 172 78 48 6 40 114 182 221 217 153 91 184 184 245 208 129 60 14 0 
150 232 171 154 134 95 58 30 53 215 193 159 132 131 82 59 345 208 168 131 93 49 24 6 
120 158 200 192 187 117 35 15 55 143 191 203 185 150 73 24 282 241 223 158 82 25 13 0 
299 276 155 100 82 54 38 20 123 296 211 135 96 70 50 43 515 220 102 85 56 22 20 4 
63 138 178 177 158 121 114 75 13 63 165 206 226 156 134 61 271 222 179 141 128 72 11 0 
27 177 235 229 138 89 70 59 163 317 167 129 89 80 54 25 401 242 139 102 64 47 29 0 
30 109 141 199 185 173 116 71 100 265 248 169 119 87 28 8 341 291 188 117 68 17 2 0 
0 8 32 99 137 250 251 247 0 3 42 109 206 285 244 135 475 275 149 84 23 15 3 0 
0 5 27 100 182 231 212 267 0 5 13 70 144 293 272 227 22 92 187 273 211 157 79 3 
0 4 41 82 130 192 217 358 0 9 26 73 145 221 295 255 33 73 146 192 192 206 180 2 
21 58 94 152 179 161 139 220 17 54 91 126 167 187 190 192 123 163 177 168 139 117 133 4 
59 98 116 147 175 150 132 147 11 94 133 151 175 151 140 169 192 164 181 177 134 122 54 0 
4 68 89 123 152 184 154 250 9 49 78 83 172 218 235 180 119 122 155 202 146 158 117 5 
1 15 30 60 99 97 176 546 1 11 36 77 109 126 365 299 26 58 93 96 143 346 257 5 
13 46 126 257 140 131 141 170 12 43 229 215 132 150 151 92 61 153 284 167 156 138 65 0 
48 127 154 150 158 136 130 121 17 93 139 209 169 172 136 89 225 209 177 129 125 102 51 6 
9 101 211 199 174 177 86 67 5 40 206 223 211 186 100 53 247 214 196 172 109 60 26 0 
32 133 137 137 115 114 150 206 49 103 119 153 132 138 159 171 245 154 119 118 130 178 77 3 
17 127 131 136 148 140 155 170 29 122 141 133 148 157 215 79 308 188 140 110 111 109 58 0 
13 53 129 206 209 161 145 108 1 33 114 200 247 175 139 115 682 212 101 22 7 0 0 0 
7 42 105 166 223 168 151 162 4 31 84 168 208 214 162 153 81 151 208 196 159 99 58 72 
12 39 109 183 214 183 159 125 7 27 86 165 243 235 179 82 86 170 200 210 165 128 63 2 
7 63 116 169 223 177 161 108 9 70 113 141 224 204 172 91 111 166 228 218 162 109 29 1 
16 123 179 191 207 164 87 57 10 68 193 180 228 206 94 45 214 210 238 161 120 57 24 0 
0 42 142 231 218 106 122 163 0 14 71 170 251 231 178 109 128 213 247 126 83 112 109 6 
45 99 157 182 200 130 91 120 37 80 125 194 200 182 151 55 182 181 230 151 109 111 59 1 
4 22 74 165 223 227 179 130 5 23 53 129 244 274 189 107 72 152 249 241 181 113 16 0 
1 34 128 211 180 146 112 212 0 5 56 174 219 197 185 188 127 203 197 167 100 116 109 5 
10 19 87 144 177 176 183 228 0 16 50 137 203 234 228 156 49 127 180 188 180 175 124 1 
1 27 137 236 233 152 134 104 0 4 62 233 264 229 155 77 58 170 236 239 150 119 52 0 
34 120 260 236 169 103 60 42 10 101 311 193 185 134 58 32 150 314 259 150 97 39 14 1 
220 293 233 123 90 31 21 13 108 237 278 184 104 68 27 18 634 214 108 40 16 8 4 0 
