966 34 15 6 2 1 0 0 774 218 15 11 5 1 0 0 984 18 16 5 1 0 0 0 
686 219 65 26 15 11 2 0 230 543 153 56 20 14 8 0 855 97 33 17 14 8 0 0 
561 195 79 84 80 21 4 0 358 318 114 63 93 68 9 1 766 121 69 31 25 9 3 0 
669 130 61 99 45 13 7 0 457 283 80 59 98 31 13 3 807 106 49 36 16 10 0 0 
767 162 34 13 15 19 11 3 447 424 75 23 13 17 17 8 902 47 23 12 19 15 6 0 
646 253 63 42 14 2 2 2 79 658 171 58 37 15 2 4 888 87 30 7 8 1 3 0 
430 191 118 120 79 39 35 12 158 354 144 118 106 74 40 30 560 163 114 79 47 35 23 3 
238 257 153 173 94 79 22 8 35 281 215 138 174 113 46 22 642 166 126 38 20 19 12 1 
232 313 209 151 72 28 14 5 29 294 263 205 135 63 23 12 629 191 99 53 22 24 5 1 
371 258 140 98 70 43 31 13 144 281 228 114 112 77 34 34 717 150 67 25 19 20 20 6 
601 231 83 68 28 11 2 0 160 552 146 70 64 23 9 0 787 131 71 25 8 2 0 0 
234 280 231 170 76 23 7 3 47 268 259 214 151 62 15 8 660 206 85 48 15 9 1 0 
324 281 163 112 68 35 26 15 80 342 228 137 113 59 35 30 645 178 76 51 37 23 14 0 
216 326 160 100 84 59 40 39 23 282 289 132 101 91 43 63 528 170 94 75 62 44 37 14 
52 240 291 218 164 40 16 3 2 80 279 239 223 154 38 9 544 290 115 43 26 6 0 0 
31 119 225 295 224 61 46 23 12 33 146 223 288 215 58 49 350 324 176 70 40 42 15 7 
5 56 159 229 330 178 52 15 0 18 79 178 275 297 145 32 214 241 249 165 93 35 22 5 
85 208 163 187 189 92 58 42 12 160 198 146 208 147 84 69 321 243 180 104 63 57 39 17 
52 145 265 227 142 96 50 47 10 86 193 264 181 157 76 57 260 343 169 77 62 49 37 27 
35 149 231 298 163 74 41 33 7 86 190 263 264 106 62 46 226 284 232 139 65 34 30 14 
43 131 212 192 121 115 129 81 8 90 187 213 159 120 122 125 202 209 178 127 105 92 72 39 
46 180 109 88 126 263 138 74 11 172 118 108 199 261 95 60 217 120 92 84 122 250 87 52 
85 155 41 21 59 154 152 357 78 154 43 25 75 162 135 352 220 64 22 29 60 151 143 335 
27 151 58 62 46 54 117 509 23 140 59 55 49 69 117 512 175 75 60 30 22 50 108 504 
39 206 74 34 29 78 77 487 20 184 99 38 40 82 84 477 218 92 36 20 30 72 89 467 
65 193 56 18 34 114 166 378 45 206 57 18 40 109 179 370 208 95 24 12 57 107 159 362 
18 325 160 81 40 86 130 184 5 256 206 100 79 95 110 173 257 211 99 39 30 82 135 171 
166 383 242 141 48 27 12 5 37 342 296 199 88 38 16 8 434 286 171 74 33 12 11 3 
53 307 340 190 63 36 19 16 15 180 347 274 118 49 20 21 371 341 155 76 37 18 15 11 
79 190 253 261 134 67 26 14 27 176 195 278 206 91 36 15 293 317 191 113 57 30 18 5 
23 116 356 232 161 75 39 22 17 120 395 235 147 67 33 10 116 201 272 211 126 47 30 21 
7 183 298 263 170 65 21 17 7 199 351 263 128 55 16 5 106 246 243 212 135 52 17 13 
40 201 244 260 161 79 25 14 36 184 296 248 167 68 19 6 182 260 239 160 84 68 15 16 
0 38 210 347 240 102 55 32 1 52 262 287 220 140 42 20 112 220 267 176 109 61 53 26 
1 62 215 306 271 109 48 12 4 57 218 285 277 127 48 8 111 197 251 227 144 67 20 7 
0 12 87 247 317 174 109 78 5 56 130 258 305 173 63 34 27 94 159 247 201 132 87 77 
5 47 162 332 295 99 33 51 2 26 137 229 361 196 37 36 172 312 215 135 62 48 29 51 
3 28 184 301 248 158 50 52 7 60 198 306 250 118 44 41 29 157 242 200 163 119 63 51 
62 260 197 187 142 78 42 56 17 220 248 198 197 63 46 35 290 222 151 92 97 72 42 58 
20 191 273 262 163 66 30 19 2 99 251 289 208 104 41 30 252 300 230 131 61 26 20 4 
835 96 40 13 19 14 7 0 379 514 52 32 16 15 14 2 907 49 23 21 14 10 0 0 
858 65 23 29 27 14 8 0 690 208 37 23 22 31 9 4 918 54 19 12 11 9 1 0 
444 183 108 130 65 50 35 9 256 321 93 103 116 64 45 26 703 120 57 52 55 20 14 3 
823 84 52 31 13 8 9 4 713 150 76 38 19 13 6 9 896 67 26 16 8 5 5 1 
732 174 73 28 12 4 1 0 381 416 135 58 23 8 3 0 891 84 30 12 7 0 0 0 
408 224 136 112 90 25 21 8 96 421 153 121 106 83 20 24 637 199 82 47 30 24 5 0 
327 323 158 120 57 28 7 4 128 292 273 143 101 58 21 8 720 166 69 40 15 10 4 0 
687 196 63 60 16 2 0 0 204 552 138 65 47 18 0 0 863 107 36 14 4 0 0 0 
407 365 119 53 42 18 12 8 131 480 231 72 52 34 11 13 715 163 61 37 22 17 5 4 
472 230 111 75 53 43 25 15 225 358 158 96 72 48 39 28 684 126 64 50 44 36 20 0 
849 133 24 5 7 4 2 0 479 470 47 12 8 5 2 1 942 58 11 8 4 1 0 0 
205 339 191 87 84 52 38 28 43 287 275 154 88 88 46 43 549 209 91 54 51 32 37 1 
214 289 154 134 126 59 36 12 71 288 200 147 116 117 59 26 562 201 94 80 45 34 6 2 
171 226 167 245 135 39 22 19 58 194 200 165 265 90 26 26 531 247 115 51 33 19 21 7 
81 153 210 257 215 49 28 31 28 91 152 206 266 195 44 42 385 294 173 72 37 21 20 22 
62 104 126 245 343 100 28 16 14 82 101 134 271 319 73 30 379 366 174 44 25 24 9 3 
3 74 173 379 291 72 24 8 0 8 96 196 395 250 57 22 360 350 195 60 33 15 11 0 
2 51 138 278 328 134 61 32 0 14 66 164 284 323 112 61 250 305 240 98 54 45 24 8 
20 84 165 312 257 104 51 31 4 48 87 198 337 212 79 59 278 244 207 138 72 36 35 14 
24 77 218 268 247 107 59 24 3 41 112 249 290 200 81 48 227 289 224 122 78 54 27 3 
107 257 164 149 130 84 64 69 25 233 208 158 129 118 74 79 330 191 135 110 94 75 56 33 
277 266 140 112 75 57 48 49 73 369 177 136 84 72 52 61 452 187 118 89 65 48 37 28 
187 241 148 143 123 103 52 27 120 253 139 134 154 107 75 42 416 183 133 104 97 56 29 6 
297 136 128 176 159 80 37 11 260 131 113 160 161 123 56 20 416 159 208 130 64 29 14 4 
399 256 112 84 65 51 38 19 286 292 148 93 74 53 48 30 610 157 86 61 47 33 24 6 
239 265 144 120 100 87 42 27 135 313 150 122 106 107 52 39 453 206 115 84 79 48 24 15 
126 477 228 120 53 12 2 6 23 366 360 156 86 25 1 7 463 336 148 52 15 5 2 3 
185 514 192 94 19 10 6 4 47 458 300 141 51 15 6 6 640 262 84 15 12 3 8 0 
173 409 221 97 74 36 13 1 55 335 310 159 95 47 20 3 456 313 114 81 43 14 3 0 
53 175 320 313 117 37 4 5 14 109 265 371 181 70 9 5 295 287 218 128 68 20 4 4 
7 128 251 311 196 108 21 2 2 97 268 314 209 101 33 0 135 249 259 225 109 36 8 3 
36 445 349 116 45 17 5 11 29 332 440 121 60 29 5 8 277 399 226 72 19 15 7 9 
20 230 343 225 133 52 16 5 23 191 370 242 125 55 17 1 198 321 232 156 79 21 12 5 
16 203 268 284 113 70 44 26 8 168 326 277 134 59 33 19 188 223 244 174 95 42 40 18 
31 241 294 245 151 41 10 11 1 138 367 305 158 38 8 9 291 276 190 130 86 29 9 13 
0 56 244 267 222 129 74 32 1 56 264 293 207 141 48 14 80 187 207 203 149 103 62 33 
25 70 166 316 212 105 69 61 10 71 108 274 311 137 67 46 180 238 201 122 93 75 55 60 
25 170 240 248 183 80 48 30 9 137 253 293 209 63 37 23 180 283 182 129 97 79 44 30 
50 116 204 212 237 132 50 23 18 97 218 237 229 157 52 16 168 209 178 201 128 84 39 17 
111 267 255 169 96 78 39 9 43 230 279 221 125 86 33 7 378 262 139 95 75 39 22 14 
747 165 49 41 15 6 1 0 409 427 93 51 31 7 6 0 883 86 33 11 9 2 0 0 
460 167 77 113 203 4 0 0 268 251 119 85 108 186 7 0 826 176 21 1 0 0 0 0 
566 102 31 37 72 145 58 13 468 161 54 35 46 114 113 33 652 40 42 76 124 58 31 1 
729 208 38 20 24 5 0 0 554 231 172 19 23 17 8 0 930 47 26 21 0 0 0 0 
699 221 53 42 8 1 0 0 489 291 165 46 29 3 1 0 898 94 24 6 2 0 0 0 
417 202 133 125 70 46 16 15 205 314 157 119 108 64 34 23 655 167 72 42 44 27 15 2 
700 206 75 27 11 3 2 0 501 298 133 57 22 7 5 1 908 88 20 4 1 3 0 0 
726 189 43 32 15 11 2 6 449 419 74 32 26 15 2 7 848 89 26 35 15 4 4 3 
413 254 154 95 58 25 16 9 215 346 170 117 90 47 26 13 663 181 82 42 22 20 13 1 
521 249 101 61 33 26 18 15 235 408 167 87 52 28 21 26 717 124 72 39 28 18 19 7 
577 203 125 58 23 16 14 8 248 449 140 93 40 24 15 15 728 144 79 31 14 18 10 0 
422 295 131 87 57 25 7 0 172 384 210 106 77 53 19 3 687 162 100 47 21 6 1 0 
359 278 175 118 44 22 17 11 95 358 225 154 112 40 19 21 671 196 62 33 22 17 15 8 
189 344 172 143 103 36 23 14 25 294 265 162 134 88 37 19 625 201 86 43 36 23 6 4 
55 322 266 199 92 46 28 16 17 102 306 251 179 94 45 30 527 260 99 50 45 25 11 7 
60 247 207 159 179 90 49 33 3 104 263 168 175 162 95 54 483 245 118 58 46 42 30 2 
65 306 263 181 148 54 6 1 19 73 317 242 188 138 43 4 541 264 151 49 14 4 1 0 
76 223 252 228 156 50 29 10 3 125 214 240 230 136 47 29 457 287 144 63 27 32 14 0 
28 165 237 270 137 95 52 40 7 46 194 239 261 147 69 61 410 249 140 74 61 42 33 15 
17 89 153 259 246 145 68 47 6 44 124 193 262 222 107 66 234 224 210 152 97 67 27 13 
19 85 159 225 276 152 70 38 6 38 115 210 233 242 115 65 181 236 243 139 120 57 43 5 
206 235 180 132 131 106 23 11 78 265 187 151 123 143 55 22 455 217 187 94 40 21 6 4 
220 275 115 131 145 109 24 5 70 361 133 99 148 145 57 11 515 200 161 109 27 10 2 0 
38 107 113 210 285 197 56 18 18 86 98 143 261 268 117 33 267 217 270 166 66 31 7 0 
14 90 159 250 261 158 59 33 6 50 131 202 245 238 90 62 203 271 267 130 81 40 22 10 
32 96 110 123 237 239 137 50 21 99 84 94 195 272 188 71 162 167 184 193 177 101 37 3 
38 237 225 165 125 125 93 16 4 166 238 206 119 135 120 36 369 239 145 142 95 33 1 0 
73 349 272 133 70 54 53 20 19 257 339 172 89 59 56 33 403 295 135 70 56 44 21 0 
235 317 206 145 65 26 15 15 66 381 245 154 95 47 13 23 476 258 143 69 33 19 20 6 
33 126 303 279 135 80 34 34 18 104 302 307 155 80 37 21 222 227 197 173 100 48 26 31 
20 217 313 265 117 51 34 7 2 208 401 220 110 55 20 8 123 213 302 224 91 41 27 3 
98 412 254 136 81 25 8 10 24 418 289 139 93 43 8 10 309 394 195 75 28 9 4 10 
24 191 300 248 139 64 35 23 7 162 312 244 168 72 33 26 167 231 240 188 107 51 22 18 
10 279 412 175 79 35 26 8 8 251 366 231 90 42 24 12 181 385 262 99 51 22 18 6 
7 229 332 273 113 41 15 14 2 221 374 266 101 38 15 7 172 252 255 164 99 58 12 12 
0 22 174 260 286 166 79 37 1 38 175 254 339 157 42 18 26 200 252 171 146 126 60 43 
1 25 133 369 304 105 39 48 1 45 148 264 355 132 46 33 97 170 263 220 138 55 40 41 
14 66 181 304 225 118 72 44 15 75 208 305 222 129 49 21 89 173 218 202 132 105 59 46 
11 120 187 269 281 117 34 5 20 134 228 227 256 131 24 4 181 186 192 224 150 70 21 0 
421 157 129 119 75 54 30 39 430 182 110 125 87 43 29 18 487 181 104 70 63 47 32 40 
936 56 16 7 6 2 0 1 725 250 28 7 8 5 0 1 981 29 6 7 0 1 0 0 
896 58 33 13 18 6 0 0 631 306 37 21 16 10 3 0 933 39 23 15 11 3 0 0 
582 186 91 71 53 27 11 3 358 331 111 77 80 45 16 6 748 109 65 50 34 15 3 0 
926 83 8 4 3 0 0 0 696 301 17 6 4 0 0 0 982 31 7 4 0 0 0 0 
810 127 61 16 8 2 0 0 461 427 85 32 16 3 0 0 902 83 24 13 2 0 0 0 
702 150 79 56 25 9 3 0 529 248 111 61 45 22 5 3 823 102 61 27 8 3 0 0 
959 41 14 5 5 0 0 0 881 110 20 5 6 2 0 0 981 29 8 2 4 0 0 0 
891 64 31 16 9 6 4 3 819 111 44 20 13 7 6 4 929 48 26 7 7 4 3 0 
319 261 142 98 77 72 44 11 88 356 187 128 93 83 60 29 525 169 105 79 63 59 20 4 
695 149 81 44 18 17 11 9 451 294 124 69 37 20 16 13 805 103 50 25 14 17 9 1 
742 157 46 41 20 8 4 6 473 378 67 39 37 17 7 6 878 82 28 13 12 5 3 3 
501 226 102 91 61 30 11 2 291 303 167 93 80 54 27 9 702 148 93 45 20 13 2 1 
351 378 134 103 32 13 8 5 93 394 276 117 90 30 11 13 698 209 70 25 8 9 5 0 
342 359 134 79 68 30 7 5 77 383 277 111 76 66 26 8 715 159 91 22 14 12 7 4 
83 351 245 138 141 42 19 5 20 99 346 233 124 150 36 16 590 248 93 49 28 12 4 0 
188 262 156 135 188 67 21 7 38 281 187 139 140 176 48 15 534 248 109 61 44 18 10 0 
135 215 226 219 127 47 40 15 35 141 226 206 233 104 38 41 466 238 153 75 39 35 17 1 
11 268 226 231 209 63 10 6 1 73 270 191 234 204 40 11 570 282 102 35 19 8 4 4 
10 188 240 301 176 79 28 2 0 44 224 242 279 154 71 10 489 269 140 72 34 18 2 0 
9 127 250 224 189 108 67 50 1 43 195 246 222 165 77 75 265 240 193 112 81 62 36 35 
1 16 134 220 346 208 73 26 0 2 57 194 244 315 151 61 152 278 292 167 74 36 23 2 
9 32 134 280 283 182 57 47 6 23 38 222 287 272 113 63 196 273 298 109 61 29 43 15 
1 17 104 238 379 237 44 4 0 5 42 139 297 394 125 22 201 307 333 134 34 15 0 0 
0 73 234 271 220 187 35 4 0 6 128 268 257 249 105 11 367 276 221 113 32 12 3 0 
0 17 86 209 317 296 90 9 0 1 37 133 268 343 213 29 165 271 305 194 63 19 7 0 
0 13 48 159 302 367 101 34 0 5 28 110 226 384 213 58 81 175 290 296 130 25 24 3 
0 1 16 88 319 360 170 70 0 0 10 41 199 405 273 96 35 131 256 303 157 85 47 10 
26 113 124 145 222 248 116 30 9 62 124 146 176 289 163 55 204 185 270 191 98 54 21 1 
34 199 186 126 137 182 120 40 10 118 226 142 120 178 167 63 256 205 169 181 142 56 15 0 
72 390 298 141 89 28 3 3 21 225 422 192 121 31 9 3 486 288 127 73 37 9 1 3 
18 335 304 126 134 61 33 13 0 111 355 296 133 87 31 11 403 295 121 88 48 30 22 17 
291 407 198 90 25 8 2 3 68 443 283 147 59 14 7 3 587 269 101 42 20 4 1 0 
185 384 209 126 65 37 11 7 95 434 272 116 69 27 8 3 455 260 162 72 49 15 8 3 
55 387 324 150 63 21 12 12 31 331 387 135 91 25 12 12 347 323 164 106 40 20 12 12 
89 418 263 115 53 44 27 15 20 307 379 153 65 48 31 21 346 347 159 70 40 26 26 10 
15 177 352 204 138 64 36 38 7 128 371 230 150 78 30 30 262 291 191 109 75 38 28 30 
0 81 213 314 255 113 37 11 0 19 189 303 320 145 39 9 197 246 241 160 96 48 25 11 
11 124 217 224 265 122 37 24 2 45 272 265 274 113 35 18 166 215 173 180 150 80 39 21 
226 288 202 171 67 25 19 26 130 271 259 178 122 33 19 12 460 277 131 57 25 26 24 24 
391 292 132 120 42 19 12 16 266 366 132 111 95 32 16 6 631 225 76 27 23 15 10 17 
826 80 43 25 17 27 6 0 480 393 54 37 21 21 17 1 877 51 38 26 23 9 0 0 
748 119 58 35 26 31 7 0 542 273 90 41 30 21 23 4 845 62 52 30 19 16 0 0 
894 68 33 12 11 6 0 0 596 327 49 27 15 5 5 0 936 56 13 11 7 0 1 0 
967 43 10 4 0 0 0 0 903 98 17 6 0 0 0 0 997 23 4 0 0 0 0 0 
901 80 35 6 2 0 0 0 768 184 46 21 4 1 0 0 945 55 20 4 0 0 0 0 
547 207 144 78 22 18 8 0 419 228 135 131 75 20 15 1 825 99 42 23 19 14 2 0 
802 174 34 11 3 0 0 0 701 155 134 23 10 1 0 0 965 42 15 2 0 0 0 0 
842 82 38 20 19 8 9 6 732 173 49 20 21 12 9 8 884 65 23 24 10 9 6 3 
271 184 137 143 131 115 34 9 128 252 138 131 145 130 75 25 469 187 140 100 77 36 14 1 
294 250 91 63 57 100 137 32 106 288 198 72 51 87 154 68 530 112 55 39 93 126 60 9 
321 141 108 149 152 111 26 16 179 224 101 129 137 165 64 25 508 211 151 68 47 23 13 3 
522 294 95 49 35 21 8 0 187 460 203 79 44 27 19 5 783 126 63 33 15 3 1 0 
499 376 77 33 16 13 8 2 178 545 183 60 27 13 12 6 787 139 46 26 8 11 5 2 
441 289 125 78 45 23 18 5 114 482 189 100 65 37 20 17 721 149 73 33 25 20 3 0 
205 289 206 119 88 73 32 12 67 253 248 183 105 91 47 30 498 210 117 72 69 39 17 2 
91 225 172 181 119 94 97 45 30 155 197 161 167 120 113 81 389 199 122 86 69 74 77 8 
38 130 187 189 174 203 56 47 10 71 157 188 171 200 156 71 340 284 163 81 64 35 43 14 
58 247 290 241 147 32 8 1 8 94 257 280 212 145 23 5 586 269 95 53 14 6 1 0 
1 10 39 170 373 221 116 94 0 4 18 60 265 372 172 133 121 244 229 149 87 81 81 32 
17 75 189 207 307 130 41 58 9 30 127 200 199 292 101 66 336 280 177 110 37 23 25 36 
26 270 274 174 125 122 26 7 0 100 297 242 153 143 76 13 553 210 144 87 22 7 1 0 
18 228 252 185 163 104 54 20 0 78 276 242 149 156 78 45 455 205 151 112 46 30 15 10 
7 155 221 221 241 131 41 7 1 58 180 222 232 211 94 26 427 268 191 79 35 21 3 0 
123 477 209 124 52 22 14 3 32 298 394 148 86 38 19 9 740 154 75 26 15 11 3 0 
19 106 169 260 247 162 52 9 1 49 136 224 242 217 128 27 364 294 215 82 43 20 6 0 
0 23 112 205 315 275 80 14 0 8 71 156 257 335 164 33 154 241 335 209 59 17 9 0 
0 11 68 193 349 284 102 17 0 2 22 119 252 368 217 44 137 232 322 219 67 33 14 0 
0 6 89 163 317 311 101 37 0 2 28 133 230 381 190 60 110 219 350 189 86 46 21 3 
2 37 107 154 277 263 134 50 0 14 73 120 226 309 194 88 150 146 274 231 120 61 35 7 
30 372 161 152 137 118 36 18 3 187 320 143 157 127 62 25 420 232 166 100 69 22 15 0 
188 534 178 78 28 17 1 0 41 530 301 104 33 12 3 0 518 336 104 41 19 6 0 0 
369 491 71 33 22 24 12 2 135 523 266 30 22 26 17 5 788 119 47 18 29 16 5 2 
144 578 182 65 25 13 12 5 53 482 297 111 38 23 12 8 666 227 69 28 13 12 6 3 
218 565 137 47 25 20 6 6 94 663 162 50 26 15 9 5 581 264 105 40 19 7 6 2 
102 414 258 121 49 32 22 26 28 407 313 134 53 26 29 34 429 230 188 80 38 20 15 24 
9 197 261 281 158 75 26 17 3 99 282 238 228 109 38 27 234 308 207 128 84 36 17 10 
12 158 310 241 145 77 35 46 4 101 338 261 181 71 31 37 185 257 207 156 95 48 38 38 
11 68 167 295 192 112 88 91 5 57 149 243 279 132 77 82 180 208 162 140 100 91 75 68 
226 188 172 230 105 57 23 23 181 196 151 203 182 61 32 18 398 247 161 87 56 39 23 13 
826 150 36 6 2 2 2 0 745 216 45 11 3 2 1 1 913 80 23 3 3 0 2 0 
958 52 8 5 0 1 0 0 757 237 19 10 0 1 0 0 986 24 9 4 0 1 0 0 
991 18 6 4 4 1 0 0 961 39 12 4 6 1 1 0 998 15 3 7 1 0 0 0 
1024 0 0 0 0 0 0 0 1014 10 0 0 0 0 0 0 1024 0 0 0 0 0 0 0 
949 54 10 7 4 0 0 0 871 116 19 8 7 3 0 0 979 32 9 4 0 0 0 0 
790 126 36 26 16 22 6 2 566 283 87 27 23 17 16 5 845 87 34 18 21 14 5 0 
237 219 175 127 243 21 2 0 98 185 216 149 115 235 24 2 808 175 31 8 2 0 0 0 
704 128 70 82 32 6 0 2 619 151 86 52 83 30 1 2 863 117 24 5 10 3 0 2 
875 69 25 21 13 15 3 3 762 157 41 23 17 17 3 4 905 56 19 20 12 8 2 2 
533 138 81 56 72 105 34 5 356 274 82 67 60 102 62 21 650 106 63 56 101 39 9 0 
481 155 104 77 91 72 33 11 283 277 108 92 73 103 67 21 652 100 68 83 64 41 12 4 
283 181 91 104 120 89 92 64 122 233 152 80 122 115 103 97 467 128 128 85 56 66 52 42 
692 211 35 16 22 30 16 2 287 534 100 21 22 19 32 9 853 82 26 32 18 9 4 0 
596 250 64 35 29 19 17 14 349 426 120 35 34 20 22 18 736 151 40 40 17 20 13 7 
430 381 136 45 22 5 5 0 114 477 275 96 39 15 7 1 833 110 51 18 9 3 0 0 
113 293 200 173 144 52 32 17 28 215 235 175 173 114 48 36 571 204 120 61 28 21 16 3 
163 349 242 156 81 18 13 2 29 283 296 207 126 58 18 7 587 262 110 34 13 12 5 1 
53 255 214 146 159 74 58 65 6 159 238 185 137 146 64 89 381 241 125 96 57 41 54 29 
10 156 207 214 223 121 74 19 1 36 205 196 221 205 122 38 388 231 134 124 70 42 31 4 
3 33 175 229 359 186 30 9 0 7 66 198 227 371 135 20 430 315 166 62 32 14 5 0 
65 214 217 222 149 86 50 21 6 135 204 224 181 152 77 45 517 221 128 76 33 29 14 6 
61 164 148 156 221 196 61 17 23 138 132 140 184 231 140 36 416 211 202 126 39 14 12 4 
35 164 163 182 232 143 61 44 7 105 169 138 194 237 102 72 420 218 142 107 65 28 30 14 
2 128 220 158 146 193 98 79 1 47 195 199 147 169 158 108 308 174 174 164 91 46 53 14 
385 257 95 68 85 112 22 0 142 447 115 59 82 90 79 10 704 111 104 75 30 0 0 0 
126 142 69 96 183 288 94 26 26 178 98 85 112 262 214 49 330 146 250 177 79 25 13 4 
5 53 164 190 255 268 76 13 2 22 93 194 203 314 163 33 248 233 259 195 68 16 5 0 
0 20 259 446 110 126 56 7 0 15 203 483 94 126 88 15 47 147 535 201 63 28 3 0 
0 2 151 239 195 288 115 34 0 0 117 245 130 270 205 57 35 167 331 329 100 28 28 6 
0 30 256 268 197 192 72 9 0 8 228 242 160 210 145 31 130 196 333 231 88 39 7 0 
97 451 249 124 63 21 17 2 25 461 274 128 86 26 22 2 379 362 177 69 25 10 2 0 
338 482 98 58 32 14 2 0 170 613 119 68 36 13 5 0 503 346 80 55 26 14 0 0 
488 387 77 47 20 4 1 0 276 581 87 50 21 8 1 0 590 328 43 47 13 3 0 0 
488 380 60 43 36 16 1 0 151 654 115 41 39 23 1 0 661 225 48 45 30 15 0 0 
303 262 333 56 50 20 0 0 18 502 241 190 44 27 2 0 456 144 271 88 40 25 0 0 
20 275 439 147 105 22 8 8 10 204 445 196 105 48 6 10 287 212 296 126 55 35 5 8 
40 337 412 162 41 23 8 1 13 278 442 163 80 30 16 2 251 298 319 118 31 6 1 0 
19 263 456 180 75 23 6 2 9 249 479 200 64 17 5 1 184 224 363 158 66 20 8 1 
18 154 428 176 112 65 40 31 16 135 423 199 102 88 34 27 145 189 324 170 87 42 37 30 
226 220 362 137 50 22 7 0 150 219 361 171 79 27 13 4 374 164 262 146 58 19 1 0 
352 326 269 45 25 6 1 0 224 380 325 56 30 9 0 0 471 237 240 38 30 8 0 0 
962 35 11 5 3 4 4 0 836 160 12 4 2 5 5 0 983 17 11 3 5 5 0 0 
1022 2 0 0 0 0 0 0 1019 5 0 0 0 0 0 0 1022 2 0 0 0 0 0 0 
1011 9 4 0 0 0 0 0 1000 20 4 0 0 0 0 0 1014 6 4 0 0 0 0 0 
997 18 5 3 1 0 0 0 986 26 6 3 2 1 0 0 998 18 4 3 1 0 0 0 
627 228 85 38 22 7 16 1 411 323 168 65 22 15 16 4 785 128 55 24 11 17 4 0 
537 264 85 48 42 32 14 2 359 262 205 77 41 39 30 11 719 152 44 40 44 19 6 0 
580 230 97 54 16 28 18 1 487 189 171 79 40 18 27 13 815 98 43 19 27 19 3 0 
737 183 62 21 12 7 2 0 546 261 142 43 17 12 2 1 863 93 43 14 9 2 0 0 
619 181 59 51 87 23 4 0 399 296 121 54 56 76 21 1 800 69 77 60 16 2 0 0 
592 185 77 39 37 35 44 15 294 410 102 62 34 44 41 37 730 99 50 47 31 34 26 7 
535 223 87 59 47 48 22 3 305 344 135 75 60 52 39 14 734 120 44 43 50 22 11 0 
682 176 70 45 26 13 11 1 455 345 93 56 45 15 12 3 800 101 56 34 18 11 4 0 
515 200 104 88 44 37 21 15 339 319 116 99 59 52 19 21 683 115 85 50 45 26 12 8 
432 306 124 74 59 19 5 5 121 499 181 97 72 32 15 7 700 165 85 41 20 7 6 0 
183 210 174 170 113 99 53 22 102 245 216 130 132 88 66 45 500 190 103 78 68 55 21 9 
50 164 129 175 256 115 79 56 22 134 164 188 285 125 68 38 323 179 229 124 71 61 29 8 
109 304 183 128 129 80 39 52 22 243 266 198 109 83 64 39 468 212 138 79 50 36 25 16 
40 243 246 205 140 82 37 31 0 109 263 223 183 124 72 50 435 246 154 83 38 31 20 17 
234 330 193 137 88 32 9 1 107 305 247 163 119 58 19 6 632 181 120 60 20 10 1 0 
335 290 150 69 54 61 35 30 159 307 242 96 61 60 51 48 667 128 61 60 41 33 25 9 
44 99 165 269 226 137 60 24 18 69 109 182 295 189 116 46 326 284 172 129 60 37 13 3 
84 188 171 190 203 91 67 30 22 156 176 158 193 173 99 47 398 234 154 106 76 32 20 4 
45 155 142 155 168 228 103 28 23 124 130 157 139 217 172 62 316 170 198 174 94 56 14 2 
16 41 112 250 277 249 63 16 4 36 56 179 246 304 164 35 242 225 307 179 49 19 3 0 
15 78 165 190 240 237 81 18 3 41 113 176 222 260 178 31 287 227 251 168 58 18 10 5 
170 205 214 185 132 74 35 9 143 176 173 212 147 102 48 23 546 231 129 76 33 7 2 0 
21 94 252 468 70 69 43 7 8 60 198 540 79 79 53 7 150 138 498 128 44 50 16 0 
21 151 244 180 155 193 59 21 3 78 179 240 137 207 133 47 464 179 188 134 30 15 14 0 
0 6 55 151 272 323 169 48 0 0 22 97 194 337 274 100 89 147 297 275 139 58 19 0 
83 71 39 97 236 316 141 41 43 101 33 56 167 297 254 73 179 138 295 253 93 48 18 0 
375 185 258 102 61 34 7 2 250 253 255 137 73 40 13 3 533 207 165 72 33 10 3 1 
326 421 114 60 38 35 17 13 166 394 272 92 43 27 22 8 716 158 61 45 24 14 6 0 
582 286 86 46 14 5 3 2 268 450 199 62 37 4 4 0 791 160 34 24 6 5 3 1 
219 573 150 54 13 10 5 0 26 581 274 95 28 13 7 0 722 213 60 12 8 8 1 0 
178 438 195 104 63 28 11 7 49 461 263 127 64 41 8 11 524 267 125 52 36 11 7 2 
34 407 286 166 43 48 27 13 11 316 337 206 58 45 39 12 455 232 189 59 50 28 11 0 
87 230 279 202 96 67 37 26 7 188 349 222 118 65 45 30 345 263 193 89 62 32 24 16 
175 362 152 127 85 63 39 21 91 408 189 114 90 84 39 9 522 201 106 61 48 41 28 17 
602 256 92 39 29 2 3 1 337 515 92 48 17 11 1 3 731 165 79 29 16 2 2 0 
297 133 203 142 129 69 29 22 221 167 214 125 143 84 41 29 380 225 197 110 58 28 22 4 
998 13 8 2 3 0 0 0 992 17 8 3 4 0 0 0 1006 9 5 4 0 0 0 0 
753 80 42 51 62 28 8 0 702 111 47 39 52 58 12 3 807 56 76 51 26 7 1 0 
836 77 46 29 23 11 2 0 792 92 54 37 26 16 6 1 887 60 39 15 16 6 1 0 
486 228 92 57 55 67 35 4 351 239 165 70 59 73 61 6 673 111 63 56 58 47 15 1 
586 235 69 66 37 21 9 1 274 379 182 61 64 36 20 8 794 90 68 36 25 9 2 0 
182 304 333 79 45 38 24 19 59 210 316 256 72 40 44 27 701 158 58 28 29 30 20 0 
513 262 79 84 63 23 0 0 394 227 180 67 78 61 17 0 823 137 54 8 2 0 0 0 
545 162 76 74 88 53 21 5 332 307 111 70 99 56 35 14 668 90 74 77 67 38 7 3 
700 75 37 47 34 57 58 16 529 218 46 39 42 47 63 40 748 49 44 39 40 66 31 7 
470 351 65 37 29 28 27 17 238 441 170 54 33 32 24 32 750 112 45 36 29 24 22 6 
535 163 53 40 71 69 61 32 412 193 113 47 44 87 73 55 711 104 45 36 28 33 45 22 
460 117 70 83 139 93 55 7 308 233 65 77 73 157 88 23 673 118 60 53 61 48 9 2 
510 220 71 52 60 68 33 10 276 385 109 63 47 62 61 21 690 127 88 38 37 32 9 3 
398 260 146 105 50 34 22 9 171 353 195 135 85 41 30 14 606 169 106 65 33 30 12 3 
255 345 105 54 37 30 33 165 143 455 96 58 44 39 37 152 625 92 48 21 33 28 46 131 
73 246 98 51 59 80 160 257 21 186 201 66 63 104 159 224 396 63 47 37 59 118 116 188 
46 89 201 162 112 110 123 181 17 66 143 238 125 139 121 175 350 136 99 86 60 98 70 125 
57 281 274 196 123 57 19 17 8 142 285 246 166 102 47 28 541 253 116 52 30 19 13 0 
73 219 247 188 122 84 53 38 21 135 219 232 170 115 77 55 470 216 128 61 55 43 34 17 
44 157 290 210 184 64 47 28 10 84 201 262 221 146 54 46 416 279 160 69 28 42 25 5 
95 158 208 215 178 98 56 16 50 104 195 194 210 152 82 37 432 216 147 101 76 41 11 0 
65 206 222 157 148 133 62 31 19 143 215 203 137 152 103 52 455 175 153 122 68 26 20 5 
58 231 275 164 133 78 62 23 23 119 303 183 157 114 67 58 498 220 129 85 60 17 14 1 
45 181 238 200 161 130 51 18 13 100 223 210 178 166 97 37 468 215 158 117 38 16 11 1 
23 125 167 165 219 196 101 28 7 78 167 162 179 236 146 49 324 199 208 173 70 34 14 2 
161 268 158 101 152 132 39 13 140 241 127 120 113 155 97 31 495 211 154 105 44 6 9 0 
21 125 426 177 66 129 76 4 7 72 416 219 70 159 74 7 174 164 426 93 58 86 23 0 
107 286 220 147 117 87 45 15 13 240 246 186 131 105 69 34 544 192 140 83 41 15 9 0 
18 152 191 171 191 165 96 40 0 84 176 180 187 203 118 76 318 176 182 148 114 67 14 5 
1 22 65 191 277 237 165 66 0 5 32 131 258 281 203 114 123 170 254 217 151 70 35 4 
14 72 166 164 251 235 101 21 9 47 141 177 202 263 144 41 152 212 249 191 148 60 12 0 
13 125 187 259 222 146 58 14 2 72 174 232 236 189 91 28 283 236 275 116 76 28 10 0 
118 288 271 170 98 68 7 4 9 204 317 212 149 84 42 7 521 248 133 83 32 6 1 0 
246 422 174 78 52 24 19 9 148 401 238 108 61 31 24 13 565 248 117 39 25 21 9 0 
197 539 204 45 22 11 5 1 34 333 445 153 31 15 9 4 410 357 193 41 15 6 2 0 
26 296 453 119 43 43 38 6 19 188 433 233 61 45 38 7 336 422 121 41 39 56 8 1 
55 246 324 198 110 52 25 14 16 177 288 276 138 73 39 17 455 258 135 87 48 28 10 3 
7 77 192 279 281 114 52 22 12 74 115 195 296 208 86 38 183 235 266 173 101 39 24 3 
67 134 220 257 190 125 29 2 124 191 154 137 151 162 97 8 133 234 309 254 60 23 11 0 
40 210 260 191 138 103 51 31 24 123 291 215 145 118 69 39 405 176 164 107 78 50 35 9 
917 28 18 26 26 9 0 0 705 234 13 21 33 16 2 0 944 25 34 13 8 0 0 0 
822 79 56 32 27 8 0 0 715 164 53 39 31 18 4 0 863 71 45 29 13 3 0 0 
848 98 37 31 9 1 0 0 768 157 51 26 17 5 0 0 920 60 29 12 3 0 0 0 
893 106 12 7 2 3 1 0 537 443 29 7 4 2 2 0 980 28 8 4 2 2 0 0 
732 215 44 19 7 5 1 1 354 459 151 35 13 8 2 2 894 91 22 8 5 3 1 0 
575 167 68 54 84 55 15 6 387 288 93 62 62 84 35 13 699 113 88 63 34 16 9 2 
582 88 56 61 72 102 55 8 461 185 52 42 58 106 96 24 665 77 51 80 75 63 12 1 
857 39 25 26 33 34 8 2 752 132 23 23 40 35 16 3 884 30 33 29 32 13 2 1 
680 134 64 42 53 27 17 7 343 393 94 61 52 48 18 15 801 74 49 41 29 18 12 0 
576 211 72 54 46 33 23 9 297 355 168 63 49 42 26 24 717 114 61 48 40 24 17 3 
269 221 135 122 107 81 62 27 145 193 195 147 98 114 91 41 574 129 85 65 67 73 30 1 
394 166 86 68 65 54 82 109 271 211 131 64 78 49 73 147 557 98 72 59 47 60 103 28 
413 242 117 57 67 69 47 12 159 391 155 95 54 65 64 41 586 160 103 55 55 45 17 3 
506 186 126 88 53 38 20 7 303 303 158 103 66 54 22 15 640 162 79 58 47 26 10 2 
304 279 169 112 63 42 31 24 118 342 199 144 97 46 40 38 580 169 98 70 41 33 21 12 
132 342 217 136 102 48 29 18 50 241 290 167 127 83 35 31 539 206 125 58 43 26 23 4 
435 281 154 72 38 25 11 8 186 445 163 114 53 39 16 8 697 176 68 41 23 12 6 1 
109 227 237 178 124 72 50 27 26 203 214 203 172 106 56 44 505 200 129 83 50 26 27 4 
34 134 264 264 182 90 31 25 7 102 232 281 196 116 58 32 402 279 178 79 49 23 9 5 
14 111 198 227 229 119 67 59 5 42 155 196 230 213 97 86 328 247 160 113 70 45 30 31 
24 127 178 173 184 170 92 76 3 65 183 149 170 199 141 114 360 163 156 148 86 46 52 13 
58 204 227 175 154 128 51 27 8 117 223 228 153 141 112 42 440 228 144 132 46 23 9 2 
259 367 186 97 53 32 20 10 32 363 291 158 80 48 30 22 781 118 69 32 21 3 0 0 
609 240 77 34 40 18 3 3 295 483 113 53 34 30 12 4 849 86 31 40 12 4 2 0 
250 273 198 120 109 58 14 2 101 264 259 150 118 87 36 9 635 185 120 65 14 4 1 0 
161 211 205 124 99 117 74 33 104 204 180 139 129 102 109 57 470 183 143 98 68 29 24 9 
124 150 440 103 54 102 49 2 71 154 423 147 64 124 34 7 269 83 453 48 48 97 26 0 
226 238 162 115 105 89 56 33 98 275 179 129 118 91 76 58 548 136 124 108 46 28 32 2 
187 324 180 116 97 79 30 11 60 278 269 140 111 84 55 27 593 149 129 83 49 15 6 0 
69 276 194 163 146 92 62 22 11 182 225 201 172 112 75 46 450 170 158 101 76 45 23 1 
49 124 214 169 220 135 88 25 28 103 199 179 227 131 110 47 265 222 177 171 153 25 9 2 
238 316 233 111 78 38 7 3 124 272 299 159 89 59 16 6 624 200 120 55 20 3 2 0 
123 335 195 111 112 88 48 12 31 247 266 161 111 113 62 33 550 175 125 93 45 27 7 2 
120 335 216 119 106 82 35 11 64 329 218 141 105 93 56 18 508 217 117 91 57 29 5 0 
174 272 185 148 98 57 40 50 62 343 207 144 100 72 38 58 419 167 144 125 76 34 28 31 
7 93 218 262 192 138 79 35 4 59 171 193 258 195 91 53 253 266 180 123 97 64 15 26 
10 90 177 327 265 115 29 11 1 23 128 229 308 236 74 25 196 289 265 164 65 34 11 0 
83 162 192 233 204 100 40 10 13 126 158 216 233 174 76 28 301 235 244 141 66 23 12 2 
21 182 252 189 209 120 39 12 0 51 242 227 203 193 84 24 307 223 201 153 72 45 18 5 
110 331 196 150 140 65 20 12 9 252 247 178 161 116 42 19 482 185 164 123 41 17 12 0 
894 115 4 4 3 2 2 0 750 160 101 4 3 3 3 0 994 16 4 4 3 3 0 0 
982 28 13 0 1 0 0 0 958 43 18 4 1 0 0 0 997 18 8 1 0 0 0 0 
996 15 5 7 1 0 0 0 949 61 5 7 2 0 0 0 1001 12 8 3 0 0 0 0 
949 66 9 0 0 0 0 0 738 250 30 6 0 0 0 0 995 25 4 0 0 0 0 0 
881 71 32 20 7 11 2 0 643 285 38 32 13 11 2 0 912 53 32 16 10 1 0 0 
856 53 33 32 24 17 7 2 710 186 39 26 31 19 10 3 891 48 25 35 16 7 2 0 
940 56 16 6 5 1 0 0 841 142 23 10 7 1 0 0 974 28 13 5 4 0 0 0 
965 48 5 3 1 1 1 0 747 239 32 3 1 1 1 0 1003 14 4 1 0 2 0 0 
749 128 44 24 30 13 30 6 653 175 79 26 31 20 21 19 800 95 34 26 26 21 21 1 
384 240 98 89 76 73 42 22 212 304 154 90 99 72 59 34 607 122 75 66 61 47 29 17 
421 194 112 88 68 75 63 3 284 282 128 86 76 70 75 23 604 133 74 67 67 64 15 0 
335 270 89 89 97 59 60 25 182 300 160 96 74 105 69 38 613 152 69 56 39 55 37 3 
492 175 119 102 65 44 24 3 348 233 140 106 96 53 36 12 657 152 90 39 52 26 8 0 
506 250 121 58 40 22 17 10 316 353 174 71 48 26 20 16 642 188 79 50 28 19 15 3 
193 377 189 119 72 34 25 15 81 313 273 153 99 48 31 26 463 244 130 90 41 32 19 5 
68 213 232 174 124 73 56 84 19 119 244 215 175 97 66 89 331 170 167 111 80 63 53 49 
131 297 228 152 121 55 28 12 39 244 257 181 148 88 45 22 503 228 130 80 48 23 12 0 
55 234 236 238 132 78 33 18 6 170 216 280 161 101 64 26 510 231 126 84 39 24 10 0 
70 166 144 160 204 166 89 25 47 132 183 257 257 103 29 16 326 245 155 157 91 39 11 0 
159 179 174 167 139 123 60 23 63 200 165 152 167 131 103 43 466 203 153 105 59 29 7 2 
81 313 215 122 101 88 77 27 18 186 297 162 121 86 94 60 532 158 98 100 76 41 19 0 
179 248 139 121 111 112 77 37 86 258 154 124 126 110 96 70 512 150 128 106 72 37 18 1 
632 209 37 44 44 46 7 5 309 479 75 42 39 53 18 9 843 70 55 31 15 8 2 0 
534 328 80 35 27 13 6 1 220 538 144 61 29 17 11 4 844 97 38 23 13 8 1 0 
690 220 49 23 15 10 8 9 406 409 116 42 16 14 10 11 885 71 23 15 17 5 8 0 
253 272 179 101 72 70 47 30 153 227 245 130 84 75 59 51 560 199 105 65 44 36 13 2 
13 59 248 289 112 164 108 31 17 53 250 273 106 173 103 49 110 103 441 117 100 124 25 4 
7 34 92 134 219 325 171 42 1 22 63 117 174 309 259 79 161 156 247 228 147 68 17 0 
35 139 146 123 191 187 144 59 10 93 144 134 164 206 177 96 293 166 157 180 121 62 43 2 
1 58 202 264 200 183 88 28 21 148 175 177 158 189 114 42 226 281 202 182 92 32 9 0 
44 31 105 150 243 253 137 61 63 138 96 104 158 219 162 84 116 166 210 201 174 85 56 16 
432 204 69 73 68 81 52 45 352 272 73 64 68 76 66 53 642 93 75 78 71 40 18 7 
98 153 193 189 155 131 78 27 40 158 173 194 165 141 108 45 374 202 158 148 99 31 9 3 
143 375 196 135 77 60 29 9 94 414 192 131 71 76 34 12 584 176 129 70 33 23 6 3 
15 171 272 222 135 117 62 30 10 165 278 191 141 122 84 33 352 256 180 128 59 22 22 5 
1 84 120 193 272 205 81 68 41 60 81 166 247 245 103 81 124 184 232 208 146 67 41 22 
49 154 171 192 206 130 55 67 32 113 194 171 222 143 94 55 233 247 213 156 56 51 49 19 
20 212 216 253 166 94 39 24 7 132 235 229 213 120 59 29 264 265 220 137 80 26 25 7 
95 273 252 186 145 65 8 0 14 246 233 207 176 112 31 5 478 226 185 91 36 5 3 0 
15 198 176 151 251 195 29 9 3 102 218 134 184 241 125 17 355 214 261 115 48 24 7 0 
1018 6 0 0 0 0 0 0 663 361 0 0 0 0 0 0 1024 0 0 0 0 0 0 0 
1012 10 2 0 0 0 0 0 1007 15 2 0 0 0 0 0 1013 9 2 0 0 0 0 0 
1010 14 0 0 0 0 0 0 997 25 2 0 0 0 0 0 1013 11 0 0 0 0 0 0 
972 17 14 10 11 0 0 0 918 63 15 13 13 2 0 0 975 18 12 16 3 0 0 0 
930 43 23 10 7 8 3 0 871 90 26 18 7 10 2 0 957 34 14 9 9 1 0 0 
808 69 33 50 28 28 8 0 777 90 44 35 35 28 15 0 841 60 42 40 31 10 0 0 
971 25 10 9 4 5 0 0 925 69 10 7 6 6 1 0 983 17 8 8 4 4 0 0 
870 74 44 24 6 5 1 0 737 173 57 31 18 5 3 0 905 56 35 16 7 5 0 0 
799 87 35 25 27 33 16 2 379 483 49 23 27 32 27 4 866 39 29 29 30 24 7 0 
495 205 84 68 60 53 42 17 248 379 111 73 68 65 39 41 608 153 83 56 57 36 30 1 
601 174 77 56 52 23 28 13 187 511 110 51 65 50 21 29 779 85 56 43 20 17 22 2 
357 215 145 106 86 58 49 8 118 347 154 131 102 76 72 24 613 134 100 73 43 40 18 3 
507 175 108 116 93 20 4 1 361 260 110 106 106 64 14 3 713 182 71 36 16 5 1 0 
470 367 59 49 24 32 14 9 170 506 194 50 34 32 25 13 785 103 38 37 31 19 5 6 
392 346 121 69 41 15 14 26 165 451 184 102 52 27 15 28 681 150 76 44 31 11 14 17 
36 117 231 262 197 106 44 31 8 77 169 281 218 170 58 43 223 204 235 178 101 50 26 7 
68 180 192 209 188 126 38 23 18 136 177 218 203 173 63 36 323 222 185 117 105 54 18 0 
27 132 184 178 131 117 98 157 31 163 163 188 162 120 97 100 298 184 141 114 90 82 56 59 
13 47 74 151 248 284 131 76 16 66 135 217 337 161 64 28 111 140 228 206 207 84 40 8 
211 314 173 124 98 63 31 10 113 316 178 172 111 72 39 23 620 168 102 72 37 20 5 0 
164 209 143 147 116 133 76 36 92 191 173 148 119 119 117 65 464 155 120 134 77 47 26 1 
185 213 133 119 127 119 79 49 101 226 151 120 117 123 111 75 457 150 135 125 73 52 29 3 
232 274 208 111 100 64 26 9 109 285 222 147 112 75 50 24 620 165 106 61 49 17 6 0 
324 197 134 114 117 95 35 8 177 259 152 123 120 116 60 17 581 146 128 115 36 14 4 0 
277 240 125 105 107 111 37 22 151 236 194 100 106 131 71 35 591 127 127 90 46 27 16 0 
387 249 159 95 67 50 16 1 327 235 174 105 82 62 37 2 641 188 83 57 41 14 0 0 
95 142 452 205 65 35 18 12 63 158 486 194 67 27 19 10 276 254 376 59 32 15 9 3 
45 141 175 181 182 155 86 59 22 134 181 162 189 175 103 58 329 202 139 130 111 63 35 15 
77 219 221 140 120 107 76 64 36 203 208 179 117 115 86 80 402 203 135 105 58 54 29 38 
20 232 309 180 130 85 49 19 8 141 296 225 146 102 72 34 386 297 160 103 51 20 5 2 
15 195 295 238 188 74 16 3 27 195 270 225 175 98 28 6 401 304 186 91 28 10 4 0 
44 151 248 213 161 119 66 22 57 229 261 156 111 108 77 25 317 274 182 120 72 44 13 2 
40 183 160 210 146 111 93 81 60 361 143 111 86 98 88 77 287 180 178 85 81 95 55 63 
31 340 203 88 95 91 81 95 37 311 239 85 91 100 68 93 372 197 99 72 68 73 65 78 
60 412 300 147 60 20 15 10 52 462 277 136 51 21 15 10 535 233 123 71 30 9 14 9 
52 284 222 168 156 86 42 14 43 229 237 147 168 128 51 21 437 254 161 76 46 21 23 6 
16 174 245 215 175 111 61 27 9 107 244 230 200 127 72 35 303 222 205 139 85 40 23 7 
66 340 198 142 106 79 58 35 16 231 270 171 123 86 74 53 397 250 135 93 61 51 30 7 
317 430 123 78 51 20 5 0 45 552 220 100 57 35 12 3 747 123 93 38 17 6 0 0 
370 436 65 53 59 34 7 0 118 497 218 59 42 57 27 6 843 90 63 28 0 0 0 0 
1024 0 0 0 0 0 0 0 872 152 0 0 0 0 0 0 1024 0 0 0 0 0 0 0 
1006 18 0 0 0 0 0 0 872 148 4 0 0 0 0 0 1022 2 0 0 0 0 0 0 
1022 2 0 0 0 0 0 0 898 126 0 0 0 0 0 0 1024 0 0 0 0 0 0 0 
873 70 43 19 6 7 5 1 793 119 59 24 14 4 9 2 892 62 41 13 5 9 2 0 
962 58 4 0 0 0 0 0 834 170 20 0 0 0 0 0 1012 10 2 0 0 0 0 0 
897 72 32 12 11 0 0 0 635 325 38 13 11 2 0 0 948 44 18 13 1 0 0 0 
775 116 26 21 25 48 10 3 580 219 105 20 22 25 48 5 893 23 28 25 41 10 4 0 
943 41 21 12 3 0 4 0 881 95 21 15 8 0 4 0 954 35 20 9 2 1 3 0 
741 76 41 39 21 69 36 1 599 197 51 31 28 43 72 3 785 59 33 32 31 74 10 0 
635 155 98 48 50 25 10 3 447 274 118 64 55 36 24 6 740 128 61 45 32 12 6 0 
228 170 131 121 121 114 82 57 142 147 173 126 132 115 106 83 414 119 125 114 106 84 55 7 
232 208 148 97 155 115 65 4 101 230 182 115 136 134 106 20 414 150 112 127 109 94 17 1 
259 348 149 116 63 41 31 17 105 268 296 126 106 50 44 29 567 184 108 68 34 40 18 5 
604 212 73 58 26 23 15 13 233 528 104 64 41 17 21 16 767 103 64 32 19 23 12 4 
297 302 152 77 69 107 14 6 65 393 213 110 65 83 83 12 656 200 81 37 29 14 5 2 
111 184 212 214 171 76 34 22 43 160 184 218 219 107 63 30 344 238 214 122 47 28 24 7 
290 363 158 96 41 33 22 21 103 436 221 110 59 45 26 24 650 190 67 36 30 22 16 13 
70 260 199 134 87 72 58 144 19 173 259 162 114 91 70 136 451 158 116 74 58 37 42 88 
365 271 129 70 35 49 45 60 219 327 184 80 46 55 58 55 647 131 61 33 57 43 44 8 
376 271 108 87 65 68 30 19 219 317 170 104 61 69 50 34 674 122 70 74 46 24 13 1 
471 203 123 68 55 54 30 20 305 286 157 80 69 48 47 32 714 98 80 64 36 15 16 1 
178 265 150 115 110 134 46 26 81 235 208 127 104 120 101 48 533 140 133 111 68 28 11 0 
240 225 167 112 106 72 72 30 151 222 180 130 114 86 73 68 588 125 113 84 55 38 20 1 
345 242 174 103 77 43 32 8 218 271 177 149 90 58 38 23 676 151 82 62 33 15 5 0 
290 267 144 96 103 75 36 13 148 286 197 124 100 84 60 25 633 158 100 75 37 19 2 0 
298 421 164 62 29 23 17 10 195 406 225 97 41 24 22 14 675 222 55 27 24 14 4 3 
194 255 472 62 26 12 2 1 116 286 485 81 37 13 5 1 414 497 78 20 10 4 1 0 
275 305 160 118 69 64 22 11 111 344 224 133 92 69 37 14 618 185 106 54 43 11 7 0 
637 239 70 46 20 8 3 1 456 348 111 53 32 16 6 2 879 70 50 16 7 2 0 0 
188 422 159 125 82 30 15 3 117 348 267 132 84 54 15 7 636 163 108 76 29 10 2 0 
66 276 235 196 112 60 43 36 105 354 208 165 84 53 37 18 439 219 149 95 51 35 27 9 
13 69 233 231 211 153 80 34 21 147 213 199 197 133 82 32 281 227 176 169 114 40 17 0 
27 35 84 118 225 299 174 62 52 68 104 113 251 266 132 38 75 67 108 156 280 205 107 26 
1 7 74 241 289 233 96 83 2 22 98 287 304 170 78 63 8 66 211 276 223 130 67 43 
52 129 199 165 226 158 63 32 67 153 206 203 216 105 47 27 155 206 142 209 177 71 39 25 
69 268 234 198 145 66 22 22 58 252 225 187 161 91 32 18 445 238 171 91 41 22 8 8 
105 255 243 167 104 61 44 45 61 282 216 173 123 67 56 46 506 201 135 67 35 32 29 19 
380 513 66 24 20 11 7 3 57 620 257 39 20 18 9 4 849 108 32 9 14 8 3 1 
639 253 48 28 14 15 8 19 395 435 101 36 14 14 9 20 832 100 32 19 12 10 16 3 
313 149 80 74 95 153 65 95 223 212 86 63 94 110 130 106 492 100 121 131 56 26 33 65 
1011 7 6 0 0 0 0 0 993 25 4 2 0 0 0 0 1012 10 2 0 0 0 0 0 
1018 6 0 0 0 0 0 0 959 65 0 0 0 0 0 0 1023 1 0 0 0 0 0 0 
990 33 1 0 0 0 0 0 812 204 8 0 0 0 0 0 1016 8 0 0 0 0 0 0 
814 144 37 17 8 2 2 0 443 422 114 32 9 4 0 0 918 63 29 5 6 3 0 0 
1021 3 0 0 0 0 0 0 1020 4 0 0 0 0 0 0 1023 1 0 0 0 0 0 0 
996 10 4 5 2 4 3 0 915 91 2 7 0 4 4 1 1004 3 7 2 3 4 1 0 
924 92 5 3 0 0 0 0 716 288 16 1 3 0 0 0 991 30 3 0 0 0 0 0 
891 52 34 26 10 9 2 0 860 74 33 26 17 7 7 0 910 43 30 25 8 7 1 0 
611 138 69 62 45 67 30 2 476 238 83 57 56 49 54 11 713 85 56 53 63 44 10 0 
690 145 50 34 22 46 34 3 430 355 75 36 34 24 44 26 790 74 36 33 25 46 18 2 
654 155 79 51 36 25 21 3 426 334 100 55 41 37 20 11 753 112 54 47 24 20 13 1 
773 108 43 38 35 15 9 3 608 244 56 38 40 21 12 5 820 78 44 39 25 12 3 3 
681 140 75 40 39 28 11 10 516 272 73 57 44 27 21 14 777 89 48 46 30 21 11 2 
760 175 59 17 9 4 0 0 531 374 80 20 13 6 0 0 896 83 25 13 5 2 0 0 
361 380 129 80 51 15 6 2 158 485 181 92 70 26 10 2 738 135 60 66 16 7 2 0 
320 236 135 127 93 70 30 13 179 324 136 124 115 77 49 20 539 138 129 87 71 45 11 4 
359 424 122 51 26 24 11 7 180 484 205 78 29 24 13 11 744 158 49 36 19 13 5 0 
168 286 291 167 55 20 15 22 86 198 286 259 110 42 17 26 547 258 102 58 22 11 19 7 
298 229 145 142 96 64 40 10 260 155 181 151 134 78 50 15 560 186 119 62 66 27 4 0 
415 247 116 90 71 35 33 17 229 331 161 95 99 42 37 30 697 120 85 49 33 28 12 0 
776 163 43 12 10 13 6 1 661 238 68 22 13 8 12 2 929 52 16 13 12 2 0 0 
326 224 110 90 77 89 76 32 191 296 135 88 74 100 81 59 592 104 78 103 73 50 24 0 
683 182 45 35 29 28 15 7 491 328 78 38 26 31 18 14 860 69 35 33 16 9 2 0 
885 61 21 9 13 9 12 14 709 231 25 9 12 10 10 18 945 19 13 12 11 15 9 0 
763 134 41 29 21 11 10 15 688 165 68 31 30 15 9 18 874 62 29 27 9 12 11 0 
539 250 118 38 32 21 20 6 457 318 114 40 43 17 26 9 737 164 42 36 18 21 6 0 
382 89 506 44 3 0 0 0 361 108 509 43 3 0 0 0 455 295 263 11 0 0 0 0 
317 223 129 107 88 80 58 22 196 275 146 107 106 82 67 45 568 123 111 92 67 48 15 0 
266 257 117 93 123 97 52 19 161 264 170 100 108 105 81 35 552 174 112 103 52 23 8 0 
367 454 90 48 29 28 6 2 226 527 140 51 30 31 17 2 758 149 42 31 27 15 2 0 
28 206 197 228 193 130 25 17 28 222 230 221 202 91 21 9 201 182 226 182 165 48 17 3 
45 65 133 211 250 153 118 49 57 74 165 226 222 155 85 40 131 115 162 208 199 127 66 16 
39 102 137 125 305 234 63 19 105 121 130 156 305 168 23 16 131 129 121 221 273 117 16 16 
0 1 20 110 281 357 197 58 0 2 42 208 367 282 100 23 1 27 147 280 320 164 68 17 
23 154 174 99 174 232 125 43 84 194 134 125 184 202 84 17 170 181 100 158 190 149 61 15 
273 432 169 82 41 21 5 1 245 404 190 105 41 22 14 3 748 172 66 31 5 2 0 0 
82 602 177 72 47 24 16 4 34 408 382 85 59 30 18 8 673 210 72 47 16 6 0 0 
729 264 30 1 0 0 0 0 392 551 75 6 0 0 0 0 973 49 2 0 0 0 0 0 
711 126 53 42 34 26 19 13 461 350 61 41 35 31 26 19 836 66 43 28 23 16 12 0 
68 174 252 149 112 144 91 34 46 170 164 242 89 129 123 61 379 206 159 132 54 35 51 8 
1024 0 0 0 0 0 0 0 1024 0 0 0 0 0 0 0 1024 0 0 0 0 0 0 0 
1006 18 0 0 0 0 0 0 934 90 0 0 0 0 0 0 1012 12 0 0 0 0 0 0 
992 21 5 2 3 1 0 0 710 294 13 2 2 3 0 0 996 19 3 2 4 0 0 0 
1024 0 0 0 0 0 0 0 1005 19 0 0 0 0 0 0 1024 0 0 0 0 0 0 0 
1016 8 0 0 0 0 0 0 1016 8 0 0 0 0 0 0 1018 6 0 0 0 0 0 0 
1024 0 0 0 0 0 0 0 1024 0 0 0 0 0 0 0 1024 0 0 0 0 0 0 0 
1024 0 0 0 0 0 0 0 1024 0 0 0 0 0 0 0 1024 0 0 0 0 0 0 0 
1017 5 2 0 0 0 0 0 993 27 4 0 0 0 0 0 1017 5 2 0 0 0 0 0 
1024 0 0 0 0 0 0 0 1015 9 0 0 0 0 0 0 1024 0 0 0 0 0 0 0 
927 26 27 17 11 12 4 0 922 29 25 20 12 12 4 0 936 28 25 11 11 13 0 0 
909 66 31 18 0 0 0 0 867 87 38 24 8 0 0 0 940 58 21 5 0 0 0 0 
787 160 49 23 5 0 0 0 527 373 75 36 12 1 0 0 921 62 33 8 0 0 0 0 
737 237 29 12 5 0 4 0 512 387 90 18 12 1 3 1 897 100 13 8 2 1 3 0 
586 309 65 32 18 6 8 0 327 442 166 43 25 12 8 1 884 66 40 21 5 7 1 0 
130 231 250 228 136 43 6 0 62 185 205 268 167 116 20 1 411 275 168 138 30 2 0 0 
311 300 195 151 49 9 7 2 173 332 217 179 87 25 9 2 627 205 129 52 4 6 1 0 
412 495 84 22 9 0 2 0 86 756 119 43 13 5 2 0 895 89 28 9 1 2 0 0 
84 246 275 229 114 58 14 4 32 184 223 278 177 93 28 9 451 239 169 96 44 16 9 0 
235 247 169 180 82 46 25 40 148 241 201 165 130 62 35 42 527 184 140 60 38 34 22 19 
704 100 40 98 46 17 9 10 611 178 49 97 55 15 11 8 813 114 42 29 14 8 4 0 
950 70 3 1 0 0 0 0 818 199 6 1 0 0 0 0 1010 13 1 0 0 0 0 0 
319 144 128 141 102 82 59 49 248 184 122 133 134 90 60 53 577 134 99 85 61 29 32 7 
510 111 105 77 84 86 34 17 391 208 98 115 115 56 25 16 677 118 89 71 39 20 10 0 
850 128 14 18 8 2 4 0 652 288 44 18 14 3 2 3 960 29 12 15 3 3 2 0 
897 117 9 1 0 0 0 0 609 392 22 0 1 0 0 0 1005 18 1 0 0 0 0 0 
690 224 86 14 6 3 1 0 562 341 97 14 5 5 0 0 857 134 19 5 7 2 0 0 
142 153 379 117 86 93 41 13 191 218 329 90 74 83 33 6 358 334 127 75 75 47 8 0 
222 235 198 143 80 84 33 29 347 256 143 84 70 58 38 28 592 162 92 62 58 39 18 1 
200 195 136 110 109 95 63 116 319 190 105 96 116 56 67 75 487 113 98 107 63 52 57 47 
221 327 146 80 89 46 51 64 263 357 132 85 58 46 36 47 552 178 82 66 52 33 31 30 
165 356 211 111 98 62 12 9 142 332 243 105 103 68 25 6 434 279 105 90 93 15 6 2 
380 234 117 117 78 42 30 26 354 264 122 99 85 37 34 29 543 158 137 85 37 33 29 2 
242 144 83 86 228 152 75 14 265 129 85 159 232 111 35 8 373 84 71 188 212 83 12 1 
0 3 22 45 65 212 519 158 0 7 42 64 154 503 243 11 10 25 48 85 299 497 59 1 
8 64 174 163 105 189 218 103 32 162 169 104 156 219 127 55 131 183 106 99 181 193 97 34 
190 266 231 140 100 50 27 20 223 306 239 121 77 32 12 14 515 240 129 70 33 21 12 4 
138 452 314 57 24 13 11 15 38 349 478 101 23 10 17 8 632 302 40 17 12 10 10 1 
762 241 15 6 0 0 0 0 602 358 59 5 0 0 0 0 997 23 4 0 0 0 0 0 
409 239 142 51 68 86 26 3 328 248 165 77 46 76 70 14 713 112 106 64 25 4 0 0 
125 295 271 138 83 91 18 3 81 256 245 192 104 67 73 6 574 239 147 44 14 2 4 0 
943 39 20 14 8 0 0 0 904 69 24 15 11 1 0 0 952 30 22 14 6 0 0 0 
1000 10 6 4 1 1 2 0 996 12 8 1 4 1 1 1 1002 9 5 5 0 1 2 0 
1024 0 0 0 0 0 0 0 1000 24 0 0 0 0 0 0 1024 0 0 0 0 0 0 0 
1024 0 0 0 0 0 0 0 947 77 0 0 0 0 0 0 1024 0 0 0 0 0 0 0 
1024 0 0 0 0 0 0 0 1024 0 0 0 0 0 0 0 1024 0 0 0 0 0 0 0 
1024 0 0 0 0 0 0 0 1024 0 0 0 0 0 0 0 1024 0 0 0 0 0 0 0 
998 10 11 5 0 0 0 0 956 47 8 9 4 0 0 0 1004 11 8 1 0 0 0 0 
982 30 12 0 0 0 0 0 839 163 20 2 0 0 0 0 985 29 10 0 0 0 0 0 
949 68 7 0 0 0 0 0 696 304 21 3 0 0 0 0 993 30 1 0 0 0 0 0 
943 39 17 10 7 3 2 3 889 84 21 12 9 3 3 3 962 28 13 10 3 4 3 1 
900 74 25 21 1 3 0 0 458 486 45 22 9 1 3 0 945 45 21 10 1 2 0 0 
716 202 62 30 11 3 0 0 282 580 78 51 24 9 0 0 901 77 29 15 2 0 0 0 
603 309 49 40 15 5 3 0 378 446 122 34 28 12 4 0 915 77 17 11 3 1 0 0 
360 361 128 83 61 24 7 0 211 335 246 92 93 34 12 1 776 128 65 41 12 2 0 0 
231 298 124 103 96 55 33 84 138 375 140 76 91 73 53 78 593 113 92 88 35 29 35 39 
48 202 103 33 40 45 157 396 89 212 58 32 45 98 212 278 331 47 85 109 100 90 89 173 
216 503 129 81 53 19 9 14 74 575 165 92 57 34 11 16 730 122 76 52 21 8 4 11 
34 232 281 217 123 71 52 14 17 114 273 264 173 98 55 30 397 238 150 108 71 45 14 1 
93 161 167 160 140 132 101 70 56 144 179 168 141 153 100 83 349 169 157 147 93 69 34 6 
388 167 72 79 88 117 77 36 220 293 85 72 87 111 99 57 562 89 88 98 93 57 24 13 
582 244 83 52 49 11 3 0 388 390 105 52 60 25 2 2 818 90 61 39 12 2 2 0 
351 202 204 133 81 39 10 4 272 184 208 167 99 71 17 6 645 178 105 66 22 7 1 0 
188 196 255 268 87 19 7 4 242 118 150 248 208 46 9 3 535 259 162 45 17 4 2 0 
887 41 24 25 21 17 3 6 849 91 30 23 19 5 2 5 923 32 22 29 9 2 4 3 
414 219 67 71 65 48 50 90 431 209 112 77 46 62 53 34 671 108 75 56 42 36 25 11 
352 349 130 38 24 32 43 56 337 413 115 26 39 41 32 21 621 263 44 44 27 17 5 3 
7 75 464 140 158 107 53 20 34 160 427 113 157 86 35 12 137 456 159 138 76 46 12 0 
2 98 199 158 181 163 97 126 102 161 170 149 160 143 83 56 194 201 190 156 115 72 65 31 
5 28 138 240 144 149 123 197 57 179 203 112 136 113 117 107 147 213 138 121 127 93 108 77 
235 409 131 52 38 48 52 59 327 417 78 37 42 42 51 30 714 92 42 40 33 50 45 8 
147 329 201 143 111 53 31 9 105 325 210 138 141 53 35 17 524 196 118 88 50 32 13 3 
238 176 174 153 99 101 38 45 213 185 163 174 97 93 49 50 456 231 114 85 76 30 19 13 
415 201 29 32 96 167 63 21 469 144 35 58 141 123 34 20 592 49 30 88 167 76 20 2 
0 0 0 34 152 239 484 115 0 0 18 131 246 399 225 5 0 3 45 159 288 455 74 0 
28 289 145 101 93 90 203 75 69 312 165 87 81 175 117 18 400 125 94 68 84 191 60 2 
20 286 416 125 68 51 28 30 14 182 528 140 73 38 25 24 312 435 135 56 37 26 16 7 
412 381 100 73 30 17 9 2 208 505 187 76 27 14 6 1 759 151 65 26 14 7 2 0 
938 79 3 2 2 0 0 0 736 275 7 3 2 1 0 0 1002 16 4 1 1 0 0 0 
613 365 30 9 6 1 0 0 444 436 116 19 6 3 0 0 941 65 12 4 2 0 0 0 
454 360 114 55 35 6 0 0 329 407 174 65 47 2 0 0 764 153 59 35 13 0 0 0 
1006 17 1 0 0 0 0 0 1003 20 1 0 0 0 0 0 1004 19 1 0 0 0 0 0 
996 14 6 5 2 1 0 0 992 17 7 5 2 1 0 0 997 17 6 2 1 1 0 0 
1024 0 0 0 0 0 0 0 1015 9 0 0 0 0 0 0 1024 0 0 0 0 0 0 0 
1024 0 0 0 0 0 0 0 952 72 0 0 0 0 0 0 1024 0 0 0 0 0 0 0 
1024 0 0 0 0 0 0 0 942 82 0 0 0 0 0 0 1024 0 0 0 0 0 0 0 
1024 0 0 0 0 0 0 0 949 75 0 0 0 0 0 0 1024 0 0 0 0 0 0 0 
995 20 7 1 1 0 0 0 961 55 6 1 1 0 0 0 1008 10 4 1 1 0 0 0 
837 131 37 15 4 0 0 0 578 352 66 21 6 1 0 0 923 72 20 7 2 0 0 0 
804 178 22 16 4 0 0 0 487 429 75 21 12 0 0 0 970 35 17 2 0 0 0 0 
860 69 44 31 15 5 0 0 692 210 55 28 26 11 2 0 909 52 38 17 5 3 0 0 
699 114 51 54 56 41 9 0 363 415 65 51 61 45 23 1 801 66 53 60 37 7 0 0 
695 222 33 28 40 6 0 0 82 774 76 29 29 32 2 0 903 44 24 46 6 1 0 0 
371 344 175 100 32 2 0 0 126 475 185 155 67 16 0 0 764 173 65 19 3 0 0 0 
56 113 153 208 198 178 73 45 54 109 122 204 223 174 97 41 369 246 153 140 78 22 11 5 
17 57 79 94 164 212 194 207 35 72 80 100 206 222 154 155 312 165 162 124 113 67 53 28 
50 146 154 133 102 71 73 295 43 161 164 115 108 78 74 281 364 134 97 68 54 51 70 186 
67 231 267 222 133 79 20 5 16 205 263 243 154 97 41 5 406 270 175 112 50 9 2 0 
3 97 202 236 233 134 67 52 4 73 240 274 215 114 61 43 220 248 256 142 78 49 30 1 
16 61 153 208 224 227 79 56 25 69 176 229 247 179 57 42 174 214 210 246 105 47 23 5 
43 61 86 197 256 209 137 35 45 61 94 208 267 184 133 32 128 134 245 225 175 96 18 3 
71 81 117 176 233 194 111 41 56 100 116 159 214 207 121 51 186 141 177 192 177 94 42 15 
51 99 158 182 239 154 103 38 57 94 150 240 228 135 94 26 212 158 193 208 135 84 34 0 
4 13 74 125 177 170 161 300 10 58 106 174 169 167 157 183 181 172 196 148 110 81 60 76 
1 40 132 203 228 176 104 140 51 134 192 197 173 121 75 81 156 184 218 167 116 82 67 34 
35 86 166 153 196 178 135 75 64 174 162 156 192 164 79 33 227 179 160 165 134 103 44 12 
98 180 205 197 162 116 42 24 142 220 187 188 150 96 25 16 386 228 186 115 79 21 7 2 
28 240 268 150 123 84 62 69 117 286 222 132 105 72 59 31 340 277 147 95 72 42 41 10 
679 134 72 47 28 4 13 47 758 109 55 31 9 11 12 39 837 74 34 20 12 9 25 13 
594 317 53 15 10 3 9 23 587 342 37 15 11 1 12 19 856 117 11 6 13 11 10 0 
718 173 47 40 30 11 5 0 535 324 66 44 30 18 7 0 853 69 46 31 18 7 0 0 
680 206 54 42 22 14 5 1 480 377 75 45 23 18 4 2 858 81 40 26 16 2 1 0 
466 200 149 97 54 28 18 12 436 197 177 101 58 26 21 8 658 169 93 51 25 21 7 0 
730 164 60 31 24 6 6 3 755 138 64 26 24 7 7 3 851 99 31 19 13 6 4 1 
573 54 41 56 110 54 72 64 588 56 57 87 84 64 75 13 611 61 59 113 59 82 39 0 
541 161 75 90 63 52 29 13 582 157 82 89 51 44 17 2 719 97 95 57 39 17 0 0 
342 533 84 36 15 8 5 1 263 607 95 30 20 6 3 0 822 141 33 18 7 2 1 0 
503 295 115 52 41 15 3 0 283 466 123 69 43 30 10 0 805 118 56 31 12 2 0 0 
599 308 70 26 18 3 0 0 333 547 82 31 25 6 0 0 895 82 34 9 4 0 0 0 
441 336 212 13 11 8 3 0 298 311 336 54 13 7 4 1 604 355 38 14 8 5 0 0 
339 338 225 77 25 19 1 0 170 323 340 111 48 24 8 0 593 321 76 31 3 0 0 0 
959 51 14 0 0 0 0 0 955 50 16 3 0 0 0 0 975 42 7 0 0 0 0 0 
992 31 1 0 0 0 0 0 984 39 1 0 0 0 0 0 1004 20 0 0 0 0 0 0 
970 54 0 0 0 0 0 0 866 156 2 0 0 0 0 0 904 120 0 0 0 0 0 0 
1024 0 0 0 0 0 0 0 1024 0 0 0 0 0 0 0 1024 0 0 0 0 0 0 0 
1024 0 0 0 0 0 0 0 1008 16 0 0 0 0 0 0 1024 0 0 0 0 0 0 0 
877 73 22 21 18 13 0 0 729 205 34 15 21 14 6 0 931 29 26 20 12 6 0 0 
797 94 48 38 28 17 2 0 614 224 75 37 34 26 14 0 852 73 33 35 22 9 0 0 
719 168 60 40 14 21 2 0 509 271 130 47 35 16 16 0 848 90 46 20 18 2 0 0 
537 136 117 112 70 45 6 1 300 305 106 99 107 64 41 2 727 141 78 37 31 10 0 0 
434 179 113 103 116 69 10 0 202 316 139 97 102 116 50 2 674 118 113 90 28 1 0 0 
136 144 160 198 192 148 46 0 59 142 143 175 210 178 106 11 358 192 185 161 108 20 0 0 
151 159 81 180 191 118 74 70 41 214 103 118 202 191 99 56 421 142 198 146 66 25 11 15 
99 186 241 287 163 46 0 2 33 144 184 275 260 110 16 2 450 288 199 73 13 1 0 0 
72 71 102 248 279 191 60 1 51 67 80 138 298 243 140 7 256 201 262 217 82 6 0 0 
23 39 67 141 159 164 122 309 28 53 75 157 205 143 126 237 254 153 127 115 109 76 64 126 
33 156 137 86 94 79 145 294 21 175 118 91 94 109 149 267 310 141 75 71 104 99 92 132 
8 91 227 302 220 115 41 20 14 112 212 269 227 134 39 17 290 288 207 147 59 19 6 8 
1 29 119 201 259 200 110 105 10 69 176 217 243 164 80 65 183 174 233 219 90 54 40 31 
1 19 76 109 174 228 163 254 12 51 98 136 210 186 154 177 119 116 144 181 143 122 134 65 
10 72 163 185 185 166 112 131 5 44 142 201 212 178 127 115 161 179 178 162 116 108 74 46 
8 140 200 194 296 148 31 7 1 46 183 200 282 217 83 12 186 230 241 232 120 11 4 0 
2 53 120 174 258 240 128 49 0 51 106 153 259 270 128 57 114 167 229 220 168 86 26 14 
24 99 152 131 197 200 139 82 19 74 160 155 193 230 134 59 206 174 184 223 151 61 24 1 
2 32 164 293 285 177 46 25 2 30 135 266 304 214 44 29 106 265 308 207 90 38 10 0 
34 110 125 194 300 153 55 53 25 131 119 171 282 192 61 43 177 166 222 233 128 47 31 20 
37 64 118 228 263 204 69 41 40 55 117 212 248 208 96 48 137 183 233 238 128 67 26 12 
13 94 235 281 185 115 71 30 40 79 176 288 227 114 76 24 366 302 163 89 70 25 8 1 
0 13 54 46 62 78 130 641 26 54 21 37 50 88 198 550 83 46 38 96 85 105 161 410 
77 173 151 108 129 145 106 135 184 209 93 99 169 106 60 104 490 176 130 76 48 37 53 14 
809 175 21 8 2 3 3 3 860 134 15 4 5 2 2 2 973 36 3 4 3 3 2 0 
771 183 61 3 3 3 0 0 738 217 59 3 4 3 0 0 886 102 28 5 3 0 0 0 
393 418 137 35 9 10 10 12 456 327 163 33 13 10 9 13 679 240 51 20 10 10 9 5 
864 99 38 14 5 2 2 0 924 61 22 10 4 1 2 0 945 52 16 6 3 1 1 0 
909 79 24 10 2 0 0 0 912 79 21 10 2 0 0 0 944 53 18 7 2 0 0 0 
872 130 17 5 0 0 0 0 870 126 23 5 0 0 0 0 904 100 16 4 0 0 0 0 
746 204 40 19 8 5 1 1 747 211 35 17 9 3 2 0 896 77 33 9 6 3 0 0 
426 331 127 73 31 18 13 5 443 316 126 81 26 14 13 5 755 147 65 24 15 12 5 1 
243 535 152 58 26 7 3 0 122 558 239 66 30 4 4 1 770 160 58 26 7 3 0 0 
265 682 43 10 9 6 5 4 140 728 121 8 11 6 5 5 862 127 8 11 7 5 3 1 
536 437 29 10 6 3 2 1 323 588 87 9 10 2 4 1 963 35 13 5 5 2 1 0 
623 252 97 27 16 8 1 0 443 335 154 58 22 6 5 1 773 154 66 21 7 3 0 0 
502 364 82 54 13 8 1 0 395 375 152 65 21 12 4 0 554 329 109 22 10 0 0 0 
947 77 0 0 0 0 0 0 696 328 0 0 0 0 0 0 810 214 0 0 0 0 0 0 
945 57 13 9 0 0 0 0 854 116 36 12 6 0 0 0 981 30 11 2 0 0 0 0 
987 37 0 0 0 0 0 0 770 254 0 0 0 0 0 0 1004 20 0 0 0 0 0 0 
941 66 7 2 4 4 0 0 788 215 11 2 3 5 0 0 999 14 3 0 6 2 0 0 
377 203 93 71 116 150 14 0 261 236 133 77 80 166 69 2 574 100 93 156 94 7 0 0 
614 154 50 46 53 98 9 0 458 267 71 37 42 87 58 4 768 55 42 106 50 3 0 0 
726 155 71 55 15 2 0 0 413 419 85 55 47 3 2 0 901 85 32 3 2 1 0 0 
610 326 29 20 12 1 7 19 388 533 49 16 11 3 5 19 951 34 11 4 2 3 7 12 
184 205 166 177 171 74 36 11 95 228 165 160 169 134 59 14 457 198 201 100 47 10 5 6 
13 32 77 197 235 153 106 211 1 27 56 173 297 204 99 167 230 242 198 122 89 28 37 78 
2 6 79 247 398 212 45 35 0 5 23 183 388 313 79 33 223 274 321 147 26 12 13 8 
0 25 184 324 283 143 51 14 0 3 70 273 331 220 100 27 303 278 248 101 75 19 0 0 
10 59 232 334 207 127 46 9 0 35 96 320 293 178 83 19 291 348 212 112 52 8 1 0 
0 22 82 210 196 111 105 298 0 24 62 176 201 153 132 276 159 191 155 111 80 52 63 213 
0 24 75 161 276 264 158 66 1 28 70 146 245 261 203 70 104 143 222 234 186 100 35 0 
3 22 115 227 253 223 167 14 0 20 132 194 235 207 202 34 137 176 217 199 176 111 8 0 
24 101 189 198 234 167 71 40 17 67 160 201 218 211 97 53 188 189 197 199 136 71 36 8 
148 286 225 171 117 58 14 5 82 215 228 208 168 73 42 8 521 205 132 93 57 9 6 1 
59 100 184 199 231 165 80 6 32 84 164 182 229 180 132 21 260 175 207 185 122 63 12 0 
0 15 111 305 332 194 57 10 3 30 102 209 403 209 59 9 140 252 267 230 103 23 6 3 
2 11 56 210 328 287 95 35 2 4 58 184 320 315 102 39 74 179 303 242 161 49 16 0 
0 3 69 210 406 258 67 11 0 2 21 200 402 307 78 14 42 182 351 308 121 17 3 0 
1 4 25 134 376 351 119 14 0 3 24 111 329 374 162 21 16 89 307 289 231 76 8 8 
0 6 57 185 387 271 89 29 0 1 34 170 360 298 127 34 70 141 287 300 172 43 10 1 
0 10 43 141 233 379 148 70 0 7 41 150 235 378 164 49 98 154 191 245 225 94 17 0 
0 2 18 81 128 154 295 346 0 2 29 93 217 350 190 143 118 197 263 175 84 81 66 40 
0 0 14 64 118 179 214 435 0 2 25 80 182 244 223 268 76 135 183 150 126 123 117 114 
0 21 61 55 82 74 205 526 20 59 62 67 73 135 263 345 97 112 90 89 187 171 120 158 
38 53 82 196 298 233 72 52 54 61 138 267 302 131 33 38 104 136 249 304 151 35 28 17 
64 194 173 226 137 93 64 73 164 192 190 170 98 83 60 67 283 207 221 92 84 64 48 25 
111 147 150 135 157 144 117 63 214 157 136 142 154 128 66 27 278 171 122 164 126 105 45 13 
178 181 146 138 102 100 85 94 279 189 147 112 90 86 73 48 400 180 127 87 81 65 55 29 
187 114 154 227 159 92 60 31 233 183 238 160 100 63 38 9 313 251 195 125 73 46 19 2 
284 126 155 186 174 70 23 6 353 178 207 162 75 33 16 0 432 203 223 96 46 22 2 0 
338 289 181 91 103 16 5 1 401 273 203 113 19 13 1 1 550 261 136 60 11 4 2 0 
140 632 178 44 17 8 4 1 95 629 242 38 13 3 4 0 711 226 63 13 7 3 1 0 
542 341 94 35 12 0 0 0 489 455 63 17 0 0 0 0 870 118 31 5 0 0 0 0 
965 59 0 0 0 0 0 0 952 71 1 0 0 0 0 0 1015 9 0 0 0 0 0 0 
287 405 114 107 68 21 17 5 209 255 311 109 85 32 17 6 397 325 153 81 38 15 11 4 
276 291 164 127 111 52 3 0 126 330 193 151 117 92 15 0 319 329 174 87 81 34 0 0 
600 244 112 58 10 0 0 0 502 289 120 90 23 0 0 0 782 194 41 7 0 0 0 0 
895 78 48 3 0 0 0 0 789 176 51 8 0 0 0 0 945 67 12 0 0 0 0 0 
899 125 0 0 0 0 0 0 639 368 17 0 0 0 0 0 951 72 1 0 0 0 0 0 
666 189 47 61 42 18 1 0 463 329 95 47 55 26 9 0 833 74 63 48 6 0 0 0 
602 209 45 40 81 42 5 0 329 459 55 38 42 88 9 4 805 63 56 91 7 2 0 0 
828 105 28 21 19 16 7 0 542 379 33 26 14 15 15 0 927 34 22 16 16 9 0 0 
644 172 54 62 24 22 23 23 583 233 56 61 36 21 22 12 821 73 69 21 17 17 6 0 
12 40 28 20 26 125 298 475 40 32 20 29 145 285 219 254 158 133 185 144 100 83 82 139 
53 174 212 166 103 100 63 153 20 135 225 164 135 149 88 108 423 156 142 126 60 22 41 54 
60 123 252 345 165 69 10 0 31 73 140 308 300 132 37 3 427 312 188 74 22 1 0 0 
1 100 383 408 108 21 3 0 0 11 157 405 366 69 14 2 522 401 74 24 3 0 0 0 
3 141 342 287 174 64 11 2 0 12 234 337 255 141 36 9 480 281 174 68 14 6 1 0 
3 89 312 321 186 87 25 1 1 17 167 328 294 150 57 10 340 314 203 108 48 11 0 0 
1 22 165 365 328 108 24 11 0 5 79 265 392 212 56 15 151 279 319 209 54 8 4 0 
1 14 90 236 342 185 84 72 4 16 87 191 329 261 84 52 90 185 296 224 101 78 40 10 
2 21 71 188 313 241 110 78 13 29 92 201 293 216 116 64 84 141 248 216 187 88 38 22 
91 171 162 204 146 139 73 38 128 189 162 180 152 121 69 23 292 198 188 169 101 53 18 5 
368 142 111 166 147 74 14 2 314 125 133 154 155 107 33 3 551 140 154 125 49 3 1 1 
28 116 200 213 227 177 46 17 22 42 163 291 230 133 117 26 246 214 224 158 123 49 10 0 
1 41 209 269 277 171 39 17 0 6 118 284 317 230 51 18 269 231 226 195 75 22 5 1 
0 11 210 293 245 184 66 15 0 0 70 350 263 219 107 15 156 266 225 190 135 43 9 0 
0 13 171 182 209 150 106 193 0 9 87 248 234 250 105 91 168 250 210 178 107 67 34 10 
0 1 42 161 263 227 148 182 0 3 44 198 250 229 152 148 220 188 193 155 100 69 72 27 
1 16 119 168 304 216 131 69 0 8 89 195 304 228 141 59 221 203 191 184 136 63 17 9 
1 18 56 112 144 160 153 380 0 11 58 108 155 167 151 374 87 108 130 134 94 101 93 277 
0 7 79 253 265 223 104 93 0 5 75 257 293 196 114 84 221 279 211 146 71 31 28 37 
0 6 77 257 333 177 102 72 0 7 57 275 341 198 98 48 199 230 265 176 78 49 22 5 
0 22 84 218 276 173 123 128 33 66 125 267 184 141 114 94 133 166 261 165 125 89 47 38 
0 7 59 317 369 169 81 22 2 36 143 384 219 136 82 22 31 147 400 235 130 61 16 4 
1 20 76 294 388 169 33 43 18 58 220 350 219 94 26 39 48 176 335 273 117 27 19 29 
3 26 264 484 188 39 8 12 35 279 464 182 42 9 5 8 102 444 351 94 19 4 7 3 
3 33 72 226 526 137 20 7 32 77 260 493 131 23 5 3 58 141 448 310 56 7 2 2 
3 39 182 420 328 42 8 2 47 185 437 309 34 10 2 0 86 298 455 166 13 6 0 0 
0 6 133 394 388 71 18 14 12 156 435 336 52 18 12 3 41 251 485 193 31 12 9 2 
43 72 293 404 162 39 10 1 103 325 422 128 36 9 1 0 185 440 304 72 19 4 0 0 
64 376 392 159 27 3 1 2 234 538 208 34 6 1 1 2 511 377 116 15 2 0 2 1 
198 333 342 140 4 4 1 2 380 438 188 10 4 2 0 2 571 358 84 4 4 1 1 1 
615 315 74 20 0 0 0 0 632 349 41 2 0 0 0 0 920 92 12 0 0 0 0 0 
149 282 187 209 159 26 6 6 107 276 177 192 189 61 15 7 525 207 186 76 21 5 4 0 
437 247 136 107 72 24 1 0 307 328 148 114 78 44 5 0 667 192 91 48 20 6 0 0 
557 340 71 38 17 1 0 0 382 442 125 45 20 9 1 0 744 216 38 19 4 2 1 0 
412 260 48 45 116 102 29 12 185 423 95 42 65 163 32 19 415 274 46 62 144 64 17 2 
900 69 27 12 10 6 0 0 707 257 31 13 9 7 0 0 933 50 16 12 13 0 0 0 
359 257 169 150 85 4 0 0 229 262 194 186 112 41 0 0 578 206 157 71 12 0 0 0 
727 209 56 17 13 2 0 0 577 295 95 40 16 1 0 0 915 74 22 12 1 0 0 0 
579 246 98 32 25 19 14 11 589 194 129 45 24 16 17 10 810 123 29 25 23 10 4 0 
300 337 216 108 48 10 5 0 349 359 187 97 27 5 0 0 741 210 55 15 3 0 0 0 
89 379 272 118 80 51 23 12 158 358 203 131 82 62 19 11 580 255 93 62 22 12 0 0 
112 300 152 190 151 103 16 0 51 264 159 199 174 118 58 1 465 218 173 125 40 3 0 0 
27 161 347 294 155 38 2 0 6 50 233 345 277 93 20 0 464 362 148 46 4 0 0 0 
30 385 312 173 76 39 9 0 0 54 414 271 169 77 38 1 677 200 74 32 41 0 0 0 
4 244 385 161 133 80 12 5 1 19 348 310 158 121 60 7 582 184 114 82 54 6 2 0 
14 121 356 303 156 51 15 8 0 19 184 368 283 123 36 11 420 333 154 66 37 4 5 5 
13 90 143 321 256 145 40 16 3 52 104 210 356 194 74 31 184 262 217 207 105 35 9 5 
0 12 89 199 274 333 92 25 0 1 59 139 241 367 179 38 86 143 201 344 196 34 15 5 
0 3 52 165 298 302 158 46 2 3 49 131 299 302 180 58 19 103 245 279 217 109 38 14 
0 4 49 139 262 299 161 110 8 13 53 186 299 229 131 105 36 98 148 295 237 103 55 52 
0 12 112 158 302 318 96 26 0 4 69 307 407 173 44 20 100 146 218 309 173 52 10 16 
0 20 243 241 229 186 78 27 0 3 90 304 283 197 110 37 190 256 227 169 102 55 25 0 
2 87 235 327 246 99 18 10 0 20 137 384 297 146 32 8 382 286 203 106 37 9 1 0 
0 51 294 289 193 162 30 5 0 5 144 352 243 177 93 10 277 266 195 147 121 9 8 1 
12 40 175 203 236 201 85 72 3 27 113 194 285 263 111 28 182 207 222 225 151 31 6 0 
6 65 235 213 190 147 66 102 0 27 202 255 220 162 76 82 286 234 200 132 56 45 32 39 
0 48 170 313 226 140 57 70 0 17 143 310 286 148 55 65 313 288 221 82 54 41 25 0 
1 83 165 202 182 90 118 183 0 15 153 231 203 143 99 180 321 216 134 89 53 56 58 97 
1 65 237 350 219 83 41 28 0 17 171 353 309 100 41 33 406 307 182 62 34 15 9 9 
0 32 272 400 188 56 46 30 0 16 200 432 231 67 45 33 230 372 245 88 34 24 29 2 
32 94 188 346 182 90 56 36 60 61 226 346 158 83 55 35 136 245 339 150 65 53 25 11 
22 62 226 381 228 70 33 2 40 165 276 235 175 86 34 13 136 296 310 178 63 34 7 0 
39 112 175 271 245 151 26 5 53 144 252 248 195 107 21 4 186 222 283 207 100 19 6 1 
43 145 198 290 251 72 21 4 82 200 292 280 123 33 14 0 178 311 325 147 44 17 2 0 
206 149 102 188 272 89 10 8 284 138 182 278 116 16 7 3 330 160 284 201 35 9 3 2 
251 212 232 278 43 7 1 0 198 475 306 39 5 1 0 0 416 424 163 16 4 1 0 0 
539 220 110 109 38 8 0 0 542 346 106 26 4 0 0 0 711 227 69 15 2 0 0 0 
849 127 23 19 6 0 0 0 852 136 25 10 1 0 0 0 896 106 15 7 0 0 0 0 
722 166 124 12 0 0 0 0 728 185 102 9 0 0 0 0 765 176 78 5 0 0 0 0 
1007 17 0 0 0 0 0 0 1007 17 0 0 0 0 0 0 1007 17 0 0 0 0 0 0 
685 333 6 0 0 0 0 0 658 229 137 0 0 0 0 0 978 46 0 0 0 0 0 0 
492 173 120 76 77 58 28 0 421 198 126 92 74 66 43 4 683 134 75 75 45 12 0 0 
476 163 70 72 71 64 71 37 458 195 75 61 76 65 69 25 643 88 51 77 70 58 27 10 
602 321 65 16 17 3 0 0 526 380 69 27 11 11 0 0 873 108 19 11 13 0 0 0 
463 190 122 79 94 59 16 1 417 178 135 87 89 85 25 8 667 120 57 84 76 19 1 0 
589 184 60 58 46 32 27 28 576 205 61 48 46 31 35 22 747 92 59 48 30 29 19 0 
165 406 265 81 46 33 25 3 170 414 263 88 51 32 5 1 492 297 131 43 37 20 3 1 
126 69 85 134 270 227 85 28 162 93 128 260 229 117 26 9 196 105 180 292 165 66 17 3 
10 122 202 138 219 183 84 66 72 217 151 223 187 103 43 28 161 190 177 237 143 69 31 16 
0 17 174 213 250 160 108 102 0 133 255 249 172 108 47 60 42 254 236 221 132 54 50 35 
4 83 375 215 124 107 58 58 14 203 355 175 133 72 32 40 168 376 191 133 70 28 38 20 
165 338 243 173 69 17 11 8 146 275 309 202 68 13 7 4 599 280 99 24 11 7 4 0 
7 262 355 205 100 64 31 0 16 93 377 261 134 90 34 19 467 285 129 90 46 7 0 0 
29 399 197 108 105 138 44 4 9 184 297 162 117 135 114 6 574 108 107 78 129 27 1 0 
26 314 281 140 92 123 47 1 0 97 367 206 128 115 102 9 528 187 104 75 107 22 1 0 
9 227 289 190 135 133 39 2 0 71 269 278 134 172 84 16 520 214 78 106 82 24 0 0 
2 77 146 256 215 213 105 10 1 44 131 181 256 238 132 41 200 235 191 159 150 74 15 0 
0 55 222 275 216 180 47 29 2 59 225 234 217 183 74 30 221 243 186 188 114 38 16 18 
0 10 37 104 252 289 145 187 4 29 80 215 290 159 111 136 32 61 131 291 207 124 95 83 
0 4 34 133 295 351 143 64 0 21 101 269 362 176 55 40 26 93 205 334 242 76 36 12 
0 3 34 79 276 383 194 55 1 14 64 147 420 258 94 26 33 62 143 349 286 115 29 7 
7 305 304 170 132 85 18 3 0 55 379 260 168 110 47 5 545 204 122 80 52 18 3 0 
0 234 315 256 139 76 4 0 0 29 314 320 214 114 33 0 513 248 124 102 36 1 0 0 
44 95 253 202 211 124 56 39 23 62 187 212 228 169 92 51 251 225 187 171 91 48 31 20 
10 80 305 275 204 107 26 17 6 43 211 280 253 158 49 24 267 287 254 128 56 19 11 2 
37 194 338 212 140 44 32 27 10 87 312 288 174 82 35 36 463 258 161 70 30 23 17 2 
38 252 352 222 121 36 3 0 4 103 307 308 198 86 18 0 577 271 129 43 4 0 0 0 
10 148 306 288 174 67 25 6 2 33 224 310 265 123 52 15 383 297 228 71 35 8 2 0 
0 92 435 380 80 20 13 4 0 5 185 462 287 66 13 6 485 392 96 31 15 3 2 0 
1 30 228 351 232 127 36 19 1 20 143 360 286 152 41 21 231 337 208 131 75 25 14 3 
3 17 178 308 283 176 52 7 4 16 139 382 281 146 50 6 71 243 304 224 135 29 18 0 
0 17 109 350 350 154 41 3 5 45 178 281 376 122 17 0 30 190 342 292 125 39 6 0 
93 175 142 159 214 180 43 18 133 171 151 172 175 140 65 17 283 157 203 191 147 26 16 1 
522 238 112 55 54 41 2 0 507 220 129 54 57 54 3 0 629 186 93 64 45 7 0 0 
623 328 48 17 8 0 0 0 573 367 60 15 9 0 0 0 780 195 35 14 0 0 0 0 
852 158 14 0 0 0 0 0 782 208 33 1 0 0 0 0 868 144 12 0 0 0 0 0 
735 285 4 0 0 0 0 0 582 397 45 0 0 0 0 0 853 169 2 0 0 0 0 0 
919 98 7 0 0 0 0 0 912 97 15 0 0 0 0 0 915 96 13 0 0 0 0 0 
866 158 0 0 0 0 0 0 888 136 0 0 0 0 0 0 911 113 0 0 0 0 0 0 
1024 0 0 0 0 0 0 0 1024 0 0 0 0 0 0 0 1024 0 0 0 0 0 0 0 
972 52 0 0 0 0 0 0 969 55 0 0 0 0 0 0 1005 19 0 0 0 0 0 0 
59 103 139 198 263 187 58 17 62 101 146 218 197 226 63 11 192 205 231 259 99 26 11 1 
4 59 81 161 285 314 94 26 11 65 94 192 280 280 88 14 92 128 209 322 202 55 12 4 
231 438 167 90 53 29 12 4 236 466 165 68 49 28 11 1 550 268 104 51 32 14 4 1 
33 104 170 156 192 213 116 40 57 139 172 187 216 115 85 53 166 177 179 208 169 86 30 9 
97 240 138 124 155 155 94 21 129 274 158 152 172 101 32 6 284 195 145 163 141 79 17 0 
1 52 74 76 157 248 237 179 11 70 100 132 214 259 141 97 37 82 88 154 248 223 124 68 
0 0 9 79 261 347 211 117 0 9 59 242 328 235 108 43 1 27 115 317 305 168 70 21 
0 3 110 208 285 223 114 81 1 81 195 288 238 126 50 45 6 130 249 297 192 77 46 27 
0 2 74 327 399 134 30 58 0 44 272 413 192 32 17 54 14 184 414 261 71 15 20 45 
0 18 313 356 201 84 37 15 0 88 380 308 154 62 26 6 182 385 263 120 47 23 4 0 
3 158 252 216 181 141 57 16 5 133 267 224 181 126 67 21 281 229 212 163 87 43 9 0 
104 300 194 182 124 73 47 0 10 278 224 186 163 63 81 19 504 195 148 70 69 37 1 0 
212 343 158 109 78 95 28 1 73 376 180 131 100 83 76 5 618 132 97 90 71 16 0 0 
63 519 198 101 59 44 33 7 11 312 388 127 72 64 40 10 684 148 74 61 46 11 0 0 
8 127 242 242 170 171 61 3 13 62 226 207 200 187 125 4 357 184 146 176 144 15 2 0 
3 129 218 168 186 194 90 36 10 129 187 166 158 214 116 44 295 152 142 159 170 84 22 0 
0 29 95 137 245 291 161 66 1 48 118 192 253 249 126 37 86 112 209 237 253 97 26 4 
2 88 164 147 190 262 128 43 38 104 163 202 253 181 70 13 219 152 136 221 189 80 25 2 
1 25 79 108 207 256 185 163 7 52 113 193 244 211 119 85 102 78 143 215 221 130 87 48 
5 29 144 193 215 212 126 100 26 89 190 203 204 168 75 69 163 163 185 204 145 77 54 33 
20 247 257 111 153 123 71 42 18 193 303 157 159 113 48 33 441 141 119 138 104 48 31 2 
2 222 287 199 160 94 52 8 2 103 338 216 173 110 69 13 426 216 155 89 99 38 1 0 
102 251 242 155 115 109 37 13 76 191 259 167 126 121 65 19 464 218 108 90 94 37 11 2 
46 145 230 184 181 123 76 39 37 89 213 213 196 144 76 56 297 240 159 132 97 59 36 4 
6 176 286 170 154 132 76 24 7 77 321 197 145 121 123 33 324 225 151 123 100 82 15 4 
33 397 343 140 62 32 11 6 12 192 394 247 115 38 16 10 685 183 80 41 23 6 6 0 
40 304 321 206 124 29 0 0 1 105 325 291 188 100 14 0 594 252 116 44 18 0 0 0 
1 201 418 267 84 35 9 9 0 19 340 381 192 55 26 11 560 281 111 40 19 11 2 0 
0 36 228 384 204 115 31 26 0 14 110 323 338 156 53 30 256 311 214 137 71 25 10 0 
0 9 131 220 269 278 99 18 1 13 141 219 308 235 83 24 69 200 190 249 221 79 16 0 
91 236 172 304 156 49 12 4 141 188 185 265 184 45 13 3 315 293 291 99 15 9 2 0 
336 354 149 104 81 0 0 0 344 309 151 118 82 20 0 0 504 250 150 101 19 0 0 0 
552 232 77 55 52 47 9 0 511 251 77 63 49 59 14 0 629 188 73 53 55 22 4 0 
820 85 36 18 23 31 10 1 804 98 35 21 18 32 15 1 849 73 29 16 36 19 2 0 
986 30 8 0 0 0 0 0 986 30 8 0 0 0 0 0 986 30 8 0 0 0 0 0 
982 32 10 0 0 0 0 0 982 32 10 0 0 0 0 0 982 32 10 0 0 0 0 0 
1022 2 0 0 0 0 0 0 1022 2 0 0 0 0 0 0 1022 2 0 0 0 0 0 0 
1024 0 0 0 0 0 0 0 1024 0 0 0 0 0 0 0 1024 0 0 0 0 0 0 0 
1024 0 0 0 0 0 0 0 1024 0 0 0 0 0 0 0 1024 0 0 0 0 0 0 0 
1024 0 0 0 0 0 0 0 1024 0 0 0 0 0 0 0 1024 0 0 0 0 0 0 0 
0 24 127 274 289 217 78 15 3 50 157 250 294 175 83 12 107 200 292 237 125 54 9 0 
9 31 141 208 290 227 91 27 22 125 180 221 194 214 55 13 126 197 215 237 183 52 12 2 
4 14 37 132 265 326 147 99 10 29 82 212 293 233 105 60 25 69 168 293 273 104 66 26 
0 4 24 165 358 272 105 96 8 28 136 373 263 98 66 52 14 56 270 362 156 83 55 28 
1 2 9 79 285 367 182 99 1 9 72 277 345 199 84 37 4 27 154 372 276 128 44 19 
1 7 21 122 278 290 189 116 3 21 125 215 284 203 122 51 13 48 182 292 242 156 71 20 
1 18 69 172 282 273 118 91 13 57 148 255 262 149 89 51 36 114 237 267 193 90 58 29 
4 68 75 152 264 233 127 101 28 107 127 266 232 134 63 67 89 95 179 273 190 98 44 56 
3 70 215 333 238 104 43 18 13 127 288 299 192 71 26 8 127 290 279 208 79 29 11 1 
4 128 335 291 140 66 41 19 9 106 397 261 132 61 36 22 213 359 241 107 56 36 12 0 
95 442 258 152 67 6 4 0 91 305 359 146 105 14 4 0 615 229 137 35 5 3 0 0 
273 266 90 70 115 146 63 1 155 314 125 80 75 140 123 12 544 100 82 144 132 22 0 0 
237 360 170 77 64 78 37 1 144 291 244 134 72 72 66 1 597 185 85 70 70 17 0 0 
34 146 227 166 184 195 56 16 19 111 225 167 161 209 116 16 263 211 152 199 164 25 6 4 
8 82 333 244 149 89 73 46 61 131 260 241 128 106 55 42 275 314 165 117 83 26 19 25 
23 76 209 229 148 136 75 128 69 153 253 182 131 85 74 77 255 212 177 123 100 63 53 41 
11 51 159 207 227 178 78 113 35 81 206 246 231 87 61 77 169 175 212 237 96 58 63 14 
16 173 175 170 165 150 86 89 119 208 148 173 150 115 60 51 263 170 167 187 117 61 32 27 
16 118 139 208 243 158 55 87 74 149 200 243 183 77 41 57 146 172 225 237 113 50 36 45 
88 246 231 196 156 63 23 21 203 262 242 190 80 25 18 4 352 270 237 105 35 21 4 0 
382 334 118 85 65 33 3 4 543 251 101 78 35 12 2 2 759 117 87 41 16 1 3 0 
59 230 290 220 143 67 13 2 135 242 272 242 107 20 5 1 409 292 188 103 28 3 1 0 
48 93 114 159 174 166 101 169 80 112 119 172 183 150 78 130 194 141 180 167 119 70 77 76 
15 135 246 246 176 122 62 22 24 108 287 208 213 114 50 20 284 263 182 148 89 42 14 2 
18 190 356 196 125 62 42 35 10 141 374 249 113 59 45 33 420 257 147 84 59 29 20 8 
30 332 289 134 99 106 30 4 10 155 372 195 97 114 68 13 458 238 114 102 88 24 0 0 
30 343 331 201 89 30 0 0 0 102 382 297 164 65 14 0 619 249 101 48 7 0 0 0 
22 369 402 160 49 17 3 2 0 160 401 287 127 33 12 4 707 208 81 21 3 4 0 0 
0 51 200 324 291 141 10 7 0 6 104 300 359 229 19 7 288 318 233 117 58 5 5 0 
0 18 175 227 223 252 87 42 0 11 108 272 281 214 87 51 212 196 173 197 159 55 22 10 
3 50 192 327 285 115 31 21 0 31 122 269 341 185 52 24 103 290 290 209 87 32 10 3 
32 198 181 173 250 148 39 3 42 140 148 195 200 200 92 7 236 224 151 197 139 74 3 0 
94 355 165 144 104 138 24 0 72 281 209 155 115 136 56 0 387 243 96 108 129 61 0 0 
426 232 75 62 91 99 38 1 394 236 84 60 91 105 52 2 533 166 71 88 102 51 13 0 
896 42 18 30 26 11 1 0 886 48 18 24 30 16 2 0 910 33 19 41 18 3 0 0 
1018 6 0 0 0 0 0 0 1018 6 0 0 0 0 0 0 1018 6 0 0 0 0 0 0 
1013 11 0 0 0 0 0 0 1013 11 0 0 0 0 0 0 1013 11 0 0 0 0 0 0 
1024 0 0 0 0 0 0 0 1024 0 0 0 0 0 0 0 1024 0 0 0 0 0 0 0 
1018 6 0 0 0 0 0 0 1018 6 0 0 0 0 0 0 1018 6 0 0 0 0 0 0 
1024 0 0 0 0 0 0 0 1024 0 0 0 0 0 0 0 1024 0 0 0 0 0 0 0 
0 4 25 80 153 245 352 165 4 19 65 168 346 212 132 78 22 79 132 248 288 140 95 20 
4 16 64 154 278 337 109 62 13 28 85 193 325 258 92 30 29 100 184 325 276 69 37 4 
0 2 20 130 293 322 159 98 0 16 102 244 330 196 94 42 9 44 170 319 275 125 64 18 
0 7 33 125 313 341 129 76 4 23 113 289 354 146 70 25 13 65 196 334 272 91 40 13 
0 2 7 67 263 370 215 100 0 8 50 241 365 220 93 47 5 18 154 322 312 140 60 13 
1 15 20 70 275 406 176 61 14 19 41 190 419 223 97 21 24 24 109 337 332 149 41 8 
0 16 101 182 290 307 97 31 6 33 126 252 321 202 66 18 32 129 206 260 280 90 25 2 
5 65 165 269 260 185 56 19 30 112 250 281 201 105 34 11 104 222 275 244 129 33 11 6 
8 62 207 264 212 125 65 81 61 180 235 248 131 62 49 58 135 226 239 184 96 51 39 54 
25 116 210 213 117 159 146 38 70 243 245 205 173 45 28 15 314 214 163 216 65 27 18 7 
51 159 251 134 131 190 105 3 133 249 209 139 165 97 32 0 389 206 114 191 115 9 0 0 
257 196 171 70 90 153 80 7 296 287 86 72 113 117 53 0 493 165 89 132 111 34 0 0 
168 365 225 88 103 62 9 4 203 293 252 126 93 47 10 0 623 167 88 112 25 7 2 0 
17 48 137 166 271 214 113 58 33 85 190 201 217 161 99 38 121 178 209 224 178 65 35 14 
3 7 25 61 59 100 199 570 1 9 26 66 71 130 187 534 19 27 62 40 67 146 167 496 
0 0 9 39 69 118 182 607 0 6 31 57 106 110 164 550 4 19 43 85 103 116 143 511 
1 11 45 135 220 187 193 232 20 57 112 188 178 194 132 143 50 85 156 194 171 149 126 93 
21 101 162 141 146 190 139 124 92 178 162 142 165 148 75 62 161 195 145 161 159 106 64 33 
64 304 171 191 157 53 39 45 156 262 211 187 105 44 27 32 253 242 224 144 69 39 24 29 
233 261 146 92 129 106 46 11 294 304 117 124 116 57 9 3 455 214 114 133 78 22 8 0 
108 209 242 153 167 112 23 10 239 272 185 173 107 37 10 1 373 246 182 147 61 10 5 0 
49 148 243 287 208 66 10 13 143 259 295 226 72 10 10 9 280 303 259 138 24 7 7 6 
29 110 214 237 194 134 54 52 53 158 220 283 164 77 29 40 219 265 222 155 92 30 23 18 
104 383 314 100 53 35 19 16 142 372 350 70 35 31 17 7 574 293 83 32 28 12 2 0 
104 359 248 153 82 43 23 12 86 285 253 223 83 56 25 13 466 265 162 72 35 20 4 0 
59 253 204 108 144 187 64 5 28 134 272 150 117 189 127 7 387 168 121 150 168 30 0 0 
174 507 162 68 50 50 13 0 14 457 279 117 65 51 37 4 680 159 73 48 42 22 0 0 
22 371 351 148 99 31 2 0 1 158 406 240 136 70 12 1 696 180 96 30 18 3 1 0 
0 42 373 401 162 35 9 2 0 9 164 438 295 103 14 1 537 325 123 28 8 3 0 0 
5 169 320 302 142 64 16 6 0 27 267 394 230 65 35 6 481 348 109 42 33 11 0 0 
0 144 278 296 172 67 43 24 1 32 285 347 218 64 44 33 262 334 206 116 46 35 22 3 
1 142 197 222 216 136 80 30 5 57 291 257 196 114 70 34 159 316 218 151 87 64 19 10 
196 459 201 96 40 12 20 0 251 428 166 104 35 13 20 7 539 311 98 40 14 22 0 0 
657 245 45 28 33 16 0 0 705 199 41 27 29 23 0 0 822 104 35 37 26 0 0 0 
739 118 50 49 51 17 0 0 715 139 49 47 52 21 1 0 803 92 47 64 18 0 0 0 
899 99 20 3 3 0 0 0 922 81 15 3 3 0 0 0 940 66 15 3 0 0 0 0 
997 26 1 0 0 0 0 0 997 26 1 0 0 0 0 0 997 26 1 0 0 0 0 0 
998 21 5 0 0 0 0 0 998 21 5 0 0 0 0 0 998 21 5 0 0 0 0 0 
1006 18 0 0 0 0 0 0 958 66 0 0 0 0 0 0 1014 10 0 0 0 0 0 0 
1019 5 0 0 0 0 0 0 983 41 0 0 0 0 0 0 1019 5 0 0 0 0 0 0 
1 28 40 117 315 234 155 134 19 42 194 260 170 145 142 52 68 177 318 141 88 83 120 29 
1 14 61 114 217 281 208 128 7 48 106 176 279 209 144 55 34 69 128 225 260 182 106 20 
0 6 26 119 268 338 200 67 2 23 116 239 331 218 74 21 12 47 175 302 315 131 33 9 
1 14 45 94 304 333 160 73 14 44 108 278 324 185 53 18 34 65 193 354 250 91 28 9 
2 21 52 108 301 306 139 95 10 57 78 254 339 177 62 47 38 55 169 315 257 106 49 35 
2 10 23 96 120 290 369 114 2 26 99 100 155 411 160 71 18 49 106 91 207 360 141 52 
0 11 44 143 156 212 264 194 5 37 122 141 122 244 220 133 18 85 127 128 141 243 170 112 
2 31 36 127 137 212 181 298 5 29 31 135 140 200 200 284 26 94 69 123 177 156 158 221 
208 223 151 150 132 102 37 21 335 168 136 117 122 84 47 15 421 192 146 137 74 34 14 6 
34 142 140 143 108 217 224 16 147 229 126 162 312 30 7 11 341 128 155 303 77 10 10 0 
144 336 193 98 65 109 76 3 256 352 124 120 123 40 8 1 540 192 117 129 37 8 1 0 
39 145 145 144 128 157 141 125 99 203 125 121 170 141 105 60 305 140 128 127 145 83 55 41 
57 169 296 246 138 76 33 9 64 170 322 254 133 53 25 3 337 283 205 120 55 18 6 0 
11 36 119 240 349 184 69 16 39 68 175 315 266 111 37 13 74 183 336 266 111 44 10 0 
6 33 168 125 134 176 221 161 46 145 138 95 144 174 177 105 89 179 87 118 139 177 180 55 
1 68 123 100 188 237 205 102 81 122 98 173 206 210 99 35 161 101 138 199 207 149 62 7 
0 8 42 59 84 163 199 469 28 51 55 92 149 137 130 382 58 49 69 137 135 97 159 320 
0 3 39 116 161 161 246 298 15 41 136 124 216 160 142 190 41 121 121 189 171 138 126 117 
2 4 19 49 81 182 294 393 4 19 47 76 149 201 271 257 12 34 60 105 157 214 230 212 
0 8 75 110 164 173 263 231 5 55 66 154 150 159 257 178 44 100 108 140 133 141 251 107 
0 17 44 119 238 131 226 249 6 43 84 234 126 124 200 207 29 67 127 214 99 175 187 126 
12 67 97 89 201 145 142 271 62 92 70 148 156 130 146 220 114 81 103 146 142 132 151 155 
96 353 302 149 69 35 17 3 197 448 213 82 49 22 10 3 565 273 95 52 23 14 2 0 
228 443 234 80 21 17 1 0 283 430 209 51 42 9 0 0 618 298 74 24 10 0 0 0 
203 168 176 129 158 172 18 0 175 139 152 149 128 219 57 5 361 191 128 214 101 25 4 0 
91 352 142 70 108 222 37 2 35 309 196 90 84 212 89 9 477 125 69 141 189 22 1 0 
114 158 211 155 167 130 82 7 120 65 163 191 166 157 128 34 301 207 162 150 136 59 9 0 
155 496 186 85 42 30 16 14 108 474 232 82 59 38 23 8 743 128 68 31 31 16 7 0 
18 361 308 202 112 22 1 0 41 309 264 198 148 62 2 0 675 226 101 21 1 0 0 0 
23 67 182 227 257 183 74 11 51 68 104 222 254 205 104 16 196 160 205 243 162 54 4 0 
8 43 157 264 274 151 109 18 39 97 185 287 203 121 80 12 231 254 227 133 118 59 2 0 
0 50 83 124 223 270 155 119 36 79 83 159 177 220 173 97 112 109 163 170 157 172 99 42 
31 204 296 95 101 135 135 27 28 361 154 86 108 108 130 49 189 346 91 101 124 92 75 6 
218 516 124 57 43 37 24 5 352 412 96 52 44 34 23 11 446 373 89 51 29 25 10 1 
605 227 149 40 3 0 0 0 632 226 135 29 2 0 0 0 653 199 135 35 2 0 0 0 
531 303 134 56 0 0 0 0 538 281 172 33 0 0 0 0 560 285 141 38 0 0 0 0 
788 163 65 8 0 0 0 0 780 123 96 25 0 0 0 0 792 160 62 10 0 0 0 0 
691 242 84 7 0 0 0 0 682 247 71 24 0 0 0 0 726 199 75 24 0 0 0 0 
860 100 47 17 0 0 0 0 816 138 45 24 1 0 0 0 862 99 43 19 1 0 0 0 
841 179 4 0 0 0 0 0 730 283 11 0 0 0 0 0 893 128 3 0 0 0 0 0 
0 0 12 60 184 365 281 122 0 10 49 144 328 320 145 28 3 19 75 207 307 282 113 18 
0 4 25 116 277 323 180 99 1 22 95 253 321 193 88 51 3 40 172 279 305 134 60 31 
8 24 75 237 393 228 56 3 9 52 174 372 294 109 13 1 38 121 316 358 164 25 2 0 
3 50 116 279 323 198 47 8 26 91 230 263 270 105 33 6 66 157 275 293 185 38 8 2 
95 168 123 143 203 181 102 9 96 184 139 160 217 162 53 13 291 155 149 170 140 108 11 0 
0 1 29 46 95 379 441 33 0 16 46 71 277 546 65 3 5 53 50 134 432 333 17 0 
18 87 96 148 190 214 209 62 59 83 110 167 203 210 154 38 148 120 150 195 187 141 72 11 
2 35 95 180 270 262 136 44 6 27 82 179 242 282 159 47 76 121 222 243 223 103 33 3 
120 94 137 192 225 178 57 21 106 81 136 187 224 182 82 26 289 196 190 172 119 45 13 0 
232 171 198 184 113 85 36 5 234 173 186 167 115 90 48 11 465 206 154 111 70 13 4 1 
157 184 161 186 161 120 52 3 170 132 152 181 177 129 75 8 390 191 186 131 97 28 1 0 
21 60 127 265 317 186 38 10 22 56 94 214 290 252 83 13 141 271 264 245 82 14 7 0 
55 170 155 191 230 181 35 7 113 189 169 219 225 69 32 8 275 187 206 249 79 25 3 0 
3 49 130 289 328 159 50 16 28 102 206 321 239 85 35 8 113 201 326 260 78 36 10 0 
1 29 90 161 271 257 140 75 21 69 113 249 220 180 123 49 77 120 218 254 187 104 39 25 
1 7 37 114 188 222 192 263 17 42 107 191 184 182 141 160 28 73 146 197 166 150 118 146 
17 84 87 53 113 231 356 83 141 71 87 238 404 71 10 2 177 64 177 421 157 24 3 1 
0 2 12 38 72 301 536 63 7 37 69 232 531 139 9 0 29 53 176 488 242 32 4 0 
0 15 29 80 133 193 306 268 34 35 79 133 203 116 227 197 53 54 106 194 141 135 214 127 
0 9 53 120 280 143 209 210 10 34 89 230 185 164 187 125 26 71 130 254 143 185 161 54 
0 4 30 91 140 90 276 393 1 32 71 116 87 108 297 312 9 54 88 117 79 171 296 210 
0 0 0 21 85 113 269 536 0 0 4 37 98 108 270 507 0 2 11 48 102 108 329 424 
159 204 261 160 96 61 62 21 217 275 244 101 68 57 53 9 351 288 151 88 63 55 28 0 
259 253 184 162 96 65 5 0 251 214 159 127 174 87 12 0 448 226 179 127 41 3 0 0 
423 178 73 50 163 123 14 0 460 99 109 40 83 191 42 0 617 60 57 169 103 18 0 0 
292 299 147 87 89 80 27 3 337 226 155 105 72 105 24 0 638 174 67 87 51 7 0 0 
120 288 243 168 85 63 47 10 198 210 233 184 99 52 44 4 536 204 139 66 65 13 1 0 
239 368 131 59 60 70 53 44 361 337 87 57 63 61 40 18 631 134 65 58 65 36 28 7 
147 552 174 46 42 22 12 29 370 454 95 42 20 13 15 15 751 141 45 36 17 12 14 8 
155 404 145 120 73 75 52 0 291 192 227 119 68 53 74 0 572 161 124 52 59 53 3 0 
26 48 122 140 225 215 193 55 49 135 119 131 250 219 89 32 163 138 128 236 217 99 32 11 
30 80 86 120 173 235 165 135 75 71 103 81 216 204 176 98 164 126 114 157 184 139 83 57 
4 92 228 171 162 146 132 89 26 162 213 162 146 114 142 59 158 256 158 115 121 125 61 30 
72 320 218 145 124 103 31 11 129 385 180 155 122 28 19 6 262 373 146 139 72 24 8 0 
536 443 39 4 2 0 0 0 603 380 36 4 1 0 0 0 699 301 22 2 0 0 0 0 
460 211 259 79 15 0 0 0 489 254 225 39 17 0 0 0 542 249 195 34 4 0 0 0 
50 268 267 126 123 58 61 71 136 285 199 143 94 55 52 60 135 303 207 153 73 56 55 42 
627 337 49 11 0 0 0 0 588 347 71 16 2 0 0 0 726 239 48 11 0 0 0 0 
77 114 178 395 259 1 0 0 59 129 163 367 300 6 0 0 72 111 160 295 365 21 0 0 
29 78 315 585 17 0 0 0 26 92 336 555 15 0 0 0 38 106 351 515 14 0 0 0 
14 93 120 215 275 228 53 26 89 131 229 270 224 53 16 12 126 174 251 243 171 38 13 8 
0 10 92 257 287 236 100 42 6 71 246 273 261 115 44 8 20 151 252 294 193 80 28 6 
10 42 127 265 351 180 47 2 15 58 141 278 327 170 32 3 73 163 325 300 125 37 1 0 
4 56 191 322 235 153 55 8 3 43 150 290 225 193 98 22 85 225 303 205 152 48 6 0 
67 117 105 161 266 230 74 4 57 102 77 152 222 258 143 13 200 127 186 250 182 75 4 0 
36 77 103 200 288 229 75 16 29 106 92 148 294 244 85 26 141 183 251 274 130 35 9 1 
72 114 135 134 178 253 104 34 68 111 126 130 189 214 148 38 260 127 150 195 198 67 26 1 
12 40 88 180 280 280 113 31 10 33 68 141 260 306 161 45 102 123 222 290 200 66 19 2 
4 41 109 226 281 228 113 22 1 26 82 197 256 263 158 41 115 197 242 255 159 42 11 3 
13 114 150 213 293 140 74 27 18 101 123 195 277 167 109 34 232 203 254 177 93 42 14 9 
142 285 276 166 97 45 13 0 87 247 275 195 125 68 25 2 465 278 156 82 35 8 0 0 
25 78 191 227 232 169 84 18 18 51 171 204 237 208 95 40 208 210 218 212 117 44 13 2 
16 77 151 222 294 181 67 16 27 108 171 252 249 134 73 10 151 186 266 263 104 47 7 0 
14 89 129 195 286 246 49 16 58 129 144 247 306 114 19 7 149 147 228 305 164 19 10 2 
0 3 53 137 259 392 147 33 0 43 105 216 394 189 58 19 24 100 174 314 311 77 22 2 
0 13 79 231 277 214 120 90 14 78 168 270 223 130 87 54 48 152 267 234 157 89 63 14 
18 43 118 261 324 162 74 24 42 121 257 319 174 69 33 9 96 190 312 232 139 38 9 8 
6 102 211 152 145 209 112 87 83 247 161 167 189 81 37 59 161 243 182 170 134 49 47 38 
0 3 17 11 16 68 537 372 8 13 11 15 25 224 543 185 18 11 10 17 71 376 422 99 
0 0 0 3 44 125 451 401 0 0 0 9 69 177 492 277 0 0 0 30 90 261 474 169 
0 0 0 13 129 101 321 460 0 0 1 94 95 147 310 377 0 0 17 135 93 192 298 289 
0 0 0 110 391 144 176 203 0 0 1 196 384 119 197 127 0 0 27 251 349 136 206 55 
2 71 161 261 168 104 155 102 34 118 190 240 140 93 150 59 123 116 205 221 104 86 149 20 
156 471 224 99 37 13 17 7 247 404 202 105 36 13 10 7 531 299 114 52 10 14 4 0 
411 247 173 49 48 78 16 2 402 180 221 67 36 87 29 2 671 160 52 54 69 16 2 0 
559 58 125 166 69 45 2 0 570 49 125 144 90 44 2 0 654 153 143 60 14 0 0 0 
167 358 187 149 82 46 17 18 367 246 149 121 73 41 16 11 545 198 135 78 33 20 13 2 
20 116 158 231 78 164 216 41 56 218 249 72 208 190 29 2 185 266 112 125 247 82 6 1 
8 14 263 292 106 115 200 26 17 135 411 116 144 176 24 1 47 435 152 87 233 62 8 0 
207 274 205 115 97 88 29 9 274 171 258 114 102 61 35 9 473 239 121 97 63 25 6 0 
75 74 68 136 208 200 162 101 77 75 70 119 203 219 171 90 170 89 144 191 168 149 91 22 
45 69 100 168 194 218 118 112 114 93 142 151 155 213 92 64 159 137 145 186 186 103 65 43 
3 28 63 168 279 269 140 74 35 55 154 266 274 143 71 26 57 94 212 273 222 94 63 9 
0 5 17 126 477 297 60 42 3 18 118 456 314 63 36 16 11 37 253 462 178 51 25 7 
111 190 190 321 171 37 4 0 172 247 355 207 36 7 0 0 230 288 371 112 19 4 0 0 
309 146 134 275 136 17 7 0 322 143 145 367 29 16 2 0 388 150 175 281 20 10 0 0 
0 4 88 345 393 87 52 55 2 26 197 512 151 60 36 40 2 47 315 423 118 53 33 33 
641 166 156 47 6 7 1 0 689 171 119 37 6 2 0 0 679 166 139 32 6 2 0 0 
87 189 265 364 102 9 5 3 124 240 217 305 120 12 3 3 164 231 160 295 154 11 6 3 
4 288 401 308 23 0 0 0 34 319 423 246 2 0 0 0 134 256 402 228 4 0 0 0 
4 61 83 165 166 73 92 380 49 73 107 199 89 59 73 375 91 92 199 118 40 46 79 359 
36 210 187 245 178 102 38 28 110 233 203 240 118 68 25 27 256 217 245 163 71 41 15 16 
133 323 251 164 89 48 8 8 141 323 246 151 82 65 11 5 379 298 188 97 44 10 7 1 
21 63 147 216 334 204 39 0 19 53 111 192 292 260 90 7 127 198 282 251 136 30 0 0 
2 36 162 265 271 198 66 24 14 43 133 243 270 213 88 20 120 202 260 229 155 43 10 5 
3 46 166 221 291 207 72 18 6 80 169 220 230 226 76 17 140 198 235 250 144 44 13 0 
10 46 125 260 267 202 87 27 12 47 123 234 278 196 110 24 112 196 255 252 139 48 17 5 
30 152 247 247 177 108 42 21 30 148 211 224 216 114 59 22 332 249 208 132 59 34 10 0 
26 114 162 182 197 174 100 69 27 119 151 174 200 181 101 71 266 196 204 161 110 61 26 0 
11 78 197 212 237 184 90 15 28 104 131 208 227 204 102 20 214 236 222 187 127 33 2 3 
106 242 256 175 115 70 39 21 94 197 271 184 126 81 42 29 452 245 149 88 56 25 9 0 
19 135 226 228 254 138 19 5 10 95 180 228 236 201 68 6 305 243 260 163 47 5 1 0 
18 87 160 229 250 181 72 27 18 62 120 193 250 233 114 34 207 205 246 198 113 39 16 0 
9 45 75 191 325 261 96 22 14 33 69 144 306 285 137 36 112 160 283 276 142 45 6 0 
29 90 113 212 231 217 113 19 40 94 121 209 246 202 92 20 162 146 248 222 170 68 8 0 
9 61 75 203 287 237 102 50 54 68 150 275 243 141 69 24 95 133 263 280 151 78 22 2 
28 103 143 158 225 200 103 64 121 143 146 185 194 125 64 46 193 148 194 200 156 74 36 23 
114 236 179 161 122 92 67 53 273 236 143 130 101 72 48 21 363 208 158 114 85 60 27 9 
110 58 32 47 84 155 326 212 153 44 40 61 108 185 375 58 166 43 49 68 138 277 273 10 
0 0 1 13 17 58 453 482 0 3 13 16 13 127 575 277 0 10 8 16 30 255 574 131 
0 2 49 46 71 89 315 452 0 29 61 48 69 96 381 340 9 78 46 53 70 125 439 204 
0 32 122 223 205 156 144 142 0 39 140 216 220 148 152 109 10 125 106 263 212 100 150 58 
67 273 188 212 115 72 63 34 77 306 171 223 101 68 62 16 259 216 131 194 100 73 38 13 
117 457 383 63 4 0 0 0 141 439 398 43 3 0 0 0 386 384 242 12 0 0 0 0 
543 287 96 55 14 9 16 4 585 252 124 27 12 14 8 2 740 151 80 22 9 16 5 1 
165 179 208 219 150 79 19 5 246 229 226 195 94 28 6 0 400 227 220 117 50 10 0 0 
106 219 203 200 119 91 49 37 281 189 231 125 102 50 30 16 344 219 208 109 66 50 16 12 
176 251 371 100 49 31 28 18 260 526 108 56 34 21 10 9 546 307 75 32 42 12 10 0 
218 223 300 89 45 63 86 0 274 450 109 53 87 51 0 0 440 359 59 65 101 0 0 0 
308 220 81 66 61 216 61 11 342 203 85 52 49 195 82 16 486 133 56 61 196 78 13 1 
0 0 1 44 91 276 395 217 0 0 27 77 199 396 181 144 0 9 66 89 361 260 164 75 
0 17 107 148 215 165 172 200 8 61 163 127 167 191 169 138 43 126 133 183 157 148 135 99 
1 13 64 227 296 236 134 53 8 40 187 301 228 134 96 30 24 120 261 282 168 108 50 11 
0 7 80 238 407 206 45 41 3 68 201 415 223 62 33 19 21 100 309 385 132 36 28 13 
2 33 195 366 292 97 31 8 33 178 350 300 117 37 7 2 73 262 378 222 62 22 4 1 
451 216 191 146 19 1 0 0 542 230 143 106 3 0 0 0 605 236 117 64 2 0 0 0 
342 101 230 332 18 1 0 0 399 173 360 89 3 0 0 0 408 327 258 31 0 0 0 0 
769 122 85 44 4 0 0 0 792 141 70 21 0 0 0 0 803 145 63 13 0 0 0 0 
716 139 94 75 0 0 0 0 689 143 64 89 39 0 0 0 727 125 69 102 1 0 0 0 
834 174 11 3 2 0 0 0 893 115 11 3 2 0 0 0 903 105 11 3 2 0 0 0 
0 5 15 68 271 328 220 117 0 6 16 102 315 314 185 86 13 20 99 220 325 187 95 65 
0 19 90 224 372 250 65 4 0 36 121 260 318 211 74 4 42 128 261 347 209 35 2 0 
3 15 116 302 320 212 49 7 5 23 86 207 348 248 94 13 69 216 336 231 129 35 7 1 
9 67 184 308 260 155 38 3 5 43 137 284 310 176 63 6 137 225 290 234 115 22 1 0 
6 26 93 174 265 234 167 59 7 40 77 177 254 242 167 60 68 107 218 231 202 152 41 5 
1 34 85 156 348 317 68 15 4 36 90 133 324 324 97 16 72 123 200 345 223 48 12 1 
3 33 87 240 338 215 74 34 2 25 77 204 337 254 81 44 71 165 283 294 132 48 31 0 
16 74 136 219 267 204 85 23 4 62 121 204 279 209 120 25 156 185 259 222 146 52 4 0 
11 88 118 199 250 204 118 36 21 96 135 242 234 181 89 26 134 177 234 247 155 68 9 0 
7 56 139 275 235 133 116 63 9 84 186 260 207 109 103 66 139 228 257 173 107 82 30 8 
49 175 122 127 157 225 129 40 65 181 117 113 164 208 128 48 260 129 136 186 195 102 15 1 
60 210 210 148 193 136 49 18 85 201 209 166 172 129 47 15 305 203 168 181 108 47 12 0 
47 281 220 200 163 77 21 15 90 238 247 210 136 72 22 9 362 266 182 111 66 25 12 0 
14 69 149 228 260 187 79 38 18 106 163 223 223 185 68 38 163 173 220 244 146 49 21 8 
1 77 150 177 214 243 118 44 37 148 157 167 213 174 93 35 166 149 171 251 187 74 26 0 
5 49 112 243 272 238 85 20 38 92 165 240 246 179 53 11 86 186 264 244 169 59 14 2 
5 44 114 238 280 229 89 25 31 94 180 239 237 169 53 21 109 179 255 239 174 48 18 2 
39 118 149 167 276 212 53 10 72 149 173 231 260 116 20 3 170 181 220 286 135 28 3 1 
319 202 131 160 107 54 32 19 376 174 158 151 81 40 28 16 491 156 171 94 57 31 16 8 
164 207 217 216 101 64 40 15 177 252 254 124 100 67 36 14 318 283 190 107 72 39 15 0 
228 299 244 123 66 36 24 4 226 360 178 121 74 34 26 5 504 239 119 90 38 26 7 1 
190 354 273 110 50 29 13 5 158 295 310 145 68 26 17 5 430 344 150 44 24 22 10 0 
369 393 156 48 20 21 17 0 318 391 191 59 25 14 23 3 579 296 75 28 16 19 11 0 
171 318 270 127 47 42 23 26 195 331 252 108 55 43 23 17 426 297 146 68 35 29 18 5 
11 50 99 199 209 202 132 122 36 83 153 226 213 146 105 62 80 123 197 209 174 120 79 42 
10 79 194 195 257 174 73 42 77 176 205 215 192 89 49 21 155 221 211 242 100 59 27 9 
2 59 154 198 288 223 67 33 56 150 209 276 221 69 28 15 115 188 261 265 123 43 24 5 
77 117 205 241 180 113 66 25 136 183 228 228 133 76 31 9 219 219 243 195 82 44 15 7 
15 78 230 240 191 120 76 74 32 129 275 217 157 94 58 62 136 276 213 160 97 65 42 35 
46 93 150 222 197 173 96 47 48 114 189 206 174 176 82 35 177 167 202 181 164 91 25 17 
2 32 94 156 156 247 243 94 4 34 118 154 190 323 146 55 72 124 128 143 253 205 73 26 
7 45 57 128 298 314 150 25 30 46 81 149 298 285 120 15 66 86 192 308 232 107 26 7 
46 152 136 178 174 133 98 107 102 212 151 175 148 104 97 35 232 189 172 147 97 103 69 15 
0 19 48 117 184 198 272 186 21 42 111 183 166 202 210 89 39 75 174 144 174 222 146 50 
2 21 110 337 290 120 75 69 18 79 348 271 138 64 67 39 35 157 376 221 93 73 36 33 
102 278 232 199 165 36 11 1 211 356 220 183 40 13 1 0 238 362 260 126 30 8 0 0 
619 343 52 7 2 1 0 0 642 327 46 6 3 0 0 0 714 262 42 3 3 0 0 0 
836 157 11 4 6 3 6 1 848 142 13 6 4 5 6 0 889 112 7 6 4 5 1 0 
833 138 44 9 0 0 0 0 838 136 42 7 1 0 0 0 873 113 30 8 0 0 0 0 
896 92 22 6 4 4 0 0 900 88 21 6 5 4 0 0 909 86 11 5 6 4 3 0 
0 8 34 165 375 337 89 16 0 5 30 118 360 335 154 22 10 56 203 342 282 110 21 0 
2 10 36 162 380 302 108 24 0 13 23 108 350 338 161 31 32 55 205 379 256 79 18 0 
0 3 24 147 442 314 78 16 0 0 11 83 344 400 154 32 28 62 285 359 211 60 16 3 
0 5 55 209 301 299 124 31 1 5 36 178 303 310 155 36 20 76 242 260 261 136 27 2 
0 1 13 74 243 376 226 91 0 2 6 67 230 359 266 94 2 16 99 234 346 231 83 13 
0 0 12 141 470 329 67 5 0 0 4 65 364 441 144 6 6 73 302 432 156 49 4 2 
1 3 38 169 367 332 91 23 0 4 23 102 310 382 167 36 12 63 253 327 229 113 26 1 
1 36 77 176 281 257 144 52 1 36 73 177 252 258 170 57 81 135 200 228 210 117 41 12 
0 29 130 285 229 168 117 66 15 113 210 213 196 140 95 42 116 244 227 176 132 78 48 3 
6 53 88 174 220 232 154 97 17 84 90 171 214 219 150 79 110 108 194 209 194 126 75 8 
8 38 107 171 239 237 165 59 19 49 128 169 225 222 148 64 92 114 218 227 194 130 34 15 
0 5 29 103 264 260 243 120 0 5 30 125 241 277 218 128 15 58 141 275 244 187 86 18 
3 19 62 171 318 282 131 38 5 31 89 201 312 257 104 25 45 98 256 277 220 90 34 4 
0 25 93 187 289 250 134 46 3 36 103 216 281 240 110 35 102 138 228 266 185 78 26 1 
17 38 102 152 217 247 145 106 21 64 88 135 229 245 150 92 136 139 179 199 201 101 62 7 
2 39 89 177 236 243 176 62 2 36 92 173 226 249 164 82 90 125 207 221 188 155 37 1 
6 44 98 217 256 264 108 31 14 56 114 224 264 231 97 24 99 150 209 267 195 83 19 2 
4 51 153 233 254 205 94 30 14 76 182 221 248 162 97 24 105 186 240 225 175 69 22 2 
66 125 183 235 183 131 72 29 83 126 175 238 178 122 68 34 183 212 237 183 110 73 26 0 
89 178 178 191 175 135 47 31 149 187 192 174 161 92 43 26 299 188 189 181 96 43 24 4 
187 253 255 139 129 46 13 2 257 259 241 140 82 34 10 1 404 272 180 95 56 13 3 1 
431 332 170 64 17 7 3 0 460 318 178 54 10 4 0 0 617 270 119 12 3 3 0 0 
169 362 236 112 69 40 30 6 202 373 213 96 70 42 25 3 475 288 100 81 42 29 8 1 
327 301 211 102 47 13 14 9 372 303 196 88 33 17 8 7 591 252 104 40 20 10 5 2 
25 84 174 293 220 145 68 15 52 126 226 286 189 78 57 10 150 220 291 201 89 61 7 5 
8 31 95 194 298 257 120 21 24 73 160 249 274 190 42 12 67 136 232 252 237 82 17 1 
3 45 137 223 289 190 77 60 41 105 161 259 255 118 43 42 108 178 243 258 128 53 24 32 
0 44 111 250 282 181 97 59 9 88 149 299 216 140 78 45 70 146 289 234 134 100 36 15 
21 116 205 216 186 140 71 69 59 170 194 202 181 109 59 50 207 206 194 162 125 63 29 38 
45 167 265 229 180 81 36 21 19 143 264 253 196 86 43 20 235 252 236 170 76 32 16 7 
8 69 169 254 302 184 36 2 8 73 156 232 303 201 48 3 129 188 279 294 111 23 0 0 
1 28 80 169 297 293 99 57 12 50 86 203 350 214 78 31 47 105 245 265 223 94 28 17 
7 48 190 271 233 152 80 43 13 78 203 285 183 151 83 28 104 227 274 189 132 54 27 17 
4 37 133 267 356 159 54 14 21 81 158 313 255 136 52 8 70 167 319 264 128 58 17 1 
0 22 176 410 256 106 40 14 7 85 313 336 179 67 27 10 51 253 413 202 67 24 8 6 
136 195 164 222 193 83 24 7 224 173 183 229 150 51 9 5 320 201 232 173 81 12 3 2 
425 321 115 69 50 21 8 15 484 289 94 59 53 22 10 13 609 228 84 49 30 9 10 5 
241 247 168 118 122 71 41 16 330 252 148 107 92 57 27 11 383 259 136 96 78 53 17 2 
259 195 224 181 121 43 1 0 354 238 210 153 60 8 1 0 407 265 189 115 45 3 0 0 
798 166 36 13 3 4 0 4 834 142 29 11 3 1 2 2 856 123 28 9 1 3 1 3 
