0 0 0 0 439 444 141 0 0 0 0 0 156 642 226 0 0 0 0 0 0 0 724 300 
0 0 0 0 195 728 101 0 0 0 0 0 35 743 246 0 0 0 0 0 0 0 555 469 
0 0 0 0 24 400 536 64 0 0 0 0 0 283 714 27 0 0 0 0 0 0 152 872 
0 0 0 0 0 288 193 543 0 0 0 0 0 249 311 464 0 0 0 0 0 0 73 951 
0 0 0 0 0 214 481 329 0 0 0 0 0 175 572 277 0 0 0 0 0 0 63 961 
70 78 91 63 119 303 291 9 9 42 67 90 88 360 357 11 37 70 88 71 52 33 185 488 
152 178 173 214 285 16 6 0 49 106 136 176 317 232 6 2 106 140 175 140 105 44 307 7 
82 117 104 372 328 21 0 0 45 114 92 117 492 162 2 0 61 92 103 102 106 156 401 3 
46 133 200 419 220 6 0 0 20 132 109 210 497 56 0 0 7 66 124 123 126 379 199 0 
0 0 0 0 0 99 925 0 0 0 0 0 0 14 1010 0 0 0 0 0 0 0 5 1019 
0 0 2 9 24 599 390 0 0 0 0 0 11 258 755 0 0 0 0 4 8 9 83 920 
45 81 129 101 45 70 347 206 14 60 89 91 107 68 434 161 27 79 108 113 58 21 23 595 
233 160 129 100 44 24 117 217 117 142 149 135 95 52 185 149 180 155 143 114 54 32 30 316 
72 69 168 222 121 86 103 183 46 66 148 213 149 87 175 140 56 68 123 211 143 64 74 285 
278 281 216 145 84 7 8 5 78 174 235 244 154 119 15 5 176 252 252 188 121 24 1 10 
386 227 151 99 125 36 0 0 251 203 200 162 102 93 13 0 287 205 199 113 92 43 59 26 
415 173 128 103 148 56 1 0 306 184 148 112 134 123 17 0 333 155 144 101 99 73 89 30 
256 226 156 217 161 8 0 0 118 235 188 145 247 88 3 0 148 191 170 121 120 120 150 4 
196 278 188 47 19 15 281 0 56 177 281 149 52 22 281 6 90 239 269 90 32 15 21 268 
156 252 244 164 80 55 63 10 35 157 260 233 163 79 87 10 82 209 256 216 102 55 31 73 
296 246 217 149 67 32 15 2 176 228 247 205 92 52 18 6 217 242 241 181 83 35 18 7 
333 364 194 96 31 6 0 0 112 248 333 223 86 18 4 0 196 333 291 149 45 7 3 0 
107 207 219 204 113 134 34 6 24 146 219 234 172 111 109 9 48 167 205 213 147 81 65 98 
401 289 169 70 52 28 14 1 171 237 234 181 98 56 40 7 267 280 215 135 77 39 11 0 
334 320 171 60 46 48 41 4 170 296 273 105 64 44 54 18 190 330 242 92 46 35 35 54 
421 358 142 43 26 18 9 7 185 380 283 88 40 24 16 8 260 368 260 54 31 21 11 19 
565 288 124 44 3 0 0 0 270 383 221 99 44 7 0 0 388 355 169 92 16 3 1 0 
384 420 169 43 7 1 0 0 107 343 403 127 36 7 1 0 180 439 315 76 13 0 1 0 
257 446 224 79 14 3 1 0 60 280 425 205 40 11 3 0 122 400 332 139 25 5 1 0 
221 441 244 82 32 4 0 0 66 315 370 178 59 33 3 0 115 415 335 113 35 10 1 0 
281 309 260 130 37 7 0 0 82 228 288 258 123 42 3 0 176 277 320 182 65 4 0 0 
169 368 355 104 24 4 0 0 34 190 372 321 97 9 1 0 72 301 402 200 42 7 0 0 
343 245 185 119 101 26 5 0 120 227 195 191 126 110 53 2 245 231 211 160 119 52 6 0 
278 386 253 72 31 3 1 0 69 272 348 237 67 29 2 0 130 313 381 141 46 12 1 0 
305 405 226 66 18 4 0 0 101 280 363 200 61 16 3 0 171 352 338 131 26 6 0 0 
353 411 160 67 25 7 1 0 109 359 336 137 52 26 4 1 208 409 263 99 38 6 1 0 
149 316 304 227 25 3 0 0 18 169 409 393 31 3 1 0 45 258 346 294 78 3 0 0 
71 303 279 208 97 50 15 1 24 183 337 314 96 56 14 0 46 244 308 226 146 46 8 0 
158 262 149 123 125 110 82 15 20 236 232 173 158 135 65 5 97 293 196 154 123 106 53 2 
195 271 273 187 55 30 9 4 70 174 266 283 174 42 15 0 124 268 319 221 57 27 8 0 
666 253 91 12 2 0 0 0 406 335 199 80 4 0 0 0 522 315 151 34 2 0 0 0 
220 293 197 139 100 51 22 2 60 221 311 197 120 82 33 0 172 344 264 135 83 26 0 0 
452 228 109 86 69 40 33 7 246 343 196 135 51 34 18 1 398 383 160 52 22 7 1 1 
324 330 221 107 27 14 1 0 143 353 278 184 54 11 1 0 283 409 222 88 19 3 0 0 
337 304 197 91 59 17 15 4 209 357 235 123 55 38 5 2 270 330 220 116 59 21 7 1 
67 129 86 47 16 15 561 103 13 104 130 74 28 53 622 0 29 125 119 55 19 20 644 13 
11 73 267 295 183 121 71 3 12 53 80 301 358 162 58 0 13 61 199 362 215 139 35 0 
117 176 246 196 136 90 57 6 52 111 185 253 245 127 50 1 138 214 278 267 97 25 5 0 
144 281 277 176 74 49 22 1 52 183 276 286 145 63 19 0 162 317 290 197 49 8 1 0 
41 146 238 248 151 106 61 33 22 109 236 306 184 116 48 3 52 207 310 247 114 56 30 8 
26 137 209 217 181 120 100 34 21 164 229 227 215 115 50 3 162 270 299 207 66 11 8 1 
68 185 199 203 162 110 66 31 47 243 279 191 150 76 33 5 238 377 234 125 43 7 0 0 
136 231 186 164 136 83 62 26 68 267 298 174 102 77 38 0 256 356 253 112 45 2 0 0 
123 248 206 162 126 89 47 23 107 293 275 171 98 56 22 2 252 388 256 102 24 2 0 0 
