0 0 0 0 0 0 0 1024 0 0 0 0 0 0 0 1024 0 0 0 0 0 0 0 1024 
0 0 0 0 0 0 0 1024 0 0 0 0 0 0 0 1024 0 0 0 0 0 0 0 1024 
0 0 0 0 0 0 0 1024 0 0 0 0 0 0 0 1024 0 0 0 0 0 0 0 1024 
0 0 0 0 0 0 0 1024 0 0 0 0 0 0 0 1024 0 0 0 0 0 0 0 1024 
0 0 0 0 0 0 0 1024 0 0 0 0 0 0 0 1024 0 0 0 0 0 0 0 1024 
0 0 0 0 0 0 0 1024 0 0 0 0 0 0 0 1024 0 0 0 0 0 0 0 1024 
0 0 0 0 0 0 0 1024 0 0 0 0 0 0 0 1024 0 0 0 0 0 0 0 1024 
0 0 0 0 0 0 0 1024 0 0 0 0 0 0 0 1024 0 0 0 0 0 0 0 1024 
0 0 0 0 0 0 0 1024 0 0 0 0 0 0 0 1024 0 0 0 0 0 0 0 1024 
0 0 0 0 0 0 0 1024 0 0 0 0 0 0 0 1024 0 0 0 0 0 0 0 1024 
0 0 0 0 0 0 0 1024 0 0 0 0 0 0 0 1024 0 0 0 0 0 0 0 1024 
0 0 0 0 0 0 0 1024 0 0 0 0 0 0 0 1024 0 0 0 0 0 0 0 1024 
0 0 0 0 0 0 0 1024 0 0 0 0 0 0 0 1024 0 0 0 0 0 0 0 1024 
0 0 0 0 0 0 0 1024 0 0 0 0 0 0 0 1024 0 0 0 0 0 0 0 1024 
0 0 0 0 0 0 0 1024 0 0 0 0 0 0 0 1024 0 0 0 0 0 0 0 1024 
0 0 0 0 0 0 0 1024 0 0 0 0 0 0 0 1024 0 0 0 0 0 0 0 1024 
0 0 0 0 0 0 0 1024 0 0 0 0 0 0 0 1024 0 0 0 0 0 0 0 1024 
0 0 0 0 0 0 0 1024 0 0 0 0 0 0 0 1024 0 0 0 0 0 0 0 1024 
0 0 0 0 0 0 0 1024 0 0 0 0 0 0 0 1024 0 0 0 0 0 0 0 1024 
0 0 0 0 0 0 0 1024 0 0 0 0 0 0 0 1024 0 0 0 0 0 0 0 1024 
0 0 0 0 0 0 0 1024 0 0 0 0 0 0 0 1024 0 0 0 0 0 0 0 1024 
0 0 0 0 15 62 61 886 0 0 0 0 3 72 53 896 0 0 0 1 62 40 35 886 
0 0 0 0 0 0 0 1024 0 0 0 0 0 0 0 1024 0 0 0 0 0 0 0 1024 
0 0 0 0 0 0 0 1024 0 0 0 0 0 0 0 1024 0 0 0 0 0 0 0 1024 
0 0 0 0 0 0 0 1024 0 0 0 0 0 0 0 1024 0 0 0 0 0 0 0 1024 
0 0 0 0 3 13 31 977 0 0 0 0 4 10 28 982 0 0 0 0 0 7 22 995 
0 0 0 0 9 43 57 915 0 0 0 3 17 46 38 920 0 0 0 0 2 28 54 940 
0 2 30 81 239 207 163 302 0 0 11 86 235 224 130 338 0 0 17 75 182 207 158 385 
0 3 18 80 173 166 163 421 0 1 8 52 132 180 171 480 0 1 12 43 105 170 157 536 
0 15 109 147 139 127 122 365 0 1 61 162 149 131 127 393 0 7 121 99 136 113 115 433 
1 14 121 162 171 116 125 314 0 3 64 135 174 141 130 377 0 25 91 143 130 121 115 399 
6 46 220 228 146 109 99 170 0 15 171 310 169 87 82 190 5 88 219 181 136 98 81 216 
0 22 414 280 94 65 42 107 0 0 164 448 173 69 49 121 0 64 433 201 97 53 49 127 
0 6 89 155 83 92 102 497 0 0 68 157 128 63 80 528 0 34 117 103 64 65 94 547 
12 141 353 285 120 52 32 29 0 50 281 374 173 69 40 37 23 207 381 201 93 52 30 37 
2 35 184 201 122 91 87 302 0 16 126 189 173 87 95 338 0 42 167 176 110 87 85 357 
0 0 0 0 0 0 0 1024 0 0 0 0 0 0 0 1024 0 0 0 0 0 0 0 1024 
0 0 0 0 0 0 0 1024 0 0 0 0 0 0 0 1024 0 0 0 0 0 0 0 1024 
0 0 0 0 0 0 0 1024 0 0 0 0 0 0 0 1024 0 0 0 0 0 0 0 1024 
0 0 0 0 0 0 0 1024 0 0 0 0 0 0 0 1024 0 0 0 0 0 0 0 1024 
0 0 0 0 0 0 0 1024 0 0 0 0 0 0 0 1024 0 0 0 0 0 0 0 1024 
0 0 0 0 0 0 0 1024 0 0 0 0 0 0 0 1024 0 0 0 0 0 0 0 1024 
0 0 0 0 0 0 0 1024 0 0 0 0 0 0 0 1024 0 0 0 0 0 0 0 1024 
0 0 0 0 0 0 0 1024 0 0 0 0 0 0 0 1024 0 0 0 0 0 0 0 1024 
0 0 0 0 0 0 0 1024 0 0 0 0 0 0 0 1024 0 0 0 0 0 0 0 1024 
0 0 0 5 8 12 9 990 0 0 0 2 8 12 9 993 0 0 0 0 6 7 13 998 
0 2 142 226 88 63 51 452 0 0 63 247 122 63 53 476 0 0 8 235 136 76 69 500 
0 8 100 168 85 64 47 552 0 1 51 179 109 66 53 565 0 0 16 133 147 82 61 585 
0 0 33 49 46 48 48 800 0 0 7 49 47 49 47 825 0 0 9 36 35 39 60 845 
0 1 28 121 116 74 73 611 0 0 19 92 119 86 68 640 0 0 2 53 113 99 85 672 
0 0 6 43 28 34 41 872 0 0 0 30 31 40 36 887 0 0 0 16 34 32 38 904 
0 0 0 0 0 0 0 1024 0 0 0 0 0 0 0 1024 0 0 0 0 0 0 0 1024 
0 0 0 0 0 0 0 1024 0 0 0 0 0 0 0 1024 0 0 0 0 0 0 0 1024 
0 0 0 0 0 0 0 1024 0 0 0 0 0 0 0 1024 0 0 0 0 0 0 0 1024 
0 0 0 0 0 0 0 1024 0 0 0 0 0 0 0 1024 0 0 0 0 0 0 0 1024 
0 0 0 2 191 256 64 511 0 0 0 0 110 335 66 513 0 0 0 127 273 64 56 504 
0 0 0 0 0 2 0 1022 0 0 0 0 0 2 0 1022 0 0 0 0 0 2 0 1022 
0 0 0 3 153 207 68 593 0 0 0 3 85 274 74 588 0 0 0 69 253 67 45 590 
0 0 0 0 2 4 8 1010 0 0 0 0 0 4 8 1012 0 0 0 0 1 3 9 1011 
0 0 0 0 0 0 0 1024 0 0 0 0 0 0 0 1024 0 0 0 0 0 0 0 1024 
0 0 0 0 0 12 18 994 0 0 0 0 0 9 20 995 0 0 0 0 0 20 12 992 
0 0 0 5 27 75 97 820 0 0 0 10 33 64 89 828 0 0 0 0 19 44 92 869 
0 0 4 70 100 158 198 494 0 0 1 67 93 148 195 520 0 0 6 61 73 106 173 605 
0 11 242 293 189 104 57 128 0 2 115 373 209 113 68 144 0 11 202 297 189 103 69 153 
3 64 296 295 119 58 49 140 0 35 221 363 150 60 43 152 0 79 352 249 96 49 38 161 
0 27 203 442 150 64 56 82 0 15 145 458 191 78 51 86 1 76 401 242 99 68 44 93 
0 101 454 261 86 78 29 15 0 68 482 333 85 20 19 17 0 295 425 127 72 55 30 20 
16 142 366 349 97 52 2 0 6 93 319 414 114 61 17 0 32 297 439 164 56 35 1 0 
6 104 281 304 231 81 15 2 3 39 228 289 289 144 26 6 18 162 342 243 159 85 12 3 
23 226 499 170 46 23 16 21 1 86 436 376 51 28 22 24 7 337 454 121 39 20 23 23 
14 204 313 203 81 72 51 86 5 128 362 262 75 52 37 103 8 264 267 177 86 54 51 117 
20 200 442 147 90 54 32 39 4 87 402 295 129 42 22 43 18 406 248 129 90 50 37 46 
0 0 0 0 0 0 0 1024 0 0 0 0 0 0 0 1024 0 0 0 0 0 0 0 1024 
0 0 0 0 0 0 0 1024 0 0 0 0 0 0 0 1024 0 0 0 0 0 0 0 1024 
0 0 0 0 0 0 0 1024 0 0 0 0 0 0 0 1024 0 0 0 0 0 0 0 1024 
0 0 0 0 0 0 0 1024 0 0 0 0 0 0 0 1024 0 0 0 0 0 0 0 1024 
0 0 0 0 0 0 0 1024 0 0 0 0 0 0 0 1024 0 0 0 0 0 0 0 1024 
0 0 0 0 0 0 0 1024 0 0 0 0 0 0 0 1024 0 0 0 0 0 0 0 1024 
0 0 0 0 0 0 0 1024 0 0 0 0 0 0 0 1024 0 0 0 0 0 0 0 1024 
0 0 0 0 0 0 0 1024 0 0 0 0 0 0 0 1024 0 0 0 0 0 0 0 1024 
0 0 0 0 0 0 0 1024 0 0 0 0 0 0 0 1024 0 0 0 0 0 0 0 1024 
0 7 41 107 63 64 54 688 0 6 33 93 65 73 52 702 0 0 18 55 99 62 68 722 
1 36 510 282 72 46 29 48 0 14 409 390 83 42 32 54 0 1 208 510 130 57 48 70 
0 52 478 192 97 80 60 65 0 26 388 277 111 83 66 73 0 1 266 333 139 100 71 114 
0 60 722 180 27 25 5 5 0 28 572 343 42 23 9 7 0 2 421 503 40 25 20 13 
0 5 826 161 13 11 4 4 0 2 741 235 24 11 7 4 0 0 530 408 56 13 11 6 
0 1 322 509 83 41 34 34 0 0 232 566 98 51 34 43 0 0 80 552 232 57 43 60 
0 0 107 174 103 61 45 534 0 0 60 198 112 61 54 539 0 0 3 170 147 82 61 561 
0 0 0 0 0 0 0 1024 0 0 0 0 0 0 0 1024 0 0 0 0 0 0 0 1024 
0 0 0 0 0 0 0 1024 0 0 0 0 0 0 0 1024 0 0 0 0 0 0 0 1024 
0 0 0 0 0 0 0 1024 0 0 0 0 0 0 0 1024 0 0 0 0 0 0 0 1024 
0 0 6 68 121 89 74 666 0 0 1 43 140 91 79 670 0 0 14 117 70 83 66 674 
0 0 0 1 20 71 29 903 0 0 0 0 14 72 28 910 0 0 0 14 46 40 16 908 
0 0 13 43 122 129 66 651 0 0 11 34 120 139 77 643 0 0 21 119 95 86 62 641 
0 0 0 1 29 69 27 898 0 0 0 1 16 79 24 904 0 0 0 14 60 24 27 899 
0 0 0 0 0 37 54 933 0 0 0 0 0 42 51 931 0 0 0 0 29 41 24 930 
0 0 3 30 123 314 77 477 0 0 0 6 92 313 136 477 0 0 4 37 204 232 76 471 
0 0 0 10 12 25 24 953 0 0 0 5 11 22 26 960 0 0 0 5 12 21 21 965 
0 4 42 85 75 70 60 688 0 4 24 88 84 76 65 683 0 7 53 75 62 73 59 695 
0 21 196 250 253 134 54 116 0 14 122 270 282 140 74 122 0 44 280 233 171 111 60 125 
4 237 407 205 83 34 17 37 2 180 454 229 81 19 25 34 4 340 387 143 65 25 22 38 
0 163 553 233 48 22 5 0 0 94 575 310 44 1 0 0 0 423 477 74 36 14 0 0 
7 286 526 140 43 20 2 0 1 206 589 175 44 7 2 0 34 466 386 80 48 8 2 0 
54 365 316 167 89 22 5 6 28 236 361 231 94 62 6 6 115 467 223 120 67 22 3 7 
0 43 449 345 106 39 26 16 0 17 200 541 174 60 15 17 16 347 335 182 62 37 25 20 
7 177 569 173 57 25 8 8 6 114 421 380 66 19 11 7 20 376 444 113 40 15 8 8 
76 599 314 32 3 0 0 0 28 354 534 100 7 1 0 0 134 676 178 32 4 0 0 0 
104 506 320 83 8 1 1 1 39 307 479 164 28 4 1 2 146 599 231 40 1 4 1 2 
0 0 0 0 0 0 0 1024 0 0 0 0 0 0 0 1024 0 0 0 0 0 0 0 1024 
0 0 0 0 0 0 0 1024 0 0 0 0 0 0 0 1024 0 0 0 0 0 0 0 1024 
0 0 0 0 0 0 0 1024 0 0 0 0 0 0 0 1024 0 0 0 0 0 0 0 1024 
0 0 0 0 0 0 0 1024 0 0 0 0 0 0 0 1024 0 0 0 0 0 0 0 1024 
0 0 0 0 0 0 0 1024 0 0 0 0 0 0 0 1024 0 0 0 0 0 0 0 1024 
0 0 0 0 0 0 0 1024 0 0 0 0 0 0 0 1024 0 0 0 0 0 0 0 1024 
0 0 0 0 0 0 0 1024 0 0 0 0 0 0 0 1024 0 0 0 0 0 0 0 1024 
0 0 0 0 0 0 0 1024 0 0 0 0 0 0 0 1024 0 0 0 0 0 0 0 1024 
0 12 119 93 6 27 21 746 0 3 144 59 22 10 26 760 0 0 4 157 48 24 13 778 
0 57 593 160 64 52 25 73 0 30 605 157 69 53 35 75 0 2 348 378 86 61 53 96 
0 110 655 120 46 28 28 37 0 72 667 145 45 29 26 40 0 8 621 204 72 33 26 60 
7 194 603 81 47 31 28 33 1 141 637 96 50 35 31 33 0 31 650 149 64 39 35 56 
0 160 754 78 25 6 1 0 0 108 793 89 28 5 1 0 0 15 734 217 43 10 4 1 
0 61 944 19 0 0 0 0 0 52 948 24 0 0 0 0 0 0 878 144 2 0 0 0 
0 32 833 129 24 6 0 0 0 16 835 139 30 4 0 0 0 0 583 360 59 19 3 0 
0 7 500 315 58 39 35 70 0 8 467 345 64 32 40 68 0 0 230 545 88 37 38 86 
0 0 0 7 8 13 11 985 0 0 0 7 9 13 10 985 0 0 0 0 10 9 14 991 
0 0 0 0 0 0 0 1024 0 0 0 0 0 0 0 1024 0 0 0 0 0 0 0 1024 
0 0 0 0 0 0 0 1024 0 0 0 0 0 0 0 1024 0 0 0 0 0 0 0 1024 
0 0 6 71 152 48 30 717 0 0 9 71 150 47 28 719 0 1 37 144 61 35 27 719 
0 0 11 120 125 100 61 607 0 0 5 57 175 100 77 610 0 1 28 166 63 75 77 614 
0 0 1 17 85 162 155 604 0 0 1 17 78 163 155 610 0 0 1 29 123 119 129 623 
0 1 12 46 116 166 129 554 0 0 11 47 97 186 122 561 0 4 39 124 110 102 93 552 
0 0 0 28 248 333 216 199 0 0 0 5 224 426 179 190 0 0 145 337 211 113 44 174 
0 3 46 189 150 83 91 462 0 2 22 133 200 105 98 464 0 28 225 103 59 57 70 482 
0 0 23 163 223 193 137 285 0 0 6 99 273 194 148 304 0 0 46 183 189 147 138 321 
0 0 27 131 222 75 79 490 0 0 7 87 228 115 66 521 0 9 64 148 149 68 61 525 
0 19 35 111 126 135 160 438 0 12 35 78 140 136 155 468 0 16 49 87 101 128 146 497 
5 338 275 124 83 71 45 83 7 290 339 110 75 70 56 77 17 373 247 93 74 72 57 91 
12 573 393 34 6 3 2 1 4 313 655 38 9 2 3 0 12 827 152 20 8 2 3 0 
52 643 227 56 25 12 3 6 26 548 321 81 25 10 5 8 55 730 148 41 25 10 7 8 
12 168 433 268 113 30 0 0 3 126 294 385 137 77 2 0 47 388 339 162 75 13 0 0 
0 46 654 257 45 10 8 4 0 16 324 559 104 10 6 5 37 608 281 72 8 6 8 4 
39 221 510 183 47 19 5 0 21 163 420 338 60 21 1 0 131 570 223 59 29 10 2 0 
155 519 205 58 30 52 5 0 42 417 349 111 30 39 34 2 251 541 123 23 28 50 8 0 
60 353 354 185 61 11 0 0 17 223 387 227 116 49 5 0 140 489 236 107 45 7 0 0 
0 0 0 0 0 0 0 1024 0 0 0 0 0 0 0 1024 0 0 0 0 0 0 0 1024 
0 0 0 0 0 0 0 1024 0 0 0 0 0 0 0 1024 0 0 0 0 0 0 0 1024 
0 0 0 0 0 0 0 1024 0 0 0 0 0 0 0 1024 0 0 0 0 0 0 0 1024 
0 0 0 0 0 0 0 1024 0 0 0 0 0 0 0 1024 0 0 0 0 0 0 0 1024 
0 0 0 0 0 0 0 1024 0 0 0 0 0 0 0 1024 0 0 0 0 0 0 0 1024 
0 0 0 0 0 0 0 1024 0 0 0 0 0 0 0 1024 0 0 0 0 0 0 0 1024 
0 0 0 0 0 0 0 1024 0 0 0 0 0 0 0 1024 0 0 0 0 0 0 0 1024 
0 1 19 17 7 13 6 961 0 0 0 35 2 13 7 967 0 0 0 1 35 7 14 967 
0 4 267 681 7 7 8 50 0 0 591 356 5 9 7 56 0 0 2 827 115 10 9 61 
0 47 645 318 14 0 0 0 0 33 830 153 8 0 0 0 0 6 415 574 28 1 0 0 
2 163 506 134 72 64 32 51 1 153 512 141 78 57 33 49 0 19 500 201 107 71 51 75 
3 351 437 108 53 37 19 16 4 337 443 115 53 38 24 10 0 81 556 193 80 51 33 30 
1 331 584 57 23 13 6 9 0 329 581 65 25 9 8 7 0 74 774 95 43 16 11 11 
0 291 671 55 6 1 0 0 0 285 692 40 7 0 0 0 0 29 900 79 15 1 0 0 
0 172 691 142 16 3 0 0 0 141 739 130 11 3 0 0 0 15 773 205 27 3 1 0 
0 35 726 144 29 23 12 55 0 36 712 159 28 22 12 55 0 1 568 299 56 20 20 60 
0 0 43 120 89 68 72 632 0 0 37 132 88 64 72 631 0 0 10 101 100 78 77 658 
0 0 2 37 170 217 136 462 0 0 0 28 160 261 120 455 0 12 91 123 158 133 54 453 
0 2 26 59 270 214 105 348 0 1 26 75 327 151 103 341 0 1 32 118 169 294 52 358 
0 0 0 55 231 407 117 214 0 0 0 74 433 216 102 199 0 0 0 15 132 512 109 256 
0 0 23 117 243 374 180 87 0 0 27 90 275 421 143 68 0 50 138 126 171 289 133 117 
0 0 16 119 306 369 116 98 0 0 2 117 406 326 94 79 0 43 81 88 263 336 99 114 
0 2 34 135 483 260 47 63 0 0 26 103 533 250 51 61 0 23 265 299 266 75 38 58 
0 0 21 50 492 333 109 19 0 0 17 29 438 406 115 19 8 30 248 410 226 90 12 0 
0 0 30 41 230 376 99 248 0 0 2 58 274 359 85 246 0 39 54 264 232 163 23 249 
0 7 129 324 252 207 56 49 0 0 64 315 306 230 48 61 0 43 256 331 226 80 32 56 
1 57 572 287 79 17 5 6 0 25 323 510 115 39 6 6 1 179 603 166 56 7 6 6 
0 29 319 210 143 137 94 92 0 23 249 241 134 175 101 101 0 170 230 179 123 128 89 105 
13 225 254 214 136 99 38 45 3 168 313 230 126 104 35 45 26 277 248 174 146 65 34 54 
19 780 213 10 2 0 0 0 0 544 449 28 2 1 0 0 76 849 94 2 2 1 0 0 
30 664 242 80 6 2 0 0 2 508 326 162 22 4 0 0 147 749 116 7 4 1 0 0 
15 379 479 135 16 0 0 0 1 220 480 279 34 10 0 0 132 624 224 29 15 0 0 0 
1 161 749 108 3 2 0 0 0 60 740 218 4 2 0 0 38 817 162 7 0 0 0 0 
39 271 390 229 72 18 4 1 30 208 398 297 84 6 1 0 156 430 328 102 8 0 0 0 
128 293 327 204 70 2 0 0 48 244 332 271 110 19 0 0 235 389 265 115 18 2 0 0 
18 143 396 192 224 51 0 0 8 69 272 337 203 122 13 0 79 366 278 156 127 18 0 0 
0 0 0 0 0 0 0 1024 0 0 0 0 0 0 0 1024 0 0 0 0 0 0 0 1024 
0 0 0 0 0 0 0 1024 0 0 0 0 0 0 0 1024 0 0 0 0 0 0 0 1024 
0 0 0 0 0 0 0 1024 0 0 0 0 0 0 0 1024 0 0 0 0 0 0 0 1024 
0 0 0 0 0 0 0 1024 0 0 0 0 0 0 0 1024 0 0 0 0 0 0 0 1024 
0 0 0 0 0 0 0 1024 0 0 0 0 0 0 0 1024 0 0 0 0 0 0 0 1024 
0 0 0 0 0 0 0 1024 0 0 0 0 0 0 0 1024 0 0 0 0 0 0 0 1024 
0 0 0 0 0 0 2 1022 0 0 0 0 0 0 3 1021 0 0 0 0 0 0 2 1022 
0 0 3 34 14 15 11 947 0 0 0 25 23 7 17 952 0 0 0 0 22 27 14 961 
0 0 12 1009 3 0 0 0 0 0 127 897 0 0 0 0 0 0 5 706 313 0 0 0 
0 74 725 225 0 0 0 0 0 76 809 139 0 0 0 0 0 13 677 333 1 0 0 0 
1 172 381 184 101 92 53 40 4 177 384 177 104 88 52 38 0 79 353 225 123 93 77 74 
3 236 401 151 89 49 51 44 4 174 471 149 90 50 49 37 0 57 466 203 104 75 39 80 
0 176 779 50 10 5 4 0 0 123 818 59 15 6 3 0 0 59 851 83 16 7 7 1 
0 30 531 463 0 0 0 0 0 21 520 483 0 0 0 0 0 26 861 137 0 0 0 0 
0 69 471 466 18 0 0 0 0 77 415 520 12 0 0 0 0 40 748 232 4 0 0 0 
0 166 432 138 74 138 54 22 0 159 479 110 100 117 47 12 0 29 552 124 67 128 76 48 
0 21 87 168 214 260 109 165 0 42 105 172 239 214 88 164 0 8 77 147 182 287 125 198 
0 9 258 306 217 152 56 26 0 11 183 325 292 142 50 21 1 250 307 164 129 92 47 34 
0 3 57 143 251 414 95 61 0 4 68 144 222 450 90 46 2 21 201 395 180 112 56 57 
0 4 116 281 208 281 121 13 0 20 134 257 238 280 84 11 0 13 201 193 227 203 145 42 
0 16 134 188 168 370 102 46 0 20 164 173 154 373 100 40 0 35 219 149 345 150 78 48 
0 7 103 226 365 236 79 8 0 10 103 191 375 262 76 7 0 103 354 270 151 70 59 17 
0 6 80 272 386 207 63 10 0 6 79 190 462 222 56 9 4 179 417 213 144 53 7 7 
0 5 161 590 151 50 45 22 0 0 58 612 224 74 45 11 15 635 208 104 32 30 0 0 
0 0 66 370 345 195 32 16 0 0 36 214 496 234 33 11 16 420 313 209 59 6 1 0 
0 55 278 415 209 51 14 2 0 26 225 372 321 63 15 2 23 290 421 223 42 18 4 3 
0 115 558 211 77 55 7 1 0 37 494 306 101 73 12 1 15 538 284 93 74 15 4 1 
0 34 212 261 329 149 28 11 0 17 160 239 287 285 28 8 8 169 270 372 144 52 9 0 
0 31 271 403 254 57 8 0 0 19 184 456 250 105 10 0 8 217 385 274 100 35 5 0 
13 275 535 146 46 9 0 0 3 163 526 258 58 16 0 0 155 624 166 55 24 0 0 0 
10 388 514 103 4 3 2 0 1 259 473 269 22 0 0 0 91 665 225 38 5 0 0 0 
29 332 544 109 8 2 0 0 11 178 595 228 11 1 0 0 104 615 280 23 2 0 0 0 
38 693 266 25 2 0 0 0 23 390 578 31 2 0 0 0 110 821 81 10 2 0 0 0 
202 527 243 47 5 0 0 0 99 417 376 113 19 0 0 0 372 504 123 25 0 0 0 0 
64 328 519 108 3 2 0 0 18 206 466 308 24 2 0 0 155 540 299 27 3 0 0 0 
1 159 644 216 4 0 0 0 0 31 341 570 82 0 0 0 147 681 183 13 0 0 0 0 
0 0 0 0 0 0 0 1024 0 0 0 0 0 0 0 1024 0 0 0 0 0 0 0 1024 
0 0 0 0 0 0 0 1024 0 0 0 0 0 0 0 1024 0 0 0 0 0 0 0 1024 
0 0 0 0 0 0 0 1024 0 0 0 0 0 0 0 1024 0 0 0 0 0 0 0 1024 
0 0 0 0 0 0 0 1024 0 0 0 0 0 0 0 1024 0 0 0 0 0 0 0 1024 
0 0 0 4 35 67 153 765 0 0 0 4 33 62 146 779 0 0 0 2 15 50 79 878 
0 0 0 202 209 133 87 393 0 0 0 122 269 132 97 404 0 0 5 233 125 126 96 439 
0 0 3 223 389 94 121 194 0 0 2 158 448 97 114 205 0 0 81 307 201 81 64 290 
0 4 38 442 247 50 45 198 0 6 38 310 352 52 59 207 0 0 128 517 63 37 54 225 
0 30 263 723 8 0 0 0 0 69 301 653 1 0 0 0 0 9 164 671 179 1 0 0 
0 23 298 667 36 0 0 0 3 49 463 465 41 3 0 0 2 12 270 718 22 0 0 0 
0 320 611 86 7 0 0 0 0 265 650 101 8 0 0 0 0 146 727 148 3 0 0 0 
0 402 556 61 2 2 1 0 0 370 634 16 1 3 0 0 0 262 745 10 4 2 1 0 
0 125 606 285 8 0 0 0 0 129 729 163 3 0 0 0 0 141 827 56 0 0 0 0 
0 29 500 478 17 0 0 0 0 36 472 496 19 1 0 0 1 94 901 28 0 0 0 0 
0 7 743 267 7 0 0 0 0 12 767 235 10 0 0 0 0 62 935 27 0 0 0 0 
0 39 585 252 85 40 18 5 0 60 627 211 77 33 15 1 0 82 668 127 97 26 14 10 
0 0 1 107 307 360 202 47 0 0 13 250 220 393 120 28 0 0 14 131 276 275 236 92 
0 2 116 259 130 241 159 117 0 0 52 306 163 306 94 103 0 127 243 85 86 186 164 133 
0 0 49 427 322 172 41 13 0 0 11 311 459 192 41 10 13 257 414 240 53 16 22 9 
0 4 28 337 231 233 104 87 0 10 23 204 373 260 93 61 1 253 270 132 151 104 52 61 
0 35 174 204 275 210 81 45 0 62 198 154 299 213 67 31 0 51 324 249 248 69 29 54 
0 0 78 459 325 79 53 30 0 0 41 310 502 92 63 16 26 333 360 186 72 36 11 0 
0 35 127 529 247 57 27 2 0 25 85 291 530 66 27 0 45 591 286 77 18 7 0 0 
0 15 252 508 197 38 13 1 0 8 129 536 293 45 13 0 67 434 367 121 26 9 0 0 
1 20 135 545 216 70 27 10 1 14 72 422 387 91 30 7 41 605 215 100 37 22 4 0 
9 37 169 379 286 89 55 0 6 37 108 384 313 102 68 6 31 249 392 214 68 59 11 0 
4 28 182 433 263 101 13 0 0 15 118 398 345 138 10 0 56 392 343 158 70 5 0 0 
0 7 202 455 271 66 15 8 0 2 116 444 365 76 14 7 27 419 415 130 25 4 4 0 
0 0 56 314 384 178 79 13 0 9 67 227 442 209 56 14 3 122 434 279 100 49 34 3 
0 62 364 312 151 107 27 1 0 55 445 308 127 82 7 0 20 362 372 197 66 6 1 0 
1 363 596 59 5 0 0 0 0 156 724 134 10 0 0 0 42 785 184 13 0 0 0 0 
3 614 396 11 0 0 0 0 0 216 775 33 0 0 0 0 59 809 156 0 0 0 0 0 
121 796 107 0 0 0 0 0 38 600 381 5 0 0 0 0 298 695 31 0 0 0 0 0 
113 564 275 53 19 0 0 0 37 427 460 75 16 9 0 0 291 562 133 24 14 0 0 0 
36 373 396 175 43 1 0 0 8 191 433 272 112 8 0 0 133 468 259 129 35 0 0 0 
8 222 612 181 1 0 0 0 1 64 418 488 53 0 0 0 70 599 333 22 0 0 0 0 
0 0 0 0 3 36 314 671 0 0 0 0 2 20 227 775 0 0 0 0 0 3 29 992 
0 0 0 2 122 84 173 643 0 0 0 2 118 88 172 644 0 0 0 1 75 95 52 801 
0 0 0 2 81 99 87 755 0 0 0 2 88 109 86 739 0 0 0 23 46 80 84 791 
0 0 4 153 178 97 50 542 0 0 0 89 247 79 54 555 0 0 31 193 115 68 43 574 
0 0 36 477 404 58 20 29 0 0 85 633 207 38 29 32 0 10 422 391 106 27 29 39 
0 0 49 763 211 1 0 0 0 0 94 831 97 2 0 0 0 57 451 495 21 0 0 0 
0 0 23 681 310 10 0 0 0 1 72 755 189 7 0 0 0 6 498 438 81 1 0 0 
0 0 42 669 302 11 0 0 0 0 116 818 90 0 0 0 0 31 506 470 17 0 0 0 
2 92 158 569 203 0 0 0 3 106 186 521 208 0 0 0 0 74 648 302 0 0 0 0 
0 0 147 811 66 0 0 0 0 0 73 742 208 1 0 0 0 45 817 161 1 0 0 0 
0 2 383 542 95 2 0 0 0 0 288 559 170 7 0 0 0 82 695 226 21 0 0 0 
0 13 254 626 88 24 18 1 0 38 465 398 93 25 5 0 0 64 675 208 42 18 14 3 
0 17 261 635 77 29 5 0 0 52 464 437 58 13 0 0 0 76 723 164 36 21 4 0 
0 9 417 558 19 20 1 0 0 9 425 546 30 14 0 0 0 164 807 31 22 0 0 0 
0 60 568 374 21 1 0 0 0 77 483 429 34 1 0 0 0 261 727 33 3 0 0 0 
0 61 760 81 44 43 26 9 0 132 716 52 50 44 24 6 0 337 569 47 48 19 4 0 
0 0 114 381 310 180 33 6 0 2 67 389 408 129 27 2 3 178 386 189 115 120 26 7 
0 0 61 197 224 310 160 72 0 3 36 216 270 347 107 45 0 53 275 173 90 196 153 84 
0 7 102 209 376 196 76 58 0 3 77 238 427 169 83 27 51 396 299 107 79 68 24 0 
0 51 169 370 220 151 59 4 0 24 100 412 302 138 48 0 81 437 225 104 81 61 29 6 
0 0 73 292 399 196 52 12 0 0 47 220 508 194 50 5 29 298 357 208 87 32 13 0 
0 0 64 221 378 300 59 2 0 0 29 161 472 318 42 2 34 141 451 265 100 32 1 0 
2 85 70 343 399 114 11 0 5 84 58 273 451 145 8 0 70 216 426 257 55 0 0 0 
0 24 136 504 328 25 6 1 0 18 90 425 430 55 4 2 150 539 206 120 8 1 0 0 
1 35 355 508 91 28 2 4 1 47 267 530 139 33 3 4 159 606 191 49 13 2 3 1 
19 213 194 281 199 87 24 7 11 180 232 223 246 100 28 4 146 335 341 123 58 20 1 0 
1 16 73 290 532 106 6 0 1 9 58 218 571 155 12 0 55 226 491 229 21 2 0 0 
0 45 184 597 158 39 1 0 0 17 127 497 325 55 3 0 31 347 515 98 31 2 0 0 
0 11 172 640 166 29 5 1 0 3 84 642 271 20 3 1 24 448 478 61 12 1 0 0 
0 31 125 501 229 89 36 13 1 49 126 437 366 29 15 1 28 425 361 113 52 31 14 0 
5 288 317 328 58 10 5 13 6 267 343 329 74 5 0 0 93 628 245 37 5 6 10 0 
67 843 106 7 1 0 0 0 19 530 456 18 1 0 0 0 247 756 20 1 0 0 0 0 
163 839 22 0 0 0 0 0 53 858 113 0 0 0 0 0 639 382 3 0 0 0 0 0 
142 775 100 7 0 0 0 0 46 554 406 18 0 0 0 0 454 537 31 2 0 0 0 0 
182 581 256 5 0 0 0 0 10 525 454 35 0 0 0 0 450 520 54 0 0 0 0 0 
287 467 237 26 7 0 0 0 130 514 307 66 7 0 0 0 510 451 56 6 1 0 0 0 
0 0 4 221 361 320 112 6 0 0 1 210 384 301 124 4 0 0 34 162 229 319 175 105 
0 0 8 304 407 138 118 49 0 0 13 278 414 157 115 47 0 0 49 349 227 153 107 139 
0 0 7 316 535 99 43 24 0 0 12 455 409 95 27 26 0 2 142 478 221 99 50 32 
0 0 42 367 526 58 26 5 0 5 147 475 333 36 26 2 0 11 306 497 147 34 24 5 
0 8 325 526 162 3 0 0 0 9 407 558 50 0 0 0 0 324 447 205 47 1 0 0 
0 50 529 380 59 6 0 0 0 72 644 292 13 3 0 0 4 450 475 90 4 1 0 0 
0 47 442 470 64 1 0 0 1 99 576 330 18 0 0 0 6 224 618 167 9 0 0 0 
0 24 391 490 95 24 0 0 0 50 515 377 61 21 0 0 0 287 555 179 3 0 0 0 
0 0 121 473 390 40 0 0 0 29 210 583 194 8 0 0 0 110 816 97 1 0 0 0 
0 14 205 463 319 23 0 0 0 5 106 734 178 1 0 0 0 111 851 62 0 0 0 0 
0 5 383 560 49 17 9 1 0 9 359 587 43 20 6 0 0 45 791 131 29 15 11 2 
0 18 280 543 98 69 15 1 0 40 330 500 88 60 6 0 0 90 628 146 75 60 24 1 
0 47 314 584 57 21 1 0 0 132 604 250 26 12 0 0 1 138 765 71 27 14 8 0 
0 13 333 359 151 113 52 3 0 56 365 328 109 111 55 0 1 182 517 130 86 94 14 0 
0 30 250 315 132 161 112 24 0 33 215 308 156 187 109 16 16 186 336 140 192 129 25 0 
0 162 382 180 98 142 42 18 0 197 368 144 103 163 37 12 60 487 206 73 138 49 11 0 
0 6 155 386 329 104 33 11 0 3 119 393 356 105 38 10 37 308 408 169 62 37 3 0 
0 24 217 546 186 33 13 5 0 22 201 576 177 34 11 3 8 348 468 173 18 9 0 0 
0 89 335 307 154 102 32 5 1 102 337 300 151 100 33 0 58 415 255 184 79 32 1 0 
0 53 148 453 234 112 24 0 0 29 145 427 291 112 20 0 136 463 277 96 40 12 0 0 
0 3 92 479 363 56 17 14 0 2 69 472 403 46 21 11 17 260 387 244 61 31 14 10 
0 7 180 538 223 56 18 2 0 0 101 499 351 60 13 0 43 379 527 50 23 2 0 0 
0 32 197 556 124 51 28 36 2 34 130 548 196 56 38 20 74 391 407 76 45 29 2 0 
1 77 297 498 124 16 7 4 1 75 244 490 194 14 5 1 153 579 220 65 6 1 0 0 
6 38 148 410 308 101 12 1 3 23 92 402 355 139 10 0 50 337 353 208 68 8 0 0 
4 36 164 380 363 56 19 2 0 36 150 335 426 66 10 1 51 259 495 159 50 9 1 0 
3 33 317 463 173 23 7 5 1 34 204 458 259 57 9 2 99 370 346 172 33 4 0 0 
9 37 369 497 98 13 1 0 1 22 247 549 181 23 1 0 70 613 300 38 3 0 0 0 
0 60 379 368 157 47 10 3 0 31 339 374 219 53 6 2 105 463 322 95 35 4 0 0 
10 233 347 255 114 61 4 0 1 196 349 268 141 65 4 0 208 517 171 115 13 0 0 0 
15 179 480 218 103 23 6 0 5 117 478 282 112 28 2 0 140 560 243 80 1 0 0 0 
132 579 264 48 1 0 0 0 63 507 387 64 3 0 0 0 503 469 49 3 0 0 0 0 
105 777 117 19 3 3 0 0 46 834 124 15 2 3 0 0 693 278 42 6 4 1 0 0 
170 561 167 62 46 14 4 0 105 618 188 62 37 12 2 0 394 429 100 55 29 14 3 0 
179 471 251 90 28 5 0 0 155 557 177 90 42 3 0 0 421 417 111 64 9 2 0 0 
463 386 140 34 1 0 0 0 292 557 111 55 9 0 0 0 741 209 50 22 2 0 0 0 
0 76 233 534 106 60 13 2 0 79 230 532 110 59 13 1 0 38 474 302 92 64 35 19 
0 80 234 463 123 62 55 7 1 70 240 443 145 62 56 7 0 72 389 280 124 66 44 49 
0 12 435 449 59 30 33 6 0 6 445 449 62 26 32 4 0 102 664 142 40 29 27 20 
0 20 353 552 90 9 0 0 0 114 470 407 33 0 0 0 0 229 642 128 23 2 0 0 
0 5 347 571 90 11 0 0 0 35 639 327 23 0 0 0 0 204 661 145 14 0 0 0 
0 208 731 81 4 0 0 0 0 296 664 63 1 0 0 0 5 658 342 19 0 0 0 0 
4 281 568 149 19 3 0 0 6 315 524 152 19 8 0 0 30 503 415 59 17 0 0 0 
0 87 616 256 61 4 0 0 0 69 577 320 56 2 0 0 4 321 660 38 1 0 0 0 
0 68 479 388 89 0 0 0 0 72 500 428 24 0 0 0 18 513 472 21 0 0 0 0 
0 55 365 536 67 1 0 0 0 68 546 400 10 0 0 0 4 477 539 4 0 0 0 0 
0 42 531 276 110 43 22 0 0 101 678 194 36 15 0 0 3 206 658 111 26 20 0 0 
0 32 512 418 52 10 0 0 0 107 658 230 29 0 0 0 0 62 374 536 49 3 0 0 
0 44 482 389 107 2 0 0 0 120 599 280 25 0 0 0 0 98 528 351 47 0 0 0 
0 32 281 201 179 112 171 48 33 198 394 263 72 36 22 6 23 234 519 186 41 19 2 0 
0 12 157 538 207 59 31 20 0 13 152 503 272 41 32 11 17 236 450 205 70 25 20 1 
1 32 222 275 322 138 27 7 4 50 157 285 361 141 24 2 41 124 457 334 54 14 0 0 
0 2 177 446 253 106 29 11 0 1 103 439 344 107 23 7 43 265 463 203 37 11 2 0 
0 7 90 483 289 129 23 3 0 6 93 440 331 132 19 3 7 292 406 193 103 23 0 0 
0 12 165 438 373 34 2 0 0 16 115 352 508 30 3 0 17 354 480 158 14 1 0 0 
0 30 194 527 190 53 20 10 0 37 96 564 254 51 17 5 249 451 217 80 22 5 0 0 
0 0 110 459 335 73 29 18 0 0 31 454 401 102 28 8 150 307 261 269 27 10 0 0 
2 67 221 467 144 103 20 0 5 57 194 460 184 106 17 1 147 476 195 109 69 28 0 0 
0 20 320 667 12 5 0 0 0 8 174 806 30 6 0 0 299 670 40 14 1 0 0 0 
3 104 382 359 128 48 0 0 1 121 288 411 160 43 0 0 129 477 286 123 9 0 0 0 
0 9 101 623 279 12 0 0 0 1 61 530 424 8 0 0 20 766 223 15 0 0 0 0 
0 43 386 456 121 18 0 0 0 32 348 504 122 15 3 0 54 511 403 44 9 3 0 0 
3 84 342 452 108 22 11 2 3 72 267 482 153 36 10 1 55 412 388 123 32 12 2 0 
3 115 451 337 100 17 0 1 2 80 341 444 142 14 1 0 96 630 248 43 6 1 0 0 
10 37 285 458 195 37 2 0 3 30 152 520 249 68 2 0 101 493 292 102 36 0 0 0 
1 114 334 342 163 49 13 8 1 68 283 365 236 57 7 7 145 471 268 111 15 10 4 0 
15 316 443 194 48 8 0 0 9 197 466 274 65 13 0 0 194 581 212 37 0 0 0 0 
34 504 341 79 59 6 1 0 17 393 448 104 53 7 2 0 412 455 116 37 4 0 0 0 
122 572 139 79 71 36 5 0 101 625 123 65 70 38 2 0 463 372 87 70 29 3 0 0 
108 548 202 99 55 12 0 0 108 489 241 105 57 24 0 0 398 381 153 61 25 6 0 0 
119 455 231 183 35 1 0 0 111 448 198 186 73 8 0 0 309 403 209 90 13 0 0 0 
258 313 373 73 7 0 0 0 162 459 327 65 11 0 0 0 431 471 100 22 0 0 0 0 
0 144 635 228 13 4 0 0 0 115 358 531 19 1 0 0 0 115 786 123 0 0 0 0 
1 52 676 295 0 0 0 0 2 72 574 368 8 0 0 0 0 82 859 83 0 0 0 0 
0 14 496 443 51 14 6 0 0 16 413 537 53 5 0 0 5 167 800 51 1 0 0 0 
0 57 500 424 31 12 0 0 0 82 620 296 25 1 0 0 1 294 632 96 1 0 0 0 
0 45 629 296 43 11 0 0 3 241 652 114 13 1 0 0 8 383 538 82 13 0 0 0 
4 339 425 220 33 3 0 0 16 501 419 88 0 0 0 0 54 567 347 51 5 0 0 0 
18 729 212 62 3 0 0 0 10 762 249 3 0 0 0 0 146 747 127 4 0 0 0 0 
2 144 395 462 21 0 0 0 0 97 338 545 43 1 0 0 8 333 525 155 3 0 0 0 
4 469 383 156 12 0 0 0 0 393 442 181 8 0 0 0 35 745 235 9 0 0 0 0 
0 164 640 218 2 0 0 0 0 131 715 178 0 0 0 0 12 726 281 5 0 0 0 0 
0 27 172 429 341 54 1 0 1 92 370 445 102 14 0 0 2 176 505 311 30 0 0 0 
6 51 216 449 196 88 16 2 0 13 294 452 188 70 5 2 0 25 403 371 169 37 10 9 
0 0 74 485 410 36 13 6 0 15 140 457 378 28 5 1 0 37 516 422 25 9 10 5 
0 0 30 309 380 172 108 25 90 98 99 328 348 44 12 5 2 104 537 268 56 40 12 5 
0 6 162 366 426 60 4 0 6 13 147 465 351 42 0 0 33 254 482 235 19 1 0 0 
0 5 296 506 144 42 28 3 0 9 122 623 199 50 21 0 47 349 462 97 37 30 2 0 
0 16 298 353 283 53 12 9 0 12 157 450 330 56 14 5 35 424 464 68 23 10 0 0 
0 1 80 273 428 186 50 6 0 1 63 279 448 201 32 0 39 300 400 204 71 10 0 0 
0 33 255 391 325 20 0 0 0 56 217 339 391 21 0 0 49 469 439 60 7 0 0 0 
0 54 214 501 187 47 15 6 0 48 177 516 229 36 12 6 132 473 329 58 21 10 1 0 
7 77 302 404 146 73 15 0 4 65 246 430 191 71 17 0 150 425 267 126 50 6 0 0 
4 78 476 373 68 21 4 0 3 73 343 502 80 22 1 0 328 538 121 21 16 0 0 0 
0 64 435 416 90 17 2 0 0 108 373 431 98 12 2 0 379 484 131 20 9 1 0 0 
2 125 412 327 99 39 15 5 1 148 356 399 92 27 1 0 223 500 177 71 31 14 8 0 
0 11 202 590 154 52 14 1 0 12 100 674 205 25 7 1 131 483 306 84 17 3 0 0 
3 56 128 573 259 5 0 0 0 43 100 381 494 6 0 0 25 282 660 56 1 0 0 0 
1 24 152 458 243 106 39 1 0 17 100 378 393 101 35 0 123 485 255 64 83 14 0 0 
1 94 283 476 91 31 19 29 1 70 238 435 190 39 21 30 119 479 266 57 42 16 15 30 
0 66 333 369 241 15 0 0 0 51 263 358 335 17 0 0 108 526 326 64 0 0 0 0 
1 94 337 346 226 15 5 0 0 73 317 305 309 15 5 0 103 469 401 40 8 3 0 0 
0 77 466 378 39 11 10 43 1 86 367 378 128 11 10 43 84 645 208 17 13 7 7 43 
0 172 461 260 119 12 0 0 1 123 418 310 133 39 0 0 99 495 308 105 17 0 0 0 
14 93 282 412 200 20 2 1 22 74 241 404 227 53 2 1 88 378 382 154 15 5 2 0 
0 121 352 370 172 9 0 0 5 195 254 275 267 28 0 0 86 404 338 185 11 0 0 0 
41 432 415 100 31 5 0 0 34 426 423 92 43 6 0 0 349 498 126 44 7 0 0 0 
50 543 358 62 10 1 0 0 41 567 362 42 12 0 0 0 365 576 72 11 0 0 0 0 
0 12 536 439 29 6 2 0 0 0 109 813 91 11 0 0 0 100 836 82 6 0 0 0 
0 9 368 450 94 59 32 12 0 0 71 727 146 58 21 1 4 222 724 67 7 0 0 0 
0 0 37 240 407 206 97 37 0 0 23 262 538 136 63 2 0 93 399 377 134 21 0 0 
0 2 423 494 85 17 3 0 0 0 263 645 96 19 1 0 0 100 773 117 24 10 0 0 
4 65 458 462 35 0 0 0 0 98 625 285 16 0 0 0 13 296 548 154 13 0 0 0 
48 577 357 41 1 0 0 0 18 595 370 41 0 0 0 0 119 714 179 12 0 0 0 0 
28 306 582 105 3 0 0 0 15 288 559 151 11 0 0 0 61 604 328 31 0 0 0 0 
0 30 560 416 18 0 0 0 0 20 468 502 34 0 0 0 0 231 683 108 2 0 0 0 
1 74 324 613 12 0 0 0 1 76 273 652 22 0 0 0 15 193 583 230 3 0 0 0 
0 43 200 508 268 5 0 0 0 44 159 377 421 23 0 0 7 356 562 99 0 0 0 0 
0 0 16 303 641 62 2 0 0 0 18 477 517 12 0 0 0 74 565 364 21 0 0 0 
0 12 276 351 281 100 4 0 0 2 165 452 373 32 0 0 12 348 399 245 20 0 0 0 
0 45 416 381 154 26 2 0 0 83 225 478 211 27 0 0 29 435 476 77 7 0 0 0 
0 12 107 471 355 69 10 0 0 7 84 365 476 82 10 0 18 270 626 98 9 3 0 0 
0 1 89 574 314 46 0 0 0 2 60 388 558 16 0 0 29 480 454 60 1 0 0 0 
0 56 370 460 119 19 0 0 0 24 303 483 199 15 0 0 47 634 283 55 5 0 0 0 
0 60 179 341 370 62 12 0 0 50 144 380 381 65 4 0 64 310 487 126 33 4 0 0 
0 4 358 479 147 26 9 1 0 6 186 634 168 23 6 1 176 585 205 48 8 2 0 0 
1 106 450 318 90 28 17 14 4 154 388 340 86 28 19 5 119 615 190 66 21 10 3 0 
3 92 385 399 89 37 15 4 3 85 301 503 91 31 8 2 230 446 214 84 29 18 3 0 
2 65 485 367 71 30 4 0 3 65 246 586 88 33 3 0 292 398 241 66 22 5 0 0 
0 26 427 444 105 21 1 0 0 18 337 527 131 10 1 0 355 375 225 57 12 0 0 0 
1 61 503 386 71 2 0 0 2 52 246 636 84 4 0 0 447 420 136 21 0 0 0 0 
3 149 312 363 127 31 11 28 11 172 284 380 125 16 12 24 121 381 356 106 12 11 10 27 
5 140 378 360 81 36 18 6 5 99 382 383 118 33 3 1 141 468 299 78 24 10 3 1 
10 138 351 164 152 70 63 76 3 117 357 183 164 68 72 60 80 385 211 105 61 57 59 66 
14 133 378 170 90 98 85 56 10 106 349 230 102 107 75 45 68 463 122 58 69 99 82 63 
3 102 267 442 145 45 15 5 7 91 202 476 178 59 6 5 115 498 211 104 67 17 7 5 
1 25 335 486 129 42 6 0 1 27 171 618 171 36 0 0 212 550 216 45 1 0 0 0 
8 207 323 196 140 46 52 52 8 197 314 187 172 53 43 50 168 415 212 90 26 18 32 63 
10 231 436 203 68 27 27 22 4 171 402 277 89 35 26 20 166 528 181 52 25 23 25 24 
24 164 445 307 80 4 0 0 10 156 417 347 89 5 0 0 245 557 187 35 0 0 0 0 
30 264 569 117 37 7 0 0 24 185 595 166 42 10 2 0 182 626 157 43 13 3 0 0 
4 313 444 211 50 2 0 0 4 199 480 247 81 12 1 0 155 553 247 58 9 2 0 0 
29 212 338 369 70 6 0 0 20 190 260 361 177 16 0 0 187 384 290 150 13 0 0 0 
21 237 495 227 44 0 0 0 18 226 361 331 85 3 0 0 180 460 300 74 10 0 0 0 
2 125 769 113 13 2 0 0 0 28 393 566 34 3 0 0 3 407 555 53 6 0 0 0 
0 159 605 187 28 20 12 13 0 47 495 405 44 19 14 0 48 537 402 31 6 0 0 0 
0 45 376 459 93 34 16 1 0 15 210 626 116 54 3 0 19 376 549 61 14 5 0 0 
0 14 475 356 76 39 49 15 0 87 451 298 104 57 26 1 18 497 426 63 19 1 0 0 
0 102 351 507 51 9 4 0 0 64 345 525 82 7 1 0 23 412 533 50 6 0 0 0 
22 115 260 615 12 0 0 0 15 125 197 656 31 0 0 0 46 179 695 104 0 0 0 0 
0 25 386 576 37 0 0 0 0 26 280 674 44 0 0 0 3 203 737 81 0 0 0 0 
0 85 326 447 156 10 0 0 0 67 283 448 216 10 0 0 9 353 583 77 2 0 0 0 
0 4 157 703 160 0 0 0 0 3 83 628 310 0 0 0 0 99 892 33 0 0 0 0 
0 3 108 439 426 39 9 0 0 0 54 438 510 22 0 0 0 120 774 120 10 0 0 0 
0 0 48 430 405 138 3 0 0 0 15 368 584 54 3 0 0 75 726 179 37 7 0 0 
0 0 0 18 241 685 79 1 0 0 2 140 860 21 1 0 0 0 98 490 431 4 1 0 
0 6 43 143 372 379 81 0 0 9 40 211 665 97 2 0 2 70 338 444 153 17 0 0 
0 0 63 361 484 100 15 1 0 0 38 260 571 140 15 0 26 258 650 80 10 0 0 0 
0 5 367 446 119 65 20 2 0 0 235 494 223 56 16 0 326 527 140 26 5 0 0 0 
0 0 115 603 262 31 11 2 0 2 74 526 376 37 9 0 54 518 367 71 9 5 0 0 
0 7 178 600 178 45 16 0 0 8 83 588 270 63 12 0 3 381 491 99 42 8 0 0 
0 68 341 389 200 23 3 0 4 52 273 385 273 30 7 0 168 483 229 126 12 5 1 0 
0 54 296 453 171 34 15 1 0 106 273 399 208 35 3 0 134 570 254 55 10 1 0 0 
3 25 138 608 225 22 3 0 1 26 115 560 309 13 0 0 58 525 354 80 7 0 0 0 
3 69 362 443 106 32 9 0 2 68 274 511 143 23 3 0 125 560 267 56 10 5 1 0 
1 32 309 613 64 5 0 0 0 17 212 683 109 3 0 0 114 598 268 44 0 0 0 0 
0 76 321 470 121 29 7 0 0 75 256 480 191 19 3 0 191 475 279 65 11 3 0 0 
28 173 236 170 168 96 76 77 43 170 215 203 163 95 73 62 173 276 164 130 87 59 62 73 
1 43 334 483 113 38 11 1 3 38 251 448 230 40 13 1 128 507 271 74 30 10 4 0 
0 21 169 304 243 100 97 90 0 13 141 292 305 102 96 75 37 231 335 109 86 64 77 85 
1 44 130 494 233 50 26 46 0 51 82 422 353 51 22 43 68 534 222 61 46 28 19 46 
1 29 380 381 123 39 27 44 1 29 299 467 121 36 30 41 139 495 226 56 23 24 24 37 
26 178 370 294 48 31 40 37 28 164 325 339 56 33 40 39 335 362 163 40 16 20 36 52 
80 514 201 50 41 41 45 52 53 523 204 74 42 46 36 46 464 297 70 23 37 34 42 57 
38 232 410 303 40 1 0 0 13 194 364 350 101 2 0 0 279 519 193 32 1 0 0 0 
40 184 307 197 103 71 53 69 27 147 249 262 131 84 53 71 193 302 173 97 66 66 46 81 
56 374 356 157 37 13 26 5 37 284 406 196 58 25 14 4 266 446 225 35 9 13 25 5 
44 701 251 23 5 0 0 0 12 579 369 58 2 4 0 0 373 550 93 4 4 0 0 0 
73 455 282 212 2 0 0 0 18 393 308 274 31 0 0 0 266 399 271 88 0 0 0 0 
22 536 434 31 1 0 0 0 1 209 643 167 4 0 0 0 306 550 158 10 0 0 0 0 
6 185 499 306 28 0 0 0 0 101 430 380 112 1 0 0 35 443 364 163 17 2 0 0 
4 66 282 371 122 79 79 21 0 53 195 436 227 89 20 4 72 516 254 142 39 1 0 0 
0 76 580 270 33 21 29 15 0 66 318 555 33 37 14 1 96 662 252 13 1 0 0 0 
0 47 713 243 19 2 0 0 0 21 460 500 41 2 0 0 18 626 346 28 6 0 0 0 
0 21 471 510 22 0 0 0 0 4 201 753 65 1 0 0 1 235 759 28 1 0 0 0 
0 18 715 260 24 7 0 0 0 17 536 431 39 1 0 0 0 300 682 42 0 0 0 0 
0 14 301 540 52 31 31 55 0 29 390 471 45 40 40 9 20 288 656 56 4 0 0 0 
0 4 119 518 219 62 60 42 0 6 159 549 182 81 39 8 19 278 575 144 8 0 0 0 
0 6 97 711 179 19 9 3 0 4 57 608 335 18 2 0 0 100 830 89 5 0 0 0 
0 0 80 677 207 49 11 0 0 0 28 585 361 38 12 0 0 18 737 235 22 12 0 0 
0 6 179 548 229 56 6 0 0 20 225 470 257 49 3 0 9 176 592 185 52 10 0 0 
0 30 306 439 175 71 3 0 0 34 241 534 194 21 0 0 8 239 628 124 25 0 0 0 
0 0 0 62 159 549 248 6 0 0 2 254 713 44 11 0 0 49 124 442 398 11 0 0 
0 0 29 422 291 245 34 3 0 4 54 577 331 48 10 0 1 405 280 291 47 0 0 0 
0 0 115 501 334 67 6 1 0 1 144 550 273 53 2 1 106 453 340 109 15 1 0 0 
0 7 276 530 188 21 2 0 0 3 128 637 224 29 3 0 186 635 137 55 10 1 0 0 
1 93 260 564 76 11 9 10 0 68 241 537 148 15 13 2 165 521 288 32 18 0 0 0 
0 36 301 444 157 50 31 5 0 28 253 554 143 43 3 0 107 494 244 89 42 20 14 14 
0 64 344 490 79 35 9 3 0 107 250 530 111 23 3 0 88 594 296 39 7 0 0 0 
0 56 408 485 57 17 1 0 0 40 336 560 80 7 1 0 135 550 300 38 1 0 0 0 
0 31 314 443 182 28 20 6 0 12 262 481 213 35 15 6 239 519 191 58 8 7 2 0 
0 16 415 479 87 25 2 0 0 17 317 562 101 27 0 0 138 711 131 41 3 0 0 0 
1 156 454 327 64 19 3 0 1 147 388 337 130 19 2 0 419 392 181 30 2 0 0 0 
5 156 390 287 116 29 12 29 7 143 267 331 180 53 16 27 205 426 211 116 17 13 8 28 
1 37 202 448 260 49 13 14 0 10 146 325 459 59 10 15 91 202 537 126 35 17 4 12 
5 23 180 543 169 58 28 18 1 16 93 440 375 57 28 14 133 416 304 83 41 23 14 10 
2 17 288 389 96 103 68 61 0 17 158 500 132 92 77 48 150 416 132 75 83 64 42 62 
11 150 269 299 163 59 40 33 10 141 268 332 157 52 39 25 179 308 281 100 62 36 30 28 
20 306 463 107 45 27 28 28 27 239 530 106 41 22 27 32 178 535 151 55 21 21 19 44 
32 159 186 232 160 86 98 71 10 178 204 209 181 90 92 60 124 153 229 194 89 54 89 92 
77 497 394 52 4 0 0 0 29 435 494 63 3 0 0 0 303 553 148 20 0 0 0 0 
95 444 236 162 53 7 5 22 78 396 281 123 104 14 4 24 437 296 141 97 21 5 3 24 
49 330 357 230 53 5 0 0 35 329 459 148 47 6 0 0 253 518 189 57 7 0 0 0 
43 364 511 99 7 0 0 0 40 377 498 106 3 0 0 0 284 586 143 8 3 0 0 0 
60 939 24 1 0 0 0 0 17 964 42 1 0 0 0 0 663 349 11 1 0 0 0 0 
119 737 162 1 4 0 1 0 10 640 324 44 1 4 0 1 637 340 41 1 4 0 0 1 
0 62 688 243 31 0 0 0 0 22 169 736 86 11 0 0 10 486 390 82 55 1 0 0 
0 32 669 266 51 5 1 0 0 2 378 570 71 3 0 0 6 660 338 19 1 0 0 0 
0 54 909 60 1 0 0 0 0 2 487 524 11 0 0 0 12 756 253 3 0 0 0 0 
1 145 783 65 19 9 2 0 0 3 773 206 33 7 2 0 12 782 187 29 10 3 1 0 
1 98 800 123 2 0 0 0 0 29 748 236 11 0 0 0 17 834 169 4 0 0 0 0 
0 166 504 254 94 6 0 0 0 98 501 256 157 12 0 0 27 460 433 102 2 0 0 0 
0 4 127 721 100 33 23 16 0 1 67 660 253 29 12 2 1 134 787 99 3 0 0 0 
0 27 377 594 26 0 0 0 0 28 299 629 68 0 0 0 2 144 819 59 0 0 0 0 
0 44 277 589 88 22 4 0 0 25 169 690 134 6 0 0 10 194 734 86 0 0 0 0 
3 40 324 571 79 7 0 0 1 24 175 584 225 15 0 0 23 309 591 95 6 0 0 0 
0 0 62 748 195 19 0 0 0 0 32 531 435 26 0 0 0 243 705 65 11 0 0 0 
0 1 105 499 278 116 24 1 0 0 54 370 427 152 21 0 2 175 609 210 28 0 0 0 
0 0 17 308 519 162 18 0 0 0 10 454 530 30 0 0 0 73 607 251 93 0 0 0 
0 0 31 238 370 346 36 3 0 0 27 533 403 55 6 0 10 62 351 529 66 6 0 0 
0 0 165 305 242 246 56 10 0 15 129 551 276 38 14 1 235 209 214 232 117 16 1 0 
0 23 139 387 220 215 17 23 0 9 111 386 261 221 19 17 114 378 213 151 144 16 8 0 
1 31 265 361 137 141 39 49 1 30 130 475 166 146 46 30 286 367 155 79 106 30 1 0 
0 6 213 740 64 1 0 0 0 10 140 586 286 2 0 0 118 503 366 37 0 0 0 0 
0 76 338 443 134 31 2 0 0 102 229 444 209 39 1 0 137 449 344 86 8 0 0 0 
2 77 345 423 135 26 14 2 1 34 244 502 197 28 14 4 191 485 189 122 27 8 1 1 
0 52 457 375 94 32 12 2 0 13 323 525 114 36 11 2 403 465 100 39 12 5 0 0 
4 108 448 296 124 21 12 11 1 55 345 367 193 38 12 13 245 408 246 93 11 10 4 7 
16 178 665 139 26 0 0 0 13 165 554 233 53 6 0 0 561 386 66 11 0 0 0 0 
18 271 374 210 105 35 9 2 13 198 400 216 143 44 8 2 462 287 182 65 21 4 1 2 
3 102 371 414 72 26 19 17 1 68 247 473 164 31 19 21 178 387 334 52 27 17 10 19 
8 61 190 599 122 43 1 0 3 66 129 500 282 44 0 0 140 427 327 95 34 1 0 0 
3 165 358 292 71 39 38 58 63 175 258 332 68 37 39 52 94 427 262 76 34 23 41 67 
14 318 269 92 72 73 78 108 12 259 343 93 71 68 88 90 131 383 113 82 63 60 80 112 
77 434 397 82 17 10 5 2 30 310 517 129 21 5 8 4 309 509 148 29 13 8 4 4 
1 82 272 312 278 57 20 2 1 58 217 313 365 56 13 1 138 249 479 117 20 11 10 0 
13 314 321 322 54 0 0 0 5 289 308 340 82 0 0 0 151 523 284 52 14 0 0 0 
70 561 252 112 26 3 0 0 26 474 366 131 25 2 0 0 468 338 123 64 26 5 0 0 
65 557 335 64 3 0 0 0 29 493 354 142 6 0 0 0 450 457 109 7 1 0 0 0 
170 687 160 7 0 0 0 0 43 726 245 10 0 0 0 0 629 357 38 0 0 0 0 0 
124 665 145 46 32 8 4 0 78 669 182 44 40 11 0 0 380 463 106 32 23 13 7 0 
179 485 285 59 16 0 0 0 58 551 350 65 0 0 0 0 422 367 164 58 13 0 0 0 
2 109 662 198 43 10 0 0 1 33 392 497 82 19 0 0 5 416 428 122 46 7 0 0 
0 194 777 53 0 0 0 0 0 18 792 214 0 0 0 0 29 827 160 8 0 0 0 0 
0 190 673 161 0 0 0 0 0 12 590 421 1 0 0 0 11 732 281 0 0 0 0 0 
0 177 719 126 2 0 0 0 0 26 658 309 31 0 0 0 73 778 166 7 0 0 0 0 
1 232 642 147 2 0 0 0 0 73 643 301 7 0 0 0 36 663 321 4 0 0 0 0 
8 407 569 39 1 0 0 0 0 211 619 190 4 0 0 0 97 779 141 7 0 0 0 0 
0 100 670 234 20 0 0 0 0 12 263 659 89 1 0 0 43 656 304 21 0 0 0 0 
0 40 682 301 1 0 0 0 0 7 177 812 28 0 0 0 33 639 350 2 0 0 0 0 
0 23 637 352 12 0 0 0 0 1 94 868 61 0 0 0 16 607 398 3 0 0 0 0 
0 12 523 475 14 0 0 0 0 3 90 783 148 0 0 0 11 736 262 15 0 0 0 0 
0 2 345 677 0 0 0 0 0 0 54 855 115 0 0 0 4 778 242 0 0 0 0 0 
0 0 107 741 151 6 8 11 0 0 13 662 319 13 12 5 2 536 433 44 9 0 0 0 
0 1 129 552 240 53 32 17 0 0 52 425 429 76 32 10 18 232 545 174 39 14 2 0 
0 0 136 620 264 3 1 0 0 0 61 603 356 4 0 0 133 500 347 38 4 2 0 0 
0 12 177 313 269 209 33 11 0 9 163 481 301 50 11 9 66 445 182 229 82 11 9 0 
0 47 330 372 113 117 39 6 0 38 308 481 140 44 11 2 86 540 181 137 60 20 0 0 
1 45 283 500 108 58 19 10 1 34 214 552 134 66 19 4 308 528 92 52 33 11 0 0 
0 48 643 227 60 36 10 0 0 25 557 335 59 38 10 0 340 540 78 47 19 0 0 0 
1 50 308 502 127 20 6 10 1 59 258 450 223 18 8 7 218 594 157 32 12 8 3 0 
4 67 263 361 192 53 43 41 4 88 208 302 285 66 35 36 157 311 313 131 29 39 11 33 
1 58 340 571 44 8 2 0 0 31 268 627 83 12 3 0 225 615 155 20 8 1 0 0 
0 2 73 654 263 29 3 0 0 0 18 444 515 36 11 0 54 538 395 34 3 0 0 0 
19 82 403 322 118 44 26 10 2 99 173 492 166 59 32 1 148 555 227 65 28 1 0 0 
0 135 437 426 23 3 0 0 0 104 233 609 70 8 0 0 252 527 233 11 1 0 0 0 
18 100 487 340 52 18 6 3 14 68 239 598 75 18 9 3 149 540 267 39 15 11 2 1 
1 214 719 71 6 12 1 0 1 162 670 171 7 13 0 0 478 483 48 10 5 0 0 0 
24 306 502 122 23 12 11 24 51 249 576 82 20 12 10 24 208 516 159 69 28 11 8 25 
151 632 123 49 11 26 25 7 58 638 187 76 32 21 6 6 589 277 84 30 26 9 3 6 
82 489 250 81 38 33 25 26 38 453 324 108 46 31 14 10 476 390 67 36 27 15 13 0 
15 175 326 369 97 27 15 0 9 138 287 414 140 30 6 0 206 460 306 41 10 1 0 0 
30 219 345 307 69 28 15 11 23 146 306 377 112 26 23 11 250 499 166 51 23 15 10 10 
23 290 435 242 33 1 0 0 0 113 441 340 117 13 0 0 316 450 210 43 5 0 0 0 
26 334 453 175 34 2 0 0 6 176 444 329 61 8 0 0 330 548 105 31 9 1 0 0 
213 508 207 90 4 2 0 0 71 510 297 125 19 2 0 0 621 304 88 9 2 0 0 0 
175 271 324 204 50 0 0 0 110 297 281 207 121 8 0 0 319 338 276 86 5 0 0 0 
399 456 156 13 0 0 0 0 95 605 246 78 0 0 0 0 630 346 48 0 0 0 0 0 
0 102 596 303 20 3 0 0 0 10 284 667 49 14 0 0 1 269 585 153 16 0 0 0 
0 26 670 327 1 0 0 0 0 5 297 690 32 0 0 0 8 500 490 26 0 0 0 0 
0 3 545 476 0 0 0 0 0 0 31 947 46 0 0 0 5 644 375 0 0 0 0 0 
0 1 467 556 0 0 0 0 0 0 60 907 57 0 0 0 1 683 340 0 0 0 0 0 
0 86 597 337 4 0 0 0 0 30 298 657 39 0 0 0 17 555 443 9 0 0 0 0 
0 150 708 161 5 0 0 0 0 60 609 326 29 0 0 0 47 760 208 9 0 0 0 0 
0 38 735 209 23 19 0 0 0 1 201 758 39 21 4 0 26 813 154 19 12 0 0 0 
0 235 707 82 0 0 0 0 0 17 625 375 7 0 0 0 131 870 23 0 0 0 0 0 
0 45 698 279 2 0 0 0 0 2 234 751 37 0 0 0 37 907 80 0 0 0 0 0 
1 224 690 108 1 0 0 0 0 40 602 373 9 0 0 0 73 899 52 0 0 0 0 0 
0 212 719 92 1 0 0 0 0 61 665 295 3 0 0 0 97 897 30 0 0 0 0 0 
0 71 828 95 17 9 4 0 0 23 634 337 20 7 3 0 72 903 40 8 1 0 0 0 
0 43 470 341 110 30 13 17 0 24 280 516 152 27 17 8 269 604 92 30 17 12 0 0 
0 22 434 402 103 39 20 4 0 20 375 500 80 34 15 0 91 528 258 88 47 9 3 0 
0 2 124 542 305 39 9 3 0 0 64 507 394 49 10 0 119 573 259 64 9 0 0 0 
0 21 178 240 252 240 74 19 0 59 197 460 240 57 11 0 89 260 298 239 114 22 2 0 
0 166 370 297 129 45 8 9 1 117 380 291 172 49 7 7 237 513 169 73 23 8 1 0 
2 69 270 446 186 41 10 0 0 71 360 443 125 21 4 0 171 465 317 50 17 4 0 0 
0 14 279 623 92 11 5 0 0 12 222 518 257 13 2 0 118 786 101 14 5 0 0 0 
0 15 137 490 342 33 6 1 0 16 80 431 426 64 6 1 175 524 246 75 4 0 0 0 
23 96 382 324 121 58 16 4 17 80 259 416 172 67 11 2 268 457 209 78 10 2 0 0 
2 88 400 352 59 47 48 28 2 35 311 485 75 54 47 15 287 517 99 60 51 10 0 0 
23 339 265 207 149 32 9 0 15 325 251 188 199 38 7 1 501 247 200 57 13 5 1 0 
1 180 447 361 34 1 0 0 0 124 380 463 55 2 0 0 291 513 191 28 1 0 0 0 
8 265 536 196 14 4 1 0 8 146 577 265 23 4 1 0 385 548 77 8 2 4 0 0 
73 697 246 8 0 0 0 0 6 505 479 34 0 0 0 0 653 355 16 0 0 0 0 0 
18 209 317 184 81 64 56 95 3 126 319 248 102 75 58 93 122 365 200 82 50 58 56 91 
36 268 318 171 93 56 28 54 30 251 289 254 76 44 27 53 231 361 207 82 31 36 18 58 
20 126 235 379 172 72 20 0 13 181 291 433 86 20 0 0 117 331 191 217 115 24 25 4 
12 67 633 297 15 0 0 0 5 83 360 553 23 0 0 0 247 510 217 31 12 7 0 0 
21 341 276 198 160 28 0 0 10 272 325 123 200 94 0 0 250 341 244 154 34 1 0 0 
151 309 269 230 61 4 0 0 70 330 207 271 130 16 0 0 407 209 256 122 30 0 0 0 
186 370 350 111 7 0 0 0 67 357 303 270 27 0 0 0 522 354 97 42 9 0 0 0 
88 501 292 140 3 0 0 0 13 303 417 217 74 0 0 0 565 314 118 27 0 0 0 0 
84 466 342 75 54 3 0 0 6 255 450 205 84 24 0 0 392 444 120 63 5 0 0 0 
60 299 264 320 81 0 0 0 28 352 123 188 312 21 0 0 160 358 422 79 5 0 0 0 
0 7 757 173 57 29 1 0 0 0 49 851 76 42 6 0 0 369 534 36 33 50 2 0 
0 4 553 400 51 16 0 0 0 0 26 793 169 33 3 0 3 474 419 69 33 18 8 0 
0 44 641 338 1 0 0 0 0 34 410 567 13 0 0 0 9 526 484 4 1 0 0 0 
0 26 630 356 12 0 0 0 0 44 582 384 14 0 0 0 10 526 470 18 0 0 0 0 
0 22 613 341 45 3 0 0 0 21 619 347 36 1 0 0 6 554 408 46 9 1 0 0 
0 18 519 475 12 0 0 0 0 13 427 562 22 0 0 0 19 615 373 17 0 0 0 0 
0 23 511 485 5 0 0 0 0 24 190 726 84 0 0 0 16 719 275 14 0 0 0 0 
0 233 411 377 3 0 0 0 0 65 433 466 60 0 0 0 95 437 331 161 0 0 0 0 
0 60 768 186 10 0 0 0 0 27 602 351 44 0 0 0 32 743 181 66 2 0 0 0 
9 368 387 236 24 0 0 0 3 236 456 244 85 0 0 0 193 614 199 18 0 0 0 0 
23 639 283 64 7 7 1 0 10 484 437 82 9 2 0 0 474 472 72 6 0 0 0 0 
0 60 315 404 202 31 12 0 0 25 249 458 257 27 8 0 85 673 243 23 0 0 0 0 
1 167 627 178 34 14 3 0 0 159 607 204 37 16 1 0 273 527 184 37 2 1 0 0 
2 66 667 222 44 13 9 1 0 37 415 492 53 18 8 1 142 697 132 39 12 2 0 0 
0 26 597 379 18 4 0 0 0 24 344 618 34 4 0 0 281 618 115 6 4 0 0 0 
0 1 138 418 310 139 17 1 0 19 213 658 114 18 2 0 34 391 384 181 34 0 0 0 
1 21 315 351 193 102 41 0 1 48 322 469 135 48 1 0 146 450 235 135 45 13 0 0 
0 77 439 356 111 29 12 0 5 103 376 442 72 24 2 0 459 368 146 44 7 0 0 0 
0 97 446 410 60 9 2 0 0 143 436 330 104 9 2 0 213 656 134 15 5 1 0 0 
2 104 446 323 95 45 9 0 0 98 347 398 124 52 5 0 203 542 185 81 13 0 0 0 
50 80 115 459 276 31 9 4 34 71 89 289 490 41 7 3 174 350 400 87 10 3 0 0 
0 170 512 290 37 14 1 0 0 98 418 421 72 15 0 0 457 441 107 18 1 0 0 0 
2 193 551 195 53 15 10 5 0 185 399 344 59 19 13 5 560 335 84 26 13 5 1 0 
21 282 557 124 24 16 0 0 5 236 500 237 32 14 0 0 339 592 68 25 0 0 0 0 
6 227 438 322 23 6 2 0 0 53 398 501 63 7 2 0 207 670 131 13 3 0 0 0 
106 638 162 91 17 8 1 1 14 590 262 92 55 4 5 2 648 242 113 8 4 1 5 3 
58 334 245 76 52 85 79 95 39 272 287 112 53 105 61 95 246 316 105 53 52 59 72 121 
14 214 364 191 149 48 13 31 24 137 349 261 154 57 13 29 119 424 278 96 43 22 12 30 
8 112 473 318 77 30 6 0 49 199 441 253 60 20 2 0 127 505 245 112 30 5 0 0 
1 110 603 240 58 10 2 0 15 83 321 476 107 17 5 0 56 617 295 43 12 1 0 0 
12 107 445 358 94 8 0 0 7 68 258 473 208 10 0 0 106 407 426 74 11 0 0 0 
0 25 125 331 340 138 52 13 2 107 370 334 136 59 14 2 10 81 192 225 250 222 43 1 
62 239 233 248 125 60 47 10 40 254 409 205 66 31 17 2 295 293 225 139 58 12 2 0 
225 374 328 56 40 1 0 0 52 401 241 252 50 28 0 0 590 311 80 43 0 0 0 0 
57 131 431 294 91 20 0 0 14 81 214 411 242 54 8 0 136 437 333 98 20 0 0 0 
37 226 496 215 39 11 0 0 16 196 422 278 97 15 0 0 92 242 313 212 129 32 4 0 
0 6 683 257 67 7 4 0 0 0 81 785 132 22 4 0 1 396 491 69 52 11 4 0 
0 10 598 261 119 29 7 0 0 0 98 663 187 64 12 0 2 395 355 109 107 41 13 2 
0 44 495 440 30 15 0 0 0 26 283 595 100 20 0 0 7 522 419 46 17 13 0 0 
0 98 627 293 6 0 0 0 0 58 498 437 31 0 0 0 30 561 417 16 0 0 0 0 
0 20 643 319 42 0 0 0 0 15 553 402 54 0 0 0 2 501 461 58 2 0 0 0 
0 128 530 319 41 6 0 0 0 110 459 395 58 2 0 0 34 495 421 53 18 3 0 0 
0 41 233 733 17 0 0 0 0 25 97 705 197 0 0 0 15 583 420 6 0 0 0 0 
0 2 216 733 73 0 0 0 0 0 73 699 251 1 0 0 0 192 499 324 9 0 0 0 
0 7 130 599 288 0 0 0 0 26 113 420 465 0 0 0 0 53 301 662 8 0 0 0 
0 10 241 631 142 0 0 0 0 38 284 513 189 0 0 0 0 112 620 291 1 0 0 0 
10 135 554 303 22 0 0 0 10 179 565 250 20 0 0 0 54 553 385 30 2 0 0 0 
0 46 539 392 30 10 6 1 0 52 393 504 58 14 3 0 162 746 91 16 9 0 0 0 
6 152 445 314 60 18 24 5 7 166 346 371 90 20 20 4 210 572 172 30 22 7 11 0 
9 75 244 360 161 57 65 53 12 89 181 367 205 71 72 27 173 438 169 59 51 28 53 53 
0 58 116 329 346 128 47 0 0 25 108 309 440 116 26 0 133 212 149 121 201 159 47 2 
0 29 110 445 294 113 33 0 0 32 156 456 337 39 4 0 177 233 372 179 55 8 0 0 
1 52 256 286 257 141 27 4 13 126 404 335 121 22 3 0 126 303 321 187 69 15 3 0 
0 54 506 354 76 32 2 0 0 105 525 351 41 2 0 0 438 411 133 36 6 0 0 0 
0 103 527 336 24 13 13 8 0 114 485 326 73 10 12 4 593 361 41 20 6 3 0 0 
5 81 674 247 17 0 0 0 3 69 457 474 21 0 0 0 400 559 60 5 0 0 0 0 
5 126 533 317 38 5 0 0 3 135 403 413 64 6 0 0 344 468 191 21 0 0 0 0 
5 281 581 125 29 3 0 0 0 173 548 257 44 2 0 0 520 384 81 37 2 0 0 0 
7 204 727 66 11 6 3 0 4 195 689 112 17 6 1 0 225 706 79 11 2 1 0 0 
134 262 436 141 27 12 10 2 58 298 298 320 27 12 9 2 580 324 92 12 12 3 1 0 
171 324 403 117 4 3 1 1 115 275 403 222 4 4 0 1 496 444 78 1 4 0 1 0 
50 525 182 260 7 0 0 0 1 411 292 296 24 0 0 0 594 385 45 0 0 0 0 0 
29 191 471 297 30 6 0 0 21 124 371 396 104 7 1 0 244 554 192 28 4 2 0 0 
22 74 371 402 49 50 41 15 8 70 276 489 68 60 39 14 201 531 129 44 27 39 38 15 
12 145 625 170 43 17 8 4 8 112 510 320 51 11 9 3 122 681 161 28 9 9 10 4 
0 46 440 436 80 22 0 0 0 14 255 572 153 30 0 0 272 560 161 31 0 0 0 0 
7 384 572 55 6 0 0 0 2 176 582 238 23 3 0 0 385 549 85 5 0 0 0 0 
8 288 400 213 95 20 0 0 234 255 442 85 8 0 0 0 148 235 331 148 96 46 20 0 
4 177 297 323 159 53 11 0 113 367 320 179 41 4 0 0 19 301 336 226 127 15 0 0 
9 187 501 298 25 3 1 0 42 148 485 288 57 4 0 0 30 295 430 148 85 33 3 0 
92 319 377 168 43 12 11 2 22 215 364 246 159 17 1 0 322 434 202 65 1 0 0 0 
31 413 378 167 35 0 0 0 0 121 419 331 135 18 0 0 320 519 165 20 0 0 0 0 
0 25 754 198 37 10 0 0 0 2 266 672 54 30 0 0 2 501 416 54 33 18 0 0 
1 123 545 212 135 8 0 0 0 4 469 313 209 28 1 0 25 491 231 129 130 18 0 0 
0 38 487 374 121 4 0 0 0 8 307 497 187 25 0 0 10 365 298 215 119 17 0 0 
0 18 343 513 148 2 0 0 0 4 118 618 263 21 0 0 4 297 420 187 98 18 0 0 
0 33 480 434 62 15 0 0 0 3 235 643 115 28 0 0 2 248 582 122 57 13 0 0 
0 29 496 457 42 0 0 0 0 41 476 488 19 0 0 0 1 347 585 90 1 0 0 0 
0 34 476 503 11 0 0 0 0 53 391 570 10 0 0 0 18 494 502 10 0 0 0 0 
0 64 375 572 13 0 0 0 12 92 290 611 19 0 0 0 16 211 740 57 0 0 0 0 
2 21 320 665 16 0 0 0 1 16 192 775 40 0 0 0 3 72 712 237 0 0 0 0 
0 86 505 414 19 0 0 0 4 103 443 428 46 0 0 0 15 198 600 211 0 0 0 0 
0 169 628 169 37 21 0 0 4 338 556 97 26 3 0 0 35 532 368 63 22 4 0 0 
0 120 538 242 86 36 2 0 0 147 602 180 80 15 0 0 71 551 245 82 51 19 5 0 
0 56 423 478 44 12 9 2 0 61 361 509 74 12 7 0 132 659 187 27 11 6 2 0 
0 88 282 471 135 34 14 0 4 158 204 458 153 41 6 0 93 493 288 101 24 15 10 0 
0 109 320 393 175 26 1 0 0 75 256 412 210 69 2 0 142 415 253 172 39 3 0 0 
0 120 331 275 176 120 2 0 0 63 293 287 187 176 18 0 164 338 197 173 141 11 0 0 
2 69 309 281 265 89 6 3 3 107 168 348 251 142 5 0 58 343 254 277 83 7 2 0 
2 82 393 344 145 39 6 13 5 92 333 463 102 16 13 0 227 478 202 82 18 7 10 0 
3 117 348 308 192 42 8 6 12 163 369 288 169 18 5 0 277 351 316 56 17 5 2 0 
2 200 537 237 36 9 3 0 5 267 412 289 41 8 2 0 289 526 174 27 6 2 0 0 
1 57 630 257 69 8 1 1 3 77 602 302 35 4 1 0 489 347 147 32 7 1 1 0 
18 389 533 79 5 0 0 0 12 261 572 172 7 0 0 0 615 372 36 1 0 0 0 0 
57 441 425 72 28 1 0 0 13 316 566 105 23 1 0 0 705 253 61 4 1 0 0 0 
82 175 407 279 66 15 0 0 79 161 194 520 61 9 0 0 301 538 109 61 15 0 0 0 
129 100 532 168 80 13 2 0 114 108 371 344 75 12 0 0 370 412 181 43 16 2 0 0 
10 276 405 287 46 0 0 0 4 147 412 317 137 7 0 0 235 483 284 22 0 0 0 0 
17 184 522 240 49 10 2 0 10 133 389 390 85 16 1 0 367 405 205 41 6 0 0 0 
2 137 548 288 39 7 3 0 0 115 428 420 53 5 3 0 429 530 49 12 3 1 0 0 
0 57 584 360 19 4 0 0 0 33 408 527 52 4 0 0 157 687 172 8 0 0 0 0 
59 479 396 66 22 2 0 0 14 275 585 122 24 4 0 0 488 480 44 12 0 0 0 0 
132 778 114 0 0 0 0 0 18 656 343 7 0 0 0 0 720 299 5 0 0 0 0 0 
96 424 268 113 95 28 0 0 17 297 415 180 64 51 0 0 401 370 155 96 2 0 0 0 
28 309 337 164 139 47 0 0 22 204 485 208 92 13 0 0 137 520 249 110 8 0 0 0 
11 413 417 70 94 19 0 0 8 190 612 108 63 43 0 0 204 579 163 75 3 0 0 0 
106 490 220 142 64 2 0 0 14 318 391 159 116 26 0 0 403 357 173 89 2 0 0 0 
88 382 354 151 49 0 0 0 19 221 391 266 114 13 0 0 369 411 204 40 0 0 0 0 
0 95 697 219 13 0 0 0 0 28 404 558 33 1 0 0 19 487 448 59 11 0 0 0 
1 59 536 290 105 33 0 0 1 25 460 368 109 61 0 0 11 323 379 182 47 79 3 0 
4 140 409 368 63 39 1 0 4 101 346 432 96 42 3 0 38 288 362 253 36 36 11 0 
0 26 353 465 174 6 0 0 0 9 331 537 145 2 0 0 3 311 545 126 31 8 0 0 
0 69 283 522 99 49 2 0 0 69 307 520 86 42 0 0 6 218 603 134 17 42 4 0 
1 45 302 374 105 188 9 0 4 46 315 365 123 170 1 0 24 263 388 87 74 122 66 0 
0 23 156 516 169 158 2 0 1 26 139 569 246 43 0 0 14 255 424 120 63 141 7 0 
0 7 211 222 140 420 24 0 0 28 257 186 184 357 12 0 0 81 335 95 108 279 126 0 
0 117 390 237 111 100 63 6 2 129 463 220 107 87 16 0 3 255 414 129 105 85 33 0 
0 57 278 448 147 82 12 0 0 99 443 358 94 29 1 0 3 135 530 219 91 39 7 0 
7 68 256 312 285 76 20 0 24 169 276 214 289 47 5 0 29 238 446 160 105 39 7 0 
2 16 172 398 242 111 73 10 6 76 302 345 173 73 49 0 11 120 412 252 104 67 49 9 
0 34 254 309 315 82 24 6 6 98 270 324 268 53 5 0 13 244 300 295 116 50 5 1 
7 37 154 310 247 138 100 31 22 76 188 238 237 158 96 9 15 167 274 201 168 74 92 33 
0 52 251 400 185 94 42 0 0 48 116 461 246 123 30 0 131 430 183 124 63 44 44 5 
2 76 240 529 120 53 4 0 0 57 170 453 249 86 9 0 107 355 371 109 79 3 0 0 
3 102 271 308 266 74 0 0 2 106 171 308 222 211 4 0 97 368 213 210 136 0 0 0 
1 113 401 280 152 45 28 4 0 49 445 291 158 56 25 0 226 308 261 147 54 24 4 0 
1 49 704 220 41 9 0 0 0 31 480 470 34 9 0 0 359 477 154 29 5 0 0 0 
2 186 364 235 168 53 13 3 8 221 286 397 98 14 0 0 218 404 279 97 23 3 0 0 
0 58 364 336 156 68 38 4 0 117 519 306 52 29 1 0 72 431 363 105 35 18 0 0 
18 282 430 168 97 27 2 0 31 265 536 162 28 2 0 0 474 325 175 45 5 0 0 0 
9 225 648 118 24 0 0 0 5 202 660 141 16 0 0 0 418 536 64 6 0 0 0 0 
2 102 561 238 78 37 6 0 7 110 489 335 66 17 0 0 168 613 145 51 45 2 0 0 
3 56 456 371 111 21 6 0 4 69 330 494 98 24 5 0 74 469 381 82 18 0 0 0 
24 83 482 329 73 26 7 0 18 94 291 480 118 22 1 0 121 558 250 87 8 0 0 0 
4 262 648 101 9 0 0 0 7 301 513 195 8 0 0 0 397 557 66 4 0 0 0 0 
1 169 722 101 22 5 3 1 1 126 650 215 24 6 1 1 313 594 93 17 5 1 1 0 
0 141 842 37 4 0 0 0 0 10 855 153 6 0 0 0 5 797 220 2 0 0 0 0 
4 760 254 6 0 0 0 0 0 388 627 9 0 0 0 0 262 741 20 1 0 0 0 0 
118 465 244 155 37 5 0 0 23 412 308 203 64 14 0 0 562 353 72 31 6 0 0 0 
156 430 274 95 60 9 0 0 64 300 391 150 98 21 0 0 342 480 149 52 1 0 0 0 
52 386 322 164 96 4 0 0 6 249 488 173 99 9 0 0 228 541 207 47 1 0 0 0 
293 421 257 53 0 0 0 0 102 397 430 70 25 0 0 0 503 447 72 2 0 0 0 0 
172 699 144 9 0 0 0 0 51 492 443 38 0 0 0 0 773 217 34 0 0 0 0 0 
186 725 103 10 0 0 0 0 23 495 443 63 0 0 0 0 794 202 28 0 0 0 0 0 
0 93 328 258 244 99 2 0 1 132 274 292 250 75 0 0 14 256 272 135 137 188 22 0 
0 9 308 348 146 213 0 0 0 4 359 328 248 85 0 0 0 128 419 150 105 222 0 0 
0 3 88 225 154 551 3 0 0 11 136 208 367 302 0 0 0 28 203 91 114 555 33 0 
0 11 51 174 377 403 8 0 0 30 77 194 654 69 0 0 0 19 92 145 214 542 12 0 
0 11 328 387 202 90 6 0 0 26 430 318 216 34 0 0 5 217 403 140 84 160 15 0 
0 25 157 241 424 168 9 0 0 33 182 281 427 101 0 0 0 70 237 177 171 330 39 0 
0 63 264 295 212 143 40 7 0 138 338 201 203 119 25 0 0 217 356 192 107 93 49 10 
0 37 225 211 305 157 83 6 2 155 233 270 195 126 43 0 2 164 222 230 177 127 84 18 
0 36 293 367 223 81 20 4 4 133 384 329 129 41 4 0 5 148 412 259 134 57 8 1 
3 43 139 257 239 336 7 0 8 82 160 291 250 233 0 0 3 73 134 228 213 295 78 0 
8 66 173 498 193 66 19 1 15 89 173 353 317 67 10 0 30 217 474 165 81 44 12 1 
9 170 303 266 236 40 0 0 17 263 201 269 211 59 4 0 75 430 284 168 49 17 1 0 
0 11 118 571 222 97 5 0 0 0 70 418 374 146 16 0 36 222 403 210 118 35 0 0 
0 25 305 283 244 164 3 0 0 7 116 392 216 276 17 0 53 361 179 160 213 56 2 0 
0 0 225 505 233 61 0 0 0 0 45 560 264 155 0 0 141 408 194 191 89 1 0 0 
1 63 382 480 78 18 2 0 0 41 169 589 191 32 2 0 229 509 210 65 11 0 0 0 
0 42 534 291 150 7 0 0 0 29 256 527 174 38 0 0 329 430 179 72 14 0 0 0 
0 150 433 269 118 41 10 3 0 62 380 334 164 64 17 3 347 381 136 99 41 18 2 0 
0 168 497 227 84 37 11 0 0 147 306 401 98 59 12 1 276 512 141 56 30 7 2 0 
0 67 765 135 39 18 0 0 0 16 374 558 46 26 4 0 103 761 98 43 18 1 0 0 
0 110 722 145 35 11 1 0 0 18 755 243 4 4 0 0 305 617 88 10 4 0 0 0 
5 276 422 197 81 31 12 0 14 217 442 222 101 23 5 0 319 420 178 65 24 16 2 0 
22 327 444 178 31 14 7 1 8 289 566 134 18 8 1 0 308 539 149 17 8 3 0 0 
7 328 515 141 30 3 0 0 6 255 467 272 24 0 0 0 499 398 111 16 0 0 0 0 
0 74 421 365 100 53 11 0 5 137 392 394 87 9 0 0 124 425 356 78 40 1 0 0 
4 155 552 233 56 15 3 6 6 195 534 225 51 5 4 4 239 473 192 87 23 2 4 4 
0 150 531 341 2 0 0 0 0 58 326 629 11 0 0 0 231 572 208 13 0 0 0 0 
0 89 617 221 71 25 1 0 0 104 595 274 43 8 0 0 27 524 303 105 54 10 1 0 
10 274 611 116 13 0 0 0 4 62 651 279 28 0 0 0 27 813 178 6 0 0 0 0 
9 252 502 242 19 0 0 0 0 152 400 409 63 0 0 0 207 524 276 17 0 0 0 0 
5 410 509 90 9 1 0 0 0 212 594 190 27 1 0 0 331 575 87 30 1 0 0 0 
275 513 153 71 12 0 0 0 101 445 339 90 48 1 0 0 558 390 67 9 0 0 0 0 
110 579 310 24 1 0 0 0 27 278 647 71 1 0 0 0 282 662 79 1 0 0 0 0 
479 332 167 34 12 0 0 0 239 466 213 70 35 1 0 0 656 279 82 7 0 0 0 0 
287 515 125 94 3 0 0 0 84 564 223 72 80 1 0 0 648 276 96 4 0 0 0 0 
398 439 99 88 0 0 0 0 209 475 188 86 66 0 0 0 792 145 85 2 0 0 0 0 
4 533 315 87 70 15 0 0 15 639 198 95 71 6 0 0 11 643 198 64 73 35 0 0 
24 263 114 63 177 380 3 0 50 300 87 63 366 158 0 0 22 296 87 54 75 464 26 0 
0 196 340 76 214 198 0 0 8 462 100 105 316 33 0 0 1 225 319 70 181 226 2 0 
3 315 393 51 139 111 12 0 32 626 80 75 156 53 2 0 7 431 282 44 109 133 18 0 
3 352 394 95 105 66 9 0 43 609 162 67 122 19 2 0 3 453 327 67 92 75 7 0 
0 428 424 147 13 11 1 0 19 725 169 95 13 3 0 0 0 568 382 51 13 9 1 0 
1 337 516 60 46 63 1 0 8 747 111 53 41 43 21 0 1 450 416 42 40 67 8 0 
1 63 416 103 202 236 3 0 7 256 234 58 112 341 16 0 3 108 384 122 223 182 2 0 
0 15 265 462 199 79 4 0 0 60 149 390 305 110 10 0 18 321 315 199 129 41 1 0 
1 46 178 427 310 60 2 0 1 36 146 344 339 147 11 0 108 115 219 366 198 18 0 0 
0 100 365 364 157 38 0 0 0 0 275 385 267 89 8 0 192 384 210 152 79 7 0 0 
0 26 283 416 185 85 26 3 0 6 109 482 262 141 24 0 214 311 229 145 99 26 0 0 
0 54 155 583 199 33 0 0 0 44 104 340 483 52 1 0 110 386 394 121 13 0 0 0 
0 33 353 477 138 23 0 0 0 1 189 439 345 49 1 0 66 360 353 196 48 1 0 0 
0 49 453 348 132 32 10 0 0 1 235 502 219 62 5 0 134 472 218 153 43 4 0 0 
3 112 468 345 62 22 12 0 0 58 388 366 180 27 5 0 239 622 123 31 9 0 0 0 
3 107 559 274 76 5 0 0 0 57 440 372 127 28 0 0 227 519 225 51 2 0 0 0 
0 59 544 407 12 2 0 0 0 32 218 743 29 2 0 0 423 451 148 2 0 0 0 0 
4 238 701 81 0 0 0 0 4 223 319 475 3 0 0 0 647 352 25 0 0 0 0 0 
4 166 688 120 33 13 0 0 0 44 594 322 44 20 0 0 321 608 59 24 12 0 0 0 
0 91 805 123 5 0 0 0 0 28 640 346 10 0 0 0 528 462 34 0 0 0 0 0 
0 494 485 44 1 0 0 0 0 110 808 102 4 0 0 0 701 296 26 1 0 0 0 0 
21 616 362 9 10 6 0 0 1 408 565 31 11 8 0 0 450 536 19 10 9 0 0 0 
18 257 176 139 397 36 1 0 3 218 211 146 237 206 3 0 250 209 126 230 207 2 0 0 
1 34 111 264 440 129 31 14 5 72 262 248 283 143 9 2 56 164 354 243 187 9 9 2 
4 153 396 326 93 39 12 1 16 225 385 293 85 18 2 0 247 489 189 64 30 4 1 0 
15 158 315 451 54 23 6 2 35 193 225 402 148 14 6 1 260 500 220 34 7 3 0 0 
0 54 386 472 110 2 0 0 3 99 402 455 65 0 0 0 11 289 340 243 140 1 0 0 
0 224 585 208 7 0 0 0 0 153 634 230 6 1 0 0 7 491 266 193 67 0 0 0 
2 346 500 168 8 0 0 0 0 212 491 288 33 0 0 0 335 426 227 36 0 0 0 0 
30 450 405 107 29 3 0 0 9 359 349 255 39 13 0 0 448 401 153 22 0 0 0 0 
137 610 153 110 14 0 0 0 37 539 297 131 17 3 0 0 678 318 18 7 3 0 0 0 
33 608 338 41 4 0 0 0 3 272 652 91 6 0 0 0 316 629 75 4 0 0 0 0 
250 303 303 163 5 0 0 0 61 274 372 241 73 3 0 0 379 494 146 5 0 0 0 0 
319 324 330 51 0 0 0 0 75 376 365 195 13 0 0 0 541 413 70 0 0 0 0 0 
320 300 142 249 13 0 0 0 149 275 235 164 201 0 0 0 513 199 287 25 0 0 0 0 
15 898 110 1 0 0 0 0 47 942 35 0 0 0 0 0 10 771 241 2 0 0 0 0 
34 769 196 21 4 0 0 0 79 867 61 17 0 0 0 0 32 757 206 23 6 0 0 0 
1 439 515 37 25 7 0 0 14 872 89 31 17 1 0 0 0 426 529 33 30 6 0 0 
0 303 694 24 3 0 0 0 5 831 176 11 1 0 0 0 0 336 668 14 6 0 0 0 
0 542 465 13 4 0 0 0 8 939 62 12 3 0 0 0 1 749 262 9 3 0 0 0 
2 93 90 121 600 118 0 0 7 100 58 82 255 522 0 0 8 117 82 138 623 56 0 0 
0 3 15 162 654 189 1 0 0 3 15 26 473 503 4 0 0 9 27 331 551 105 1 0 
0 0 0 266 595 163 0 0 0 0 0 32 481 510 1 0 0 0 117 303 524 80 0 0 
3 320 329 352 20 0 0 0 6 302 168 389 158 1 0 0 87 767 136 33 1 0 0 0 
38 407 303 276 0 0 0 0 6 426 137 428 27 0 0 0 556 465 3 0 0 0 0 0 
55 392 152 171 251 3 0 0 0 302 248 91 323 60 0 0 483 79 78 242 141 1 0 0 
0 57 418 426 92 25 6 0 0 3 199 388 393 37 4 0 82 267 290 350 35 0 0 0 
0 79 494 402 49 0 0 0 0 27 306 496 187 8 0 0 273 372 264 113 2 0 0 0 
3 145 507 307 58 4 0 0 0 64 266 552 125 17 0 0 272 445 232 68 7 0 0 0 
5 205 539 205 64 4 2 0 1 104 483 295 124 15 2 0 340 362 222 90 8 2 0 0 
33 222 518 131 87 26 6 1 38 172 399 256 106 44 9 0 279 466 132 91 50 6 0 0 
57 502 347 70 32 12 4 0 60 384 352 161 49 15 3 0 639 244 88 43 10 0 0 0 
9 203 587 192 24 9 0 0 2 114 507 348 44 9 0 0 373 547 83 14 7 0 0 0 
24 248 622 91 25 14 0 0 0 170 532 275 35 12 0 0 404 507 79 26 8 0 0 0 
9 707 227 63 16 2 0 0 6 301 607 75 33 2 0 0 711 235 67 9 2 0 0 0 
3 363 570 80 8 0 0 0 0 126 691 177 30 0 0 0 404 531 83 6 0 0 0 0 
36 666 282 35 5 0 0 0 7 353 582 77 5 0 0 0 537 435 45 6 1 0 0 0 
18 309 405 173 87 30 2 0 10 261 280 315 93 60 5 0 306 449 130 91 44 4 0 0 
0 6 458 293 172 95 0 0 0 6 264 429 149 172 4 0 171 436 171 83 144 19 0 0 
0 50 570 343 31 19 9 2 1 45 423 494 43 16 2 0 278 553 160 18 15 0 0 0 
0 23 583 319 71 27 1 0 0 16 344 567 79 18 0 0 332 472 176 32 12 0 0 0 
0 20 443 441 77 31 11 1 11 130 262 543 52 22 4 0 191 499 259 55 12 6 2 0 
6 127 349 313 138 58 27 6 101 315 368 169 44 23 4 0 120 443 284 116 38 18 5 0 
11 234 535 204 31 9 0 0 55 249 477 215 28 0 0 0 112 520 168 138 80 6 0 0 
18 452 455 83 16 0 0 0 8 400 508 97 10 1 0 0 328 521 127 32 15 1 0 0 
63 271 620 59 8 3 0 0 55 262 595 105 7 0 0 0 527 349 112 22 11 3 0 0 
392 335 256 33 8 0 0 0 344 339 290 44 7 0 0 0 565 358 93 8 0 0 0 0 
51 516 428 29 0 0 0 0 13 152 764 88 7 0 0 0 235 627 159 3 0 0 0 0 
82 550 365 27 0 0 0 0 14 194 649 167 0 0 0 0 384 602 38 0 0 0 0 0 
127 550 317 30 0 0 0 0 23 243 621 128 9 0 0 0 374 612 38 0 0 0 0 0 
257 697 63 7 0 0 0 0 56 495 426 43 4 0 0 0 587 367 66 4 0 0 0 0 
26 836 119 43 0 0 0 0 86 833 80 25 0 0 0 0 21 711 259 33 0 0 0 0 
18 836 141 14 5 10 0 0 50 917 37 10 10 0 0 0 22 729 245 17 6 5 0 0 
11 770 232 7 4 0 0 0 37 943 38 4 2 0 0 0 13 772 232 4 3 0 0 0 
29 675 313 5 2 0 0 0 55 915 50 3 1 0 0 0 18 752 249 4 1 0 0 0 
0 561 366 63 29 5 0 0 50 747 114 64 40 9 0 0 7 624 304 54 29 6 0 0 
0 31 130 261 503 99 0 0 0 9 65 152 458 340 0 0 7 108 93 260 475 81 0 0 
0 18 83 261 571 91 0 0 0 11 49 102 411 451 0 0 3 69 70 271 519 92 0 0 
0 3 114 395 438 74 0 0 0 0 14 212 486 309 3 0 8 72 179 404 341 20 0 0 
0 129 319 476 100 0 0 0 0 23 218 400 352 31 0 0 289 276 196 212 51 0 0 0 
38 265 521 197 3 0 0 0 13 145 397 347 122 0 0 0 541 283 132 65 3 0 0 0 
24 277 540 84 96 3 0 0 21 123 560 190 97 33 0 0 618 220 64 108 14 0 0 0 
38 60 348 446 92 32 8 0 34 38 123 466 302 47 14 0 61 378 318 218 37 12 0 0 
0 116 611 251 40 6 0 0 0 18 363 552 79 12 0 0 221 640 140 17 6 0 0 0 
134 248 384 199 58 1 0 0 43 254 328 298 82 19 0 0 383 387 159 80 15 0 0 0 
153 224 280 257 102 8 0 0 82 234 238 175 268 27 0 0 318 246 135 235 90 0 0 0 
119 311 401 171 22 0 0 0 36 304 350 267 65 2 0 0 355 478 125 52 14 0 0 0 
68 254 557 132 13 0 0 0 20 205 431 344 24 0 0 0 448 498 60 18 0 0 0 0 
16 455 471 57 18 7 0 0 7 319 528 140 21 9 0 0 424 495 85 18 2 0 0 0 
29 367 581 45 2 0 0 0 14 233 663 103 11 0 0 0 280 679 63 2 0 0 0 0 
14 752 241 17 0 0 0 0 6 498 489 31 0 0 0 0 521 441 61 1 0 0 0 0 
83 757 150 27 7 0 0 0 40 575 369 38 2 0 0 0 677 309 31 7 0 0 0 0 
14 523 447 21 19 0 0 0 5 239 669 82 20 9 0 0 546 439 14 19 6 0 0 0 
3 247 635 110 27 2 0 0 0 188 523 282 30 1 0 0 216 648 147 12 1 0 0 0 
8 355 432 169 34 22 4 0 2 213 575 171 40 21 2 0 352 444 173 41 13 1 0 0 
7 201 724 76 11 3 2 0 4 156 675 174 11 4 0 0 258 673 81 8 4 0 0 0 
7 215 547 185 39 24 7 0 3 204 521 237 54 4 1 0 328 448 190 37 20 1 0 0 
1 81 706 190 31 12 3 0 1 36 505 449 31 2 0 0 172 731 96 17 5 3 0 0 
17 154 371 176 117 135 35 19 49 191 384 205 111 63 8 13 160 413 205 182 34 10 9 11 
20 214 292 141 127 212 18 0 76 371 193 105 54 206 19 0 167 368 216 240 33 0 0 0 
7 81 372 224 202 130 8 0 27 224 314 175 92 184 8 0 155 350 287 209 22 1 0 0 
19 147 534 208 96 19 1 0 20 131 503 255 89 26 0 0 229 416 341 33 3 2 0 0 
144 255 390 222 13 0 0 0 148 176 236 421 43 0 0 0 284 618 119 3 0 0 0 0 
249 365 397 13 0 0 0 0 155 363 379 127 0 0 0 0 635 306 81 2 0 0 0 0 
47 583 341 48 5 0 0 0 16 207 657 139 5 0 0 0 269 667 87 1 0 0 0 0 
135 756 88 27 18 0 0 0 13 497 423 67 20 4 0 0 338 623 41 18 4 0 0 0 
142 822 53 7 0 0 0 0 20 431 555 13 5 0 0 0 340 606 71 7 0 0 0 0 
16 574 367 63 4 0 0 0 28 777 204 14 1 0 0 0 8 434 529 48 5 0 0 0 
33 534 239 89 92 28 9 0 88 639 115 95 66 19 2 0 25 509 282 78 100 30 0 0 
60 793 159 6 2 4 0 0 93 902 21 2 3 3 0 0 35 844 136 4 2 3 0 0 
5 962 57 0 0 0 0 0 41 975 8 0 0 0 0 0 7 941 76 0 0 0 0 0 
5 794 169 32 23 1 0 0 69 829 77 26 19 4 0 0 27 803 149 27 18 0 0 0 
37 785 114 58 28 2 0 0 129 737 49 59 42 8 0 0 67 810 83 46 18 0 0 0 
19 466 159 219 144 17 0 0 29 488 73 118 260 56 0 0 26 519 131 218 125 5 0 0 
0 76 370 407 170 1 0 0 0 4 189 424 344 63 0 0 4 206 399 306 109 0 0 0 
0 66 581 323 54 0 0 0 0 7 175 659 176 7 0 0 11 342 536 130 5 0 0 0 
142 460 359 62 1 0 0 0 7 374 255 360 28 0 0 0 440 322 250 12 0 0 0 0 
24 311 357 284 48 0 0 0 0 97 315 374 234 4 0 0 169 318 309 219 9 0 0 0 
0 8 726 278 12 0 0 0 0 0 43 817 161 3 0 0 0 205 743 76 0 0 0 0 
77 161 243 539 4 0 0 0 29 151 142 324 378 0 0 0 183 144 368 316 13 0 0 0 
152 59 284 481 48 0 0 0 29 161 35 469 314 16 0 0 175 47 475 280 47 0 0 0 
0 0 87 662 275 0 0 0 0 0 3 149 800 72 0 0 0 15 171 657 181 0 0 0 
0 8 406 388 222 0 0 0 0 2 168 373 405 76 0 0 33 411 91 274 212 3 0 0 
16 262 526 142 50 27 1 0 3 130 545 244 69 30 3 0 418 424 130 35 15 2 0 0 
3 380 517 94 29 1 0 0 0 270 564 154 34 2 0 0 259 626 118 21 0 0 0 0 
3 115 748 157 1 0 0 0 0 29 359 618 18 0 0 0 141 846 37 0 0 0 0 0 
1 168 787 63 5 0 0 0 0 42 666 295 21 0 0 0 209 775 37 3 0 0 0 0 
45 582 316 60 18 3 0 0 5 314 568 105 29 3 0 0 443 475 74 30 2 0 0 0 
8 644 343 16 10 3 0 0 0 369 589 51 12 3 0 0 673 321 20 8 2 0 0 0 
2 274 675 71 2 0 0 0 0 77 641 299 7 0 0 0 165 782 75 2 0 0 0 0 
0 96 629 283 16 0 0 0 2 59 351 576 35 1 0 0 89 534 380 21 0 0 0 0 
1 109 680 193 41 0 0 0 0 104 811 96 13 0 0 0 101 679 217 27 0 0 0 0 
11 180 493 232 66 33 9 0 14 238 583 146 41 2 0 0 249 484 222 48 21 0 0 0 
6 210 544 208 36 14 6 0 13 251 618 121 17 4 0 0 131 629 228 24 12 0 0 0 
1 123 497 231 105 47 18 2 18 199 601 143 43 17 3 0 77 590 246 66 35 8 2 0 
6 130 526 190 116 36 12 8 59 289 395 214 49 11 7 0 211 514 186 81 20 10 2 0 
0 203 653 124 40 4 0 0 14 197 620 167 26 0 0 0 356 544 91 33 0 0 0 0 
32 290 346 243 104 8 1 0 140 269 280 187 132 15 1 0 306 471 207 37 3 0 0 0 
49 166 288 403 106 12 0 0 76 160 172 433 144 39 0 0 215 525 231 51 2 0 0 0 
98 583 295 37 11 0 0 0 99 460 383 72 10 0 0 0 587 364 64 9 0 0 0 0 
159 561 293 11 0 0 0 0 116 378 483 47 0 0 0 0 404 551 69 0 0 0 0 0 
141 847 36 0 0 0 0 0 38 524 462 0 0 0 0 0 308 716 0 0 0 0 0 0 
73 894 57 0 0 0 0 0 3 313 707 1 0 0 0 0 116 892 16 0 0 0 0 0 
31 625 275 83 10 0 0 0 81 688 207 46 2 0 0 0 14 609 309 79 13 0 0 0 
115 676 114 61 41 13 4 0 214 624 88 63 24 9 2 0 70 689 143 58 43 18 3 0 
48 803 145 18 5 5 0 0 114 843 47 11 7 2 0 0 38 775 186 14 6 5 0 0 
9 910 75 23 6 1 0 0 96 873 36 16 3 0 0 0 7 881 104 19 10 3 0 0 
35 878 90 21 0 0 0 0 108 855 51 10 0 0 0 0 33 879 88 24 0 0 0 0 
47 779 75 109 11 3 0 0 95 752 46 77 53 1 0 0 47 783 81 100 11 2 0 0 
3 59 255 286 407 14 0 0 2 27 128 328 364 175 0 0 5 103 306 203 376 31 0 0 
1 29 165 411 412 6 0 0 0 7 32 256 560 169 0 0 4 28 218 466 303 5 0 0 
0 18 249 536 215 6 0 0 0 0 46 363 510 105 0 0 0 123 393 423 85 0 0 0 
9 14 217 559 221 4 0 0 4 7 15 345 567 85 1 0 16 122 482 377 26 1 0 0 
0 11 165 431 416 1 0 0 0 0 67 167 657 133 0 0 18 70 171 565 196 4 0 0 
19 126 413 318 148 0 0 0 10 80 187 403 291 53 0 0 142 238 327 173 144 0 0 0 
60 40 256 498 167 3 0 0 25 49 74 333 460 83 0 0 66 79 364 361 152 2 0 0 
223 85 299 262 149 6 0 0 189 87 110 325 226 87 0 0 271 138 299 178 135 3 0 0 
485 80 117 126 202 14 0 0 176 391 48 125 165 119 0 0 570 72 90 112 173 7 0 0 
431 254 59 55 207 18 0 0 155 408 168 45 143 105 0 0 574 168 30 45 204 3 0 0 
25 289 557 121 23 9 0 0 22 52 555 345 37 13 0 0 107 767 126 23 1 0 0 0 
4 500 482 27 11 0 0 0 0 340 564 97 22 1 0 0 285 582 138 19 0 0 0 0 
11 459 493 42 16 3 0 0 1 107 765 126 22 3 0 0 162 719 128 13 2 0 0 0 
20 572 388 35 9 0 0 0 14 348 570 80 12 0 0 0 300 658 61 5 0 0 0 0 
10 461 437 65 38 13 0 0 4 188 603 162 46 21 0 0 375 532 77 34 6 0 0 0 
13 515 491 5 0 0 0 0 0 234 656 134 0 0 0 0 409 597 18 0 0 0 0 0 
48 649 308 18 1 0 0 0 10 446 510 52 6 0 0 0 534 440 46 4 0 0 0 0 
40 494 459 31 0 0 0 0 7 218 712 84 3 0 0 0 433 525 66 0 0 0 0 0 
43 183 399 197 132 58 12 0 24 275 521 144 53 7 0 0 174 469 239 100 40 2 0 0 
6 23 331 363 204 78 15 4 6 264 481 203 59 10 1 0 15 342 434 178 47 8 0 0 
0 13 397 407 144 43 18 2 9 162 607 186 46 12 2 0 10 438 403 131 31 10 1 0 
1 33 178 342 300 132 35 3 28 195 407 254 113 27 0 0 46 211 404 240 100 23 0 0 
2 161 380 247 162 68 4 0 84 389 309 142 94 6 0 0 101 392 283 132 90 26 0 0 
8 182 476 140 152 59 7 0 30 331 380 96 98 88 1 0 208 446 176 166 25 3 0 0 
17 246 416 175 130 32 8 0 124 455 232 103 62 47 1 0 185 449 250 126 11 3 0 0 
85 258 257 93 301 29 1 0 189 295 170 52 208 109 1 0 321 280 284 133 6 0 0 0 
96 784 143 1 0 0 0 0 100 612 312 0 0 0 0 0 505 517 2 0 0 0 0 0 
306 650 68 0 0 0 0 0 294 602 124 4 0 0 0 0 742 282 0 0 0 0 0 0 
375 546 101 2 0 0 0 0 54 668 297 5 0 0 0 0 678 340 6 0 0 0 0 0 
402 606 16 0 0 0 0 0 153 518 352 1 0 0 0 0 477 539 8 0 0 0 0 0 
