1 40 217 343 193 150 72 8 0 26 229 367 182 129 84 7 1 66 278 319 172 124 59 5 
0 0 47 517 330 65 50 15 0 0 85 537 300 55 35 12 0 3 131 553 245 55 33 4 
0 1 134 465 208 60 131 25 0 0 106 476 242 35 131 34 0 71 361 309 72 64 130 17 
147 185 162 252 63 60 114 41 94 221 179 236 72 52 95 75 188 199 273 134 21 53 89 67 
142 156 116 214 49 15 198 134 118 157 122 233 46 13 135 200 220 127 177 133 23 11 132 201 
0 10 167 204 201 59 268 115 0 2 130 286 177 34 230 165 0 26 174 163 206 69 208 178 
1 23 77 144 139 197 351 92 2 34 76 144 128 187 309 144 1 25 82 136 139 179 344 118 
0 49 94 114 173 195 229 170 4 58 103 104 159 185 222 189 11 45 94 99 152 180 238 205 
2 41 84 217 310 257 92 21 1 20 88 199 313 266 107 30 1 7 74 205 272 275 141 49 
85 295 298 150 102 56 34 4 25 184 349 231 117 65 41 12 184 300 208 111 104 53 42 22 
311 382 245 75 11 0 0 0 162 394 302 138 26 2 0 0 480 354 151 36 3 0 0 0 
359 342 248 72 3 0 0 0 278 333 275 129 9 0 0 0 550 336 131 7 0 0 0 0 
86 224 362 245 84 22 1 0 52 195 352 274 120 28 3 0 224 347 300 111 37 5 0 0 
75 256 300 234 110 44 5 0 43 206 300 248 161 55 10 1 230 318 237 133 65 26 14 1 
105 195 257 254 145 48 18 2 56 188 224 279 176 64 29 8 220 223 254 165 85 41 25 11 
33 124 232 286 207 102 34 6 16 87 188 279 233 130 64 27 29 141 251 213 159 108 63 60 
223 660 65 41 16 12 5 2 146 714 85 40 19 11 6 3 85 744 128 32 11 11 9 4 
102 329 264 222 99 8 0 0 44 312 316 230 112 10 0 0 75 272 292 226 142 16 1 0 
77 212 309 214 154 58 0 0 53 193 298 256 152 72 0 0 91 244 288 188 148 61 4 0 
58 278 324 215 126 19 4 0 34 246 347 264 115 15 3 0 107 306 263 221 110 15 2 0 
4 40 82 136 230 247 230 55 4 37 63 123 232 283 219 63 7 52 102 111 210 240 241 61 
1 30 80 98 124 467 195 29 4 24 43 101 131 464 214 43 9 58 95 66 100 426 247 23 
0 4 17 70 162 478 282 11 0 3 12 65 149 379 398 18 0 5 19 66 140 379 388 27 
1 138 75 58 110 188 419 35 1 92 115 39 113 144 425 95 0 73 133 38 103 167 440 70 
0 82 68 109 105 168 416 76 0 51 94 106 91 130 391 161 1 72 121 72 92 153 411 102 
0 8 52 116 104 202 399 143 0 7 63 104 101 142 385 222 2 33 95 78 87 181 391 157 
0 0 26 68 119 179 401 231 0 0 21 66 107 156 369 305 0 2 38 67 115 157 364 281 
0 3 25 202 241 169 266 118 0 1 29 221 207 168 257 141 2 17 155 183 169 161 235 102 
2 23 135 197 177 167 224 99 2 19 118 194 174 160 206 151 4 53 151 198 162 154 195 107 
6 41 77 105 178 317 237 63 3 32 78 94 154 268 284 111 11 40 83 92 175 270 267 86 
157 152 95 69 139 227 162 23 108 171 101 77 164 180 177 46 238 118 72 73 145 159 180 39 
77 183 182 175 103 137 115 52 41 156 209 182 116 127 113 80 153 191 138 124 99 120 111 88 
105 194 272 200 109 101 40 3 75 161 247 236 138 104 55 8 230 269 215 83 81 95 46 5 
163 301 299 218 40 3 0 0 77 272 293 241 122 18 1 0 312 348 285 72 6 1 0 0 
175 294 276 174 69 28 8 0 88 265 303 216 102 36 12 2 271 347 236 116 23 23 8 0 
45 311 368 251 45 4 0 0 51 256 401 240 71 5 0 0 202 377 342 97 6 0 0 0 
100 514 271 106 30 3 0 0 83 481 323 108 27 2 0 0 97 433 379 104 11 0 0 0 
84 160 284 373 116 7 0 0 59 150 269 388 142 16 0 0 97 119 268 362 154 24 0 0 
78 194 160 249 301 39 3 0 36 192 188 196 335 70 7 0 147 210 204 161 258 43 1 0 
31 116 204 260 350 60 3 0 49 130 162 224 393 65 1 0 77 191 202 192 312 50 0 0 
4 32 126 200 148 189 283 42 5 36 146 183 138 177 281 58 18 99 160 145 114 177 279 32 
1 20 100 238 206 194 193 72 3 25 121 231 202 201 181 60 10 70 180 207 144 167 176 70 
0 32 141 271 174 131 169 106 1 38 156 269 176 119 151 114 2 74 221 232 124 103 144 124 
1 119 177 202 208 126 119 72 1 99 209 206 215 102 127 65 2 129 288 189 138 90 126 62 
3 133 215 257 193 160 41 22 3 138 247 195 205 171 50 15 32 226 296 158 112 143 53 4 
0 30 97 210 164 190 190 143 1 31 124 211 149 185 181 142 7 70 205 132 139 169 171 131 
0 16 118 220 205 194 190 81 1 23 114 236 191 173 182 104 10 61 203 191 163 155 165 76 
0 1 11 124 310 302 232 44 0 0 11 93 286 294 274 66 0 12 94 202 232 212 236 36 
0 4 24 186 237 216 273 84 0 6 30 183 225 189 271 120 2 19 142 207 163 186 229 76 
0 1 14 74 163 209 375 188 0 0 16 77 137 187 340 267 0 3 49 97 102 184 351 238 
0 8 28 77 221 396 264 30 0 5 26 57 191 357 338 50 0 5 26 58 190 346 348 51 
14 53 100 220 352 227 54 4 18 56 115 219 339 210 62 5 21 61 128 241 308 196 63 6 
6 61 150 239 282 225 58 3 10 60 151 236 285 211 69 2 15 72 164 249 269 177 76 2 
3 60 192 261 341 139 26 2 2 32 155 261 340 192 39 3 32 62 177 234 295 178 40 6 
19 96 244 281 189 104 74 17 7 75 199 283 234 139 76 11 26 88 218 287 184 120 81 20 
53 119 269 366 122 57 30 8 15 59 146 312 330 115 39 8 82 229 388 187 54 43 36 5 
69 216 312 267 135 24 1 0 41 207 314 263 165 33 1 0 48 144 307 281 193 49 2 0 
2 110 311 392 195 14 0 0 1 77 286 419 225 16 0 0 0 44 240 415 285 40 0 0 
32 170 501 291 23 7 0 0 9 72 278 510 141 8 6 0 49 436 460 68 9 2 0 0 
0 58 560 376 12 5 9 4 0 1 123 653 224 8 6 9 34 458 492 18 5 5 9 3 
8 73 159 297 270 132 68 17 5 70 192 267 246 165 69 10 30 139 269 165 213 135 68 5 
3 37 218 315 122 68 192 69 6 50 245 297 99 72 175 80 21 195 287 155 64 70 171 61 
1 20 90 205 164 211 275 58 2 30 90 204 156 195 276 71 8 78 157 153 122 211 239 56 
12 84 199 205 157 149 144 74 13 106 186 206 156 158 134 65 37 154 189 154 159 146 126 59 
5 42 136 168 147 158 224 144 7 48 133 168 140 167 223 138 26 97 170 127 105 147 216 136 
1 78 164 173 192 141 170 105 6 100 188 157 187 127 144 115 22 119 174 161 181 128 121 118 
9 71 219 294 189 121 75 46 11 87 246 264 194 106 65 51 43 177 298 209 123 74 53 47 
1 30 163 309 373 119 21 8 0 22 150 284 378 153 29 8 27 155 331 333 133 36 8 1 
0 3 70 337 380 142 72 20 0 3 45 286 413 184 72 21 5 91 339 322 148 75 43 1 
0 5 67 217 254 220 188 73 0 9 102 203 226 205 193 86 5 72 159 212 176 209 144 47 
0 11 67 95 168 361 238 84 1 13 59 73 167 336 286 89 6 30 63 105 187 298 270 65 
0 24 86 281 357 179 59 38 3 26 85 239 332 222 74 43 11 50 175 306 237 148 61 36 
6 32 73 212 323 228 87 63 12 33 91 242 344 169 66 67 12 38 121 275 322 141 55 60 
14 45 161 270 263 186 71 14 17 32 175 265 275 183 63 14 15 101 185 243 235 167 68 10 
35 46 60 301 369 164 37 12 36 36 77 242 410 179 36 8 43 53 123 312 300 136 51 6 
0 12 65 295 441 163 47 1 0 6 40 218 453 234 64 9 0 8 61 198 431 248 77 1 
115 272 333 201 87 16 0 0 89 267 320 214 114 20 0 0 120 279 301 182 117 22 3 0 
18 376 522 103 5 0 0 0 10 294 571 143 6 0 0 0 7 215 586 200 16 0 0 0 
139 369 232 169 92 21 2 0 44 321 270 205 129 50 3 2 85 368 298 168 74 28 1 2 
32 132 439 292 86 31 12 0 9 78 218 462 195 38 22 2 94 384 367 104 41 28 6 0 
13 54 175 351 300 126 5 0 4 52 116 319 343 177 13 0 6 57 94 305 366 180 16 0 
32 218 274 171 161 114 35 19 25 225 270 168 144 132 47 13 61 291 223 144 133 118 43 11 
0 9 108 207 132 137 226 205 1 16 113 215 124 122 214 219 4 58 171 146 110 116 181 238 
2 31 153 240 213 176 135 74 2 40 156 244 202 181 134 65 9 83 218 223 182 157 110 42 
4 118 378 244 102 92 63 23 2 45 276 370 146 103 63 19 40 269 355 136 84 78 51 11 
2 21 103 108 123 137 332 198 4 37 96 114 105 138 331 199 4 51 101 102 104 144 306 212 
8 69 158 194 206 150 127 112 12 77 163 181 195 164 118 114 28 106 207 189 164 110 120 100 
10 107 292 333 212 54 11 5 4 52 211 340 274 108 25 10 67 251 345 241 93 20 6 1 
5 38 181 389 316 73 20 2 2 23 128 339 386 118 26 2 24 146 394 323 106 27 4 0 
1 23 85 272 380 197 56 10 0 7 42 182 407 281 94 11 7 53 256 337 216 117 32 6 
6 26 111 252 347 209 54 19 1 10 63 162 306 341 106 35 17 63 162 312 305 119 30 16 
5 31 60 134 203 155 116 320 1 7 34 82 169 195 169 367 17 54 109 167 162 112 89 314 
2 12 48 177 278 227 143 137 0 2 31 140 242 266 194 149 5 25 79 181 242 213 149 130 
0 5 34 86 127 139 199 434 0 3 18 73 124 170 198 438 0 16 46 98 135 137 206 386 
9 78 163 259 282 125 48 60 0 15 69 248 357 201 71 63 42 123 201 290 188 90 44 46 
30 155 250 302 222 50 11 4 0 23 145 298 353 172 26 7 89 181 261 253 169 55 12 4 
79 235 311 274 93 27 5 0 35 133 255 222 258 91 30 0 145 266 355 188 54 14 2 0 
42 250 287 207 112 75 38 13 14 189 277 195 169 108 56 16 56 298 298 162 84 59 47 20 
7 38 116 216 268 228 124 27 4 24 66 173 306 276 148 27 9 39 128 220 279 200 126 23 
83 163 212 311 188 56 11 0 26 167 186 298 263 74 10 0 122 246 258 228 101 58 11 0 
79 145 328 337 124 11 0 0 49 143 266 364 186 16 0 0 30 131 196 404 241 22 0 0 
46 148 230 364 205 24 7 0 34 105 218 362 258 42 5 0 34 102 203 315 311 54 5 0 
11 105 204 216 190 144 120 34 7 98 204 212 186 167 117 33 20 144 201 189 175 151 108 36 
10 93 142 161 124 193 255 46 5 57 133 184 139 172 268 66 24 116 166 120 99 149 256 94 
139 295 372 201 16 1 0 0 60 236 348 317 59 4 0 0 188 424 346 63 3 0 0 0 
11 86 189 168 86 165 240 79 5 50 182 197 108 165 244 73 25 113 167 94 112 157 255 101 
13 25 141 209 144 145 220 127 12 33 158 203 131 135 220 132 15 26 84 159 164 186 219 171 
94 172 214 196 216 103 29 0 47 111 175 193 202 198 80 18 144 197 198 219 184 66 16 0 
53 211 268 211 155 78 39 9 18 72 231 293 224 122 56 8 100 247 286 181 134 52 22 2 
16 95 209 217 230 139 66 52 1 40 164 247 267 167 76 62 70 181 226 233 169 73 44 28 
4 24 86 166 231 159 144 210 0 6 30 100 235 241 168 244 16 64 139 198 192 116 125 174 
37 83 130 108 91 72 100 403 6 53 83 112 134 101 98 437 77 106 127 95 41 65 58 455 
9 56 220 296 239 122 42 40 0 13 123 269 284 204 101 30 36 171 277 280 161 56 33 10 
0 5 126 249 264 216 90 74 0 3 68 246 282 237 118 70 5 81 186 232 246 160 86 28 
0 0 24 112 263 309 212 104 0 0 24 119 269 297 209 106 0 3 45 112 291 342 155 76 
1 2 19 144 347 273 170 68 1 0 21 198 338 232 150 84 1 3 35 106 336 320 150 73 
26 31 75 207 295 179 140 71 1 29 48 210 307 206 122 101 40 61 91 188 282 188 107 67 
31 55 119 185 267 184 130 53 10 32 52 139 321 269 137 64 55 92 171 246 216 117 69 58 
0 9 34 99 212 286 262 122 0 5 24 76 201 307 274 137 0 17 57 121 175 282 254 118 
0 57 174 267 183 236 102 5 0 0 79 261 295 263 120 6 17 215 242 124 105 191 121 9 
66 171 204 270 191 113 9 0 42 171 192 264 219 118 18 0 39 142 192 217 251 159 24 0 
100 323 333 175 81 12 0 0 25 161 367 299 139 32 1 0 60 310 322 217 79 35 1 0 
84 281 237 195 136 76 15 0 17 127 323 238 169 120 27 3 76 215 270 206 138 86 30 3 
23 129 274 264 144 155 33 2 1 52 198 304 236 183 45 5 30 178 286 234 107 143 44 2 
167 305 345 122 44 11 25 5 43 249 347 229 94 29 27 6 206 363 280 105 31 14 20 5 
94 266 348 207 70 22 10 7 22 129 328 317 145 56 21 6 196 350 291 123 40 9 9 6 
46 234 331 219 124 56 13 1 12 130 279 313 181 89 18 2 115 303 300 171 94 35 6 0 
19 102 225 257 179 167 74 1 1 39 173 331 183 218 75 4 32 145 215 231 161 158 80 2 
31 145 191 182 203 174 55 43 4 96 179 217 214 197 66 51 63 179 178 172 176 171 61 24 
37 111 176 191 168 180 123 38 13 65 150 227 170 182 162 55 75 117 178 196 165 175 89 29 
3 63 158 179 170 199 169 83 0 18 133 196 206 206 174 91 2 82 218 161 171 202 117 71 
5 21 65 133 142 132 213 313 3 11 57 141 151 136 208 317 10 47 108 125 120 125 158 331 
13 80 187 292 223 132 74 23 6 59 175 261 291 143 71 18 77 209 252 244 116 71 43 12 
42 122 229 180 171 168 89 23 4 72 182 269 203 170 93 31 105 244 194 201 156 87 34 3 
19 77 127 149 216 174 163 99 10 58 126 162 209 182 191 86 72 119 119 191 191 163 130 39 
0 6 34 54 196 342 262 130 0 0 24 62 137 352 303 146 0 17 80 166 213 239 191 118 
2 9 37 104 218 318 206 130 3 5 20 81 211 333 227 144 4 22 71 150 231 314 168 64 
1 8 6 47 100 251 335 276 1 6 7 24 106 276 321 283 3 7 9 51 108 273 319 254 
1 17 40 83 138 163 274 308 1 13 43 73 126 166 307 295 20 33 67 85 140 123 272 284 
1 60 284 354 208 88 24 5 0 1 49 333 393 184 51 13 48 279 346 216 96 28 11 0 
80 240 259 220 193 31 1 0 53 198 262 262 226 23 0 0 42 183 277 259 202 58 3 0 
331 467 154 60 11 1 0 0 225 476 181 112 27 3 0 0 154 426 278 140 23 3 0 0 
300 352 215 101 38 14 4 0 51 385 291 163 78 44 8 4 309 286 228 126 50 19 6 0 
297 292 214 166 54 1 0 0 47 266 278 208 168 56 1 0 343 293 214 134 39 1 0 0 
175 320 235 166 65 28 26 9 10 193 306 253 152 64 37 9 292 293 222 114 50 19 29 5 
159 304 284 168 54 32 19 4 16 230 339 251 119 42 23 4 240 332 231 123 47 34 14 3 
48 203 286 260 157 63 7 0 20 186 275 285 180 71 7 0 70 262 283 200 143 64 2 0 
94 194 257 177 109 101 74 18 12 136 283 235 132 113 89 24 116 239 255 147 84 95 75 13 
67 218 251 184 114 80 71 39 8 103 270 263 157 98 76 49 81 259 241 167 108 73 63 32 
86 169 225 228 174 80 44 18 21 141 195 276 192 121 57 21 123 172 199 203 195 83 38 11 
174 238 194 160 149 91 16 2 39 213 237 205 180 125 24 1 186 254 191 151 134 97 10 1 
75 99 170 257 270 129 23 1 35 74 141 239 278 192 58 7 80 104 169 233 260 142 32 4 
38 153 216 251 193 130 40 3 34 126 208 255 235 119 40 7 156 223 257 218 118 32 15 5 
273 216 133 136 99 84 54 29 218 249 130 130 116 99 59 23 452 162 147 126 73 33 28 3 
157 113 100 127 183 204 119 21 119 119 110 117 176 219 139 25 166 122 106 118 192 200 103 17 
2 10 27 62 229 338 234 122 1 7 24 62 212 366 232 120 1 7 28 66 250 352 213 107 
7 57 55 89 194 256 207 159 7 61 34 72 161 315 214 160 13 66 72 124 181 257 172 139 
1 31 124 220 168 126 193 161 0 8 56 153 223 191 210 183 4 57 147 204 140 114 193 165 
7 52 166 232 162 154 198 53 0 11 75 166 282 200 222 68 19 93 205 207 126 148 183 43 
19 36 97 345 343 159 25 0 11 41 55 165 437 246 66 3 44 83 286 384 194 31 2 0 
519 344 113 29 7 12 0 0 169 515 243 68 14 8 7 0 515 376 93 26 7 7 0 0 
426 422 156 20 0 0 0 0 47 448 341 161 27 0 0 0 484 404 126 10 0 0 0 0 
249 404 253 95 21 2 0 0 80 246 374 227 85 12 0 0 285 426 238 63 12 0 0 0 
162 507 284 54 14 3 0 0 14 260 492 206 36 16 0 0 219 529 225 35 11 5 0 0 
123 417 339 111 29 5 0 0 20 186 490 221 79 27 1 0 180 397 312 109 24 2 0 0 
163 291 306 177 52 28 6 1 59 228 304 242 122 41 27 1 269 309 266 117 38 22 2 1 
262 338 323 84 16 0 1 0 185 277 367 158 28 8 1 0 449 399 137 32 6 1 0 0 
117 219 135 42 82 151 215 63 55 208 198 53 91 175 207 37 199 216 68 45 92 185 192 27 
82 78 119 213 335 179 18 0 20 101 106 193 353 227 24 0 68 78 109 173 355 215 25 1 
47 107 169 228 297 156 20 0 5 77 152 235 297 212 45 1 39 91 124 175 289 242 62 2 
2 40 137 302 412 119 12 0 1 30 108 261 435 173 16 0 0 21 94 262 414 207 25 1 
14 38 71 163 396 275 63 4 8 32 69 175 394 270 72 4 15 44 69 181 383 265 63 4 
18 130 192 314 219 130 18 3 20 113 182 347 248 98 15 1 32 153 201 349 205 72 12 0 
4 27 74 112 220 232 193 162 5 22 67 132 220 231 201 146 8 37 82 105 190 218 226 158 
14 33 47 114 243 282 234 57 16 23 56 104 239 310 220 56 17 25 60 111 252 316 188 55 
8 99 189 185 184 109 204 46 10 110 195 171 192 122 187 37 10 143 197 163 168 127 188 28 
2 7 24 115 310 283 203 80 0 13 32 197 270 255 197 60 1 13 41 224 247 250 198 50 
0 9 12 32 75 129 245 522 0 8 11 29 71 161 287 457 0 9 13 26 74 146 282 474 
52 174 202 176 145 83 44 148 4 76 203 215 204 135 58 129 62 195 200 190 137 67 42 131 
5 31 238 457 230 56 5 2 4 8 61 305 508 120 15 3 31 187 471 251 71 12 1 0 
654 191 110 56 13 0 0 0 461 332 111 78 36 6 0 0 632 226 96 55 15 0 0 0 
818 200 6 0 0 0 0 0 468 506 50 0 0 0 0 0 771 251 2 0 0 0 0 0 
704 275 38 7 0 0 0 0 347 513 138 24 2 0 0 0 668 297 51 8 0 0 0 0 
356 495 151 22 0 0 0 0 69 422 400 112 21 0 0 0 398 482 127 17 0 0 0 0 
167 384 301 123 39 9 1 0 13 177 407 300 106 20 1 0 215 397 283 97 29 3 0 0 
159 213 188 169 143 104 41 7 35 168 197 220 173 155 69 7 240 205 206 152 124 80 15 2 
17 66 111 196 267 234 116 17 4 32 100 167 297 281 118 25 24 80 134 199 276 210 84 17 
12 58 84 98 199 302 236 35 5 30 102 83 218 310 240 36 0 17 57 125 157 341 274 53 
88 131 151 183 226 182 57 6 31 149 157 190 232 202 54 9 59 153 121 184 213 212 73 9 
7 41 98 390 303 145 38 2 0 20 79 449 316 134 21 5 6 32 109 397 344 122 13 1 
112 124 412 233 132 10 1 0 92 128 393 239 151 20 1 0 93 122 410 226 152 20 1 0 
28 90 286 347 182 57 21 13 31 100 285 364 177 41 21 5 35 122 280 364 166 36 20 1 
18 75 165 306 272 125 48 15 19 78 199 354 237 94 38 5 24 88 225 350 220 87 27 3 
9 65 74 304 330 189 50 3 6 53 76 277 394 180 35 3 15 61 74 298 364 178 31 3 
1 5 44 164 275 313 199 23 1 3 57 160 299 326 166 12 1 24 93 168 294 289 148 7 
17 79 124 155 242 247 144 16 6 46 147 156 253 247 153 16 13 145 123 133 217 232 141 20 
0 3 8 100 261 369 253 30 0 2 7 129 308 397 165 16 0 3 36 178 321 320 148 18 
6 31 35 43 226 337 183 163 14 33 30 78 347 228 158 136 24 29 30 115 389 158 144 135 
64 105 84 146 202 157 120 146 41 88 106 147 220 183 127 112 74 102 118 176 190 140 105 119 
0 34 277 406 206 83 17 1 0 0 48 358 461 135 20 2 12 204 452 233 97 24 2 0 
902 108 6 7 1 0 0 0 831 174 11 7 1 0 0 0 830 171 15 6 2 0 0 0 
610 309 66 29 9 1 0 0 448 440 105 23 8 0 0 0 506 393 94 23 8 0 0 0 
299 162 145 115 147 98 46 12 220 178 158 143 161 107 43 14 257 168 160 152 133 102 47 5 
101 125 140 176 205 168 97 12 51 125 140 178 224 190 104 12 93 127 157 188 211 166 76 6 
0 4 20 65 214 380 275 66 0 4 17 76 243 409 236 39 1 5 25 103 265 391 205 29 
1 25 88 177 259 262 165 47 1 25 92 191 263 261 157 34 1 17 118 247 249 254 109 29 
57 303 164 124 157 124 75 20 40 198 264 127 159 137 85 14 8 92 293 200 206 138 72 15 
65 287 233 120 169 100 42 8 57 233 292 120 172 107 36 7 44 202 272 177 156 118 49 6 
115 124 229 203 164 125 59 5 117 137 228 207 168 99 60 8 138 165 238 200 144 74 63 2 
13 204 253 225 204 115 10 0 1 181 264 265 205 104 4 0 13 224 273 286 162 65 1 0 
35 169 473 256 78 12 1 0 8 76 431 285 168 52 4 0 47 182 491 227 64 13 0 0 
35 44 85 288 331 151 80 10 6 52 95 336 308 140 86 1 31 69 168 348 243 116 49 0 
35 54 72 131 254 279 120 79 32 72 83 149 274 253 96 65 51 69 104 186 295 191 80 48 
4 57 188 130 196 360 83 6 1 13 123 211 230 376 68 2 15 134 147 101 208 350 67 2 
30 137 275 208 207 139 27 1 0 39 171 324 295 160 33 2 130 186 198 161 191 134 24 0 
8 100 225 217 281 161 31 1 0 18 193 243 305 235 29 1 17 156 216 191 242 168 34 0 
2 21 80 159 458 276 27 1 0 5 40 145 417 367 49 1 1 27 82 112 330 381 91 0 
1 7 76 133 241 268 238 60 0 3 36 115 233 309 271 57 1 10 77 135 161 294 303 43 
0 0 26 72 120 301 360 145 0 0 21 66 146 264 377 150 0 7 43 57 123 261 357 176 
0 51 390 330 74 46 104 29 0 5 132 510 192 49 110 26 18 224 442 136 41 28 97 38 
551 335 135 3 0 0 0 0 262 554 189 19 0 0 0 0 181 538 166 127 12 0 0 0 
173 261 218 176 115 58 21 2 62 293 230 188 153 78 18 2 110 337 272 165 96 36 7 1 
176 246 173 156 135 95 39 4 76 178 225 190 149 133 57 16 232 250 166 155 132 64 24 1 
173 257 199 185 120 55 30 5 81 253 249 203 147 64 22 5 150 221 222 216 138 56 18 3 
2 56 107 176 317 214 128 24 0 38 113 234 312 197 114 16 0 3 95 279 306 199 128 14 
48 216 218 182 157 112 84 7 26 186 215 202 171 107 104 13 17 126 193 222 210 123 107 26 
22 65 150 256 226 160 77 68 13 61 125 254 219 193 96 63 20 63 145 265 157 181 140 53 
24 42 44 193 315 220 144 42 21 43 60 217 337 193 129 24 17 47 73 249 322 189 111 16 
27 74 236 377 249 51 10 0 24 66 268 449 164 47 6 0 31 67 302 457 127 39 1 0 
85 258 275 229 110 59 8 0 40 207 298 259 151 58 11 0 93 272 275 223 119 41 1 0 
269 378 230 106 27 14 0 0 101 313 349 172 59 27 3 0 316 392 211 74 20 11 0 0 
104 177 223 255 208 54 3 0 33 145 208 297 253 83 5 0 110 179 236 314 148 36 1 0 
18 147 289 379 146 31 12 2 1 82 276 354 227 69 12 3 88 205 370 274 59 21 5 2 
130 209 363 268 54 0 0 0 38 91 186 353 277 77 2 0 261 293 322 143 5 0 0 0 
307 256 272 157 29 3 0 0 132 201 232 272 155 29 3 0 420 334 197 58 14 1 0 0 
172 215 242 202 93 87 13 0 60 125 222 236 215 135 29 2 274 234 232 158 55 59 12 0 
219 129 117 231 235 90 3 0 124 155 111 203 276 141 14 0 203 143 75 132 254 182 35 0 
13 15 67 235 178 266 244 6 10 14 40 214 227 337 178 4 14 21 61 168 267 405 88 0 
5 38 92 161 327 289 112 0 2 10 53 172 379 269 138 1 18 39 74 146 309 279 157 2 
0 1 37 145 217 385 220 19 0 1 13 126 283 397 190 14 0 21 124 151 240 276 200 12 
766 239 14 5 0 0 0 0 593 396 23 11 1 0 0 0 573 369 63 12 7 0 0 0 
182 162 257 205 104 83 29 2 129 188 180 293 136 76 20 2 161 147 106 168 319 100 21 2 
397 203 200 142 64 17 1 0 279 267 184 172 91 30 1 0 259 303 130 147 124 57 4 0 
101 210 187 338 172 16 0 0 62 227 209 325 180 21 0 0 51 189 232 298 229 25 0 0 
28 245 302 245 150 35 19 0 10 223 349 292 100 35 15 0 8 151 414 309 97 31 14 0 
30 276 384 192 98 29 14 1 2 258 371 243 103 32 14 1 5 200 357 323 94 31 13 1 
39 234 280 277 134 51 9 0 30 171 274 295 155 79 19 1 153 253 253 200 110 50 5 0 
42 113 184 274 268 132 10 1 20 129 184 289 274 120 7 1 79 136 206 286 236 78 3 0 
41 120 84 221 433 112 13 0 14 106 99 200 426 163 16 0 32 134 103 263 388 93 11 0 
41 154 213 251 255 95 15 0 18 105 211 246 293 118 33 0 41 160 211 261 251 81 19 0 
131 234 231 228 149 50 1 0 61 209 260 231 147 101 15 0 115 212 259 221 152 65 0 0 
58 73 100 259 317 185 32 0 43 83 130 310 316 125 17 0 57 77 159 333 301 84 13 0 
291 183 173 175 124 57 19 2 224 197 152 193 195 54 9 0 343 176 194 171 100 33 7 0 
355 190 138 172 139 29 1 0 201 216 161 150 156 115 25 0 409 174 183 176 80 2 0 0 
304 228 176 183 114 19 0 0 154 233 194 175 167 87 14 0 371 217 193 185 52 6 0 0 
185 184 242 289 99 23 1 1 88 177 190 256 244 62 7 0 241 202 261 236 77 6 1 0 
44 128 269 281 150 51 55 46 19 58 155 328 282 83 52 47 75 177 308 225 100 42 42 55 
0 0 10 45 112 397 384 76 0 0 15 46 90 379 411 83 0 0 20 50 64 346 445 99 
0 0 0 6 67 409 497 45 0 0 0 4 56 300 579 85 0 0 0 0 25 225 627 147 
1 9 54 189 301 312 145 13 0 3 35 183 309 286 178 30 23 62 177 212 204 173 129 44 
322 465 126 55 39 12 4 1 259 516 143 62 32 10 2 0 172 433 267 93 46 10 3 0 
19 89 271 309 179 118 35 4 15 62 212 341 207 127 53 7 10 36 126 212 327 179 109 25 
42 44 17 44 180 479 213 5 21 63 15 32 118 419 337 19 7 72 13 20 69 241 506 96 
164 168 188 270 182 52 0 0 109 223 210 258 179 44 1 0 73 229 205 251 199 61 6 0 
268 258 186 137 92 73 10 0 243 261 225 129 89 73 4 0 208 286 215 141 80 88 6 0 
18 179 291 284 133 71 40 8 5 169 314 315 119 64 36 2 4 159 304 333 123 67 32 2 
91 201 128 87 125 231 141 20 77 199 142 105 158 202 128 13 78 137 175 121 163 223 114 13 
139 147 61 83 287 232 69 6 191 117 58 141 317 160 37 3 189 113 68 140 321 153 38 2 
75 207 191 125 184 154 83 5 39 182 216 163 165 163 89 7 102 203 187 123 137 163 99 10 
24 73 137 180 216 171 183 40 9 59 133 179 226 193 176 49 27 96 148 199 212 129 155 58 
5 113 131 150 294 250 74 7 6 106 146 197 311 197 57 4 23 142 141 214 315 151 37 1 
0 2 15 120 325 338 191 33 0 1 27 179 382 303 125 7 1 3 39 203 377 292 105 4 
6 11 33 188 365 301 115 5 7 12 73 261 363 253 53 2 10 12 83 287 356 231 43 2 
83 51 69 214 284 249 65 9 65 65 115 284 277 181 32 5 97 47 127 284 283 155 26 5 
24 32 81 198 283 251 131 24 15 41 156 244 288 193 75 12 38 60 159 260 283 172 48 4 
65 106 168 242 239 162 37 5 55 96 178 271 285 120 18 1 89 148 230 273 202 72 10 0 
8 53 108 230 243 218 93 71 5 49 90 216 279 234 92 59 20 82 140 243 238 176 68 57 
4 40 45 86 206 296 231 116 5 48 51 101 207 268 230 114 10 49 45 101 208 242 213 156 
0 2 100 315 339 205 63 0 0 2 69 304 354 199 94 2 0 1 20 212 354 275 154 8 
52 86 112 222 334 195 21 2 39 67 103 150 356 260 42 7 87 116 132 112 224 275 73 5 
486 167 153 200 16 2 0 0 419 244 182 168 11 0 0 0 371 280 147 206 20 0 0 0 
156 222 175 171 168 65 50 17 87 304 187 178 146 66 48 8 15 300 205 213 166 60 56 9 
99 171 202 191 225 71 53 12 72 190 194 232 204 69 53 10 51 178 208 234 210 77 53 13 
392 280 207 89 48 8 0 0 377 278 221 88 55 5 0 0 346 278 234 105 56 5 0 0 
39 104 156 225 245 222 32 1 29 121 189 229 265 172 19 0 34 113 204 220 273 160 19 1 
0 4 21 117 304 351 176 51 0 7 30 137 328 354 144 24 0 4 29 134 314 377 143 23 
0 0 2 13 106 417 409 77 0 0 3 19 137 452 374 39 0 0 3 22 105 461 388 45 
0 0 2 5 46 327 615 29 0 0 2 5 31 283 665 38 0 0 2 5 30 260 670 57 
0 0 0 13 106 332 428 145 0 0 0 7 87 305 440 185 0 0 0 6 96 288 420 214 
0 24 45 33 118 379 398 27 0 24 48 37 114 379 380 42 0 26 50 35 109 335 387 82 
2 19 40 64 131 502 226 40 2 20 51 68 116 482 260 25 10 37 43 84 139 405 282 24 
0 0 0 17 231 354 321 101 0 0 3 87 314 378 210 32 0 0 4 143 321 374 161 21 
0 5 22 141 297 356 188 15 1 6 54 215 340 329 75 4 3 8 64 263 362 283 41 0 
35 125 253 238 192 152 28 1 31 94 309 266 174 134 16 0 53 187 272 223 158 77 51 3 
21 109 185 266 235 130 66 12 5 71 236 334 227 103 44 4 50 130 228 271 196 90 53 6 
2 7 51 253 401 227 68 15 3 14 71 295 383 208 43 7 3 15 76 234 370 268 52 6 
23 26 52 193 434 270 26 0 25 22 65 241 412 246 13 0 25 16 59 223 384 281 36 0 
28 168 209 235 178 149 56 1 49 237 214 209 132 151 31 1 97 207 218 177 123 144 57 1 
2 266 205 279 198 70 4 0 8 274 250 312 151 28 1 0 64 212 263 305 148 31 1 0 
28 142 298 169 252 103 29 3 46 87 329 179 252 104 25 2 41 79 305 212 244 108 32 3 
