58 290 384 216 57 13 5 1 0 39 226 372 269 98 15 5 155 405 319 122 16 5 2 0 
13 157 506 300 34 8 4 2 7 101 417 340 120 30 7 2 53 274 498 170 19 4 4 2 
8 138 339 442 76 13 3 5 6 82 304 543 68 13 3 5 40 211 330 332 90 13 4 4 
2 48 218 633 95 16 6 6 3 57 247 620 69 15 7 6 5 70 207 519 196 13 6 8 
51 399 408 132 19 7 5 3 7 281 387 276 53 10 7 3 109 426 331 109 33 10 3 3 
211 393 361 57 0 1 1 0 137 471 369 41 4 0 2 0 419 262 315 26 0 1 1 0 
178 462 267 85 17 5 9 1 31 315 325 242 88 13 4 6 328 358 254 62 10 6 6 0 
315 476 180 40 11 2 0 0 60 367 321 195 66 12 3 0 390 394 183 44 12 1 0 0 
194 535 238 44 9 4 0 0 25 348 368 236 41 4 2 0 353 442 194 30 3 2 0 0 
78 280 428 227 7 3 1 0 0 139 458 364 54 9 0 0 139 355 384 135 7 3 1 0 
19 122 416 307 91 49 14 6 1 76 328 318 214 53 23 11 46 141 443 268 70 41 12 3 
65 274 338 177 61 70 36 3 7 200 336 256 111 75 33 6 157 290 324 107 55 68 23 0 
9 150 321 324 64 136 20 0 0 39 320 393 107 139 26 0 32 189 339 236 66 116 46 0 
0 76 421 311 65 92 51 8 0 52 358 339 116 92 64 3 5 127 476 209 50 75 79 3 
20 122 547 283 46 6 0 0 0 33 414 398 146 32 1 0 36 316 519 138 15 0 0 0 
21 306 551 146 0 0 0 0 0 58 268 378 239 80 1 0 270 574 176 4 0 0 0 0 
24 226 602 169 3 0 0 0 8 162 322 198 250 84 0 0 107 522 368 27 0 0 0 0 
25 198 592 202 7 0 0 0 0 167 454 167 185 51 0 0 33 463 478 50 0 0 0 0 
12 93 517 344 51 7 0 0 1 27 200 264 370 162 0 0 20 260 560 151 30 3 0 0 
1 19 200 407 240 108 45 4 0 5 17 152 453 287 90 20 7 79 364 261 215 77 21 0 
14 85 205 291 229 160 33 7 0 46 116 277 340 166 63 16 24 124 231 280 210 133 21 1 
12 81 187 189 236 269 50 0 0 27 105 215 318 325 34 0 37 99 157 193 199 249 90 0 
10 73 196 208 212 260 65 0 2 48 204 222 211 278 59 0 16 122 198 154 179 254 100 1 
101 374 234 116 125 55 19 0 13 183 354 227 164 68 15 0 238 363 145 92 106 66 14 0 
46 304 521 144 9 0 0 0 1 33 145 319 403 123 0 0 374 514 126 8 2 0 0 0 
6 119 328 275 238 53 5 0 0 2 35 159 354 385 89 0 120 312 174 212 180 25 1 0 
2 56 373 346 215 31 1 0 0 0 33 195 414 316 64 2 109 453 253 147 62 0 0 0 
2 184 532 200 70 33 3 0 0 1 26 316 467 156 48 10 41 452 329 115 46 31 10 0 
1 101 462 220 116 79 34 11 0 1 33 313 485 135 52 5 34 383 315 154 82 44 12 0 
15 49 316 305 251 75 11 2 7 22 68 194 360 308 65 0 32 255 417 210 89 17 4 0 
21 78 162 184 189 207 152 31 0 28 119 289 314 221 53 0 55 132 208 221 297 87 24 0 
1 28 183 298 318 157 27 12 0 8 55 156 424 319 59 3 4 71 239 328 272 90 17 3 
0 3 73 261 235 126 124 202 0 7 35 114 288 376 189 15 3 65 306 184 104 132 163 67 
0 30 57 188 227 170 144 208 0 1 36 109 223 413 217 25 28 105 164 105 186 199 169 68 
0 23 144 549 237 42 20 9 0 0 5 73 314 564 61 7 18 284 482 186 43 10 1 0 
4 62 133 341 233 187 59 5 1 10 56 133 443 355 25 1 45 86 299 348 210 33 3 0 
44 187 283 283 148 63 16 0 0 24 118 223 285 227 118 29 150 211 242 196 112 81 32 0 
0 91 240 391 186 112 4 0 0 0 26 147 339 313 155 44 20 122 322 267 140 109 44 0 
15 101 311 351 191 49 6 0 0 3 47 132 387 337 101 17 93 273 272 186 140 51 9 0 
9 69 210 262 190 163 84 37 0 0 34 108 361 311 180 30 38 175 292 211 144 136 27 1 
3 63 365 301 113 80 62 37 0 0 17 135 544 250 58 20 25 255 435 184 75 35 14 1 
0 45 262 284 115 115 104 99 0 0 13 237 459 229 80 6 24 229 369 189 141 67 5 0 
2 67 265 319 78 94 161 38 0 6 49 168 336 361 101 3 7 83 183 291 319 131 10 0 
0 0 54 219 136 167 343 105 0 0 0 41 304 532 146 1 18 183 135 110 266 285 27 0 
0 5 27 146 215 270 310 51 0 0 6 73 384 464 96 1 24 95 159 145 349 229 23 0 
80 391 204 110 76 42 30 91 2 129 346 216 88 141 89 13 372 320 132 81 73 32 14 0 
67 334 229 196 95 41 26 36 0 68 307 181 182 204 78 4 386 157 174 183 96 21 7 0 
80 243 434 172 40 13 15 27 1 67 178 376 284 89 18 11 344 400 194 56 15 12 3 0 
0 71 373 249 74 52 85 120 0 0 30 176 445 217 71 85 154 454 192 67 43 41 52 21 
10 189 446 268 43 20 23 25 0 3 48 251 560 160 2 0 151 620 238 14 1 0 0 0 
28 148 459 260 58 26 19 26 0 4 35 177 576 195 16 21 80 442 345 114 18 14 11 0 
40 289 265 109 65 96 137 23 0 17 273 220 222 187 93 12 133 357 178 110 129 105 12 0 
6 33 21 19 53 255 520 117 0 0 57 51 262 509 143 2 33 36 28 142 473 294 18 0 
0 2 71 219 217 215 250 50 0 0 7 103 434 408 71 1 17 117 164 309 275 135 7 0 
19 104 509 263 45 25 24 35 4 36 80 206 525 132 22 19 304 473 177 33 10 12 13 2 
37 159 382 322 41 29 29 25 1 83 99 204 460 164 13 0 409 467 115 19 10 4 0 0 
20 153 534 228 21 12 17 39 2 18 84 259 548 93 19 1 539 399 58 18 9 1 0 0 
4 181 694 132 8 3 2 0 0 0 21 367 582 48 6 0 582 405 32 4 1 0 0 0 
0 150 657 179 25 12 1 0 0 0 3 269 660 88 3 1 526 456 40 1 1 0 0 0 
5 222 636 96 7 6 8 44 0 0 14 352 565 35 8 50 467 433 57 8 5 7 19 28 
3 138 262 166 141 186 60 68 0 14 83 252 477 119 65 14 144 309 196 175 112 33 29 26 
0 0 0 16 175 571 248 14 0 0 7 164 610 228 15 0 0 3 78 520 385 37 1 0 
34 156 222 188 198 164 56 6 0 45 95 289 429 134 28 4 117 211 279 287 89 23 16 2 
0 117 610 225 27 17 11 17 0 0 7 271 592 125 22 7 373 490 108 26 12 13 2 0 
2 161 698 159 3 1 0 0 0 0 9 353 584 76 2 0 660 356 6 2 0 0 0 0 
0 180 776 65 3 0 0 0 0 0 17 557 446 4 0 0 866 156 2 0 0 0 0 0 
7 361 585 71 0 0 0 0 0 1 131 633 251 8 0 0 842 176 6 0 0 0 0 0 
12 405 567 35 4 1 0 0 0 14 116 564 318 11 1 0 735 281 7 1 0 0 0 0 
26 381 445 98 12 4 17 41 0 5 180 477 274 32 23 33 583 324 51 10 7 17 17 15 
3 131 468 210 128 72 11 1 0 0 42 387 523 69 3 0 271 423 187 115 26 2 0 0 
3 51 102 200 284 283 96 5 0 11 98 345 427 136 7 0 46 141 301 349 163 23 1 0 
118 345 343 130 48 32 8 0 4 123 303 376 165 45 8 0 230 385 225 94 40 37 13 0 
