0 0 4 3 11 26 48 932 0 0 4 3 13 25 48 931 0 0 0 5 8 19 46 946 
0 0 9 38 41 52 93 791 0 0 18 40 41 55 90 780 0 0 0 19 38 48 90 829 
0 1 1 1 20 53 87 861 0 1 1 2 23 56 94 847 0 1 1 0 12 41 87 882 
0 0 1 5 11 30 65 912 0 0 4 4 15 31 70 900 0 0 0 1 11 28 57 927 
0 5 14 35 50 34 84 802 2 7 20 46 38 46 86 779 0 0 5 19 47 47 72 834 
0 4 19 51 95 90 68 697 1 11 25 66 104 69 63 685 0 0 4 21 54 122 86 737 
0 0 0 0 2 15 32 975 0 0 0 0 2 20 30 972 0 0 0 0 1 7 29 987 
0 0 0 3 15 28 25 953 0 0 0 5 18 30 24 947 0 0 0 0 12 24 28 960 
0 0 0 13 23 34 71 883 0 0 0 20 20 43 66 875 0 0 0 0 25 27 65 907 
0 1 15 55 80 72 37 764 0 5 26 56 96 46 52 743 0 0 0 19 69 103 48 785 
0 13 48 106 172 145 67 473 1 24 66 123 176 114 68 452 0 0 9 50 143 209 104 509 
0 5 53 75 125 104 59 603 0 16 71 78 127 93 51 588 0 0 12 36 83 171 88 634 
0 7 66 81 127 132 80 531 2 28 74 81 133 115 78 513 0 0 1 30 114 204 111 564 
0 6 63 83 177 69 52 574 0 35 69 89 166 52 62 551 0 0 4 31 122 204 64 599 
0 8 23 38 92 84 71 708 4 19 24 51 86 71 73 696 0 0 7 16 52 128 85 736 
0 1 8 66 140 70 88 651 0 1 23 94 118 71 91 626 0 0 0 10 119 126 87 682 
0 0 0 2 4 6 33 979 0 0 2 3 4 8 41 966 0 0 0 1 1 7 28 987 
0 1 1 12 18 26 30 936 0 1 9 15 18 18 39 924 0 0 1 8 12 25 26 952 
0 0 0 0 6 30 64 924 0 0 0 2 11 32 84 895 0 0 0 0 3 29 58 934 
0 10 30 41 32 36 24 851 4 22 35 29 38 25 31 840 0 0 0 18 38 61 42 865 
0 0 0 10 20 26 37 931 0 0 1 15 17 29 33 929 0 0 0 0 8 22 30 964 
0 0 0 0 0 0 0 1024 0 0 0 0 0 0 0 1024 0 0 0 0 0 0 0 1024 
0 0 0 0 0 2 5 1017 0 0 0 0 0 2 5 1017 0 0 0 0 0 2 5 1017 
0 0 0 0 2 3 21 998 0 0 0 0 2 4 20 998 0 0 0 0 2 2 18 1002 
6 53 85 84 85 104 99 508 12 61 88 89 99 98 102 475 0 12 70 85 96 93 113 555 
126 444 205 94 37 30 20 68 107 423 228 113 43 26 20 64 10 324 341 159 50 39 18 83 
161 395 148 109 111 67 24 9 89 381 223 124 102 75 19 11 29 344 287 122 110 84 30 18 
236 434 178 114 50 10 2 0 192 405 218 131 64 13 1 0 29 518 292 116 45 19 4 1 
266 441 169 88 32 14 7 7 192 496 190 85 35 13 9 4 63 561 236 95 38 15 7 9 
709 177 39 28 16 16 16 23 656 226 46 24 20 17 11 24 78 739 81 36 24 17 16 33 
802 164 21 14 15 7 1 0 664 298 22 20 13 6 1 0 136 798 44 24 11 10 0 1 
716 157 53 39 35 19 4 1 681 208 50 47 22 15 1 0 295 564 61 43 39 19 2 1 
0 1 3 12 33 59 107 809 0 1 3 13 35 58 112 802 0 0 2 9 13 60 93 847 
0 3 10 44 61 71 109 726 0 3 19 50 61 73 115 703 0 0 3 16 46 81 101 777 
0 3 20 41 59 86 136 679 0 6 33 38 72 94 125 656 0 0 5 24 52 90 117 736 
0 1 11 27 52 55 93 785 0 3 14 41 44 69 91 762 0 0 4 15 43 53 91 818 
0 15 45 66 109 130 120 539 3 38 54 87 117 115 115 495 0 1 10 45 97 135 151 585 
2 23 50 79 96 98 92 584 10 30 62 84 90 101 89 558 0 3 24 51 102 122 101 621 
0 0 3 24 24 43 59 871 0 2 10 22 32 41 53 864 0 0 2 10 24 44 59 885 
0 0 0 0 1 11 15 997 0 0 0 4 13 7 5 995 0 0 0 0 6 14 9 995 
0 0 7 19 20 21 28 929 0 1 9 26 18 24 26 920 0 0 0 9 24 22 28 941 
1 4 12 29 46 46 51 835 1 9 17 36 52 39 57 813 0 1 4 8 44 57 48 862 
0 5 32 48 43 33 22 841 0 14 36 52 40 26 27 829 0 0 5 24 62 49 26 858 
0 2 34 99 91 47 55 696 1 12 61 90 81 45 60 674 0 0 1 39 82 117 61 724 
0 0 0 6 29 45 52 892 0 0 1 7 39 40 52 885 0 0 0 1 11 49 51 912 
0 0 0 6 12 60 100 846 0 0 0 8 17 71 108 820 0 0 0 1 10 32 96 885 
3 26 75 112 132 95 98 483 13 44 73 113 125 94 97 465 0 2 34 92 157 130 103 506 
3 71 182 162 147 139 69 251 15 93 166 167 163 117 72 231 0 18 85 252 205 128 70 266 
0 0 5 30 63 78 107 741 0 0 14 37 67 75 115 716 0 0 0 21 59 73 97 774 
0 1 6 32 61 70 104 750 0 5 18 47 74 78 82 720 0 1 2 16 48 83 110 764 
0 23 32 48 64 86 122 649 11 27 46 49 67 96 120 608 0 0 7 45 60 87 129 696 
0 8 14 8 14 31 54 895 1 14 10 10 20 26 64 879 0 0 1 18 18 26 50 911 
0 1 18 36 41 68 128 732 1 10 28 32 64 127 78 684 0 1 12 32 30 100 114 735 
0 3 10 35 62 104 87 723 2 3 28 58 76 98 53 706 0 2 3 31 56 108 83 741 
0 1 4 5 34 61 77 842 0 2 5 14 49 55 87 812 0 0 3 5 20 54 83 859 
8 44 117 84 73 49 48 601 6 42 133 100 65 47 42 589 1 25 103 91 74 63 45 622 
63 403 262 112 64 51 24 45 63 299 340 147 68 44 20 43 23 318 362 130 70 50 17 54 
205 268 162 145 147 60 23 14 165 305 187 137 138 68 13 11 54 321 240 163 143 56 30 17 
329 279 166 110 78 52 9 1 307 299 185 127 73 31 2 0 67 499 201 117 75 49 14 2 
379 327 149 48 52 43 21 5 326 409 132 55 44 39 14 5 82 573 178 61 52 41 28 9 
605 273 24 23 45 33 18 3 500 368 37 26 47 28 15 3 109 691 91 26 28 47 19 13 
577 211 50 40 47 30 29 40 453 334 62 42 40 27 34 32 159 579 81 48 48 27 30 52 
589 305 48 27 31 16 6 2 482 410 56 30 31 12 2 1 227 620 89 39 31 13 4 1 
398 297 131 92 65 21 14 6 386 309 147 90 52 24 10 6 163 461 167 112 66 30 14 11 
0 4 27 63 93 116 139 582 0 11 28 71 94 129 136 555 0 0 3 35 81 102 154 649 
5 15 33 62 69 88 88 664 12 21 49 50 75 80 91 646 0 5 18 27 77 91 108 698 
4 32 63 83 120 196 133 393 19 46 87 154 145 126 96 351 0 8 41 100 177 144 129 425 
16 53 64 89 146 266 191 199 42 58 99 180 277 129 82 157 9 29 58 133 235 217 119 224 
5 34 70 98 120 104 96 497 15 52 87 139 110 87 69 465 2 12 36 91 127 134 95 527 
0 0 7 16 52 110 291 548 0 6 20 52 164 358 68 356 0 1 9 33 111 383 101 386 
8 21 57 89 155 119 122 453 13 33 58 110 157 129 109 415 6 21 48 84 154 157 109 445 
0 8 26 93 154 200 148 395 2 20 45 149 225 145 82 356 0 7 23 88 163 220 125 398 
1 22 64 73 139 156 257 312 7 32 70 116 143 157 227 272 0 18 45 109 138 254 180 280 
1 40 25 29 30 68 143 688 14 37 24 31 47 80 126 665 0 17 32 25 39 118 108 685 
0 16 64 49 33 53 71 738 2 40 54 46 27 55 68 732 0 1 11 44 72 51 73 772 
0 1 1 11 25 16 23 947 0 1 1 21 16 21 23 941 0 0 1 0 21 22 25 955 
3 28 52 69 63 37 56 716 10 44 52 77 44 34 54 709 0 0 22 63 81 66 52 740 
18 94 80 164 108 100 113 347 45 91 66 178 92 90 113 349 0 17 94 183 150 104 110 366 
6 32 49 78 85 135 211 428 9 36 51 73 76 133 207 439 0 9 38 105 89 153 193 437 
1 17 39 40 57 103 151 616 4 31 38 36 54 104 152 605 0 0 13 43 70 100 149 649 
2 33 105 173 141 120 30 420 12 54 134 153 141 89 27 414 0 4 31 175 194 137 49 434 
2 36 98 128 121 158 145 336 19 54 97 156 183 138 68 309 0 7 51 146 169 172 125 354 
7 32 68 115 145 157 150 350 22 37 84 140 184 135 136 286 0 21 45 122 146 184 125 381 
0 7 39 58 114 278 348 180 3 25 59 110 248 331 136 112 0 7 40 61 128 368 222 198 
0 6 18 40 110 308 261 281 3 13 38 96 268 245 166 195 0 3 13 35 131 309 220 313 
0 0 12 29 152 338 216 277 0 1 22 72 313 264 121 231 0 0 5 25 113 355 216 310 
0 10 32 97 255 230 145 255 1 16 45 115 294 205 117 231 0 6 28 87 193 226 184 300 
57 220 226 135 168 121 48 49 62 215 255 159 155 100 36 42 11 190 254 161 135 128 84 61 
105 230 164 123 134 115 77 76 146 230 182 129 132 87 71 47 25 230 188 149 138 116 76 102 
390 274 116 105 71 49 17 2 368 312 108 116 78 29 11 2 80 513 180 107 83 35 21 5 
343 227 147 135 59 58 43 12 349 239 152 120 71 49 36 8 101 401 202 141 53 58 43 25 
599 211 49 33 57 41 29 5 541 270 56 47 54 31 21 4 185 573 91 43 53 46 20 13 
450 262 63 51 55 62 45 36 376 323 90 55 58 55 47 20 139 521 104 55 55 59 49 42 
444 242 65 60 44 44 54 71 449 252 61 64 46 45 53 54 136 498 105 55 59 41 48 82 
515 177 82 72 48 33 45 52 455 257 82 73 41 35 40 41 235 440 86 78 50 38 40 57 
511 275 65 36 36 33 31 37 433 337 95 36 29 35 29 30 263 489 98 40 31 37 29 37 
4 26 40 41 51 78 113 671 11 25 46 43 47 83 115 654 0 3 26 44 50 68 108 725 
4 49 80 79 92 98 87 535 8 64 85 81 83 85 83 535 0 8 55 82 85 94 107 593 
4 40 81 134 195 198 197 175 18 62 102 158 234 213 117 120 4 16 74 121 193 233 169 214 
11 51 102 118 155 206 274 107 35 75 128 185 322 243 32 4 26 62 98 154 309 295 72 8 
2 28 43 104 188 186 295 178 25 32 97 162 250 282 89 87 9 26 34 130 225 302 163 135 
2 26 46 89 104 157 404 196 14 51 83 86 201 455 116 18 5 35 65 91 191 438 149 50 
6 43 57 89 110 227 381 111 31 49 61 84 171 369 233 26 15 54 61 95 209 398 159 33 
4 49 59 76 75 289 411 61 20 51 68 76 102 484 198 25 6 44 49 76 141 467 206 35 
10 49 61 90 178 364 232 40 19 50 70 100 207 368 183 27 7 41 62 96 248 421 132 17 
9 52 87 106 153 251 302 64 19 60 96 111 194 274 231 39 7 55 80 113 163 341 213 52 
9 39 92 112 126 212 257 177 27 52 106 121 207 272 113 126 5 36 96 104 136 360 138 149 
23 85 101 114 164 159 137 241 42 92 100 133 225 164 73 195 8 64 99 150 154 196 119 234 
18 53 61 130 162 84 92 424 30 52 56 177 134 82 87 406 5 35 93 131 160 90 82 428 
11 50 16 25 61 151 185 525 18 50 15 20 54 117 201 549 0 10 51 43 105 142 158 515 
2 12 18 32 86 161 221 492 5 13 16 28 78 139 247 498 0 5 19 46 108 161 193 492 
0 2 8 40 122 271 238 343 0 0 10 29 67 191 309 418 0 2 18 81 208 253 168 294 
0 2 17 88 126 80 100 611 0 5 45 112 104 75 107 576 0 0 5 45 118 118 111 627 
0 7 15 147 226 209 176 244 0 15 44 224 330 127 66 218 0 3 17 135 243 262 106 258 
0 23 34 96 184 289 242 156 12 20 34 153 351 260 103 91 1 20 28 82 244 316 187 146 
4 35 98 209 240 205 126 107 16 49 105 253 281 169 96 55 1 25 75 200 246 244 112 121 
3 21 73 192 235 270 148 82 11 38 110 202 303 228 91 41 2 25 71 165 263 290 129 79 
4 56 125 206 215 224 132 62 11 67 140 232 247 210 77 40 0 37 113 184 251 251 120 68 
36 233 216 171 196 109 42 21 31 170 270 212 207 86 35 13 12 180 243 166 200 140 53 30 
67 172 205 210 227 91 24 28 54 149 263 214 223 76 30 15 27 192 243 161 197 142 32 30 
74 238 191 212 150 82 44 33 67 253 232 206 134 70 35 27 38 248 251 158 152 95 40 42 
105 165 178 261 183 93 28 11 104 194 206 251 178 73 11 7 49 233 183 261 227 50 12 9 
272 239 74 146 128 111 49 5 161 290 126 163 164 97 20 3 69 382 150 137 169 80 28 9 
505 287 24 24 98 64 20 2 297 440 81 40 116 39 11 0 110 639 63 51 107 39 14 1 
613 303 34 24 19 26 5 0 432 442 79 21 23 22 5 0 204 678 66 16 20 28 9 3 
645 192 48 31 48 22 26 12 578 250 59 36 49 19 26 7 292 525 60 42 35 28 23 19 
295 244 112 84 73 69 83 64 290 267 129 82 73 74 63 46 200 330 120 90 65 73 77 69 
437 242 85 49 50 42 40 79 414 282 83 48 51 46 47 53 215 430 109 50 51 49 39 81 
0 0 1 24 180 388 174 257 0 0 18 110 331 242 86 237 0 0 0 61 251 304 133 275 
1 4 11 36 46 94 127 705 2 4 19 42 45 88 125 699 0 3 3 22 45 65 110 776 
1 42 73 130 310 235 171 62 17 54 97 179 407 201 33 36 5 35 79 117 231 312 185 60 
14 43 61 116 162 213 333 82 72 46 150 232 307 197 20 0 28 54 63 185 362 283 45 4 
1 6 27 33 118 243 419 177 3 28 71 138 328 365 59 32 0 4 30 87 275 434 137 57 
0 4 19 45 95 306 383 172 4 21 38 51 173 495 170 72 1 11 27 71 141 424 243 106 
0 0 3 16 64 327 476 138 0 3 8 31 165 502 225 90 0 1 7 38 186 429 224 139 
0 3 25 66 97 296 419 118 2 14 32 78 182 458 162 96 0 9 18 67 203 425 166 136 
0 0 6 23 120 423 324 128 0 0 13 62 277 410 157 105 0 1 11 45 282 419 141 125 
0 3 6 26 81 320 332 256 0 4 11 38 130 378 243 220 0 3 8 33 171 353 214 242 
0 0 0 0 8 184 586 246 0 0 0 5 46 408 410 155 0 0 0 8 149 517 188 162 
3 5 7 40 123 379 377 90 3 4 6 30 128 455 347 51 8 21 51 113 234 356 229 12 
8 30 41 67 147 371 313 47 18 25 38 39 89 361 372 82 16 54 124 249 338 219 23 1 
31 69 112 194 247 245 92 34 34 68 123 147 134 247 205 66 37 84 206 335 231 85 18 28 
16 53 124 241 232 172 86 100 28 49 131 209 191 157 143 116 8 50 194 278 232 110 57 95 
37 75 105 184 325 217 72 9 30 78 99 156 268 217 139 37 29 76 148 251 299 184 33 4 
11 52 75 169 230 196 143 148 19 45 93 162 188 168 183 166 4 44 82 178 230 205 115 166 
3 42 121 213 284 188 77 96 10 43 120 228 285 157 77 104 1 30 109 237 291 173 76 107 
2 52 106 176 184 261 186 57 18 54 117 217 388 155 39 36 7 36 113 211 420 139 49 49 
16 88 142 105 94 176 180 223 36 99 158 117 144 131 148 191 5 58 160 110 145 126 143 277 
11 84 112 120 131 261 178 127 38 86 151 146 275 151 103 74 5 70 139 139 264 191 101 115 
54 283 190 126 178 136 45 12 54 230 225 229 199 61 19 7 45 312 193 137 204 88 34 11 
268 433 141 60 38 22 28 34 235 429 174 75 31 27 28 25 148 523 163 67 37 23 22 41 
198 347 170 72 64 68 60 45 188 366 179 72 76 69 36 38 128 415 168 73 68 68 54 50 
314 506 120 26 18 8 16 16 138 499 278 56 17 13 14 9 173 566 199 31 17 13 11 14 
499 324 49 37 46 31 18 20 345 458 72 52 36 28 17 16 197 586 81 39 40 35 21 25 
527 209 127 50 38 37 25 11 468 271 135 49 43 31 19 8 212 509 138 52 37 39 22 15 
352 127 171 149 97 55 50 23 368 153 147 149 100 52 45 10 207 284 143 127 137 63 49 14 
135 255 182 181 140 102 19 10 128 243 205 189 171 69 11 8 81 275 184 221 211 31 7 14 
244 295 201 151 81 40 12 0 191 281 279 154 76 34 9 0 158 359 203 123 134 32 14 1 
327 372 87 38 64 52 52 32 216 440 135 45 56 55 54 23 189 469 125 43 54 53 50 41 
170 330 134 90 82 60 64 94 199 311 156 89 62 70 69 68 116 363 158 87 79 61 61 99 
2 13 18 57 241 471 205 17 2 18 40 181 470 266 35 12 1 10 24 94 447 371 66 11 
1 16 58 183 209 290 209 58 4 25 105 264 198 256 128 44 0 6 34 109 206 317 235 117 
0 3 54 150 522 192 99 4 1 16 97 309 539 59 1 2 0 5 48 133 308 487 40 3 
13 50 76 74 356 313 128 14 41 67 75 141 575 119 6 0 7 45 60 83 149 558 120 2 
0 3 22 46 442 376 98 37 0 21 46 93 740 107 16 1 0 1 23 53 79 735 124 9 
0 0 10 32 492 340 136 14 0 7 21 90 705 171 30 0 0 0 12 24 85 777 123 3 
0 0 3 34 463 353 145 26 0 1 11 101 663 198 50 0 0 1 2 8 99 702 194 18 
0 1 6 31 344 507 116 19 0 3 14 108 732 140 27 0 0 1 4 23 110 693 185 8 
0 0 0 0 479 390 119 36 0 0 0 39 805 150 30 0 0 0 0 1 64 759 194 6 
0 0 0 0 254 606 132 32 0 0 0 11 832 149 32 0 0 0 0 1 45 680 292 6 
0 0 0 0 121 771 116 16 0 0 0 4 771 207 41 1 0 0 0 0 22 623 371 8 
0 1 3 31 198 508 220 63 0 0 1 10 224 300 328 161 3 22 77 203 312 277 110 20 
0 6 14 85 267 448 173 31 0 2 9 39 166 415 312 81 8 31 93 263 400 179 43 7 
0 1 11 100 341 435 101 35 0 0 3 42 196 437 277 69 3 28 89 313 381 160 39 11 
0 14 47 138 279 408 112 26 0 6 29 75 164 351 318 81 13 45 137 347 361 93 27 1 
4 22 91 174 291 286 115 41 2 12 64 117 179 281 270 99 8 58 194 345 227 114 49 29 
0 7 21 105 271 332 166 122 0 6 12 51 202 281 264 208 1 17 69 208 305 201 119 104 
0 7 68 280 301 238 96 34 0 3 37 191 355 212 150 76 3 19 118 385 308 117 44 30 
0 3 11 61 269 425 173 82 1 3 16 117 413 295 124 55 0 3 17 95 369 311 134 95 
0 5 25 71 293 409 164 57 1 12 38 190 447 195 101 40 2 11 40 155 424 234 92 66 
16 95 77 149 252 250 125 60 19 90 114 218 349 136 64 34 21 97 117 210 293 170 57 59 
140 468 230 86 64 25 10 1 108 399 288 131 68 23 6 1 103 480 263 87 65 24 2 0 
298 527 124 35 16 13 8 3 137 496 284 65 19 11 11 1 153 580 216 37 16 12 10 0 
384 445 124 19 10 9 15 18 157 516 237 64 8 8 18 16 156 613 181 21 10 8 18 17 
328 367 117 55 49 41 37 30 159 511 135 68 56 38 35 22 119 550 128 66 48 48 37 28 
451 234 77 66 68 47 38 43 327 342 112 66 62 44 45 26 171 477 103 74 56 57 35 51 
348 278 91 58 54 71 86 38 286 327 116 61 63 78 73 20 170 421 119 64 56 70 79 45 
247 198 101 109 93 96 126 54 304 185 97 111 112 121 74 20 171 265 123 103 105 106 107 44 
324 275 116 102 74 86 38 9 315 302 119 103 78 72 32 3 221 367 129 111 76 70 42 8 
377 242 228 91 28 22 27 9 361 293 201 87 31 22 27 2 256 378 190 89 49 26 25 11 
233 209 201 220 110 26 17 8 226 208 212 239 95 24 14 6 174 258 149 226 141 53 17 6 
192 264 230 244 68 16 9 1 154 277 254 263 53 19 4 0 126 309 186 232 135 26 10 0 
45 186 216 177 163 149 72 16 45 133 215 239 229 117 35 11 40 192 224 199 202 112 39 16 
23 106 134 311 267 105 54 24 51 145 93 447 144 80 40 24 31 91 120 95 319 253 68 47 
9 81 137 190 526 58 7 16 21 151 116 329 371 17 10 9 11 97 147 149 212 376 19 13 
14 77 158 92 491 138 18 36 50 153 98 97 562 21 25 18 18 83 159 72 77 551 45 19 
14 47 143 120 495 181 9 15 27 120 124 147 567 19 12 8 15 45 151 98 119 556 25 15 
9 33 105 158 363 228 79 49 31 97 126 140 442 110 65 13 21 51 137 78 124 433 140 40 
11 26 103 165 428 229 28 34 19 79 142 180 475 91 10 28 11 14 123 120 154 459 105 38 
8 26 115 90 403 325 21 36 20 67 205 67 567 54 19 25 16 28 190 103 30 534 94 29 
8 15 120 86 514 230 19 32 14 93 157 89 585 52 19 15 13 42 120 146 57 539 90 17 
1 24 120 127 304 367 46 35 13 97 181 98 515 79 27 14 14 40 214 86 44 485 131 10 
6 14 99 116 297 395 64 33 10 48 101 95 382 192 139 57 17 43 163 203 133 342 107 16 
0 4 27 103 304 442 123 21 0 0 7 53 273 317 299 75 9 45 143 300 213 255 58 1 
0 7 48 173 337 325 97 37 0 2 20 108 223 337 244 90 9 43 167 363 303 101 36 2 
0 13 69 192 294 331 105 20 0 2 25 96 182 293 329 97 17 75 238 350 256 75 13 0 
2 22 86 208 337 268 80 21 0 9 34 140 254 330 195 62 18 63 200 371 255 82 27 8 
1 9 53 176 336 337 93 19 0 1 20 69 186 320 338 90 18 86 224 390 233 58 14 1 
3 52 157 245 241 232 75 19 0 9 71 198 230 229 210 77 29 157 273 307 181 59 17 1 
3 29 105 249 338 221 67 12 1 3 90 199 305 214 156 56 17 81 260 348 243 59 10 6 
2 2 36 133 421 348 73 9 0 3 14 111 386 292 171 47 5 32 149 355 373 101 8 1 
8 39 182 225 306 218 41 5 8 50 166 299 326 137 33 5 15 76 221 302 281 113 15 1 
36 132 185 233 245 154 33 6 19 127 247 304 230 82 13 2 25 149 223 262 249 89 24 3 
324 437 102 57 70 33 1 0 126 488 214 97 76 21 2 0 134 555 169 67 72 26 1 0 
581 319 38 22 28 19 14 3 429 433 75 26 27 22 11 1 243 635 58 21 30 21 14 2 
716 251 21 9 7 9 9 2 428 508 52 9 6 8 11 2 229 721 38 7 8 9 9 3 
939 79 2 0 1 1 1 1 724 294 2 0 0 2 1 1 428 588 3 1 0 1 1 2 
847 144 16 9 4 1 0 3 674 301 31 10 4 1 0 3 383 586 34 7 7 4 0 3 
854 148 10 6 5 1 0 0 623 360 28 5 7 1 0 0 524 469 17 6 7 1 0 0 
724 202 24 21 19 21 9 4 574 331 48 21 20 23 5 2 443 464 41 20 21 20 10 5 
789 88 44 32 19 25 23 4 723 163 42 28 22 23 20 3 610 264 46 28 23 24 24 5 
658 91 55 69 67 53 28 3 671 89 62 71 72 37 20 2 566 179 71 68 68 46 23 3 
629 133 44 60 55 53 42 8 607 173 43 67 53 50 29 2 517 253 47 63 49 61 31 3 
629 142 55 41 39 49 47 22 619 161 61 33 40 51 40 19 515 248 62 45 35 48 41 30 
31 253 285 210 151 68 20 6 10 124 360 295 183 41 8 3 19 239 351 238 129 36 6 6 
6 43 94 142 276 434 28 1 16 54 169 600 142 39 3 1 18 46 134 278 508 33 7 0 
1 49 72 171 340 314 43 34 15 92 157 408 224 67 36 25 6 68 165 265 351 82 45 42 
0 1 32 86 236 509 76 84 1 28 156 388 278 71 28 74 0 12 75 184 452 156 55 90 
0 2 28 36 136 619 93 110 0 18 57 476 299 41 43 90 0 8 25 113 563 145 46 124 
37 118 146 122 209 188 88 116 22 74 217 338 140 73 60 100 5 51 177 232 234 110 66 149 
44 333 306 149 127 53 12 0 13 193 451 280 55 21 9 2 6 99 427 298 138 37 15 4 
15 59 66 51 124 236 215 258 21 60 67 230 188 85 115 258 0 13 71 171 165 156 101 347 
0 28 141 143 236 414 62 0 0 107 217 398 264 15 19 4 4 22 172 206 471 147 2 0 
5 15 93 107 244 242 148 170 2 36 83 217 165 156 163 202 17 34 86 192 245 152 84 214 
1 20 74 183 305 281 82 78 0 5 51 128 159 249 298 134 36 107 266 338 147 42 26 62 
0 16 75 215 336 292 73 17 0 1 24 98 215 320 286 80 23 119 313 357 165 35 11 1 
0 50 185 208 301 235 43 2 0 3 95 177 191 284 222 52 26 124 317 369 151 32 4 1 
1 43 185 268 339 148 26 14 0 10 74 178 259 296 177 30 21 140 284 368 154 33 18 6 
2 34 160 299 289 173 58 9 0 2 75 222 267 233 175 50 19 92 267 352 216 57 21 0 
8 31 133 218 355 202 47 30 1 11 40 119 193 346 240 74 33 150 308 316 142 44 25 6 
11 65 139 210 341 196 41 21 1 12 76 118 177 321 256 63 41 160 337 317 114 32 13 10 
19 40 99 162 228 243 119 114 5 25 57 113 159 255 251 159 34 112 199 231 193 122 50 83 
4 40 134 248 285 232 47 34 3 17 96 191 212 268 185 52 37 115 260 332 185 56 30 9 
21 130 208 254 239 133 26 13 10 97 231 291 210 99 61 25 43 161 264 295 192 45 14 10 
39 172 203 281 218 90 18 3 53 189 255 307 180 31 6 3 36 193 244 301 182 56 9 3 
330 292 157 121 87 30 7 0 162 448 191 145 57 21 0 0 154 472 187 107 83 20 1 0 
743 259 19 3 0 0 0 0 537 430 54 3 0 0 0 0 252 710 58 3 1 0 0 0 
930 94 0 0 0 0 0 0 838 185 1 0 0 0 0 0 480 541 3 0 0 0 0 0 
923 101 0 0 0 0 0 0 655 367 2 0 0 0 0 0 432 590 2 0 0 0 0 0 
955 66 1 1 1 0 0 0 823 197 2 1 0 1 0 0 630 388 3 2 0 1 0 0 
979 45 0 0 0 0 0 0 887 137 0 0 0 0 0 0 714 306 4 0 0 0 0 0 
942 65 13 3 1 0 0 0 889 117 16 1 1 0 0 0 748 248 23 4 1 0 0 0 
830 139 16 17 19 3 0 0 727 220 45 13 18 1 0 0 698 263 33 14 16 0 0 0 
915 55 10 13 21 10 0 0 817 154 14 15 18 6 0 0 720 254 10 16 18 6 0 0 
787 198 5 8 10 4 9 3 571 398 21 7 10 3 12 2 472 504 12 5 10 6 11 4 
854 120 14 15 14 7 0 0 790 177 21 16 13 7 0 0 666 290 28 13 19 8 0 0 
46 211 296 248 166 48 6 3 14 145 348 304 161 46 3 3 59 260 357 224 104 13 5 2 
50 134 189 242 224 140 38 7 17 91 187 350 256 87 31 5 62 130 235 270 207 78 30 12 
43 63 176 282 259 138 31 32 21 107 224 297 248 74 32 21 44 95 248 310 206 58 26 37 
106 410 255 133 62 22 17 19 43 391 341 132 54 29 16 18 18 294 388 166 75 41 15 27 
31 249 219 158 117 76 54 120 31 214 293 164 97 65 46 114 9 183 274 163 114 77 62 142 
121 274 180 85 95 62 58 149 93 227 218 152 60 68 61 145 17 207 280 156 62 54 68 180 
235 579 150 35 15 5 2 3 68 589 281 54 16 9 4 3 18 486 396 81 23 12 5 3 
53 190 144 102 140 154 76 165 53 173 213 148 126 83 73 155 12 67 187 188 172 100 85 213 
0 12 129 249 340 223 54 17 0 75 289 374 171 85 27 3 1 24 151 356 350 104 24 14 
48 52 76 98 137 245 120 248 45 61 94 212 187 86 122 217 10 73 120 130 215 139 76 261 
1 17 111 251 319 179 71 75 0 2 60 189 247 293 144 89 18 102 297 309 144 50 34 70 
3 52 239 313 264 137 15 1 0 8 112 236 250 275 130 13 46 175 374 292 114 16 7 0 
12 138 308 225 197 113 22 9 0 56 252 220 172 188 118 18 38 160 356 301 109 36 16 8 
12 127 266 256 197 123 34 9 0 39 181 239 205 173 142 45 43 182 363 290 104 29 10 3 
13 107 258 262 208 124 42 10 3 31 170 273 227 149 117 54 41 130 311 311 159 56 11 5 
8 91 224 282 254 113 40 12 1 41 122 204 248 223 134 51 45 202 316 279 127 42 9 4 
6 68 136 206 201 225 106 76 2 31 85 163 184 216 216 127 20 98 201 287 212 102 67 37 
4 32 45 77 94 219 177 376 5 28 36 51 105 155 268 376 10 45 86 117 186 121 164 295 
66 244 328 194 123 51 10 8 33 173 350 263 144 35 18 8 54 292 344 214 86 22 7 5 
171 498 258 69 21 5 2 0 29 315 442 193 39 6 0 0 82 496 355 77 10 3 1 0 
130 329 297 186 75 7 0 0 65 275 392 236 51 5 0 0 53 403 355 174 36 3 0 0 
375 390 100 73 48 14 11 13 126 518 204 94 45 18 10 9 174 549 140 66 54 13 14 14 
739 262 7 4 3 4 0 5 382 604 22 4 3 4 0 5 187 797 21 6 1 6 1 5 
762 260 2 0 0 0 0 0 470 506 48 0 0 0 0 0 301 695 28 0 0 0 0 0 
962 43 11 4 4 0 0 0 933 74 9 7 1 0 0 0 799 204 13 4 4 0 0 0 
995 29 0 0 0 0 0 0 932 92 0 0 0 0 0 0 770 253 1 0 0 0 0 0 
999 21 4 0 0 0 0 0 975 45 3 1 0 0 0 0 879 139 5 1 0 0 0 0 
918 54 24 11 11 5 1 0 850 125 21 11 13 4 0 0 780 193 18 15 12 6 0 0 
866 96 12 14 21 13 2 0 723 235 17 17 19 11 2 0 673 285 15 16 18 14 3 0 
853 110 16 14 10 16 5 0 690 270 18 16 10 15 5 0 619 338 21 14 12 14 6 0 
736 144 36 22 27 24 28 7 718 177 32 28 27 22 17 3 541 331 44 23 29 23 25 8 
879 63 16 17 23 12 13 1 878 65 22 19 17 15 8 0 801 137 26 17 20 15 8 0 
75 190 280 317 134 24 4 0 19 173 370 301 127 32 2 0 146 362 356 141 15 4 0 0 
183 253 293 193 85 16 1 0 44 180 258 272 188 75 6 1 277 308 272 135 28 4 0 0 
122 161 202 251 208 67 11 2 30 108 190 252 282 136 24 2 173 192 294 262 90 12 1 0 
1 51 174 274 272 198 49 5 11 111 305 222 130 112 106 27 20 66 273 382 215 54 12 2 
2 120 432 224 112 87 40 7 0 167 413 226 68 76 55 19 5 80 346 340 149 66 34 4 
36 550 310 91 22 8 5 2 12 522 335 115 22 9 6 3 10 442 429 105 22 6 6 4 
84 403 286 130 54 46 15 6 50 506 302 72 42 40 10 2 8 359 429 102 51 39 28 8 
13 252 244 171 120 73 78 73 7 344 325 172 43 29 31 73 1 153 435 223 59 39 21 93 
1 82 282 362 218 66 11 2 1 99 367 367 151 29 9 1 14 108 376 344 151 21 9 1 
3 45 276 323 201 97 37 42 0 52 286 367 177 68 30 44 5 96 367 306 152 25 23 50 
2 39 308 404 196 61 13 1 0 15 229 412 272 80 15 1 2 75 346 421 140 34 3 3 
2 74 321 334 202 76 11 4 0 42 248 380 182 110 53 9 18 123 344 368 137 29 3 2 
92 56 220 283 155 116 47 55 68 37 185 296 170 110 96 62 92 100 254 335 116 48 27 52 
61 92 163 261 223 71 79 74 49 62 130 186 214 178 102 103 35 173 275 237 121 27 45 111 
42 97 205 292 168 109 50 61 24 71 186 256 169 127 101 90 38 136 242 304 147 61 30 66 
16 87 204 285 262 98 40 32 2 39 115 221 266 235 90 56 35 150 287 299 142 44 22 45 
11 52 191 224 234 104 75 133 6 14 76 204 205 239 126 154 31 154 251 243 101 74 61 109 
10 28 56 101 226 197 130 276 3 19 31 64 123 255 212 317 14 64 115 213 162 119 112 225 
194 351 190 117 108 52 10 2 74 318 230 127 95 92 68 20 191 402 234 129 51 12 4 1 
154 419 117 79 131 108 13 3 60 393 239 125 114 77 15 1 87 444 189 81 94 108 18 3 
159 520 224 86 27 5 3 0 38 418 358 162 39 7 2 0 117 554 241 92 13 4 2 1 
51 319 320 199 50 37 7 41 20 167 371 303 87 28 8 40 31 352 357 175 39 22 6 42 
301 228 124 55 35 25 28 228 361 250 65 55 20 24 20 229 149 281 187 80 39 24 24 240 
402 219 135 22 13 17 23 193 451 255 48 20 17 20 23 190 201 346 168 50 20 11 24 204 
519 169 84 80 58 41 55 18 554 135 73 84 77 44 43 14 422 254 106 79 60 48 37 18 
321 87 234 319 61 2 0 0 283 190 247 230 71 3 0 0 283 165 377 177 20 2 0 0 
318 74 248 272 101 10 1 0 318 180 261 136 102 25 2 0 303 113 387 192 24 5 0 0 
168 96 156 338 229 35 2 0 150 92 79 182 374 139 8 0 166 254 387 165 43 9 0 0 
828 53 41 47 44 9 2 0 833 40 43 45 36 24 2 1 842 57 45 54 19 6 1 0 
809 62 63 39 24 16 11 0 821 65 68 38 19 6 7 0 800 85 67 33 24 7 8 0 
330 282 254 103 33 16 6 0 323 279 278 101 24 18 1 0 298 247 306 129 26 16 2 0 
409 434 124 23 24 10 0 0 322 471 170 30 24 7 0 0 257 453 244 35 23 12 0 0 
218 319 316 124 40 7 0 0 99 236 281 275 115 18 0 0 320 372 248 71 13 0 0 0 
337 339 247 79 19 3 0 0 99 242 297 257 97 29 3 0 356 350 240 67 10 1 0 0 
330 280 223 145 37 7 2 0 104 248 231 197 176 58 10 0 335 294 200 148 35 11 1 0 
21 57 189 313 284 123 32 5 4 20 117 237 264 257 105 20 52 203 334 281 103 40 9 2 
10 61 211 262 216 211 50 3 7 55 248 221 135 148 172 38 17 66 203 397 236 83 20 2 
26 360 340 160 84 35 18 1 24 340 320 148 99 50 30 13 12 262 383 170 122 52 18 5 
17 140 268 279 238 79 3 0 16 127 339 329 173 39 1 0 13 147 268 281 212 96 7 0 
32 173 80 83 134 172 81 269 75 169 74 157 146 80 81 242 2 59 162 104 188 127 71 311 
2 37 225 349 279 110 20 2 0 43 311 422 191 41 14 2 6 81 330 385 183 30 8 1 
26 83 146 150 188 175 66 190 25 78 185 256 175 63 66 176 7 51 154 207 153 179 58 215 
3 131 444 246 99 45 18 38 1 55 337 372 146 55 19 39 2 107 449 264 99 36 20 47 
4 312 484 142 43 14 14 11 1 90 494 305 72 30 16 16 8 210 544 186 46 15 13 2 
52 300 282 161 112 57 25 35 6 156 393 209 114 58 53 35 9 126 371 288 111 55 28 36 
185 410 81 63 30 28 35 192 21 228 380 77 48 28 41 201 12 91 390 206 55 19 30 221 
112 266 159 182 94 58 40 113 27 155 296 207 93 76 46 124 30 91 316 256 109 61 26 135 
75 254 285 257 100 42 7 4 7 148 328 284 158 61 30 8 27 196 391 305 71 13 14 7 
29 161 299 152 126 92 93 72 8 62 253 266 149 113 124 49 35 252 277 142 86 57 82 93 
15 23 54 109 144 154 272 253 20 27 61 105 123 203 291 194 8 41 85 122 110 121 229 308 
337 406 84 73 72 37 12 3 351 347 108 72 79 48 16 3 203 548 117 86 40 18 10 2 
132 295 174 106 153 118 31 15 63 252 239 160 142 101 47 20 92 287 261 140 127 75 29 13 
25 222 240 186 120 83 50 98 26 167 268 196 118 86 65 98 50 265 247 161 95 50 41 115 
23 80 78 71 86 113 146 427 42 61 94 127 85 90 117 408 2 56 114 107 77 84 99 485 
6 99 452 135 48 62 17 205 183 483 28 45 48 23 19 195 4 265 385 46 27 57 34 206 
97 234 348 107 43 62 56 77 387 326 71 31 39 55 42 73 64 432 235 72 44 63 51 63 
12 203 132 128 88 85 83 293 167 40 85 168 86 63 214 201 50 212 160 111 85 68 169 169 
10 220 505 206 71 12 0 0 21 432 345 174 47 5 0 0 11 342 504 138 29 0 0 0 
80 440 340 112 46 6 0 0 67 537 238 92 67 21 2 0 106 538 320 51 7 2 0 0 
79 170 432 285 56 2 0 0 15 92 276 378 221 41 1 0 169 459 342 48 5 1 0 0 
815 76 74 48 11 0 0 0 818 65 53 54 30 4 0 0 823 126 49 21 5 0 0 0 
847 64 46 31 35 1 0 0 856 67 41 30 26 4 0 0 812 84 51 32 25 20 0 0 
198 277 188 123 185 53 0 0 165 282 221 110 177 69 0 0 75 280 245 99 167 145 13 0 
525 436 39 10 13 1 0 0 373 539 87 10 13 2 0 0 204 689 89 19 16 7 0 0 
302 289 278 122 31 2 0 0 118 242 279 245 125 14 1 0 373 340 237 65 9 0 0 0 
531 287 144 57 5 0 0 0 237 357 242 143 39 6 0 0 614 260 117 30 3 0 0 0 
343 315 208 111 43 4 0 0 158 288 242 190 122 24 0 0 414 298 186 82 37 7 0 0 
61 138 255 343 191 36 0 0 13 87 179 341 291 91 22 0 107 268 342 240 54 13 0 0 
40 80 181 314 253 107 39 10 2 52 136 194 227 226 138 49 52 221 343 235 98 31 37 7 
77 187 267 276 139 47 28 3 12 212 326 287 108 43 23 13 54 239 357 240 85 24 17 8 
23 128 252 243 242 92 21 23 17 149 314 271 207 27 22 17 17 139 288 236 153 137 22 32 
7 63 200 252 233 163 68 38 29 171 258 237 154 101 40 34 2 28 177 273 249 161 74 60 
14 108 286 332 215 57 8 4 26 185 357 313 101 31 10 1 10 97 263 386 220 38 10 0 
44 76 123 293 248 88 54 98 54 82 147 300 225 84 41 91 16 65 140 265 256 104 59 119 
13 101 289 306 232 57 24 2 13 47 262 358 259 60 23 2 11 130 306 249 226 74 24 4 
32 313 354 155 58 50 47 15 9 143 435 232 98 56 43 8 18 231 390 190 72 53 46 24 
111 459 292 109 38 12 1 2 35 174 493 240 65 11 3 3 67 270 330 249 83 15 4 6 
301 351 174 92 46 17 5 38 185 284 325 134 41 12 5 38 103 257 289 231 80 17 9 38 
227 220 166 230 149 13 6 13 101 194 297 281 98 28 15 10 50 139 352 291 134 33 7 18 
62 119 170 214 218 170 62 9 3 68 164 221 257 211 87 13 12 70 259 254 242 137 44 6 
0 12 104 147 311 322 113 15 2 116 164 142 277 240 75 8 1 114 194 155 265 211 76 8 
7 40 91 163 284 262 135 42 21 68 201 204 225 199 84 22 4 55 184 215 241 183 109 33 
11 124 325 172 220 147 23 2 22 193 291 174 205 120 18 1 14 149 357 212 182 101 7 2 
78 154 247 233 163 94 37 18 21 104 169 242 218 154 79 37 221 274 268 138 64 33 10 16 
70 167 200 241 176 97 41 32 43 110 152 187 226 172 94 40 175 308 244 149 61 36 23 28 
47 169 124 201 212 74 35 162 89 175 147 227 111 86 38 151 9 126 191 171 195 107 52 173 
9 77 191 281 296 90 41 39 115 220 128 176 177 157 22 29 37 149 276 275 153 70 20 44 
46 119 203 285 242 93 28 8 58 111 122 176 259 220 65 13 62 190 322 284 106 33 23 4 
163 201 220 216 173 41 10 0 18 115 164 191 227 215 74 20 192 232 254 224 98 21 3 0 
32 204 271 256 153 66 34 8 51 156 174 226 232 116 56 13 41 257 307 239 107 44 22 7 
413 345 150 63 35 14 4 0 173 429 255 102 37 22 4 2 411 379 141 50 30 11 2 0 
771 163 23 24 18 15 8 2 344 548 57 21 22 12 17 3 659 268 31 23 16 10 15 2 
745 196 23 27 8 12 11 2 807 128 25 23 16 7 12 6 531 403 30 21 12 9 14 4 
710 211 47 34 14 7 1 0 825 87 44 32 21 9 5 1 572 352 40 28 17 11 4 0 
429 228 185 131 49 2 0 0 360 252 189 146 59 18 0 0 265 332 185 141 87 14 0 0 
102 166 288 255 131 56 23 3 73 189 256 288 141 48 21 8 58 215 307 228 110 63 30 13 
215 124 120 237 252 70 6 0 144 164 102 137 283 166 27 1 268 128 112 104 259 142 11 0 
11 22 126 696 167 2 0 0 6 13 35 245 671 54 0 0 13 20 83 554 341 13 0 0 
21 46 217 461 258 21 0 0 9 38 48 218 560 150 1 0 29 49 137 376 336 95 2 0 
21 58 175 453 280 35 2 0 4 34 112 385 384 92 13 0 43 147 353 281 192 8 0 0 
105 159 219 350 165 19 4 3 33 117 141 148 272 262 48 3 164 270 340 206 41 1 2 0 
98 108 190 333 189 68 23 15 19 97 177 203 182 241 95 10 111 186 309 285 110 19 4 0 
6 34 188 235 356 155 45 5 1 69 208 187 137 268 149 5 8 95 219 358 192 108 29 15 
36 84 97 59 331 328 80 9 54 99 61 52 177 281 289 11 24 84 101 202 332 203 64 14 
18 123 168 123 395 194 3 0 20 126 172 69 73 126 428 10 25 74 178 428 284 35 0 0 
28 70 96 160 423 141 55 51 27 67 83 126 243 235 200 43 28 97 166 291 236 104 69 33 
12 30 66 174 352 186 76 128 6 22 44 148 234 247 253 70 14 48 99 217 338 112 109 87 
9 62 166 224 237 149 75 102 2 24 91 169 185 237 223 93 9 79 195 245 254 85 79 78 
96 176 221 200 179 83 36 33 16 68 127 166 188 195 195 69 121 219 249 200 128 57 32 18 
67 86 130 230 300 181 26 4 20 50 67 93 143 228 313 110 76 135 215 317 202 62 17 0 
30 64 199 277 278 159 17 0 1 5 32 111 241 268 259 107 51 133 259 321 201 53 6 0 
34 115 291 381 154 43 5 1 0 13 40 126 333 384 108 20 46 173 399 275 100 27 3 1 
17 129 250 308 221 84 12 3 17 31 52 154 278 346 139 7 28 179 342 261 160 46 6 2 
36 105 207 330 259 70 13 4 3 12 92 138 245 364 164 6 53 151 271 340 151 42 13 3 
3 62 212 304 328 100 15 0 0 14 94 89 189 410 214 14 11 135 370 348 123 35 2 0 
42 148 303 309 169 45 8 0 10 54 159 245 325 193 35 3 219 363 314 104 16 7 1 0 
37 125 274 310 205 66 6 1 12 56 165 273 273 182 59 4 154 288 325 165 62 28 2 0 
10 44 95 252 440 107 37 39 4 25 45 66 138 527 171 48 14 75 181 409 224 65 53 3 
6 35 95 389 359 115 20 5 0 0 19 52 193 532 194 34 36 102 363 323 110 45 32 13 
90 89 193 337 248 59 8 0 9 52 60 117 251 376 134 25 116 175 290 288 103 44 8 0 
187 197 229 211 133 51 15 1 28 124 144 178 266 170 95 19 256 256 252 121 82 44 12 1 
41 136 238 300 191 77 38 3 7 46 102 196 231 281 127 34 60 222 304 233 117 62 24 2 
94 211 274 304 109 31 1 0 38 69 72 176 297 294 68 10 226 266 299 174 46 13 0 0 
280 228 252 168 81 10 5 0 167 124 133 193 237 130 33 7 273 256 217 158 92 26 2 0 
191 211 303 221 71 22 5 0 228 184 160 92 194 127 30 9 162 340 339 136 41 5 1 0 
91 238 327 253 91 23 1 0 54 144 125 156 273 207 63 2 132 348 316 162 55 11 0 0 
79 104 249 382 174 33 3 0 28 63 57 117 276 376 100 7 105 245 377 209 71 17 0 0 
82 210 316 300 101 15 0 0 12 61 99 201 337 262 48 4 154 349 329 146 41 5 0 0 
0 4 92 467 429 32 0 0 0 0 3 132 424 442 23 0 0 8 56 230 515 212 3 0 
0 0 128 662 210 21 3 0 0 0 29 309 515 155 15 1 0 37 140 488 313 44 2 0 
0 20 117 594 194 62 28 9 0 0 55 350 486 105 28 0 37 234 143 406 147 44 13 0 
12 68 240 503 178 23 0 0 0 10 71 327 373 216 27 0 59 267 296 181 188 32 1 0 
99 220 299 292 94 19 1 0 5 55 131 273 341 189 29 1 165 365 303 145 33 12 1 0 
67 228 367 275 76 11 0 0 0 31 134 271 368 178 39 3 107 338 400 146 32 1 0 0 
0 13 101 282 445 92 53 38 0 4 115 133 438 217 92 25 3 167 421 198 106 68 50 11 
15 29 28 162 606 145 29 10 0 31 25 86 686 160 30 6 61 478 182 91 110 81 18 3 
56 71 46 269 472 63 16 31 4 104 58 223 517 75 30 13 186 504 214 53 25 21 21 0 
13 18 35 148 575 114 43 78 0 3 18 179 543 120 137 24 38 494 237 115 37 26 64 13 
42 77 94 175 343 181 51 61 3 18 67 96 209 241 323 67 85 206 255 278 109 27 54 10 
58 93 148 244 323 148 10 0 2 32 53 112 174 281 312 58 159 229 307 244 75 9 1 0 
54 115 184 248 273 123 21 6 2 13 64 132 208 279 262 64 161 238 273 228 89 24 7 4 
234 138 147 166 140 93 49 57 35 115 137 128 167 187 156 99 269 198 164 128 92 66 45 62 
61 66 114 175 321 128 80 79 3 26 54 91 151 288 278 133 87 110 211 221 167 101 75 52 
18 98 153 182 239 150 105 79 1 12 25 93 212 273 246 162 81 114 183 213 174 114 86 59 
96 131 149 152 239 149 68 40 4 58 80 157 159 227 242 97 94 164 190 189 178 107 65 37 
108 123 189 199 206 127 43 29 5 62 101 127 224 249 197 59 111 154 191 201 171 118 56 22 
96 237 259 219 131 61 16 5 2 37 109 224 327 220 78 27 223 224 221 183 107 42 18 6 
77 386 292 136 79 37 16 1 1 39 106 331 353 124 52 18 488 191 118 109 59 32 18 9 
62 246 305 243 124 30 14 0 1 26 96 301 297 247 40 16 315 263 192 117 84 38 13 2 
50 111 276 391 159 32 5 0 6 22 56 129 327 403 69 12 147 251 346 222 47 9 2 0 
44 165 277 298 194 43 3 0 0 3 77 176 288 339 129 12 272 241 227 176 90 18 0 0 
128 129 205 282 227 51 2 0 18 63 85 143 225 329 147 14 271 197 231 210 95 17 3 0 
149 134 272 300 132 34 3 0 11 88 99 142 297 307 74 6 267 232 254 202 44 22 3 0 
151 155 244 214 170 76 14 0 2 30 148 180 254 238 147 25 312 208 172 141 95 75 20 1 
200 291 254 162 96 21 0 0 1 56 200 314 255 159 38 1 316 220 121 164 140 58 5 0 
355 282 220 120 36 8 3 0 28 233 254 246 190 53 18 2 273 246 179 190 107 23 4 2 
337 227 125 137 112 67 19 0 14 95 318 200 145 130 82 40 473 98 121 168 115 44 5 0 
85 125 280 300 181 46 7 0 16 42 81 174 316 256 118 21 135 210 293 241 109 34 2 0 
37 147 388 351 92 9 0 0 3 21 54 201 427 268 50 0 228 339 238 135 60 17 6 1 
37 224 393 258 98 13 1 0 0 15 127 298 347 195 37 5 258 383 262 93 20 8 0 0 
16 61 303 400 210 34 0 0 0 30 97 480 351 64 2 0 168 271 202 186 140 53 4 0 
0 34 252 454 257 26 1 0 0 10 253 615 132 14 0 0 50 286 292 285 94 17 0 0 
2 54 281 387 257 38 5 0 1 21 315 503 157 27 0 0 19 230 393 285 76 21 0 0 
19 102 364 319 164 50 6 0 2 55 165 350 367 55 27 3 221 234 249 196 84 36 4 0 
5 34 261 587 118 18 1 0 0 6 46 113 700 144 15 0 420 430 107 55 12 0 0 0 
47 145 239 379 159 49 6 0 6 55 161 195 414 147 43 3 192 364 172 147 95 45 9 0 
9 53 137 413 386 26 0 0 8 41 84 289 453 143 6 0 125 372 431 81 12 3 0 0 
129 120 141 215 369 49 1 0 13 165 129 186 287 233 9 2 284 417 243 58 15 6 0 1 
313 199 181 208 86 32 4 1 29 325 116 132 215 160 42 5 422 208 204 111 52 25 2 0 
137 189 258 236 149 49 6 0 80 166 151 177 235 173 38 4 191 262 254 198 73 31 15 0 
135 246 179 182 159 98 22 3 53 124 198 266 189 117 68 9 320 211 146 160 115 61 10 1 
165 293 225 188 97 54 2 0 27 112 215 214 235 143 67 11 399 240 189 105 64 22 5 0 
159 216 239 180 112 64 25 29 23 83 157 209 252 165 75 60 309 183 182 151 94 54 24 27 
345 202 210 200 46 14 5 2 17 212 183 207 240 135 24 6 345 222 203 160 75 13 5 1 
110 211 313 245 56 36 21 32 0 27 91 225 356 237 40 48 235 210 177 194 100 53 20 35 
64 235 411 202 76 25 7 4 0 4 48 233 436 240 52 11 270 305 206 127 85 15 10 6 
204 264 252 165 99 25 9 6 11 83 138 225 294 195 62 16 426 222 147 99 86 27 11 6 
79 252 390 205 65 24 7 2 0 25 71 197 446 235 33 17 312 272 151 120 112 42 12 3 
206 246 334 203 27 8 0 0 8 117 145 245 346 147 16 0 269 216 180 184 154 19 2 0 
336 291 242 135 19 1 0 0 51 183 220 273 224 68 5 0 347 210 193 206 64 4 0 0 
139 176 259 326 88 29 5 2 14 67 111 179 361 235 55 2 189 188 226 272 102 34 11 2 
219 276 289 185 51 3 1 0 16 126 148 255 292 156 29 2 314 272 242 159 32 4 1 0 
360 275 205 144 37 3 0 0 73 183 227 199 216 106 20 0 481 246 169 114 14 0 0 0 
449 242 115 162 49 7 0 0 108 277 213 143 111 135 36 1 547 237 148 77 15 0 0 0 
437 369 167 47 4 0 0 0 50 167 355 291 130 29 2 0 596 300 109 19 0 0 0 0 
296 299 251 153 21 4 0 0 19 177 258 240 240 87 3 0 358 312 244 81 26 3 0 0 
250 127 221 242 163 21 0 0 53 160 128 132 290 218 42 1 278 122 148 228 184 63 1 0 
373 171 150 156 128 41 5 0 140 185 170 128 177 145 67 12 384 150 125 139 136 71 18 1 
708 121 110 46 21 17 1 0 477 204 139 105 56 26 17 0 686 152 78 61 30 11 6 0 
738 129 84 55 14 2 2 0 416 322 120 81 69 12 4 0 710 105 64 68 47 26 4 0 
588 200 140 75 18 2 1 0 219 298 222 146 110 24 4 1 643 102 71 141 52 14 0 1 
315 276 311 111 10 1 0 0 4 189 300 284 214 32 1 0 386 178 187 224 39 10 0 0 
494 299 194 33 4 0 0 0 472 244 111 166 29 2 0 0 834 144 41 5 0 0 0 0 
372 155 153 209 134 1 0 0 390 126 155 321 32 0 0 0 648 313 42 18 3 0 0 0 
5 18 33 474 490 4 0 0 6 29 241 714 34 0 0 0 255 735 33 1 0 0 0 0 
1 3 24 243 715 38 0 0 2 7 146 802 65 2 0 0 79 789 121 24 11 0 0 0 
338 204 77 137 255 13 0 0 75 358 161 229 159 42 0 0 326 441 159 74 23 1 0 0 
258 334 257 122 38 11 4 0 201 90 376 253 83 16 5 0 425 415 99 59 17 8 1 0 
50 162 202 280 249 77 4 0 33 115 223 298 207 131 17 0 169 247 285 178 108 33 4 0 
11 105 432 385 80 11 0 0 4 13 75 310 490 119 13 0 23 112 259 419 183 28 0 0 
23 89 280 485 125 21 1 0 2 12 38 142 518 279 30 3 13 53 129 400 361 61 7 0 
2 5 56 306 483 168 4 0 0 1 4 18 252 508 234 7 2 6 3 183 420 377 32 1 
7 11 66 661 249 30 0 0 2 3 8 22 376 561 51 1 6 11 22 447 489 49 0 0 
214 109 81 259 274 82 5 0 84 115 75 88 207 331 119 5 223 113 65 180 331 105 7 0 
232 337 299 106 36 14 0 0 28 115 151 203 438 68 19 2 510 248 131 76 40 16 3 0 
183 476 284 72 8 1 0 0 34 73 133 378 350 54 1 1 381 299 170 148 23 3 0 0 
571 270 142 32 6 3 0 0 124 356 172 196 150 23 3 0 664 221 91 42 3 3 0 0 
504 374 109 34 3 0 0 0 65 228 323 245 135 25 3 0 671 251 67 32 3 0 0 0 
325 395 244 54 5 1 0 0 12 136 257 379 182 53 4 1 395 371 184 67 6 1 0 0 
534 351 105 32 2 0 0 0 27 367 244 258 112 15 1 0 671 237 85 28 3 0 0 0 
352 367 169 109 27 0 0 0 42 211 300 275 92 90 14 0 311 316 232 158 7 0 0 0 
305 186 178 210 119 24 2 0 42 190 175 143 181 210 71 12 374 209 255 133 44 9 0 0 
222 185 125 181 296 15 0 0 23 135 153 142 128 261 182 0 293 188 197 282 62 2 0 0 
347 178 146 204 145 4 0 0 115 182 143 123 164 245 51 1 377 176 179 224 65 3 0 0 
390 308 206 109 11 0 0 0 48 259 235 222 177 82 1 0 544 264 129 73 14 0 0 0 
370 382 193 74 5 0 0 0 87 244 286 203 124 76 4 0 500 346 146 30 2 0 0 0 
668 193 117 35 11 0 0 0 344 273 182 102 90 31 2 0 701 201 87 32 3 0 0 0 
597 168 126 103 28 2 0 0 195 374 175 80 129 64 7 0 635 161 128 80 18 2 0 0 
462 212 133 178 36 1 0 2 207 236 164 141 172 98 4 2 483 190 156 163 29 1 0 2 
769 186 60 7 1 0 1 0 273 505 193 46 5 1 1 0 639 226 97 53 8 0 1 0 
677 199 114 32 2 0 0 0 243 328 242 129 76 6 0 0 631 179 96 97 18 3 0 0 
456 234 246 79 8 1 0 0 198 219 170 237 179 20 1 0 411 200 202 153 54 3 1 0 
254 186 404 155 25 0 0 0 27 180 140 273 352 51 1 0 251 128 238 312 75 20 0 0 
354 354 184 90 37 5 0 0 42 326 269 215 126 44 2 0 366 300 181 82 66 26 3 0 
629 316 36 20 14 9 0 0 154 724 104 24 16 2 0 0 893 77 25 18 11 0 0 0 
566 357 53 40 8 0 0 0 483 392 111 34 4 0 0 0 787 167 48 22 0 0 0 0 
411 298 87 205 23 0 0 0 409 252 189 172 2 0 0 0 727 292 2 1 2 0 0 0 
249 325 217 173 59 1 0 0 93 289 371 217 51 3 0 0 742 246 32 4 0 0 0 0 
794 152 48 29 1 0 0 0 388 518 59 31 26 2 0 0 889 70 31 28 6 0 0 0 
638 173 27 72 80 29 5 0 269 451 103 31 53 78 37 2 681 146 36 36 55 65 5 0 
161 190 311 240 58 53 11 0 86 190 97 271 243 72 61 4 542 214 72 44 73 51 28 0 
4 45 321 533 89 18 14 0 1 9 60 245 599 78 26 6 358 305 102 156 66 25 12 0 
8 51 241 509 179 30 6 0 1 39 47 215 346 335 37 4 313 153 35 141 329 52 1 0 
6 76 267 446 198 31 0 0 0 50 127 210 339 269 29 0 332 231 60 149 239 13 0 0 
0 33 231 502 179 77 2 0 0 25 87 277 403 142 89 1 228 397 108 119 109 63 0 0 
94 50 63 448 291 78 0 0 30 74 54 173 408 195 90 0 145 363 207 93 135 81 0 0 
159 233 231 185 166 40 10 0 56 91 130 325 311 70 38 3 226 337 226 157 52 24 2 0 
474 361 150 36 3 0 0 0 169 193 280 290 80 12 0 0 433 268 247 66 10 0 0 0 
636 239 120 23 6 0 0 0 249 254 178 213 106 21 3 0 787 131 77 24 5 0 0 0 
609 298 87 30 0 0 0 0 215 228 260 220 89 12 0 0 689 206 77 51 1 0 0 0 
505 315 160 42 2 0 0 0 156 300 258 191 100 19 0 0 376 321 219 96 12 0 0 0 
611 284 109 20 0 0 0 0 147 346 278 195 49 9 0 0 571 258 107 79 9 0 0 0 
332 185 84 178 219 25 1 0 120 127 191 112 84 288 101 1 333 168 101 208 190 23 1 0 
283 120 164 218 217 22 0 0 115 134 78 105 163 319 107 3 441 131 123 232 81 16 0 0 
149 146 132 257 331 9 0 0 46 72 108 126 147 421 99 5 185 158 188 449 39 5 0 0 
513 179 124 102 91 15 0 0 244 230 112 111 137 125 62 3 704 116 77 75 50 2 0 0 
529 254 154 71 16 0 0 0 178 333 180 130 120 80 3 0 639 256 117 12 0 0 0 0 
448 357 170 43 5 1 0 0 228 215 260 259 60 2 0 0 426 361 164 59 13 1 0 0 
231 205 255 252 79 2 0 0 57 121 157 184 250 220 35 0 297 243 333 144 7 0 0 0 
495 136 113 126 126 28 0 0 313 144 116 98 125 164 63 1 520 161 136 163 39 5 0 0 
696 192 85 40 10 1 0 0 499 208 147 96 58 15 1 0 749 145 93 31 6 0 0 0 
657 227 127 13 0 0 0 0 194 328 287 170 45 0 0 0 498 246 153 95 32 0 0 0 
981 34 8 1 0 0 0 0 908 63 41 10 2 0 0 0 972 44 7 1 0 0 0 0 
864 71 52 34 3 0 0 0 690 203 43 34 48 6 0 0 820 93 35 50 21 5 0 0 
399 253 153 144 64 10 1 0 176 266 226 137 157 58 4 0 313 208 136 163 122 72 10 0 
546 285 100 81 12 0 0 0 247 458 148 68 90 13 0 0 450 352 98 78 43 3 0 0 
803 221 0 0 0 0 0 0 23 872 128 1 0 0 0 0 363 654 7 0 0 0 0 0 
830 194 0 0 0 0 0 0 151 806 67 0 0 0 0 0 594 425 5 0 0 0 0 0 
543 340 62 25 16 12 18 8 365 443 145 32 23 14 2 0 594 344 35 13 17 19 2 0 
358 549 108 9 0 0 0 0 2 321 589 77 35 0 0 0 383 628 13 0 0 0 0 0 
481 521 22 0 0 0 0 0 0 450 490 84 0 0 0 0 289 712 23 0 0 0 0 0 
129 639 243 13 0 0 0 0 33 95 418 454 24 0 0 0 184 560 280 0 0 0 0 0 
514 300 195 12 2 1 0 0 164 407 222 217 12 2 0 0 658 231 128 5 2 0 0 0 
576 333 83 27 5 0 0 0 183 568 197 52 24 0 0 0 921 88 15 0 0 0 0 0 
327 411 220 47 14 4 1 0 25 341 441 164 37 16 0 0 698 215 77 29 4 1 0 0 
66 175 394 335 50 4 0 0 16 140 232 435 167 32 2 0 312 398 181 100 32 1 0 0 
52 86 356 376 133 21 0 0 11 41 137 301 386 135 13 0 217 191 141 177 230 64 4 0 
403 189 257 152 23 0 0 0 247 161 129 210 243 34 0 0 501 252 166 86 19 0 0 0 
199 493 265 58 8 1 0 0 76 74 148 396 303 25 2 0 443 263 188 113 16 1 0 0 
611 265 96 11 16 22 3 0 186 370 268 113 46 16 25 0 534 295 128 23 13 13 17 1 
810 169 45 0 0 0 0 0 527 262 170 60 5 0 0 0 779 158 83 4 0 0 0 0 
794 174 50 6 0 0 0 0 448 326 158 69 22 1 0 0 718 219 56 30 1 0 0 0 
554 229 183 54 4 0 0 0 341 169 129 206 155 24 0 0 541 192 191 98 2 0 0 0 
466 223 125 141 57 12 0 0 239 141 217 163 148 108 8 0 494 187 141 164 35 3 0 0 
974 32 10 6 2 0 0 0 835 151 21 11 4 2 0 0 973 34 10 7 0 0 0 0 
786 171 57 6 3 1 0 0 563 159 194 99 7 2 0 0 800 185 33 4 2 0 0 0 
745 259 20 0 0 0 0 0 364 423 202 33 2 0 0 0 838 175 11 0 0 0 0 0 
896 78 29 15 2 4 0 0 709 224 51 24 10 2 4 0 919 75 20 4 4 2 0 0 
727 85 104 91 16 1 0 0 462 261 68 79 94 59 1 0 755 104 99 54 10 2 0 0 
698 102 121 93 8 0 1 1 544 160 76 81 123 39 1 0 726 142 111 41 2 1 1 0 
126 156 231 286 218 7 0 0 33 88 134 205 214 325 25 0 221 263 332 200 7 1 0 0 
168 104 162 315 251 23 1 0 137 40 70 129 253 342 52 1 200 108 221 405 86 4 0 0 
473 343 175 29 4 0 0 0 316 187 258 207 48 8 0 0 515 355 132 21 1 0 0 0 
275 247 363 135 4 0 0 0 125 96 198 259 325 21 0 0 257 206 337 170 54 0 0 0 
689 139 123 53 18 2 0 0 593 123 104 107 75 21 1 0 680 127 129 52 29 7 0 0 
258 287 241 174 61 3 0 0 68 166 284 249 184 68 5 0 193 253 239 185 138 16 0 0 
337 246 273 141 25 2 0 0 99 285 252 227 133 28 0 0 309 228 264 151 58 13 1 0 
423 270 167 112 47 5 0 0 215 313 233 143 81 34 5 0 357 294 210 82 63 18 0 0 
135 800 89 0 0 0 0 0 1 149 522 352 0 0 0 0 20 419 581 4 0 0 0 0 
351 667 6 0 0 0 0 0 0 386 580 58 0 0 0 0 54 776 194 0 0 0 0 0 
806 187 28 3 0 0 0 0 111 805 90 18 0 0 0 0 550 445 27 2 0 0 0 0 
573 405 25 19 2 0 0 0 17 483 410 91 20 3 0 0 485 491 28 17 3 0 0 0 
274 695 51 3 1 0 0 0 10 132 636 242 3 1 0 0 447 500 75 1 1 0 0 0 
367 369 221 57 10 0 0 0 228 144 160 345 136 11 0 0 409 331 240 44 0 0 0 0 
314 314 211 165 18 2 0 0 201 245 150 235 186 7 0 0 454 221 154 161 34 0 0 0 
258 681 28 42 9 0 1 5 199 292 462 22 37 6 1 5 891 56 21 31 19 0 0 6 
321 663 24 7 8 1 0 0 165 328 477 45 8 1 0 0 950 48 15 7 4 0 0 0 
63 721 141 72 17 4 5 1 45 165 497 245 54 14 3 1 661 165 107 71 12 3 4 1 
10 63 337 290 217 105 2 0 3 8 46 320 351 239 57 0 15 47 202 315 219 187 39 0 
171 431 239 135 36 12 0 0 42 134 147 250 392 49 10 0 472 194 162 140 37 12 7 0 
65 347 568 10 4 22 8 0 56 17 16 184 712 10 24 5 425 497 63 4 4 7 21 3 
639 178 131 65 10 1 0 0 444 224 125 134 82 15 0 0 592 225 114 71 22 0 0 0 
409 375 196 36 8 0 0 0 66 304 295 266 78 13 2 0 251 352 304 98 17 2 0 0 
723 220 74 7 0 0 0 0 381 379 156 89 19 0 0 0 569 306 120 29 0 0 0 0 
918 103 3 0 0 0 0 0 748 239 37 0 0 0 0 0 788 216 20 0 0 0 0 0 
868 105 34 15 2 0 0 0 687 267 67 3 0 0 0 0 827 184 13 0 0 0 0 0 
627 133 94 122 42 6 0 0 536 202 132 71 57 22 4 0 692 224 81 20 7 0 0 0 
417 245 195 122 44 1 0 0 164 300 154 254 147 5 0 0 513 233 204 69 5 0 0 0 
561 314 125 17 7 0 0 0 364 297 152 174 29 7 1 0 602 341 65 11 5 0 0 0 
633 185 61 111 33 1 0 0 372 303 139 49 78 81 2 0 725 126 55 91 24 3 0 0 
19 170 235 371 209 19 1 0 2 15 68 258 326 306 49 0 71 245 272 341 92 3 0 0 
620 218 127 51 7 1 0 0 434 241 137 117 73 21 1 0 705 181 85 44 9 0 0 0 
671 257 89 7 0 0 0 0 453 219 200 140 11 1 0 0 677 227 108 11 1 0 0 0 
888 96 33 7 0 0 0 0 801 107 78 31 7 0 0 0 899 87 32 6 0 0 0 0 
730 147 130 12 4 0 1 0 745 49 81 130 18 1 0 0 775 85 127 34 2 1 0 0 
816 121 18 17 36 13 1 2 891 47 25 31 21 7 2 0 876 69 16 30 21 10 2 0 
734 187 68 30 5 0 0 0 779 98 53 55 28 11 0 0 803 140 53 22 6 0 0 0 
320 329 200 85 36 21 6 27 168 227 262 227 87 20 6 27 297 295 178 112 60 35 16 31 
290 417 201 96 17 3 0 0 229 335 194 161 78 24 3 0 406 370 158 71 16 3 0 0 
489 371 132 27 4 1 0 0 616 274 56 43 29 6 0 0 651 284 73 14 2 0 0 0 
278 348 368 30 0 0 0 0 349 49 86 414 125 1 0 0 372 168 456 28 0 0 0 0 
421 313 216 64 10 0 0 0 441 82 119 233 134 15 0 0 505 142 258 108 11 0 0 0 
286 442 294 2 0 0 0 0 200 95 160 542 27 0 0 0 240 184 500 100 0 0 0 0 
70 565 381 8 0 0 0 0 16 31 260 620 96 1 0 0 47 406 500 70 1 0 0 0 
354 318 321 27 3 1 0 0 358 153 111 309 93 0 0 0 455 263 292 13 1 0 0 0 
662 145 119 66 29 3 0 0 709 174 99 39 3 0 0 0 752 159 82 27 4 0 0 0 
438 441 91 38 13 2 1 0 375 486 116 37 9 1 0 0 832 126 42 17 6 1 0 0 
159 285 221 221 105 31 2 0 162 365 336 109 40 9 3 0 406 251 223 102 33 9 0 0 
581 257 94 67 18 6 1 0 41 828 117 28 8 2 0 0 571 357 73 16 7 0 0 0 
74 327 254 250 86 22 7 4 91 328 454 114 25 8 3 1 147 451 310 82 23 7 3 1 
13 413 239 304 45 10 0 0 6 56 183 349 395 26 9 0 293 222 166 269 63 11 0 0 
33 729 179 31 29 22 1 0 0 5 33 429 490 26 33 8 786 131 34 33 19 20 1 0 
30 147 346 101 213 179 8 0 22 91 126 99 314 274 96 2 114 305 156 43 76 239 91 0 
114 174 361 264 104 7 0 0 185 297 161 69 194 103 15 0 173 339 262 146 94 10 0 0 
222 133 95 190 298 82 4 0 165 124 79 76 181 321 75 3 160 169 89 171 323 94 17 1 
447 314 96 68 86 10 3 0 402 196 177 75 48 117 9 0 415 298 130 61 100 16 4 0 
339 327 282 72 4 0 0 0 234 460 244 54 28 4 0 0 265 504 240 15 0 0 0 0 
419 335 222 41 6 1 0 0 400 456 152 14 2 0 0 0 386 494 136 6 2 0 0 0 
334 370 258 49 11 2 0 0 570 373 65 13 3 0 0 0 442 472 94 12 4 0 0 0 
280 332 299 106 7 0 0 0 296 568 146 14 0 0 0 0 317 557 137 12 1 0 0 0 
136 401 319 121 36 11 0 0 233 548 99 32 55 50 7 0 223 575 162 44 15 5 0 0 
260 579 108 51 24 2 0 0 519 290 61 61 54 36 3 0 531 385 83 20 5 0 0 0 
362 576 61 15 10 0 0 0 455 207 204 123 27 8 0 0 660 303 32 16 12 1 0 0 
314 481 94 45 40 26 11 13 620 220 81 48 27 16 10 2 502 333 83 39 27 21 14 5 
309 414 189 48 32 14 13 5 541 355 70 28 11 11 7 1 473 402 72 33 23 11 9 1 
206 384 187 56 44 96 49 2 439 342 62 75 88 17 1 0 359 402 67 61 99 31 5 0 
79 465 340 74 36 24 5 1 329 521 99 57 17 1 0 0 258 568 123 34 33 7 1 0 
21 268 275 249 149 55 7 0 213 308 245 190 65 3 0 0 323 366 167 101 50 17 0 0 
64 369 335 110 78 51 15 2 358 396 140 76 39 14 1 0 288 426 150 79 52 24 4 1 
206 202 275 189 109 28 11 4 349 306 183 112 59 9 4 2 334 314 183 89 68 30 3 3 
108 231 406 223 50 5 1 0 236 420 215 103 49 1 0 0 236 460 227 88 12 1 0 0 
11 303 443 198 60 9 0 0 253 479 200 72 20 0 0 0 193 514 239 67 11 0 0 0 
951 55 13 4 1 0 0 0 985 23 11 4 1 0 0 0 990 26 4 4 0 0 0 0 
988 34 2 0 0 0 0 0 916 108 0 0 0 0 0 0 990 34 0 0 0 0 0 0 
516 268 219 12 8 1 0 0 482 50 57 401 31 3 0 0 518 74 372 57 3 0 0 0 
250 658 107 9 0 0 0 0 116 50 474 371 12 1 0 0 187 477 338 22 0 0 0 0 
573 189 108 131 22 1 0 0 683 72 49 37 126 56 1 0 729 121 138 31 5 0 0 0 
556 342 63 44 12 4 2 1 673 248 54 27 14 6 1 1 757 180 63 18 3 2 1 0 
292 281 74 278 90 9 0 0 358 212 41 38 114 245 16 0 517 113 262 115 16 1 0 0 
102 502 171 230 19 0 0 0 8 263 261 169 177 145 1 0 518 190 286 30 0 0 0 0 
59 451 460 48 6 0 0 0 5 113 218 608 67 12 1 0 461 268 275 20 0 0 0 0 
76 286 440 210 12 0 0 0 19 101 256 316 254 77 1 0 115 369 419 118 3 0 0 0 
30 223 312 397 44 16 2 0 31 90 83 230 389 198 3 0 250 202 386 167 18 1 0 0 
42 474 261 192 52 3 0 0 0 8 155 421 369 69 2 0 541 133 265 83 2 0 0 0 
98 237 250 303 124 12 0 0 17 108 247 204 264 170 14 0 284 235 234 162 101 8 0 0 
1 39 238 402 217 107 19 1 8 38 55 153 376 291 97 6 9 101 279 304 228 94 9 0 
5 118 399 409 84 7 2 0 42 264 159 84 270 196 9 0 41 332 398 215 35 3 0 0 
5 97 368 408 99 15 21 11 36 306 152 57 226 230 17 0 28 300 380 253 40 17 6 0 
8 120 450 400 38 7 1 0 53 277 187 102 298 107 0 0 46 357 492 121 7 1 0 0 
11 151 450 367 44 1 0 0 71 354 130 72 262 134 1 0 60 366 431 163 4 0 0 0 
5 92 468 394 44 14 4 3 39 241 221 129 261 127 6 0 50 375 476 105 11 4 3 0 
3 56 447 473 42 3 0 0 26 214 223 99 332 128 2 0 37 325 547 110 5 0 0 0 
2 31 395 525 66 5 0 0 13 225 223 96 291 172 4 0 19 301 538 158 8 0 0 0 
9 242 422 323 25 3 0 0 92 322 141 70 276 120 3 0 87 464 409 60 4 0 0 0 
13 294 312 224 59 80 42 0 100 334 119 107 265 99 0 0 116 430 282 83 61 51 1 0 
56 289 354 166 81 38 26 14 258 347 176 106 81 37 14 5 198 426 228 90 38 30 11 3 
25 167 239 237 151 94 78 33 197 226 232 145 104 56 56 8 209 271 237 125 86 48 41 7 
133 258 209 140 94 124 63 3 373 269 125 84 97 70 6 0 368 290 121 97 97 45 6 0 
67 177 321 262 99 59 37 2 217 241 176 144 213 33 0 0 245 317 269 104 54 32 3 0 
33 186 340 239 149 56 17 4 160 354 226 172 89 23 0 0 266 312 191 146 77 30 2 0 
18 217 267 196 164 141 19 2 215 213 169 209 201 15 2 0 217 310 160 121 178 34 4 0 
8 108 321 268 173 113 31 2 95 254 249 197 191 36 1 1 89 316 311 173 87 46 0 2 
6 149 490 308 55 16 0 0 97 295 195 192 229 16 0 0 93 472 369 76 13 1 0 0 
5 139 348 305 125 52 28 22 120 237 200 168 211 58 22 8 117 308 343 137 52 36 20 11 
1021 3 0 0 0 0 0 0 1020 4 0 0 0 0 0 0 1021 3 0 0 0 0 0 0 
1020 4 0 0 0 0 0 0 745 279 0 0 0 0 0 0 1011 13 0 0 0 0 0 0 
1024 0 0 0 0 0 0 0 988 36 0 0 0 0 0 0 1022 2 0 0 0 0 0 0 
818 144 56 5 1 0 0 0 772 76 93 73 10 0 0 0 806 134 72 12 0 0 0 0 
661 351 11 1 0 0 0 0 563 159 298 4 0 0 0 0 627 351 45 1 0 0 0 0 
141 818 60 5 0 0 0 0 72 232 650 69 1 0 0 0 108 801 112 3 0 0 0 0 
207 691 108 17 1 0 0 0 97 234 505 119 65 4 0 0 240 709 71 4 0 0 0 0 
297 350 303 67 5 2 0 0 319 189 116 81 285 29 4 1 477 460 77 8 2 0 0 0 
91 359 422 127 24 1 0 0 227 238 66 259 211 23 0 0 246 344 278 132 24 0 0 0 
47 250 523 142 41 21 0 0 80 181 152 265 289 55 2 0 104 533 263 53 39 29 3 0 
48 246 464 229 21 16 0 0 109 100 190 141 401 80 3 0 237 476 250 38 17 6 0 0 
101 232 325 252 78 30 6 0 8 146 237 203 341 86 3 0 256 241 296 191 40 0 0 0 
21 85 196 570 136 16 0 0 40 61 58 104 450 296 15 0 69 128 276 452 91 8 0 0 
6 23 65 304 538 82 6 0 12 19 16 31 190 525 229 2 14 75 218 272 382 59 4 0 
10 22 145 386 400 59 2 0 0 17 16 32 305 526 126 2 30 141 299 279 229 45 1 0 
0 0 109 372 306 226 11 0 0 4 6 6 214 524 270 0 5 159 246 80 274 241 19 0 
4 32 264 557 111 29 17 10 3 27 140 147 312 355 23 17 28 333 486 117 21 9 19 11 
0 19 286 511 152 36 15 5 1 27 144 167 422 254 9 0 31 363 459 130 25 12 4 0 
1 21 340 511 112 35 4 0 6 46 110 173 457 230 2 0 30 403 466 102 19 4 0 0 
0 28 376 473 100 45 2 0 2 38 103 169 480 228 4 0 32 311 548 104 28 1 0 0 
0 31 375 471 109 35 3 0 2 35 65 125 534 258 5 0 25 343 493 136 25 2 0 0 
6 77 383 379 100 41 21 17 7 19 78 220 465 203 29 3 39 345 467 121 30 19 3 0 
50 192 276 208 146 85 42 25 230 155 118 189 225 81 23 3 223 291 251 131 84 40 4 0 
265 369 247 98 28 16 1 0 589 231 91 53 59 1 0 0 480 369 120 37 15 2 1 0 
392 353 150 74 38 15 2 0 690 200 75 39 16 4 0 0 561 296 89 42 24 12 0 0 
345 325 158 128 53 15 0 0 609 220 128 57 9 1 0 0 457 320 148 82 11 6 0 0 
36 28 107 316 331 183 23 0 51 32 119 270 430 114 8 0 52 114 251 309 250 47 1 0 
50 244 261 188 132 119 30 0 261 266 118 136 185 57 1 0 278 311 155 118 128 33 1 0 
117 168 185 141 145 171 94 3 300 202 146 141 171 60 4 0 291 236 141 113 140 94 8 1 
207 100 131 105 188 238 53 2 349 113 104 249 190 19 0 0 360 100 81 108 271 103 1 0 
189 218 145 151 152 127 39 3 403 155 111 176 146 33 0 0 326 200 161 132 132 69 4 0 
91 210 261 231 118 77 24 12 271 187 124 145 244 38 8 7 241 291 260 96 97 22 9 8 
1024 0 0 0 0 0 0 0 1024 0 0 0 0 0 0 0 1024 0 0 0 0 0 0 0 
1024 0 0 0 0 0 0 0 625 399 0 0 0 0 0 0 1020 4 0 0 0 0 0 0 
1016 8 0 0 0 0 0 0 202 822 0 0 0 0 0 0 1007 17 0 0 0 0 0 0 
515 462 45 2 0 0 0 0 217 312 377 118 0 0 0 0 506 427 91 0 0 0 0 0 
50 569 397 8 0 0 0 0 36 23 295 646 24 0 0 0 51 367 598 8 0 0 0 0 
133 383 403 102 3 0 0 0 125 20 281 431 166 1 0 0 136 364 421 101 2 0 0 0 
32 304 526 157 5 0 0 0 25 9 81 621 285 3 0 0 33 247 631 112 1 0 0 0 
345 345 308 25 1 0 0 0 391 176 132 308 17 0 0 0 397 396 222 9 0 0 0 0 
255 526 213 22 8 0 0 0 530 435 42 9 8 0 0 0 447 499 52 12 8 6 0 0 
158 434 254 119 44 15 0 0 289 426 163 95 35 16 0 0 162 474 186 111 70 21 0 0 
55 452 338 130 34 14 1 0 225 486 126 70 85 29 3 0 236 533 144 90 17 4 0 0 
60 235 340 309 80 0 0 0 44 309 173 126 166 204 2 0 168 353 212 215 75 1 0 0 
220 161 147 237 212 43 4 0 19 194 139 133 141 306 86 6 314 145 118 206 215 22 4 0 
84 111 80 302 339 106 2 0 44 105 69 67 164 427 147 1 191 172 186 194 185 95 1 0 
35 66 106 394 385 38 0 0 26 50 58 72 265 506 47 0 68 63 141 330 338 84 0 0 
57 136 194 261 232 123 20 1 97 105 101 153 208 229 127 4 145 161 182 221 194 110 11 0 
2 3 48 240 453 242 36 0 3 23 45 56 141 386 353 17 4 26 87 216 308 358 25 0 
1 19 134 309 405 118 31 7 34 164 341 283 94 105 3 0 26 203 421 283 64 26 1 0 
0 19 93 353 401 128 26 4 25 151 430 322 78 15 3 0 18 141 430 319 92 20 4 0 
1 28 170 342 318 130 34 1 51 227 371 256 102 16 1 0 35 201 389 262 109 26 2 0 
1 25 133 358 326 141 32 8 41 189 391 279 94 24 5 1 21 192 404 276 97 28 4 2 
39 173 263 276 192 57 21 3 223 305 293 149 40 14 0 0 178 335 309 148 42 11 1 0 
224 457 179 96 51 15 2 0 616 271 93 34 10 0 0 0 438 427 100 48 10 1 0 0 
391 526 88 18 1 0 0 0 763 224 35 2 0 0 0 0 552 405 59 8 0 0 0 0 
578 369 69 8 0 0 0 0 856 149 15 4 0 0 0 0 735 262 24 3 0 0 0 0 
279 386 262 71 21 5 0 0 562 330 103 23 6 0 0 0 465 416 111 26 6 0 0 0 
297 374 159 104 63 17 7 3 653 211 88 56 9 7 0 0 585 266 109 49 8 7 0 0 
215 434 213 102 50 9 1 0 604 263 96 36 23 1 1 0 526 355 97 28 15 3 0 0 
618 185 102 75 32 12 0 0 769 131 48 34 36 6 0 0 764 161 39 38 21 1 0 0 
903 93 25 3 0 0 0 0 916 49 48 10 1 0 0 0 926 79 17 2 0 0 0 0 
142 439 231 95 87 30 0 0 107 345 312 155 76 28 1 0 233 425 187 91 68 20 0 0 
202 294 196 129 134 67 2 0 379 196 175 117 82 70 5 0 337 301 165 122 80 18 1 0 
620 404 0 0 0 0 0 0 944 80 0 0 0 0 0 0 922 102 0 0 0 0 0 0 
548 449 23 4 0 0 0 0 817 200 7 0 0 0 0 0 810 207 7 0 0 0 0 0 
415 532 73 4 0 0 0 0 431 583 10 0 0 0 0 0 704 309 11 0 0 0 0 0 
423 434 151 16 0 0 0 0 676 308 37 3 0 0 0 0 659 322 39 4 0 0 0 0 
365 335 272 44 7 1 0 0 502 375 72 68 7 0 0 0 514 394 101 15 0 0 0 0 
381 336 221 71 14 1 0 0 592 340 77 13 2 0 0 0 553 370 84 15 2 0 0 0 
192 242 335 221 33 1 0 0 321 412 207 29 49 6 0 0 334 427 195 61 7 0 0 0 
13 193 549 239 29 1 0 0 127 609 259 27 2 0 0 0 120 621 255 26 2 0 0 0 
2 113 578 276 47 6 1 1 87 582 304 45 4 1 1 0 87 590 302 40 4 0 1 0 
0 67 506 376 65 8 2 0 63 523 372 57 6 3 0 0 66 517 375 57 6 3 0 0 
1 159 598 220 44 2 0 0 112 596 266 48 2 0 0 0 95 626 255 46 2 0 0 0 
23 246 401 292 51 5 6 0 70 407 192 80 248 26 1 0 108 445 256 195 13 6 1 0 
423 400 169 30 2 0 0 0 494 284 64 116 66 0 0 0 603 352 61 6 2 0 0 0 
495 462 56 11 0 0 0 0 453 445 107 10 7 2 0 0 720 295 9 0 0 0 0 0 
249 316 151 137 115 46 10 0 347 222 96 52 105 143 58 1 303 269 166 125 122 36 3 0 
351 281 223 93 53 21 2 0 448 225 137 133 24 36 21 0 464 302 161 42 40 14 1 0 
161 367 297 122 54 14 7 2 184 475 228 99 18 11 5 4 358 420 165 52 14 8 5 2 
0 31 254 407 242 72 14 4 43 314 409 195 48 11 4 0 38 289 435 195 53 10 4 0 
0 40 173 374 316 106 15 0 46 248 398 257 65 10 0 0 36 230 436 250 65 7 0 0 
0 61 283 353 223 67 25 12 82 310 365 180 56 22 7 2 62 313 373 184 59 22 8 3 
3 58 257 430 209 59 8 0 79 320 422 165 34 4 0 0 66 315 446 164 30 3 0 0 
9 134 347 338 147 44 5 0 156 394 338 112 23 1 0 0 128 415 346 114 20 1 0 0 
29 203 427 270 70 17 8 0 231 470 249 57 12 5 0 0 183 492 273 62 11 3 0 0 
259 399 257 89 17 3 0 0 556 359 86 18 5 0 0 0 394 504 98 22 4 2 0 0 
292 479 182 58 11 2 0 0 711 248 58 5 2 0 0 0 521 423 72 6 2 0 0 0 
381 352 176 89 26 0 0 0 646 282 78 17 1 0 0 0 587 333 82 21 1 0 0 0 
370 369 180 77 26 2 0 0 669 249 92 14 0 0 0 0 592 290 126 16 0 0 0 0 
447 264 138 105 58 12 0 0 713 177 100 28 6 0 0 0 652 215 122 30 5 0 0 0 
693 312 17 2 0 0 0 0 913 100 10 1 0 0 0 0 833 176 14 1 0 0 0 0 
713 229 71 11 0 0 0 0 857 143 20 4 0 0 0 0 810 184 25 5 0 0 0 0 
571 149 167 109 28 0 0 0 596 85 94 167 79 3 0 0 621 108 159 117 19 0 0 0 
386 243 192 118 46 25 10 4 530 170 148 90 53 30 3 0 597 205 144 42 23 9 4 0 
