209 287 227 130 88 43 20 20 110 305 256 141 111 52 29 20 356 291 144 126 51 33 20 3 
302 461 132 52 39 19 15 4 153 503 205 77 42 21 16 7 572 272 86 39 31 17 3 4 
198 454 250 77 21 15 8 1 86 395 340 130 44 15 10 4 514 321 126 36 13 9 5 0 
353 459 158 33 14 5 2 0 177 515 237 70 15 8 2 0 675 271 54 13 8 3 0 0 
419 497 101 5 1 1 0 0 271 541 198 11 2 1 0 0 776 227 17 3 1 0 0 0 
379 446 119 49 21 9 1 0 239 509 165 68 23 16 4 0 702 217 67 24 13 1 0 0 
360 457 162 40 5 0 0 0 183 490 265 68 14 4 0 0 659 298 59 6 2 0 0 0 
457 401 145 21 0 0 0 0 299 458 213 54 0 0 0 0 698 268 55 3 0 0 0 0 
487 419 98 18 2 0 0 0 349 488 155 29 3 0 0 0 793 194 35 2 0 0 0 0 
394 498 126 6 0 0 0 0 194 615 190 25 0 0 0 0 807 201 15 1 0 0 0 0 
803 190 31 0 0 0 0 0 737 237 49 1 0 0 0 0 942 74 8 0 0 0 0 0 
755 198 69 2 0 0 0 0 655 258 100 11 0 0 0 0 887 123 14 0 0 0 0 0 
836 165 16 5 2 0 0 0 808 187 22 5 2 0 0 0 931 79 10 3 1 0 0 0 
721 275 26 1 1 0 0 0 615 342 64 2 1 0 0 0 892 122 8 2 0 0 0 0 
828 187 9 0 0 0 0 0 724 272 28 0 0 0 0 0 939 84 1 0 0 0 0 0 
963 59 2 0 0 0 0 0 917 105 2 0 0 0 0 0 994 30 0 0 0 0 0 0 
967 56 1 0 0 0 0 0 939 84 1 0 0 0 0 0 1010 13 1 0 0 0 0 0 
822 193 9 0 0 0 0 0 735 269 20 0 0 0 0 0 936 88 0 0 0 0 0 0 
742 228 50 3 1 0 0 0 680 255 83 5 1 0 0 0 855 153 15 1 0 0 0 0 
978 45 1 0 0 0 0 0 912 111 1 0 0 0 0 0 1010 14 0 0 0 0 0 0 
975 48 1 0 0 0 0 0 967 56 1 0 0 0 0 0 1004 20 0 0 0 0 0 0 
981 43 0 0 0 0 0 0 942 82 0 0 0 0 0 0 1017 7 0 0 0 0 0 0 
1014 10 0 0 0 0 0 0 1011 13 0 0 0 0 0 0 1023 1 0 0 0 0 0 0 
972 42 9 1 0 0 0 0 975 40 9 0 0 0 0 0 1010 13 1 0 0 0 0 0 
861 93 46 23 1 0 0 0 861 108 47 8 0 0 0 0 980 44 0 0 0 0 0 0 
827 67 45 68 17 0 0 0 850 63 66 44 1 0 0 0 983 39 2 0 0 0 0 0 
787 31 48 112 45 1 0 0 801 33 82 99 9 0 0 0 995 24 5 0 0 0 0 0 
666 73 44 133 106 2 0 0 659 94 92 155 24 0 0 0 981 39 4 0 0 0 0 0 
627 88 49 143 117 0 0 0 623 107 102 172 20 0 0 0 976 48 0 0 0 0 0 0 
794 37 33 73 79 8 0 0 806 35 52 105 25 1 0 0 980 39 5 0 0 0 0 0 
680 63 29 90 155 7 0 0 615 140 51 168 50 0 0 0 953 64 6 1 0 0 0 0 
599 141 21 63 185 15 0 0 524 221 37 129 109 4 0 0 890 121 11 2 0 0 0 0 
550 380 59 23 9 1 2 0 401 480 95 31 12 3 0 2 777 183 35 18 9 0 2 0 
496 317 88 63 31 20 7 2 390 395 107 58 39 24 8 3 690 167 83 37 30 14 3 0 
625 265 69 36 14 12 3 0 520 352 73 46 17 11 5 0 812 118 56 18 11 9 0 0 
430 394 102 63 22 8 3 2 303 461 139 73 31 11 4 2 698 190 79 36 15 3 2 1 
644 328 44 7 1 0 0 0 514 430 69 8 3 0 0 0 840 163 16 5 0 0 0 0 
593 367 52 10 1 1 0 0 455 441 112 14 0 2 0 0 833 165 23 1 2 0 0 0 
588 378 40 8 2 6 2 0 431 477 96 9 3 6 2 0 850 149 13 4 4 4 0 0 
390 460 151 23 0 0 0 0 255 522 210 37 0 0 0 0 682 301 41 0 0 0 0 0 
638 339 38 7 1 1 0 0 574 393 44 11 1 1 0 0 863 142 15 3 1 0 0 0 
763 243 17 1 0 0 0 0 709 287 27 1 0 0 0 0 930 88 6 0 0 0 0 0 
688 311 24 1 0 0 0 0 575 403 44 2 0 0 0 0 944 77 3 0 0 0 0 0 
775 222 26 1 0 0 0 0 689 284 48 3 0 0 0 0 932 91 1 0 0 0 0 0 
746 225 53 0 0 0 0 0 632 312 78 2 0 0 0 0 912 108 4 0 0 0 0 0 
853 169 2 0 0 0 0 0 802 215 7 0 0 0 0 0 959 65 0 0 0 0 0 0 
621 293 85 7 12 6 0 0 554 302 138 21 9 0 0 0 842 170 12 0 0 0 0 0 
785 218 21 0 0 0 0 0 645 342 37 0 0 0 0 0 938 85 1 0 0 0 0 0 
686 141 54 40 63 36 3 1 650 200 49 55 58 10 2 0 905 99 16 3 1 0 0 0 
566 233 51 26 61 55 32 0 534 273 51 56 57 52 1 0 864 132 20 5 3 0 0 0 
436 248 69 49 82 109 31 0 412 273 91 90 112 45 1 0 817 175 26 6 0 0 0 0 
245 205 107 150 201 108 8 0 216 264 158 193 169 24 0 0 874 126 22 2 0 0 0 0 
312 76 90 110 188 187 59 2 344 88 105 181 230 70 6 0 935 81 8 0 0 0 0 0 
345 55 50 95 186 248 45 0 367 59 81 185 229 99 4 0 945 68 9 2 0 0 0 0 
217 73 100 150 197 223 63 1 234 108 153 201 238 88 2 0 926 84 13 1 0 0 0 0 
38 159 182 149 199 248 47 2 75 211 204 204 234 91 5 0 930 83 10 1 0 0 0 0 
14 161 201 169 208 239 32 0 32 205 242 221 265 57 2 0 920 94 10 0 0 0 0 0 
1 13 90 342 317 223 36 2 6 55 259 368 256 78 2 0 956 65 3 0 0 0 0 0 
17 72 101 259 406 159 10 0 30 110 167 441 245 29 2 0 938 69 11 6 0 0 0 0 
109 115 101 238 397 64 0 0 62 202 178 408 169 5 0 0 944 73 7 0 0 0 0 0 
186 170 149 249 247 23 0 0 188 219 193 335 87 2 0 0 934 85 4 1 0 0 0 0 
392 126 90 215 199 2 0 0 394 147 161 257 64 1 0 0 1004 20 0 0 0 0 0 0 
484 96 83 204 153 4 0 0 467 121 140 269 27 0 0 0 987 34 3 0 0 0 0 0 
606 81 90 156 91 0 0 0 594 118 107 178 27 0 0 0 1017 7 0 0 0 0 0 0 
606 282 82 33 13 7 1 0 483 378 103 33 18 7 2 0 770 156 57 28 9 4 0 0 
551 396 57 12 8 0 0 0 466 467 65 18 6 2 0 0 819 161 34 5 5 0 0 0 
472 412 87 35 10 3 3 2 371 455 134 40 15 4 2 3 733 219 43 18 5 3 1 2 
585 323 69 22 12 9 4 0 458 430 81 28 12 11 3 1 807 141 38 19 13 3 3 0 
428 366 170 49 9 2 0 0 309 404 218 72 19 2 0 0 724 213 66 19 2 0 0 0 
617 303 60 30 10 4 0 0 514 379 76 35 15 5 0 0 863 115 34 8 4 0 0 0 
611 327 42 16 9 8 11 0 442 482 61 13 13 11 2 0 857 139 16 9 3 0 0 0 
433 316 144 26 18 39 36 12 355 359 168 48 35 43 16 0 738 238 34 11 2 1 0 0 
444 238 115 51 38 64 59 15 382 283 112 90 67 67 22 1 736 214 63 10 1 0 0 0 
402 215 48 47 57 113 123 19 392 238 56 58 115 126 38 1 834 144 32 12 2 0 0 0 
420 66 45 48 66 183 145 51 439 69 47 65 145 191 61 7 846 130 40 6 1 1 0 0 
303 76 58 62 119 192 181 33 324 90 60 106 180 200 58 6 871 108 33 10 2 0 0 0 
247 95 41 36 91 198 238 78 263 95 36 82 191 249 103 5 817 148 40 15 4 0 0 0 
145 62 42 62 99 245 299 70 162 70 52 92 219 355 71 3 846 140 29 8 1 0 0 0 
57 64 40 53 131 287 317 75 75 63 66 136 270 307 102 5 832 154 30 6 2 0 0 0 
194 97 69 68 107 214 223 52 216 116 72 110 222 218 65 5 790 159 56 15 3 1 0 0 
93 170 113 103 105 211 186 43 114 199 116 120 205 195 69 6 753 197 56 15 1 2 0 0 
18 80 95 97 148 284 247 55 46 98 114 148 295 242 74 7 788 162 51 16 6 1 0 0 
26 138 126 129 195 226 162 22 33 170 146 189 248 188 49 1 775 189 49 11 0 0 0 0 
29 162 64 91 156 286 196 40 32 185 96 150 281 214 63 3 820 166 28 9 1 0 0 0 
77 345 90 99 129 200 78 6 46 359 160 135 180 127 17 0 758 240 23 3 0 0 0 0 
96 289 72 70 150 251 86 10 83 323 82 132 255 132 16 1 850 142 24 6 2 0 0 0 
176 383 69 60 104 167 62 3 71 506 80 89 182 88 8 0 837 172 14 1 0 0 0 0 
129 341 101 115 163 147 22 6 89 393 130 161 193 51 6 1 786 200 36 2 0 0 0 0 
279 497 68 60 69 44 7 0 114 675 74 75 65 19 2 0 826 185 10 3 0 0 0 0 
334 359 82 68 87 77 16 1 155 532 101 99 100 36 1 0 874 127 19 3 1 0 0 0 
699 193 51 33 37 10 1 0 576 317 58 45 27 1 0 0 954 67 3 0 0 0 0 0 
898 99 13 9 4 1 0 0 744 247 18 9 4 2 0 0 973 29 14 4 3 1 0 0 
907 94 5 13 2 3 0 0 858 139 8 12 4 2 1 0 965 38 12 5 3 1 0 0 
860 163 1 0 0 0 0 0 782 240 2 0 0 0 0 0 1007 17 0 0 0 0 0 0 
710 314 0 0 0 0 0 0 644 336 44 0 0 0 0 0 1012 12 0 0 0 0 0 0 
588 436 0 0 0 0 0 0 514 310 200 0 0 0 0 0 1013 11 0 0 0 0 0 0 
369 485 113 28 14 8 5 2 226 537 176 51 16 11 2 5 700 238 52 14 11 4 4 1 
571 363 61 19 9 0 1 0 465 415 107 24 11 1 1 0 834 147 30 7 5 1 0 0 
835 163 18 7 1 0 0 0 826 173 18 6 1 0 0 0 937 76 9 2 0 0 0 0 
352 338 67 25 37 72 85 48 299 393 71 41 64 110 44 2 785 190 40 7 2 0 0 0 
205 466 125 55 41 57 61 14 146 526 137 59 71 59 25 1 795 181 38 7 3 0 0 0 
64 195 111 96 147 168 127 116 37 213 145 162 181 125 98 63 711 224 69 13 6 1 0 0 
117 166 69 57 69 165 231 150 134 162 64 84 146 240 183 11 716 233 54 16 3 0 1 1 
3 18 22 35 71 210 388 277 7 25 29 58 192 324 353 36 771 210 39 4 0 0 0 0 
4 41 46 72 117 184 267 293 20 55 62 114 173 276 266 58 731 230 46 16 1 0 0 0 
14 53 96 91 134 199 232 205 26 85 104 121 191 243 203 51 694 224 79 22 4 1 0 0 
0 44 55 34 82 159 326 324 10 49 55 79 167 306 293 65 810 164 38 9 3 0 0 0 
57 282 109 48 67 125 226 110 43 270 141 76 125 214 135 20 691 254 64 13 2 0 0 0 
67 348 135 30 67 119 195 63 16 339 209 66 111 178 99 6 718 280 23 1 2 0 0 0 
83 463 98 51 59 124 94 52 34 490 139 67 126 110 45 13 717 230 52 13 8 4 0 0 
107 391 98 56 74 113 127 58 82 428 106 71 119 134 74 10 720 226 56 16 5 1 0 0 
175 372 111 65 99 104 77 21 109 438 126 81 120 124 25 1 761 207 44 11 1 0 0 0 
297 617 63 8 19 15 5 0 91 772 105 26 21 7 2 0 776 226 20 2 0 0 0 0 
397 424 87 36 37 37 6 0 206 603 103 51 46 12 3 0 769 200 42 11 2 0 0 0 
369 472 85 23 21 28 23 3 240 556 129 36 33 27 2 1 721 256 38 8 1 0 0 0 
366 444 137 42 14 17 4 0 240 562 147 42 14 18 1 0 576 196 95 95 53 7 2 0 
301 514 132 52 8 4 3 10 151 654 147 50 11 5 5 1 541 199 142 81 42 17 1 1 
350 374 169 56 20 10 14 31 227 512 169 59 20 20 15 2 435 229 185 113 43 16 2 1 
204 389 184 42 17 20 46 122 119 457 229 81 57 62 18 1 307 277 240 143 42 15 0 0 
196 357 201 71 38 30 36 95 143 381 244 114 64 52 24 2 316 229 255 160 48 12 3 1 
274 502 206 42 0 0 0 0 166 477 304 73 4 0 0 0 219 276 331 150 43 5 0 0 
693 288 40 3 0 0 0 0 519 438 62 5 0 0 0 0 796 125 74 24 4 1 0 0 
515 508 1 0 0 0 0 0 454 446 124 0 0 0 0 0 995 29 0 0 0 0 0 0 
318 663 22 12 5 3 1 0 246 311 442 13 5 6 1 0 997 23 3 1 0 0 0 0 
132 784 108 0 0 0 0 0 114 208 656 46 0 0 0 0 1023 1 0 0 0 0 0 0 
0 612 412 0 0 0 0 0 0 141 590 293 0 0 0 0 1024 0 0 0 0 0 0 0 
0 445 579 0 0 0 0 0 0 0 785 239 0 0 0 0 1024 0 0 0 0 0 0 0 
0 800 224 0 0 0 0 0 0 0 971 53 0 0 0 0 1024 0 0 0 0 0 0 0 
239 313 65 40 40 89 191 47 176 345 96 48 83 160 105 11 768 208 32 13 2 1 0 0 
7 31 51 49 109 271 355 151 13 36 60 88 250 354 186 37 792 178 37 12 3 2 0 0 
59 106 92 91 121 166 249 140 82 99 100 105 191 267 147 33 704 221 72 20 7 0 0 0 
0 5 26 34 60 200 374 325 0 14 29 49 218 325 310 79 847 154 20 3 0 0 0 0 
3 46 64 69 97 131 266 348 17 63 70 88 135 227 301 123 696 236 71 19 2 0 0 0 
16 162 122 48 62 116 258 240 6 134 177 58 123 208 254 64 736 219 56 9 3 0 1 0 
9 122 122 74 92 148 278 179 8 127 149 101 149 236 232 22 749 206 50 13 5 1 0 0 
16 139 123 78 79 176 267 146 11 144 142 97 177 277 138 38 765 195 43 17 4 0 0 0 
14 118 104 75 72 159 273 209 15 111 144 69 166 231 229 59 700 206 88 22 7 1 0 0 
93 395 187 66 58 106 76 43 31 378 248 95 102 103 52 15 664 273 62 16 6 1 2 0 
117 452 144 54 40 54 95 68 35 440 229 64 60 89 68 39 636 281 70 28 8 1 0 0 
179 599 135 28 19 24 32 8 53 595 252 45 25 38 14 2 656 320 43 5 0 0 0 0 
354 629 36 2 3 0 0 0 90 824 102 5 3 0 0 0 788 221 11 3 1 0 0 0 
418 487 70 37 12 0 0 0 171 695 103 36 17 2 0 0 728 176 44 34 30 8 3 1 
282 483 158 76 22 3 0 0 118 578 210 87 26 5 0 0 434 226 137 121 65 33 7 1 
334 294 260 100 33 3 0 0 214 342 285 130 48 5 0 0 332 182 179 180 108 34 6 3 
225 343 281 122 47 6 0 0 154 366 304 137 54 9 0 0 154 192 217 235 144 63 18 1 
129 288 298 152 58 29 17 53 98 300 319 147 84 42 22 12 127 168 244 242 140 69 31 3 
66 228 210 114 53 33 57 263 60 251 242 165 108 109 73 16 101 190 267 244 153 50 13 6 
27 158 160 73 20 50 97 439 27 179 208 133 118 180 151 28 70 167 292 290 161 36 7 1 
8 19 32 29 41 59 156 680 18 75 133 162 194 223 181 38 129 174 250 257 166 39 8 1 
1 1 19 22 32 73 175 701 13 89 130 150 206 255 161 20 159 190 230 260 163 19 3 0 
0 4 9 16 25 81 229 660 25 140 170 185 197 198 92 17 198 230 256 229 89 15 5 2 
22 91 101 84 63 110 200 353 47 212 275 191 151 100 41 7 236 257 239 191 75 21 4 1 
124 578 282 38 2 0 0 0 36 429 473 82 4 0 0 0 193 300 224 183 103 21 0 0 
84 809 126 3 2 0 0 0 32 291 644 53 3 1 0 0 896 97 30 1 0 0 0 0 
0 513 509 2 0 0 0 0 0 17 578 427 2 0 0 0 1023 1 0 0 0 0 0 0 
0 168 849 7 0 0 0 0 0 0 264 758 2 0 0 0 1022 2 0 0 0 0 0 0 
0 12 897 115 0 0 0 0 0 0 42 982 0 0 0 0 1024 0 0 0 0 0 0 0 
0 0 988 36 0 0 0 0 0 0 22 1000 2 0 0 0 1023 1 0 0 0 0 0 0 
0 11 1003 8 2 0 0 0 0 0 39 979 6 0 0 0 1016 6 2 0 0 0 0 0 
0 10 1012 2 0 0 0 0 0 0 94 930 0 0 0 0 1024 0 0 0 0 0 0 0 
2 47 76 59 176 278 352 34 0 43 93 118 265 415 89 1 886 121 17 0 0 0 0 0 
6 102 121 107 120 246 256 66 11 125 124 124 217 280 141 2 813 174 35 2 0 0 0 0 
5 33 71 73 92 150 421 179 5 39 79 101 143 315 330 12 802 185 32 4 1 0 0 0 
2 77 87 66 70 177 328 217 2 75 111 91 147 304 251 43 793 183 43 5 0 0 0 0 
16 320 165 64 87 117 159 96 4 196 297 83 129 156 136 23 741 218 51 13 1 0 0 0 
80 480 99 57 58 84 114 52 10 399 256 68 98 107 72 14 717 251 36 12 4 3 1 0 
63 366 101 49 62 128 161 94 22 310 203 74 114 164 120 17 696 257 63 7 1 0 0 0 
140 476 136 46 66 81 54 25 26 513 208 73 81 80 35 8 713 247 41 17 6 0 0 0 
230 711 72 11 0 0 0 0 52 713 234 21 4 0 0 0 721 272 28 3 0 0 0 0 
433 499 52 28 11 1 0 0 105 761 106 32 19 1 0 0 732 197 49 25 10 6 4 1 
246 538 147 58 26 9 0 0 94 610 211 70 27 12 0 0 435 194 88 140 101 38 22 6 
334 391 161 80 44 12 2 0 186 496 181 92 55 11 3 0 424 161 144 119 89 60 24 3 
210 405 251 94 40 23 1 0 121 420 256 141 62 20 4 0 229 212 200 214 90 47 24 8 
102 301 361 155 83 16 6 0 64 223 373 223 99 31 10 1 155 204 261 212 120 51 17 4 
46 223 398 218 92 29 11 7 24 169 353 273 135 48 16 6 144 218 244 221 111 63 21 2 
32 149 292 152 81 31 40 247 30 127 277 213 119 83 136 39 85 158 240 273 185 61 18 4 
5 71 119 101 53 56 111 508 15 115 190 157 159 185 170 33 80 140 204 288 210 72 23 7 
5 17 53 35 43 65 143 663 15 110 150 179 179 190 171 30 127 203 189 271 159 52 18 5 
0 0 5 3 16 50 168 782 8 55 93 149 206 209 236 68 87 175 222 273 229 34 2 2 
0 1 4 8 27 58 154 772 21 59 112 152 201 217 183 79 128 157 229 278 210 22 0 0 
0 0 3 27 34 42 139 779 11 49 141 159 167 196 196 105 146 218 186 243 203 28 0 0 
0 0 8 20 39 88 176 693 6 47 104 167 200 201 196 103 103 190 229 245 213 44 0 0 
0 0 2 13 23 69 186 731 13 79 109 148 194 212 193 76 150 186 232 274 165 17 0 0 
41 161 232 213 148 71 62 96 44 196 267 282 156 58 17 4 389 212 203 180 30 10 0 0 
92 630 296 6 0 0 0 0 11 299 461 252 1 0 0 0 909 105 10 0 0 0 0 0 
0 60 914 50 0 0 0 0 0 0 87 911 26 0 0 0 1024 0 0 0 0 0 0 0 
0 2 583 439 0 0 0 0 0 0 4 925 95 0 0 0 1013 11 0 0 0 0 0 0 
0 0 369 655 0 0 0 0 0 0 0 774 250 0 0 0 1019 5 0 0 0 0 0 0 
0 0 332 682 8 0 1 1 0 0 0 723 294 5 0 2 964 54 4 0 1 1 0 0 
0 0 738 286 0 0 0 0 0 0 0 873 151 0 0 0 1024 0 0 0 0 0 0 0 
0 0 1011 13 0 0 0 0 0 0 0 1010 14 0 0 0 1024 0 0 0 0 0 0 0 
0 0 990 34 0 0 0 0 0 0 1 1023 0 0 0 0 1024 0 0 0 0 0 0 0 
32 280 115 71 113 147 219 47 12 261 159 93 155 197 132 15 819 160 40 5 0 0 0 0 
13 174 113 122 164 164 205 69 4 159 166 163 199 215 109 9 829 164 27 4 0 0 0 0 
35 326 77 56 99 214 179 38 3 346 104 67 209 236 53 6 817 187 15 3 2 0 0 0 
119 647 79 46 55 68 10 0 13 645 184 62 70 45 5 0 773 232 18 1 0 0 0 0 
140 669 112 25 22 17 18 21 45 551 309 46 22 20 18 13 621 333 43 22 5 0 0 0 
193 704 39 12 5 22 36 13 26 711 199 10 9 40 18 11 711 280 17 10 2 3 0 1 
259 634 96 23 12 0 0 0 66 734 173 35 16 0 0 0 614 247 52 55 38 10 8 0 
293 552 94 57 22 6 0 0 68 707 147 62 32 8 0 0 456 125 102 172 104 43 21 1 
207 432 228 97 50 9 1 0 65 425 308 143 62 18 3 0 243 174 184 203 127 57 27 9 
131 361 318 140 54 18 2 0 45 232 369 239 96 33 10 0 155 229 224 230 124 47 12 3 
85 357 362 149 56 14 1 0 42 232 389 247 87 26 1 0 97 128 233 283 174 83 22 4 
69 367 329 158 68 27 6 0 28 201 384 267 88 43 12 1 144 223 226 172 127 87 30 15 
67 273 292 158 83 37 23 91 42 226 332 175 114 67 42 26 102 135 212 223 183 91 56 22 
24 126 204 97 62 44 85 382 29 148 230 188 153 142 114 20 76 171 223 232 179 84 37 22 
16 58 124 77 61 46 124 518 17 92 200 188 192 168 135 32 88 181 216 247 177 75 30 10 
0 0 3 13 25 46 146 791 22 101 192 146 137 193 176 57 137 254 199 216 172 37 8 1 
0 0 1 14 30 55 129 795 8 81 145 169 180 205 179 57 155 207 223 244 175 20 0 0 
0 0 2 4 15 39 146 818 5 57 128 203 213 218 171 29 104 200 274 285 154 7 0 0 
0 0 5 14 31 61 171 742 16 111 243 172 144 189 126 23 164 306 202 227 113 12 0 0 
0 0 1 7 21 57 134 804 8 75 136 159 204 218 175 49 123 209 222 262 175 33 0 0 
0 0 2 5 10 42 159 806 8 107 231 206 169 164 113 26 178 287 239 207 99 14 0 0 
0 0 8 19 17 46 159 775 2 88 172 192 190 195 153 32 145 232 260 256 122 9 0 0 
0 7 44 75 79 80 152 587 12 72 162 190 147 179 186 76 181 190 199 223 163 63 5 0 
32 285 236 134 131 86 44 76 17 149 321 226 170 93 31 17 445 158 160 130 99 29 3 0 
0 157 715 152 0 0 0 0 0 0 199 711 114 0 0 0 1024 0 0 0 0 0 0 0 
0 0 361 652 11 0 0 0 0 0 2 672 350 0 0 0 1023 1 0 0 0 0 0 0 
0 2 102 879 41 0 0 0 0 0 4 388 630 2 0 0 1000 24 0 0 0 0 0 0 
0 0 47 970 7 0 0 0 0 0 0 194 830 0 0 0 988 36 0 0 0 0 0 0 
0 0 121 880 23 0 0 0 0 0 0 249 775 0 0 0 911 113 0 0 0 0 0 0 
0 0 270 754 0 0 0 0 0 0 0 353 671 0 0 0 1023 1 0 0 0 0 0 0 
0 0 285 734 3 2 0 0 0 0 0 514 507 2 1 0 1014 8 2 0 0 0 0 0 
0 0 367 657 0 0 0 0 0 0 0 710 314 0 0 0 1018 6 0 0 0 0 0 0 
61 629 52 31 53 130 47 21 3 555 191 38 132 78 26 1 670 334 15 4 1 0 0 0 
270 641 41 26 33 12 1 0 93 762 100 35 29 5 0 0 795 225 3 1 0 0 0 0 
401 593 25 4 1 0 0 0 16 931 68 7 2 0 0 0 770 246 8 0 0 0 0 0 
320 646 43 11 2 1 1 0 58 880 63 17 4 0 2 0 798 146 33 25 18 4 0 0 
422 491 78 19 14 0 0 0 132 731 112 33 15 1 0 0 601 170 118 75 41 15 4 0 
259 494 162 66 26 11 6 0 62 576 242 81 40 15 7 1 336 177 178 189 90 36 16 2 
178 422 241 123 48 10 2 0 68 386 321 154 70 21 3 1 106 175 262 265 149 47 18 2 
73 415 309 150 59 17 1 0 24 247 407 211 92 41 2 0 75 153 234 260 176 84 34 8 
74 315 347 187 70 26 5 0 22 176 377 272 115 52 6 4 123 173 218 236 174 69 24 7 
82 268 315 196 103 50 8 2 26 216 306 240 132 83 17 4 85 189 226 224 153 83 47 17 
69 244 326 232 94 50 9 0 37 182 293 280 150 60 19 3 101 135 218 239 195 84 40 12 
18 75 142 116 54 57 108 454 18 119 198 171 160 180 137 41 48 164 218 271 189 78 37 19 
0 4 13 17 19 34 120 817 19 88 149 180 175 177 168 68 131 236 207 221 158 58 11 2 
0 0 0 1 7 38 149 829 12 145 202 148 138 163 176 40 165 276 193 205 148 37 0 0 
0 1 8 32 48 89 138 708 10 94 156 220 176 175 153 40 132 245 210 230 159 37 9 2 
0 0 3 2 12 51 130 826 11 106 190 156 187 141 159 74 143 228 230 198 185 40 0 0 
0 0 4 11 19 47 118 825 2 28 87 140 176 205 282 104 78 169 202 257 267 50 1 0 
0 0 1 17 16 49 131 810 6 38 112 166 163 218 215 106 98 202 231 254 201 38 0 0 
0 0 3 22 27 89 113 770 1 62 151 177 183 184 184 82 109 224 217 239 172 60 3 0 
0 3 10 26 61 106 128 690 10 65 148 211 205 182 154 49 154 231 234 224 135 40 6 0 
0 0 2 5 8 45 109 855 14 45 154 192 177 175 174 93 113 226 218 230 194 42 1 0 
0 0 5 11 35 67 166 740 17 132 205 160 137 172 142 59 202 244 206 213 118 41 0 0 
0 0 0 9 18 45 143 809 6 82 164 161 173 201 167 70 124 243 228 232 148 49 0 0 
13 47 230 106 59 52 138 379 17 126 265 293 115 106 67 35 512 179 138 115 65 14 1 0 
0 8 196 577 31 16 29 167 0 14 59 355 529 29 28 10 879 63 40 34 8 0 0 0 
0 0 1 950 73 0 0 0 0 0 0 36 988 0 0 0 1013 11 0 0 0 0 0 0 
0 0 1 824 199 0 0 0 0 0 0 16 1004 4 0 0 962 62 0 0 0 0 0 0 
0 0 0 698 326 0 0 0 0 0 0 33 943 48 0 0 769 255 0 0 0 0 0 0 
0 0 0 764 251 3 3 3 0 0 0 20 974 23 4 3 728 282 5 4 2 2 1 0 
0 0 3 901 120 0 0 0 0 0 0 69 946 9 0 0 942 82 0 0 0 0 0 0 
0 0 48 961 15 0 0 0 0 0 1 193 825 5 0 0 1008 16 0 0 0 0 0 0 
0 0 122 902 0 0 0 0 0 0 0 385 639 0 0 0 1023 1 0 0 0 0 0 0 
820 196 6 2 0 0 0 0 203 813 6 2 0 0 0 0 990 22 2 5 4 1 0 0 
597 355 47 15 10 0 0 0 201 735 52 21 15 0 0 0 762 95 46 59 44 17 1 0 
520 397 73 29 5 0 0 0 120 746 112 33 12 1 0 0 574 227 117 51 22 25 6 2 
234 393 210 112 46 24 5 0 121 441 272 120 49 14 7 0 268 190 147 191 157 59 10 2 
124 407 312 134 40 6 1 0 68 352 344 178 70 11 1 0 48 124 261 273 212 73 31 2 
60 396 368 150 42 8 0 0 24 288 428 197 73 12 2 0 35 98 235 319 221 86 23 7 
54 296 355 214 80 20 4 1 23 231 350 254 124 30 9 3 33 104 186 295 228 108 54 16 
44 303 425 174 66 11 0 1 25 236 412 219 107 22 2 1 19 80 176 306 277 115 42 9 
53 268 369 222 83 24 3 2 36 213 337 276 122 33 4 3 58 81 208 315 225 90 31 16 
30 175 325 193 105 39 50 107 24 190 305 201 148 85 61 10 51 85 161 270 242 135 60 20 
9 31 74 34 53 57 133 633 15 146 241 166 160 181 106 9 191 242 196 180 134 53 12 16 
1 27 89 65 55 75 117 595 26 157 179 197 170 147 141 7 108 175 210 277 142 73 32 7 
0 3 13 19 26 42 127 794 25 105 190 189 172 200 123 20 175 227 248 217 115 32 8 2 
0 8 14 32 59 77 142 692 44 122 120 160 159 202 166 51 174 214 223 222 145 37 9 0 
8 25 50 77 84 73 117 590 14 56 105 155 212 230 201 51 133 186 260 258 128 54 5 0 
1 0 16 28 51 73 162 693 31 86 150 207 181 172 157 40 180 233 215 209 154 32 1 0 
6 28 53 89 67 75 156 550 34 126 294 199 155 124 83 9 293 298 178 164 74 16 1 0 
0 1 5 23 29 67 132 767 12 36 98 169 201 237 222 49 119 189 256 291 157 11 1 0 
0 0 13 35 51 43 86 796 3 37 152 178 168 234 217 35 117 217 226 284 150 30 0 0 
0 0 10 40 53 82 143 696 12 101 220 213 195 142 103 38 215 258 242 176 92 41 0 0 
0 0 4 19 26 50 144 781 3 69 264 230 200 141 89 28 138 304 260 212 93 17 0 0 
1 4 13 39 53 78 138 698 15 109 166 184 164 193 149 44 217 243 198 219 127 20 0 0 
1 0 17 24 34 45 142 761 11 128 237 199 142 150 122 35 228 305 200 170 88 33 0 0 
6 18 92 85 60 68 109 586 14 92 239 246 132 148 123 30 336 254 165 156 100 12 1 0 
0 0 6 197 108 54 101 558 2 10 65 207 354 201 145 40 353 184 175 212 91 9 0 0 
0 0 0 232 665 39 31 57 0 2 5 17 538 436 20 6 781 176 31 22 14 0 0 0 
0 0 0 56 690 278 0 0 0 0 0 0 304 633 87 0 485 527 12 0 0 0 0 0 
0 0 0 67 658 293 6 0 0 0 0 2 266 675 81 0 244 747 33 0 0 0 0 0 
0 0 0 172 696 156 0 0 0 0 0 0 368 618 38 0 285 715 24 0 0 0 0 0 
0 0 0 124 774 126 0 0 0 0 0 0 420 552 52 0 460 552 12 0 0 0 0 0 
0 0 2 382 601 39 0 0 0 0 0 12 656 345 11 0 749 273 2 0 0 0 0 0 
0 0 0 781 243 0 0 0 0 0 0 28 920 76 0 0 955 69 0 0 0 0 0 0 
447 338 149 56 28 5 1 0 303 391 211 69 41 8 1 0 344 100 183 182 118 62 29 6 
84 634 194 85 24 2 1 0 39 535 294 105 45 5 1 0 26 93 199 350 237 73 33 13 
79 629 263 44 9 0 0 0 15 326 529 131 23 0 0 0 174 254 219 195 139 27 14 2 
60 472 353 110 29 0 0 0 9 259 456 229 58 13 0 0 100 166 219 273 180 67 17 2 
50 487 360 102 21 3 1 0 10 296 481 180 50 6 1 0 40 106 197 359 228 71 22 1 
79 453 346 107 33 5 1 0 19 231 482 211 61 18 2 0 188 203 218 230 123 40 20 2 
48 276 436 176 61 26 1 0 14 172 383 300 111 37 6 1 87 178 321 276 105 42 13 2 
63 306 318 213 86 29 8 1 21 246 336 243 120 42 14 2 110 173 230 242 142 82 29 16 
25 137 211 148 81 63 64 295 25 207 265 205 106 92 95 29 89 150 205 266 188 79 35 12 
0 3 5 21 33 58 139 765 28 167 244 149 126 158 139 13 262 255 163 171 149 19 4 1 
0 3 20 39 24 60 137 741 21 108 171 202 189 188 123 22 171 236 252 237 107 14 3 4 
12 46 67 97 80 94 138 490 45 185 200 198 166 153 59 18 233 276 218 186 82 29 0 0 
1 10 27 35 59 79 171 642 28 163 231 228 174 126 65 9 294 284 213 151 68 12 2 0 
0 0 1 4 9 23 105 882 6 150 259 174 201 150 68 16 163 300 261 186 101 13 0 0 
0 0 1 3 10 30 89 891 8 90 178 186 224 210 121 7 116 246 282 293 81 6 0 0 
0 5 13 41 44 57 166 698 22 117 207 205 187 168 103 15 206 256 239 204 101 16 2 0 
0 2 10 44 61 65 137 705 5 34 133 187 203 218 178 66 104 180 234 256 157 73 20 0 
0 0 6 13 35 70 108 792 12 191 210 205 171 142 86 7 232 295 236 175 78 8 0 0 
1 10 33 64 125 118 110 563 15 165 208 222 186 169 46 13 223 327 250 177 36 11 0 0 
0 2 13 26 17 27 167 772 16 198 252 190 169 133 64 2 225 317 249 187 39 7 0 0 
0 0 0 3 11 48 136 826 7 38 148 207 218 232 141 33 84 229 263 304 130 14 0 0 
0 0 11 55 52 52 121 733 3 94 200 249 207 159 98 14 213 298 235 174 84 18 2 0 
1 1 2 11 18 62 149 780 10 158 186 199 184 163 105 19 166 249 268 228 101 12 0 0 
0 0 3 7 6 34 140 834 14 74 187 215 200 214 113 7 161 271 291 230 60 11 0 0 
0 0 0 4 9 42 145 824 4 102 157 156 236 236 122 11 153 239 273 274 79 6 0 0 
0 0 0 31 473 194 77 249 0 17 31 57 167 640 101 11 382 464 105 59 14 0 0 0 
0 0 0 22 656 344 2 0 0 0 0 4 87 882 51 0 480 508 36 0 0 0 0 0 
0 0 0 32 675 316 1 0 0 0 0 0 124 822 78 0 346 639 39 0 0 0 0 0 
0 0 0 4 566 453 1 0 0 0 0 0 36 888 100 0 128 867 29 0 0 0 0 0 
0 0 0 1 575 443 5 0 0 0 0 0 19 819 186 0 176 819 29 0 0 0 0 0 
0 0 0 4 568 451 1 0 0 0 0 0 8 770 246 0 173 838 13 0 0 0 0 0 
0 0 3 6 755 259 1 0 0 0 0 5 30 912 77 0 267 750 7 0 0 0 0 0 
53 540 284 92 42 13 0 0 15 384 403 147 56 17 2 0 5 58 163 294 345 106 40 13 
65 479 362 85 28 5 0 0 11 234 501 203 56 18 1 0 114 225 232 249 142 48 12 2 
95 461 293 131 38 5 1 0 18 286 408 205 90 12 4 1 183 196 192 189 165 68 24 7 
164 555 211 63 29 2 0 0 62 504 335 84 33 5 1 0 142 235 199 203 144 63 35 3 
220 487 203 73 32 6 3 0 65 452 342 108 38 14 5 0 250 248 153 184 118 50 14 7 
129 398 317 96 59 23 2 0 62 359 384 122 62 31 4 0 165 157 160 215 164 97 43 23 
81 340 331 140 90 39 3 0 54 354 347 140 86 38 5 0 62 102 138 240 214 146 85 37 
34 172 227 124 64 40 65 298 41 230 216 164 117 103 114 39 84 137 133 245 218 111 67 29 
14 74 132 80 43 34 75 572 24 113 148 162 126 199 200 52 90 177 226 289 176 45 19 2 
2 38 79 93 46 38 81 647 23 137 184 210 168 134 119 49 193 271 226 169 101 52 11 1 
0 1 4 14 5 25 93 882 12 77 168 182 160 185 169 71 127 242 208 239 171 37 0 0 
1 2 3 14 13 16 104 871 5 76 135 173 186 222 185 42 129 254 251 260 114 13 3 0 
0 0 2 2 5 26 102 887 4 40 124 183 223 226 197 27 108 249 276 253 116 21 1 0 
0 4 15 12 20 24 142 807 27 181 151 199 181 176 99 10 164 284 230 254 77 15 0 0 
1 9 25 118 120 95 153 503 32 108 180 246 170 157 106 25 203 262 218 204 100 37 0 0 
0 2 7 9 18 33 110 845 24 142 253 194 141 142 100 28 197 333 221 156 96 20 1 0 
1 1 3 6 17 41 126 829 18 135 160 180 235 215 75 6 167 225 306 240 80 6 0 0 
0 8 30 62 139 105 129 551 38 141 174 267 180 116 88 20 191 262 273 142 108 44 4 0 
0 0 2 5 12 56 161 788 13 93 180 224 186 224 98 6 130 278 286 253 71 6 0 0 
1 6 28 85 112 125 137 530 15 79 167 225 220 189 114 15 228 205 248 201 109 33 0 0 
0 0 0 4 15 38 123 844 5 203 174 180 202 164 88 8 174 317 279 187 58 9 0 0 
0 0 1 5 18 41 133 826 23 95 119 160 187 250 175 15 119 213 213 326 138 15 0 0 
0 0 0 1 18 36 124 845 5 45 149 233 246 237 105 4 83 270 344 265 60 2 0 0 
0 0 2 11 37 42 179 753 25 191 217 199 172 167 47 6 210 314 227 187 75 11 0 0 
0 1 18 29 52 77 203 644 2 150 197 188 196 162 98 31 239 265 230 187 75 27 1 0 
0 0 0 5 78 53 131 757 1 68 195 202 248 251 59 0 252 339 229 175 28 1 0 0 
0 0 0 46 405 184 77 312 0 1 40 83 274 511 110 5 343 373 141 126 40 1 0 0 
0 0 0 188 756 80 0 0 0 0 0 17 592 409 6 0 635 383 6 0 0 0 0 0 
0 0 0 98 819 107 0 0 0 0 0 4 393 620 7 0 468 526 30 0 0 0 0 0 
0 0 0 66 890 68 0 0 0 0 0 0 260 746 18 0 562 444 18 0 0 0 0 0 
0 0 0 42 904 78 0 0 0 0 0 0 111 891 22 0 390 632 2 0 0 0 0 0 
0 0 0 15 926 83 0 0 0 0 0 0 80 907 37 0 264 749 11 0 0 0 0 0 
28 438 413 92 40 5 7 1 4 227 467 237 59 21 5 4 65 156 234 309 189 54 16 1 
70 497 321 107 23 5 1 0 4 266 482 188 70 10 3 1 93 176 208 304 168 52 21 2 
103 456 306 111 35 9 2 2 27 319 381 192 82 14 7 2 128 170 265 281 133 32 14 1 
132 476 268 103 27 17 1 0 21 363 398 162 58 19 3 0 182 206 227 202 127 52 20 8 
129 362 312 132 49 28 10 2 63 317 319 190 88 32 10 5 140 202 212 223 121 69 35 22 
67 312 396 134 70 31 8 6 38 278 422 147 87 36 11 5 118 119 211 204 222 94 34 22 
53 162 210 116 81 59 70 273 50 187 218 143 131 143 109 43 81 130 215 268 168 86 53 23 
2 15 29 23 29 45 123 758 17 126 180 187 160 237 97 20 190 238 238 251 78 24 4 1 
2 29 67 49 36 52 111 678 33 173 214 162 121 167 123 31 222 234 171 190 136 56 12 3 
0 0 0 1 9 29 89 896 5 94 203 190 179 175 148 30 168 262 247 216 115 16 0 0 
0 2 23 49 59 61 88 742 4 54 137 213 224 192 169 31 157 253 252 226 107 20 9 0 
0 5 34 59 83 157 184 502 11 186 225 134 150 187 108 23 218 268 154 229 133 21 1 0 
1 13 57 91 109 140 157 456 38 299 305 192 106 42 35 7 413 300 182 92 31 6 0 0 
8 41 37 39 68 105 166 560 63 253 163 140 157 146 93 9 227 292 209 184 95 17 0 0 
0 1 21 45 32 55 132 738 16 120 274 247 164 114 77 12 183 283 286 172 85 14 1 0 
0 2 34 69 122 102 89 606 10 107 218 240 214 128 95 12 158 281 253 211 108 13 0 0 
10 20 23 48 56 80 102 685 16 77 110 200 262 204 141 14 143 229 278 274 93 7 0 0 
0 0 3 31 27 35 103 825 6 122 124 156 211 222 179 4 132 225 239 331 91 6 0 0 
0 14 52 57 37 40 105 719 16 80 172 188 133 204 176 55 149 235 199 217 175 49 0 0 
0 2 8 10 18 37 142 807 19 102 160 204 175 202 135 27 144 241 246 227 136 30 0 0 
0 4 17 29 72 105 222 575 51 212 201 170 132 137 98 23 268 241 214 210 71 18 2 0 
0 2 27 71 43 51 114 716 21 143 267 238 174 133 46 2 287 296 229 161 50 1 0 0 
4 24 70 136 131 115 141 403 15 136 195 235 194 131 96 22 195 247 216 199 114 52 1 0 
0 0 0 0 2 18 91 913 0 48 136 237 244 246 105 8 117 266 285 277 74 4 1 0 
0 0 1 3 10 42 211 757 18 147 119 164 193 234 137 12 208 180 254 252 110 19 1 0 
0 1 25 234 81 61 188 434 2 182 195 250 289 82 20 4 576 213 155 65 15 0 0 0 
0 1 30 75 63 74 190 591 12 299 205 193 177 89 42 7 427 288 135 105 49 20 0 0 
0 0 11 165 298 43 112 395 0 15 110 206 475 181 33 4 393 328 170 118 14 1 0 0 
0 0 8 382 600 34 0 0 0 0 6 107 726 185 0 0 494 514 16 0 0 0 0 0 
0 0 0 235 727 62 0 0 0 0 0 15 549 453 7 0 501 489 34 0 0 0 0 0 
0 0 2 297 670 55 0 0 0 0 0 9 496 511 8 0 538 477 9 0 0 0 0 0 
0 0 0 150 849 25 0 0 0 0 0 2 502 515 5 0 445 576 3 0 0 0 0 0 
104 437 303 104 51 12 10 3 15 221 443 213 87 26 9 10 158 218 221 187 133 70 24 13 
53 380 327 170 64 27 3 0 12 257 379 225 96 39 16 0 31 76 203 234 232 126 88 34 
86 422 306 142 53 15 0 0 32 305 350 224 79 31 3 0 102 138 184 222 208 99 52 19 
111 355 342 137 57 17 4 1 35 259 359 237 94 32 6 2 183 162 183 199 167 89 34 7 
92 299 284 186 104 39 16 4 40 280 296 190 143 60 11 4 126 139 199 206 181 94 53 26 
23 77 97 82 63 50 100 532 19 52 175 206 205 270 87 10 151 203 238 280 97 32 19 4 
0 7 19 11 22 46 184 735 34 225 222 167 160 159 52 5 280 277 246 182 26 6 6 1 
9 32 48 61 35 43 90 706 28 201 181 203 143 128 114 26 246 303 189 170 67 36 13 0 
25 100 169 163 92 58 99 318 34 129 226 219 145 111 90 70 334 216 146 130 97 67 34 0 
0 3 18 67 65 49 118 704 22 125 198 236 153 157 109 24 243 317 222 170 59 13 0 0 
2 19 79 107 57 46 122 592 4 199 247 246 158 111 56 3 394 282 160 136 45 7 0 0 
0 0 2 1 2 19 73 927 9 164 208 184 176 168 101 14 172 319 255 181 65 32 0 0 
0 5 42 73 37 99 168 600 10 216 208 183 162 120 106 19 204 334 191 174 97 18 6 0 
0 2 14 20 67 62 99 760 12 66 88 185 242 197 194 40 77 180 258 294 176 38 1 0 
1 23 79 86 68 86 101 580 27 120 160 191 150 145 156 75 196 178 266 187 140 46 11 0 
0 2 8 22 17 40 88 847 2 34 158 168 212 295 136 19 82 219 244 294 170 15 0 0 
0 0 0 13 47 36 107 821 13 56 150 230 220 222 119 14 79 254 307 244 125 15 0 0 
0 0 0 8 31 50 90 845 4 50 165 190 236 249 112 18 89 285 278 250 106 16 0 0 
0 0 0 5 10 43 108 858 13 114 156 200 193 199 127 22 123 259 236 266 110 26 4 0 
2 27 80 87 78 130 193 427 55 222 240 168 145 110 67 17 320 265 175 160 81 23 0 0 
0 4 34 26 19 38 82 821 10 134 175 166 165 189 168 17 200 232 207 250 119 13 3 0 
0 0 4 9 4 34 131 842 10 134 147 174 163 185 184 27 171 253 212 285 94 9 0 0 
2 25 31 79 55 40 77 715 11 52 202 206 215 181 136 21 178 276 245 223 91 11 0 0 
0 1 13 53 58 64 136 699 14 143 180 215 185 158 101 28 244 277 223 156 83 40 1 0 
0 13 68 80 44 75 139 605 16 174 252 204 166 163 46 3 265 319 204 180 53 3 0 0 
0 1 57 114 79 76 117 580 5 55 175 282 265 141 84 17 304 290 217 138 61 14 0 0 
0 1 72 386 173 73 100 219 1 46 115 286 398 122 49 7 611 207 89 86 29 2 0 0 
0 0 16 109 187 109 176 427 8 203 191 204 293 108 17 0 349 431 179 60 4 1 0 0 
0 0 3 110 283 42 76 510 0 3 69 143 398 278 118 15 251 337 190 207 34 5 0 0 
0 0 10 321 474 43 36 140 0 1 10 121 544 260 66 22 476 367 68 69 36 8 0 0 
0 2 26 559 434 3 0 0 0 2 9 113 749 151 0 0 726 292 6 0 0 0 0 0 
0 0 22 652 347 3 0 0 0 0 1 85 835 103 0 0 789 232 3 0 0 0 0 0 
95 459 322 118 23 7 0 0 5 183 407 305 101 19 4 0 332 255 178 144 74 20 18 3 
156 551 228 57 28 4 0 0 53 456 365 91 44 14 1 0 93 192 232 228 206 45 21 7 
196 393 244 102 56 19 7 7 86 370 303 144 70 31 10 10 259 171 164 190 138 52 38 12 
157 445 270 84 56 8 4 0 94 438 314 99 54 21 2 2 176 179 189 195 194 60 25 6 
64 238 241 115 52 23 87 204 56 289 280 147 114 84 47 7 89 201 228 199 157 74 49 27 
1 1 4 3 17 32 133 833 8 130 174 171 239 205 95 2 187 236 259 269 62 11 0 0 
17 101 191 126 107 99 85 298 61 181 250 151 133 123 101 24 296 257 178 173 83 31 6 0 
0 0 1 1 6 41 161 814 0 28 133 177 235 237 197 17 80 203 277 347 110 7 0 0 
0 9 24 82 52 70 167 620 7 57 127 209 214 195 164 51 123 281 254 178 116 55 17 0 
9 43 86 99 42 64 150 531 27 306 291 172 105 79 35 9 477 288 152 71 26 8 2 0 
57 160 118 126 92 61 74 336 94 159 153 192 187 113 85 41 366 192 172 167 73 48 6 0 
4 42 104 211 210 108 102 243 49 144 228 256 167 72 76 32 346 256 205 105 71 36 5 0 
0 5 10 28 38 48 116 779 25 32 143 210 204 235 154 21 134 229 283 262 100 16 0 0 
0 8 83 75 101 92 100 565 24 186 202 180 135 102 138 57 219 241 218 148 134 59 5 0 
2 4 8 7 9 15 107 872 17 165 304 173 106 137 110 12 281 321 174 179 62 6 1 0 
3 12 29 78 94 127 102 579 27 118 219 218 206 144 65 27 210 248 247 200 88 31 0 0 
0 2 20 58 51 50 85 758 12 205 390 213 115 63 23 3 323 397 179 99 25 1 0 0 
0 1 7 11 36 52 192 725 51 268 174 169 152 95 94 21 343 271 185 132 79 14 0 0 
0 2 7 30 21 35 87 842 4 23 108 207 223 289 152 18 90 212 322 277 99 23 1 0 
0 4 9 11 11 52 118 819 12 149 219 188 170 168 103 15 178 303 218 215 90 20 0 0 
1 4 59 104 70 70 110 606 13 195 212 239 152 156 53 4 271 261 240 202 45 5 0 0 
0 15 132 119 104 97 100 457 29 129 285 220 158 117 67 19 297 248 234 154 67 22 2 0 
5 12 62 122 192 132 132 367 16 108 204 239 230 186 37 4 211 245 265 197 92 13 1 0 
0 3 9 17 26 61 88 820 1 37 134 232 270 265 85 0 122 301 305 234 56 6 0 0 
5 31 62 68 103 112 106 537 36 75 183 168 240 237 76 9 181 244 275 242 66 14 2 0 
0 2 23 43 57 56 110 733 32 189 252 200 148 115 74 14 348 278 186 138 50 19 5 0 
0 11 238 360 180 50 41 144 0 57 194 261 394 73 21 24 679 181 68 52 27 17 0 0 
0 2 67 147 152 117 209 330 22 180 136 209 265 122 80 10 378 274 164 125 65 18 0 0 
0 0 0 0 12 43 112 857 23 129 163 191 199 203 114 2 229 281 226 249 39 0 0 0 
0 2 80 471 176 40 87 168 3 30 102 515 297 47 29 1 606 258 103 49 7 1 0 0 
0 1 102 751 168 2 0 0 0 0 52 422 540 10 0 0 780 240 4 0 0 0 0 0 
0 1 73 619 263 25 35 8 0 0 31 236 680 52 23 2 672 283 18 26 25 0 0 0 
111 451 272 121 59 9 1 0 29 343 331 188 103 25 5 0 110 111 140 240 212 107 72 32 
115 475 286 101 29 15 3 0 24 315 345 231 75 22 12 0 268 206 204 184 103 37 18 4 
103 388 334 125 56 17 1 0 33 293 367 200 84 40 6 1 150 165 215 261 149 61 21 2 
55 265 241 129 64 45 90 135 41 232 250 206 131 109 50 5 221 173 215 223 118 52 12 10 
2 25 32 9 9 23 151 773 7 71 160 187 189 311 88 11 123 225 260 269 106 24 15 2 
0 1 9 7 37 60 204 706 21 254 223 217 174 90 39 6 237 363 221 134 58 11 0 0 
0 0 1 11 9 33 115 855 26 115 155 216 189 213 108 2 181 270 266 271 33 3 0 0 
0 0 13 32 73 95 139 672 100 297 190 157 137 80 54 9 352 291 199 125 33 24 0 0 
0 0 0 0 1 15 90 918 2 188 209 138 157 183 140 7 194 298 214 261 55 2 0 0 
0 0 0 1 0 16 74 933 6 25 99 229 208 274 176 7 100 245 303 317 55 4 0 0 
0 0 0 0 2 7 51 964 1 54 111 177 232 290 140 19 83 221 296 306 105 13 0 0 
0 0 11 35 33 35 98 812 3 69 271 255 194 168 62 2 177 321 265 191 62 8 0 0 
0 0 0 0 2 8 53 961 0 23 171 191 233 291 108 7 85 303 304 289 42 1 0 0 
0 0 0 0 8 22 81 913 10 197 313 142 123 141 88 10 256 382 162 168 49 7 0 0 
0 6 63 217 117 111 166 344 42 260 329 204 129 46 11 3 485 309 131 69 23 5 2 0 
1 8 23 43 36 80 142 691 47 121 263 209 145 122 95 22 181 353 238 142 89 21 0 0 
0 1 15 74 55 25 58 796 5 36 147 232 184 209 180 31 131 293 217 234 135 12 2 0 
44 63 86 86 68 46 78 553 85 226 296 163 118 71 49 16 430 263 151 83 61 34 2 0 
0 5 51 61 67 69 131 640 11 292 257 191 98 99 65 11 285 359 166 133 65 13 3 0 
20 32 43 82 147 112 118 470 49 97 145 199 251 156 89 38 203 172 295 219 104 29 2 0 
0 5 6 7 18 13 63 912 9 89 244 165 165 229 98 25 161 292 226 236 72 35 2 0 
0 0 0 2 4 3 49 966 1 32 120 186 212 267 201 5 192 224 230 330 44 4 0 0 
0 7 90 159 208 108 75 377 2 35 181 345 268 116 69 8 125 209 348 228 98 13 3 0 
0 0 12 19 34 49 130 780 6 198 206 149 161 173 123 8 237 239 215 245 81 7 0 0 
0 13 60 57 39 81 207 567 8 164 209 196 225 165 56 1 247 258 255 224 39 1 0 0 
0 0 1 16 41 77 235 654 59 409 229 168 95 48 14 2 503 301 131 63 23 3 0 0 
0 11 137 230 168 92 123 263 5 85 186 341 244 127 34 2 209 237 367 154 53 4 0 0 
0 0 3 29 16 45 115 816 14 160 197 216 200 182 46 9 319 259 235 151 49 10 1 0 
0 3 56 103 57 60 161 584 22 237 147 252 158 125 72 11 492 194 164 135 38 1 0 0 
0 2 130 632 140 30 59 31 2 48 40 376 526 22 10 0 857 144 15 8 0 0 0 0 
0 0 89 740 171 12 3 9 0 0 30 476 492 17 4 5 752 246 17 4 5 0 0 0 
0 5 196 704 116 3 0 0 0 0 36 536 436 16 0 0 763 258 3 0 0 0 0 0 
76 605 240 66 28 5 3 1 16 359 446 142 42 14 2 3 125 187 237 261 130 55 26 3 
186 497 215 82 29 15 0 0 49 368 380 139 66 18 4 0 354 223 148 102 96 50 39 12 
139 434 309 89 45 8 0 0 80 456 285 131 55 17 0 0 144 167 198 244 147 63 45 16 
60 298 311 103 38 44 59 111 50 343 319 138 75 55 31 13 173 228 236 219 98 49 19 2 
9 33 18 16 18 23 129 778 32 190 241 190 142 141 77 11 319 264 206 177 42 14 2 0 
2 21 59 148 61 82 181 470 23 179 278 286 100 95 54 9 248 384 202 81 84 24 1 0 
2 35 146 108 75 104 260 294 14 287 249 166 122 117 63 6 388 269 144 101 87 34 1 0 
55 146 337 222 119 99 33 13 78 159 333 250 101 69 26 8 550 241 103 68 35 23 4 0 
13 34 51 56 54 71 112 633 55 110 119 116 196 240 171 17 211 176 205 300 109 22 1 0 
1 20 55 59 72 68 196 553 32 208 248 213 152 105 57 9 293 365 205 113 34 13 1 0 
42 37 125 104 70 78 141 427 101 364 274 129 82 54 17 3 475 311 125 73 36 4 0 0 
4 16 228 226 143 104 75 228 32 201 440 199 110 29 12 1 516 274 129 68 27 9 1 0 
24 69 84 120 95 50 117 465 98 319 227 172 98 59 41 10 431 267 150 84 56 31 5 0 
0 0 10 35 51 66 97 765 8 234 262 179 113 91 83 54 256 348 165 121 74 59 1 0 
0 1 11 31 14 24 83 860 12 110 188 224 146 166 114 64 125 327 208 218 86 47 13 0 
0 0 0 3 15 36 88 882 17 122 170 149 174 208 154 30 135 231 203 242 158 53 2 0 
0 0 0 1 2 18 64 939 10 112 169 212 209 265 47 0 162 330 284 231 17 0 0 0 
26 112 249 218 144 63 70 142 70 221 265 250 120 59 28 11 474 240 166 81 41 21 1 0 
0 11 49 124 79 23 58 680 6 47 164 271 186 187 127 36 145 231 261 246 119 20 2 0 
0 0 0 1 1 14 54 954 1 107 126 144 197 244 196 9 184 202 262 282 94 0 0 0 
0 0 18 94 51 38 69 754 0 77 264 246 143 181 95 18 239 309 171 184 73 40 8 0 
0 8 68 101 111 76 138 522 14 351 350 171 100 27 9 2 386 350 176 90 15 7 0 0 
16 25 24 119 206 97 101 436 37 36 137 326 268 162 57 1 114 251 343 294 21 1 0 0 
0 0 1 45 30 62 178 708 66 232 215 214 167 100 29 1 329 288 243 149 13 2 0 0 
13 38 110 155 106 92 202 308 97 272 354 189 73 20 16 3 496 326 120 56 23 3 0 0 
2 9 22 70 69 38 92 722 9 82 244 304 209 141 28 7 231 304 304 145 33 7 0 0 
13 57 37 38 49 41 91 698 40 124 257 261 188 130 23 1 233 344 301 125 19 2 0 0 
6 62 249 133 114 116 126 218 41 254 325 220 106 74 4 0 554 207 94 116 52 1 0 0 
0 9 189 239 41 54 118 374 10 80 190 378 163 144 43 16 529 161 138 139 52 5 0 0 
0 0 4 43 29 53 171 724 3 20 107 253 299 272 70 0 256 266 327 161 13 1 0 0 
0 2 43 160 55 35 157 572 0 5 77 276 279 227 135 25 279 185 198 246 106 10 0 0 
0 11 231 639 117 10 11 5 0 2 88 525 374 30 4 1 746 252 17 7 2 0 0 0 
403 457 119 25 16 3 1 0 164 489 260 82 17 9 2 1 673 227 78 32 10 4 0 0 
103 562 288 52 13 5 1 0 47 449 396 99 24 7 2 0 109 220 222 239 151 69 13 1 
133 426 219 60 31 19 39 97 120 433 216 119 84 37 12 3 264 328 196 161 43 18 13 1 
2 17 14 7 6 12 62 904 10 86 196 237 207 193 93 2 194 324 257 213 26 9 1 0 
3 27 48 54 121 150 283 338 67 281 236 133 90 120 79 18 414 219 154 128 74 31 4 0 
0 1 43 70 50 155 262 443 98 176 184 209 171 155 30 1 312 283 174 170 76 9 0 0 
3 13 36 28 18 30 109 787 7 55 158 159 215 205 175 50 113 219 297 267 117 11 0 0 
52 54 185 90 19 12 37 575 69 82 263 218 127 146 99 20 311 256 208 174 59 15 1 0 
0 10 56 74 41 36 63 744 5 89 193 243 197 208 74 15 168 221 258 227 121 27 2 0 
0 0 0 0 2 11 41 970 1 122 221 185 184 225 85 1 192 307 210 259 50 6 0 0 
29 83 60 121 113 79 82 457 71 87 189 224 219 166 59 9 226 209 271 180 110 27 1 0 
1 32 73 137 196 106 91 388 17 55 186 336 200 150 67 13 161 253 286 180 116 23 5 0 
0 6 18 35 43 87 96 739 3 23 178 250 254 246 68 2 151 230 324 262 55 2 0 0 
5 25 11 9 4 32 112 826 45 139 247 227 161 164 37 4 293 311 247 137 30 6 0 0 
0 11 56 147 136 94 131 449 18 99 277 299 186 102 35 8 282 323 227 124 50 17 1 0 
0 0 0 0 0 9 58 957 8 118 227 184 254 201 32 0 175 267 260 289 33 0 0 0 
0 5 62 129 101 52 65 610 8 195 286 265 170 72 26 2 334 306 256 88 38 2 0 0 
60 154 274 373 92 25 21 25 86 185 342 319 51 31 7 3 462 373 128 37 20 3 1 0 
0 3 31 42 26 20 102 800 1 118 275 235 198 142 46 9 225 268 269 207 46 9 0 0 
0 0 3 3 8 47 110 853 31 259 175 198 156 137 60 8 315 322 211 128 44 4 0 0 
0 0 5 27 17 49 105 821 36 223 248 198 158 120 33 8 284 317 224 154 38 7 0 0 
8 22 85 101 97 39 68 604 12 83 197 208 223 208 90 3 175 215 250 307 65 12 0 0 
0 0 5 15 56 58 131 759 34 210 248 213 152 124 41 2 281 306 242 143 47 5 0 0 
19 27 53 88 146 197 138 356 36 122 151 218 237 216 41 3 206 229 252 257 78 2 0 0 
1 15 90 174 156 110 66 412 4 35 187 266 207 230 74 21 125 264 259 245 99 28 4 0 
0 0 3 3 5 16 118 879 18 155 123 150 187 307 81 3 185 211 258 332 36 2 0 0 
10 37 48 76 53 69 208 523 37 151 216 231 204 136 42 7 199 276 269 188 77 12 3 0 
3 9 29 78 105 125 168 507 23 91 157 288 241 173 41 10 221 209 271 215 96 12 0 0 
0 5 18 10 25 67 198 701 32 218 206 269 179 94 25 1 320 280 265 119 34 6 0 0 
0 1 19 27 32 74 267 604 91 301 227 155 106 118 26 0 487 238 149 139 10 1 0 0 
0 0 0 0 1 19 246 758 75 311 227 204 84 80 43 0 513 240 171 91 9 0 0 0 
0 4 31 189 85 37 174 504 0 92 215 249 323 106 28 11 398 288 197 117 22 2 0 0 
134 402 295 156 36 1 0 0 38 253 325 267 132 9 0 0 280 269 183 133 87 42 22 8 
142 487 252 86 30 9 9 9 28 407 351 156 54 25 2 1 303 311 195 114 48 32 20 1 
93 170 150 76 49 32 86 368 52 170 151 209 124 225 86 7 248 268 192 171 67 59 14 5 
2 38 91 50 22 49 207 565 22 216 235 181 126 141 88 15 165 206 206 254 127 48 14 4 
5 18 51 42 39 62 102 705 15 107 190 264 198 205 45 0 162 344 324 170 21 3 0 0 
1 12 129 51 26 35 173 597 53 217 299 158 144 103 39 11 355 312 172 115 46 22 2 0 
0 2 28 31 24 56 220 663 51 208 177 160 175 202 47 4 253 243 291 187 46 4 0 0 
0 0 2 29 60 85 194 654 39 376 228 164 129 58 25 5 460 274 153 100 25 12 0 0 
0 1 4 22 104 95 119 679 31 148 152 218 253 154 49 19 144 274 328 209 51 16 2 0 
0 0 50 45 85 186 215 443 26 356 189 135 177 120 17 4 383 249 161 178 48 4 1 0 
0 2 2 11 33 51 160 765 25 133 191 263 212 154 44 2 191 378 264 143 41 7 0 0 
0 2 2 2 9 18 74 917 9 70 160 244 187 223 125 6 243 255 236 222 63 4 1 0 
1 26 196 165 66 79 107 384 85 224 454 145 81 27 8 0 508 307 124 66 17 2 0 0 
0 18 44 60 28 38 118 718 28 496 294 127 50 25 4 0 444 402 119 50 9 0 0 0 
10 61 123 85 207 232 120 186 29 120 198 198 264 176 34 5 206 145 248 267 136 19 3 0 
0 12 112 200 91 92 177 340 78 430 360 102 18 27 9 0 556 363 61 24 15 5 0 0 
5 91 289 126 77 49 52 335 53 229 363 105 111 99 52 12 555 133 105 90 108 29 4 0 
31 32 27 14 8 24 105 783 52 123 204 154 206 224 57 4 280 233 279 170 47 14 1 0 
1 3 24 41 54 66 155 680 29 119 140 189 214 219 94 20 167 299 290 174 64 28 2 0 
5 44 40 34 17 52 94 738 43 232 208 167 147 140 70 17 332 224 231 152 60 25 0 0 
0 0 0 22 41 54 122 785 36 313 257 225 149 42 2 0 306 360 263 84 10 1 0 0 
0 0 0 0 7 32 189 796 32 256 175 195 204 143 18 1 334 301 238 135 16 0 0 0 
3 75 117 62 120 148 128 371 76 352 228 154 129 73 11 1 447 234 183 129 28 3 0 0 
28 65 55 64 100 39 94 579 25 124 206 208 229 134 85 13 285 260 216 163 78 20 2 0 
0 0 9 56 75 36 82 766 0 38 169 234 253 183 103 44 158 247 290 199 85 39 6 0 
0 1 8 25 41 76 108 765 18 67 165 206 218 219 106 25 108 212 261 281 127 35 0 0 
44 67 71 64 43 49 90 596 85 126 233 190 167 154 68 1 263 276 221 188 62 13 1 0 
23 46 76 73 49 41 113 603 52 140 197 226 205 149 55 0 229 288 258 180 66 3 0 0 
1 18 52 45 108 131 162 507 22 127 159 224 261 182 49 0 174 217 202 261 157 13 0 0 
0 39 288 119 184 153 96 145 26 56 226 272 168 167 92 17 466 93 61 159 187 46 12 0 
1 18 144 99 64 125 230 343 134 153 231 260 100 105 40 1 648 172 129 54 17 4 0 0 
0 0 0 0 0 25 242 757 3 83 181 257 245 230 25 0 146 336 344 183 15 0 0 0 
117 523 291 68 22 3 0 0 54 424 370 133 36 6 1 0 155 211 150 204 206 55 34 9 
134 384 218 96 56 23 52 61 75 444 211 141 80 59 13 1 246 159 104 148 197 105 47 18 
0 0 0 0 0 3 358 663 65 315 216 185 109 118 16 0 340 345 215 121 3 0 0 0 
59 117 142 59 36 34 196 381 94 320 234 227 100 46 3 0 436 246 216 109 14 3 0 0 
15 41 82 139 95 101 266 285 170 326 238 206 44 22 15 3 496 306 166 33 13 9 1 0 
16 29 64 116 46 37 59 657 35 126 203 239 174 138 72 37 272 216 241 145 123 23 4 0 
0 0 20 29 12 21 99 843 13 141 244 205 173 199 39 10 364 213 219 158 62 8 0 0 
5 73 115 96 164 115 89 367 32 148 168 187 237 167 70 15 247 190 225 208 115 34 5 0 
0 0 0 0 2 9 81 932 0 28 216 262 233 222 61 2 94 222 354 252 99 3 0 0 
0 26 132 117 139 116 108 386 14 91 221 247 231 158 54 8 207 208 238 244 105 21 1 0 
0 8 13 24 35 40 74 830 8 49 133 179 319 244 79 13 95 377 255 184 90 20 3 0 
0 0 0 0 3 15 61 945 3 105 205 194 191 224 99 3 116 289 277 273 60 9 0 0 
12 94 306 80 14 16 75 427 33 197 353 133 141 125 38 4 448 198 193 113 51 20 1 0 
2 27 156 374 253 60 16 136 10 70 267 420 186 38 30 3 212 246 388 138 28 12 0 0 
1 19 96 154 161 98 100 395 3 35 178 290 215 184 99 20 126 253 285 193 101 54 12 0 
17 47 101 110 52 40 50 607 35 59 224 291 185 140 67 23 241 245 201 173 119 43 2 0 
2 3 31 30 14 12 33 899 1 60 322 236 171 192 35 7 160 385 251 186 33 9 0 0 
0 0 10 17 15 25 107 850 12 89 208 278 220 150 55 12 231 290 214 187 86 16 0 0 
0 0 0 0 1 7 69 947 2 117 196 250 202 177 76 4 240 289 267 189 39 0 0 0 
0 4 23 61 87 52 126 671 35 146 163 271 162 150 81 16 327 251 222 129 75 19 1 0 
0 10 237 306 110 68 148 145 20 180 481 268 56 8 3 8 276 462 235 36 6 8 1 0 
0 0 0 9 18 35 338 624 151 357 204 108 121 81 2 0 446 302 194 78 4 0 0 0 
22 50 335 261 59 48 53 196 58 106 335 295 87 89 40 14 320 365 177 98 45 18 1 0 
5 71 149 182 50 57 119 391 33 222 250 238 128 108 26 19 379 303 186 111 33 12 0 0 
0 2 5 12 11 60 222 712 36 423 237 143 110 60 15 0 486 271 179 71 15 2 0 0 
0 47 125 117 55 87 169 424 35 350 324 218 76 12 8 1 405 422 155 30 9 2 1 0 
1 28 48 21 31 33 290 572 73 393 199 148 168 39 4 0 240 387 255 132 8 2 0 0 
9 35 39 33 108 74 125 601 31 80 317 249 222 99 18 8 188 324 261 202 41 8 0 0 
0 0 0 4 4 17 118 881 0 26 155 175 299 335 34 0 59 234 347 351 33 0 0 0 
0 2 36 62 50 39 225 610 74 195 255 230 122 112 36 0 424 300 153 95 44 8 0 0 
0 0 3 11 20 106 192 692 57 138 235 197 209 177 11 0 433 214 240 128 9 0 0 0 
0 3 8 34 75 165 331 408 244 345 214 110 88 23 0 0 619 234 138 33 0 0 0 0 
174 478 273 77 15 6 0 1 54 393 374 156 33 11 2 1 252 205 178 180 147 40 16 6 
134 362 240 70 18 43 77 80 80 314 351 146 63 49 14 7 272 193 208 248 84 17 2 0 
67 298 202 80 56 87 200 34 108 439 286 111 51 26 3 0 239 260 261 130 75 43 12 4 
29 178 280 156 92 102 96 91 78 289 343 155 86 49 17 7 261 181 208 164 119 65 22 4 
13 109 238 155 107 44 105 253 23 146 304 229 210 84 23 5 358 263 227 134 37 5 0 0 
23 24 35 42 19 36 254 591 77 223 187 229 177 91 30 10 366 269 214 119 40 15 1 0 
5 5 3 35 49 182 417 328 175 494 213 78 46 18 0 0 576 298 120 30 0 0 0 0 
1 13 121 117 131 83 156 402 52 174 297 280 153 49 16 3 340 299 236 104 36 8 1 0 
0 0 0 1 2 23 249 749 33 368 165 121 129 156 49 3 446 218 187 153 18 2 0 0 
0 0 0 18 22 33 157 794 12 144 180 184 208 207 89 0 177 260 317 220 47 3 0 0 
0 0 0 0 1 9 40 974 0 72 186 189 266 215 95 1 170 325 312 205 12 0 0 0 
0 0 11 25 22 53 156 757 19 198 249 156 149 144 88 21 376 226 168 135 81 32 6 0 
0 0 0 3 10 31 138 842 15 142 200 160 254 213 40 0 263 247 322 164 28 0 0 0 
1 4 17 51 58 89 174 630 74 207 271 204 161 71 31 5 306 301 217 130 48 22 0 0 
0 0 0 0 2 13 69 940 9 75 204 158 225 273 74 6 162 177 224 326 118 17 0 0 
11 45 15 10 9 12 70 852 39 290 254 172 140 108 21 0 403 276 142 124 74 5 0 0 
4 13 19 41 45 55 237 610 79 454 257 128 62 40 4 0 405 394 155 60 10 0 0 0 
9 47 89 108 298 176 119 178 41 213 173 231 289 66 8 3 297 227 326 144 25 3 2 0 
127 66 185 56 44 65 115 366 176 484 275 53 13 15 8 0 794 154 41 15 14 6 0 0 
1 37 184 236 54 63 143 306 52 223 269 400 56 13 10 1 390 462 125 34 9 4 0 0 
61 276 298 331 53 4 1 0 85 249 355 293 42 0 0 0 472 290 232 28 2 0 0 0 
83 95 151 235 224 136 82 18 172 208 194 281 139 29 1 0 424 203 264 109 22 2 0 0 
0 67 208 153 71 51 86 388 2 270 249 210 153 118 19 3 405 242 194 132 44 7 0 0 
0 2 6 18 27 56 295 620 109 235 196 161 157 108 49 9 469 166 210 132 41 6 0 0 
130 163 170 137 154 105 106 59 158 206 263 251 121 25 0 0 487 285 136 107 9 0 0 0 
6 141 345 179 104 126 78 45 79 226 475 147 71 22 4 0 612 223 117 54 17 1 0 0 
9 60 72 47 43 79 195 519 67 309 246 240 110 38 11 3 335 336 197 129 20 6 1 0 
26 74 60 35 54 38 151 586 102 312 199 191 144 46 27 3 469 247 164 96 35 11 2 0 
18 15 22 42 21 84 304 518 134 310 198 160 136 64 22 0 463 248 213 88 12 0 0 0 
5 83 208 290 122 106 172 38 148 142 255 347 109 21 2 0 417 221 282 92 11 1 0 0 
9 167 174 134 141 221 161 17 158 156 379 145 117 64 5 0 570 191 135 92 36 0 0 0 
2 207 288 427 87 13 0 0 9 45 359 428 156 27 0 0 416 132 409 52 15 0 0 0 
95 363 214 98 43 38 118 55 19 281 311 206 119 76 12 0 214 223 212 168 80 73 47 7 
0 1 2 6 9 11 284 711 0 59 199 206 222 321 17 0 171 285 340 214 14 0 0 0 
16 58 64 36 14 29 145 662 16 144 227 167 248 162 58 2 231 257 267 157 87 21 4 0 
12 80 151 55 40 76 270 340 47 318 260 218 107 47 22 5 328 223 245 131 66 21 10 0 
0 0 0 0 8 49 150 817 31 140 246 270 209 117 10 1 229 321 254 190 27 3 0 0 
10 4 2 1 5 14 162 826 13 319 239 223 169 56 5 0 353 302 253 102 13 1 0 0 
11 59 262 187 90 29 87 299 11 131 411 191 145 116 19 0 353 269 189 153 54 6 0 0 
1 33 126 105 24 27 72 636 14 51 269 218 188 197 81 6 299 272 269 147 35 1 1 0 
12 48 200 225 122 150 168 99 42 149 289 268 114 103 56 3 399 234 172 119 82 18 0 0 
1 2 4 29 62 158 308 460 86 255 244 138 144 88 58 11 254 404 172 113 53 26 2 0 
0 3 32 56 39 52 173 669 31 459 210 100 100 103 21 0 575 165 122 111 45 6 0 0 
3 7 18 71 95 63 175 592 65 236 164 190 211 111 41 6 348 206 194 184 65 27 0 0 
0 0 0 1 4 45 344 630 153 321 193 140 105 81 31 0 478 260 137 121 26 2 0 0 
0 31 117 79 63 45 119 570 19 132 210 185 224 185 54 15 273 168 249 237 76 21 0 0 
1 44 71 54 164 149 274 267 108 365 118 149 198 77 9 0 515 154 214 127 13 1 0 0 
23 96 262 310 98 54 112 69 47 260 444 245 28 0 0 0 376 446 190 12 0 0 0 0 
49 230 454 145 91 28 6 21 53 202 466 188 78 22 9 6 659 196 107 38 14 4 6 0 
38 107 121 60 63 46 115 474 60 206 217 210 151 106 67 7 271 336 207 116 79 15 0 0 
64 95 215 90 51 63 89 357 75 120 372 195 147 94 20 1 520 215 158 104 25 2 0 0 
15 154 379 267 131 70 8 0 7 107 399 278 162 60 11 0 412 291 176 111 33 1 0 0 
125 313 145 113 195 65 33 35 116 315 169 172 199 39 14 0 454 168 232 140 21 9 0 0 
42 20 32 33 123 127 282 365 82 121 163 228 309 114 6 1 370 200 292 146 16 0 0 0 
85 92 36 92 235 177 167 140 93 163 150 243 309 65 1 0 308 194 297 201 24 0 0 0 
0 6 375 151 98 144 194 56 129 223 387 216 53 13 3 0 504 418 79 21 2 0 0 0 
18 78 209 166 91 133 206 123 125 273 345 232 49 0 0 0 413 442 144 23 2 0 0 0 
47 288 360 263 65 1 0 0 27 172 403 321 101 0 0 0 471 360 183 10 0 0 0 0 
74 189 195 162 127 82 129 66 167 317 285 153 102 0 0 0 488 318 201 17 0 0 0 0 
32 211 216 167 287 58 45 8 20 227 226 212 304 35 0 0 344 228 181 271 0 0 0 0 
74 362 245 198 64 50 26 5 80 327 338 217 56 6 0 0 540 291 165 23 5 0 0 0 
7 126 365 372 151 3 0 0 2 65 336 359 243 19 0 0 262 273 332 148 9 0 0 0 
3 213 338 111 276 82 1 0 1 86 424 131 208 172 2 0 114 336 196 241 136 1 0 0 
9 471 310 86 92 50 6 0 3 78 593 161 94 80 15 0 373 408 86 103 51 3 0 0 
190 497 132 40 27 16 35 87 166 533 152 55 49 42 26 1 150 152 224 276 149 51 15 7 
2 22 20 16 28 52 211 673 33 165 216 251 152 117 74 16 205 288 255 139 114 23 0 0 
0 0 0 3 18 97 381 525 61 338 146 136 187 143 13 0 438 170 199 183 30 4 0 0 
164 253 141 66 67 129 73 131 307 331 185 96 70 27 8 0 593 157 109 114 40 9 2 0 
96 253 197 76 80 139 118 65 210 427 207 106 42 22 9 1 563 243 147 54 16 0 1 0 
1 9 83 134 219 148 287 143 125 232 139 195 216 80 28 9 347 219 256 153 36 12 1 0 
14 36 76 45 44 51 164 594 29 87 196 185 256 198 68 5 182 242 270 211 106 11 2 0 
0 1 3 3 9 26 182 800 20 345 235 203 120 89 12 0 380 320 232 83 9 0 0 0 
16 84 387 170 30 32 115 190 7 142 465 226 98 58 26 2 334 459 145 59 22 5 0 0 
0 0 0 1 0 17 186 820 33 177 320 208 126 122 37 1 450 315 142 79 37 1 0 0 
64 18 49 76 64 49 166 538 82 72 205 273 177 159 54 2 230 311 250 170 58 5 0 0 
58 194 436 240 68 24 4 0 68 212 458 240 41 5 0 0 487 408 104 20 5 0 0 0 
0 33 221 259 78 99 50 284 44 168 342 227 105 85 45 8 353 327 114 138 65 26 1 0 
0 0 0 0 1 7 176 840 0 436 305 142 86 52 3 0 469 350 141 61 3 0 0 0 
3 57 132 132 98 102 156 344 42 188 240 246 210 85 7 6 333 235 208 181 57 10 0 0 
14 45 106 100 54 33 77 595 36 256 250 198 135 94 41 14 452 221 179 124 32 14 2 0 
5 106 375 114 74 35 47 268 4 204 402 156 129 71 51 7 435 249 143 127 61 9 0 0 
1 8 47 98 159 114 242 355 245 276 127 203 101 49 22 1 522 166 179 123 26 8 0 0 
0 52 207 130 107 136 196 196 75 213 300 305 115 16 0 0 398 391 186 44 5 0 0 0 
143 169 429 152 124 5 1 1 103 186 354 238 126 16 0 1 475 344 129 73 2 1 0 0 
0 4 23 95 94 100 294 414 38 196 194 228 238 108 17 5 233 275 314 151 40 11 0 0 
0 0 4 24 58 135 317 486 189 158 176 222 176 93 8 2 441 266 209 91 9 7 1 0 
36 93 41 34 113 130 171 406 204 159 84 287 271 19 0 0 348 98 324 238 16 0 0 0 
7 111 304 59 15 13 51 464 20 104 425 271 131 48 24 1 235 312 287 133 39 17 1 0 
26 409 332 113 112 30 1 1 11 190 539 137 98 47 1 1 673 119 122 91 17 2 0 0 
13 336 352 210 107 6 0 0 2 203 409 267 119 24 0 0 462 278 199 85 0 0 0 0 
144 171 187 172 265 80 4 1 140 129 187 171 268 119 9 1 288 229 180 266 56 4 1 0 
72 338 442 120 48 4 0 0 55 221 418 269 55 6 0 0 492 341 151 39 1 0 0 0 
446 411 87 33 45 2 0 0 44 785 108 25 48 14 0 0 795 141 32 41 15 0 0 0 
75 137 247 508 54 3 0 0 39 79 174 541 179 12 0 0 218 172 548 76 10 0 0 0 
27 197 236 364 195 5 0 0 13 96 297 306 288 24 0 0 259 256 163 329 17 0 0 0 
21 325 332 264 79 3 0 0 1 100 414 303 188 18 0 0 484 257 185 97 1 0 0 0 
514 444 51 4 4 3 1 3 278 613 108 19 3 1 2 0 865 147 8 1 2 1 0 0 
4 15 17 13 17 32 276 650 7 104 174 234 245 214 34 12 197 236 264 255 53 16 3 0 
0 0 0 3 7 58 470 486 85 304 195 215 116 100 9 0 462 265 175 120 2 0 0 0 
34 158 152 86 39 41 115 399 21 165 237 157 299 123 21 1 298 172 168 257 114 14 1 0 
6 18 161 257 75 25 48 434 6 47 213 394 245 101 18 0 123 227 394 209 59 11 1 0 
0 0 0 0 2 29 201 792 24 237 248 229 179 74 32 1 234 410 247 87 39 7 0 0 
0 0 0 0 10 57 179 778 118 263 205 151 153 115 18 1 397 255 165 162 40 5 0 0 
6 11 11 31 70 180 243 472 175 238 176 192 145 81 15 2 406 224 218 125 40 11 0 0 
50 107 272 388 137 11 18 41 59 81 300 471 74 27 10 2 208 400 356 34 18 8 0 0 
6 86 129 111 84 137 346 125 144 272 303 214 69 21 1 0 475 340 165 39 5 0 0 0 
3 21 42 137 195 215 305 106 177 288 150 266 114 23 6 0 423 220 277 88 12 4 0 0 
79 148 300 332 133 32 0 0 75 151 269 378 110 41 0 0 370 341 206 97 10 0 0 0 
2 57 169 387 349 59 1 0 2 54 232 381 295 60 0 0 134 287 385 207 11 0 0 0 
8 103 324 272 178 57 58 24 21 171 409 275 136 12 0 0 389 322 262 51 0 0 0 0 
33 233 230 296 78 37 66 51 43 257 284 326 85 19 9 1 403 392 174 35 16 4 0 0 
0 10 14 14 75 305 309 297 383 249 161 125 83 18 5 0 669 179 131 33 10 2 0 0 
12 99 154 63 148 139 260 149 165 286 230 159 146 33 3 2 481 277 112 134 16 3 1 0 
3 129 128 231 481 51 1 0 10 110 142 349 403 10 0 0 188 103 357 370 6 0 0 0 
113 137 359 363 52 0 0 0 104 83 334 466 37 0 0 0 363 321 287 53 0 0 0 0 
151 271 86 158 350 8 0 0 127 284 89 130 378 16 0 0 380 148 327 165 4 0 0 0 
33 129 128 93 178 160 253 50 248 208 222 144 199 3 0 0 547 175 182 120 0 0 0 0 
300 382 87 43 42 93 44 33 404 493 91 28 7 1 0 0 872 111 27 13 1 0 0 0 
488 105 101 87 110 21 16 96 476 122 89 113 145 57 15 7 593 102 123 158 38 10 0 0 
20 170 150 318 314 28 4 20 6 90 218 288 366 36 16 4 256 162 361 219 16 10 0 0 
33 160 218 284 279 49 1 0 17 104 235 257 332 77 2 0 300 176 298 210 39 1 0 0 
50 272 298 276 97 21 6 4 15 172 310 359 127 30 7 4 355 343 237 73 10 4 2 0 
6 188 317 282 194 35 2 0 2 83 303 307 265 59 5 0 408 298 186 122 10 0 0 0 
38 183 337 255 174 31 4 2 8 95 291 315 229 73 11 2 499 290 163 61 8 3 0 0 
49 135 192 359 260 24 4 1 34 92 166 303 353 69 5 2 307 237 295 174 9 2 0 0 
49 183 296 329 145 22 0 0 13 119 248 360 235 45 4 0 505 264 168 73 14 0 0 0 
78 315 365 195 61 10 0 0 26 224 359 274 122 18 1 0 636 244 122 22 0 0 0 0 
227 437 220 110 26 4 0 0 118 397 299 144 57 9 0 0 727 217 70 7 3 0 0 0 
350 500 129 40 5 0 0 0 151 524 241 87 21 0 0 0 503 208 135 88 47 35 8 0 
180 429 192 72 20 22 46 63 129 443 263 115 32 24 13 5 233 259 280 181 51 13 7 0 
166 290 76 66 87 106 200 33 261 527 170 38 15 13 0 0 612 174 142 58 34 4 0 0 
22 199 552 193 7 14 14 23 22 146 317 477 34 21 7 0 151 601 233 16 19 4 0 0 
27 125 337 272 55 50 108 50 22 202 306 400 86 8 0 0 230 483 268 40 3 0 0 0 
0 3 38 24 37 114 201 607 122 239 153 101 199 158 52 0 348 174 123 218 150 11 0 0 
111 126 149 133 111 150 189 55 227 291 292 185 20 4 5 0 575 270 152 20 7 0 0 0 
48 367 142 131 252 66 18 0 99 416 200 123 184 2 0 0 584 144 150 145 1 0 0 0 
116 192 187 335 190 4 0 0 103 193 148 357 217 6 0 0 288 209 354 168 5 0 0 0 
47 72 298 386 209 12 0 0 39 44 272 401 258 10 0 0 155 284 421 157 7 0 0 0 
62 226 227 274 207 26 2 0 53 157 271 362 164 16 1 0 359 226 309 113 15 2 0 0 
19 137 211 372 281 4 0 0 19 132 182 395 292 4 0 0 130 276 430 185 3 0 0 0 
6 101 475 266 173 3 0 0 8 72 535 267 139 3 0 0 232 474 260 57 1 0 0 0 
2 102 195 477 240 7 1 0 4 53 179 589 193 5 1 0 153 226 573 69 2 1 0 0 
25 180 468 230 100 21 0 0 24 112 533 233 98 24 0 0 286 470 202 58 8 0 0 0 
16 216 236 211 298 45 2 0 38 150 350 190 238 55 3 0 493 158 210 150 13 0 0 0 
80 165 148 307 292 31 1 0 60 167 145 348 283 20 1 0 285 134 329 268 7 1 0 0 
52 592 314 55 11 0 0 0 48 423 440 106 7 0 0 0 608 349 65 2 0 0 0 0 
84 253 326 294 65 2 0 0 61 232 320 324 82 4 1 0 316 353 323 31 1 0 0 0 
3 115 321 412 154 18 1 0 2 65 287 411 228 27 4 0 204 363 363 89 5 0 0 0 
2 79 254 369 281 29 9 1 2 44 245 327 348 45 10 3 149 246 406 206 12 4 1 0 
65 201 180 374 175 26 2 1 35 198 145 395 211 36 2 2 360 169 308 159 25 2 0 1 
280 192 172 177 142 47 14 0 217 168 172 180 160 92 31 4 640 210 110 46 16 2 0 0 
100 267 252 218 125 37 17 8 47 190 267 249 164 69 25 13 604 233 109 44 19 9 6 0 
114 284 258 216 95 34 13 10 81 193 289 240 143 48 19 11 551 267 142 38 17 8 1 0 
185 166 248 221 131 47 16 10 162 106 211 239 192 77 26 11 610 238 95 50 21 8 2 0 
73 274 274 231 118 46 8 0 25 169 290 256 180 82 21 1 570 261 127 50 13 3 0 0 
117 287 275 201 104 33 5 2 43 218 252 271 142 79 15 4 639 203 115 54 10 3 0 0 
148 275 261 246 80 13 1 0 60 246 230 273 179 33 3 0 619 270 104 25 6 0 0 0 
432 320 157 91 22 2 0 0 300 324 193 136 62 9 0 0 777 163 72 10 2 0 0 0 
185 333 293 156 48 9 0 0 71 278 304 237 101 32 1 0 685 224 89 24 2 0 0 0 
249 393 250 108 20 4 0 0 122 341 314 176 60 9 2 0 772 175 59 14 4 0 0 0 
