800 194 18 4 7 1 0 0 315 643 49 6 7 4 0 0 868 133 12 4 6 1 0 0 
414 454 108 30 12 6 0 0 121 589 214 65 19 13 3 0 589 326 67 26 11 5 0 0 
274 445 129 78 40 34 19 5 47 517 223 95 60 40 23 19 433 330 98 72 30 34 17 10 
156 342 156 75 47 34 38 176 33 360 177 115 64 43 32 200 312 299 87 50 44 24 44 164 
181 276 90 59 45 45 64 264 48 330 122 66 63 43 50 302 281 217 69 54 33 48 62 260 
185 329 71 47 60 30 47 255 34 409 109 57 53 45 38 279 328 224 44 45 56 33 43 251 
335 438 83 37 31 23 25 52 64 641 125 52 27 31 18 66 577 233 57 35 31 15 25 51 
194 350 87 51 62 39 63 178 68 411 124 65 54 46 53 203 361 213 68 53 54 45 57 173 
8 140 36 41 27 31 42 699 0 117 42 43 34 27 41 720 74 100 36 33 30 19 50 682 
765 203 39 5 10 1 1 0 496 427 69 18 9 4 0 1 858 125 25 8 7 0 1 0 
517 412 72 13 7 2 1 0 178 593 188 48 12 4 1 0 762 221 25 10 3 3 0 0 
354 469 121 41 26 7 4 2 74 599 215 82 29 13 9 3 513 342 102 35 18 7 4 3 
61 349 176 57 22 26 41 292 1 228 257 120 44 25 25 324 203 335 91 28 22 18 28 299 
0 19 49 65 49 31 34 777 0 5 26 51 66 46 31 799 8 53 58 46 35 16 30 778 
1 19 55 73 58 38 44 736 0 6 32 43 75 66 36 766 11 73 83 40 22 26 31 738 
62 347 52 34 28 17 41 443 5 340 92 46 29 20 30 462 228 203 40 31 24 22 31 445 
27 96 7 14 7 10 18 845 0 87 39 10 11 8 9 860 70 57 11 9 8 12 17 840 
1 46 27 14 11 11 16 898 0 29 32 19 16 11 12 905 18 50 13 11 11 10 15 896 
513 414 77 13 2 5 0 0 198 612 169 33 6 5 1 0 694 284 31 8 5 2 0 0 
497 431 86 8 2 0 0 0 122 649 211 37 4 1 0 0 724 282 13 3 2 0 0 0 
499 399 74 27 13 7 4 1 116 665 163 40 24 6 8 2 671 269 44 17 12 8 1 2 
76 235 160 69 25 21 21 417 3 188 167 129 60 31 13 433 207 231 87 29 27 12 20 411 
2 66 54 61 61 73 77 630 0 32 58 63 59 66 66 680 14 78 71 44 55 59 68 635 
10 213 296 220 126 69 32 58 0 75 252 258 192 111 62 74 96 375 253 115 74 39 15 57 
0 7 22 18 31 35 41 870 0 0 17 20 16 42 34 895 4 28 24 23 25 17 40 863 
1 69 129 67 50 31 34 643 0 26 111 93 67 39 26 662 16 137 89 54 32 21 20 655 
0 69 103 109 70 51 52 570 0 48 98 101 92 55 40 590 14 122 108 73 61 29 43 574 
744 247 33 0 0 0 0 0 424 506 84 10 0 0 0 0 857 158 9 0 0 0 0 0 
632 328 52 8 2 1 1 0 271 593 124 29 5 1 1 0 803 196 21 2 1 1 0 0 
617 364 39 4 0 0 0 0 215 665 128 15 1 0 0 0 823 186 14 1 0 0 0 0 
104 421 262 91 40 27 25 54 21 241 331 202 105 26 30 68 311 457 108 35 23 16 22 52 
365 407 108 54 43 23 14 10 55 574 194 81 43 40 22 15 572 270 78 48 21 17 9 9 
380 473 147 23 1 0 0 0 51 634 233 89 17 0 0 0 653 337 33 1 0 0 0 0 
18 179 237 128 90 69 75 228 2 95 239 176 111 81 63 257 85 318 139 89 61 57 59 216 
192 511 217 63 24 12 5 0 61 506 299 95 38 19 5 1 384 470 105 38 19 7 1 0 
276 601 111 26 7 2 1 0 117 696 162 36 9 2 2 0 565 399 46 9 3 2 0 0 
428 310 137 128 19 2 0 0 250 416 148 122 79 9 0 0 605 270 136 9 4 0 0 0 
307 283 174 137 98 23 2 0 151 377 249 155 57 35 0 0 513 287 180 39 5 0 0 0 
382 366 81 132 59 4 0 0 194 436 138 75 72 97 12 0 644 212 159 9 0 0 0 0 
315 395 177 82 54 1 0 0 69 487 202 136 65 63 2 0 550 352 114 7 1 0 0 0 
491 290 75 48 67 44 9 0 180 506 114 60 47 54 55 8 644 228 105 37 8 2 0 0 
428 390 114 48 35 9 0 0 196 489 220 34 32 40 12 1 642 311 56 15 0 0 0 0 
182 591 229 21 1 0 0 0 86 465 421 48 4 0 0 0 463 525 36 0 0 0 0 0 
342 464 159 53 4 1 1 0 136 566 238 55 26 2 1 0 619 365 37 1 1 1 0 0 
547 225 141 96 15 0 0 0 435 314 124 123 27 1 0 0 737 236 51 0 0 0 0 0 
306 290 258 120 42 6 2 0 199 270 221 201 115 17 1 0 466 372 160 18 7 1 0 0 
108 286 173 173 254 28 2 0 41 299 228 103 85 257 11 0 266 362 346 47 3 0 0 0 
10 62 43 140 725 43 1 0 5 35 43 51 77 709 104 0 57 136 799 30 2 0 0 0 
37 93 174 109 520 86 5 0 9 68 52 158 115 448 171 3 88 298 582 53 3 0 0 0 
595 159 66 85 78 31 8 2 508 162 94 53 72 83 47 5 705 171 115 25 6 2 0 0 
446 431 108 27 12 0 0 0 204 386 278 109 29 14 4 0 625 365 33 1 0 0 0 0 
313 349 258 68 23 12 1 0 168 319 271 180 58 19 9 0 515 391 84 23 9 2 0 0 
168 314 324 172 43 3 0 0 57 272 254 251 127 59 4 0 388 465 153 18 0 0 0 0 
328 182 121 330 62 1 0 0 228 221 106 99 58 312 0 0 460 329 235 0 0 0 0 0 
23 99 172 309 226 133 61 1 0 60 79 163 341 249 116 16 116 346 359 150 42 11 0 0 
13 125 304 390 127 61 4 0 0 34 109 227 341 251 58 4 134 533 270 63 21 3 0 0 
6 74 186 331 328 83 16 0 0 27 80 190 311 377 33 6 65 458 385 89 22 5 0 0 
25 151 358 180 161 126 18 5 18 100 220 317 162 141 63 3 130 518 252 72 27 22 3 0 
128 55 370 282 93 85 11 0 81 139 478 118 157 47 4 0 186 581 142 95 17 3 0 0 
320 75 379 242 8 0 0 0 299 151 425 91 53 5 0 0 375 579 67 3 0 0 0 0 
497 81 263 166 14 3 0 0 479 122 209 111 98 5 0 0 567 352 94 9 2 0 0 0 
248 237 409 118 8 4 0 0 191 165 256 297 113 2 0 0 387 542 89 6 0 0 0 0 
302 355 285 82 0 0 0 0 194 307 252 190 77 4 0 0 541 443 40 0 0 0 0 0 
27 185 293 323 140 41 13 2 13 99 183 226 407 94 2 0 148 507 293 61 12 3 0 0 
5 109 279 347 109 71 98 6 7 92 178 291 268 131 57 0 147 443 236 86 70 41 1 0 
5 64 171 350 265 101 51 17 6 81 139 243 276 206 65 8 113 358 359 119 46 26 3 0 
1 10 56 292 253 170 179 63 1 9 112 254 223 157 230 38 26 246 302 127 61 161 101 0 
1 33 154 248 163 150 200 75 0 23 119 224 235 145 243 35 50 273 232 104 83 203 79 0 
27 147 376 408 62 4 0 0 7 48 155 326 370 116 2 0 148 571 274 30 1 0 0 0 
38 170 382 323 100 11 0 0 13 92 216 345 278 76 4 0 151 447 333 86 7 0 0 0 
56 321 487 143 17 0 0 0 16 147 348 375 119 19 0 0 239 579 184 20 2 0 0 0 
487 469 59 8 1 0 0 0 258 610 130 20 6 0 0 0 809 194 21 0 0 0 0 0 
