459 556 9 0 0 0 0 0 190 577 232 25 0 0 0 0 666 358 0 0 0 0 0 0 
401 467 150 6 0 0 0 0 152 444 279 146 3 0 0 0 708 312 4 0 0 0 0 0 
648 322 54 0 0 0 0 0 363 361 226 74 0 0 0 0 782 239 3 0 0 0 0 0 
125 436 391 70 2 0 0 0 37 188 336 334 121 8 0 0 351 597 75 1 0 0 0 0 
454 376 158 36 0 0 0 0 97 557 171 145 53 1 0 0 617 348 59 0 0 0 0 0 
226 635 72 44 38 9 0 0 29 542 329 57 48 17 2 0 362 502 76 34 35 14 1 0 
28 505 354 131 6 0 0 0 10 282 362 248 120 2 0 0 130 584 249 54 7 0 0 0 
8 540 454 22 0 0 0 0 0 262 529 200 31 2 0 0 160 672 184 8 0 0 0 0 
1 135 551 309 26 2 0 0 0 54 331 434 180 25 0 0 75 561 345 38 5 0 0 0 
4 345 564 108 3 0 0 0 0 45 499 348 129 3 0 0 215 550 254 5 0 0 0 0 
26 289 594 106 9 0 0 0 13 131 379 363 134 4 0 0 129 662 223 10 0 0 0 0 
23 306 583 82 28 2 0 0 16 292 506 182 28 0 0 0 94 722 196 12 0 0 0 0 
4 242 574 195 9 0 0 0 4 232 552 222 14 0 0 0 38 717 264 5 0 0 0 0 
25 289 565 117 23 5 0 0 22 218 393 261 122 8 0 0 83 666 217 28 25 5 0 0 
60 633 301 30 0 0 0 0 45 429 377 146 26 1 0 0 190 723 99 12 0 0 0 0 
49 685 212 68 7 3 0 0 14 258 559 131 46 14 2 0 359 602 52 7 3 1 0 0 
72 603 272 64 13 0 0 0 24 300 493 138 58 11 0 0 322 642 56 4 0 0 0 0 
254 644 112 14 0 0 0 0 183 574 243 24 0 0 0 0 256 667 80 18 3 0 0 0 
256 667 94 7 0 0 0 0 73 707 222 21 1 0 0 0 339 612 68 5 0 0 0 0 
252 606 119 44 3 0 0 0 118 504 341 51 10 0 0 0 365 539 92 22 6 0 0 0 
475 315 135 67 24 6 2 0 383 280 183 124 44 8 2 0 455 336 117 84 18 11 3 0 
571 368 85 0 0 0 0 0 355 373 163 125 8 0 0 0 456 312 117 111 28 0 0 0 
526 319 147 24 6 2 0 0 350 384 176 98 14 2 0 0 551 329 121 18 5 0 0 0 
425 499 84 16 0 0 0 0 256 502 166 80 20 0 0 0 448 403 100 60 13 0 0 0 
297 454 166 98 9 0 0 0 130 387 248 175 78 6 0 0 304 411 154 124 31 0 0 0 
104 239 106 138 132 71 181 53 28 222 146 114 154 83 139 138 156 265 170 89 59 66 146 73 
117 263 249 200 58 19 84 34 42 244 217 198 169 28 46 80 136 394 280 60 19 17 76 42 
139 405 285 108 49 28 10 0 52 345 263 211 85 46 22 0 244 472 177 59 43 27 2 0 
200 469 230 84 30 11 0 0 81 415 316 137 45 29 1 0 279 456 203 63 20 3 0 0 
170 481 273 86 14 0 0 0 56 385 328 185 64 6 0 0 288 477 189 64 6 0 0 0 
329 429 147 118 1 0 0 0 122 557 138 160 47 0 0 0 458 383 136 47 0 0 0 0 
76 243 141 317 163 53 31 0 26 220 107 242 263 115 42 9 139 195 293 217 104 36 40 0 
476 414 134 0 0 0 0 0 229 422 181 190 2 0 0 0 601 373 50 0 0 0 0 0 
546 358 108 12 0 0 0 0 199 503 175 126 21 0 0 0 790 231 3 0 0 0 0 0 
631 221 116 56 0 0 0 0 217 569 69 103 66 0 0 0 765 234 25 0 0 0 0 0 
261 587 142 21 9 4 0 0 59 645 218 86 15 1 0 0 434 544 35 9 2 0 0 0 
143 305 378 151 40 7 0 0 42 228 217 352 179 6 0 0 327 427 237 29 4 0 0 0 
63 415 290 137 82 37 0 0 18 214 376 315 90 11 0 0 163 569 163 99 28 2 0 0 
33 341 399 145 67 29 9 1 14 162 302 282 227 30 7 0 181 573 168 74 21 7 0 0 
22 259 400 178 45 41 36 43 1 94 236 303 254 77 37 22 195 409 279 91 36 8 4 2 
12 200 235 201 178 87 62 49 5 48 200 248 277 167 68 11 171 391 284 135 36 5 2 0 
0 131 182 227 185 123 99 77 0 86 91 231 300 187 105 24 52 402 349 170 46 5 0 0 
32 306 274 149 85 86 54 38 4 147 282 252 214 87 29 9 250 444 210 75 31 12 2 0 
1 205 511 245 55 6 1 0 0 84 351 297 190 97 5 0 119 549 258 88 8 2 0 0 
7 277 522 179 38 1 0 0 2 144 512 234 96 34 2 0 145 615 218 41 5 0 0 0 
30 342 433 210 9 0 0 0 4 154 314 361 184 7 0 0 219 596 202 7 0 0 0 0 
50 473 444 54 3 0 0 0 19 185 422 300 95 3 0 0 318 609 93 4 0 0 0 0 
63 533 400 19 7 2 0 0 1 253 491 260 14 5 0 0 378 594 40 5 5 2 0 0 
103 722 196 3 0 0 0 0 29 511 347 136 1 0 0 0 347 628 45 4 0 0 0 0 
120 656 241 7 0 0 0 0 31 537 374 82 0 0 0 0 246 691 78 9 0 0 0 0 
69 775 150 22 8 0 0 0 41 745 204 24 9 1 0 0 80 726 186 23 8 1 0 0 
155 332 274 150 96 17 0 0 111 354 255 144 105 50 5 0 166 299 230 126 100 73 29 1 
399 421 130 32 18 15 8 1 242 482 181 71 19 12 12 5 397 432 110 38 13 13 15 6 
407 398 153 58 8 0 0 0 167 488 166 142 54 7 0 0 387 413 142 69 13 0 0 0 
192 476 261 92 3 0 0 0 74 309 346 227 66 2 0 0 226 518 227 52 1 0 0 0 
228 470 173 111 40 2 0 0 34 506 223 154 78 29 0 0 317 484 151 67 5 0 0 0 
208 511 203 83 19 0 0 0 54 471 306 119 54 20 0 0 292 554 146 32 0 0 0 0 
448 312 155 86 13 5 3 2 356 300 193 96 61 11 3 4 503 359 109 38 9 1 5 0 
418 257 147 129 35 21 17 0 307 266 200 128 80 15 25 3 460 359 113 49 15 19 9 0 
126 247 184 215 157 74 19 2 64 240 195 179 173 127 43 3 150 291 213 150 143 60 17 0 
188 418 159 93 74 79 13 0 68 432 210 137 36 119 21 1 276 419 127 59 106 24 13 0 
79 358 352 185 50 0 0 0 36 229 299 270 177 13 0 0 154 406 303 138 23 0 0 0 
168 498 233 105 18 2 0 0 61 380 358 148 66 11 0 0 291 480 185 61 7 0 0 0 
93 518 224 70 108 11 0 0 20 450 308 95 78 73 0 0 242 451 212 94 25 0 0 0 
496 392 131 5 0 0 0 0 161 507 185 151 20 0 0 0 667 324 33 0 0 0 0 0 
660 354 8 2 0 0 0 0 252 738 29 4 1 0 0 0 826 198 0 0 0 0 0 0 
486 535 3 0 0 0 0 0 132 697 195 0 0 0 0 0 782 242 0 0 0 0 0 0 
160 681 81 36 14 35 15 2 144 630 171 51 24 4 0 0 225 662 74 39 12 11 1 0 
3 90 213 307 254 120 35 2 0 48 198 462 293 23 0 0 35 273 364 268 70 14 0 0 
4 43 178 416 262 99 21 1 3 24 89 351 496 61 0 0 18 243 417 261 66 16 3 0 
0 12 181 422 256 123 25 5 0 14 114 379 436 75 6 0 17 221 397 282 89 14 4 0 
0 19 208 449 183 87 54 24 0 14 108 363 354 129 43 13 11 180 467 270 78 13 5 0 
2 88 257 377 163 69 50 18 0 29 166 320 357 110 34 8 35 351 392 191 51 4 0 0 
0 25 182 382 225 136 61 13 0 27 167 354 342 107 21 6 32 360 449 154 22 3 3 1 
0 21 176 352 247 149 66 13 0 41 136 286 332 172 51 6 54 274 411 218 48 5 10 4 
38 352 340 125 86 40 35 8 26 349 345 159 95 46 2 2 118 622 191 76 12 2 1 2 
50 398 424 128 24 0 0 0 44 303 276 197 138 66 0 0 202 654 126 41 1 0 0 0 
44 401 434 142 3 0 0 0 11 133 278 333 245 24 0 0 320 562 138 4 0 0 0 0 
111 577 294 42 0 0 0 0 44 350 314 236 76 4 0 0 386 539 80 19 0 0 0 0 
154 738 132 0 0 0 0 0 43 613 287 78 3 0 0 0 515 494 15 0 0 0 0 0 
64 678 261 21 0 0 0 0 22 414 290 245 53 0 0 0 314 685 22 3 0 0 0 0 
38 545 417 23 1 0 0 0 9 384 423 202 6 0 0 0 116 699 187 17 5 0 0 0 
13 378 325 148 33 17 13 97 14 363 325 157 36 18 15 96 16 371 309 131 64 21 18 94 
153 336 261 122 72 25 10 45 50 365 301 133 88 27 13 47 98 354 263 124 88 38 15 44 
166 363 401 74 20 0 0 0 77 368 434 96 39 10 0 0 165 345 327 170 15 2 0 0 
305 396 227 78 18 0 0 0 155 323 284 178 70 14 0 0 290 427 199 102 6 0 0 0 
496 388 109 26 5 0 0 0 285 497 147 67 25 3 0 0 516 408 78 17 5 0 0 0 
177 489 259 95 4 0 0 0 83 374 321 188 57 1 0 0 226 528 200 65 5 0 0 0 
314 526 162 13 9 0 0 0 170 474 310 52 16 2 0 0 366 510 125 14 9 0 0 0 
151 326 349 180 18 0 0 0 86 191 300 302 139 6 0 0 170 382 334 124 14 0 0 0 
606 388 28 2 0 0 0 0 360 549 112 3 0 0 0 0 662 345 16 1 0 0 0 0 
260 480 101 57 85 41 0 0 154 491 183 56 75 58 7 0 292 474 85 73 78 22 0 0 
74 170 180 227 152 193 28 0 55 104 162 182 222 213 82 4 114 221 235 158 181 110 5 0 
8 115 420 343 132 6 0 0 1 48 243 382 299 51 0 0 41 411 332 208 32 0 0 0 
38 214 433 289 49 1 0 0 6 168 245 345 249 11 0 0 185 483 216 126 14 0 0 0 
0 162 282 328 167 56 29 0 0 74 248 239 295 121 45 2 7 273 303 259 104 44 33 1 
223 636 159 6 0 0 0 0 41 333 428 184 38 0 0 0 410 556 58 0 0 0 0 0 
453 571 0 0 0 0 0 0 83 791 150 0 0 0 0 0 640 384 0 0 0 0 0 0 
260 597 43 38 49 25 12 0 40 538 301 70 56 19 0 0 454 421 46 52 31 15 5 0 
57 133 73 225 275 146 94 21 11 164 145 235 359 81 23 6 88 150 155 369 215 41 5 1 
3 40 232 396 204 86 44 19 0 15 129 428 343 96 13 0 18 158 358 328 103 44 15 0 
1 25 105 288 257 205 115 28 0 17 93 314 462 118 18 2 12 95 300 319 195 62 39 2 
1 18 119 347 340 142 48 9 1 21 136 345 385 123 10 3 9 127 396 341 105 26 14 6 
5 61 246 372 182 108 48 2 0 37 208 421 296 53 9 0 37 246 368 251 69 32 12 9 
9 112 261 288 214 91 43 6 10 83 246 375 235 64 10 1 56 205 306 244 105 67 21 20 
4 93 341 384 137 54 11 0 1 48 226 342 290 101 14 2 55 335 400 154 59 13 6 2 
4 79 364 324 145 46 28 34 1 53 359 337 142 59 33 40 80 414 275 111 51 37 18 38 
23 374 301 162 89 37 30 8 10 319 273 233 109 46 26 8 113 546 200 91 30 20 13 11 
17 695 268 44 0 0 0 0 5 550 380 89 0 0 0 0 225 682 86 31 0 0 0 0 
89 739 193 3 0 0 0 0 27 481 431 71 14 0 0 0 563 457 4 0 0 0 0 0 
104 684 202 32 2 0 0 0 65 584 286 73 16 0 0 0 284 617 112 11 0 0 0 0 
38 676 243 60 7 0 0 0 28 402 384 187 23 0 0 0 271 662 88 3 0 0 0 0 
29 365 534 89 7 0 0 0 22 242 441 223 92 4 0 0 100 532 362 26 4 0 0 0 
11 140 648 189 29 7 0 0 0 112 581 225 95 11 0 0 8 178 599 190 36 13 0 0 
13 239 366 237 107 30 9 23 10 134 370 303 124 45 13 25 19 229 327 240 125 50 12 22 
12 195 412 285 82 26 5 7 6 99 336 380 149 34 11 9 8 177 374 281 138 26 13 7 
51 341 453 165 14 0 0 0 27 263 440 264 29 1 0 0 32 313 437 201 37 4 0 0 
233 381 296 103 11 0 0 0 113 348 320 203 40 0 0 0 207 384 261 145 26 1 0 0 
179 558 253 32 2 0 0 0 67 445 381 121 10 0 0 0 179 627 184 32 2 0 0 0 
332 534 120 36 2 0 0 0 115 604 243 46 16 0 0 0 373 513 96 39 3 0 0 0 
138 457 316 102 10 1 0 0 49 330 444 161 39 1 0 0 177 471 267 95 13 1 0 0 
62 425 348 158 30 1 0 0 14 249 354 251 115 41 0 0 143 527 284 65 5 0 0 0 
148 646 194 35 1 0 0 0 27 551 337 101 8 0 0 0 254 612 135 22 1 0 0 0 
141 591 211 49 15 14 3 0 66 360 460 94 22 14 8 0 193 593 155 61 10 11 1 0 
47 129 109 129 194 245 153 18 32 65 138 99 149 280 214 47 72 146 123 156 164 212 131 20 
0 15 69 362 337 193 48 0 0 13 31 155 421 295 108 1 6 54 252 323 218 128 43 0 
0 0 162 750 101 10 1 0 0 0 9 420 565 29 1 0 0 96 449 436 34 8 1 0 
0 60 481 402 80 1 0 0 0 24 183 544 254 19 0 0 6 347 395 241 35 0 0 0 
107 673 220 24 0 0 0 0 27 208 472 258 59 0 0 0 390 597 37 0 0 0 0 0 
277 602 136 9 0 0 0 0 199 200 448 177 0 0 0 0 478 529 17 0 0 0 0 0 
129 297 168 123 163 117 21 6 21 295 334 241 116 12 5 0 248 265 167 207 104 18 12 3 
8 173 304 242 179 78 25 15 2 106 365 339 187 17 8 0 55 323 315 227 69 20 12 3 
56 237 262 202 130 100 36 1 19 203 310 286 162 33 8 3 111 300 253 176 115 58 8 3 
50 242 247 260 131 65 24 5 5 184 358 273 169 30 5 0 105 331 309 161 76 29 11 2 
74 236 262 199 146 70 23 14 37 217 330 286 127 24 3 0 175 332 250 174 65 23 5 0 
4 94 167 247 236 179 86 11 11 115 250 315 264 62 6 1 63 178 278 260 184 54 5 2 
36 214 241 219 176 100 37 1 21 188 288 291 168 58 10 0 124 234 237 217 115 73 19 5 
3 81 255 392 199 61 27 6 3 73 185 343 237 131 42 10 58 287 380 192 62 26 13 6 
3 97 290 397 136 65 27 9 4 46 178 367 284 92 35 18 76 276 358 192 54 36 19 13 
1 137 246 252 191 87 58 52 0 108 179 185 326 105 58 63 11 314 254 176 113 47 40 69 
30 602 232 23 12 19 26 80 16 579 269 23 12 18 29 78 91 683 101 18 5 20 26 80 
25 697 285 17 0 0 0 0 11 516 337 151 9 0 0 0 235 742 47 0 0 0 0 0 
67 516 415 26 0 0 0 0 65 478 421 58 2 0 0 0 124 657 240 3 0 0 0 0 
54 423 397 52 16 19 31 32 33 255 478 133 41 13 30 41 170 568 166 29 10 19 27 35 
15 320 577 65 5 16 15 11 15 251 578 122 16 9 15 18 37 536 342 59 8 14 12 16 
1 96 466 236 93 50 55 27 0 79 467 222 106 52 49 49 1 109 432 204 123 67 54 34 
3 73 242 193 178 155 123 57 3 52 204 201 152 152 156 104 5 86 238 188 167 159 111 70 
11 113 257 310 160 101 43 29 3 62 267 284 148 145 71 44 10 93 259 313 178 99 42 30 
8 370 410 161 44 17 13 1 7 219 471 223 64 18 18 4 10 366 382 176 60 17 11 2 
10 404 453 145 12 0 0 0 6 430 390 167 30 1 0 0 23 275 393 254 57 20 2 0 
324 435 127 104 34 0 0 0 172 463 198 128 62 1 0 0 313 443 118 94 52 4 0 0 
358 494 129 40 3 0 0 0 147 543 224 87 23 0 0 0 357 530 103 32 2 0 0 0 
164 412 253 107 51 19 12 6 84 312 313 205 73 20 15 2 191 440 206 108 54 11 14 0 
173 379 229 127 104 10 1 1 85 353 289 164 119 12 1 1 188 395 205 130 98 6 2 0 
488 392 81 45 14 4 0 0 159 662 132 52 15 4 0 0 492 379 96 42 12 3 0 0 
112 460 189 122 75 38 28 0 23 447 272 134 77 29 38 4 124 446 211 123 65 35 20 0 
25 165 203 181 195 151 101 3 3 124 198 209 187 144 148 11 44 163 215 198 205 105 86 8 
24 152 219 361 204 58 6 0 3 112 162 283 312 114 38 0 38 219 233 331 152 49 2 0 
1 111 334 286 252 39 1 0 0 38 205 376 272 121 12 0 19 276 333 231 147 18 0 0 
7 267 437 212 78 23 0 0 0 170 290 360 150 54 0 0 90 373 373 123 65 0 0 0 
91 528 231 172 2 0 0 0 5 226 427 358 8 0 0 0 435 349 158 82 0 0 0 0 
13 347 380 271 13 0 0 0 0 156 377 429 62 0 0 0 172 491 229 132 0 0 0 0 
0 80 432 487 25 0 0 0 0 107 397 472 48 0 0 0 40 423 397 164 0 0 0 0 
10 397 474 105 31 6 1 0 0 205 538 242 31 6 2 0 124 660 198 41 1 0 0 0 
15 301 370 225 95 14 4 0 3 259 362 255 111 23 11 0 92 435 330 141 21 5 0 0 
4 156 348 460 44 10 2 0 5 125 311 530 50 3 0 0 22 262 457 275 8 0 0 0 
66 279 276 146 127 100 29 1 42 352 334 200 83 13 0 0 172 397 239 153 51 12 0 0 
43 363 206 168 127 81 30 6 42 373 288 200 89 28 4 0 159 390 247 141 66 17 4 0 
89 286 305 141 93 73 29 8 73 211 366 170 123 47 23 11 162 427 166 115 88 42 13 11 
20 231 365 269 101 35 3 0 7 114 334 284 212 64 9 0 151 447 259 100 48 15 4 0 
44 198 449 219 55 32 16 11 35 110 457 226 119 46 14 17 107 383 377 95 27 12 6 17 
11 119 213 583 53 16 24 5 10 133 349 443 42 16 24 7 43 183 564 189 12 8 20 5 
16 191 319 495 3 0 0 0 13 185 473 350 3 0 0 0 70 295 616 43 0 0 0 0 
22 414 560 28 0 0 0 0 8 167 669 175 5 0 0 0 178 712 132 2 0 0 0 0 
11 73 682 153 23 18 23 41 9 58 694 155 25 16 22 45 17 231 581 95 15 21 21 43 
1 76 318 166 61 138 189 75 0 81 341 136 50 64 200 152 3 144 338 78 57 114 201 89 
2 12 88 137 193 333 214 45 1 13 87 128 91 223 360 121 1 13 113 121 191 325 201 59 
0 12 75 87 166 294 308 82 0 7 79 72 91 209 400 166 1 11 82 107 190 275 271 87 
3 18 83 172 300 246 141 61 2 13 59 149 220 280 206 95 5 39 169 189 248 181 143 50 
0 58 235 329 236 81 66 19 3 85 179 278 274 110 77 18 0 57 135 198 272 211 126 25 
8 137 387 316 153 15 4 4 7 70 308 394 202 35 4 4 10 173 345 305 163 21 4 3 
12 258 449 233 69 0 3 0 6 156 334 418 106 1 3 0 49 356 351 185 80 1 2 0 
47 250 228 331 91 38 36 3 22 280 243 375 96 7 1 0 43 267 275 344 87 8 0 0 
237 413 193 127 52 2 0 0 148 389 273 146 65 3 0 0 250 450 161 117 44 2 0 0 
301 426 150 75 63 8 1 0 209 410 227 107 60 10 1 0 357 415 120 78 45 8 1 0 
346 475 122 42 28 11 0 0 123 587 189 80 33 12 0 0 399 454 103 39 19 10 0 0 
255 719 48 2 0 0 0 0 36 720 252 16 0 0 0 0 291 638 78 14 3 0 0 0 
318 610 75 16 4 1 0 0 175 617 201 22 7 2 0 0 413 546 44 17 4 0 0 0 
8 95 127 183 312 251 47 1 5 80 130 174 321 279 35 0 11 118 136 187 336 210 26 0 
6 178 190 241 196 166 47 0 1 111 180 239 290 170 33 0 15 229 186 237 185 151 21 0 
0 34 224 324 178 215 48 1 0 27 104 385 260 213 35 0 0 82 261 279 194 179 29 0 
81 433 324 168 18 0 0 0 13 351 265 308 81 6 0 0 241 488 242 46 7 0 0 0 
0 0 0 238 234 340 176 36 0 0 0 284 183 326 197 34 0 0 0 333 168 356 123 44 
0 0 12 301 496 181 34 0 0 0 9 321 484 169 41 0 0 0 33 411 466 81 33 0 
0 3 86 431 396 77 30 1 0 3 102 444 360 82 32 1 0 19 153 536 241 44 30 1 
11 40 102 459 305 78 25 4 11 43 124 456 297 65 25 3 12 42 240 504 150 51 19 6 
0 68 137 468 194 109 48 0 0 86 158 497 125 104 54 0 0 125 259 400 83 97 60 0 
21 108 197 514 119 43 22 0 12 123 256 509 58 45 21 0 28 153 390 345 48 31 29 0 
0 71 494 350 78 31 0 0 1 70 609 257 59 28 0 0 4 186 615 159 28 20 12 0 
4 78 546 277 98 21 0 0 3 110 634 220 46 11 0 0 8 168 644 167 25 12 0 0 
12 114 627 225 23 12 8 3 10 107 685 162 36 12 8 4 27 172 703 92 8 9 9 4 
2 207 559 204 41 7 4 0 1 177 587 175 66 12 6 0 28 370 537 52 27 5 4 1 
0 47 441 505 31 0 0 0 0 31 731 222 39 1 0 0 0 153 814 29 27 1 0 0 
0 0 0 798 226 0 0 0 0 0 61 963 0 0 0 0 0 0 951 73 0 0 0 0 
7 144 199 585 87 2 0 0 6 133 367 474 43 1 0 0 35 221 640 103 25 0 0 0 
46 534 407 24 4 2 3 4 40 418 445 115 6 0 0 0 229 675 109 11 0 0 0 0 
8 230 386 162 48 65 60 65 14 204 440 224 70 44 28 0 92 458 305 115 40 7 7 0 
1 29 189 238 116 136 148 167 2 101 280 251 146 145 83 16 12 149 386 245 175 39 15 3 
1 35 150 171 286 159 131 91 0 47 177 158 277 176 132 57 6 72 286 219 218 108 76 39 
2 22 193 402 213 88 53 51 2 24 175 361 249 109 68 36 13 72 242 378 168 77 43 31 
0 28 123 265 257 180 92 79 0 8 119 300 315 219 55 8 2 89 186 289 246 144 39 29 
3 155 399 287 144 29 7 0 4 64 241 422 239 51 3 0 18 355 390 209 43 7 2 0 
11 148 393 346 121 5 0 0 1 77 267 321 300 55 3 0 30 242 335 295 121 1 0 0 
44 318 196 219 53 85 64 45 34 241 237 266 71 25 86 64 117 286 194 225 46 54 61 41 
0 39 346 406 109 33 40 51 0 20 246 399 202 64 41 52 3 103 425 335 57 26 38 37 
41 144 114 311 238 111 48 17 24 179 157 305 216 115 26 2 50 195 227 394 140 18 0 0 
2 103 256 278 250 108 22 5 1 88 257 322 233 90 32 1 3 147 273 367 196 34 4 0 
10 284 307 194 155 65 7 2 1 107 397 263 179 70 7 0 53 374 275 179 113 30 0 0 
150 462 228 93 29 25 15 22 31 431 271 167 67 19 18 20 260 498 152 55 21 11 10 17 
32 220 272 217 134 132 16 1 10 114 249 241 239 148 22 1 58 294 254 161 146 97 14 0 
115 352 163 98 133 122 38 3 49 345 197 128 144 124 35 2 101 310 174 130 152 127 27 3 
16 208 250 188 158 137 63 4 1 86 268 225 223 165 51 5 32 190 228 203 168 149 50 4 
0 13 173 401 225 147 64 1 0 0 57 306 434 174 52 1 22 93 297 235 198 143 35 1 
0 224 476 190 105 28 1 0 0 81 275 425 177 61 5 0 39 470 317 130 50 18 0 0 
48 63 175 420 184 88 38 8 45 65 232 430 97 104 41 10 45 72 270 409 113 67 39 9 
67 56 98 331 399 53 16 4 65 57 130 545 176 38 9 4 69 52 195 578 83 31 12 4 
85 44 59 187 351 123 166 9 86 44 69 325 262 66 164 8 87 47 113 396 141 52 126 62 
9 11 38 453 265 88 136 24 11 11 234 424 137 43 132 32 8 12 369 344 83 37 82 89 
0 0 5 572 190 41 206 10 0 0 105 603 66 33 197 20 0 0 324 387 48 35 67 163 
0 0 10 682 196 54 82 0 0 0 285 564 39 33 103 0 0 0 495 355 32 27 106 9 
0 0 55 669 121 79 99 1 0 0 313 463 70 61 117 0 0 2 451 323 63 49 127 9 
0 0 45 830 94 18 37 0 0 0 160 791 23 13 37 0 0 0 299 651 21 12 35 6 
0 0 18 775 212 17 2 0 0 0 60 914 32 17 1 0 0 0 129 867 8 12 8 0 
0 0 14 628 368 14 0 0 0 0 107 869 34 14 0 0 0 0 371 627 12 7 7 0 
0 0 0 848 162 6 8 0 0 0 8 974 28 6 8 0 0 0 637 363 9 4 10 1 
0 0 0 205 819 0 0 0 0 0 0 1024 0 0 0 0 0 0 999 25 0 0 0 0 
23 60 42 526 303 12 23 35 20 74 169 707 53 1 0 0 50 66 442 450 15 1 0 0 
23 214 133 160 180 163 79 72 28 252 201 140 128 177 85 13 118 295 301 208 77 21 4 0 
14 72 83 131 356 261 87 20 14 103 103 85 215 338 153 13 86 229 292 255 140 16 5 1 
0 2 46 219 369 290 75 23 0 1 45 128 300 391 149 10 5 169 413 284 130 22 1 0 
0 23 262 327 253 103 44 12 0 38 223 288 238 154 66 17 13 130 378 326 128 36 8 5 
6 94 179 310 327 82 18 8 8 92 166 271 337 115 26 9 101 244 264 234 166 8 7 0 
0 17 105 354 376 116 50 6 0 45 92 331 418 115 19 4 8 84 317 453 139 23 0 0 
6 247 362 226 110 44 27 2 8 207 334 313 134 26 2 0 47 415 366 152 34 8 2 0 
6 535 359 118 6 0 0 0 0 252 471 259 42 0 0 0 191 500 230 92 11 0 0 0 
9 255 295 222 110 82 39 12 7 181 333 297 123 51 23 9 56 361 377 164 50 10 3 3 
8 63 104 158 197 183 166 145 11 90 145 171 163 112 183 149 23 108 212 210 161 95 111 104 
0 2 86 358 304 158 64 52 0 12 75 287 349 225 64 12 12 215 357 280 121 31 6 2 
1 10 68 250 338 203 85 69 20 48 112 187 338 206 79 34 7 88 409 343 123 35 14 5 
1 17 85 287 355 173 48 58 1 41 99 176 423 194 68 22 12 120 365 385 118 22 2 0 
16 137 197 271 210 158 35 0 9 160 182 286 303 73 11 0 43 270 378 234 88 11 0 0 
1 9 99 288 391 180 39 17 0 16 104 308 409 166 20 1 3 34 143 342 333 137 29 3 
0 11 51 258 369 282 52 1 0 11 16 220 452 271 47 7 0 33 107 197 309 247 78 53 
0 27 81 315 384 198 19 0 0 16 62 203 496 223 24 0 1 38 164 335 304 164 18 0 
0 3 78 363 379 183 16 2 0 1 22 226 487 267 20 1 5 61 152 344 323 126 12 1 
0 40 324 399 178 80 3 0 0 15 88 442 343 130 6 0 11 202 413 233 116 49 0 0 
0 5 13 344 502 133 27 0 0 0 11 588 281 118 25 1 0 16 57 665 154 98 21 13 
0 0 29 467 413 43 72 0 0 3 143 691 82 25 76 4 0 5 225 618 70 20 43 43 
0 0 27 617 134 61 180 5 0 0 139 579 59 51 178 18 0 0 304 394 65 47 103 111 
0 0 9 290 109 83 525 8 0 0 25 316 63 78 532 10 0 0 55 270 66 64 302 267 
0 0 19 531 256 66 146 6 0 0 72 649 88 53 143 19 0 2 272 498 64 45 72 71 
0 0 0 565 450 6 3 0 0 0 10 968 39 5 2 0 0 0 129 881 10 4 0 0 
0 0 0 441 458 43 82 0 0 0 2 835 70 31 86 0 0 0 37 825 45 26 85 6 
0 0 0 279 659 23 63 0 0 0 8 828 108 16 63 1 0 0 37 865 37 19 57 9 
0 0 0 228 630 80 86 0 0 0 0 660 201 70 93 0 0 0 5 790 66 49 109 5 
0 0 0 94 758 90 82 0 0 0 0 644 210 76 94 0 0 0 2 812 43 45 122 0 
0 0 0 602 389 24 9 0 0 0 4 937 51 15 17 0 0 0 512 467 13 11 21 0 
0 0 0 328 548 48 45 55 0 0 13 841 41 51 36 42 0 3 814 53 44 43 26 41 
0 3 24 289 246 190 163 109 0 6 74 366 224 200 126 28 5 24 385 310 159 73 47 21 
0 2 34 185 354 274 118 57 0 6 40 128 406 316 95 33 14 207 377 256 94 32 17 27 
0 0 1 89 200 235 224 275 0 4 73 146 281 309 149 62 7 145 182 203 229 154 61 43 
0 17 52 203 344 239 88 81 0 13 73 120 313 306 181 18 11 152 233 258 231 99 22 18 
5 58 189 304 288 117 49 14 6 48 162 263 301 185 45 14 55 188 320 279 133 34 7 8 
3 22 99 121 241 281 187 70 0 14 64 146 234 342 204 20 50 146 207 262 188 113 34 24 
3 36 116 447 138 96 76 112 3 35 133 361 321 101 65 5 43 83 192 447 174 80 5 0 
4 137 495 301 84 1 2 0 3 71 324 393 192 39 2 0 66 342 372 186 56 1 1 0 
20 344 249 277 105 19 10 0 7 203 317 212 230 44 9 2 202 390 194 183 44 6 2 3 
4 33 105 402 359 78 35 8 3 45 94 200 406 223 48 5 30 142 254 317 226 42 8 5 
0 20 127 173 127 160 237 180 8 24 122 171 127 113 282 177 49 174 151 173 121 135 164 57 
1 10 91 245 251 254 109 63 0 3 58 198 261 254 200 50 22 190 311 299 117 47 30 8 
1 42 180 284 160 104 101 152 0 11 83 301 225 191 144 69 68 317 293 250 90 5 1 0 
0 23 197 392 232 81 39 60 0 2 70 330 393 196 32 1 26 275 382 271 68 1 1 0 
0 32 261 367 236 97 28 3 5 27 109 358 337 144 33 11 39 281 418 206 61 18 1 0 
2 47 276 430 197 54 18 0 2 53 226 390 259 70 22 2 9 172 411 316 87 27 2 0 
0 10 203 501 246 61 3 0 0 11 150 480 316 63 4 0 6 84 320 387 181 44 2 0 
0 9 74 370 441 121 8 1 1 11 74 352 435 144 6 1 0 9 113 401 399 97 4 1 
0 2 36 260 435 257 34 0 0 5 33 205 496 243 39 3 0 8 60 324 409 191 30 2 
0 19 124 206 436 230 9 0 0 5 67 271 456 218 7 0 2 38 141 251 428 160 4 0 
13 96 100 171 566 68 10 0 3 88 87 569 216 55 6 0 73 107 68 643 80 48 5 0 
0 0 1 249 751 15 8 0 0 0 15 897 97 7 8 0 0 0 76 895 36 8 7 2 
0 0 5 748 248 8 15 0 0 0 79 885 38 8 13 1 0 0 290 683 23 11 7 10 
0 0 17 390 222 78 310 7 0 0 46 494 82 80 303 19 0 0 137 415 77 55 166 174 
0 0 5 389 409 87 125 9 0 0 35 656 100 73 137 23 0 0 149 598 92 60 74 51 
0 0 2 400 210 87 322 3 0 0 13 533 76 66 327 9 0 5 117 444 60 63 227 108 
0 0 1 608 378 13 24 0 0 0 30 924 34 12 24 0 0 0 219 749 19 12 23 2 
0 0 2 236 569 65 152 0 0 0 2 719 94 59 149 1 0 0 37 736 42 34 170 5 
0 0 0 236 468 149 171 0 0 0 0 564 150 144 166 0 0 0 98 554 61 112 199 0 
0 0 0 274 675 53 22 0 0 0 0 799 156 42 27 0 0 0 85 824 50 34 30 1 
0 0 6 573 276 59 61 49 0 0 26 752 80 47 60 59 0 1 169 599 60 41 66 88 
0 0 10 335 260 107 124 188 0 0 57 374 168 129 191 105 0 27 375 194 110 96 104 118 
0 0 5 55 164 275 294 231 0 0 9 48 140 318 368 141 1 25 90 207 256 231 121 93 
0 2 25 55 178 291 268 205 0 2 17 108 195 292 281 129 12 47 172 260 198 136 102 97 
0 1 6 144 200 234 188 251 0 6 66 221 288 283 138 22 7 96 192 254 267 154 53 1 
1 13 157 275 268 155 100 55 2 15 94 237 246 267 119 44 24 150 298 284 155 75 33 5 
4 32 207 365 169 79 75 93 1 20 197 368 263 116 43 16 34 157 300 303 146 59 25 0 
3 10 48 151 248 195 160 209 3 16 93 176 321 254 152 9 15 71 179 219 285 183 57 15 
5 62 71 188 271 207 116 104 5 60 107 213 289 237 99 14 50 88 230 279 271 90 13 3 
24 140 197 180 128 128 89 138 27 91 272 232 184 125 64 29 90 209 255 233 158 69 9 1 
2 84 158 100 86 80 91 423 1 62 130 159 111 109 122 330 211 297 233 188 79 16 0 0 
11 98 168 234 153 85 148 127 0 49 139 192 222 106 136 180 103 195 184 142 85 84 126 105 
9 52 117 143 212 244 178 69 1 41 96 117 159 222 276 112 64 158 173 237 157 136 67 32 
1 39 94 265 278 228 89 30 1 20 74 107 252 266 226 78 73 253 259 179 113 60 56 31 
1 100 163 115 158 218 182 87 0 84 155 168 184 226 153 54 63 220 237 240 142 77 19 26 
1 159 361 285 140 37 24 17 0 70 240 370 219 78 28 19 136 430 278 105 31 18 8 18 
0 53 219 317 189 83 68 95 0 23 118 302 298 206 71 6 51 282 414 223 49 5 0 0 
1 52 294 334 195 83 47 18 8 95 258 367 189 76 30 1 26 195 384 292 99 28 0 0 
0 45 295 451 201 26 5 1 0 65 315 456 171 17 0 0 2 97 372 415 126 12 0 0 
0 27 156 395 294 97 54 1 0 46 133 299 360 109 74 3 2 63 230 432 193 73 31 0 
0 5 83 335 471 126 4 0 0 7 98 228 424 254 13 0 0 35 152 525 257 54 1 0 
0 0 118 496 342 65 3 0 0 1 29 364 469 153 8 0 0 14 336 428 212 34 0 0 
6 57 389 215 244 84 27 2 1 37 41 312 494 86 43 10 32 337 212 308 100 32 3 0 
0 0 0 479 476 39 30 0 0 0 4 838 95 52 35 0 0 9 116 815 31 18 22 13 
0 0 3 777 224 8 12 0 0 0 13 981 9 7 13 1 0 0 212 789 3 6 10 4 
0 0 7 672 280 52 12 1 0 0 44 738 87 100 55 0 0 1 304 629 65 13 11 1 
0 0 2 482 250 98 188 4 0 0 33 619 70 87 191 24 0 0 175 510 76 67 153 43 
0 0 10 491 142 112 264 5 0 0 38 492 102 104 266 22 0 4 213 371 81 77 255 23 
0 0 2 902 79 32 9 0 0 0 97 880 8 24 15 0 0 0 549 431 6 19 19 0 
0 0 0 897 122 5 0 0 0 0 69 936 16 3 0 0 0 0 518 497 9 0 0 0 
0 0 6 539 326 123 30 0 0 0 45 702 135 111 31 0 0 3 321 472 89 104 35 0 
0 6 57 369 479 45 19 49 0 15 89 663 161 30 19 47 1 19 132 683 97 22 21 49 
0 0 28 215 163 130 162 326 0 0 40 290 116 139 155 284 0 3 59 303 131 104 133 291 
0 0 0 33 168 432 264 127 0 0 6 35 177 393 309 104 0 18 81 313 240 156 103 113 
0 0 4 38 181 354 233 214 0 0 10 54 196 290 265 209 1 26 113 260 204 130 75 215 
0 0 2 50 180 350 264 178 0 0 3 87 222 282 254 176 0 18 131 212 177 104 99 283 
0 1 20 46 203 263 266 225 0 4 49 103 163 293 220 192 4 25 64 143 204 190 128 266 
3 38 76 104 204 312 218 69 1 40 57 140 237 243 245 61 33 102 141 276 238 126 56 52 
0 6 34 60 146 255 248 275 0 9 89 142 273 272 178 61 9 67 124 218 219 244 121 22 
12 13 46 163 252 203 145 190 10 16 129 257 321 167 86 38 22 97 249 284 218 122 30 2 
0 3 19 177 264 272 118 171 0 12 103 146 230 295 162 76 1 63 168 302 249 138 39 64 
0 21 58 160 187 239 204 155 0 22 142 192 222 181 221 44 10 71 160 277 313 149 34 10 
22 113 123 108 127 146 244 141 5 97 211 212 176 154 137 32 83 147 158 219 209 147 40 21 
6 58 79 47 108 239 305 182 4 62 132 160 195 170 210 91 38 121 108 186 221 247 77 26 
3 17 38 54 135 229 303 245 5 41 83 118 155 219 221 182 25 68 118 194 205 146 149 119 
3 26 50 157 266 227 155 140 3 16 54 134 267 259 176 115 52 132 223 222 155 82 69 89 
9 43 83 173 179 173 133 231 4 25 98 156 221 202 120 198 52 145 216 200 130 75 35 171 
11 125 170 184 181 159 86 108 3 92 208 183 234 148 59 97 106 210 176 191 147 75 28 91 
1 151 321 217 135 62 87 50 0 50 348 281 216 80 18 31 102 448 300 106 16 11 11 30 
0 17 108 227 276 166 124 106 1 34 157 339 316 135 42 0 19 146 307 357 162 30 3 0 
0 32 215 471 192 55 28 31 0 32 198 415 292 74 13 0 4 112 457 355 87 9 0 0 
0 54 310 388 239 31 2 0 1 67 318 410 203 22 3 0 2 110 342 403 148 15 4 0 
0 35 319 420 226 20 4 0 0 49 333 409 200 29 4 0 0 86 372 400 147 16 3 0 
0 39 224 338 324 98 1 0 0 52 221 258 313 166 14 0 0 89 346 377 197 15 0 0 
250 373 95 170 50 45 39 2 243 380 75 177 44 35 29 41 471 215 151 122 61 4 0 0 
0 0 8 533 325 107 51 0 0 0 0 572 120 158 155 19 0 22 288 519 130 57 8 0 
0 0 8 837 169 9 1 0 0 0 4 886 52 67 15 0 0 1 491 512 16 3 1 0 
0 0 25 725 112 73 67 22 0 0 61 666 87 85 68 57 0 21 458 387 87 64 7 0 
0 0 249 556 83 69 62 5 0 0 347 447 40 44 90 56 0 46 566 273 70 34 34 1 
0 1 74 675 134 77 63 0 0 0 206 576 81 77 78 6 1 23 470 363 80 32 55 0 
0 10 137 655 175 34 13 0 0 20 270 625 65 31 13 0 0 45 469 445 23 21 21 0 
0 9 130 512 275 55 38 5 1 14 148 597 173 74 15 2 9 120 347 481 61 6 0 0 
0 9 72 203 308 220 168 44 0 23 91 258 204 184 205 59 1 31 124 309 181 115 117 146 
0 1 3 77 213 270 252 208 0 1 6 49 198 261 264 245 0 0 49 86 112 115 177 485 
0 0 5 70 181 274 273 221 0 0 1 45 222 288 269 199 0 16 60 110 200 167 205 266 
0 0 2 34 113 243 322 310 0 0 3 29 107 234 286 365 0 1 10 33 82 82 180 636 
0 0 1 47 220 377 244 135 0 0 30 63 239 294 223 175 0 4 69 118 155 138 138 402 
0 0 2 46 182 327 248 219 0 0 2 44 161 281 243 293 1 8 29 77 128 145 149 487 
0 0 4 95 291 298 214 122 0 0 3 53 266 325 211 166 0 32 90 138 104 129 140 391 
0 0 8 51 241 361 256 107 0 0 8 102 207 316 268 123 0 8 44 146 220 236 131 239 
0 1 3 47 226 312 293 142 0 0 4 68 233 330 235 154 0 5 68 154 222 186 128 261 
0 3 13 51 212 366 274 105 0 4 9 64 221 345 269 112 9 24 71 143 249 239 119 170 
1 2 23 76 177 298 294 153 0 4 30 120 234 296 232 108 1 24 77 178 272 281 126 65 
0 0 4 24 99 246 309 342 0 5 30 48 110 148 349 334 0 2 52 169 216 163 183 239 
0 0 1 40 247 357 273 106 0 1 9 42 137 304 360 171 0 2 38 167 259 131 98 329 
0 1 18 77 260 378 211 79 0 4 18 101 234 342 221 104 1 14 74 220 321 207 80 107 
0 0 21 193 301 272 160 77 0 18 26 141 340 223 197 79 1 60 247 271 191 140 81 33 
0 2 24 106 132 249 326 185 0 7 20 78 160 187 247 325 7 47 135 165 110 141 209 210 
4 52 119 225 196 176 167 85 4 33 132 192 287 156 135 85 55 182 223 198 157 88 76 45 
1 21 89 208 138 226 265 76 0 29 84 167 233 130 242 139 12 127 207 138 143 163 179 55 
1 26 114 153 120 130 75 405 0 12 103 167 161 108 74 399 5 128 161 101 120 66 54 389 
1 143 448 277 110 25 14 6 0 65 372 452 114 21 0 0 38 402 427 138 10 7 2 0 
1 79 455 360 79 31 15 4 1 69 336 434 122 38 20 4 16 238 504 165 54 35 11 1 
0 154 481 324 62 3 0 0 0 160 505 300 56 3 0 0 17 296 474 215 21 1 0 0 
0 103 281 239 240 143 16 2 0 110 269 147 148 243 103 4 19 239 274 203 148 106 33 2 
0 79 97 235 496 103 14 0 0 74 92 90 380 344 40 4 0 100 135 452 277 48 12 0 
24 213 350 246 77 75 34 5 11 222 171 196 244 62 77 41 56 435 326 131 69 7 0 0 
0 15 410 373 193 33 0 0 0 15 101 158 360 285 101 4 7 384 262 319 51 1 0 0 
0 6 224 635 116 17 25 1 0 2 259 394 203 122 20 24 9 145 599 227 14 29 1 0 
0 12 182 404 223 80 103 20 1 9 218 395 166 75 75 85 0 60 406 317 143 87 11 0 
0 3 185 462 200 92 79 3 0 9 312 320 110 100 74 99 3 56 484 314 127 39 1 0 
0 1 211 486 225 74 25 2 0 3 336 423 147 54 45 16 1 81 505 333 81 22 1 0 
0 4 107 313 372 176 48 4 0 20 163 379 324 108 29 1 0 65 242 385 243 75 14 0 
0 2 45 198 393 314 66 6 0 6 70 225 278 219 183 43 5 66 199 361 287 93 11 2 
0 1 38 142 306 304 172 61 0 2 52 189 217 211 229 124 0 27 169 250 197 151 106 124 
0 0 36 143 246 280 188 131 0 0 22 147 232 227 205 191 0 18 39 86 151 171 182 377 
0 3 27 156 227 247 217 147 0 2 23 138 239 227 209 186 2 17 92 140 175 148 127 323 
0 6 99 221 269 234 151 44 0 6 38 176 356 235 142 71 38 155 172 177 148 121 57 156 
1 13 41 124 358 315 154 18 0 7 36 123 285 285 251 37 3 62 170 293 202 67 49 178 
44 255 186 275 163 72 19 10 13 262 137 227 238 102 26 19 113 471 216 132 45 14 6 27 
8 356 146 182 124 71 64 73 0 251 222 170 159 72 58 92 24 319 220 110 77 61 48 165 
7 23 66 182 234 189 193 130 8 24 57 167 230 197 131 210 6 42 102 133 135 117 115 374 
6 24 77 130 207 200 224 156 2 27 80 175 185 152 190 213 3 23 64 99 133 136 128 438 
0 6 118 227 253 211 127 82 0 14 123 267 236 189 105 90 14 150 203 179 175 87 79 137 
0 13 79 175 252 238 168 99 0 11 70 200 378 264 85 16 17 97 165 242 233 169 72 29 
0 4 51 118 205 270 230 146 0 11 45 114 224 252 210 168 0 52 94 164 194 164 138 218 
0 0 21 65 206 417 275 40 0 0 5 85 155 233 401 145 1 18 45 149 229 336 175 71 
0 6 51 193 266 328 155 25 0 8 70 154 284 320 153 35 3 120 155 259 268 131 51 37 
0 2 31 144 231 208 232 176 0 0 27 73 158 253 241 272 5 37 121 144 196 135 178 208 
0 0 6 69 169 292 306 182 0 0 5 54 124 182 340 319 0 1 20 64 130 232 274 303 
0 7 40 154 309 348 132 34 0 16 68 145 280 242 199 74 2 47 147 268 228 214 75 43 
1 41 319 333 235 81 13 1 0 14 108 312 387 176 22 5 109 401 279 159 47 19 9 1 
0 76 331 302 168 83 38 26 0 43 193 289 259 161 65 14 82 394 340 141 54 6 7 0 
0 93 280 315 174 91 48 23 0 65 199 349 253 111 31 16 21 274 392 198 73 44 19 3 
0 102 500 333 73 11 4 1 0 62 358 396 171 31 4 2 21 394 488 92 13 14 2 0 
0 193 479 295 53 4 0 0 0 198 497 241 72 14 2 0 45 402 435 133 6 3 0 0 
1 191 594 217 21 0 0 0 2 212 600 191 17 2 0 0 24 421 489 83 7 0 0 0 
0 277 523 134 81 9 0 0 0 275 531 112 63 43 0 0 13 419 443 92 57 0 0 0 
2 170 192 161 144 306 49 0 1 164 131 77 264 320 64 3 37 288 203 99 237 127 33 0 
0 75 190 396 262 93 8 0 0 57 168 141 151 349 140 18 11 170 399 375 69 0 0 0 
0 19 242 278 167 180 133 5 0 10 194 194 169 134 156 167 1 107 341 222 158 182 13 0 
0 11 161 418 218 176 40 0 0 9 178 373 162 103 145 54 6 64 316 405 206 23 4 0 
0 2 110 427 231 131 113 10 0 0 140 383 179 90 129 103 0 31 368 325 202 89 8 1 
0 1 133 363 238 239 48 2 0 3 179 346 189 155 119 33 2 59 355 332 207 62 7 0 
0 1 67 398 281 206 60 11 0 0 124 410 259 116 75 40 0 83 249 312 262 95 18 5 
0 0 30 186 289 395 108 16 0 1 30 131 195 312 281 74 34 81 184 281 284 133 27 0 
0 0 23 92 264 343 212 90 0 0 28 113 217 246 214 206 0 21 75 280 367 248 33 0 
0 0 33 114 223 274 248 132 0 1 54 121 234 218 209 187 0 23 71 155 188 188 149 250 
0 0 34 179 296 228 188 99 0 0 32 214 288 215 165 110 0 4 69 210 191 149 154 247 
0 41 138 277 258 153 106 51 0 26 123 270 281 149 103 72 41 142 165 171 123 135 119 128 
11 217 55 146 276 246 67 6 0 214 78 151 206 265 104 6 24 227 135 300 236 87 14 1 
50 898 17 14 19 14 11 1 2 921 42 15 24 11 7 2 16 937 20 20 19 10 2 0 
258 554 33 37 54 67 21 0 1 791 41 32 88 60 11 0 5 804 62 50 62 21 12 8 
169 255 154 114 114 101 81 36 11 318 167 198 190 97 41 2 29 446 178 122 133 65 33 18 
78 327 139 130 126 123 59 42 7 348 212 211 129 51 32 34 15 312 210 184 147 71 26 59 
38 568 259 102 41 14 2 0 4 387 392 154 61 22 4 0 87 580 244 80 26 4 3 0 
5 206 227 173 101 75 156 81 9 130 322 276 154 88 34 11 53 224 319 170 105 56 37 60 
8 40 136 262 237 175 92 74 5 38 80 268 227 213 113 80 27 153 134 148 177 98 84 203 
4 74 142 179 231 187 181 26 3 60 145 155 227 184 143 107 20 77 84 147 230 119 113 234 
0 5 76 222 221 283 206 11 0 1 56 169 239 219 274 66 0 3 26 132 87 101 148 527 
2 27 71 197 355 265 103 4 0 13 58 107 235 351 224 36 14 34 49 209 312 236 139 31 
5 61 246 325 147 187 53 0 6 31 128 332 220 122 165 20 48 227 174 210 108 160 93 4 
2 53 141 300 347 131 46 4 1 40 160 284 293 198 44 4 39 153 269 308 169 66 20 0 
2 95 215 141 141 169 177 84 0 125 317 309 213 46 14 0 116 274 222 259 122 30 1 0 
8 188 338 215 129 77 55 14 0 77 311 392 175 40 22 7 158 483 218 89 63 12 1 0 
3 202 587 212 20 0 0 0 2 70 421 434 86 11 0 0 77 620 301 26 0 0 0 0 
2 152 585 207 61 12 5 0 2 137 469 293 95 22 6 0 28 443 458 71 14 8 2 0 
1 216 588 201 17 1 0 0 1 242 595 167 18 1 0 0 22 424 503 70 5 0 0 0 
0 63 676 256 29 0 0 0 0 88 684 228 24 0 0 0 6 248 656 111 3 0 0 0 
0 51 481 248 235 9 0 0 0 63 488 208 234 31 0 0 0 208 456 224 136 0 0 0 
71 91 293 375 172 21 1 0 63 99 153 188 303 206 12 0 122 207 396 261 33 5 0 0 
0 10 81 335 335 243 20 0 0 0 17 98 216 264 341 88 4 102 356 335 94 122 11 0 
0 8 222 328 247 169 50 0 0 2 152 245 216 165 157 87 4 128 364 245 192 84 7 0 
0 15 187 395 192 228 7 0 0 4 172 342 163 70 228 45 5 73 386 364 188 8 0 0 
0 0 126 276 256 237 123 6 0 0 76 220 177 150 246 155 2 99 276 276 245 123 3 0 
0 0 138 441 226 148 66 5 0 0 195 369 166 95 130 69 11 79 405 330 144 48 6 1 
0 2 80 335 315 255 33 4 0 1 86 268 163 171 296 39 2 99 353 257 258 49 5 1 
0 0 42 224 424 219 99 16 0 0 44 149 180 306 237 108 16 148 240 340 150 99 27 4 
0 0 67 320 240 151 194 52 0 0 115 245 172 149 118 225 5 181 278 195 179 175 11 0 
0 1 63 344 273 182 118 43 0 3 108 261 304 200 107 41 2 78 247 276 174 112 93 42 
0 3 126 321 285 171 93 25 0 14 195 293 269 156 89 8 2 80 223 243 205 127 81 63 
0 6 209 398 234 113 59 5 0 10 200 403 214 86 60 51 4 159 365 239 155 61 30 11 
14 273 278 212 170 60 14 3 5 238 315 235 161 53 13 4 52 439 258 187 63 21 3 1 
114 727 113 63 7 0 0 0 0 544 252 153 69 6 0 0 0 638 175 135 68 8 0 0 
917 107 0 0 0 0 0 0 2 918 104 0 0 0 0 0 86 853 85 0 0 0 0 0 
427 294 45 37 59 101 46 15 11 712 46 120 101 34 0 0 40 688 41 107 107 32 9 0 
696 313 7 8 0 0 0 0 3 1000 12 8 1 0 0 0 12 994 9 9 0 0 0 0 
37 987 0 0 0 0 0 0 0 1004 20 0 0 0 0 0 0 1024 0 0 0 0 0 0 
44 603 84 51 37 48 68 89 0 379 387 92 34 47 54 31 0 422 261 83 67 82 33 76 
36 326 127 301 113 64 52 5 0 225 200 167 299 71 51 11 20 479 247 78 34 38 51 77 
5 113 259 204 155 108 123 57 1 68 207 292 164 135 84 73 17 143 237 130 114 90 99 194 
2 84 174 228 167 142 178 49 0 32 167 165 233 145 146 136 11 75 116 164 122 90 103 343 
4 43 207 221 165 211 157 16 2 30 135 265 181 135 178 98 7 110 197 146 86 73 65 340 
9 76 267 315 169 147 38 3 11 47 165 324 218 157 98 4 95 273 230 126 65 87 59 89 
0 13 152 317 250 197 81 14 8 90 171 263 364 123 5 0 38 306 391 238 47 4 0 0 
2 23 79 234 278 200 148 60 3 119 206 281 343 70 2 0 10 226 427 258 84 19 0 0 
5 165 285 157 112 95 116 89 5 172 354 290 116 64 21 2 36 393 310 156 85 26 18 0 
6 228 376 171 108 70 46 19 6 296 408 205 60 40 9 0 38 463 402 80 39 2 0 0 
5 277 595 130 17 0 0 0 10 271 527 174 39 3 0 0 33 551 412 28 0 0 0 0 
0 39 497 421 37 18 6 6 0 52 377 432 131 17 9 6 1 330 550 107 14 7 9 6 
0 76 690 252 6 0 0 0 1 98 702 219 4 0 0 0 2 267 679 75 1 0 0 0 
2 254 614 142 11 1 0 0 1 242 624 138 19 0 0 0 18 526 415 59 6 0 0 0 
1 16 291 399 164 148 5 0 0 13 118 213 324 216 112 28 11 174 421 256 84 77 1 0 
0 0 146 449 331 95 3 0 0 0 25 112 252 382 232 21 11 200 479 204 84 45 1 0 
1 10 123 254 289 245 86 16 0 10 100 206 162 176 284 86 2 41 214 318 274 130 44 1 
0 0 149 262 346 245 22 0 0 1 73 192 193 164 371 30 3 76 243 450 206 40 6 0 
0 0 108 244 246 398 27 1 0 1 20 114 209 173 369 138 12 83 196 282 423 26 2 0 
0 2 70 166 419 309 53 5 0 0 27 65 117 254 473 88 1 103 231 267 220 202 0 0 
0 46 120 267 419 117 51 4 0 0 89 279 213 256 178 9 19 179 353 254 130 76 13 0 
0 14 76 173 244 295 212 10 0 0 17 114 119 199 255 320 14 136 231 278 218 145 2 0 
0 10 107 549 210 87 55 6 0 1 175 489 170 113 52 24 16 253 426 163 106 52 8 0 
0 0 46 479 235 111 72 81 0 1 82 403 243 128 72 95 25 310 225 157 114 75 35 83 
0 3 156 465 230 111 44 15 0 4 181 412 274 108 39 6 13 293 320 201 122 48 25 2 
0 6 238 404 208 136 32 0 0 3 220 393 172 120 105 11 74 324 285 219 109 13 0 0 
0 26 354 349 179 65 35 16 0 30 356 367 145 67 28 31 67 429 268 161 70 26 3 0 
101 336 300 125 73 49 19 21 2 170 174 475 109 56 24 14 26 197 282 366 83 55 12 3 
831 193 0 0 0 0 0 0 2 1022 0 0 0 0 0 0 65 959 0 0 0 0 0 0 
947 77 0 0 0 0 0 0 0 1024 0 0 0 0 0 0 23 1001 0 0 0 0 0 0 
816 208 0 0 0 0 0 0 0 1024 0 0 0 0 0 0 64 960 0 0 0 0 0 0 
695 278 26 8 6 8 3 0 0 931 29 28 17 9 9 1 34 913 21 26 12 9 8 1 
159 661 101 38 15 10 12 28 0 340 282 332 62 8 0 0 0 419 265 255 53 28 4 0 
110 914 0 0 0 0 0 0 0 533 491 0 0 0 0 0 0 1020 4 0 0 0 0 0 
10 898 53 49 6 3 5 0 0 270 643 46 48 10 5 2 9 943 52 4 5 1 4 6 
52 439 169 106 104 78 46 30 24 155 439 127 87 95 51 46 20 395 228 83 59 69 55 115 
3 29 140 276 227 190 154 5 1 35 83 310 268 134 140 53 15 76 157 179 129 112 88 268 
4 31 214 365 223 108 71 8 7 36 84 343 343 159 43 9 42 280 291 216 137 28 18 12 
1 37 189 292 295 87 75 48 1 56 183 272 298 204 10 0 80 283 325 259 77 0 0 0 
0 20 137 223 313 188 110 33 6 86 182 327 309 106 8 0 13 167 388 351 101 4 0 0 
6 233 296 134 101 78 75 101 9 302 306 214 113 51 26 3 35 343 300 179 101 49 17 0 
5 412 490 110 7 0 0 0 6 429 450 127 12 0 0 0 44 629 327 23 1 0 0 0 
3 162 578 268 13 0 0 0 4 179 506 268 66 1 0 0 20 412 489 101 2 0 0 0 
0 52 528 406 37 1 0 0 1 65 562 360 35 1 0 0 4 165 653 191 11 0 0 0 
0 137 592 275 20 0 0 0 0 160 621 230 13 0 0 0 5 320 585 111 3 0 0 0 
0 49 604 349 22 0 0 0 0 80 624 274 46 0 0 0 0 247 688 89 0 0 0 0 
0 13 721 179 44 65 2 0 0 1 31 139 715 72 46 20 42 681 187 43 17 54 0 0 
0 58 241 432 284 7 2 0 0 0 22 133 314 427 128 0 121 362 420 111 7 3 0 0 
0 9 101 174 440 275 25 0 0 0 10 87 186 344 357 40 10 79 187 498 217 32 1 0 
0 3 88 255 481 173 22 2 0 3 81 203 191 235 308 3 0 35 215 527 201 38 8 0 
0 0 38 263 391 254 42 36 0 0 9 59 145 361 316 134 0 21 167 508 269 52 7 0 
0 8 150 306 402 146 10 2 0 0 23 133 189 390 225 64 7 219 353 319 121 5 0 0 
0 11 159 327 277 220 27 3 0 1 121 215 194 213 200 80 6 116 402 302 129 61 8 0 
0 10 122 249 144 343 156 0 0 0 63 189 105 169 227 271 22 175 271 236 223 97 0 0 
0 7 247 453 180 84 51 2 0 1 143 529 200 70 34 47 57 418 264 159 109 16 1 0 
0 2 103 635 193 53 29 9 0 2 237 567 151 46 20 1 99 484 254 90 63 30 4 0 
0 3 284 508 194 22 11 2 0 2 260 522 172 43 14 11 162 533 228 72 21 7 1 0 
0 26 308 356 179 88 57 10 0 10 253 307 174 125 92 63 86 354 305 180 83 15 1 0 
2 114 453 253 118 46 30 8 3 129 461 236 107 33 23 32 99 402 301 142 75 5 0 0 
130 210 452 178 50 4 0 0 1 256 132 356 226 49 4 0 34 283 93 401 167 43 3 0 
202 766 56 0 0 0 0 0 1 907 106 10 0 0 0 0 4 890 117 13 0 0 0 0 
147 498 366 13 0 0 0 0 7 425 541 51 0 0 0 0 27 460 508 29 0 0 0 0 
608 372 33 2 3 0 5 1 29 868 114 3 2 2 0 6 110 819 88 4 3 0 0 0 
284 265 184 51 57 75 91 17 80 312 68 248 92 68 98 58 182 272 101 310 112 30 16 1 
259 623 63 23 37 17 2 0 0 711 51 173 31 35 21 2 0 724 72 145 27 25 29 2 
196 828 0 0 0 0 0 0 0 951 73 0 0 0 0 0 0 1022 2 0 0 0 0 0 
59 962 3 0 0 0 0 0 2 163 856 3 0 0 0 0 10 945 69 0 0 0 0 0 
266 458 57 70 101 49 19 4 177 404 189 64 85 70 26 9 341 384 77 105 70 25 17 5 
3 18 113 236 323 214 101 16 1 11 54 214 257 256 171 60 11 59 131 249 193 151 64 166 
2 60 240 327 163 150 71 11 2 63 181 244 293 148 85 8 51 278 239 180 119 82 39 36 
1 124 479 296 85 26 13 0 0 18 247 492 206 51 10 0 95 537 243 110 31 8 0 0 
10 96 155 318 220 143 64 18 21 132 209 265 311 85 1 0 25 201 335 348 107 8 0 0 
2 199 552 196 61 11 2 1 1 81 445 379 84 32 2 0 29 482 378 99 27 9 0 0 
2 204 515 263 37 2 1 0 1 216 508 256 40 2 1 0 12 369 517 114 11 1 0 0 
0 116 498 357 52 1 0 0 0 144 528 302 49 1 0 0 3 307 542 157 15 0 0 0 
0 52 378 486 97 11 0 0 0 66 414 442 91 11 0 0 2 145 531 303 41 2 0 0 
0 27 305 567 121 4 0 0 0 48 400 487 86 3 0 0 3 105 586 299 31 0 0 0 
0 2 417 534 67 4 0 0 0 6 479 471 68 0 0 0 0 46 719 247 12 0 0 0 
0 49 773 167 32 3 0 0 0 0 0 168 775 81 0 0 282 594 118 30 0 0 0 0 
0 23 431 497 73 0 0 0 0 0 7 69 521 394 33 0 65 688 261 10 0 0 0 0 
0 71 157 391 325 79 1 0 0 0 74 129 161 450 191 19 56 129 357 422 59 1 0 0 
0 1 100 241 465 203 12 2 0 1 24 72 226 343 354 4 1 86 238 464 202 25 7 1 
0 8 73 282 463 183 15 0 0 0 2 52 150 345 399 76 14 65 265 599 76 4 1 0 
3 33 210 459 227 87 5 0 0 0 41 192 267 339 155 30 68 442 368 114 23 9 0 0 
0 1 142 288 390 180 19 4 0 1 79 91 197 298 326 32 6 163 388 268 146 39 12 2 
0 3 70 293 249 331 76 2 0 0 45 144 204 252 301 78 9 146 195 303 182 158 31 0 
0 6 135 217 284 312 63 7 0 1 109 194 198 127 310 85 9 137 173 214 278 160 49 4 
0 4 209 332 199 204 67 9 0 2 199 360 85 59 228 91 31 351 178 103 201 101 58 1 
0 7 247 298 220 169 69 14 0 5 235 239 170 186 133 56 34 281 270 225 156 50 8 0 
0 85 354 292 161 86 36 10 0 110 362 246 153 67 68 18 26 310 357 221 79 27 4 0 
3 187 469 253 97 13 2 0 5 247 399 223 117 31 2 0 30 391 320 178 74 31 0 0 
17 322 417 228 38 2 0 0 0 34 187 462 284 55 2 0 0 68 209 504 189 50 4 0 
154 576 278 15 1 0 0 0 88 496 279 152 9 0 0 0 118 497 302 101 6 0 0 0 
5 722 161 52 35 41 8 0 1 627 262 39 11 24 46 14 13 274 657 71 9 0 0 0 
243 437 55 47 46 98 93 5 169 465 79 34 38 52 85 102 174 471 174 167 38 0 0 0 
162 342 306 165 40 9 0 0 115 223 87 227 285 72 15 0 121 233 84 289 229 59 9 0 
8 999 17 0 0 0 0 0 0 634 326 64 0 0 0 0 0 921 57 46 0 0 0 0 
84 844 83 13 0 0 0 0 1 698 286 38 1 0 0 0 4 855 126 39 0 0 0 0 
226 700 46 35 14 3 0 0 48 857 84 28 7 0 0 0 72 858 83 6 5 0 0 0 
98 521 211 113 40 35 6 0 95 499 207 109 49 35 29 1 126 568 182 69 43 30 6 0 
37 186 279 409 100 12 1 0 17 129 205 262 328 78 5 0 118 423 317 132 28 4 2 0 
9 128 326 298 192 60 11 0 8 107 285 312 255 52 5 0 62 442 344 130 44 2 0 0 
1 33 272 404 229 60 15 10 0 36 169 438 274 96 11 0 4 105 414 333 144 22 2 0 
23 243 293 199 156 78 32 0 31 276 286 173 129 75 51 3 33 302 314 188 101 55 31 0 
9 264 411 237 72 26 5 0 9 277 408 237 56 34 3 0 28 410 400 138 40 8 0 0 
0 154 442 319 85 19 5 0 0 192 443 301 68 15 5 0 7 309 453 211 36 8 0 0 
0 53 456 414 89 11 1 0 0 69 481 379 85 10 0 0 14 216 561 186 44 3 0 0 
0 15 216 495 258 31 9 0 0 21 265 513 196 21 8 0 0 72 385 462 95 8 2 0 
0 3 216 472 280 53 0 0 0 16 265 493 213 37 0 0 0 50 371 470 130 3 0 0 
0 0 39 537 385 55 8 0 0 0 96 611 268 43 6 0 0 1 266 614 118 24 1 0 
0 84 622 318 0 0 0 0 0 0 3 322 530 169 0 0 211 635 142 36 0 0 0 0 
0 140 564 310 10 0 0 0 0 0 15 344 529 136 0 0 271 535 152 66 0 0 0 0 
0 18 109 608 257 32 0 0 0 0 2 87 162 632 136 5 5 101 595 323 0 0 0 0 
3 15 172 389 401 39 5 0 0 0 20 85 266 543 98 12 18 221 499 227 58 1 0 0 
0 48 140 146 485 200 5 0 0 0 42 111 144 166 512 49 25 134 467 306 77 15 0 0 
0 5 256 477 249 36 1 0 0 0 45 156 276 364 167 16 113 455 346 96 13 1 0 0 
0 25 338 466 177 18 0 0 0 0 38 111 424 373 78 0 44 382 405 165 26 2 0 0 
0 0 75 235 411 254 43 6 0 1 67 160 206 286 241 63 3 60 223 424 228 65 20 1 
0 14 202 343 257 175 31 2 0 7 191 308 293 137 88 0 8 149 314 297 188 56 11 1 
0 23 263 258 204 151 104 21 0 3 135 270 250 168 96 102 31 244 291 265 153 37 3 0 
0 12 126 303 275 208 85 15 0 10 66 160 234 300 195 59 1 77 293 385 226 42 0 0 
2 113 411 260 151 42 20 25 0 134 341 238 126 123 61 1 24 328 412 190 48 20 2 0 
1 178 590 216 34 5 0 0 0 172 305 279 267 1 0 0 8 219 355 291 151 0 0 0 
117 652 195 60 0 0 0 0 5 256 492 138 127 6 0 0 8 216 544 168 84 4 0 0 
71 495 289 62 76 25 6 0 51 336 436 41 21 79 52 8 134 263 481 142 4 0 0 0 
0 550 187 35 93 85 69 5 0 325 368 51 36 78 84 82 1 138 680 179 26 0 0 0 
237 309 347 70 14 20 14 13 215 306 38 72 334 28 12 19 210 321 55 131 284 20 3 0 
7 330 315 237 114 21 0 0 1 5 278 226 293 178 43 0 2 25 264 235 275 183 40 0 
1 941 51 29 2 0 0 0 0 159 824 32 9 0 0 0 0 586 401 31 6 0 0 0 
42 619 262 92 9 0 0 0 36 381 490 95 22 0 0 0 44 481 386 91 22 0 0 0 
49 544 318 110 3 0 0 0 46 463 398 114 3 0 0 0 51 506 367 96 4 0 0 0 
33 503 364 83 34 7 0 0 35 521 351 71 25 20 1 0 60 548 324 73 13 2 4 0 
55 239 294 202 195 32 6 1 51 232 249 160 212 111 8 1 86 347 305 197 73 9 5 2 
34 134 398 323 108 22 5 0 19 110 240 399 203 41 12 0 71 325 456 146 22 4 0 0 
7 142 267 306 220 71 6 5 7 118 178 237 264 182 33 5 33 313 256 136 191 90 5 0 
9 356 311 185 64 59 30 10 15 373 313 151 67 55 39 11 31 403 311 113 38 21 49 58 
2 129 380 340 137 25 4 7 3 152 379 326 127 26 4 7 15 231 415 294 52 8 4 5 
0 53 212 268 147 49 21 274 0 76 234 249 126 47 19 273 5 121 267 216 88 36 23 268 
0 11 136 395 412 62 8 0 0 19 202 467 295 34 7 0 0 42 291 509 163 16 3 0 
0 1 75 368 464 95 17 4 0 1 113 481 361 52 14 2 0 17 179 570 221 31 5 1 
0 0 16 414 517 66 11 0 0 0 42 528 400 44 10 0 0 0 105 676 224 14 5 0 
0 2 57 398 455 97 15 0 0 4 83 505 353 72 7 0 0 9 144 598 225 48 0 0 
2 174 629 170 49 0 0 0 0 24 58 233 632 77 0 0 234 599 117 37 37 0 0 0 
0 491 354 135 44 0 0 0 0 0 4 731 224 65 0 0 290 526 115 93 0 0 0 0 
0 19 187 664 90 37 26 1 0 0 26 74 344 497 52 31 40 378 510 77 19 0 0 0 
0 0 338 353 211 55 49 18 0 0 0 95 473 299 142 15 16 267 520 151 45 25 0 0 
0 67 184 266 480 26 1 0 0 0 78 212 142 251 341 0 3 272 594 142 9 3 1 0 
0 2 249 688 54 20 11 0 0 1 101 191 286 437 8 0 74 520 354 47 25 4 0 0 
0 14 287 436 224 53 10 0 0 0 60 213 312 327 86 26 21 271 496 210 25 1 0 0 
0 22 236 421 241 95 9 0 0 7 188 186 185 313 126 19 18 253 507 209 34 3 0 0 
0 8 211 367 195 120 118 5 0 1 91 243 267 193 103 126 23 193 400 213 151 42 2 0 
0 6 318 306 227 111 55 1 0 7 47 130 450 214 123 53 27 368 332 218 77 2 0 0 
0 40 252 348 212 134 35 3 0 69 260 234 202 150 95 14 4 127 441 285 137 28 2 0 
4 164 303 271 215 59 8 0 5 180 284 218 143 146 48 0 51 336 341 228 59 8 1 0 
12 298 526 153 31 4 0 0 5 134 522 282 78 3 0 0 46 249 655 61 13 0 0 0 
213 524 84 83 88 26 6 0 28 540 221 29 35 100 64 7 49 541 351 80 3 0 0 0 
0 327 358 90 127 67 55 0 0 131 488 72 46 125 84 78 2 61 766 194 1 0 0 0 
207 540 137 23 24 23 40 30 200 330 331 32 21 23 23 64 184 118 588 49 53 32 0 0 
227 210 444 135 2 2 2 2 210 39 128 163 449 30 1 4 206 106 81 231 386 14 0 0 
7 795 168 54 0 0 0 0 0 0 747 97 157 23 0 0 0 0 750 90 132 52 0 0 
10 459 334 182 38 1 0 0 6 77 618 266 57 0 0 0 3 136 619 217 49 0 0 0 
7 75 428 384 124 6 0 0 8 101 447 367 97 4 0 0 7 128 452 348 85 4 0 0 
7 133 407 381 94 2 0 0 11 164 431 350 67 1 0 0 19 192 452 316 44 1 0 0 
8 132 399 325 135 23 2 0 11 148 420 304 119 20 2 0 15 191 433 285 85 13 2 0 
9 286 384 243 76 14 10 2 16 301 419 202 59 15 10 2 33 367 428 140 41 11 4 0 
10 134 229 406 176 42 15 12 12 141 198 332 265 45 16 15 28 195 408 292 79 17 5 0 
2 57 142 424 271 88 36 4 0 44 92 293 402 140 45 8 21 184 407 226 92 43 26 25 
3 33 163 395 301 110 19 0 4 49 200 377 296 81 16 1 4 64 301 380 179 76 18 2 
0 25 173 443 286 74 16 7 0 37 228 460 235 47 10 7 1 64 292 466 150 40 5 6 
0 0 20 189 383 164 75 193 0 0 35 238 361 128 72 190 0 1 41 301 323 103 68 187 
0 0 26 228 472 248 46 4 0 6 51 334 415 181 36 1 0 4 92 447 359 104 17 1 
0 0 2 172 509 285 53 3 0 0 4 305 475 205 34 1 0 1 24 446 415 126 12 0 
0 0 5 170 569 239 38 3 0 0 16 265 542 169 32 0 0 0 27 434 453 99 11 0 
0 0 0 228 460 258 77 1 0 0 8 324 454 192 45 1 0 0 25 445 397 143 14 0 
4 392 620 8 0 0 0 0 0 1 200 398 420 5 0 0 461 550 13 0 0 0 0 0 
0 829 113 82 0 0 0 0 0 0 328 592 73 31 0 0 455 558 11 0 0 0 0 0 
0 22 508 344 70 59 21 0 0 0 13 62 599 236 78 36 95 641 218 62 8 0 0 0 
0 28 236 391 185 76 105 3 0 0 1 134 317 337 162 73 44 308 446 109 111 6 0 0 
0 41 352 410 187 34 0 0 0 22 248 202 131 306 114 1 38 401 470 98 14 3 0 0 
0 82 482 389 68 3 0 0 0 2 133 133 504 201 48 3 256 512 233 21 2 0 0 0 
0 95 334 280 237 76 2 0 0 0 51 281 262 275 143 12 38 350 441 129 63 3 0 0 
0 10 125 393 248 182 66 0 0 8 57 184 327 216 154 78 8 123 337 274 237 44 1 0 
0 43 243 419 189 89 41 0 0 1 37 141 293 384 102 66 86 404 394 115 24 1 0 0 
1 60 287 368 227 77 4 0 0 5 59 135 402 304 118 1 39 295 469 187 31 3 0 0 
0 34 258 391 227 77 37 0 0 14 132 285 341 175 77 0 6 265 359 262 91 33 8 0 
1 222 378 274 122 18 6 3 2 210 323 255 114 103 16 1 56 449 343 121 43 7 4 1 
11 270 362 257 100 20 4 0 18 182 369 187 77 169 10 12 72 359 488 92 9 4 0 0 
67 444 89 194 130 63 37 0 25 382 131 51 58 229 78 70 67 304 552 99 2 0 0 0 
2 696 195 17 19 16 44 35 0 403 474 21 18 15 15 78 1 104 790 39 42 47 1 0 
597 326 27 12 7 12 20 23 612 273 60 11 8 7 11 42 605 167 183 18 17 34 0 0 
261 488 275 0 0 0 0 0 245 41 583 155 0 0 0 0 252 51 630 91 0 0 0 0 
0 612 395 17 0 0 0 0 0 0 700 309 15 0 0 0 0 0 746 260 17 1 0 0 
27 323 291 271 101 10 1 0 27 234 385 291 79 7 1 0 34 245 416 261 64 4 0 0 
1 80 246 401 250 40 6 0 2 105 291 401 192 28 5 0 5 115 333 396 150 23 2 0 
0 60 249 416 242 43 14 0 0 82 293 414 189 37 9 0 1 99 339 407 149 24 5 0 
4 226 370 259 130 32 3 0 8 295 343 239 111 25 3 0 18 307 389 209 88 12 1 0 
1 163 363 290 178 27 2 0 4 217 365 270 146 21 1 0 14 249 386 290 81 4 0 0 
0 199 402 247 130 36 10 0 1 274 355 238 108 32 16 0 1 342 374 243 50 13 1 0 
1 47 199 390 259 109 17 2 1 58 216 324 270 136 17 2 5 99 334 407 141 31 7 0 
0 11 141 403 321 119 28 1 0 24 173 446 254 105 21 1 0 35 246 467 191 77 8 0 
0 1 41 253 506 192 27 4 0 5 67 327 463 143 16 3 0 5 109 434 389 75 11 1 
0 0 19 161 476 274 83 11 0 0 33 237 470 211 67 6 0 0 49 365 422 154 33 1 
0 0 4 156 464 290 95 15 0 0 13 238 465 230 66 12 0 0 27 347 433 180 35 2 
0 0 4 113 629 238 39 1 0 0 10 237 610 149 17 1 0 2 40 371 515 87 9 0 
0 0 10 154 458 346 56 0 0 0 19 232 480 268 25 0 0 1 33 323 487 173 7 0 
0 0 1 87 527 377 32 0 0 0 3 178 578 248 17 0 0 0 11 296 583 129 5 0 
10 406 223 209 169 7 0 0 0 12 331 176 184 275 46 0 330 387 152 141 14 0 0 0 
1 663 208 98 30 24 0 0 0 11 602 209 135 33 33 1 422 429 114 37 22 0 0 0 
0 178 502 255 48 38 3 0 0 0 63 275 471 150 54 11 301 495 202 25 1 0 0 0 
0 70 399 220 167 84 84 0 0 0 11 219 313 223 154 104 121 484 221 106 92 0 0 0 
5 222 394 229 150 24 0 0 0 3 207 182 316 221 95 0 112 643 172 75 22 0 0 0 
0 88 418 324 173 21 0 0 0 0 0 249 338 271 165 1 205 612 142 55 10 0 0 0 
1 76 285 302 249 111 0 0 0 0 87 137 340 235 219 6 34 297 408 216 69 0 0 0 
0 227 342 239 202 14 0 0 0 10 193 240 294 246 41 0 67 418 280 230 28 1 0 0 
0 42 398 345 140 89 10 0 0 0 33 277 327 224 104 59 85 444 337 142 16 0 0 0 
0 54 524 382 60 4 0 0 0 53 188 144 467 166 6 0 7 505 417 82 13 0 0 0 
0 94 361 413 136 18 2 0 0 84 239 240 303 140 18 0 8 357 470 153 31 5 0 0 
1 142 374 386 79 37 5 0 2 164 281 202 231 113 26 5 23 393 442 113 42 11 0 0 
20 247 204 361 110 82 0 0 17 258 133 115 169 194 89 49 56 495 381 88 4 0 0 0 
85 746 79 24 6 14 17 53 74 748 75 26 14 9 10 68 126 662 146 16 28 46 0 0 
1 810 51 19 16 14 41 72 0 710 135 24 17 14 16 108 4 386 477 30 38 85 4 0 
293 731 0 0 0 0 0 0 386 638 0 0 0 0 0 0 503 520 1 0 0 0 0 0 
176 449 399 0 0 0 0 0 113 241 574 96 0 0 0 0 143 336 490 55 0 0 0 0 
4 134 526 238 113 9 0 0 4 91 266 447 173 43 0 0 7 107 242 409 171 88 0 0 
4 143 344 370 137 24 2 0 9 165 362 321 147 20 0 0 19 208 395 325 66 11 0 0 
0 126 258 305 255 76 4 0 3 159 259 324 219 59 1 0 10 158 272 371 174 38 1 0 
0 82 200 305 315 96 26 0 2 120 195 352 263 73 19 0 2 113 256 382 207 58 6 0 
0 205 546 162 87 22 2 0 1 320 460 152 77 12 2 0 3 374 430 146 61 9 1 0 
0 83 226 288 301 102 24 0 0 131 236 340 235 71 11 0 1 139 282 370 177 51 4 0 
1 63 383 266 208 74 21 8 2 120 379 269 175 51 23 5 5 182 365 279 137 42 12 2 
0 16 108 214 340 189 126 31 1 36 131 268 324 149 93 22 1 48 165 296 296 131 74 13 
0 2 91 264 328 247 70 22 0 12 113 298 315 216 57 13 0 14 142 322 336 164 40 6 
0 1 56 222 403 234 78 30 0 3 75 262 398 195 73 18 0 7 96 346 385 140 45 5 
0 0 15 164 438 316 74 17 0 0 50 240 428 249 48 9 0 3 64 304 437 176 39 1 
0 0 21 145 384 368 97 9 0 0 45 211 417 287 60 4 0 0 60 292 445 196 31 0 
0 0 0 47 347 474 136 20 0 0 1 79 457 378 100 9 0 0 5 134 541 279 63 2 
0 0 1 55 375 383 192 18 0 0 1 125 424 355 105 14 0 0 8 204 456 293 62 1 
0 0 0 24 494 448 58 0 0 0 0 101 610 287 26 0 0 0 1 226 647 141 9 0 
2 434 464 124 0 0 0 0 0 36 268 328 364 28 0 0 382 641 1 0 0 0 0 0 
24 458 251 145 40 80 21 5 0 95 334 295 173 38 67 22 332 491 67 70 52 12 0 0 
0 331 447 143 67 36 0 0 0 12 156 399 314 89 51 3 429 457 92 44 2 0 0 0 
0 210 322 194 126 153 19 0 0 0 183 274 169 168 171 59 154 595 122 134 19 0 0 0 
11 194 521 265 30 3 0 0 0 29 123 183 458 221 10 0 137 748 111 28 0 0 0 0 
0 54 541 182 205 42 0 0 0 0 2 224 441 174 183 0 79 543 162 227 13 0 0 0 
21 245 340 272 136 10 0 0 3 38 213 227 278 214 51 0 114 451 373 72 13 1 0 0 
16 169 288 197 169 179 6 0 0 22 120 250 228 123 236 45 142 320 269 173 114 6 0 0 
0 140 610 170 49 41 14 0 0 0 14 407 437 84 46 36 53 831 101 39 0 0 0 0 
2 109 412 437 61 3 0 0 0 42 131 312 372 138 29 0 48 455 447 69 5 0 0 0 
0 60 263 245 287 139 30 0 0 28 83 134 243 201 256 79 25 231 218 251 214 84 1 0 
2 80 311 376 188 64 3 0 0 75 74 84 420 213 155 3 18 401 422 144 35 4 0 0 
3 192 283 259 121 46 90 30 3 145 184 214 221 104 49 104 54 334 297 171 100 68 0 0 
52 482 88 104 61 31 102 104 25 509 88 80 70 32 33 187 29 493 167 94 67 152 22 0 
7 1017 0 0 0 0 0 0 0 1024 0 0 0 0 0 0 0 1002 22 0 0 0 0 0 
38 931 32 10 10 3 0 0 59 913 29 12 8 3 0 0 76 785 140 16 7 0 0 0 
60 587 173 126 67 11 0 0 50 277 501 133 56 5 2 0 53 426 361 138 43 3 0 0 
2 106 352 347 158 49 10 0 1 90 328 390 162 44 9 0 3 99 348 385 144 38 6 1 
1 54 165 426 290 74 14 0 3 64 212 443 228 61 13 0 1 65 238 448 215 50 7 0 
0 50 161 270 339 143 51 10 0 82 169 306 308 122 30 7 2 70 193 338 287 103 27 4 
0 34 112 276 389 168 37 8 0 52 133 310 347 142 38 2 1 60 142 393 316 90 20 2 
0 49 490 184 165 95 35 6 0 97 481 174 155 88 25 4 1 127 464 182 148 80 19 3 
0 19 211 250 316 165 58 5 1 36 239 282 293 130 39 4 3 41 268 289 286 111 23 3 
0 5 160 211 314 222 98 14 0 38 183 250 301 176 67 9 0 45 206 261 303 156 50 3 
0 0 17 113 328 371 173 22 0 1 26 182 383 339 85 8 0 3 36 238 438 259 50 0 
0 0 4 53 312 363 217 75 0 0 8 108 386 304 165 53 0 0 13 149 395 305 125 37 
0 0 37 169 317 328 156 17 0 0 61 203 350 286 117 7 0 0 75 239 376 248 83 3 
0 0 10 214 347 290 133 30 0 0 37 273 343 244 107 20 0 1 68 313 364 202 71 5 
0 0 2 52 325 406 231 8 0 0 8 103 425 351 132 5 0 0 10 169 452 330 63 0 
0 0 0 43 365 444 147 25 0 0 1 84 458 355 111 15 0 0 9 145 479 303 82 6 
0 0 0 3 314 524 171 12 0 0 0 17 466 434 102 5 0 0 0 53 566 354 50 1 
0 0 0 23 516 395 84 6 0 0 0 103 578 294 49 0 0 0 0 205 620 177 22 0 
1 342 250 403 28 0 0 0 0 21 373 181 446 3 0 0 126 516 375 7 0 0 0 0 
19 437 402 112 54 0 0 0 0 31 342 350 295 6 0 0 416 490 80 37 1 0 0 0 
0 423 442 66 47 45 1 0 0 0 118 628 178 48 50 2 430 483 53 54 4 0 0 0 
90 407 201 177 101 48 0 0 0 161 293 168 207 97 98 0 435 429 144 16 0 0 0 0 
2 166 389 209 172 79 7 0 0 3 48 314 295 243 109 12 126 578 156 162 2 0 0 0 
1 381 550 42 41 9 0 0 0 3 137 544 326 10 4 0 130 673 169 36 16 0 0 0 
4 277 392 281 63 7 0 0 4 14 190 314 340 157 5 0 200 495 300 14 13 2 0 0 
0 276 391 144 127 86 0 0 0 64 174 381 139 109 133 24 147 530 221 82 39 5 0 0 
2 116 239 100 143 395 29 0 0 3 28 211 182 135 223 242 72 304 69 54 485 40 0 0 
3 91 319 364 199 30 18 0 0 31 78 246 257 342 39 31 43 362 288 247 76 8 0 0 
0 112 360 328 207 17 0 0 0 8 56 316 335 199 110 0 71 331 430 141 51 0 0 0 
1 158 333 265 110 64 90 3 2 96 144 279 235 121 51 96 22 373 286 210 122 11 0 0 
0 23 140 359 174 67 232 29 0 11 66 196 267 176 56 252 2 79 345 234 207 149 8 0 
0 126 379 336 168 14 1 0 1 122 249 276 231 134 11 0 7 334 399 219 59 6 0 0 
47 495 192 180 95 13 1 1 43 498 165 150 107 58 2 1 54 515 223 175 40 15 2 0 
7 247 244 336 156 29 5 0 11 260 255 326 139 28 5 0 23 235 282 322 145 14 3 0 
0 36 194 351 321 104 18 0 1 54 233 376 281 66 13 0 1 66 242 384 255 64 11 1 
0 14 83 318 361 199 46 3 0 26 100 313 367 190 26 2 3 33 162 362 334 104 25 1 
1 69 194 239 281 178 60 2 1 99 212 250 257 156 47 2 2 74 235 265 263 150 34 1 
0 33 133 235 372 176 74 1 2 57 137 292 340 154 41 1 1 43 141 321 346 146 26 0 
0 9 70 212 380 261 72 20 0 18 81 279 375 214 42 15 0 18 92 313 390 172 30 9 
0 21 152 185 354 215 84 13 0 43 158 239 349 162 65 8 1 25 174 271 346 152 52 3 
0 8 114 216 355 213 108 10 0 25 134 239 361 175 87 3 0 22 141 274 364 164 56 3 
0 0 13 129 339 346 170 27 0 0 42 200 354 311 98 19 0 2 43 207 397 277 79 19 
0 1 19 136 345 332 141 50 0 2 38 180 356 291 121 36 0 2 32 225 367 280 87 31 
0 0 9 97 317 402 164 35 0 0 29 127 412 321 109 26 0 0 32 152 434 298 88 20 
0 0 31 154 279 367 176 17 0 0 63 175 350 323 106 7 0 0 67 217 397 284 56 3 
0 0 19 320 420 210 50 5 0 0 75 376 419 123 30 1 0 0 99 392 392 122 17 2 
0 0 25 255 366 276 89 13 0 0 79 311 359 210 60 5 0 0 78 356 365 181 40 4 
0 0 0 55 356 433 176 4 0 0 1 103 445 362 111 2 0 0 2 142 505 318 57 0 
0 0 0 21 273 553 166 11 0 0 0 49 438 431 101 5 0 0 0 78 534 346 66 0 
0 0 0 0 201 725 98 0 0 0 0 9 442 537 36 0 0 0 0 28 628 358 10 0 
