0 0 0 0 0 0 0 1024 0 0 0 0 0 0 0 1024 0 0 0 0 0 0 0 1024 
0 0 0 0 0 0 0 1024 0 0 0 0 0 0 0 1024 0 0 0 0 0 0 0 1024 
0 0 0 0 0 0 0 1024 0 0 0 0 0 0 0 1024 0 0 0 0 0 0 0 1024 
0 1 2 46 32 11 12 920 0 0 0 19 44 24 13 924 0 0 0 2 53 30 12 927 
0 5 214 370 81 38 33 283 0 0 25 388 227 54 35 295 0 0 8 244 359 67 39 307 
0 4 287 290 103 18 26 296 0 1 18 461 165 49 21 309 0 1 7 443 194 44 26 309 
0 14 605 329 30 9 11 26 0 2 122 746 102 14 10 28 0 0 52 799 117 12 12 32 
0 5 116 485 131 45 49 193 0 0 26 421 262 68 55 192 0 0 17 391 251 101 46 218 
0 0 68 590 275 44 12 35 0 0 9 376 483 105 15 36 0 0 7 272 588 97 18 42 
0 0 1 11 79 93 26 814 0 0 1 4 40 135 27 817 0 0 0 1 35 125 39 824 
0 0 0 0 0 0 0 1024 0 0 0 0 0 0 0 1024 0 0 0 0 0 0 0 1024 
0 0 0 0 0 0 0 1024 0 0 0 0 0 0 0 1024 0 0 0 0 0 0 0 1024 
0 0 0 0 0 0 0 1024 0 0 0 0 0 0 0 1024 0 0 0 0 0 0 0 1024 
0 0 0 0 0 0 0 1024 0 0 0 0 0 0 0 1024 0 0 0 0 0 0 0 1024 
0 0 0 0 0 0 0 1024 0 0 0 0 0 0 0 1024 0 0 0 0 0 0 0 1024 
0 0 0 0 0 0 0 1024 0 0 0 0 0 0 0 1024 0 0 0 0 0 0 0 1024 
0 0 0 0 0 0 0 1024 0 0 0 0 0 0 0 1024 0 0 0 0 0 0 0 1024 
0 0 0 0 0 0 0 1024 0 0 0 0 0 0 0 1024 0 0 0 0 0 0 0 1024 
0 0 0 0 0 0 0 1024 0 0 0 0 0 0 0 1024 0 0 0 0 0 0 0 1024 
0 0 0 0 0 0 0 1024 0 0 0 0 0 0 0 1024 0 0 0 0 0 0 0 1024 
0 0 0 0 0 0 0 1024 0 0 0 0 0 0 0 1024 0 0 0 0 0 0 0 1024 
0 0 0 0 0 0 0 1024 0 0 0 0 0 0 0 1024 0 0 0 0 0 0 0 1024 
0 0 0 0 0 0 0 1024 0 0 0 0 0 0 0 1024 0 0 0 0 0 0 0 1024 
0 0 0 0 0 0 0 1024 0 0 0 0 0 0 0 1024 0 0 0 0 0 0 0 1024 
0 0 0 0 0 0 0 1024 0 0 0 0 0 0 0 1024 0 0 0 0 0 0 0 1024 
0 0 0 0 0 0 0 1024 0 0 0 0 0 0 0 1024 0 0 0 0 0 0 0 1024 
0 0 0 0 0 0 0 1024 0 0 0 0 0 0 0 1024 0 0 0 0 0 0 0 1024 
0 0 0 0 0 0 0 1024 0 0 0 0 0 0 0 1024 0 0 0 0 0 0 0 1024 
0 0 0 0 0 0 0 1024 0 0 0 0 0 0 0 1024 0 0 0 0 0 0 0 1024 
0 0 0 0 0 0 0 1024 0 0 0 0 0 0 0 1024 0 0 0 0 0 0 0 1024 
0 0 0 0 0 0 0 1024 0 0 0 0 0 0 0 1024 0 0 0 0 0 0 0 1024 
0 0 0 0 0 0 0 1024 0 0 0 0 0 0 0 1024 0 0 0 0 0 0 0 1024 
0 0 0 0 0 0 0 1024 0 0 0 0 0 0 0 1024 0 0 0 0 0 0 0 1024 
0 0 0 0 0 0 0 1024 0 0 0 0 0 0 0 1024 0 0 0 0 0 0 0 1024 
0 0 0 0 0 0 0 1024 0 0 0 0 0 0 0 1024 0 0 0 0 0 0 0 1024 
0 0 0 0 0 0 0 1024 0 0 0 0 0 0 0 1024 0 0 0 0 0 0 0 1024 
0 0 0 0 0 0 0 1024 0 0 0 0 0 0 0 1024 0 0 0 0 0 0 0 1024 
0 0 0 0 0 0 0 1024 0 0 0 0 0 0 0 1024 0 0 0 0 0 0 0 1024 
0 0 0 0 0 0 0 1024 0 0 0 0 0 0 0 1024 0 0 0 0 0 0 0 1024 
0 0 0 0 0 0 0 1024 0 0 0 0 0 0 0 1024 0 0 0 0 0 0 0 1024 
0 0 0 0 0 0 0 1024 0 0 0 0 0 0 0 1024 0 0 0 0 0 0 0 1024 
0 0 0 0 0 0 0 1024 0 0 0 0 0 0 0 1024 0 0 0 0 0 0 0 1024 
0 0 0 0 0 0 0 1024 0 0 0 0 0 0 0 1024 0 0 0 0 0 0 0 1024 
0 0 0 3 1 1 1 1018 0 0 0 1 3 0 1 1019 0 0 0 0 3 1 1 1019 
0 8 102 258 68 35 41 512 0 1 13 229 174 45 34 528 0 0 8 121 227 85 31 552 
1 13 434 458 60 18 13 27 0 3 83 633 240 16 17 32 0 1 27 701 227 13 17 38 
0 15 338 339 35 20 46 231 0 1 125 441 156 15 49 237 0 0 20 496 173 39 38 258 
0 6 438 405 82 27 11 55 0 1 73 602 235 45 14 54 0 1 51 635 207 55 16 59 
0 1 229 478 163 26 28 99 0 0 16 471 337 67 35 98 0 0 6 452 364 60 33 109 
0 0 0 77 157 69 33 688 0 0 0 28 174 99 35 688 0 0 0 11 122 130 54 707 
0 0 0 0 1 3 3 1017 0 0 0 0 1 2 4 1017 0 0 0 0 0 2 5 1017 
0 0 0 0 0 0 0 1024 0 0 0 0 0 0 0 1024 0 0 0 0 0 0 0 1024 
0 0 0 0 0 0 0 1024 0 0 0 0 0 0 0 1024 0 0 0 0 0 0 0 1024 
0 0 0 0 0 0 0 1024 0 0 0 0 0 0 0 1024 0 0 0 0 0 0 0 1024 
0 0 0 0 0 0 0 1024 0 0 0 0 0 0 0 1024 0 0 0 0 0 0 0 1024 
0 0 0 0 0 0 0 1024 0 0 0 0 0 0 0 1024 0 0 0 0 0 0 0 1024 
0 0 0 0 0 0 0 1024 0 0 0 0 0 0 0 1024 0 0 0 0 0 0 0 1024 
0 0 0 0 0 0 0 1024 0 0 0 0 0 0 0 1024 0 0 0 0 0 0 0 1024 
0 0 0 0 0 0 0 1024 0 0 0 0 0 0 0 1024 0 0 0 0 0 0 0 1024 
0 0 0 0 0 0 0 1024 0 0 0 0 0 0 0 1024 0 0 0 0 0 0 0 1024 
0 0 0 0 0 0 0 1024 0 0 0 0 0 0 0 1024 0 0 0 0 0 0 0 1024 
0 0 0 0 0 0 0 1024 0 0 0 0 0 0 0 1024 0 0 0 0 0 0 0 1024 
0 0 0 0 0 0 0 1024 0 0 0 0 0 0 0 1024 0 0 0 0 0 0 0 1024 
0 0 0 0 0 0 0 1024 0 0 0 0 0 0 0 1024 0 0 0 0 0 0 0 1024 
0 0 0 0 0 0 0 1024 0 0 0 0 0 0 0 1024 0 0 0 0 0 0 0 1024 
0 0 0 0 0 0 0 1024 0 0 0 0 0 0 0 1024 0 0 0 0 0 0 0 1024 
0 0 0 0 0 0 0 1024 0 0 0 0 0 0 0 1024 0 0 0 0 0 0 0 1024 
0 0 0 0 0 0 0 1024 0 0 0 0 0 0 0 1024 0 0 0 0 0 0 0 1024 
0 0 0 0 0 0 0 1024 0 0 0 0 0 0 0 1024 0 0 0 0 0 0 0 1024 
0 0 0 0 0 0 0 1024 0 0 0 0 0 0 0 1024 0 0 0 0 0 0 0 1024 
0 0 0 0 0 0 0 1024 0 0 0 0 0 0 0 1024 0 0 0 0 0 0 0 1024 
0 0 0 0 0 0 0 1024 0 0 0 0 0 0 0 1024 0 0 0 0 0 0 0 1024 
0 0 0 0 0 0 0 1024 0 0 0 0 0 0 0 1024 0 0 0 0 0 0 0 1024 
0 0 0 0 0 0 0 1024 0 0 0 0 0 0 0 1024 0 0 0 0 0 0 0 1024 
0 0 0 0 0 0 0 1024 0 0 0 0 0 0 0 1024 0 0 0 0 0 0 0 1024 
0 0 0 0 0 0 0 1024 0 0 0 0 0 0 0 1024 0 0 0 0 0 0 0 1024 
0 0 0 0 0 0 0 1024 0 0 0 0 0 0 0 1024 0 0 0 0 0 0 0 1024 
0 0 0 0 0 0 0 1024 0 0 0 0 0 0 0 1024 0 0 0 0 0 0 0 1024 
0 0 0 0 0 0 0 1024 0 0 0 0 0 0 0 1024 0 0 0 0 0 0 0 1024 
0 0 0 0 0 0 0 1024 0 0 0 0 0 0 0 1024 0 0 0 0 0 0 0 1024 
0 0 0 0 0 0 865 159 0 0 0 0 0 0 0 1024 0 0 0 0 0 0 0 1024 
0 0 0 0 0 0 192 832 0 0 0 0 0 0 0 1024 0 0 0 0 0 0 0 1024 
0 0 0 0 0 0 0 1024 0 0 0 0 0 0 0 1024 0 0 0 0 0 0 0 1024 
0 0 0 0 0 0 0 1024 0 0 0 0 0 0 0 1024 0 0 0 0 0 0 0 1024 
0 0 2 62 44 11 10 895 0 0 0 20 69 23 13 899 0 0 0 26 62 25 9 902 
0 2 58 321 100 40 34 469 0 0 5 287 174 48 36 474 0 0 2 241 180 62 39 500 
0 14 359 422 62 40 23 104 0 3 95 519 222 39 36 110 0 1 40 632 146 48 39 118 
0 22 514 265 39 26 22 136 0 4 117 640 79 19 25 140 0 0 62 610 126 35 40 151 
0 6 336 563 53 14 12 40 0 0 52 606 288 21 13 44 0 0 39 751 157 20 12 45 
0 0 28 293 219 78 62 344 0 0 4 144 347 112 69 348 0 0 1 106 297 170 76 374 
0 0 0 2 4 7 5 1006 0 0 0 2 7 5 6 1004 0 0 0 0 2 5 8 1009 
0 0 0 0 0 0 0 1024 0 0 0 0 0 0 0 1024 0 0 0 0 0 0 0 1024 
0 0 0 0 0 0 0 1024 0 0 0 0 0 0 0 1024 0 0 0 0 0 0 0 1024 
0 0 0 0 0 0 0 1024 0 0 0 0 0 0 0 1024 0 0 0 0 0 0 0 1024 
0 0 0 0 0 0 0 1024 0 0 0 0 0 0 0 1024 0 0 0 0 0 0 0 1024 
0 0 0 0 0 0 0 1024 0 0 0 0 0 0 0 1024 0 0 0 0 0 0 0 1024 
0 0 0 0 0 0 0 1024 0 0 0 0 0 0 0 1024 0 0 0 0 0 0 0 1024 
0 0 0 0 0 0 0 1024 0 0 0 0 0 0 0 1024 0 0 0 0 0 0 0 1024 
0 0 0 0 0 0 0 1024 0 0 0 0 0 0 0 1024 0 0 0 0 0 0 0 1024 
0 0 0 0 0 0 0 1024 0 0 0 0 0 0 0 1024 0 0 0 0 0 0 0 1024 
0 0 0 0 0 0 0 1024 0 0 0 0 0 0 0 1024 0 0 0 0 0 0 0 1024 
0 0 0 0 0 0 0 1024 0 0 0 0 0 0 0 1024 0 0 0 0 0 0 0 1024 
0 0 0 0 0 0 0 1024 0 0 0 0 0 0 0 1024 0 0 0 0 0 0 0 1024 
0 0 0 0 0 0 0 1024 0 0 0 0 0 0 0 1024 0 0 0 0 0 0 0 1024 
0 0 0 0 0 0 0 1024 0 0 0 0 0 0 0 1024 0 0 0 0 0 0 0 1024 
0 0 0 0 0 0 0 1024 0 0 0 0 0 0 0 1024 0 0 0 0 0 0 0 1024 
0 0 0 0 0 0 0 1024 0 0 0 0 0 0 0 1024 0 0 0 0 0 0 0 1024 
0 0 0 0 0 0 0 1024 0 0 0 0 0 0 0 1024 0 0 0 0 0 0 0 1024 
0 0 0 0 0 0 0 1024 0 0 0 0 0 0 0 1024 0 0 0 0 0 0 0 1024 
0 0 0 0 0 0 0 1024 0 0 0 0 0 0 0 1024 0 0 0 0 0 0 0 1024 
0 0 0 0 0 0 0 1024 0 0 0 0 0 0 0 1024 0 0 0 0 0 0 0 1024 
0 0 0 0 0 0 0 1024 0 0 0 0 0 0 0 1024 0 0 0 0 0 0 0 1024 
0 0 0 0 0 0 0 1024 0 0 0 0 0 0 0 1024 0 0 0 0 0 0 0 1024 
0 0 0 0 0 0 0 1024 0 0 0 0 0 0 0 1024 0 0 0 0 0 0 0 1024 
0 0 0 0 1 0 5 1018 0 0 0 0 0 1 4 1019 0 0 0 0 0 1 4 1019 
0 0 0 0 0 0 0 1024 0 0 0 0 0 0 0 1024 0 0 0 0 0 0 0 1024 
0 0 0 0 0 0 0 1024 0 0 0 0 0 0 0 1024 0 0 0 0 0 0 0 1024 
0 0 0 0 0 0 0 1024 0 0 0 0 0 0 0 1024 0 0 0 0 0 0 0 1024 
0 0 0 0 0 0 0 1024 0 0 0 0 0 0 0 1024 0 0 0 0 0 0 0 1024 
0 0 0 0 0 0 0 1024 0 0 0 0 0 0 0 1024 0 0 0 0 0 0 0 1024 
0 0 0 0 0 0 1024 0 0 0 0 0 0 0 0 1024 0 0 0 0 0 0 0 1024 
0 0 0 0 0 0 931 93 0 0 0 0 0 0 0 1024 0 0 0 0 0 0 0 1024 
0 0 0 0 0 0 488 536 0 0 0 0 0 0 0 1024 0 0 0 0 0 0 0 1024 
0 0 0 0 1 3 118 902 0 0 0 0 1 1 4 1018 0 0 0 0 0 1 1 1022 
0 0 15 105 76 49 82 697 0 0 4 90 94 36 48 752 0 0 0 29 112 61 41 781 
0 5 180 329 133 52 40 285 0 0 27 320 243 83 46 305 0 0 7 303 259 76 49 330 
1 17 288 268 56 49 52 293 0 4 123 375 116 41 55 310 0 2 35 363 172 55 49 348 
0 16 309 346 75 32 31 215 0 2 92 485 157 34 33 221 0 1 72 429 195 54 35 238 
0 6 318 378 91 53 32 146 0 0 57 494 217 60 42 154 0 0 49 493 206 69 45 162 
0 0 48 352 257 78 33 256 0 0 5 241 371 110 42 255 0 0 5 238 330 129 44 278 
0 0 0 0 6 4 3 1011 0 0 0 0 7 3 3 1011 0 0 0 0 1 8 4 1011 
0 0 0 0 0 0 0 1024 0 0 0 0 0 0 0 1024 0 0 0 0 0 0 0 1024 
0 0 0 0 0 0 0 1024 0 0 0 0 0 0 0 1024 0 0 0 0 0 0 0 1024 
0 0 0 0 0 0 0 1024 0 0 0 0 0 0 0 1024 0 0 0 0 0 0 0 1024 
0 0 0 0 0 0 0 1024 0 0 0 0 0 0 0 1024 0 0 0 0 0 0 0 1024 
0 0 0 0 0 0 0 1024 0 0 0 0 0 0 0 1024 0 0 0 0 0 0 0 1024 
0 0 0 0 0 0 0 1024 0 0 0 0 0 0 0 1024 0 0 0 0 0 0 0 1024 
0 0 0 0 0 0 0 1024 0 0 0 0 0 0 0 1024 0 0 0 0 0 0 0 1024 
0 0 0 0 0 0 0 1024 0 0 0 0 0 0 0 1024 0 0 0 0 0 0 0 1024 
0 0 0 0 0 0 0 1024 0 0 0 0 0 0 0 1024 0 0 0 0 0 0 0 1024 
0 0 0 0 0 0 0 1024 0 0 0 0 0 0 0 1024 0 0 0 0 0 0 0 1024 
0 0 0 0 0 0 0 1024 0 0 0 0 0 0 0 1024 0 0 0 0 0 0 0 1024 
0 0 0 0 0 0 0 1024 0 0 0 0 0 0 0 1024 0 0 0 0 0 0 0 1024 
0 0 0 0 0 0 0 1024 0 0 0 0 0 0 0 1024 0 0 0 0 0 0 0 1024 
0 0 0 0 0 0 0 1024 0 0 0 0 0 0 0 1024 0 0 0 0 0 0 0 1024 
0 0 0 0 0 0 0 1024 0 0 0 0 0 0 0 1024 0 0 0 0 0 0 0 1024 
0 0 0 0 0 0 0 1024 0 0 0 0 0 0 0 1024 0 0 0 0 0 0 0 1024 
0 0 0 0 0 0 0 1024 0 0 0 0 0 0 0 1024 0 0 0 0 0 0 0 1024 
0 0 0 0 0 0 0 1024 0 0 0 0 0 0 0 1024 0 0 0 0 0 0 0 1024 
0 0 0 0 0 0 0 1024 0 0 0 0 0 0 0 1024 0 0 0 0 0 0 0 1024 
0 0 0 0 0 0 0 1024 0 0 0 0 0 0 0 1024 0 0 0 0 0 0 0 1024 
0 0 0 0 0 0 0 1024 0 0 0 0 0 0 0 1024 0 0 0 0 0 0 0 1024 
0 0 0 0 0 0 0 1024 0 0 0 0 0 0 0 1024 0 0 0 0 0 0 0 1024 
0 0 0 2 10 16 51 945 0 0 0 0 1 12 29 982 0 0 0 0 0 9 20 995 
0 0 2 83 146 156 185 452 0 0 0 5 96 175 165 583 0 0 0 2 71 133 172 646 
0 0 0 0 1 2 21 1000 0 0 0 0 0 1 8 1015 0 0 0 0 0 1 3 1020 
0 0 0 0 0 0 0 1024 0 0 0 0 0 0 0 1024 0 0 0 0 0 0 0 1024 
0 0 0 0 0 0 0 1024 0 0 0 0 0 0 0 1024 0 0 0 0 0 0 0 1024 
0 0 0 0 0 0 0 1024 0 0 0 0 0 0 0 1024 0 0 0 0 0 0 0 1024 
0 0 0 0 0 0 0 1024 0 0 0 0 0 0 0 1024 0 0 0 0 0 0 0 1024 
0 0 0 0 0 0 223 801 0 0 0 0 0 0 0 1024 0 0 0 0 0 0 0 1024 
0 0 0 0 0 0 324 700 0 0 0 0 0 0 0 1024 0 0 0 0 0 0 0 1024 
0 0 0 0 0 0 245 779 0 0 0 0 0 0 0 1024 0 0 0 0 0 0 0 1024 
0 0 5 62 57 34 97 769 0 0 0 48 74 24 37 841 0 0 0 48 54 35 32 855 
0 2 13 106 118 72 74 639 0 0 4 73 136 68 81 662 0 0 3 43 116 89 76 697 
0 3 31 146 149 65 79 551 0 0 11 100 179 77 73 584 0 0 10 65 176 78 70 625 
0 3 35 298 157 49 50 432 0 0 9 152 290 80 38 455 0 0 6 110 277 104 54 473 
0 7 254 347 40 29 48 299 0 0 76 435 136 24 44 309 0 2 51 394 155 49 35 338 
0 2 245 396 63 31 25 262 0 0 73 403 223 32 26 267 0 0 46 462 166 38 35 277 
0 0 27 154 115 91 45 592 0 0 3 135 122 108 60 596 0 0 2 95 123 127 63 614 
0 0 0 10 34 22 16 942 0 0 0 12 35 20 16 941 0 0 0 3 25 32 16 948 
0 0 0 0 0 0 0 1024 0 0 0 0 0 0 0 1024 0 0 0 0 0 0 0 1024 
0 0 0 0 0 0 0 1024 0 0 0 0 0 0 0 1024 0 0 0 0 0 0 0 1024 
0 0 0 0 0 0 0 1024 0 0 0 0 0 0 0 1024 0 0 0 0 0 0 0 1024 
0 0 0 0 0 0 0 1024 0 0 0 0 0 0 0 1024 0 0 0 0 0 0 0 1024 
0 0 0 0 0 0 0 1024 0 0 0 0 0 0 0 1024 0 0 0 0 0 0 0 1024 
0 0 0 0 0 0 0 1024 0 0 0 0 0 0 0 1024 0 0 0 0 0 0 0 1024 
0 0 0 0 0 4 0 1020 0 0 0 0 0 2 2 1020 0 0 0 0 0 2 2 1020 
0 0 0 1 2 13 36 972 0 0 0 0 1 9 27 987 0 0 0 0 2 5 25 992 
0 0 0 0 0 0 0 1024 0 0 0 0 0 0 0 1024 0 0 0 0 0 0 0 1024 
0 0 0 0 0 0 0 1024 0 0 0 0 0 0 0 1024 0 0 0 0 0 0 0 1024 
0 0 0 0 0 0 0 1024 0 0 0 0 0 0 0 1024 0 0 0 0 0 0 0 1024 
0 0 0 0 0 0 0 1024 0 0 0 0 0 0 0 1024 0 0 0 0 0 0 0 1024 
0 0 0 0 0 0 0 1024 0 0 0 0 0 0 0 1024 0 0 0 0 0 0 0 1024 
0 0 0 0 0 0 0 1024 0 0 0 0 0 0 0 1024 0 0 0 0 0 0 0 1024 
0 0 0 0 0 0 0 1024 0 0 0 0 0 0 0 1024 0 0 0 0 0 0 0 1024 
0 0 0 0 0 0 0 1024 0 0 0 0 0 0 0 1024 0 0 0 0 0 0 0 1024 
0 0 0 0 0 0 0 1024 0 0 0 0 0 0 0 1024 0 0 0 0 0 0 0 1024 
0 0 0 0 0 0 0 1024 0 0 0 0 0 0 0 1024 0 0 0 0 0 0 0 1024 
0 0 0 0 0 0 0 1024 0 0 0 0 0 0 0 1024 0 0 0 0 0 0 0 1024 
0 0 0 0 0 0 0 1024 0 0 0 0 0 0 0 1024 0 0 0 0 0 0 0 1024 
0 0 0 1 29 50 65 879 0 0 0 0 12 37 73 902 0 0 0 0 6 42 66 910 
0 0 0 0 9 10 39 966 0 0 0 0 3 13 25 983 0 0 0 0 2 13 23 986 
0 0 7 63 90 66 97 701 0 0 1 21 93 83 94 732 0 0 0 12 68 87 93 764 
0 0 32 361 236 170 101 124 0 0 0 98 403 217 133 173 0 0 0 56 379 231 153 205 
0 0 6 63 101 100 123 631 0 0 0 7 88 88 146 695 0 0 0 3 60 103 115 743 
0 0 0 0 0 0 0 1024 0 0 0 0 0 0 0 1024 0 0 0 0 0 0 0 1024 
0 0 0 0 0 0 0 1024 0 0 0 0 0 0 0 1024 0 0 0 0 0 0 0 1024 
0 0 0 0 0 0 0 1024 0 0 0 0 0 0 0 1024 0 0 0 0 0 0 0 1024 
0 0 0 2 26 19 16 961 0 0 0 2 19 23 18 962 0 0 0 0 2 26 17 979 
0 0 0 0 0 0 0 1024 0 0 0 0 0 0 0 1024 0 0 0 0 0 0 0 1024 
0 0 0 0 0 0 0 1024 0 0 0 0 0 0 0 1024 0 0 0 0 0 0 0 1024 
0 0 0 0 0 0 0 1024 0 0 0 0 0 0 0 1024 0 0 0 0 0 0 0 1024 
0 6 129 236 111 35 43 464 0 1 19 240 205 47 30 482 0 1 45 276 141 45 31 485 
0 12 299 201 63 35 23 391 0 0 48 371 140 46 21 398 0 0 49 398 90 47 30 410 
0 1 157 243 128 37 55 403 0 0 16 283 181 75 50 419 0 0 27 302 164 57 43 431 
0 35 216 350 92 36 47 248 0 4 116 296 245 57 36 270 0 1 88 331 192 78 45 289 
0 30 306 202 144 40 36 266 0 9 148 314 167 70 37 279 0 1 84 303 157 140 45 294 
0 0 67 370 100 33 41 413 0 0 9 302 214 41 43 415 0 0 32 289 158 73 34 438 
0 1 57 192 125 108 52 489 0 0 22 183 150 120 59 490 0 0 9 141 170 122 71 511 
0 0 0 20 73 40 15 876 0 0 0 23 69 44 12 876 0 0 0 0 32 85 26 881 
0 0 0 0 0 0 0 1024 0 0 0 0 0 0 0 1024 0 0 0 0 0 0 0 1024 
0 0 0 0 0 0 0 1024 0 0 0 0 0 0 0 1024 0 0 0 0 0 0 0 1024 
0 0 0 0 0 0 1 1023 0 0 0 0 0 0 1 1023 0 0 0 0 0 0 1 1023 
0 0 0 0 1 1 1 1021 0 0 0 0 1 1 1 1021 0 0 0 0 1 1 1 1021 
0 0 0 0 0 0 0 1024 0 0 0 0 0 0 0 1024 0 0 0 0 0 0 0 1024 
0 0 0 0 0 0 3 1021 0 0 0 0 0 0 3 1021 0 0 0 0 0 0 3 1021 
0 0 4 58 77 49 66 770 0 0 0 7 102 55 73 787 0 0 0 24 94 49 69 788 
0 0 1 16 61 84 96 766 0 0 1 9 49 80 95 790 0 0 1 6 54 76 88 799 
0 0 0 0 0 0 0 1024 0 0 0 0 0 0 0 1024 0 0 0 0 0 0 0 1024 
0 0 0 0 0 0 0 1024 0 0 0 0 0 0 0 1024 0 0 0 0 0 0 0 1024 
0 0 0 0 0 0 0 1024 0 0 0 0 0 0 0 1024 0 0 0 0 0 0 0 1024 
0 0 0 0 0 0 0 1024 0 0 0 0 0 0 0 1024 0 0 0 0 0 0 0 1024 
0 0 0 0 0 0 0 1024 0 0 0 0 0 0 0 1024 0 0 0 0 0 0 0 1024 
0 0 0 0 0 0 0 1024 0 0 0 0 0 0 0 1024 0 0 0 0 0 0 0 1024 
0 0 0 0 0 0 0 1024 0 0 0 0 0 0 0 1024 0 0 0 0 0 0 0 1024 
0 0 0 0 0 0 0 1024 0 0 0 0 0 0 0 1024 0 0 0 0 0 0 0 1024 
0 0 0 0 0 0 0 1024 0 0 0 0 0 0 0 1024 0 0 0 0 0 0 0 1024 
0 0 0 0 0 0 0 1024 0 0 0 0 0 0 0 1024 0 0 0 0 0 0 0 1024 
0 0 0 0 66 8 6 944 0 0 0 0 56 18 6 944 0 0 0 0 5 63 9 947 
0 0 0 0 0 1 10 1013 0 0 0 0 0 0 7 1017 0 0 0 0 0 0 6 1018 
0 0 4 250 326 125 122 197 0 0 0 26 376 248 117 257 0 0 0 47 338 243 115 281 
0 0 11 241 282 129 102 259 0 0 0 59 362 181 118 304 0 0 0 89 347 153 115 320 
0 1 78 198 184 187 142 234 0 0 8 127 222 193 172 302 0 0 4 94 215 189 182 340 
0 3 166 371 177 139 76 92 0 0 4 322 307 155 109 127 0 0 6 275 310 169 110 154 
0 1 26 133 136 155 199 374 0 0 1 70 135 154 197 467 0 0 2 42 128 146 177 529 
0 0 0 0 0 1 4 1019 0 0 0 0 0 1 3 1020 0 0 0 0 0 0 4 1020 
0 0 0 0 0 0 0 1024 0 0 0 0 0 0 0 1024 0 0 0 0 0 0 0 1024 
0 0 0 0 0 0 0 1024 0 0 0 0 0 0 0 1024 0 0 0 0 0 0 0 1024 
0 0 16 90 95 45 36 742 0 0 11 35 136 60 33 749 0 0 1 20 104 83 42 774 
0 0 0 1 3 4 7 1009 0 0 0 0 3 3 5 1013 0 0 0 0 2 2 5 1015 
0 0 0 0 1 5 8 1010 0 0 0 0 0 4 8 1012 0 0 0 0 0 3 6 1015 
0 0 0 10 23 35 28 928 0 0 0 2 15 36 34 937 0 0 0 2 10 33 34 945 
0 13 326 220 54 32 44 335 0 0 58 379 161 33 37 356 0 0 181 347 70 28 36 362 
0 25 290 382 125 29 34 139 0 0 145 432 234 40 25 148 0 3 277 409 119 35 26 155 
0 4 54 341 220 91 66 248 0 1 23 227 314 119 63 277 0 6 95 276 164 129 67 287 
1 58 293 273 104 58 48 189 1 21 187 334 156 73 49 203 0 23 277 263 125 63 54 219 
0 21 251 387 148 24 35 158 0 10 157 401 196 67 33 160 0 21 360 226 149 64 30 174 
0 19 523 292 46 22 20 102 0 7 204 538 124 26 18 107 0 29 534 250 58 24 20 109 
0 18 250 408 157 35 17 139 0 2 142 427 211 82 20 140 0 33 332 311 134 55 16 143 
0 0 6 51 74 65 47 781 0 0 5 59 72 60 48 780 0 0 7 19 75 73 56 794 
0 0 21 97 56 56 77 717 0 0 0 80 76 52 65 751 0 0 0 68 63 56 58 779 
0 0 13 36 29 19 29 898 0 0 0 21 39 22 28 914 0 0 0 28 32 25 24 915 
0 0 107 240 116 95 70 396 0 0 3 237 180 101 86 417 0 0 1 218 165 102 100 438 
0 0 4 47 87 102 116 668 0 0 0 26 71 91 131 705 0 0 0 20 55 91 121 737 
0 0 5 27 39 38 34 881 0 0 0 10 34 43 38 899 0 0 0 6 31 47 40 900 
0 0 1 4 23 22 31 943 0 0 0 1 14 27 29 953 0 0 1 5 18 20 30 950 
0 0 60 359 172 96 93 244 0 0 2 150 340 138 107 287 0 0 5 295 224 113 96 291 
0 0 49 290 216 116 102 251 0 0 7 101 338 172 116 290 0 0 8 182 283 142 108 301 
0 0 5 32 54 47 37 849 0 0 0 17 42 61 38 866 0 0 0 24 44 49 37 870 
0 0 0 0 2 1 8 1013 0 0 0 0 0 3 8 1013 0 0 0 0 0 3 8 1013 
0 0 0 0 0 0 0 1024 0 0 0 0 0 0 0 1024 0 0 0 0 0 0 0 1024 
0 0 0 0 0 0 0 1024 0 0 0 0 0 0 0 1024 0 0 0 0 0 0 0 1024 
0 0 0 0 0 0 0 1024 0 0 0 0 0 0 0 1024 0 0 0 0 0 0 0 1024 
0 0 0 0 0 0 0 1024 0 0 0 0 0 0 0 1024 0 0 0 0 0 0 0 1024 
0 0 0 3 14 6 7 994 0 0 0 1 7 13 7 996 0 0 0 0 2 11 9 1002 
0 0 2 42 94 64 54 768 0 0 0 10 77 90 56 791 0 0 0 4 68 93 59 800 
0 0 0 8 9 13 10 984 0 0 0 1 7 17 13 986 0 0 0 0 8 14 16 986 
0 0 0 0 0 0 12 1012 0 0 0 0 0 0 5 1019 0 0 0 0 0 0 5 1019 
0 0 5 62 117 21 35 784 0 0 0 36 136 26 40 786 0 0 0 6 66 105 29 818 
0 0 0 13 26 18 35 932 0 0 0 7 26 18 32 941 0 0 0 0 26 20 31 947 
0 1 39 455 351 75 37 66 0 0 7 129 600 166 46 76 0 0 4 396 356 135 49 84 
0 0 85 535 234 87 43 40 0 0 8 369 423 108 64 52 0 0 29 505 278 103 58 51 
0 4 109 263 199 148 133 168 0 1 36 196 262 173 144 212 0 0 32 241 220 165 141 225 
0 4 152 246 156 143 129 194 0 0 36 237 231 156 123 241 0 0 23 214 231 167 123 266 
0 1 147 244 107 92 91 342 0 0 5 233 209 98 91 388 0 0 6 256 178 95 89 400 
0 0 1 10 20 19 26 948 0 0 0 6 11 25 24 958 0 0 0 1 7 26 19 971 
0 0 0 0 0 0 0 1024 0 0 0 0 0 0 0 1024 0 0 0 0 0 0 0 1024 
0 0 0 0 0 0 5 1019 0 0 0 0 0 0 5 1019 0 0 0 0 0 0 3 1021 
3 37 156 197 116 89 87 339 0 1 90 221 159 94 87 372 0 0 30 177 177 123 100 417 
0 2 88 384 118 66 68 298 0 0 3 224 309 77 74 337 0 0 73 304 145 69 73 360 
0 0 73 491 117 79 75 189 0 0 6 269 339 99 78 233 0 0 140 371 114 74 78 247 
0 1 220 461 142 66 47 87 0 0 16 390 345 99 56 118 0 0 174 433 151 85 61 120 
0 13 218 652 107 24 5 5 0 2 102 507 361 32 12 8 0 29 559 348 48 20 11 9 
0 23 458 453 79 11 0 0 0 0 235 546 227 15 1 0 0 53 715 229 23 4 0 0 
0 4 99 836 73 7 3 2 0 0 40 512 449 16 3 4 0 20 697 258 33 8 4 4 
0 45 573 290 53 30 12 21 0 20 317 502 104 40 14 27 0 205 589 114 51 17 21 27 
0 34 503 409 68 3 4 3 0 8 233 578 182 15 5 3 0 233 481 243 56 3 4 4 
0 91 623 219 69 12 6 4 0 10 426 445 100 30 6 7 0 253 574 117 58 9 9 4 
0 37 390 523 55 18 1 0 0 0 233 595 159 35 1 1 0 87 653 232 43 8 0 1 
0 5 114 314 159 96 73 263 0 4 54 275 228 99 85 279 0 4 173 228 154 105 66 294 
0 13 417 415 57 30 44 48 0 3 106 578 189 44 39 65 0 5 423 394 56 42 24 80 
0 2 227 291 113 71 59 261 0 0 23 289 266 95 61 290 0 1 150 341 100 72 66 294 
0 7 523 432 54 7 1 0 0 0 118 601 276 25 4 0 0 1 341 630 41 6 5 0 
0 2 203 590 162 38 16 13 0 0 21 362 505 95 20 21 0 1 264 545 126 48 20 20 
0 0 46 548 227 68 61 74 0 0 0 117 589 159 61 98 0 0 178 488 133 77 60 88 
0 0 6 419 355 108 49 87 0 0 0 105 564 175 77 103 0 0 258 416 128 75 56 91 
0 0 111 748 164 1 0 0 0 0 0 345 656 23 0 0 0 1 476 521 26 0 0 0 
0 6 258 478 127 55 34 66 0 1 17 363 419 96 50 78 0 3 338 403 98 57 51 74 
0 0 60 395 168 63 47 291 0 0 1 135 400 118 64 306 0 0 78 347 166 70 59 304 
0 0 20 130 125 127 110 512 0 0 6 92 131 138 105 552 0 0 3 64 119 143 121 574 
0 0 0 0 0 0 1 1023 0 0 0 0 0 0 1 1023 0 0 0 0 0 0 1 1023 
0 0 0 0 0 4 4 1016 0 0 0 0 0 2 3 1019 0 0 0 0 0 2 5 1017 
0 0 0 0 0 0 0 1024 0 0 0 0 0 0 0 1024 0 0 0 0 0 0 0 1024 
0 0 0 2 18 28 30 946 0 0 0 0 6 29 35 954 0 0 0 1 13 29 30 951 
0 0 13 68 137 96 113 597 0 0 4 38 100 139 105 638 0 0 6 66 126 98 93 635 
0 0 71 275 269 136 89 184 0 0 8 178 323 187 108 220 0 0 7 159 318 166 126 248 
0 0 17 195 253 120 107 332 0 0 1 63 301 158 113 388 0 0 1 117 242 141 115 408 
0 0 12 79 48 61 82 742 0 0 0 25 95 57 70 777 0 0 9 58 57 54 65 781 
0 0 15 91 85 96 124 613 0 0 17 71 80 95 111 650 0 0 2 34 117 91 99 681 
0 0 14 60 53 62 80 755 0 0 10 49 60 53 83 769 0 0 2 20 69 47 85 801 
0 71 419 318 113 52 27 24 0 2 169 444 270 61 44 34 0 1 237 470 166 62 42 46 
0 114 626 241 27 7 7 2 0 5 276 611 108 13 6 5 0 19 631 300 49 16 6 3 
0 20 221 260 135 107 93 188 0 0 64 307 191 121 103 238 0 1 140 253 149 126 86 269 
2 70 382 242 123 67 73 65 0 3 128 406 216 97 68 106 0 3 190 340 192 110 73 116 
3 37 267 221 108 89 85 214 0 2 65 311 171 114 92 269 0 4 109 281 156 101 91 282 
0 3 53 151 138 128 117 434 0 0 8 82 153 141 138 502 0 0 2 72 131 138 134 547 
0 0 3 8 14 15 15 969 0 0 0 4 9 14 18 979 0 0 0 5 8 14 17 980 
0 3 11 25 24 17 28 916 0 0 0 19 28 24 20 933 0 0 0 4 11 30 33 946 
5 60 240 173 118 109 101 218 0 3 112 265 141 110 109 284 0 0 64 184 183 130 112 351 
0 2 375 645 2 0 0 0 0 0 29 966 29 0 0 0 0 4 892 128 0 0 0 0 
0 25 704 295 0 0 0 0 0 0 120 887 17 0 0 0 0 20 926 78 0 0 0 0 
0 31 609 316 68 0 0 0 0 0 141 724 153 6 0 0 0 15 717 272 20 0 0 0 
0 23 449 481 70 1 0 0 0 2 300 565 153 4 0 0 0 137 714 165 8 0 0 0 
0 72 526 373 53 0 0 0 0 5 363 490 164 2 0 0 2 279 632 104 7 0 0 0 
0 28 359 574 63 0 0 0 0 5 147 621 248 3 0 0 0 139 694 182 9 0 0 0 
2 574 431 16 0 1 0 0 0 220 637 164 2 1 0 0 3 743 272 5 0 1 0 0 
0 357 531 118 18 0 0 0 0 142 612 240 29 1 0 0 10 647 305 54 7 1 0 0 
0 198 498 252 65 9 2 0 0 92 487 305 123 13 4 0 9 424 441 125 16 8 1 0 
0 99 559 252 113 1 0 0 0 0 425 445 148 6 0 0 0 277 623 114 10 0 0 0 
0 27 637 239 63 55 3 0 0 4 156 724 85 53 2 0 0 188 633 108 63 32 0 0 
0 131 426 313 75 61 18 0 0 16 346 310 243 88 21 0 0 177 630 121 31 56 9 0 
0 1 173 751 97 2 0 0 0 0 4 303 668 48 1 0 0 23 797 197 7 0 0 0 
0 0 115 825 84 0 0 0 0 0 3 264 717 40 0 0 0 19 722 278 5 0 0 0 
0 2 159 789 72 2 0 0 0 0 6 379 605 33 1 0 0 10 635 363 15 1 0 0 
0 0 150 790 83 1 0 0 0 0 3 341 658 22 0 0 0 21 675 324 4 0 0 0 
0 52 290 652 30 0 0 0 0 3 149 557 315 0 0 0 1 165 757 101 0 0 0 0 
0 132 487 390 15 0 0 0 0 7 301 653 63 0 0 0 0 224 761 39 0 0 0 0 
0 6 484 519 15 0 0 0 0 0 29 687 306 2 0 0 0 89 787 145 3 0 0 0 
0 7 340 636 40 1 0 0 0 0 15 452 537 20 0 0 0 23 699 286 16 0 0 0 
0 5 548 399 47 14 7 4 0 0 156 614 214 21 8 11 0 8 362 539 80 14 7 14 
0 0 351 309 64 229 42 29 0 0 51 454 185 49 231 54 0 0 169 458 66 41 63 227 
0 0 90 590 203 87 23 31 0 0 0 173 550 160 93 48 0 0 192 467 137 86 66 76 
0 0 62 452 157 262 50 41 0 0 2 164 419 91 267 81 0 0 66 456 98 43 48 313 
0 1 109 399 236 175 45 59 0 0 17 172 447 119 174 95 0 2 206 408 93 44 39 232 
0 0 41 650 281 32 9 11 0 0 8 254 632 92 26 12 0 4 413 449 90 32 23 13 
0 3 486 391 132 8 4 0 0 0 229 580 191 18 2 4 0 7 498 433 68 11 3 4 
0 42 451 413 87 6 10 15 0 0 97 577 312 10 11 17 0 65 684 209 26 14 7 19 
0 199 647 119 26 14 10 9 0 4 324 587 61 20 15 13 0 126 717 115 24 17 13 12 
5 58 381 443 70 38 16 13 0 11 183 454 283 50 21 22 0 54 466 344 71 32 31 26 
0 65 476 292 71 37 32 51 0 10 287 438 143 53 24 69 0 120 490 202 69 42 31 70 
2 396 480 127 7 4 3 5 0 40 595 341 34 5 4 5 6 393 552 50 10 4 3 6 
1 404 478 124 17 0 0 0 0 34 587 356 45 2 0 0 8 376 580 55 3 2 0 0 
0 125 549 253 35 29 14 19 0 2 262 570 108 32 24 26 0 189 579 127 48 32 20 29 
0 225 589 134 45 10 10 11 0 5 403 473 93 25 8 17 0 90 614 201 68 24 6 21 
1 161 614 165 50 22 4 7 0 2 269 556 131 39 17 10 0 110 551 203 95 35 17 13 
0 20 659 256 57 15 11 6 0 0 27 740 188 42 13 14 0 63 576 248 78 30 10 19 
0 16 300 188 231 73 60 156 0 0 20 308 177 224 79 216 0 27 233 142 139 105 120 258 
1 19 49 98 480 134 61 182 0 1 27 54 125 455 128 234 0 2 24 53 163 111 300 371 
3 471 388 74 40 15 7 26 0 46 588 264 56 30 11 29 0 90 571 213 62 35 21 32 
0 84 892 48 0 0 0 0 0 1 409 613 1 0 0 0 0 383 636 5 0 0 0 0 
0 124 764 134 2 0 0 0 0 6 328 662 27 1 0 0 0 235 749 39 1 0 0 0 
0 73 711 225 15 0 0 0 0 0 122 749 153 0 0 0 0 48 834 142 0 0 0 0 
0 232 545 235 12 0 0 0 0 39 404 475 106 0 0 0 7 485 463 69 0 0 0 0 
5 318 432 247 22 0 0 0 0 85 469 405 64 1 0 0 10 579 393 39 3 0 0 0 
0 25 486 372 130 11 0 0 0 10 219 475 285 35 0 0 0 312 456 185 68 3 0 0 
0 186 462 359 16 1 0 0 0 101 326 429 163 4 1 0 13 406 415 177 12 1 0 0 
0 163 498 332 28 3 0 0 0 26 479 415 101 3 0 0 17 499 346 145 15 2 0 0 
0 103 618 292 10 1 0 0 0 29 470 439 85 1 0 0 27 609 321 66 1 0 0 0 
0 108 459 401 56 0 0 0 0 24 487 453 60 0 0 0 25 664 322 13 0 0 0 0 
0 36 395 392 155 45 1 0 0 5 191 499 269 58 2 0 8 267 525 138 53 33 0 0 
0 55 353 458 50 80 28 0 0 20 80 499 306 87 30 2 10 254 561 76 39 65 19 0 
0 3 514 498 9 0 0 0 0 0 11 720 287 6 0 0 0 251 744 29 0 0 0 0 
0 3 430 561 30 0 0 0 0 0 21 637 350 16 0 0 1 138 800 82 3 0 0 0 
0 6 390 516 86 25 1 0 0 0 14 574 368 63 5 0 7 179 774 63 1 0 0 0 
0 4 361 574 71 14 0 0 0 0 27 638 323 32 4 0 13 133 757 117 4 0 0 0 
0 333 549 141 1 0 0 0 0 66 560 381 17 0 0 0 11 803 210 0 0 0 0 0 
4 447 487 86 0 0 0 0 0 86 695 234 9 0 0 0 14 758 245 7 0 0 0 0 
0 42 532 441 9 0 0 0 0 0 164 744 113 3 0 0 1 397 587 36 3 0 0 0 
0 23 678 321 2 0 0 0 0 0 33 756 235 0 0 0 1 330 663 30 0 0 0 0 
0 38 560 379 44 3 0 0 0 0 109 589 302 23 1 0 1 217 658 133 15 0 0 0 
0 22 618 354 30 0 0 0 0 0 177 572 265 10 0 0 0 59 748 208 9 0 0 0 
2 78 499 420 25 0 0 0 0 10 111 568 327 8 0 0 0 57 679 275 13 0 0 0 
0 2 340 615 67 0 0 0 0 0 6 472 509 37 0 0 0 16 614 379 15 0 0 0 
0 1 174 732 116 1 0 0 0 0 8 373 610 33 0 0 0 17 520 465 22 0 0 0 
0 2 140 749 132 1 0 0 0 0 57 481 469 17 0 0 0 53 725 244 2 0 0 0 
0 41 475 445 63 0 0 0 0 4 402 505 112 1 0 0 1 125 767 130 1 0 0 0 
0 10 364 593 57 0 0 0 0 1 108 785 130 0 0 0 0 247 713 64 0 0 0 0 
0 332 611 76 5 0 0 0 0 55 578 379 11 1 0 0 2 547 449 26 0 0 0 0 
2 256 528 195 34 7 1 1 5 110 537 333 29 8 1 1 8 279 525 175 30 6 0 1 
1 282 541 158 28 10 4 0 1 103 560 315 32 9 4 0 5 405 452 127 26 7 2 0 
1 665 337 20 1 0 0 0 0 149 765 106 4 0 0 0 6 802 210 5 1 0 0 0 
1 637 332 52 2 0 0 0 0 99 744 174 7 0 0 0 18 840 163 3 0 0 0 0 
1 220 533 150 79 30 8 3 0 37 388 461 85 36 11 6 14 525 352 68 33 19 12 1 
4 218 215 141 185 190 63 8 0 22 309 179 170 195 129 20 4 206 219 123 191 188 83 10 
2 304 446 93 72 76 31 0 0 17 475 322 68 81 56 5 4 368 409 75 65 72 30 1 
0 77 439 220 123 115 48 2 0 1 188 482 144 105 87 17 0 173 449 140 95 106 55 6 
0 176 701 77 34 15 16 5 0 4 342 578 49 24 17 10 2 339 539 73 35 12 16 8 
1 416 309 270 24 4 0 0 0 66 487 284 164 23 0 0 0 208 584 164 66 2 0 0 
5 758 252 6 3 0 0 0 0 87 784 148 4 1 0 0 2 514 496 9 3 0 0 0 
13 653 354 4 0 0 0 0 0 183 732 109 0 0 0 0 1 846 176 1 0 0 0 0 
8 406 577 33 0 0 0 0 0 140 436 442 6 0 0 0 2 563 441 18 0 0 0 0 
0 340 663 21 0 0 0 0 0 0 392 621 11 0 0 0 0 437 576 11 0 0 0 0 
2 246 588 181 7 0 0 0 0 33 454 511 26 0 0 0 24 553 433 14 0 0 0 0 
0 441 503 77 3 0 0 0 0 65 751 189 19 0 0 0 39 860 115 10 0 0 0 0 
0 128 530 324 42 0 0 0 0 4 236 599 182 3 0 0 15 379 516 108 6 0 0 0 
0 106 628 222 49 19 0 0 0 11 493 416 83 21 0 0 11 420 436 99 51 7 0 0 
1 339 581 102 1 0 0 0 0 146 519 335 24 0 0 0 87 657 259 21 0 0 0 0 
3 458 532 31 0 0 0 0 0 290 635 92 7 0 0 0 100 827 95 2 0 0 0 0 
0 80 352 508 59 20 5 0 0 24 313 500 153 23 11 0 54 447 416 68 19 16 4 0 
1 116 430 343 110 19 5 0 0 12 252 513 212 32 3 0 14 377 429 137 53 12 2 0 
0 9 593 294 29 63 36 0 0 2 53 727 137 61 43 1 0 265 578 61 33 62 25 0 
0 32 737 249 6 0 0 0 0 0 102 758 161 3 0 0 3 460 535 26 0 0 0 0 
0 27 723 248 18 8 0 0 0 0 110 725 176 9 4 0 19 546 443 12 4 0 0 0 
0 12 207 530 251 24 0 0 0 2 32 341 531 115 3 0 120 540 314 49 1 0 0 0 
0 17 290 484 214 19 0 0 0 2 56 447 422 97 0 0 99 548 344 33 0 0 0 0 
8 396 361 148 84 24 3 0 2 111 517 190 135 61 8 0 145 712 126 35 6 0 0 0 
40 677 202 72 25 6 2 0 2 428 444 83 51 11 5 0 96 850 65 11 2 0 0 0 
16 555 371 82 0 0 0 0 0 252 523 245 4 0 0 0 58 880 86 0 0 0 0 0 
1 206 636 180 1 0 0 0 0 2 279 700 43 0 0 0 29 707 281 7 0 0 0 0 
0 125 805 93 1 0 0 0 0 1 178 769 75 1 0 0 3 648 368 5 0 0 0 0 
0 43 680 292 9 0 0 0 0 1 142 701 178 2 0 0 1 318 654 48 2 1 0 0 
0 36 592 380 16 0 0 0 0 1 90 711 216 6 0 0 1 153 672 190 7 1 0 0 
0 62 648 304 9 1 0 0 0 0 93 722 202 7 0 0 1 218 676 117 10 1 1 0 
0 36 508 430 49 1 0 0 0 0 112 680 225 7 0 0 4 134 600 236 49 1 0 0 
0 10 281 660 72 1 0 0 0 0 43 655 318 8 0 0 0 65 616 274 64 5 0 0 
0 33 356 602 32 1 0 0 0 13 238 661 108 4 0 0 6 363 482 152 18 3 0 0 
0 54 554 397 16 3 0 0 0 5 243 716 59 1 0 0 5 520 452 43 4 0 0 0 
9 453 485 72 4 1 0 0 5 278 573 160 7 1 0 0 28 685 293 17 1 0 0 0 
5 264 623 123 8 1 0 0 4 244 576 187 12 1 0 0 10 399 548 63 3 1 0 0 
13 268 598 138 7 0 0 0 3 190 558 253 18 2 0 0 31 483 457 51 2 0 0 0 
2 387 590 45 0 0 0 0 0 130 723 169 2 0 0 0 26 725 261 12 0 0 0 0 
5 488 435 78 15 0 2 1 0 224 639 132 23 3 1 2 22 669 278 43 9 0 3 0 
0 217 395 224 97 63 23 5 0 27 380 353 128 88 36 12 22 491 238 116 78 49 24 6 
1 8 53 201 322 321 111 7 1 5 25 120 285 322 231 35 1 16 66 211 296 292 130 12 
3 29 80 218 249 262 159 24 0 10 52 145 249 259 241 68 1 41 146 193 206 243 158 36 
0 10 51 135 212 316 274 26 0 1 25 101 183 258 334 122 0 9 57 131 179 293 302 53 
0 87 177 175 199 267 104 15 0 9 143 219 184 228 206 35 1 124 108 183 200 249 139 20 
4 134 468 190 54 118 54 2 0 32 245 506 42 73 101 25 1 90 205 486 48 81 96 17 
5 285 632 88 12 2 0 0 0 51 561 393 10 9 0 0 0 227 250 531 5 11 0 0 
8 702 310 4 0 0 0 0 0 108 739 177 0 0 0 0 33 887 104 0 0 0 0 0 
55 704 257 8 0 0 0 0 1 221 647 153 2 0 0 0 29 847 143 5 0 0 0 0 
10 883 131 0 0 0 0 0 0 77 857 89 1 0 0 0 2 924 98 0 0 0 0 0 
1 753 197 59 12 2 0 0 0 66 803 135 18 2 0 0 9 880 119 13 2 1 0 0 
1 353 557 108 4 1 0 0 0 87 664 255 17 1 0 0 92 751 165 15 1 0 0 0 
1 471 404 131 17 0 0 0 0 14 615 346 46 3 0 0 51 784 179 8 2 0 0 0 
1 409 303 189 102 20 0 0 0 22 477 398 107 20 0 0 7 537 285 94 97 4 0 0 
0 362 424 184 32 22 0 0 0 167 528 254 52 23 0 0 90 621 212 54 25 22 0 0 
3 473 274 209 64 1 0 0 0 300 418 234 68 4 0 0 101 598 214 70 39 2 0 0 
2 33 330 486 133 29 9 2 1 10 206 581 178 29 16 3 20 491 357 104 32 12 7 1 
1 60 551 286 88 35 3 0 0 15 214 594 161 36 4 0 14 413 410 126 46 15 0 0 
0 52 701 115 32 63 61 0 0 1 159 668 65 58 73 0 3 532 316 31 25 77 40 0 
0 225 741 58 0 0 0 0 0 1 385 604 34 0 0 0 20 749 249 6 0 0 0 0 
0 341 523 120 39 1 0 0 0 9 485 415 100 15 0 0 70 765 155 28 5 1 0 0 
0 52 430 442 99 1 0 0 0 14 87 522 374 27 0 0 240 601 162 20 1 0 0 0 
1 66 466 385 96 10 0 0 0 11 136 554 286 37 0 0 217 628 166 13 0 0 0 0 
13 310 367 265 65 4 0 0 1 146 284 342 224 27 0 0 289 610 108 15 2 0 0 0 
27 637 195 85 68 12 0 0 5 441 370 71 100 34 3 0 180 754 76 13 1 0 0 0 
12 668 306 34 4 0 0 0 0 310 575 132 7 0 0 0 173 776 72 3 0 0 0 0 
0 134 457 395 32 4 2 0 0 17 321 594 86 4 2 0 29 410 189 314 77 2 3 0 
1 259 317 397 41 9 0 0 0 55 354 476 125 12 2 0 6 345 179 262 219 10 3 0 
1 110 359 521 25 8 0 0 0 40 232 655 85 12 0 0 1 139 218 539 117 10 0 0 
3 127 443 411 35 5 0 0 0 31 278 612 90 12 1 0 5 132 263 492 113 19 0 0 
0 163 511 307 31 10 2 0 0 7 342 579 79 12 5 0 0 204 280 412 114 7 7 0 
0 93 442 463 17 6 3 0 0 5 287 657 63 7 5 0 2 108 195 607 98 9 5 0 
0 79 573 342 26 4 0 0 0 19 280 665 51 7 2 0 1 114 255 590 54 8 2 0 
0 18 500 473 17 15 1 0 0 7 219 680 100 15 3 0 3 171 342 441 48 12 7 0 
3 279 569 169 3 1 0 0 0 125 501 390 7 1 0 0 47 594 366 16 1 0 0 0 
87 694 212 27 1 3 0 0 18 622 319 60 2 3 0 0 103 781 131 7 2 0 0 0 
17 394 541 61 9 2 0 0 19 397 525 67 14 2 0 0 59 522 409 30 4 0 0 0 
15 331 574 102 2 0 0 0 17 282 613 111 1 0 0 0 42 526 403 52 1 0 0 0 
5 447 525 44 3 0 0 0 0 247 669 103 5 0 0 0 72 762 182 7 1 0 0 0 
19 602 357 38 6 1 1 0 0 432 483 97 8 2 2 0 87 777 129 24 5 1 1 0 
7 335 433 140 67 28 10 4 0 123 524 247 79 32 11 8 47 568 241 93 46 15 9 5 
2 34 189 156 198 255 160 30 1 17 94 195 161 243 224 89 5 98 168 129 175 230 175 44 
0 6 90 151 232 342 186 17 0 2 32 142 189 277 319 63 0 27 103 145 210 291 213 35 
0 7 48 115 318 378 155 3 0 3 25 77 210 366 300 43 0 11 53 115 306 318 207 14 
0 7 51 136 288 406 132 4 0 0 23 89 227 366 281 38 0 7 57 128 276 368 178 10 
2 26 148 151 244 333 114 6 1 6 119 127 192 263 284 32 1 21 118 156 216 275 219 18 
18 440 441 56 29 24 14 2 1 184 668 74 53 20 17 7 16 356 467 111 27 26 13 8 
7 648 356 13 0 0 0 0 0 167 665 185 7 0 0 0 66 920 37 1 0 0 0 0 
93 672 258 1 0 0 0 0 0 370 564 90 0 0 0 0 114 901 9 0 0 0 0 0 
94 929 1 0 0 0 0 0 1 623 399 1 0 0 0 0 27 995 2 0 0 0 0 0 
31 817 120 47 9 0 0 0 3 422 526 61 12 0 0 0 57 872 78 15 2 0 0 0 
8 272 544 145 50 5 0 0 1 112 618 224 50 19 0 0 163 642 138 49 28 4 0 0 
24 564 282 123 31 0 0 0 1 134 569 259 51 10 0 0 146 680 166 29 3 0 0 0 
53 466 229 189 84 3 0 0 19 211 412 285 91 6 0 0 73 537 228 119 66 1 0 0 
15 193 401 246 68 93 8 0 11 76 345 385 115 86 6 0 49 382 331 106 94 57 5 0 
4 307 409 147 104 52 1 0 6 275 425 166 113 37 2 0 232 471 152 76 82 11 0 0 
8 129 419 448 20 0 0 0 0 68 427 482 47 0 0 0 63 580 291 84 6 0 0 0 
4 124 348 368 125 51 4 0 0 34 275 512 146 52 5 0 17 245 275 354 108 24 1 0 
0 50 453 340 78 73 30 0 0 3 245 549 111 81 35 0 6 227 213 345 132 80 20 1 
0 253 378 359 34 0 0 0 0 30 386 507 99 2 0 0 16 362 186 346 112 2 0 0 
0 165 423 418 18 0 0 0 0 24 304 585 107 4 0 0 77 302 215 414 16 0 0 0 
0 90 349 536 48 1 0 0 0 32 134 532 315 11 0 0 193 478 281 70 2 0 0 0 
0 100 490 351 80 2 1 0 0 18 205 561 221 18 1 0 361 507 129 24 3 0 0 0 
8 239 398 328 41 10 0 0 2 129 202 437 230 21 3 0 428 508 69 14 5 0 0 0 
71 533 152 130 78 39 20 1 29 459 244 112 117 40 22 1 277 473 88 60 58 40 22 6 
16 557 266 89 75 21 0 0 1 315 476 141 74 17 0 0 166 607 93 75 71 12 0 0 
6 227 532 252 7 0 0 0 0 38 428 535 23 0 0 0 25 544 147 292 16 0 0 0 
3 484 223 265 5 9 33 2 0 81 491 362 42 8 23 17 6 490 102 328 50 7 13 28 
2 108 488 182 28 77 98 41 0 23 275 458 45 36 103 84 2 137 248 388 20 28 84 117 
2 114 294 139 82 227 140 26 0 21 233 281 83 203 153 50 4 121 183 230 54 174 183 75 
1 165 418 179 113 72 62 14 0 34 324 363 137 78 70 18 11 234 227 297 81 67 79 28 
2 108 708 202 4 0 0 0 0 16 448 538 22 0 0 0 3 162 364 480 15 0 0 0 
4 73 674 239 33 1 0 0 0 24 440 456 94 10 0 0 20 176 476 337 15 0 0 0 
1 45 639 306 33 0 0 0 0 4 308 572 137 3 0 0 16 306 442 258 2 0 0 0 
8 234 622 157 3 0 0 0 0 124 509 369 22 0 0 0 94 584 322 23 1 0 0 0 
220 599 163 39 3 0 0 0 133 579 211 91 10 0 0 0 368 577 72 7 0 0 0 0 
22 353 477 155 17 0 0 0 36 436 426 104 22 0 0 0 69 472 406 75 2 0 0 0 
19 408 461 121 15 0 0 0 23 428 398 155 19 1 0 0 39 543 365 74 3 0 0 0 
14 456 476 60 16 2 0 0 5 364 547 89 18 1 0 0 67 603 321 29 4 0 0 0 
51 728 224 20 1 0 0 0 18 616 334 53 3 0 0 0 158 683 174 8 1 0 0 0 
4 201 338 205 142 87 42 5 0 89 285 287 160 122 59 22 18 311 270 167 119 94 37 8 
8 74 188 195 196 236 108 19 0 28 135 216 175 254 163 53 20 134 168 147 189 200 135 31 
0 32 141 256 283 238 67 7 0 16 74 216 271 296 129 22 7 87 136 233 255 227 71 8 
2 65 173 201 285 221 77 0 0 23 117 206 246 248 158 26 13 107 151 187 252 206 106 2 
4 51 168 210 226 250 107 8 0 24 100 197 217 248 199 39 9 86 157 175 199 231 147 20 
2 41 144 205 305 251 74 2 1 19 109 162 240 295 181 17 2 31 149 165 276 264 127 10 
1 464 410 87 18 32 11 1 0 164 596 172 37 28 26 1 10 364 555 29 13 29 23 1 
37 599 276 94 18 0 0 0 0 215 570 174 59 6 0 0 130 613 190 78 12 1 0 0 
115 803 100 6 0 0 0 0 8 540 459 17 0 0 0 0 163 819 36 6 0 0 0 0 
311 666 34 13 0 0 0 0 17 888 101 15 3 0 0 0 138 829 35 19 3 0 0 0 
117 507 316 78 6 0 0 0 16 535 337 126 10 0 0 0 66 568 246 134 10 0 0 0 
18 126 484 301 73 20 2 0 15 106 432 349 93 23 6 0 87 422 310 134 51 18 2 0 
43 196 574 194 14 3 0 0 8 158 469 335 50 4 0 0 51 311 550 97 11 4 0 0 
40 96 350 489 48 1 0 0 36 80 432 432 43 1 0 0 49 479 401 77 18 0 0 0 
49 100 419 346 46 62 2 0 49 77 373 402 50 70 3 0 80 471 286 79 37 65 6 0 
67 227 300 281 134 15 0 0 55 197 264 341 146 20 1 0 100 337 291 201 87 8 0 0 
25 185 537 266 10 1 0 0 5 109 391 472 43 3 1 0 63 197 306 440 17 1 0 0 
2 56 556 246 133 29 2 0 0 20 424 419 132 27 2 0 4 152 370 395 87 15 1 0 
3 104 556 224 43 88 5 1 1 47 350 476 38 102 9 1 12 187 255 438 62 63 6 1 
5 113 432 423 44 7 0 0 0 34 293 528 144 25 0 0 95 259 318 316 36 0 0 0 
10 140 535 312 26 1 0 0 2 77 343 477 119 6 0 0 130 410 285 193 5 1 0 0 
8 111 479 409 17 0 0 0 2 47 164 579 223 9 0 0 349 568 102 5 0 0 0 0 
0 101 534 358 30 1 0 0 0 37 193 600 187 7 0 0 366 505 134 17 1 1 0 0 
3 117 486 376 41 1 0 0 0 61 197 478 273 15 0 0 274 582 136 30 2 0 0 0 
32 349 224 167 174 65 12 1 38 353 210 166 171 73 11 2 77 378 187 168 133 64 15 2 
4 318 317 163 144 76 2 0 6 168 408 196 162 81 3 0 61 430 187 125 143 76 2 0 
25 299 437 198 52 13 0 0 0 72 393 371 138 47 3 0 105 445 286 172 16 0 0 0 
7 59 42 91 234 400 185 6 2 18 62 80 181 365 279 37 3 58 38 70 152 277 335 91 
0 0 0 100 339 408 160 17 0 0 0 43 271 434 227 49 0 0 0 18 207 425 275 99 
0 0 12 182 412 207 191 20 0 0 5 117 386 250 203 63 0 0 4 93 363 264 205 95 
0 0 2 96 390 315 216 5 0 0 3 52 297 376 277 19 0 0 1 46 215 415 318 29 
2 7 52 120 313 302 215 13 1 2 45 94 276 304 275 27 2 16 34 83 251 295 301 42 
0 9 69 132 289 217 297 11 0 3 53 101 297 224 324 22 0 13 60 73 286 238 321 33 
1 20 315 303 201 115 69 0 0 10 175 372 255 127 82 3 4 71 212 265 252 127 90 3 
14 205 267 318 125 78 17 0 4 149 264 344 149 85 29 0 82 221 193 274 146 78 30 0 
205 496 127 86 74 32 4 0 158 500 156 73 93 39 5 0 233 488 99 72 87 36 9 0 
23 381 488 127 5 0 0 0 31 509 373 103 8 0 0 0 60 573 344 45 2 0 0 0 
29 444 448 94 9 0 0 0 50 555 333 75 11 0 0 0 95 625 275 23 6 0 0 0 
13 309 507 177 11 6 1 0 7 260 490 223 36 7 1 0 102 613 280 27 2 0 0 0 
19 548 385 54 11 5 2 0 7 442 338 176 47 12 2 0 157 692 152 19 2 1 1 0 
9 342 448 98 47 36 31 13 1 30 219 555 120 47 28 24 212 531 157 54 33 13 13 11 
7 143 303 218 159 141 44 9 0 21 154 366 204 171 79 29 98 306 156 138 126 134 45 21 
9 160 351 222 161 104 16 1 0 44 244 339 192 155 46 4 54 333 210 160 139 103 24 1 
17 322 306 166 114 63 30 6 4 148 371 218 128 93 40 22 96 402 180 138 103 56 33 16 
6 184 385 207 127 95 20 0 0 42 299 353 151 120 55 4 59 398 199 135 110 79 43 1 
13 479 261 141 81 40 9 0 0 219 392 210 112 66 24 1 33 541 223 99 68 44 14 2 
26 850 125 18 5 0 0 0 0 482 438 90 14 0 0 0 45 885 69 14 11 0 0 0 
73 456 419 66 8 2 0 0 3 209 612 174 17 9 0 0 44 428 271 251 19 11 0 0 
6 216 736 65 1 0 0 0 2 100 643 274 5 0 0 0 6 168 565 282 3 0 0 0 
4 161 768 91 0 0 0 0 2 78 554 374 16 0 0 0 2 150 640 226 6 0 0 0 
3 88 852 81 0 0 0 0 0 41 730 244 9 0 0 0 2 56 801 160 5 0 0 0 
0 181 526 290 27 0 0 0 0 82 521 357 60 4 0 0 68 345 453 116 40 2 0 0 
1 134 625 240 24 0 0 0 0 32 547 412 33 0 0 0 10 315 596 86 17 0 0 0 
4 279 435 255 29 22 0 0 4 124 548 297 36 15 0 0 136 584 256 27 17 4 0 0 
18 145 591 200 24 46 0 0 22 120 587 224 28 43 0 0 177 638 114 32 16 44 3 0 
50 73 349 341 192 17 2 0 48 104 287 359 192 32 2 0 52 286 342 191 140 13 0 0 
3 50 491 419 60 1 0 0 0 17 363 511 110 23 0 0 34 319 522 136 13 0 0 0 
3 134 470 246 146 25 0 0 1 44 438 344 171 26 0 0 64 332 371 180 69 8 0 0 
0 77 503 284 85 63 12 0 0 43 360 399 136 74 12 0 23 269 404 213 70 37 8 0 
9 107 336 496 75 1 0 0 0 29 155 530 276 34 0 0 40 256 480 228 19 1 0 0 
29 147 418 373 54 3 0 0 11 62 259 446 216 29 1 0 200 421 274 111 17 1 0 0 
2 74 576 359 13 0 0 0 1 37 219 610 157 0 0 0 365 567 88 4 0 0 0 0 
7 151 563 287 16 0 0 0 5 80 269 558 107 5 0 0 377 527 109 11 0 0 0 0 
20 142 462 336 59 5 0 0 23 105 217 472 197 10 0 0 283 527 142 48 18 6 0 0 
46 280 317 239 107 32 3 0 60 283 274 225 134 45 3 0 161 405 241 122 63 29 3 0 
59 388 312 166 83 14 2 0 38 342 357 178 80 26 3 0 177 513 227 82 21 3 1 0 
148 266 342 222 41 5 0 0 62 206 233 322 176 23 2 0 299 507 159 47 11 1 0 0 
22 69 121 177 330 281 23 1 13 61 97 154 307 347 43 2 24 86 124 161 268 311 48 2 
0 0 0 49 604 353 18 0 0 0 0 25 480 478 41 0 0 0 0 54 475 449 46 0 
0 0 7 196 618 200 3 0 0 0 6 118 568 314 18 0 0 0 5 117 547 337 18 0 
0 0 11 251 542 212 7 1 0 0 6 187 518 284 28 1 0 0 19 215 465 288 36 1 
0 1 184 317 276 192 49 5 0 1 159 300 255 219 81 9 0 18 209 264 205 223 94 11 
0 24 507 322 131 35 5 0 0 15 487 304 170 39 9 0 0 39 497 273 164 35 15 1 
1 64 739 203 16 1 0 0 0 27 639 304 50 4 0 0 4 99 670 238 11 2 0 0 
62 203 592 140 27 0 0 0 47 136 550 250 41 0 0 0 62 162 566 206 28 0 0 0 
134 497 289 80 22 2 0 0 125 469 273 126 29 2 0 0 150 516 227 102 27 2 0 0 
10 480 458 71 4 1 0 0 29 487 372 124 12 0 0 0 170 625 185 33 11 0 0 0 
16 474 431 89 11 3 0 0 44 568 360 40 8 3 1 0 179 587 227 22 5 4 0 0 
44 560 321 82 11 5 1 0 4 324 435 225 29 4 2 1 360 584 69 7 3 1 0 0 
69 561 315 39 18 14 7 1 7 121 391 423 48 21 7 6 320 500 160 15 13 6 9 1 
61 342 145 89 120 162 88 17 1 78 332 179 102 153 124 55 153 305 99 95 112 128 95 37 
36 258 281 125 103 123 84 14 1 81 279 275 118 119 104 47 104 354 164 98 83 105 90 26 
43 275 275 117 114 118 76 6 2 109 279 272 102 103 123 34 168 352 117 70 101 95 99 22 
21 346 351 137 73 59 33 4 6 140 380 268 102 61 48 19 171 460 147 83 62 47 41 13 
12 414 422 99 43 24 9 1 2 99 535 266 66 36 17 3 179 595 132 49 33 25 10 1 
6 509 463 26 8 6 5 1 0 107 799 94 9 7 5 3 21 808 161 15 5 7 5 2 
5 840 172 7 0 0 0 0 0 158 834 31 1 0 0 0 76 886 59 3 0 0 0 0 
0 116 829 79 0 0 0 0 0 64 736 221 3 0 0 0 0 96 751 176 1 0 0 0 
1 71 754 191 7 0 0 0 2 30 663 297 32 0 0 0 0 46 772 203 3 0 0 0 
1 51 680 290 2 0 0 0 0 22 550 427 25 0 0 0 0 40 771 213 0 0 0 0 
0 115 659 240 10 0 0 0 0 22 664 312 26 0 0 0 1 92 785 146 0 0 0 0 
0 41 518 332 111 17 3 2 0 16 512 331 134 26 3 2 3 40 652 199 93 34 2 1 
2 204 484 236 96 2 0 0 0 44 491 331 145 13 0 0 27 397 378 119 69 34 0 0 
32 282 334 256 89 31 0 0 9 137 449 308 99 22 0 0 150 451 288 51 80 4 0 0 
0 194 620 196 13 1 0 0 1 160 607 236 19 1 0 0 134 683 172 27 7 1 0 0 
7 126 342 427 118 4 0 0 10 126 358 373 151 6 0 0 119 384 322 144 54 1 0 0 
120 338 281 232 53 0 0 0 10 226 249 262 258 19 0 0 471 349 166 38 0 0 0 0 
10 117 348 354 179 15 1 0 12 111 302 354 223 21 1 0 111 372 289 177 72 3 0 0 
5 267 366 259 79 35 13 0 3 152 364 296 155 39 15 0 69 491 295 100 42 25 2 0 
97 580 261 74 10 2 0 0 40 403 412 150 17 2 0 0 180 664 159 16 5 0 0 0 
58 405 273 174 86 28 0 0 39 387 313 168 81 36 0 0 142 461 205 128 63 25 0 0 
2 135 572 275 34 5 1 0 2 144 541 291 40 5 1 0 122 556 259 70 14 3 0 0 
10 148 538 277 48 2 1 0 15 192 461 285 68 2 1 0 144 502 310 48 19 1 0 0 
3 71 458 426 61 5 0 0 3 79 420 405 114 3 0 0 126 460 306 115 17 0 0 0 
38 178 292 336 153 27 0 0 34 167 265 348 160 49 1 0 73 252 276 249 129 44 1 0 
109 295 317 241 53 8 1 0 112 279 237 257 124 14 1 0 206 488 254 58 15 3 0 0 
45 330 304 201 87 14 28 15 57 391 254 177 84 16 22 23 68 413 261 141 68 25 20 28 
13 200 215 188 300 107 1 0 24 212 179 172 303 130 4 0 25 247 185 163 303 100 1 0 
0 15 38 250 623 97 1 0 0 9 30 204 639 139 3 0 0 19 59 263 577 103 3 0 
0 10 42 193 660 119 0 0 0 3 24 167 635 193 2 0 0 5 35 180 653 149 2 0 
0 3 37 402 491 90 1 0 0 3 31 375 506 108 1 0 0 4 92 460 397 70 1 0 
3 42 580 359 38 2 0 0 3 31 544 394 50 2 0 0 5 91 652 238 36 2 0 0 
32 373 300 269 42 6 2 0 36 363 264 299 53 7 1 1 37 380 266 269 62 8 2 0 
73 552 325 50 13 11 0 0 68 563 272 99 22 0 0 0 89 627 243 42 8 15 0 0 
177 536 270 40 1 0 0 0 135 361 369 145 14 0 0 0 259 583 158 22 2 0 0 0 
64 642 277 36 5 0 0 0 74 519 321 103 7 0 0 0 162 681 152 23 6 0 0 0 
29 620 293 72 8 2 0 0 77 687 194 56 8 2 0 0 134 620 209 43 17 1 0 0 
65 580 301 65 12 1 0 0 130 662 175 45 10 2 0 0 236 606 165 14 2 1 0 0 
81 521 310 64 28 9 11 0 20 336 318 256 64 17 12 1 290 458 207 46 14 9 0 0 
219 570 136 52 25 9 10 3 13 266 493 163 60 15 11 3 338 488 127 47 16 5 3 0 
221 358 193 83 55 62 42 10 20 237 327 216 86 53 56 29 336 410 76 60 44 45 35 18 
96 415 289 73 48 68 30 5 5 141 407 287 50 66 59 9 286 467 88 37 38 62 41 5 
105 590 137 74 64 36 16 2 11 345 380 121 72 65 19 11 418 353 66 57 69 37 21 3 
205 701 76 16 11 9 5 1 7 498 432 50 16 11 7 3 722 236 26 9 13 8 8 2 
30 468 370 79 46 26 4 1 2 167 539 217 62 25 10 2 365 486 93 37 20 18 4 1 
11 445 433 53 23 52 6 1 1 224 647 59 54 30 7 2 75 640 247 27 19 13 2 1 
14 503 456 47 3 1 0 0 1 219 680 64 56 4 0 0 43 724 173 8 18 51 7 0 
2 238 638 126 14 6 0 0 0 58 564 344 49 8 1 0 12 277 700 34 1 0 0 0 
0 82 541 243 144 14 0 0 0 39 429 310 222 24 0 0 3 160 614 107 118 20 2 0 
3 81 310 327 278 25 0 0 4 75 221 272 411 41 0 0 12 135 284 114 361 116 2 0 
2 185 273 372 186 5 1 0 2 113 289 248 352 19 1 0 4 128 364 148 315 65 0 0 
0 3 17 477 522 5 0 0 0 3 16 165 784 56 0 0 0 2 17 179 663 160 3 0 
2 43 75 421 379 102 2 0 0 18 56 201 555 176 18 0 1 22 46 137 435 338 44 1 
26 141 126 239 367 103 21 1 4 97 154 208 347 166 40 8 62 152 122 137 258 191 83 19 
1 70 245 310 353 44 1 0 0 52 276 254 378 62 2 0 67 262 120 138 343 92 2 0 
9 157 288 322 228 20 0 0 6 208 373 272 140 25 0 0 42 356 398 136 88 4 0 0 
125 201 349 253 84 10 2 0 72 201 277 338 114 19 3 0 165 264 366 160 59 8 2 0 
4 94 283 350 134 37 62 60 4 46 178 422 209 45 57 63 49 254 405 186 98 31 0 1 
11 194 310 248 78 48 69 66 1 106 299 324 109 38 78 69 104 414 293 144 57 10 2 0 
7 169 376 141 67 82 120 62 3 99 309 253 92 95 106 67 157 320 325 145 60 17 0 0 
14 255 465 217 43 24 6 0 0 67 408 386 124 31 8 0 27 319 409 212 52 4 1 0 
4 218 486 283 33 0 0 0 7 186 509 270 50 2 0 0 100 587 279 56 2 0 0 0 
9 134 498 340 42 1 0 0 15 152 481 335 41 0 0 0 149 516 312 45 2 0 0 0 
8 272 508 219 17 0 0 0 10 297 510 187 20 0 0 0 61 570 331 59 3 0 0 0 
26 307 456 214 21 0 0 0 18 248 399 274 85 0 0 0 142 559 261 57 5 0 0 0 
31 261 538 175 18 1 0 0 21 164 444 356 38 1 0 0 74 463 390 82 14 1 0 0 
15 290 518 180 15 3 2 1 18 246 499 231 21 5 3 1 23 398 452 119 13 12 4 3 
23 286 402 201 82 27 3 0 21 313 444 203 38 5 0 0 33 358 370 159 67 28 9 0 
2 57 254 397 184 115 15 0 2 68 375 471 102 6 0 0 7 115 277 310 164 113 37 1 
0 69 381 451 111 12 0 0 0 7 207 595 196 19 0 0 14 140 437 317 100 16 0 0 
1 52 279 453 182 57 0 0 0 18 141 474 315 76 0 0 18 192 373 224 164 52 1 0 
9 84 263 387 210 71 0 0 8 67 188 361 322 78 0 0 20 204 387 187 174 52 0 0 
1 23 260 581 146 12 1 0 1 34 173 632 179 5 0 0 8 151 518 265 65 15 2 0 
1 8 232 507 194 78 4 0 1 37 330 583 73 0 0 0 3 107 408 282 123 88 12 1 
4 126 342 391 107 48 5 1 8 145 391 420 59 1 0 0 17 232 393 228 91 51 11 1 
36 501 314 136 34 3 0 0 71 524 250 132 45 2 0 0 74 563 281 81 24 1 0 0 
76 584 273 75 14 1 1 0 148 617 189 63 4 2 1 0 128 615 209 60 10 1 1 0 
60 600 295 44 20 5 0 0 118 707 144 34 16 5 0 0 167 698 107 33 17 2 0 0 
192 570 152 38 25 33 13 1 179 579 143 44 34 27 15 3 383 507 98 31 5 0 0 0 
421 461 53 29 26 18 13 3 95 584 232 49 22 27 11 4 538 393 59 27 7 0 0 0 
476 328 64 41 36 43 28 8 134 477 222 58 40 36 40 17 509 311 58 31 35 39 28 13 
144 635 145 40 26 19 13 2 16 325 491 117 28 19 17 11 465 409 66 26 26 12 14 6 
451 483 41 8 9 21 9 2 29 661 261 29 6 14 20 4 785 176 15 7 8 13 15 5 
433 554 37 0 0 0 0 0 84 690 216 34 0 0 0 0 855 169 0 0 0 0 0 0 
56 746 181 19 18 4 0 0 1 462 483 65 12 1 0 0 567 428 29 0 0 0 0 0 
20 666 160 51 46 58 23 0 0 265 545 95 58 45 16 0 437 481 82 17 7 0 0 0 
93 773 139 9 4 5 1 0 0 298 640 67 13 6 0 0 195 684 51 35 35 24 0 0 
46 589 224 91 72 2 0 0 7 215 449 250 94 9 0 0 235 422 92 155 94 26 0 0 
1 89 424 412 96 2 0 0 0 52 253 479 232 8 0 0 13 84 80 492 290 65 0 0 
9 93 442 438 41 1 0 0 8 46 245 576 144 5 0 0 5 51 189 534 233 12 0 0 
20 53 335 497 116 3 0 0 21 45 128 609 203 17 1 0 13 56 125 558 210 61 1 0 
10 56 319 499 129 10 1 0 6 43 143 495 313 21 3 0 2 45 123 452 337 55 10 0 
3 101 90 480 314 36 0 0 3 52 111 265 511 82 0 0 2 39 116 153 487 223 4 0 
0 29 169 365 414 44 3 0 0 15 108 233 525 133 10 0 0 24 103 239 339 290 26 3 
1 139 235 408 189 52 0 0 1 62 207 471 210 73 0 0 30 229 331 217 155 61 1 0 
0 82 341 320 244 37 0 0 2 125 374 322 183 18 0 0 87 390 296 155 92 4 0 0 
7 79 459 426 53 0 0 0 1 59 340 509 107 8 0 0 15 333 425 206 42 3 0 0 
22 381 406 119 33 28 28 7 4 145 373 357 75 34 26 10 83 395 368 152 25 0 1 0 
30 481 387 80 22 9 13 2 4 107 458 342 83 11 17 2 38 371 446 136 25 1 5 2 
28 383 344 110 136 15 7 1 25 339 348 126 162 15 6 3 46 438 286 81 153 12 6 2 
28 448 413 119 14 2 0 0 0 105 457 357 96 8 1 0 51 492 340 116 25 0 0 0 
27 257 441 176 55 21 32 15 13 157 414 267 93 28 30 22 142 438 264 125 51 3 1 0 
12 210 405 160 66 48 81 42 13 154 349 261 73 55 74 45 285 392 182 108 46 11 0 0 
11 220 434 249 73 21 10 6 11 181 385 283 118 28 11 7 145 461 270 94 32 20 2 0 
17 273 379 146 172 34 3 0 19 281 351 137 165 67 4 0 36 330 332 113 119 91 3 0 
11 479 393 97 40 3 1 0 20 514 364 82 34 9 1 0 14 500 374 85 38 12 1 0 
5 131 298 353 165 60 12 0 7 153 327 438 86 11 2 0 11 227 327 240 139 57 23 0 
0 31 334 445 163 45 6 0 2 36 413 496 76 1 0 0 7 178 358 293 125 49 14 0 
1 50 402 435 117 19 0 0 1 23 337 553 107 3 0 0 36 316 352 221 77 20 2 0 
1 79 398 415 112 9 7 3 0 38 256 539 167 14 9 1 78 376 364 124 70 11 1 0 
2 38 185 255 431 104 9 0 2 30 188 298 414 90 2 0 25 150 190 186 375 98 0 0 
1 5 79 317 457 158 7 0 1 6 76 346 496 99 0 0 4 62 159 259 361 157 22 0 
3 24 215 512 220 48 2 0 2 18 229 629 143 3 0 0 16 124 361 316 150 44 13 0 
14 151 421 310 96 31 1 0 8 131 363 458 64 0 0 0 72 389 350 103 72 33 5 0 
34 288 464 220 18 0 0 0 14 202 335 390 81 2 0 0 109 534 335 38 8 0 0 0 
28 524 355 103 12 2 0 0 48 514 274 160 27 1 0 0 93 673 211 40 7 0 0 0 
93 536 323 69 3 0 0 0 174 604 213 33 0 0 0 0 146 615 233 30 0 0 0 0 
162 558 263 35 6 0 0 0 223 645 133 17 6 0 0 0 220 646 135 18 5 0 0 0 
106 696 158 50 12 2 0 0 186 637 138 49 12 2 0 0 194 666 127 28 8 1 0 0 
148 657 152 53 13 1 0 0 122 648 197 46 11 0 0 0 260 585 139 32 8 0 0 0 
290 589 79 30 17 17 2 0 247 578 128 31 19 16 5 0 354 558 56 26 17 13 0 0 
363 491 111 26 25 6 2 0 277 429 206 70 28 11 2 1 496 428 55 23 15 4 3 0 
404 529 46 14 16 9 6 0 132 513 294 49 15 7 12 2 702 254 21 16 12 10 9 0 
363 511 74 40 23 12 1 0 170 479 261 48 40 25 1 0 633 305 36 33 14 3 0 0 
191 675 82 27 26 13 9 1 152 660 114 36 27 21 10 4 425 495 46 14 20 15 7 2 
63 911 46 3 1 0 0 0 15 495 503 9 2 0 0 0 253 740 27 3 1 0 0 0 
27 904 93 0 0 0 0 0 0 46 920 58 0 0 0 0 283 733 8 0 0 0 0 0 
0 62 725 200 35 2 0 0 0 21 602 331 66 4 0 0 0 31 493 362 122 16 0 0 
16 121 677 208 2 0 0 0 11 32 410 552 19 0 0 0 6 31 274 663 50 0 0 0 
26 52 457 341 95 41 11 1 14 47 127 668 113 41 13 1 6 48 97 653 167 39 13 1 
4 78 330 335 237 38 2 0 2 73 269 293 322 61 4 0 6 95 246 252 273 145 7 0 
1 117 297 332 255 22 0 0 0 73 314 166 402 65 4 0 0 59 300 80 374 191 20 0 
0 182 240 233 335 33 1 0 0 72 302 184 366 97 3 0 3 171 290 83 233 225 18 1 
4 197 343 270 188 21 1 0 0 71 346 335 205 64 3 0 41 427 236 113 132 68 7 0 
3 275 322 311 110 3 0 0 0 108 394 410 108 4 0 0 28 437 382 134 39 4 0 0 
1 152 395 229 220 27 0 0 4 151 425 239 179 26 0 0 159 498 135 142 67 23 0 0 
32 433 305 246 6 2 0 0 29 348 426 212 8 1 0 0 101 580 249 90 4 0 0 0 
67 659 274 18 6 0 0 0 46 236 551 184 7 0 0 0 186 634 179 21 4 0 0 0 
52 613 232 57 24 30 11 5 16 225 487 195 44 30 17 10 159 519 177 91 23 35 10 10 
28 259 316 78 83 95 100 65 22 113 304 217 81 86 114 87 40 222 368 126 92 72 44 60 
13 358 446 162 30 12 2 1 1 21 324 493 149 31 3 2 34 339 391 187 62 8 2 1 
30 511 325 102 23 13 9 11 2 81 434 381 79 20 13 14 24 376 411 137 40 15 10 11 
93 275 338 208 78 20 8 4 53 166 225 348 160 58 10 4 181 283 294 198 62 6 0 0 
91 451 294 144 38 5 1 0 55 343 281 229 102 14 0 0 338 466 145 59 12 4 0 0 
47 638 202 81 43 13 0 0 52 654 178 72 50 17 1 0 102 656 158 80 18 10 0 0 
28 355 282 209 91 55 4 0 42 376 288 225 77 15 1 0 45 432 278 145 65 45 14 0 
0 19 191 304 244 215 51 0 1 56 397 484 86 0 0 0 9 124 179 221 209 181 93 8 
2 29 166 300 250 221 56 0 14 93 459 406 52 0 0 0 14 94 192 201 219 212 91 1 
14 203 337 208 157 72 32 1 15 121 447 370 70 1 0 0 90 331 208 150 126 73 41 5 
39 319 317 215 108 20 6 0 32 253 242 288 185 20 4 0 112 447 211 124 102 24 4 0 
51 174 284 188 259 67 1 0 26 128 249 312 245 64 0 0 100 313 221 138 155 90 7 0 
4 73 347 345 200 50 5 0 3 42 285 465 196 31 2 0 45 313 291 187 142 46 0 0 
0 26 292 413 139 74 31 49 1 21 305 526 106 9 40 16 25 224 342 193 79 78 47 36 
6 135 213 368 231 66 5 0 8 150 245 407 173 41 0 0 13 224 292 234 157 88 16 0 
4 222 172 184 399 43 0 0 6 256 173 130 402 55 2 0 6 251 174 161 364 68 0 0 
2 441 299 182 97 3 0 0 8 448 251 191 121 4 1 0 12 490 277 144 95 6 0 0 
15 572 312 108 16 1 0 0 31 584 254 124 30 1 0 0 28 615 276 96 8 1 0 0 
11 825 172 11 5 0 0 0 19 872 117 11 5 0 0 0 20 869 118 11 6 0 0 0 
28 706 155 22 9 3 44 57 30 730 128 22 8 4 12 90 28 711 145 23 9 6 5 97 
53 790 142 9 4 3 4 19 62 760 154 18 4 3 1 22 52 776 154 8 5 2 5 22 
37 853 79 17 28 8 2 0 60 850 63 13 29 7 2 0 43 871 58 15 32 3 2 0 
53 704 147 42 39 33 6 0 50 707 138 44 39 36 10 0 48 709 147 47 35 35 3 0 
85 902 21 9 4 1 2 0 77 902 29 9 4 1 2 0 101 886 23 6 5 1 2 0 
94 313 407 153 48 9 0 0 64 216 230 366 107 40 1 0 343 472 147 53 8 1 0 0 
85 383 368 128 39 18 2 1 48 240 235 341 119 35 5 1 321 504 125 46 23 4 1 0 
77 538 326 74 8 1 0 0 23 371 269 287 71 3 0 0 291 564 143 21 5 0 0 0 
23 740 247 14 0 0 0 0 12 279 635 89 9 0 0 0 205 736 81 2 0 0 0 0 
29 153 608 197 31 5 1 0 33 105 661 188 28 8 1 0 35 393 490 77 22 6 1 0 
0 84 329 283 193 105 30 0 1 45 449 231 169 102 27 0 2 109 450 171 163 94 33 2 
0 3 132 383 350 151 4 1 0 8 172 344 342 152 5 1 0 36 215 302 311 155 4 1 
4 74 154 511 265 16 0 0 5 85 244 403 273 14 0 0 11 148 217 408 231 9 0 0 
16 194 561 244 7 2 0 0 12 216 629 160 5 1 1 0 28 407 516 70 1 2 0 0 
5 350 488 172 9 0 0 0 6 284 553 171 9 1 0 0 23 541 398 54 6 2 0 0 
147 777 81 17 2 0 0 0 9 617 354 37 7 0 0 0 323 651 38 12 0 0 0 0 
58 495 294 124 53 0 0 0 15 486 383 103 37 0 0 0 144 643 154 80 3 0 0 0 
27 160 412 291 131 3 0 0 36 197 427 247 115 2 0 0 110 487 211 120 94 2 0 0 
29 352 191 185 254 13 0 0 45 381 149 193 245 11 0 0 149 286 173 188 216 12 0 0 
16 321 360 137 147 43 0 0 18 341 346 130 143 46 0 0 31 363 335 126 136 33 0 0 
32 628 336 24 4 0 0 0 41 567 382 31 3 0 0 0 39 665 297 20 3 0 0 0 
67 688 210 45 10 4 0 0 31 439 416 111 22 5 0 0 81 665 215 49 11 3 0 0 
83 828 98 11 4 0 0 0 0 110 767 133 11 3 0 0 268 626 118 8 4 0 0 0 
139 820 41 16 7 1 0 0 2 385 595 29 9 4 0 0 294 655 54 15 6 0 0 0 
31 575 239 106 69 4 0 0 31 536 256 124 49 28 0 0 83 594 218 109 19 1 0 0 
22 288 456 163 62 31 2 0 24 377 406 134 63 16 4 0 42 424 378 112 43 23 2 0 
5 270 250 227 181 79 12 0 21 345 294 240 94 21 9 0 15 330 221 222 148 74 13 1 
2 42 151 262 342 186 39 0 7 99 370 405 124 15 4 0 18 104 172 238 271 168 52 1 
0 8 143 291 270 202 108 2 2 121 479 370 52 0 0 0 0 49 198 214 223 183 135 22 
1 6 98 300 283 229 105 2 4 65 446 412 93 4 0 0 5 29 142 272 229 200 129 18 
0 46 281 388 190 93 26 0 4 92 431 456 40 1 0 0 11 191 310 236 142 99 34 1 
11 96 246 364 214 75 18 0 19 103 260 436 188 16 2 0 44 196 323 181 168 83 28 1 
3 23 164 442 284 97 11 0 6 42 273 499 188 16 0 0 18 95 261 250 271 111 17 1 
0 39 217 322 263 142 41 0 8 69 294 463 176 13 1 0 34 161 268 207 163 134 56 1 
23 183 200 189 157 121 62 89 21 202 257 255 112 69 96 12 53 221 205 164 153 89 89 50 
40 306 268 134 58 103 83 32 46 292 238 210 155 55 23 5 89 366 214 127 113 81 23 11 
36 368 255 133 56 42 65 69 53 352 218 163 59 48 78 53 75 374 274 95 52 43 60 51 
4 133 295 279 145 73 49 46 5 154 187 230 266 94 55 33 6 215 310 220 124 67 47 35 
10 133 149 227 445 58 2 0 9 141 72 221 498 75 8 0 13 153 183 197 425 53 0 0 
0 102 121 100 565 135 1 0 1 109 121 93 539 160 1 0 1 110 114 99 551 148 1 0 
10 357 314 93 161 89 0 0 9 409 272 83 145 105 1 0 8 412 274 75 147 107 1 0 
16 681 222 63 15 6 3 18 23 720 171 57 26 8 5 14 42 749 176 52 4 1 0 0 
9 705 243 60 7 0 0 0 10 750 185 54 25 0 0 0 19 740 219 42 4 0 0 0 
42 790 179 11 2 0 0 0 28 744 219 32 1 0 0 0 66 813 132 11 2 0 0 0 
52 916 40 11 4 1 0 0 63 911 35 10 4 1 0 0 60 913 38 8 4 1 0 0 
203 632 118 56 13 2 0 0 122 562 223 57 50 9 1 0 266 615 105 29 8 1 0 0 
202 485 120 93 41 50 27 6 142 412 175 137 56 54 37 11 349 376 63 104 40 44 33 15 
210 379 318 105 12 0 0 0 130 300 247 262 78 7 0 0 465 418 127 13 1 0 0 0 
68 290 476 179 11 0 0 0 12 150 265 408 185 4 0 0 445 487 82 9 1 0 0 0 
18 208 708 87 3 0 0 0 25 272 669 52 6 0 0 0 132 775 101 15 1 0 0 0 
3 160 661 187 11 2 0 0 1 289 590 129 12 3 0 0 35 653 229 92 14 1 0 0 
0 94 625 280 25 0 0 0 1 135 689 185 14 0 0 0 46 633 276 60 9 0 0 0 
3 123 616 274 7 1 0 0 1 138 679 191 14 1 0 0 74 633 283 31 3 0 0 0 
1 90 619 302 11 1 0 0 1 90 596 286 48 3 0 0 54 526 397 41 4 2 0 0 
13 198 509 181 89 32 2 0 9 175 515 205 86 32 2 0 45 502 310 74 62 31 0 0 
12 191 266 277 219 57 2 0 8 176 221 294 245 78 2 0 25 287 284 216 157 55 0 0 
12 466 448 86 10 2 0 0 12 536 382 81 10 3 0 0 30 693 270 23 6 2 0 0 
15 298 394 266 32 15 3 1 15 351 362 241 39 13 2 1 29 471 351 146 20 5 2 0 
50 273 227 242 169 60 3 0 53 263 211 223 182 89 3 0 112 323 228 239 117 5 0 0 
46 529 190 122 87 38 9 3 57 522 164 131 97 43 7 3 145 518 171 132 41 13 4 0 
68 692 139 98 25 1 1 0 82 685 80 84 83 9 1 0 141 739 116 22 4 2 0 0 
79 365 275 277 28 0 0 0 65 286 126 252 277 18 0 0 303 550 150 21 0 0 0 0 
86 281 351 283 23 0 0 0 16 194 179 333 287 15 0 0 465 406 111 39 3 0 0 0 
123 415 208 188 77 9 4 0 57 413 181 212 135 26 0 0 279 388 144 110 75 22 6 0 
2 211 330 274 145 55 7 0 8 303 397 257 57 2 0 0 6 276 309 231 128 57 17 0 
0 8 139 357 292 169 59 0 1 103 482 392 46 0 0 0 1 34 195 293 240 163 93 5 
0 24 207 339 263 150 41 0 1 110 432 392 86 3 0 0 10 83 227 254 225 151 69 5 
0 47 255 345 228 127 22 0 3 89 518 368 46 0 0 0 19 160 238 256 183 117 48 3 
0 137 396 269 129 72 21 0 3 128 529 329 32 3 0 0 56 330 274 155 95 80 32 2 
11 223 476 214 66 26 8 0 16 189 565 245 9 0 0 0 106 453 255 117 59 26 8 0 
21 120 353 252 84 93 99 2 18 126 314 495 68 3 0 0 59 295 263 140 71 75 101 20 
5 42 214 397 194 125 45 2 6 47 219 536 189 13 13 1 37 167 352 165 142 114 40 7 
0 5 71 301 264 287 95 1 0 27 294 554 142 7 0 0 6 42 174 209 207 241 135 10 
0 6 107 255 289 240 127 0 1 44 390 517 69 3 0 0 0 48 126 218 231 219 165 17 
7 104 308 309 141 99 48 8 9 58 324 479 122 16 13 3 18 167 351 210 108 98 57 15 
16 603 309 75 13 8 0 0 1 75 540 357 49 2 0 0 19 587 334 64 10 7 3 0 
38 445 338 177 26 0 0 0 23 294 270 292 141 4 0 0 54 448 374 118 30 0 0 0 
70 297 406 222 28 1 0 0 43 209 209 426 135 2 0 0 87 325 409 173 27 2 1 0 
41 293 453 218 14 5 0 0 23 80 234 537 143 7 0 0 55 370 419 152 18 10 0 0 
37 591 288 85 9 12 2 0 41 593 231 111 29 14 5 0 50 612 262 81 14 5 0 0 
19 502 320 108 43 17 15 0 22 513 306 106 42 19 16 0 58 552 303 61 24 18 8 0 
8 76 113 150 183 299 169 26 12 73 100 145 195 186 304 9 79 111 120 132 150 175 256 1 
3 110 150 187 142 348 84 0 6 105 111 182 186 236 198 0 12 161 129 179 109 239 195 0 
2 247 205 227 64 230 49 0 4 229 177 204 128 179 103 0 40 328 250 88 35 190 93 0 
23 690 167 81 36 19 7 1 23 665 132 101 76 18 8 1 55 731 132 53 29 16 7 1 
44 608 189 173 10 0 0 0 39 591 123 226 45 0 0 0 66 611 226 119 2 0 0 0 
70 685 176 72 10 8 3 0 61 680 156 94 21 6 6 0 66 691 161 78 15 5 7 1 
125 748 76 27 34 14 0 0 116 759 74 30 31 13 1 0 118 758 78 31 29 10 0 0 
188 532 222 62 14 4 2 0 117 490 210 160 37 7 2 1 356 563 83 14 5 3 0 0 
11 540 391 72 7 2 1 0 5 564 417 30 6 1 1 0 394 582 39 4 3 1 1 0 
14 547 369 53 27 11 3 0 11 561 345 63 30 9 5 0 352 518 91 31 19 8 5 0 
26 475 487 32 1 3 0 0 8 414 533 64 2 3 0 0 342 628 49 2 2 1 0 0 
18 526 397 61 16 6 0 0 4 355 572 60 27 6 0 0 349 565 58 32 15 5 0 0 
4 267 610 112 25 6 0 0 3 125 646 203 36 11 0 0 117 686 160 33 23 5 0 0 
9 245 577 185 8 0 0 0 7 248 402 339 27 1 0 0 51 599 350 19 5 0 0 0 
32 342 480 137 28 5 0 0 25 273 363 325 33 5 0 0 67 508 364 62 21 2 0 0 
33 452 348 119 59 13 0 0 55 464 321 119 55 10 0 0 87 531 277 84 40 5 0 0 
2 226 284 215 144 111 41 1 14 280 257 202 143 100 27 1 39 360 284 172 121 47 0 1 
1 23 58 224 332 303 79 4 1 28 61 264 383 226 57 4 17 115 277 368 182 58 7 0 
34 478 202 117 107 73 13 0 51 463 171 158 115 60 6 0 117 586 156 102 50 12 1 0 
42 634 214 71 41 20 2 0 61 578 185 121 55 23 1 0 182 649 104 38 40 11 0 0 
43 584 251 74 28 29 14 1 46 413 350 171 41 3 0 0 474 378 63 32 21 34 17 5 
51 454 189 115 101 98 16 0 80 354 316 232 41 1 0 0 324 336 81 79 80 87 37 0 
27 179 213 225 192 159 29 0 45 214 288 361 111 5 0 0 93 257 195 142 136 157 39 5 
0 36 280 381 182 126 19 0 2 92 499 367 64 0 0 0 11 182 234 294 135 119 48 1 
1 57 233 318 247 136 31 1 1 114 523 328 55 3 0 0 12 134 243 243 191 135 56 10 
1 37 259 263 243 172 47 2 5 92 466 401 59 1 0 0 12 182 197 176 211 177 60 9 
3 101 445 329 100 39 7 0 0 103 515 379 27 0 0 0 62 339 304 189 79 38 11 2 
9 58 405 369 127 50 6 0 5 63 457 457 41 1 0 0 41 284 323 206 107 52 10 1 
4 69 189 333 278 134 17 0 3 56 334 423 182 26 0 0 35 138 181 259 249 129 32 1 
0 13 207 248 216 271 67 2 0 34 356 540 89 5 0 0 9 139 168 149 185 241 121 12 
0 10 258 378 232 111 35 0 1 62 495 403 57 6 0 0 4 117 252 287 190 120 48 6 
0 85 425 344 102 63 5 0 1 81 543 349 46 4 0 0 27 319 296 223 88 57 14 0 
4 87 350 309 175 83 16 0 5 113 510 332 62 2 0 0 34 271 254 216 139 79 30 1 
22 220 395 197 107 62 21 0 30 206 480 275 33 0 0 0 99 322 276 135 94 65 32 1 
107 427 141 149 106 80 12 2 111 323 333 166 51 25 12 3 126 403 151 128 92 99 22 3 
30 277 171 69 141 237 98 1 20 191 103 204 135 201 158 12 42 306 138 51 83 171 191 42 
52 261 292 157 138 102 22 0 41 199 149 305 184 98 39 9 47 276 279 106 143 109 53 11 
151 649 103 60 39 19 3 0 137 587 167 66 40 21 6 0 149 652 92 58 42 23 8 0 
53 840 93 27 7 2 2 0 70 837 80 25 8 3 0 1 95 839 70 17 2 0 1 0 
65 338 305 204 38 20 30 24 50 322 281 227 75 25 32 12 271 444 251 51 5 2 0 0 
47 357 453 165 2 0 0 0 18 235 307 378 86 0 0 0 242 560 203 19 0 0 0 0 
33 351 476 159 5 0 0 0 16 196 257 418 136 1 0 0 204 580 214 25 1 0 0 0 
102 471 281 152 14 1 3 0 90 420 221 215 73 4 1 0 217 545 199 56 4 3 0 0 
55 565 332 70 2 0 0 0 40 495 267 194 28 0 0 0 148 671 185 20 0 0 0 0 
25 674 232 56 31 6 0 0 25 657 230 70 33 7 2 0 39 693 206 46 31 9 0 0 
18 215 135 230 294 128 4 0 13 226 130 211 281 157 6 0 15 238 118 226 284 140 3 0 
2 119 96 143 511 152 1 0 2 119 97 118 490 196 2 0 2 129 90 114 482 203 4 0 
51 346 88 55 262 218 4 0 46 353 86 51 240 240 8 0 58 356 76 59 228 236 11 0 
19 535 440 30 0 0 0 0 15 520 454 35 0 0 0 0 368 635 21 0 0 0 0 0 
109 643 259 13 0 0 0 0 51 607 340 26 0 0 0 0 488 516 20 0 0 0 0 0 
165 645 205 9 0 0 0 0 109 546 327 42 0 0 0 0 622 375 27 0 0 0 0 0 
89 471 427 30 6 1 0 0 54 486 440 33 9 1 1 0 327 629 52 13 1 2 0 0 
84 526 359 46 6 3 0 0 75 416 398 122 10 3 0 0 266 611 129 12 5 1 0 0 
124 579 232 69 13 6 1 0 136 528 207 132 15 5 1 0 180 656 127 46 10 4 1 0 
42 586 282 82 22 10 0 0 52 587 274 85 17 9 0 0 67 649 234 54 17 3 0 0 
38 503 242 145 46 32 16 2 56 523 224 129 42 35 14 1 87 539 205 118 41 26 8 0 
8 257 239 190 170 125 31 4 28 285 233 182 148 118 25 5 72 370 229 166 139 39 8 1 
7 87 283 368 210 65 4 0 12 131 318 343 180 37 3 0 91 373 347 170 39 2 2 0 
21 333 423 185 49 13 0 0 23 312 363 256 54 16 0 0 195 565 186 57 20 1 0 0 
17 537 370 85 12 3 0 0 32 556 323 98 14 1 0 0 56 625 276 61 5 1 0 0 
3 306 270 226 124 84 11 0 27 423 313 214 39 8 0 0 6 355 230 200 127 74 31 1 
0 23 131 344 291 190 45 0 7 89 404 438 69 12 4 1 3 59 182 281 241 177 78 3 
0 8 124 297 267 258 70 0 1 55 400 505 61 2 0 0 2 63 164 207 243 222 119 4 
1 17 158 331 284 184 49 0 6 70 416 461 70 1 0 0 2 64 235 236 226 175 84 2 
7 51 355 399 142 61 9 0 7 88 483 393 51 2 0 0 22 215 358 220 119 68 20 2 
19 236 361 218 160 24 6 0 3 149 375 334 156 7 0 0 139 391 237 143 82 21 10 1 
16 182 243 127 330 126 0 0 3 92 247 240 328 114 0 0 102 288 125 128 270 111 0 0 
32 241 311 148 128 124 40 0 20 195 326 312 145 26 0 0 134 349 202 66 106 108 56 3 
1 31 310 306 192 149 34 1 3 64 359 521 77 0 0 0 14 244 234 165 159 136 68 4 
2 64 256 204 250 184 63 1 1 96 422 424 78 3 0 0 25 221 151 138 217 159 109 4 
8 103 355 283 178 71 25 1 5 101 396 460 62 0 0 0 55 312 268 123 154 76 32 4 
11 261 457 207 66 22 0 0 9 211 501 270 31 2 0 0 108 442 274 120 54 24 2 0 
65 277 432 183 36 29 2 0 21 187 459 322 35 0 0 0 165 501 219 80 27 22 10 0 
33 339 450 126 33 28 14 1 11 158 477 289 41 17 23 8 147 542 215 42 25 20 20 13 
39 106 204 229 230 178 38 0 37 90 230 254 177 172 61 3 51 150 146 172 201 201 97 6 
31 55 134 266 255 209 68 6 30 54 128 252 233 200 104 23 22 49 105 242 236 179 147 44 
8 132 313 205 207 147 12 0 6 131 314 184 171 184 34 0 11 131 262 189 158 174 96 3 
21 179 267 310 188 52 6 1 20 172 261 299 192 70 9 1 21 180 247 288 203 67 16 2 
80 595 140 127 58 11 10 3 77 598 137 119 62 25 5 1 108 608 119 110 57 18 2 2 
92 497 290 88 10 13 33 1 56 353 315 221 43 28 8 0 286 576 147 15 0 0 0 0 
106 493 390 35 0 0 0 0 1 89 406 464 64 0 0 0 532 456 36 0 0 0 0 0 
51 522 356 56 5 1 16 17 0 54 470 389 76 3 28 4 532 439 52 1 0 0 0 0 
69 374 455 107 14 5 0 0 44 269 231 379 95 6 0 0 299 535 149 31 8 2 0 0 
153 499 233 120 19 0 0 0 155 501 187 103 71 7 0 0 187 544 216 75 2 0 0 0 
122 659 162 57 18 5 1 0 112 654 163 65 23 6 1 0 133 681 146 50 12 2 0 0 
56 492 364 105 5 2 0 0 40 419 298 226 39 2 0 0 63 497 345 112 5 2 0 0 
102 448 167 223 79 5 0 0 89 417 190 180 140 8 0 0 150 440 133 150 145 6 0 0 
43 158 122 492 197 12 0 0 37 135 112 380 336 24 0 0 58 153 103 315 361 34 0 0 
368 617 39 0 0 0 0 0 234 639 151 0 0 0 0 0 718 305 1 0 0 0 0 0 
456 527 40 1 0 0 0 0 402 527 92 3 0 0 0 0 694 309 21 0 0 0 0 0 
522 453 46 3 0 0 0 0 525 452 44 3 0 0 0 0 684 313 26 1 0 0 0 0 
442 546 27 6 3 0 0 0 418 499 98 6 3 0 0 0 587 420 9 5 3 0 0 0 
164 631 134 54 17 20 4 0 181 622 112 65 24 17 3 0 265 566 118 42 14 17 2 0 
29 764 135 65 28 3 0 0 37 768 116 69 30 4 0 0 54 778 106 64 20 2 0 0 
10 600 285 81 36 10 2 0 15 658 231 76 32 11 1 0 34 691 198 67 28 6 0 0 
11 503 334 87 59 29 1 0 16 617 222 85 59 25 0 0 34 645 200 79 55 11 0 0 
17 680 176 57 39 46 9 0 34 704 143 53 41 43 6 0 92 671 133 51 49 28 0 0 
30 556 284 54 42 41 17 0 52 608 222 54 41 35 12 0 106 615 178 52 51 19 3 0 
4 616 317 73 12 2 0 0 6 674 272 61 9 2 0 0 18 711 235 50 8 2 0 0 
0 160 423 222 133 74 11 1 6 296 421 229 67 5 0 0 2 283 376 159 104 80 18 2 
0 10 190 288 288 208 40 0 1 64 483 425 47 4 0 0 2 101 171 224 234 213 73 6 
0 49 221 308 208 177 60 1 4 105 500 384 31 0 0 0 10 163 227 192 176 162 90 4 
5 116 480 233 107 68 14 1 6 184 597 212 25 0 0 0 41 366 285 146 82 78 24 2 
4 164 476 219 96 60 5 0 7 144 542 306 25 0 0 0 95 444 235 99 78 59 14 0 
10 169 487 265 58 27 8 0 11 150 491 347 25 0 0 0 103 435 280 116 49 26 14 1 
0 21 197 365 395 42 4 0 0 39 180 371 388 46 0 0 2 121 271 233 320 70 7 0 
0 19 81 251 437 214 22 0 1 31 206 380 313 93 0 0 7 58 95 188 381 247 48 0 
0 3 158 362 252 190 57 2 1 21 285 475 176 62 4 0 1 84 206 263 203 178 87 2 
0 12 211 416 253 113 19 0 1 19 385 544 74 1 0 0 12 155 260 255 188 112 42 0 
23 149 496 276 57 18 5 0 19 121 420 390 69 5 0 0 106 466 304 92 30 20 5 1 
18 196 386 190 119 100 15 0 10 113 374 311 108 84 23 1 97 415 217 64 79 101 49 2 
62 205 158 236 217 117 28 1 38 144 183 257 230 125 44 3 118 224 125 149 209 136 52 11 
33 113 122 234 345 164 13 0 17 97 133 225 302 213 35 2 57 101 90 205 270 217 77 7 
2 23 167 463 284 70 14 1 1 25 156 406 302 109 22 3 3 17 118 402 301 143 31 9 
4 174 438 276 92 33 3 4 5 169 430 280 91 40 5 4 5 164 414 284 97 50 6 4 
268 239 194 183 118 22 0 0 254 254 179 190 113 34 0 0 236 252 188 191 112 39 6 0 
534 323 126 25 9 7 0 0 521 331 130 25 10 7 0 0 574 281 123 27 10 8 1 0 
40 357 303 164 111 47 2 0 35 369 280 162 120 48 10 0 72 362 254 151 106 56 23 0 
283 346 230 127 29 8 1 0 269 352 235 125 34 8 1 0 289 355 225 111 33 9 2 0 
498 476 42 5 3 0 0 0 477 400 110 34 3 0 0 0 532 450 34 4 3 1 0 0 
503 416 89 10 6 0 0 0 143 437 309 124 11 0 0 0 693 300 26 5 0 0 0 0 
193 515 252 23 5 9 21 6 35 297 430 200 30 14 18 0 607 360 54 3 0 0 0 0 
135 365 405 97 22 0 0 0 61 198 342 320 88 15 0 0 358 451 166 46 3 0 0 0 
240 449 224 86 17 6 1 1 196 424 200 138 57 7 1 1 286 481 173 63 16 3 1 1 
140 699 146 30 5 4 0 0 133 691 153 34 12 1 0 0 166 695 131 23 8 1 0 0 
99 583 294 37 8 2 1 0 65 464 329 148 15 2 1 0 121 615 251 27 7 2 1 0 
157 634 214 19 0 0 0 0 54 260 537 166 7 0 0 0 290 551 161 22 0 0 0 0 
100 734 189 1 0 0 0 0 18 148 593 263 2 0 0 0 223 715 86 0 0 0 0 0 
565 408 32 13 6 0 0 0 565 410 31 12 6 0 0 0 709 271 28 12 4 0 0 0 
572 372 53 27 0 0 0 0 603 343 54 24 0 0 0 0 688 270 48 18 0 0 0 0 
354 366 272 31 1 0 0 0 342 235 342 104 1 0 0 0 390 354 241 28 8 3 0 0 
69 255 564 113 18 5 0 0 64 98 394 428 31 9 0 0 98 338 490 78 17 3 0 0 
0 66 595 337 18 8 0 0 0 18 251 676 67 12 0 0 5 158 640 191 22 8 0 0 
2 63 426 507 26 0 0 0 0 23 186 659 156 0 0 0 9 147 611 240 16 1 0 0 
1 67 385 531 39 1 0 0 0 47 142 618 213 4 0 0 10 119 542 338 15 0 0 0 
4 102 297 558 58 4 1 0 3 85 138 454 338 4 2 0 8 147 408 447 10 3 1 0 
16 276 247 424 56 4 1 0 15 290 129 265 315 9 1 0 25 314 280 372 30 3 0 0 
34 477 294 200 18 1 0 0 35 474 210 227 77 1 0 0 57 540 254 163 8 2 0 0 
2 533 428 42 18 1 0 0 4 634 315 52 18 1 0 0 5 697 283 26 12 1 0 0 
5 173 362 304 108 62 10 0 8 200 368 388 59 1 0 0 40 358 291 161 83 64 26 1 
5 104 518 279 76 29 13 0 4 71 545 358 45 1 0 0 41 462 312 105 53 30 19 2 
7 186 392 244 116 64 15 0 4 146 536 319 19 0 0 0 73 378 258 131 93 70 19 2 
22 169 446 290 59 27 10 1 28 154 412 387 39 4 0 0 113 435 293 109 34 26 9 5 
9 116 423 331 87 47 11 0 15 118 417 404 68 2 0 0 62 435 304 104 64 35 20 0 
13 135 337 286 135 90 28 0 21 153 366 379 98 7 0 0 64 325 263 158 79 80 49 6 
9 159 264 302 185 82 23 0 14 144 448 326 89 3 0 0 76 272 233 188 139 80 34 2 
5 120 270 253 203 134 39 0 11 156 419 383 52 3 0 0 48 235 225 155 155 146 58 2 
1 57 297 289 154 154 72 0 4 60 412 488 57 3 0 0 45 254 214 151 116 141 97 6 
19 144 456 301 49 37 18 0 12 104 413 432 59 4 0 0 85 423 323 114 25 31 19 4 
10 214 480 246 62 10 2 0 10 196 435 295 66 15 7 0 44 339 386 174 55 15 11 0 
6 181 356 257 162 61 1 0 7 189 348 241 155 77 7 0 7 193 352 210 144 106 12 0 
111 303 255 286 66 3 0 0 129 296 238 283 72 6 0 0 121 306 250 247 92 8 0 0 
345 342 151 97 85 4 0 0 354 339 144 90 89 8 0 0 349 345 141 81 92 16 0 0 
361 424 113 103 23 0 0 0 358 423 113 100 30 0 0 0 371 427 97 95 34 0 0 0 
406 214 155 145 82 22 0 0 400 218 149 142 84 31 0 0 400 213 145 134 92 38 2 0 
262 395 200 111 36 19 1 0 249 379 207 128 36 21 3 1 273 379 207 100 37 18 9 1 
443 388 130 51 12 0 0 0 398 372 167 70 15 2 0 0 449 380 121 58 14 2 0 0 
415 278 215 96 20 0 0 0 385 264 187 161 27 0 0 0 434 265 194 107 23 1 0 0 
259 463 211 59 23 5 4 0 208 368 282 124 32 6 4 0 303 444 188 56 24 5 3 1 
239 577 170 37 1 0 0 0 205 554 196 62 7 0 0 0 318 548 126 31 1 0 0 0 
350 445 214 15 0 0 0 0 242 420 245 114 3 0 0 0 424 452 142 6 0 0 0 0 
202 492 307 23 0 0 0 0 64 283 362 296 19 0 0 0 337 515 157 15 0 0 0 0 
127 526 331 39 1 0 0 0 58 225 369 347 25 0 0 0 241 557 205 20 1 0 0 0 
63 736 216 9 0 0 0 0 6 181 602 233 2 0 0 0 287 647 87 3 0 0 0 0 
47 615 347 14 1 0 0 0 17 206 456 331 14 0 0 0 193 684 140 6 1 0 0 0 
55 527 406 36 0 0 0 0 8 106 415 453 42 0 0 0 168 650 192 14 0 0 0 0 
125 567 307 20 5 0 0 0 2 152 477 373 16 3 1 0 396 543 69 13 3 0 0 0 
37 761 205 11 5 5 0 0 0 28 573 404 13 6 0 0 344 619 44 10 6 1 0 0 
245 704 64 11 0 0 0 0 207 571 230 16 0 0 0 0 368 609 40 7 0 0 0 0 
231 616 170 7 0 0 0 0 201 326 243 252 2 0 0 0 488 485 49 2 0 0 0 0 
48 563 370 37 6 0 0 0 30 245 503 234 12 0 0 0 195 529 238 49 13 0 0 0 
35 373 493 123 0 0 0 0 3 147 492 367 15 0 0 0 54 411 447 94 18 0 0 0 
26 350 515 133 0 0 0 0 5 171 450 379 19 0 0 0 71 449 437 62 5 0 0 0 
16 243 575 188 2 0 0 0 5 123 396 470 30 0 0 0 61 353 478 126 6 0 0 0 
9 138 543 326 7 1 0 0 0 39 188 636 160 1 0 0 18 159 532 291 22 2 0 0 
17 195 523 272 17 0 0 0 2 91 283 518 129 1 0 0 33 236 528 213 12 2 0 0 
32 273 502 206 11 0 0 0 14 163 275 470 102 0 0 0 47 298 476 188 10 4 1 0 
37 532 331 116 8 0 0 0 25 479 287 197 36 0 0 0 77 572 282 89 4 0 0 0 
4 715 276 25 3 1 0 0 11 749 227 26 11 0 0 0 25 789 195 12 3 0 0 0 
82 486 304 140 12 0 0 0 70 449 196 245 61 3 0 0 163 606 205 43 7 0 0 0 
37 258 361 230 132 6 0 0 16 147 319 318 207 17 0 0 120 417 221 59 175 32 0 0 
26 272 145 101 429 51 0 0 9 188 189 114 430 92 2 0 135 263 70 27 411 114 4 0 
7 157 130 214 456 58 2 0 10 115 139 181 447 129 3 0 60 185 69 96 440 165 9 0 
5 29 19 324 512 94 41 0 3 32 49 420 491 29 0 0 18 22 19 222 538 125 69 11 
0 13 92 494 308 92 25 0 2 30 196 598 195 3 0 0 6 33 133 393 306 105 43 5 
11 148 445 301 66 47 6 0 3 91 320 510 100 0 0 0 104 432 308 81 39 41 19 0 
41 236 528 192 21 6 0 0 20 147 419 396 42 0 0 0 162 503 252 77 18 11 1 0 
17 319 550 121 13 4 0 0 3 155 505 332 29 0 0 0 178 598 202 34 7 3 2 0 
67 452 387 107 11 0 0 0 40 282 398 257 46 1 0 0 250 560 193 19 2 0 0 0 
479 366 135 36 8 0 0 0 428 411 128 45 12 0 0 0 492 381 112 33 6 0 0 0 
234 494 192 85 19 0 0 0 211 459 204 124 25 1 0 0 260 502 157 80 23 2 0 0 
383 454 171 16 0 0 0 0 331 366 198 126 3 0 0 0 429 494 93 8 0 0 0 0 
273 486 234 31 0 0 0 0 177 295 337 203 12 0 0 0 390 479 139 15 1 0 0 0 
251 601 160 12 0 0 0 0 137 364 395 126 2 0 0 0 411 510 89 14 0 0 0 0 
321 450 232 21 0 0 0 0 195 282 353 187 7 0 0 0 444 419 150 11 0 0 0 0 
174 550 261 35 3 1 0 0 61 210 487 252 13 1 0 0 339 493 163 27 1 1 0 0 
90 684 249 1 0 0 0 0 9 120 602 288 5 0 0 0 384 552 82 6 0 0 0 0 
116 549 338 21 0 0 0 0 43 98 460 400 23 0 0 0 431 489 95 9 0 0 0 0 
67 583 358 16 0 0 0 0 16 75 422 482 29 0 0 0 538 414 69 3 0 0 0 0 
53 525 422 22 2 0 0 0 10 87 377 513 37 0 0 0 433 502 85 4 0 0 0 0 
50 480 477 17 0 0 0 0 7 49 363 577 28 0 0 0 378 560 86 0 0 0 0 0 
21 505 461 36 1 0 0 0 0 8 310 653 51 2 0 0 456 512 39 17 0 0 0 0 
43 637 339 5 0 0 0 0 0 23 337 646 18 0 0 0 539 461 24 0 0 0 0 0 
27 689 306 2 0 0 0 0 0 16 410 588 10 0 0 0 480 519 25 0 0 0 0 0 
14 541 465 4 0 0 0 0 0 6 346 656 16 0 0 0 202 728 94 0 0 0 0 0 
24 742 257 1 0 0 0 0 0 16 542 458 8 0 0 0 369 633 22 0 0 0 0 0 
25 733 260 6 0 0 0 0 0 16 570 427 11 0 0 0 428 565 31 0 0 0 0 0 
35 798 191 0 0 0 0 0 0 17 627 379 1 0 0 0 589 433 2 0 0 0 0 0 
69 942 13 0 0 0 0 0 0 95 899 30 0 0 0 0 722 300 2 0 0 0 0 0 
373 628 23 0 0 0 0 0 0 414 585 25 0 0 0 0 870 152 2 0 0 0 0 0 
182 813 29 0 0 0 0 0 0 178 795 51 0 0 0 0 775 237 12 0 0 0 0 0 
139 819 66 0 0 0 0 0 1 128 811 84 0 0 0 0 485 499 39 1 0 0 0 0 
61 758 196 9 0 0 0 0 3 81 711 226 3 0 0 0 242 680 82 11 8 1 0 0 
49 670 301 4 0 0 0 0 1 77 570 373 3 0 0 0 233 631 157 3 0 0 0 0 
27 657 310 30 0 0 0 0 1 64 612 338 9 0 0 0 125 651 221 21 6 0 0 0 
101 656 230 36 1 0 0 0 3 111 633 270 7 0 0 0 286 550 164 24 0 0 0 0 
53 683 269 19 0 0 0 0 7 158 605 250 4 0 0 0 192 643 176 13 0 0 0 0 
48 638 300 35 3 0 0 0 23 177 580 228 15 1 0 0 160 689 146 27 2 0 0 0 
30 668 300 26 0 0 0 0 7 295 522 198 2 0 0 0 172 703 139 10 0 0 0 0 
96 426 327 144 25 6 0 0 32 302 317 291 76 4 2 0 167 467 252 100 33 5 0 0 
28 74 222 337 304 58 1 0 20 50 126 377 371 75 5 0 23 93 159 290 354 100 5 0 
1 20 119 225 504 151 4 0 0 3 61 210 476 263 11 0 1 22 92 170 406 310 23 0 
4 33 222 425 301 39 0 0 0 8 63 496 379 77 1 0 10 72 195 313 341 91 2 0 
23 187 337 318 141 17 1 0 3 61 179 493 257 31 0 0 58 349 247 179 147 43 1 0 
28 350 466 170 10 0 0 0 3 87 372 457 104 1 0 0 209 518 253 42 2 0 0 0 
35 527 431 30 1 0 0 0 3 73 404 513 31 0 0 0 281 620 122 1 0 0 0 0 
65 530 400 27 2 0 0 0 19 59 413 500 32 1 0 0 227 666 126 5 0 0 0 0 
61 578 363 22 0 0 0 0 21 85 459 437 22 0 0 0 199 620 188 17 0 0 0 0 
54 636 312 22 0 0 0 0 1 62 510 429 22 0 0 0 160 644 200 20 0 0 0 0 
77 428 437 82 0 0 0 0 34 127 348 451 64 0 0 0 128 531 303 62 0 0 0 0 
65 575 354 30 0 0 0 0 6 72 423 492 31 0 0 0 262 560 186 16 0 0 0 0 
106 667 245 6 0 0 0 0 2 62 568 377 15 0 0 0 411 542 68 3 0 0 0 0 
122 708 186 8 0 0 0 0 0 59 579 370 16 0 0 0 559 432 32 1 0 0 0 0 
69 650 300 5 0 0 0 0 1 42 388 575 18 0 0 0 511 470 42 1 0 0 0 0 
97 765 160 2 0 0 0 0 1 79 581 352 11 0 0 0 660 346 18 0 0 0 0 0 
103 709 201 11 0 0 0 0 0 46 602 359 17 0 0 0 600 380 40 4 0 0 0 0 
129 644 237 14 0 0 0 0 0 68 534 393 29 0 0 0 609 382 33 0 0 0 0 0 
78 777 168 1 0 0 0 0 0 41 571 410 2 0 0 0 640 373 11 0 0 0 0 0 
72 811 140 1 0 0 0 0 0 27 642 350 5 0 0 0 687 326 11 0 0 0 0 0 
66 769 183 6 0 0 0 0 0 51 555 407 11 0 0 0 617 384 23 0 0 0 0 0 
28 686 310 0 0 0 0 0 0 17 523 477 7 0 0 0 582 429 13 0 0 0 0 0 
21 586 413 4 0 0 0 0 0 12 488 518 6 0 0 0 374 619 31 0 0 0 0 0 
24 722 274 4 0 0 0 0 0 14 478 524 8 0 0 0 434 566 23 1 0 0 0 0 
35 830 157 2 0 0 0 0 0 32 623 364 5 0 0 0 339 658 27 0 0 0 0 0 
70 753 193 8 0 0 0 0 0 45 649 318 12 0 0 0 449 540 34 1 0 0 0 0 
67 808 149 0 0 0 0 0 0 52 697 274 1 0 0 0 408 589 27 0 0 0 0 0 
48 753 221 2 0 0 0 0 0 33 637 349 5 0 0 0 323 644 57 0 0 0 0 0 
49 816 158 1 0 0 0 0 0 53 726 240 5 0 0 0 493 486 45 0 0 0 0 0 
109 891 24 0 0 0 0 0 0 81 879 64 0 0 0 0 945 79 0 0 0 0 0 0 
125 881 18 0 0 0 0 0 0 133 829 62 0 0 0 0 917 107 0 0 0 0 0 0 
167 822 35 0 0 0 0 0 0 150 781 93 0 0 0 0 903 121 0 0 0 0 0 0 
55 796 172 1 0 0 0 0 1 49 667 304 3 0 0 0 769 253 2 0 0 0 0 0 
105 821 98 0 0 0 0 0 0 99 735 186 4 0 0 0 661 326 37 0 0 0 0 0 
196 669 107 18 12 16 6 0 0 197 600 191 17 15 4 0 699 298 27 0 0 0 0 0 
229 716 65 7 2 4 1 0 2 198 715 99 4 5 1 0 684 321 19 0 0 0 0 0 
294 678 50 2 0 0 0 0 5 313 624 80 2 0 0 0 634 370 18 2 0 0 0 0 
177 751 93 3 0 0 0 0 0 165 695 160 4 0 0 0 661 342 19 2 0 0 0 0 
106 805 107 5 1 0 0 0 0 84 710 220 9 1 0 0 528 463 31 2 0 0 0 0 
53 766 195 10 0 0 0 0 0 37 605 371 11 0 0 0 426 561 33 4 0 0 0 0 
22 591 406 5 0 0 0 0 0 10 369 635 10 0 0 0 316 630 78 0 0 0 0 0 
23 587 405 9 0 0 0 0 0 12 386 610 16 0 0 0 376 593 55 0 0 0 0 0 
21 507 485 11 0 0 0 0 0 16 345 632 31 0 0 0 318 614 91 1 0 0 0 0 
20 528 456 19 1 0 0 0 0 9 344 627 43 1 0 0 350 577 95 2 0 0 0 0 
27 668 316 12 1 0 0 0 0 18 438 545 22 1 0 0 360 618 43 3 0 0 0 0 
35 542 431 16 0 0 0 0 0 24 399 558 43 0 0 0 324 594 106 0 0 0 0 0 
77 562 379 6 0 0 0 0 0 64 388 550 22 0 0 0 439 527 56 2 0 0 0 0 
99 594 317 14 0 0 0 0 2 62 478 447 35 0 0 0 456 479 85 4 0 0 0 0 
129 656 234 5 0 0 0 0 2 99 513 394 16 0 0 0 490 498 36 0 0 0 0 0 
101 652 260 11 0 0 0 0 0 54 534 404 32 0 0 0 484 481 57 2 0 0 0 0 
63 616 317 28 0 0 0 0 0 28 434 510 52 0 0 0 384 518 115 7 0 0 0 0 
76 671 268 9 0 0 0 0 0 36 482 478 28 0 0 0 466 519 37 2 0 0 0 0 
108 602 293 21 0 0 0 0 2 71 431 479 41 0 0 0 454 466 102 2 0 0 0 0 
158 578 262 25 1 0 0 0 0 105 475 400 44 0 0 0 507 417 88 12 0 0 0 0 
206 631 179 8 0 0 0 0 0 144 546 313 21 0 0 0 589 385 49 1 0 0 0 0 
143 641 227 13 0 0 0 0 3 87 527 383 24 0 0 0 610 377 37 0 0 0 0 0 
114 587 307 16 0 0 0 0 0 84 477 424 38 1 0 0 557 399 64 4 0 0 0 0 
50 593 354 27 0 0 0 0 0 25 445 504 50 0 0 0 491 470 63 0 0 0 0 0 
75 547 390 12 0 0 0 0 0 46 464 489 25 0 0 0 445 526 52 1 0 0 0 0 
49 570 382 22 1 0 0 0 2 79 470 451 21 1 0 0 332 578 107 7 0 0 0 0 
40 726 251 7 0 0 0 0 0 40 564 408 12 0 0 0 423 549 52 0 0 0 0 0 
16 523 481 4 0 0 0 0 0 27 491 500 6 0 0 0 259 703 62 0 0 0 0 0 
13 539 460 12 0 0 0 0 0 12 489 511 12 0 0 0 236 721 67 0 0 0 0 0 
34 717 273 0 0 0 0 0 0 20 615 387 2 0 0 0 327 662 35 0 0 0 0 0 
53 813 154 4 0 0 0 0 0 34 725 259 6 0 0 0 440 561 21 2 0 0 0 0 
102 769 151 2 0 0 0 0 0 76 721 225 2 0 0 0 480 507 36 1 0 0 0 0 
73 776 173 2 0 0 0 0 0 49 703 261 11 0 0 0 382 611 31 0 0 0 0 0 
82 808 134 0 0 0 0 0 0 89 744 191 0 0 0 0 448 551 25 0 0 0 0 0 
85 817 120 2 0 0 0 0 0 78 750 192 4 0 0 0 602 411 10 1 0 0 0 0 
96 887 41 0 0 0 0 0 0 79 835 110 0 0 0 0 887 134 3 0 0 0 0 0 
96 916 12 0 0 0 0 0 0 61 903 60 0 0 0 0 950 74 0 0 0 0 0 0 
132 843 45 3 1 0 0 0 0 86 814 119 4 1 0 0 867 150 5 1 1 0 0 0 
136 863 24 1 0 0 0 0 0 114 798 111 1 0 0 0 854 169 1 0 0 0 0 0 
124 861 38 1 0 0 0 0 0 67 812 143 2 0 0 0 790 230 4 0 0 0 0 0 
224 725 73 2 0 0 0 0 0 184 664 173 3 0 0 0 632 383 9 0 0 0 0 0 
113 807 101 3 0 0 0 0 0 79 724 215 6 0 0 0 567 439 18 0 0 0 0 0 
139 779 101 5 0 0 0 0 0 92 704 221 7 0 0 0 583 416 25 0 0 0 0 0 
65 796 159 4 0 0 0 0 0 57 654 308 5 0 0 0 360 586 78 0 0 0 0 0 
58 744 210 12 0 0 0 0 0 28 561 413 22 0 0 0 417 527 70 10 0 0 0 0 
53 772 199 0 0 0 0 0 0 33 588 399 4 0 0 0 442 556 26 0 0 0 0 0 
71 645 299 9 0 0 0 0 1 71 465 473 14 0 0 0 503 480 41 0 0 0 0 0 
41 585 380 18 0 0 0 0 0 37 385 575 27 0 0 0 471 501 52 0 0 0 0 0 
14 500 480 30 0 0 0 0 0 11 357 612 44 0 0 0 421 551 51 1 0 0 0 0 
20 449 536 19 0 0 0 0 0 14 289 696 25 0 0 0 440 529 53 2 0 0 0 0 
31 466 499 28 0 0 0 0 2 35 323 604 59 1 0 0 453 508 62 1 0 0 0 0 
16 378 585 45 0 0 0 0 0 12 238 674 100 0 0 0 405 565 53 1 0 0 0 0 
55 450 491 28 0 0 0 0 2 46 275 616 85 0 0 0 476 492 56 0 0 0 0 0 
102 611 282 26 3 0 0 0 2 82 474 423 40 3 0 0 560 390 61 11 2 0 0 0 
107 655 248 11 3 0 0 0 0 92 501 409 20 2 0 0 400 549 70 4 1 0 0 0 
90 556 357 21 0 0 0 0 5 89 459 433 38 0 0 0 353 525 144 2 0 0 0 0 
110 646 255 13 0 0 0 0 1 71 512 406 34 0 0 0 436 497 89 2 0 0 0 0 
127 588 294 15 0 0 0 0 3 87 447 445 42 0 0 0 427 505 87 5 0 0 0 0 
95 644 274 11 0 0 0 0 0 55 493 443 33 0 0 0 469 475 79 1 0 0 0 0 
44 655 318 7 0 0 0 0 0 14 436 550 24 0 0 0 385 563 74 2 0 0 0 0 
117 584 299 23 1 0 0 0 1 70 463 443 45 2 0 0 351 537 128 8 0 0 0 0 
97 514 388 25 0 0 0 0 2 77 322 566 57 0 0 0 380 528 111 5 0 0 0 0 
52 508 435 29 0 0 0 0 1 30 354 576 63 0 0 0 401 542 78 3 0 0 0 0 
38 531 445 10 0 0 0 0 1 24 333 631 35 0 0 0 418 547 59 0 0 0 0 0 
13 507 478 26 0 0 0 0 0 12 329 643 40 0 0 0 411 574 37 2 0 0 0 0 
11 405 586 22 0 0 0 0 0 13 320 666 25 0 0 0 322 658 44 0 0 0 0 0 
15 428 541 33 7 0 0 0 0 16 422 552 30 4 0 0 287 631 97 8 1 0 0 0 
13 342 616 51 2 0 0 0 0 31 391 575 27 0 0 0 169 676 175 3 1 0 0 0 
0 165 745 110 4 0 0 0 0 1 233 737 53 0 0 0 75 694 227 28 0 0 0 0 
7 262 685 70 0 0 0 0 0 13 334 645 32 0 0 0 107 662 252 3 0 0 0 0 
16 436 541 29 2 0 0 0 0 18 427 561 18 0 0 0 192 721 105 6 0 0 0 0 
8 514 479 22 1 0 0 0 0 7 398 585 33 1 0 0 186 705 128 5 0 0 0 0 
15 593 403 13 0 0 0 0 0 13 379 615 17 0 0 0 349 606 64 5 0 0 0 0 
57 765 202 0 0 0 0 0 0 46 553 423 2 0 0 0 557 454 13 0 0 0 0 0 
74 749 189 12 0 0 0 0 0 63 649 295 17 0 0 0 623 380 19 2 0 0 0 0 
30 969 25 0 0 0 0 0 0 14 932 78 0 0 0 0 764 259 1 0 0 0 0 0 
49 941 34 0 0 0 0 0 0 41 877 106 0 0 0 0 725 296 3 0 0 0 0 0 
70 869 68 17 0 0 0 0 0 52 832 135 5 0 0 0 809 193 22 0 0 0 0 0 
103 887 34 0 0 0 0 0 0 58 823 143 0 0 0 0 871 152 1 0 0 0 0 0 
121 852 51 0 0 0 0 0 0 79 822 123 0 0 0 0 831 185 8 0 0 0 0 0 
136 847 41 0 0 0 0 0 0 105 794 125 0 0 0 0 800 224 0 0 0 0 0 0 
124 787 113 0 0 0 0 0 0 118 687 215 4 0 0 0 612 391 21 0 0 0 0 0 
112 789 122 1 0 0 0 0 1 88 686 246 3 0 0 0 655 349 19 1 0 0 0 0 
143 739 142 0 0 0 0 0 1 111 633 277 2 0 0 0 679 324 21 0 0 0 0 0 
100 784 138 2 0 0 0 0 0 78 608 333 5 0 0 0 745 271 8 0 0 0 0 0 
80 731 213 0 0 0 0 0 0 46 557 419 2 0 0 0 752 270 2 0 0 0 0 0 
29 628 354 13 0 0 0 0 0 36 433 536 19 0 0 0 597 411 15 1 0 0 0 0 
21 447 531 25 0 0 0 0 0 35 323 632 34 0 0 0 475 506 40 3 0 0 0 0 
31 392 567 34 0 0 0 0 0 37 353 589 45 0 0 0 419 548 54 3 0 0 0 0 
19 399 586 20 0 0 0 0 1 27 296 667 33 0 0 0 351 608 64 1 0 0 0 0 
41 472 484 25 2 0 0 0 0 37 335 606 43 3 0 0 471 492 58 2 1 0 0 0 
35 412 537 39 1 0 0 0 1 42 329 601 51 0 0 0 317 609 94 4 0 0 0 0 
58 504 421 40 1 0 0 0 4 64 400 496 58 2 0 0 389 509 114 11 1 0 0 0 
63 510 364 67 8 9 3 0 1 79 448 427 57 11 1 0 449 456 115 4 0 0 0 0 
86 527 385 24 2 0 0 0 1 64 417 496 43 3 0 0 432 479 101 11 1 0 0 0 
112 665 236 11 0 0 0 0 2 70 518 408 26 0 0 0 629 348 46 1 0 0 0 0 
113 631 267 13 0 0 0 0 0 76 489 428 31 0 0 0 530 430 62 2 0 0 0 0 
85 649 280 10 0 0 0 0 0 49 549 395 31 0 0 0 560 388 73 3 0 0 0 0 
55 626 334 9 0 0 0 0 0 39 459 508 18 0 0 0 469 524 30 1 0 0 0 0 
58 519 420 27 0 0 0 0 0 47 369 549 59 0 0 0 381 528 114 1 0 0 0 0 
32 425 512 54 1 0 0 0 1 25 340 581 76 1 0 0 241 593 176 14 0 0 0 0 
55 462 438 60 9 0 0 0 1 29 350 559 75 10 0 0 323 535 142 20 4 0 0 0 
27 485 489 23 0 0 0 0 0 13 336 629 46 0 0 0 407 547 69 1 0 0 0 0 
25 394 549 55 1 0 0 0 2 24 292 633 72 1 0 0 286 621 110 7 0 0 0 0 
7 265 702 50 0 0 0 0 0 3 232 731 58 0 0 0 182 723 115 4 0 0 0 0 
4 185 728 106 1 0 0 0 0 10 195 742 76 1 0 0 191 647 183 3 0 0 0 0 
2 149 766 105 2 0 0 0 0 1 149 771 103 0 0 0 153 681 181 9 0 0 0 0 
4 189 713 107 11 0 0 0 0 5 195 732 85 7 0 0 140 687 179 17 1 0 0 0 
8 364 606 46 0 0 0 0 0 12 245 704 63 0 0 0 285 625 113 1 0 0 0 0 
7 461 542 14 0 0 0 0 0 3 296 702 23 0 0 0 386 611 27 0 0 0 0 0 
4 607 405 8 0 0 0 0 0 2 403 610 9 0 0 0 523 483 18 0 0 0 0 0 
28 622 364 10 0 0 0 0 0 22 459 531 12 0 0 0 548 453 19 4 0 0 0 0 
57 635 322 10 0 0 0 0 0 46 505 443 30 0 0 0 649 364 11 0 0 0 0 0 
50 671 300 3 0 0 0 0 0 46 537 437 4 0 0 0 579 421 24 0 0 0 0 0 
23 746 251 4 0 0 0 0 0 15 484 520 5 0 0 0 463 555 5 1 0 0 0 0 
