118 528 344 33 1 0 0 0 80 466 449 28 1 0 0 0 606 381 34 3 0 0 0 0 
158 346 411 82 20 6 1 0 97 306 468 122 22 8 1 0 394 499 99 21 9 2 0 0 
502 394 121 7 0 0 0 0 382 438 184 20 0 0 0 0 781 229 12 2 0 0 0 0 
625 310 66 18 5 0 0 0 524 361 110 19 9 1 0 0 791 209 17 7 0 0 0 0 
620 288 84 22 10 0 0 0 568 287 132 22 14 1 0 0 790 183 30 14 7 0 0 0 
649 263 85 27 0 0 0 0 566 287 127 39 5 0 0 0 805 165 46 8 0 0 0 0 
428 374 175 34 10 3 0 0 363 355 238 53 10 5 0 0 669 292 47 14 2 0 0 0 
473 302 197 48 4 0 0 0 418 278 249 73 6 0 0 0 632 291 88 13 0 0 0 0 
367 391 220 33 9 4 0 0 322 369 282 35 11 5 0 0 603 326 77 11 6 1 0 0 
654 305 58 7 0 0 0 0 643 314 58 9 0 0 0 0 776 212 29 7 0 0 0 0 
600 280 103 32 8 1 0 0 534 325 125 31 9 0 0 0 716 183 60 38 21 6 0 0 
260 451 273 31 9 0 0 0 205 426 331 50 12 0 0 0 535 423 31 15 13 7 0 0 
398 460 143 22 1 0 0 0 289 524 189 20 2 0 0 0 610 347 41 19 7 0 0 0 
327 517 170 10 0 0 0 0 251 462 293 16 2 0 0 0 676 323 23 2 0 0 0 0 
332 531 136 23 2 0 0 0 205 584 205 27 3 0 0 0 668 334 20 2 0 0 0 0 
294 565 126 38 1 0 0 0 80 717 163 63 1 0 0 0 706 303 15 0 0 0 0 0 
585 439 0 0 0 0 0 0 290 725 9 0 0 0 0 0 886 138 0 0 0 0 0 0 
815 209 0 0 0 0 0 0 618 406 0 0 0 0 0 0 964 60 0 0 0 0 0 0 
974 50 0 0 0 0 0 0 867 157 0 0 0 0 0 0 1015 9 0 0 0 0 0 0 
1008 16 0 0 0 0 0 0 985 39 0 0 0 0 0 0 1019 5 0 0 0 0 0 0 
1024 0 0 0 0 0 0 0 1024 0 0 0 0 0 0 0 1024 0 0 0 0 0 0 0 
1023 1 0 0 0 0 0 0 1022 2 0 0 0 0 0 0 1024 0 0 0 0 0 0 0 
996 28 0 0 0 0 0 0 980 44 0 0 0 0 0 0 1008 16 0 0 0 0 0 0 
691 127 43 29 32 22 26 54 668 157 40 34 29 20 20 56 701 128 30 30 18 28 16 73 
153 77 39 30 42 47 256 380 168 76 33 31 40 50 172 454 170 71 28 31 22 34 53 615 
0 0 0 1 24 31 597 371 0 0 0 1 27 30 408 558 0 0 0 0 3 25 33 963 
158 219 135 85 89 67 191 80 119 247 123 91 102 65 136 141 201 189 91 74 70 65 58 276 
585 361 73 5 0 0 0 0 469 455 92 8 0 0 0 0 748 256 20 0 0 0 0 0 
883 137 4 0 0 0 0 0 835 179 10 0 0 0 0 0 977 47 0 0 0 0 0 0 
1003 21 0 0 0 0 0 0 987 37 0 0 0 0 0 0 1020 4 0 0 0 0 0 0 
1020 4 0 0 0 0 0 0 1016 8 0 0 0 0 0 0 1021 3 0 0 0 0 0 0 
1022 2 0 0 0 0 0 0 1019 5 0 0 0 0 0 0 1023 1 0 0 0 0 0 0 
1024 0 0 0 0 0 0 0 1024 0 0 0 0 0 0 0 1024 0 0 0 0 0 0 0 
994 28 2 0 0 0 0 0 995 26 3 0 0 0 0 0 1005 19 0 0 0 0 0 0 
922 94 8 0 0 0 0 0 895 119 10 0 0 0 0 0 950 74 0 0 0 0 0 0 
827 114 72 11 0 0 0 0 812 125 73 14 0 0 0 0 888 120 16 0 0 0 0 0 
400 479 144 1 0 0 0 0 298 527 193 6 0 0 0 0 688 330 6 0 0 0 0 0 
117 366 376 128 27 10 0 0 78 348 407 141 38 12 0 0 438 423 96 42 21 4 0 0 
362 354 262 46 0 0 0 0 282 324 326 92 0 0 0 0 609 337 73 5 0 0 0 0 
623 287 92 15 7 0 0 0 548 322 128 21 5 0 0 0 792 202 25 5 0 0 0 0 
759 205 49 11 0 0 0 0 678 257 70 18 1 0 0 0 871 135 18 0 0 0 0 0 
533 366 114 9 2 0 0 0 433 388 181 20 2 0 0 0 740 265 14 4 1 0 0 0 
388 398 208 30 0 0 0 0 310 372 278 64 0 0 0 0 652 333 37 2 0 0 0 0 
884 126 14 0 0 0 0 0 837 156 31 0 0 0 0 0 939 84 1 0 0 0 0 0 
441 396 153 30 4 0 0 0 358 380 235 43 8 0 0 0 626 324 61 12 1 0 0 0 
221 482 298 23 0 0 0 0 178 439 360 46 1 0 0 0 520 463 40 1 0 0 0 0 
485 348 175 16 0 0 0 0 415 400 186 23 0 0 0 0 625 293 96 10 0 0 0 0 
375 435 210 4 0 0 0 0 299 463 254 8 0 0 0 0 629 351 43 1 0 0 0 0 
356 467 178 21 2 0 0 0 283 462 238 38 3 0 0 0 666 322 33 3 0 0 0 0 
273 570 171 9 1 0 0 0 106 658 223 35 2 0 0 0 664 343 15 2 0 0 0 0 
609 414 1 0 0 0 0 0 301 711 12 0 0 0 0 0 897 127 0 0 0 0 0 0 
821 203 0 0 0 0 0 0 560 464 0 0 0 0 0 0 941 83 0 0 0 0 0 0 
981 43 0 0 0 0 0 0 929 95 0 0 0 0 0 0 1003 21 0 0 0 0 0 0 
1020 4 0 0 0 0 0 0 1020 4 0 0 0 0 0 0 1022 2 0 0 0 0 0 0 
1022 2 0 0 0 0 0 0 1022 2 0 0 0 0 0 0 1024 0 0 0 0 0 0 0 
1022 2 0 0 0 0 0 0 1022 2 0 0 0 0 0 0 1022 2 0 0 0 0 0 0 
1024 0 0 0 0 0 0 0 1024 0 0 0 0 0 0 0 1024 0 0 0 0 0 0 0 
1023 1 0 0 0 0 0 0 1023 1 0 0 0 0 0 0 1024 0 0 0 0 0 0 0 
1024 0 0 0 0 0 0 0 1024 0 0 0 0 0 0 0 1024 0 0 0 0 0 0 0 
1024 0 0 0 0 0 0 0 1024 0 0 0 0 0 0 0 1024 0 0 0 0 0 0 0 
945 22 12 10 6 11 13 5 951 20 11 9 9 8 12 4 947 21 10 11 5 11 8 11 
613 125 43 28 37 54 94 30 571 171 43 33 37 45 74 50 670 82 30 26 28 22 51 115 
965 56 1 1 1 0 0 0 915 106 1 1 1 0 0 0 998 23 2 1 0 0 0 0 
1007 17 0 0 0 0 0 0 988 36 0 0 0 0 0 0 1014 10 0 0 0 0 0 0 
1008 16 0 0 0 0 0 0 995 29 0 0 0 0 0 0 1018 6 0 0 0 0 0 0 
1022 2 0 0 0 0 0 0 1016 8 0 0 0 0 0 0 1023 1 0 0 0 0 0 0 
1022 2 0 0 0 0 0 0 1022 2 0 0 0 0 0 0 1024 0 0 0 0 0 0 0 
1024 0 0 0 0 0 0 0 1024 0 0 0 0 0 0 0 1024 0 0 0 0 0 0 0 
1024 0 0 0 0 0 0 0 1024 0 0 0 0 0 0 0 1024 0 0 0 0 0 0 0 
1024 0 0 0 0 0 0 0 1024 0 0 0 0 0 0 0 1024 0 0 0 0 0 0 0 
1024 0 0 0 0 0 0 0 1024 0 0 0 0 0 0 0 1024 0 0 0 0 0 0 0 
937 68 18 1 0 0 0 0 930 69 23 2 0 0 0 0 974 47 3 0 0 0 0 0 
535 373 106 10 0 0 0 0 453 386 167 18 0 0 0 0 757 251 16 0 0 0 0 0 
174 418 317 85 27 3 0 0 140 372 360 117 31 4 0 0 438 384 130 51 19 2 0 0 
673 221 117 13 0 0 0 0 629 235 140 20 0 0 0 0 827 187 8 2 0 0 0 0 
298 508 157 54 7 0 0 0 204 472 255 81 12 0 0 0 612 309 78 23 2 0 0 0 
342 426 210 44 2 0 0 0 228 416 294 79 7 0 0 0 641 325 47 11 0 0 0 0 
585 318 115 6 0 0 0 0 473 363 169 19 0 0 0 0 773 236 14 1 0 0 0 0 
309 494 195 18 8 0 0 0 238 421 304 49 11 1 0 0 649 324 38 13 0 0 0 0 
557 325 126 16 0 0 0 0 502 292 205 22 3 0 0 0 736 264 22 2 0 0 0 0 
491 444 81 8 0 0 0 0 329 541 148 6 0 0 0 0 726 271 27 0 0 0 0 0 
628 322 68 6 0 0 0 0 532 381 104 7 0 0 0 0 847 165 12 0 0 0 0 0 
399 398 189 27 11 0 0 0 384 375 222 31 12 0 0 0 549 351 88 22 6 8 0 0 
354 482 166 18 3 1 0 0 264 466 255 35 4 0 0 0 603 366 42 7 5 1 0 0 
461 494 69 0 0 0 0 0 295 607 121 1 0 0 0 0 797 225 2 0 0 0 0 0 
735 289 0 0 0 0 0 0 500 523 1 0 0 0 0 0 935 89 0 0 0 0 0 0 
942 82 0 0 0 0 0 0 777 247 0 0 0 0 0 0 996 28 0 0 0 0 0 0 
995 29 0 0 0 0 0 0 949 75 0 0 0 0 0 0 1017 7 0 0 0 0 0 0 
1024 0 0 0 0 0 0 0 1024 0 0 0 0 0 0 0 1024 0 0 0 0 0 0 0 
1022 2 0 0 0 0 0 0 1022 2 0 0 0 0 0 0 1024 0 0 0 0 0 0 0 
1023 1 0 0 0 0 0 0 1024 0 0 0 0 0 0 0 1023 1 0 0 0 0 0 0 
1024 0 0 0 0 0 0 0 1024 0 0 0 0 0 0 0 1024 0 0 0 0 0 0 0 
1024 0 0 0 0 0 0 0 1024 0 0 0 0 0 0 0 1024 0 0 0 0 0 0 0 
1023 1 0 0 0 0 0 0 1023 1 0 0 0 0 0 0 1023 1 0 0 0 0 0 0 
1024 0 0 0 0 0 0 0 1024 0 0 0 0 0 0 0 1024 0 0 0 0 0 0 0 
1024 0 0 0 0 0 0 0 1024 0 0 0 0 0 0 0 1024 0 0 0 0 0 0 0 
1024 0 0 0 0 0 0 0 1024 0 0 0 0 0 0 0 1024 0 0 0 0 0 0 0 
1010 14 0 0 0 0 0 0 1005 19 0 0 0 0 0 0 1022 2 0 0 0 0 0 0 
1023 1 0 0 0 0 0 0 1022 2 0 0 0 0 0 0 1023 1 0 0 0 0 0 0 
1003 21 0 0 0 0 0 0 986 38 0 0 0 0 0 0 1015 9 0 0 0 0 0 0 
1017 7 0 0 0 0 0 0 1017 7 0 0 0 0 0 0 1021 3 0 0 0 0 0 0 
1024 0 0 0 0 0 0 0 1024 0 0 0 0 0 0 0 1024 0 0 0 0 0 0 0 
1024 0 0 0 0 0 0 0 1024 0 0 0 0 0 0 0 1024 0 0 0 0 0 0 0 
1024 0 0 0 0 0 0 0 1024 0 0 0 0 0 0 0 1024 0 0 0 0 0 0 0 
1024 0 0 0 0 0 0 0 1024 0 0 0 0 0 0 0 1024 0 0 0 0 0 0 0 
1024 0 0 0 0 0 0 0 1024 0 0 0 0 0 0 0 1024 0 0 0 0 0 0 0 
1024 0 0 0 0 0 0 0 1024 0 0 0 0 0 0 0 1024 0 0 0 0 0 0 0 
1021 3 0 0 0 0 0 0 1024 0 0 0 0 0 0 0 1018 6 0 0 0 0 0 0 
986 38 0 0 0 0 0 0 939 83 2 0 0 0 0 0 1000 24 0 0 0 0 0 0 
621 295 68 20 20 0 0 0 536 329 117 19 23 0 0 0 762 201 33 22 6 0 0 0 
817 179 23 5 0 0 0 0 759 215 45 5 0 0 0 0 889 121 9 5 0 0 0 0 
804 133 59 26 2 0 0 0 759 170 77 16 2 0 0 0 852 110 48 14 0 0 0 0 
633 253 98 40 0 0 0 0 582 245 143 48 6 0 0 0 752 199 67 6 0 0 0 0 
511 338 135 28 10 2 0 0 397 382 187 44 12 2 0 0 685 258 67 12 2 0 0 0 
221 501 272 29 1 0 0 0 164 374 432 51 3 0 0 0 561 402 52 8 1 0 0 0 
530 297 161 25 11 0 0 0 493 239 232 51 9 0 0 0 697 248 64 14 1 0 0 0 
250 453 271 40 9 1 0 0 182 381 388 57 15 1 0 0 579 339 85 15 6 0 0 0 
373 515 128 8 0 0 0 0 279 469 252 22 2 0 0 0 716 285 20 3 0 0 0 0 
293 492 224 15 0 0 0 0 250 437 299 38 0 0 0 0 590 412 22 0 0 0 0 0 
791 201 27 5 0 0 0 0 742 237 34 11 0 0 0 0 893 124 7 0 0 0 0 0 
921 103 0 0 0 0 0 0 764 260 0 0 0 0 0 0 1003 21 0 0 0 0 0 0 
1002 22 0 0 0 0 0 0 984 40 0 0 0 0 0 0 1019 5 0 0 0 0 0 0 
1005 19 0 0 0 0 0 0 992 32 0 0 0 0 0 0 1012 12 0 0 0 0 0 0 
1024 0 0 0 0 0 0 0 1023 1 0 0 0 0 0 0 1024 0 0 0 0 0 0 0 
1024 0 0 0 0 0 0 0 1024 0 0 0 0 0 0 0 1024 0 0 0 0 0 0 0 
1023 1 0 0 0 0 0 0 1023 1 0 0 0 0 0 0 1024 0 0 0 0 0 0 0 
1024 0 0 0 0 0 0 0 1024 0 0 0 0 0 0 0 1024 0 0 0 0 0 0 0 
1024 0 0 0 0 0 0 0 1024 0 0 0 0 0 0 0 1024 0 0 0 0 0 0 0 
1024 0 0 0 0 0 0 0 1024 0 0 0 0 0 0 0 1024 0 0 0 0 0 0 0 
1024 0 0 0 0 0 0 0 1024 0 0 0 0 0 0 0 1024 0 0 0 0 0 0 0 
1024 0 0 0 0 0 0 0 1024 0 0 0 0 0 0 0 1024 0 0 0 0 0 0 0 
1024 0 0 0 0 0 0 0 1024 0 0 0 0 0 0 0 1024 0 0 0 0 0 0 0 
1024 0 0 0 0 0 0 0 1024 0 0 0 0 0 0 0 1024 0 0 0 0 0 0 0 
1024 0 0 0 0 0 0 0 1024 0 0 0 0 0 0 0 1024 0 0 0 0 0 0 0 
1024 0 0 0 0 0 0 0 1023 1 0 0 0 0 0 0 1024 0 0 0 0 0 0 0 
1022 2 0 0 0 0 0 0 1022 2 0 0 0 0 0 0 1023 1 0 0 0 0 0 0 
1024 0 0 0 0 0 0 0 1024 0 0 0 0 0 0 0 1024 0 0 0 0 0 0 0 
1024 0 0 0 0 0 0 0 1024 0 0 0 0 0 0 0 1024 0 0 0 0 0 0 0 
1024 0 0 0 0 0 0 0 1024 0 0 0 0 0 0 0 1024 0 0 0 0 0 0 0 
1024 0 0 0 0 0 0 0 1024 0 0 0 0 0 0 0 1024 0 0 0 0 0 0 0 
1024 0 0 0 0 0 0 0 1024 0 0 0 0 0 0 0 1024 0 0 0 0 0 0 0 
1024 0 0 0 0 0 0 0 1024 0 0 0 0 0 0 0 1024 0 0 0 0 0 0 0 
1024 0 0 0 0 0 0 0 1024 0 0 0 0 0 0 0 1024 0 0 0 0 0 0 0 
1024 0 0 0 0 0 0 0 1024 0 0 0 0 0 0 0 1023 1 0 0 0 0 0 0 
81 325 353 206 57 2 0 0 73 343 316 215 73 4 0 0 349 318 237 91 29 0 0 0 
212 366 190 76 46 31 32 71 155 361 285 88 39 26 36 34 435 349 90 37 20 20 29 44 
767 205 43 7 2 0 0 0 670 294 47 10 3 0 0 0 881 123 16 4 0 0 0 0 
512 324 142 44 2 0 0 0 456 372 167 27 2 0 0 0 696 254 68 6 0 0 0 0 
942 62 15 5 0 0 0 0 948 60 16 0 0 0 0 0 969 42 13 0 0 0 0 0 
926 70 20 8 0 0 0 0 917 70 29 8 0 0 0 0 946 63 15 0 0 0 0 0 
644 230 141 9 0 0 0 0 604 218 160 42 0 0 0 0 775 197 46 6 0 0 0 0 
457 373 164 27 3 0 0 0 395 313 270 40 6 0 0 0 668 287 56 13 0 0 0 0 
488 373 131 31 1 0 0 0 418 367 186 50 3 0 0 0 700 256 53 15 0 0 0 0 
606 297 121 0 0 0 0 0 562 244 207 11 0 0 0 0 809 204 11 0 0 0 0 0 
879 137 8 0 0 0 0 0 810 194 20 0 0 0 0 0 945 79 0 0 0 0 0 0 
850 169 5 0 0 0 0 0 757 255 12 0 0 0 0 0 941 83 0 0 0 0 0 0 
1001 23 0 0 0 0 0 0 996 28 0 0 0 0 0 0 1011 13 0 0 0 0 0 0 
1024 0 0 0 0 0 0 0 1024 0 0 0 0 0 0 0 1024 0 0 0 0 0 0 0 
1022 2 0 0 0 0 0 0 1022 2 0 0 0 0 0 0 1023 1 0 0 0 0 0 0 
1015 9 0 0 0 0 0 0 1009 15 0 0 0 0 0 0 1023 1 0 0 0 0 0 0 
1022 2 0 0 0 0 0 0 1022 2 0 0 0 0 0 0 1023 1 0 0 0 0 0 0 
1021 3 0 0 0 0 0 0 1021 3 0 0 0 0 0 0 1023 1 0 0 0 0 0 0 
1024 0 0 0 0 0 0 0 1024 0 0 0 0 0 0 0 1024 0 0 0 0 0 0 0 
1024 0 0 0 0 0 0 0 1024 0 0 0 0 0 0 0 1024 0 0 0 0 0 0 0 
1023 1 0 0 0 0 0 0 1024 0 0 0 0 0 0 0 1024 0 0 0 0 0 0 0 
1024 0 0 0 0 0 0 0 1024 0 0 0 0 0 0 0 1024 0 0 0 0 0 0 0 
1024 0 0 0 0 0 0 0 1024 0 0 0 0 0 0 0 1024 0 0 0 0 0 0 0 
1024 0 0 0 0 0 0 0 1024 0 0 0 0 0 0 0 1024 0 0 0 0 0 0 0 
1024 0 0 0 0 0 0 0 1024 0 0 0 0 0 0 0 1024 0 0 0 0 0 0 0 
1024 0 0 0 0 0 0 0 1024 0 0 0 0 0 0 0 1024 0 0 0 0 0 0 0 
1024 0 0 0 0 0 0 0 1024 0 0 0 0 0 0 0 1024 0 0 0 0 0 0 0 
1024 0 0 0 0 0 0 0 1024 0 0 0 0 0 0 0 1024 0 0 0 0 0 0 0 
1024 0 0 0 0 0 0 0 1024 0 0 0 0 0 0 0 1024 0 0 0 0 0 0 0 
1024 0 0 0 0 0 0 0 1024 0 0 0 0 0 0 0 1024 0 0 0 0 0 0 0 
1024 0 0 0 0 0 0 0 1024 0 0 0 0 0 0 0 1024 0 0 0 0 0 0 0 
1024 0 0 0 0 0 0 0 1024 0 0 0 0 0 0 0 1024 0 0 0 0 0 0 0 
1024 0 0 0 0 0 0 0 1024 0 0 0 0 0 0 0 1024 0 0 0 0 0 0 0 
1024 0 0 0 0 0 0 0 1024 0 0 0 0 0 0 0 1024 0 0 0 0 0 0 0 
1024 0 0 0 0 0 0 0 1024 0 0 0 0 0 0 0 1024 0 0 0 0 0 0 0 
1024 0 0 0 0 0 0 0 1024 0 0 0 0 0 0 0 1022 2 0 0 0 0 0 0 
186 197 244 189 129 41 12 26 175 233 282 179 85 41 10 19 321 354 156 79 63 23 10 18 
14 267 443 194 61 24 3 18 13 274 484 188 44 5 6 10 254 523 164 58 6 5 8 6 
125 387 349 93 40 29 1 0 105 420 350 81 44 22 2 0 443 401 94 48 34 4 0 0 
109 290 379 200 45 1 0 0 107 296 400 187 34 0 0 0 345 420 184 63 12 0 0 0 
694 91 144 79 16 0 0 0 687 96 158 68 15 0 0 0 761 174 62 24 3 0 0 0 
976 16 23 9 0 0 0 0 975 17 20 12 0 0 0 0 980 16 23 5 0 0 0 0 
755 226 41 2 0 0 0 0 689 250 77 8 0 0 0 0 869 144 10 1 0 0 0 0 
601 213 116 44 26 11 12 1 574 191 166 44 33 12 4 0 739 200 64 18 3 0 0 0 
324 363 225 75 32 5 0 0 261 329 285 97 46 6 0 0 602 318 73 31 0 0 0 0 
343 306 166 23 13 14 35 124 311 259 230 44 14 40 83 43 608 209 65 89 47 6 0 0 
833 63 68 28 15 8 7 2 832 56 67 38 15 11 5 0 880 80 40 23 1 0 0 0 
871 153 0 0 0 0 0 0 834 176 14 0 0 0 0 0 956 68 0 0 0 0 0 0 
787 188 16 9 7 9 6 2 717 254 22 10 13 4 3 1 899 97 22 3 2 1 0 0 
652 124 13 27 40 44 33 91 572 205 25 41 48 41 44 48 784 94 50 65 29 2 0 0 
950 74 0 0 0 0 0 0 880 144 0 0 0 0 0 0 996 28 0 0 0 0 0 0 
1001 23 0 0 0 0 0 0 991 33 0 0 0 0 0 0 1020 4 0 0 0 0 0 0 
1024 0 0 0 0 0 0 0 1024 0 0 0 0 0 0 0 1024 0 0 0 0 0 0 0 
1020 4 0 0 0 0 0 0 1018 6 0 0 0 0 0 0 1023 1 0 0 0 0 0 0 
1022 2 0 0 0 0 0 0 1022 2 0 0 0 0 0 0 1024 0 0 0 0 0 0 0 
1024 0 0 0 0 0 0 0 1024 0 0 0 0 0 0 0 1024 0 0 0 0 0 0 0 
1024 0 0 0 0 0 0 0 1024 0 0 0 0 0 0 0 1024 0 0 0 0 0 0 0 
1024 0 0 0 0 0 0 0 1024 0 0 0 0 0 0 0 1024 0 0 0 0 0 0 0 
1024 0 0 0 0 0 0 0 1024 0 0 0 0 0 0 0 1024 0 0 0 0 0 0 0 
1022 2 0 0 0 0 0 0 1022 2 0 0 0 0 0 0 1023 1 0 0 0 0 0 0 
1024 0 0 0 0 0 0 0 1024 0 0 0 0 0 0 0 1024 0 0 0 0 0 0 0 
1017 7 0 0 0 0 0 0 1019 5 0 0 0 0 0 0 1020 4 0 0 0 0 0 0 
1015 9 0 0 0 0 0 0 1017 7 0 0 0 0 0 0 1019 5 0 0 0 0 0 0 
1024 0 0 0 0 0 0 0 1024 0 0 0 0 0 0 0 1024 0 0 0 0 0 0 0 
1024 0 0 0 0 0 0 0 1024 0 0 0 0 0 0 0 1024 0 0 0 0 0 0 0 
1024 0 0 0 0 0 0 0 1024 0 0 0 0 0 0 0 1024 0 0 0 0 0 0 0 
1024 0 0 0 0 0 0 0 1024 0 0 0 0 0 0 0 1024 0 0 0 0 0 0 0 
1024 0 0 0 0 0 0 0 1024 0 0 0 0 0 0 0 1024 0 0 0 0 0 0 0 
1024 0 0 0 0 0 0 0 1024 0 0 0 0 0 0 0 1024 0 0 0 0 0 0 0 
1024 0 0 0 0 0 0 0 1024 0 0 0 0 0 0 0 1024 0 0 0 0 0 0 0 
1024 0 0 0 0 0 0 0 1024 0 0 0 0 0 0 0 1024 0 0 0 0 0 0 0 
1014 10 0 0 0 0 0 0 1014 10 0 0 0 0 0 0 1009 15 0 0 0 0 0 0 
0 48 390 401 135 38 5 7 3 232 560 196 24 6 1 2 242 510 198 57 11 3 1 2 
21 169 452 189 74 28 16 75 20 203 517 145 51 9 33 46 209 522 142 53 12 9 24 53 
84 410 500 30 0 0 0 0 68 310 599 47 0 0 0 0 378 596 37 13 0 0 0 0 
85 403 464 61 11 0 0 0 61 358 522 66 17 0 0 0 453 480 60 28 3 0 0 0 
31 459 506 26 2 0 0 0 22 432 553 17 0 0 0 0 505 507 12 0 0 0 0 0 
37 773 201 13 0 0 0 0 26 728 256 12 2 0 0 0 485 499 33 7 0 0 0 0 
204 600 130 41 25 14 7 3 175 594 164 44 24 16 7 0 653 290 56 21 4 0 0 0 
101 285 185 128 98 62 63 102 78 270 233 158 95 77 79 34 389 346 156 104 28 1 0 0 
20 365 350 169 77 25 11 7 14 339 386 185 76 19 5 0 416 409 148 47 4 0 0 0 
7 97 185 205 193 141 99 97 5 110 252 259 202 111 65 20 251 408 264 71 30 0 0 0 
194 290 213 123 62 40 41 61 172 302 228 139 72 57 53 1 465 336 132 80 11 0 0 0 
492 440 10 11 14 21 18 18 410 521 11 13 23 15 20 11 835 127 27 24 9 2 0 0 
303 364 80 65 75 53 36 48 253 404 132 88 61 46 34 6 634 243 76 52 18 1 0 0 
708 211 59 24 9 3 7 3 671 239 77 21 7 8 1 0 893 113 9 8 1 0 0 0 
1015 9 0 0 0 0 0 0 1014 10 0 0 0 0 0 0 1023 1 0 0 0 0 0 0 
785 38 39 40 20 35 28 39 796 31 45 36 31 38 34 13 852 60 58 29 21 4 0 0 
1013 6 2 0 3 0 0 0 1012 7 2 0 3 0 0 0 1016 4 1 1 2 0 0 0 
932 13 5 13 6 11 14 30 936 10 6 12 7 17 22 14 943 22 22 24 12 1 0 0 
1004 3 2 3 0 0 1 11 1002 5 2 3 0 1 3 8 1007 2 3 3 6 3 0 0 
1024 0 0 0 0 0 0 0 1024 0 0 0 0 0 0 0 1024 0 0 0 0 0 0 0 
1024 0 0 0 0 0 0 0 1024 0 0 0 0 0 0 0 1024 0 0 0 0 0 0 0 
1024 0 0 0 0 0 0 0 1023 1 0 0 0 0 0 0 1024 0 0 0 0 0 0 0 
1024 0 0 0 0 0 0 0 1024 0 0 0 0 0 0 0 1024 0 0 0 0 0 0 0 
1024 0 0 0 0 0 0 0 1024 0 0 0 0 0 0 0 1024 0 0 0 0 0 0 0 
1024 0 0 0 0 0 0 0 1024 0 0 0 0 0 0 0 1024 0 0 0 0 0 0 0 
1024 0 0 0 0 0 0 0 1024 0 0 0 0 0 0 0 1024 0 0 0 0 0 0 0 
1024 0 0 0 0 0 0 0 1024 0 0 0 0 0 0 0 1024 0 0 0 0 0 0 0 
1024 0 0 0 0 0 0 0 1024 0 0 0 0 0 0 0 1024 0 0 0 0 0 0 0 
1024 0 0 0 0 0 0 0 1024 0 0 0 0 0 0 0 1024 0 0 0 0 0 0 0 
1023 1 0 0 0 0 0 0 1023 1 0 0 0 0 0 0 1023 1 0 0 0 0 0 0 
1024 0 0 0 0 0 0 0 1024 0 0 0 0 0 0 0 1024 0 0 0 0 0 0 0 
1024 0 0 0 0 0 0 0 1024 0 0 0 0 0 0 0 1024 0 0 0 0 0 0 0 
1024 0 0 0 0 0 0 0 1024 0 0 0 0 0 0 0 1024 0 0 0 0 0 0 0 
1024 0 0 0 0 0 0 0 1024 0 0 0 0 0 0 0 1024 0 0 0 0 0 0 0 
1024 0 0 0 0 0 0 0 1024 0 0 0 0 0 0 0 1024 0 0 0 0 0 0 0 
1024 0 0 0 0 0 0 0 1024 0 0 0 0 0 0 0 1024 0 0 0 0 0 0 0 
6 197 538 188 56 26 9 4 21 392 490 93 16 8 3 1 346 526 120 20 7 3 2 0 
68 192 424 266 67 7 0 0 79 310 483 139 12 1 0 0 360 485 151 27 1 0 0 0 
285 346 105 115 102 52 18 1 269 502 215 31 7 0 0 0 589 253 127 48 7 0 0 0 
535 405 80 4 0 0 0 0 458 430 122 14 0 0 0 0 831 189 4 0 0 0 0 0 
512 355 126 31 0 0 0 0 437 363 165 53 6 0 0 0 744 213 61 6 0 0 0 0 
448 380 177 17 2 0 0 0 340 382 246 53 2 1 0 0 686 281 51 5 1 0 0 0 
109 195 310 197 93 56 37 27 80 191 303 261 113 45 26 5 290 403 260 60 7 4 0 0 
0 15 84 257 220 186 128 134 0 20 150 343 226 165 109 11 152 439 302 120 11 0 0 0 
51 185 201 156 98 99 90 144 49 183 250 187 119 127 76 33 357 337 191 87 40 12 0 0 
128 268 211 106 80 83 79 69 130 270 220 144 98 102 40 20 413 336 161 81 27 6 0 0 
281 173 192 122 94 63 43 56 285 174 228 136 104 46 37 14 513 302 139 48 19 3 0 0 
141 147 119 134 100 80 92 211 157 144 176 157 103 99 133 55 413 294 146 103 61 7 0 0 
400 256 85 62 47 31 32 111 328 334 95 68 56 45 76 22 646 183 99 73 22 1 0 0 
628 196 49 46 43 53 9 0 540 271 66 50 58 36 3 0 788 128 74 30 3 1 0 0 
338 93 71 66 97 112 121 126 323 130 77 124 126 122 87 35 500 197 170 92 54 10 1 0 
296 177 132 113 67 57 69 113 326 181 146 113 79 70 97 12 484 292 103 101 44 0 0 0 
533 93 73 67 70 51 27 110 538 98 74 76 75 62 70 31 641 148 109 76 47 3 0 0 
252 158 133 109 114 90 72 96 251 171 152 156 129 72 68 25 453 280 162 88 34 7 0 0 
906 34 20 5 7 7 16 29 914 29 25 7 5 16 20 8 937 40 23 18 6 0 0 0 
1024 0 0 0 0 0 0 0 1024 0 0 0 0 0 0 0 1024 0 0 0 0 0 0 0 
1024 0 0 0 0 0 0 0 1024 0 0 0 0 0 0 0 1024 0 0 0 0 0 0 0 
1024 0 0 0 0 0 0 0 1024 0 0 0 0 0 0 0 1024 0 0 0 0 0 0 0 
1024 0 0 0 0 0 0 0 1024 0 0 0 0 0 0 0 1024 0 0 0 0 0 0 0 
1024 0 0 0 0 0 0 0 1024 0 0 0 0 0 0 0 1024 0 0 0 0 0 0 0 
1024 0 0 0 0 0 0 0 1024 0 0 0 0 0 0 0 1024 0 0 0 0 0 0 0 
1024 0 0 0 0 0 0 0 1024 0 0 0 0 0 0 0 1024 0 0 0 0 0 0 0 
1024 0 0 0 0 0 0 0 1024 0 0 0 0 0 0 0 1024 0 0 0 0 0 0 0 
1024 0 0 0 0 0 0 0 1024 0 0 0 0 0 0 0 1024 0 0 0 0 0 0 0 
1024 0 0 0 0 0 0 0 1024 0 0 0 0 0 0 0 1024 0 0 0 0 0 0 0 
1024 0 0 0 0 0 0 0 1024 0 0 0 0 0 0 0 1024 0 0 0 0 0 0 0 
1024 0 0 0 0 0 0 0 1024 0 0 0 0 0 0 0 1024 0 0 0 0 0 0 0 
1024 0 0 0 0 0 0 0 1024 0 0 0 0 0 0 0 1024 0 0 0 0 0 0 0 
1024 0 0 0 0 0 0 0 1024 0 0 0 0 0 0 0 1024 0 0 0 0 0 0 0 
1024 0 0 0 0 0 0 0 1024 0 0 0 0 0 0 0 1024 0 0 0 0 0 0 0 
1024 0 0 0 0 0 0 0 1024 0 0 0 0 0 0 0 1024 0 0 0 0 0 0 0 
1023 1 0 0 0 0 0 0 1023 1 0 0 0 0 0 0 1023 1 0 0 0 0 0 0 
28 325 487 144 33 3 3 1 55 456 390 93 25 1 4 0 381 474 131 30 4 1 3 0 
21 238 414 268 75 8 0 0 22 330 439 207 23 3 0 0 287 460 229 45 1 2 0 0 
77 271 284 231 92 48 18 3 182 434 318 73 11 6 0 0 376 407 179 42 18 2 0 0 
93 348 446 126 9 2 0 0 72 235 475 214 28 0 0 0 309 461 207 45 2 0 0 0 
38 265 533 175 13 0 0 0 25 139 495 327 38 0 0 0 149 501 320 49 5 0 0 0 
16 298 573 110 15 10 2 0 6 153 562 271 29 3 0 0 196 556 255 17 0 0 0 0 
2 129 509 176 83 56 43 26 1 57 479 309 105 45 23 5 94 569 298 55 7 1 0 0 
4 183 521 279 35 2 0 0 4 94 495 385 46 0 0 0 109 567 324 24 0 0 0 0 
60 289 556 107 12 0 0 0 47 160 594 199 21 3 0 0 235 627 143 17 2 0 0 0 
2 170 436 247 51 38 39 41 1 109 409 340 83 43 26 13 175 491 277 76 5 0 0 0 
335 276 304 85 21 3 0 0 315 251 328 103 25 2 0 0 535 370 92 21 6 0 0 0 
255 219 242 147 80 42 17 22 251 226 276 165 63 22 21 0 526 367 111 20 0 0 0 0 
454 199 120 86 69 43 24 29 463 202 144 88 73 25 23 6 659 218 102 31 13 1 0 0 
279 201 172 115 90 78 54 35 275 204 212 139 106 54 31 3 501 343 135 37 7 1 0 0 
29 122 211 189 157 102 79 135 36 123 283 231 134 87 96 34 280 416 184 107 35 2 0 0 
268 180 116 118 79 84 75 104 301 165 137 120 112 91 76 22 488 231 185 90 30 0 0 0 
171 152 138 127 127 112 96 101 167 178 156 163 162 112 72 14 417 296 193 99 17 2 0 0 
521 207 178 53 13 14 20 18 522 188 188 70 17 17 18 4 647 239 106 23 9 0 0 0 
604 262 135 16 6 1 0 0 596 178 208 32 9 1 0 0 679 284 52 9 0 0 0 0 
396 476 145 7 0 0 0 0 356 345 308 15 0 0 0 0 559 427 38 0 0 0 0 0 
533 433 58 0 0 0 0 0 492 352 180 0 0 0 0 0 566 403 55 0 0 0 0 0 
887 108 28 1 0 0 0 0 879 96 42 7 0 0 0 0 932 85 7 0 0 0 0 0 
1024 0 0 0 0 0 0 0 1024 0 0 0 0 0 0 0 1024 0 0 0 0 0 0 0 
1024 0 0 0 0 0 0 0 1024 0 0 0 0 0 0 0 1024 0 0 0 0 0 0 0 
1024 0 0 0 0 0 0 0 1024 0 0 0 0 0 0 0 1024 0 0 0 0 0 0 0 
1024 0 0 0 0 0 0 0 1024 0 0 0 0 0 0 0 1024 0 0 0 0 0 0 0 
1023 1 0 0 0 0 0 0 1023 1 0 0 0 0 0 0 1024 0 0 0 0 0 0 0 
1024 0 0 0 0 0 0 0 1024 0 0 0 0 0 0 0 1024 0 0 0 0 0 0 0 
1024 0 0 0 0 0 0 0 1024 0 0 0 0 0 0 0 1024 0 0 0 0 0 0 0 
1024 0 0 0 0 0 0 0 1024 0 0 0 0 0 0 0 1024 0 0 0 0 0 0 0 
1024 0 0 0 0 0 0 0 1024 0 0 0 0 0 0 0 1024 0 0 0 0 0 0 0 
1024 0 0 0 0 0 0 0 1024 0 0 0 0 0 0 0 1024 0 0 0 0 0 0 0 
1024 0 0 0 0 0 0 0 1024 0 0 0 0 0 0 0 1024 0 0 0 0 0 0 0 
1024 0 0 0 0 0 0 0 1024 0 0 0 0 0 0 0 1024 0 0 0 0 0 0 0 
1024 0 0 0 0 0 0 0 1024 0 0 0 0 0 0 0 1024 0 0 0 0 0 0 0 
1022 2 0 0 0 0 0 0 1024 0 0 0 0 0 0 0 1021 3 0 0 0 0 0 0 
52 269 436 179 57 14 12 5 65 334 447 141 27 9 1 0 271 488 214 34 8 8 1 0 
17 351 512 104 23 10 1 6 16 442 447 91 20 2 6 0 372 518 88 28 10 2 3 3 
36 194 396 291 76 13 9 9 36 283 481 185 27 12 0 0 272 494 202 35 7 7 7 0 
39 299 489 180 15 1 1 0 21 215 539 221 28 0 0 0 207 537 256 23 1 0 0 0 
15 381 503 119 6 0 0 0 3 220 572 213 16 0 0 0 212 562 225 25 0 0 0 0 
39 414 474 96 1 0 0 0 26 230 582 180 6 0 0 0 222 561 220 21 0 0 0 0 
26 389 500 108 1 0 0 0 2 221 594 197 10 0 0 0 230 583 197 14 0 0 0 0 
2 241 613 162 6 0 0 0 0 136 614 254 20 0 0 0 99 632 258 35 0 0 0 0 
6 230 449 160 68 37 30 44 1 133 477 262 65 41 39 6 170 530 240 68 16 0 0 0 
4 299 474 162 14 11 13 47 3 158 512 258 37 26 16 14 168 570 230 47 7 2 0 0 
75 236 379 148 54 34 34 64 62 181 385 209 81 49 49 8 251 445 239 81 8 0 0 0 
320 287 337 74 6 0 0 0 309 226 360 117 11 1 0 0 461 383 167 13 0 0 0 0 
791 121 91 21 0 0 0 0 775 119 106 24 0 0 0 0 852 131 41 0 0 0 0 0 
477 394 139 14 0 0 0 0 453 367 186 18 0 0 0 0 680 299 37 8 0 0 0 0 
167 259 290 113 61 53 34 47 201 264 281 130 64 44 27 13 491 365 108 47 12 1 0 0 
106 175 322 199 100 69 27 26 103 182 402 189 83 39 20 6 400 439 141 37 7 0 0 0 
184 231 355 134 51 34 25 10 174 216 373 176 50 26 6 3 388 436 171 23 6 0 0 0 
396 263 168 47 40 40 35 35 365 255 204 64 62 39 22 13 522 309 127 42 22 2 0 0 
462 535 26 1 0 0 0 0 402 555 62 5 0 0 0 0 701 301 22 0 0 0 0 0 
404 600 20 0 0 0 0 0 317 621 86 0 0 0 0 0 642 380 2 0 0 0 0 0 
695 296 33 0 0 0 0 0 677 255 92 0 0 0 0 0 745 262 17 0 0 0 0 0 
930 84 10 0 0 0 0 0 926 73 25 0 0 0 0 0 955 64 5 0 0 0 0 0 
1022 2 0 0 0 0 0 0 1022 2 0 0 0 0 0 0 1024 0 0 0 0 0 0 0 
1024 0 0 0 0 0 0 0 1024 0 0 0 0 0 0 0 1024 0 0 0 0 0 0 0 
1024 0 0 0 0 0 0 0 1024 0 0 0 0 0 0 0 1024 0 0 0 0 0 0 0 
1024 0 0 0 0 0 0 0 1024 0 0 0 0 0 0 0 1024 0 0 0 0 0 0 0 
1021 3 0 0 0 0 0 0 1019 5 0 0 0 0 0 0 1022 2 0 0 0 0 0 0 
1024 0 0 0 0 0 0 0 1024 0 0 0 0 0 0 0 1024 0 0 0 0 0 0 0 
1024 0 0 0 0 0 0 0 1024 0 0 0 0 0 0 0 1024 0 0 0 0 0 0 0 
924 15 20 43 16 6 0 0 922 14 21 38 20 9 0 0 919 11 13 33 28 15 5 0 
1012 4 3 4 1 0 0 0 1010 5 4 3 2 0 0 0 1009 5 3 2 4 1 0 0 
1024 0 0 0 0 0 0 0 1024 0 0 0 0 0 0 0 1024 0 0 0 0 0 0 0 
1024 0 0 0 0 0 0 0 1024 0 0 0 0 0 0 0 1024 0 0 0 0 0 0 0 
1024 0 0 0 0 0 0 0 1024 0 0 0 0 0 0 0 1024 0 0 0 0 0 0 0 
1024 0 0 0 0 0 0 0 1024 0 0 0 0 0 0 0 1024 0 0 0 0 0 0 0 
1023 1 0 0 0 0 0 0 1024 0 0 0 0 0 0 0 1023 1 0 0 0 0 0 0 
32 273 545 153 21 0 0 0 17 248 540 204 15 0 0 0 248 590 176 10 0 0 0 0 
32 356 407 136 50 18 20 5 27 401 407 138 38 12 1 0 362 459 142 35 14 11 1 0 
25 236 515 201 37 10 0 0 16 221 503 248 34 2 0 0 244 525 204 48 3 0 0 0 
45 357 457 148 17 0 0 0 24 275 470 218 33 4 0 0 260 492 229 42 1 0 0 0 
112 501 338 50 4 6 1 12 68 413 419 102 10 3 6 3 423 464 124 13 0 0 0 0 
28 356 380 123 17 13 15 92 28 317 414 125 33 24 68 15 355 459 163 43 4 0 0 0 
43 449 380 71 21 12 6 42 30 374 434 105 30 14 24 13 291 514 153 56 10 0 0 0 
6 345 506 93 11 7 9 47 5 297 497 156 13 11 34 11 240 557 204 23 0 0 0 0 
21 301 477 103 31 14 17 60 10 257 466 176 38 17 45 15 220 468 266 64 6 0 0 0 
0 152 333 224 67 47 46 155 3 168 331 243 82 61 98 38 255 352 297 105 13 2 0 0 
1 212 531 139 18 12 19 92 2 142 537 209 29 31 60 14 185 540 265 32 2 0 0 0 
273 248 389 108 6 0 0 0 263 180 407 165 9 0 0 0 379 419 201 25 0 0 0 0 
310 359 279 46 12 14 4 0 302 268 350 77 19 8 0 0 459 389 136 38 2 0 0 0 
301 340 229 72 32 16 15 19 284 295 284 91 33 21 14 2 479 391 101 39 14 0 0 0 
136 360 507 21 0 0 0 0 125 260 584 55 0 0 0 0 270 655 99 0 0 0 0 0 
55 326 520 118 5 0 0 0 49 256 542 165 12 0 0 0 205 531 248 37 3 0 0 0 
17 227 635 118 11 6 6 4 13 130 675 184 12 4 5 1 135 617 247 24 1 0 0 0 
82 302 425 145 33 17 7 13 71 213 454 220 39 14 7 6 227 495 248 44 10 0 0 0 
383 409 146 51 13 6 8 8 300 470 183 42 13 5 9 2 577 332 79 19 9 6 2 0 
385 531 22 10 19 34 18 5 477 515 25 2 2 1 2 0 788 228 3 2 2 1 0 0 
454 532 25 1 4 4 3 1 297 647 66 2 4 4 2 2 619 389 5 5 4 1 1 0 
518 343 101 42 5 9 2 4 440 363 131 65 11 6 4 4 609 352 44 6 3 5 3 2 
901 65 47 11 0 0 0 0 886 67 42 22 7 0 0 0 946 55 20 3 0 0 0 0 
1023 1 0 0 0 0 0 0 1023 1 0 0 0 0 0 0 1024 0 0 0 0 0 0 0 
1024 0 0 0 0 0 0 0 1024 0 0 0 0 0 0 0 1024 0 0 0 0 0 0 0 
1024 0 0 0 0 0 0 0 1024 0 0 0 0 0 0 0 1024 0 0 0 0 0 0 0 
987 31 1 2 3 0 0 0 970 46 3 2 3 0 0 0 1002 13 4 2 2 1 0 0 
908 35 27 23 20 9 2 0 896 47 23 27 14 15 2 0 902 45 18 27 10 18 4 0 
684 144 76 57 40 15 7 1 657 165 73 52 51 11 12 3 693 136 60 44 53 21 13 4 
759 185 55 20 4 1 0 0 735 203 62 18 3 3 0 0 811 140 50 13 7 3 0 0 
953 40 17 12 2 0 0 0 950 39 20 12 3 0 0 0 960 29 20 12 3 0 0 0 
1024 0 0 0 0 0 0 0 1024 0 0 0 0 0 0 0 1024 0 0 0 0 0 0 0 
1024 0 0 0 0 0 0 0 1024 0 0 0 0 0 0 0 1024 0 0 0 0 0 0 0 
1024 0 0 0 0 0 0 0 1024 0 0 0 0 0 0 0 1024 0 0 0 0 0 0 0 
1024 0 0 0 0 0 0 0 1024 0 0 0 0 0 0 0 1024 0 0 0 0 0 0 0 
1024 0 0 0 0 0 0 0 1024 0 0 0 0 0 0 0 1022 2 0 0 0 0 0 0 
51 389 340 66 20 15 23 120 31 397 346 86 29 36 76 23 367 454 155 46 2 0 0 0 
10 306 505 141 15 11 9 27 13 403 440 116 13 13 21 5 373 513 114 20 4 0 0 0 
36 267 405 138 17 21 21 119 26 234 427 169 30 30 71 37 361 416 209 37 1 0 0 0 
34 425 439 113 13 0 0 0 20 281 509 180 33 1 0 0 292 520 175 37 0 0 0 0 
142 419 382 78 3 0 0 0 106 309 455 136 18 0 0 0 386 463 163 12 0 0 0 0 
177 313 410 105 10 8 1 0 155 295 462 103 9 0 0 0 407 476 123 12 6 0 0 0 
147 502 316 54 5 0 0 0 101 499 324 88 12 0 0 0 351 514 136 17 6 0 0 0 
16 424 457 70 8 4 10 35 7 327 526 109 10 10 31 4 178 610 215 21 0 0 0 0 
20 341 470 88 7 9 16 73 19 293 502 110 17 16 51 16 243 522 214 42 3 0 0 0 
15 389 573 46 1 0 0 0 5 342 603 73 1 0 0 0 235 672 113 4 0 0 0 0 
11 243 517 144 32 20 12 45 12 208 497 208 40 13 35 11 224 450 277 64 9 0 0 0 
96 283 463 170 12 0 0 0 91 187 470 244 29 3 0 0 218 500 254 49 3 0 0 0 
28 380 421 163 19 8 5 0 38 308 474 164 39 1 0 0 241 527 192 58 6 0 0 0 
27 251 414 141 51 55 77 8 152 259 463 142 8 0 0 0 318 483 199 24 0 0 0 0 
24 332 576 88 4 0 0 0 15 184 657 155 13 0 0 0 91 614 279 39 1 0 0 0 
11 276 424 130 64 48 60 11 129 274 512 105 4 0 0 0 291 554 168 11 0 0 0 0 
6 169 540 230 44 25 10 0 12 159 600 234 19 0 0 0 113 554 312 45 0 0 0 0 
6 188 507 218 60 30 15 0 25 209 513 239 36 1 1 0 211 517 231 63 2 0 0 0 
24 255 322 207 101 71 44 0 51 383 437 142 11 0 0 0 333 464 200 26 1 0 0 0 
67 205 355 183 113 67 28 6 82 298 410 182 40 11 0 1 407 407 153 42 12 2 1 0 
62 265 308 184 70 42 36 57 86 320 312 143 76 23 26 38 325 360 161 85 21 20 26 26 
59 453 252 84 57 57 45 17 110 403 378 82 22 8 10 11 349 497 125 27 6 6 6 8 
401 199 155 62 55 54 74 24 527 252 152 60 19 3 3 8 711 215 61 18 9 3 4 3 
474 248 58 35 34 50 53 72 458 301 57 41 23 45 46 53 632 164 50 26 39 42 37 34 
514 167 93 49 19 28 33 121 534 129 111 48 28 27 31 116 604 168 44 25 24 28 46 85 
621 215 141 41 6 0 0 0 601 170 181 56 14 2 0 0 737 226 51 6 2 2 0 0 
629 267 51 26 20 17 13 1 579 290 77 27 17 20 12 2 647 260 36 26 14 16 17 8 
750 176 57 23 11 5 2 0 742 176 63 22 13 6 2 0 806 137 41 15 14 9 2 0 
496 395 108 19 4 2 0 0 461 409 125 21 4 4 0 0 737 236 34 8 5 4 0 0 
512 340 159 13 0 0 0 0 420 343 210 51 0 0 0 0 596 326 95 7 0 0 0 0 
724 214 60 6 9 7 2 2 695 169 131 11 6 8 3 1 781 193 21 12 8 7 2 0 
932 37 34 11 7 3 0 0 930 38 32 12 6 6 0 0 943 48 15 9 8 1 0 0 
1018 6 0 0 0 0 0 0 1013 11 0 0 0 0 0 0 1022 2 0 0 0 0 0 0 
998 26 0 0 0 0 0 0 996 28 0 0 0 0 0 0 999 25 0 0 0 0 0 0 
985 39 0 0 0 0 0 0 981 43 0 0 0 0 0 0 985 39 0 0 0 0 0 0 
973 51 0 0 0 0 0 0 954 70 0 0 0 0 0 0 973 51 0 0 0 0 0 0 
116 380 380 72 14 19 17 26 92 395 375 97 18 25 18 4 373 428 181 38 4 0 0 0 
91 426 394 65 17 8 2 21 103 498 329 55 12 15 10 2 498 434 72 16 4 0 0 0 
64 285 348 133 31 35 24 104 52 318 336 149 41 32 68 28 429 371 162 56 6 0 0 0 
74 437 408 51 7 5 5 37 56 436 411 70 7 7 23 14 442 453 99 27 3 0 0 0 
132 537 244 79 21 0 2 9 106 489 290 103 25 3 3 5 487 396 99 40 2 0 0 0 
142 371 387 93 23 5 3 0 164 352 401 90 17 0 0 0 522 404 82 16 0 0 0 0 
25 316 304 61 59 92 157 10 255 452 284 30 3 0 0 0 555 411 54 4 0 0 0 0 
20 363 461 109 17 12 9 33 27 384 479 90 6 1 18 19 277 528 165 44 10 0 0 0 
31 285 465 116 33 32 53 9 92 305 509 98 13 6 1 0 296 560 134 26 5 3 0 0 
13 239 350 104 31 31 48 208 19 305 317 104 45 62 152 20 391 395 198 38 2 0 0 0 
6 168 431 161 51 27 27 153 14 188 402 203 47 45 93 32 263 439 241 76 5 0 0 0 
6 345 474 80 14 9 21 75 2 262 558 93 16 26 53 14 355 536 101 29 3 0 0 0 
13 384 422 67 22 18 31 67 9 292 509 90 35 22 56 11 298 524 165 36 1 0 0 0 
39 400 363 99 24 24 8 67 26 377 411 115 25 8 52 10 403 460 130 30 1 0 0 0 
26 408 343 38 21 24 29 135 31 400 374 52 24 26 104 13 397 437 150 37 3 0 0 0 
12 265 317 103 82 119 110 16 234 429 315 45 1 0 0 0 558 414 50 2 0 0 0 0 
3 289 513 95 32 32 42 18 52 282 565 123 2 0 0 0 285 573 159 7 0 0 0 0 
6 218 548 165 50 29 7 1 10 214 619 164 17 0 0 0 164 627 206 27 0 0 0 0 
7 213 362 181 93 98 54 16 128 373 379 120 20 3 1 0 492 375 119 29 5 4 0 0 
29 288 337 154 90 60 60 6 151 371 343 138 21 0 0 0 470 385 149 20 0 0 0 0 
10 336 358 115 62 66 65 12 66 346 451 117 26 6 6 6 437 449 100 15 6 10 3 4 
9 346 512 120 31 6 0 0 13 239 553 190 29 0 0 0 308 560 131 25 0 0 0 0 
84 319 273 155 62 41 63 27 84 287 297 217 72 24 22 21 317 350 146 72 74 28 19 18 
195 565 169 72 22 1 0 0 113 598 215 80 17 1 0 0 450 438 95 36 5 0 0 0 
133 418 374 83 10 4 2 0 92 294 442 173 17 4 2 0 324 519 157 19 3 2 0 0 
217 523 248 32 4 0 0 0 153 397 382 82 10 0 0 0 462 499 58 5 0 0 0 0 
256 537 201 30 0 0 0 0 184 451 335 54 0 0 0 0 354 550 94 26 0 0 0 0 
394 468 158 4 0 0 0 0 302 418 295 9 0 0 0 0 525 441 55 3 0 0 0 0 
143 724 157 0 0 0 0 0 64 614 338 8 0 0 0 0 486 499 39 0 0 0 0 0 
317 513 178 14 2 0 0 0 151 530 308 33 2 0 0 0 571 411 40 2 0 0 0 0 
628 212 159 25 0 0 0 0 599 177 179 68 1 0 0 0 701 244 76 3 0 0 0 0 
638 179 113 72 14 4 4 0 601 182 122 82 23 10 4 0 672 189 111 33 5 10 2 2 
1005 19 0 0 0 0 0 0 1001 23 0 0 0 0 0 0 1015 9 0 0 0 0 0 0 
884 134 6 0 0 0 0 0 808 203 13 0 0 0 0 0 913 110 1 0 0 0 0 0 
935 89 0 0 0 0 0 0 871 146 7 0 0 0 0 0 950 74 0 0 0 0 0 0 
954 70 0 0 0 0 0 0 919 105 0 0 0 0 0 0 954 70 0 0 0 0 0 0 
88 301 476 141 17 1 0 0 83 274 412 219 34 2 0 0 336 462 194 30 2 0 0 0 
21 362 498 109 11 7 4 12 34 380 444 136 16 3 8 3 407 472 127 15 3 0 0 0 
1 113 387 127 83 100 83 130 4 140 430 205 89 63 76 17 430 384 155 45 10 0 0 0 
2 106 380 142 46 68 93 187 2 149 388 263 116 50 45 11 421 416 128 44 13 2 0 0 
113 230 209 95 66 46 89 176 106 234 269 219 149 35 11 1 498 415 100 10 1 0 0 0 
6 154 211 184 107 129 111 122 11 209 410 247 100 40 7 0 462 435 113 14 0 0 0 0 
6 120 188 153 119 105 113 220 11 247 272 213 201 71 8 1 430 430 137 19 8 0 0 0 
7 256 296 109 120 111 87 38 173 463 277 72 27 11 1 0 615 360 47 2 0 0 0 0 
0 191 439 130 54 71 83 56 73 313 465 111 52 9 1 0 403 536 81 4 0 0 0 0 
1 210 476 190 56 30 50 11 27 298 489 173 33 3 1 0 344 504 144 32 0 0 0 0 
5 179 495 130 53 31 25 106 37 251 485 109 28 24 82 8 339 525 125 32 3 0 0 0 
58 403 313 64 26 47 69 44 81 542 295 50 18 14 17 7 561 379 68 15 1 0 0 0 
120 524 247 65 34 29 4 1 94 573 264 71 20 2 0 0 515 441 59 9 0 0 0 0 
153 423 202 88 34 26 30 68 163 391 256 113 59 19 22 1 544 373 86 20 1 0 0 0 
31 333 284 96 51 34 52 143 50 372 309 140 102 46 5 0 415 473 114 18 4 0 0 0 
68 198 163 150 110 141 121 73 305 352 212 82 41 24 8 0 593 318 93 19 1 0 0 0 
4 135 292 149 116 163 109 56 259 376 268 41 21 33 25 1 560 353 95 15 1 0 0 0 
11 155 313 207 89 102 124 23 139 258 328 210 70 12 6 1 352 397 216 50 8 1 0 0 
50 227 239 161 110 107 109 21 199 432 247 111 16 12 7 0 582 299 115 23 5 0 0 0 
15 169 308 243 128 89 59 13 65 284 368 224 66 11 3 3 319 417 203 55 19 5 6 0 
46 174 269 230 143 84 62 16 104 251 276 217 116 40 19 1 328 312 200 102 42 23 16 1 
157 270 201 151 179 60 6 0 233 203 209 190 144 45 0 0 422 230 126 130 111 5 0 0 
350 306 145 91 74 28 22 8 375 296 163 103 72 15 0 0 557 205 121 83 50 8 0 0 
128 308 377 116 59 24 7 5 114 250 398 157 73 30 2 0 299 360 218 79 49 19 0 0 
49 332 349 185 82 24 3 0 46 288 359 201 111 19 0 0 240 346 261 125 48 4 0 0 
44 138 231 201 150 108 73 79 174 287 349 178 28 6 2 0 268 402 189 97 48 19 1 0 
112 371 234 128 97 56 22 4 151 448 290 75 37 9 14 0 392 374 170 57 11 15 5 0 
235 586 189 14 0 0 0 0 174 557 284 9 0 0 0 0 444 496 78 6 0 0 0 0 
324 545 129 19 6 1 0 0 168 619 208 20 6 3 0 0 550 420 44 6 3 1 0 0 
232 551 191 28 16 6 0 0 162 634 180 42 6 0 0 0 568 398 52 6 0 0 0 0 
320 296 237 76 53 31 11 0 276 228 307 100 64 37 12 0 494 311 103 52 44 19 1 0 
262 283 331 107 30 10 1 0 229 181 362 189 43 18 2 0 367 390 192 49 20 6 0 0 
804 76 41 35 37 19 11 1 914 78 12 8 8 3 1 0 916 68 23 7 8 2 0 0 
967 57 0 0 0 0 0 0 934 90 0 0 0 0 0 0 985 39 0 0 0 0 0 0 
1022 2 0 0 0 0 0 0 1022 2 0 0 0 0 0 0 1022 2 0 0 0 0 0 0 
995 29 0 0 0 0 0 0 993 31 0 0 0 0 0 0 995 29 0 0 0 0 0 0 
10 236 475 154 51 28 26 44 5 188 467 235 87 33 8 1 271 491 189 57 16 0 0 0 
4 132 311 229 123 97 38 90 17 293 392 186 93 40 3 0 309 458 209 42 6 0 0 0 
15 105 189 153 147 143 145 127 24 235 360 268 80 36 19 2 521 369 111 22 1 0 0 0 
0 6 74 115 117 112 238 362 1 119 301 306 247 41 9 0 519 452 51 2 0 0 0 0 
3 32 91 142 117 108 167 364 15 188 259 237 196 110 18 1 563 361 89 11 0 0 0 0 
0 22 153 204 174 147 178 146 23 234 360 253 92 42 19 1 633 298 76 17 0 0 0 0 
0 8 99 191 169 142 154 261 7 97 319 286 230 75 10 0 492 420 104 8 0 0 0 0 
0 35 211 250 131 88 110 199 4 169 350 270 150 76 5 0 499 425 85 14 1 0 0 0 
2 83 193 161 136 113 125 211 3 136 356 239 184 89 16 1 440 396 121 42 21 4 0 0 
0 68 222 159 148 150 161 116 79 277 373 171 102 16 6 0 566 394 61 3 0 0 0 0 
0 146 300 167 103 80 88 140 33 237 379 215 112 29 18 1 417 461 116 30 0 0 0 0 
7 96 186 142 116 123 131 223 39 216 306 241 170 43 7 2 468 448 94 12 2 0 0 0 
48 158 145 53 57 97 188 278 63 229 258 271 138 54 10 1 535 396 81 12 0 0 0 0 
2 52 169 182 133 119 142 225 4 187 365 287 140 36 4 1 500 456 63 5 0 0 0 0 
3 47 141 116 130 133 132 322 7 139 328 238 185 95 30 2 441 449 117 17 0 0 0 0 
9 76 135 143 111 132 138 280 97 213 247 216 196 46 8 1 491 411 103 19 0 0 0 0 
31 208 269 109 54 63 98 192 43 280 363 166 107 42 18 5 478 443 84 15 4 0 0 0 
10 133 269 164 94 75 83 196 23 199 368 248 138 40 7 1 384 447 157 25 10 1 0 0 
30 281 394 189 58 30 15 27 65 307 388 178 55 19 9 3 418 405 153 38 10 0 0 0 
92 279 330 227 72 19 4 1 92 247 338 225 89 25 7 1 291 349 267 68 44 4 1 0 
71 260 434 182 56 17 4 0 70 254 408 209 63 20 0 0 213 381 296 94 36 4 0 0 
26 193 298 240 210 45 10 2 27 185 277 235 257 35 8 0 157 248 222 246 141 9 1 0 
137 257 180 195 173 72 9 1 153 304 218 175 141 33 0 0 352 259 180 161 71 1 0 0 
552 351 97 24 0 0 0 0 520 342 119 39 4 0 0 0 769 212 38 5 0 0 0 0 
306 273 225 136 78 6 0 0 340 257 180 131 107 9 0 0 505 224 139 126 29 1 0 0 
99 160 207 150 177 101 94 36 178 302 213 138 148 40 5 0 245 294 211 177 85 12 0 0 
31 135 201 247 238 109 50 13 74 271 247 179 171 81 1 0 255 287 243 139 77 23 0 0 
92 333 259 218 96 15 8 3 49 335 215 220 163 34 7 1 246 393 261 102 11 7 4 0 
28 294 278 270 99 41 14 0 67 246 274 208 185 39 5 0 197 391 270 141 17 6 2 0 
70 312 196 156 124 83 66 17 165 391 217 106 85 47 13 0 342 361 190 108 22 1 0 0 
85 324 389 164 53 8 1 0 71 183 435 225 84 24 2 0 287 453 215 57 10 2 0 0 
161 244 276 157 136 33 17 0 153 137 293 194 166 60 18 3 288 337 212 136 34 13 4 0 
651 118 117 83 55 0 0 0 644 96 78 119 69 18 0 0 708 173 81 59 3 0 0 0 
1021 1 1 0 1 0 0 0 1021 1 1 0 1 0 0 0 1021 1 1 0 1 0 0 0 
966 58 0 0 0 0 0 0 941 82 1 0 0 0 0 0 977 47 0 0 0 0 0 0 
1013 11 0 0 0 0 0 0 1013 11 0 0 0 0 0 0 1004 20 0 0 0 0 0 0 
3 71 217 127 133 161 181 131 200 231 324 156 75 24 14 0 587 320 96 18 3 0 0 0 
0 67 189 140 134 107 181 206 89 237 302 221 145 27 3 0 557 379 80 8 0 0 0 0 
6 72 139 123 152 217 219 96 14 218 400 269 91 22 9 1 623 334 59 8 0 0 0 0 
43 309 294 135 73 73 52 45 52 471 357 101 36 7 0 0 720 277 26 1 0 0 0 0 
15 109 226 175 162 137 119 81 14 249 383 241 102 25 10 0 581 331 77 28 3 4 0 0 
0 18 108 121 95 134 207 341 10 143 262 291 209 87 22 0 543 397 77 7 0 0 0 0 
1 27 90 103 121 156 232 294 3 132 254 318 238 67 12 0 491 430 87 14 2 0 0 0 
0 11 79 95 156 179 219 285 3 99 266 322 224 97 13 0 489 392 114 19 9 1 0 0 
0 27 64 77 76 110 242 428 2 90 243 338 257 73 20 1 488 430 96 10 0 0 0 0 
0 16 40 91 101 150 217 409 1 56 160 359 304 122 22 0 399 460 152 13 0 0 0 0 
0 23 143 193 158 135 148 224 2 113 309 323 224 50 3 0 486 431 92 12 3 0 0 0 
3 23 109 129 111 103 190 356 9 104 266 298 251 78 16 2 490 453 70 7 2 2 0 0 
0 2 30 77 85 83 205 542 0 44 173 304 365 114 19 5 450 482 76 15 1 0 0 0 
1 28 63 90 142 179 206 315 4 105 274 292 239 79 28 3 443 415 127 39 0 0 0 0 
0 154 316 106 45 67 90 246 1 159 412 188 180 69 15 0 404 497 111 12 0 0 0 0 
18 300 434 151 52 24 12 33 24 407 388 127 35 16 24 3 504 375 116 25 4 0 0 0 
45 175 400 255 94 50 4 1 46 214 451 249 52 12 0 0 340 475 164 38 7 0 0 0 
42 234 391 206 97 41 7 6 43 200 382 289 82 23 5 0 202 438 223 111 32 14 4 0 
37 247 388 203 79 49 13 8 51 342 397 188 34 6 6 0 307 445 195 62 15 0 0 0 
72 235 362 260 52 15 16 12 81 212 347 260 81 23 11 9 199 359 299 108 21 14 13 11 
42 123 298 351 174 19 4 13 44 111 243 354 223 36 1 12 108 221 372 249 49 8 5 12 
56 253 325 182 135 58 10 5 52 219 380 206 121 43 3 0 227 330 230 155 73 9 0 0 
5 181 402 230 180 26 0 0 113 207 364 199 113 28 0 0 381 386 151 83 23 0 0 0 
72 295 453 173 29 2 0 0 56 217 380 300 64 7 0 0 332 449 194 39 9 1 0 0 
268 230 220 172 123 11 0 0 266 202 197 202 133 23 1 0 397 188 183 180 73 3 0 0 
60 162 297 241 105 54 55 50 104 224 302 259 115 20 0 0 203 324 301 148 45 3 0 0 
7 105 331 270 177 89 23 22 15 69 232 368 218 84 17 21 82 279 273 192 127 38 20 13 
0 176 465 220 85 43 25 10 0 56 372 353 140 54 25 24 94 384 311 100 63 33 26 13 
4 62 411 284 148 73 36 6 2 10 254 396 198 104 45 15 27 348 318 154 102 53 17 5 
1 122 363 365 135 33 5 0 0 31 265 365 271 81 10 1 92 382 375 139 24 8 4 0 
1 107 349 331 181 36 16 3 0 35 243 357 272 91 15 11 85 309 398 148 54 20 10 0 
4 91 460 325 114 25 5 0 0 21 276 449 215 54 9 0 43 381 405 135 42 15 3 0 
6 113 396 383 118 8 0 0 4 19 286 401 268 43 3 0 81 355 427 144 15 2 0 0 
582 57 127 182 75 1 0 0 575 40 82 152 151 24 0 0 616 128 184 91 5 0 0 0 
1024 0 0 0 0 0 0 0 1024 0 0 0 0 0 0 0 1024 0 0 0 0 0 0 0 
1023 1 0 0 0 0 0 0 1023 1 0 0 0 0 0 0 1022 2 0 0 0 0 0 0 
76 559 304 55 26 4 0 0 89 598 299 37 1 0 0 0 613 366 45 0 0 0 0 0 
93 320 275 125 120 55 31 5 102 427 409 72 13 1 0 0 662 344 12 6 0 0 0 0 
54 346 230 82 86 124 83 19 140 500 291 66 17 8 1 1 746 248 26 3 1 0 0 0 
186 416 174 48 23 27 65 85 155 414 239 122 69 19 6 0 626 334 48 9 4 3 0 0 
66 309 318 185 46 13 27 60 52 288 339 240 77 28 0 0 456 396 126 36 10 0 0 0 
241 396 224 96 36 22 5 4 209 482 232 90 9 2 0 0 760 229 34 1 0 0 0 0 
85 310 230 102 63 83 83 68 90 407 317 144 41 16 8 1 699 284 36 3 1 1 0 0 
22 267 268 110 76 100 114 67 120 436 296 118 41 11 2 0 680 286 48 2 5 2 1 0 
78 491 338 67 27 16 5 2 74 460 404 67 11 7 1 0 638 342 26 9 6 3 0 0 
7 282 370 162 109 37 23 34 3 294 485 156 65 14 7 0 521 400 76 18 4 3 2 0 
20 137 237 191 137 86 99 117 30 186 296 278 171 49 14 0 444 386 176 16 2 0 0 0 
9 150 218 129 91 131 167 129 44 297 332 203 94 43 8 3 589 274 60 40 44 15 1 1 
16 161 275 196 137 74 84 81 32 247 469 190 55 20 10 1 618 341 47 10 1 4 2 1 
7 241 366 137 58 50 66 99 12 281 423 178 88 30 11 1 505 394 68 27 6 14 9 1 
7 161 313 198 117 71 48 109 1 152 386 295 142 40 8 0 340 458 201 23 2 0 0 0 
12 253 303 171 78 47 63 97 14 267 381 238 101 16 7 0 372 471 135 33 11 2 0 0 
24 146 319 185 111 81 65 93 16 191 423 218 88 52 23 13 271 416 198 65 37 15 12 10 
51 169 236 128 90 81 78 191 75 254 260 146 104 87 65 33 352 281 123 75 72 56 43 22 
42 229 269 112 55 47 64 206 50 258 281 122 72 77 87 77 246 359 121 73 68 45 58 54 
25 155 258 241 120 157 59 9 132 203 230 260 124 58 15 2 237 405 195 99 54 26 7 1 
6 61 259 292 166 141 86 13 91 115 237 269 188 84 36 4 63 347 293 177 84 46 13 1 
82 280 342 196 56 12 9 47 49 209 389 236 89 28 23 1 265 377 208 97 39 17 21 0 
5 118 267 205 139 116 96 78 1 111 348 352 142 47 17 6 129 378 303 125 58 20 10 1 
16 183 384 213 86 46 39 57 14 121 438 301 103 28 11 8 164 445 271 91 35 10 5 3 
9 116 371 299 138 12 14 65 3 72 324 341 199 37 26 22 70 368 286 177 64 29 20 10 
28 233 300 163 148 88 57 7 22 138 342 176 160 104 74 8 171 358 132 146 109 54 49 5 
28 368 367 127 78 42 14 0 16 222 410 209 96 49 19 3 163 416 251 93 60 31 10 0 
92 428 273 74 53 62 41 1 61 310 375 109 57 55 53 4 294 392 147 55 45 47 42 2 
10 230 360 234 96 52 37 5 4 126 347 283 148 66 35 15 176 372 222 116 62 45 26 5 
13 153 336 227 149 79 44 23 7 76 287 282 185 107 42 38 87 308 222 179 109 64 35 20 
25 351 413 151 48 20 13 3 3 145 485 260 91 19 16 5 188 540 208 44 16 22 5 1 
9 248 428 187 96 36 16 4 2 108 402 301 121 58 24 8 195 426 218 88 55 33 9 0 
10 235 465 256 57 1 0 0 1 86 363 404 149 21 0 0 165 467 322 69 1 0 0 0 
103 367 341 143 68 2 0 0 57 223 388 211 114 31 0 0 246 500 196 77 5 0 0 0 
524 415 57 28 0 0 0 0 438 447 94 41 4 0 0 0 700 310 14 0 0 0 0 0 
556 454 14 0 0 0 0 0 481 433 110 0 0 0 0 0 667 357 0 0 0 0 0 0 
321 453 171 48 27 4 0 0 282 433 220 51 29 9 0 0 637 298 59 25 5 0 0 0 
507 472 45 0 0 0 0 0 400 516 108 0 0 0 0 0 816 205 3 0 0 0 0 0 
273 424 216 54 16 23 10 8 229 443 279 53 18 2 0 0 718 280 22 4 0 0 0 0 
195 328 212 74 39 28 55 93 160 327 307 135 62 29 4 0 582 351 82 9 0 0 0 0 
235 444 197 58 22 11 19 38 186 392 285 104 43 14 0 0 547 373 79 22 3 0 0 0 
457 330 149 69 19 0 0 0 406 343 149 99 26 1 0 0 670 256 75 23 0 0 0 0 
275 269 188 95 83 68 26 20 368 399 180 46 19 9 3 0 704 227 47 28 13 5 0 0 
118 261 224 101 105 93 50 72 223 319 237 105 63 52 18 7 555 272 75 45 40 20 12 5 
10 62 120 149 151 153 196 183 19 147 281 280 157 73 59 8 274 282 208 104 70 38 38 10 
24 198 256 188 114 90 40 114 25 291 383 174 113 31 4 3 436 407 113 44 22 2 0 0 
27 75 234 249 155 94 90 100 51 184 406 186 111 54 27 5 376 324 158 81 49 19 12 5 
24 47 98 103 133 135 118 366 33 183 256 125 96 126 132 73 247 241 107 101 100 91 82 55 
116 308 273 159 84 54 14 16 125 337 370 124 42 18 2 6 514 385 77 31 9 6 2 0 
101 329 224 185 77 61 34 13 77 334 334 164 74 29 9 3 387 282 166 90 59 32 7 1 
23 376 357 160 57 28 10 13 3 324 431 183 66 8 3 6 399 425 150 36 6 6 2 0 
25 365 373 151 53 38 8 11 11 334 417 172 55 25 8 2 453 413 104 31 17 6 0 0 
20 353 404 161 50 17 11 8 15 336 479 132 37 16 4 5 508 390 89 22 9 2 4 0 
26 280 351 118 71 56 77 45 20 326 379 168 96 28 6 1 416 376 148 50 23 10 1 0 
3 19 90 156 183 172 173 228 13 119 294 247 182 121 34 14 231 265 186 177 102 41 16 6 
1 91 275 136 132 133 104 152 37 156 399 229 95 55 34 19 160 406 200 101 91 32 22 12 
5 165 435 177 117 63 39 23 0 125 407 227 132 74 30 29 149 461 135 105 102 30 34 8 
12 243 329 244 80 38 23 55 10 269 391 218 99 26 9 2 245 421 241 80 29 6 2 0 
3 157 325 169 102 80 83 105 5 226 422 225 71 37 29 9 296 424 171 72 31 23 3 4 
1 83 356 204 154 103 77 46 3 142 535 263 61 19 1 0 367 463 147 29 18 0 0 0 
27 134 230 195 99 71 84 184 16 149 333 220 139 101 60 6 298 312 137 113 66 59 35 4 
18 165 316 251 105 68 27 74 9 111 291 322 167 75 27 22 172 344 217 146 72 44 10 19 
75 339 332 163 61 35 17 2 39 221 386 216 86 53 19 4 222 421 217 82 48 22 12 0 
35 299 276 165 129 82 38 0 19 216 330 187 135 87 43 7 131 381 213 133 88 56 22 0 
13 251 467 202 70 19 2 0 5 93 480 294 118 26 8 0 106 494 267 110 37 9 1 0 
5 229 298 171 112 96 76 37 4 77 370 196 142 106 73 56 104 335 206 123 86 80 63 27 
53 410 321 166 37 13 10 14 4 299 396 191 91 17 10 16 318 415 172 71 21 9 14 4 
63 218 404 214 69 44 10 2 38 120 344 342 100 59 17 4 231 463 198 66 46 16 3 1 
55 252 340 230 106 36 5 0 22 163 318 308 160 42 11 0 224 342 268 142 39 9 0 0 
21 351 428 122 58 22 18 4 5 141 511 219 87 37 18 6 277 488 154 49 16 18 19 3 
6 229 401 329 59 0 0 0 1 149 400 368 104 2 0 0 254 499 249 21 1 0 0 0 
0 494 376 145 9 0 0 0 0 283 468 247 26 0 0 0 71 796 145 12 0 0 0 0 
278 486 182 64 10 4 0 0 205 440 286 70 18 5 0 0 595 331 72 20 5 1 0 0 
618 259 91 40 16 0 0 0 548 313 113 30 20 0 0 0 812 150 43 19 0 0 0 0 
472 364 156 29 3 0 0 0 379 379 211 52 3 0 0 0 686 281 49 5 3 0 0 0 
322 429 227 42 4 0 0 0 237 374 304 100 9 0 0 0 547 364 103 10 0 0 0 0 
221 211 167 95 50 47 64 169 227 216 229 125 109 77 37 4 365 270 153 86 59 68 18 5 
39 78 90 97 205 215 136 164 63 188 264 211 141 99 40 18 299 277 170 120 91 32 26 9 
40 85 77 195 187 183 126 131 63 226 329 198 135 44 21 8 383 278 184 109 35 17 15 3 
44 170 226 224 139 83 57 81 74 271 345 197 77 52 7 1 404 328 172 66 39 13 2 0 
18 101 173 203 169 143 93 124 28 188 352 217 125 64 43 7 333 332 155 85 47 36 25 11 
20 173 251 179 164 88 69 80 16 251 420 149 108 51 23 6 405 348 117 78 29 28 19 0 
24 128 267 232 146 142 55 30 44 199 425 227 82 33 13 1 343 314 192 92 39 33 9 2 
20 185 239 157 92 113 95 123 40 289 349 165 66 49 42 24 432 371 87 53 40 30 11 0 
26 149 287 223 152 70 51 66 38 280 355 169 80 46 28 28 395 328 144 67 35 20 19 16 
20 103 303 237 153 81 79 48 24 179 367 234 126 63 21 10 245 277 229 148 60 37 19 9 
23 176 230 240 160 84 50 61 12 234 360 238 96 52 22 10 340 410 152 74 30 11 7 0 
40 296 354 192 55 55 21 11 43 284 423 193 50 19 12 0 376 401 149 71 22 5 0 0 
18 227 378 238 93 45 21 4 16 283 426 204 57 31 6 1 256 381 241 72 43 21 8 2 
21 311 432 134 73 39 7 7 24 344 485 107 45 13 5 1 482 420 75 34 6 2 4 1 
11 212 300 177 134 74 49 67 21 344 378 146 66 37 26 6 375 409 119 48 39 20 12 2 
17 177 394 211 68 59 40 58 16 186 415 242 84 40 25 16 218 362 267 83 44 26 18 6 
15 169 422 243 103 44 21 7 6 161 433 307 86 20 8 3 266 406 243 79 19 7 4 0 
10 94 250 155 113 129 132 141 16 243 389 161 87 55 49 24 359 292 153 95 41 34 36 14 
41 256 379 145 64 56 40 43 56 361 400 142 44 18 3 0 373 450 149 39 12 1 0 0 
41 262 398 178 56 49 32 8 38 343 413 162 41 21 6 0 407 404 143 44 21 5 0 0 
3 64 297 296 187 94 44 39 7 141 492 287 73 18 6 0 348 479 151 20 15 9 2 0 
4 43 219 302 198 124 64 70 1 127 356 332 113 57 24 14 223 381 250 102 44 12 12 0 
5 88 363 379 157 31 1 0 0 48 277 452 170 68 9 0 57 357 383 160 62 5 0 0 
22 143 390 395 57 11 5 1 8 93 341 478 87 9 7 1 92 469 367 75 10 8 3 0 
0 153 485 284 66 22 14 0 0 45 403 431 100 27 17 1 150 527 234 66 26 16 5 0 
0 82 392 358 155 26 10 1 0 35 409 400 140 30 9 1 90 447 332 116 24 12 3 0 
2 67 199 234 275 188 57 2 0 41 153 317 328 167 18 0 92 417 362 124 24 5 0 0 
5 88 385 306 146 67 23 4 2 55 280 399 171 85 26 6 112 390 302 122 68 22 8 0 
0 164 433 268 129 19 11 0 0 78 423 301 179 31 11 1 124 442 269 158 18 9 4 0 
35 301 285 165 132 75 27 4 6 224 339 196 126 95 32 6 286 332 179 105 81 29 8 4 
5 42 181 623 159 14 0 0 1 27 104 413 446 31 2 0 53 204 590 173 4 0 0 0 
0 0 270 702 52 0 0 0 0 0 55 738 231 0 0 0 0 367 606 51 0 0 0 0 
149 421 179 82 58 54 72 9 176 524 204 51 24 30 15 0 548 347 62 35 17 15 0 0 
517 215 98 79 54 35 23 3 549 239 97 73 49 13 4 0 689 145 88 62 27 10 3 0 
231 285 119 91 70 98 102 28 314 353 141 65 52 51 37 11 500 250 85 48 46 49 36 10 
300 347 166 50 23 29 39 70 244 333 245 95 45 37 17 8 515 305 80 41 32 32 16 3 
83 158 211 208 124 53 45 142 117 318 290 100 44 58 72 25 438 277 87 53 40 62 49 18 
201 206 182 95 68 130 119 23 228 321 289 154 20 6 4 2 512 316 125 51 12 5 1 2 
49 128 142 115 97 130 142 221 51 213 252 211 161 85 34 17 263 315 201 102 92 39 8 4 
44 99 160 141 137 130 105 208 63 177 273 224 110 70 55 52 261 313 151 86 76 59 37 41 
64 204 239 145 123 113 70 66 74 218 356 166 94 73 24 19 388 319 146 86 40 24 11 10 
17 184 231 162 124 130 77 99 32 287 369 175 56 42 28 35 340 357 136 68 39 29 28 27 
15 146 211 214 123 68 66 181 17 182 346 225 106 73 53 22 254 322 170 120 65 45 40 8 
1 25 153 196 197 193 146 113 2 96 331 267 170 100 40 18 196 283 194 147 120 48 28 8 
29 208 334 140 118 41 60 94 37 283 367 150 112 50 20 5 446 314 155 52 32 11 11 3 
20 161 267 172 136 101 56 111 35 236 340 172 122 53 48 18 323 263 127 129 96 62 19 5 
7 116 193 176 119 132 96 185 20 185 272 223 173 83 40 28 255 281 190 91 94 63 26 24 
5 71 181 210 182 132 132 111 16 174 325 258 141 59 28 23 167 294 247 163 84 30 22 17 
9 95 250 266 204 93 65 42 11 169 312 267 148 69 37 11 143 232 217 194 118 68 37 15 
51 352 433 140 44 4 0 0 31 313 461 166 45 8 0 0 435 434 118 32 5 0 0 0 
32 204 408 223 58 47 35 17 22 203 490 204 64 23 16 2 289 477 163 51 25 12 7 0 
11 246 341 226 93 75 26 6 2 187 306 279 117 81 42 10 242 313 178 134 79 60 16 2 
27 160 356 343 87 20 29 2 12 114 317 343 173 32 24 9 229 495 158 79 24 19 20 0 
53 313 359 169 61 32 16 21 35 362 409 146 57 12 3 0 520 380 79 32 13 0 0 0 
8 146 258 154 139 122 115 82 15 242 388 220 107 32 17 3 383 363 161 80 20 11 6 0 
13 182 314 255 135 70 35 20 5 229 387 243 123 28 3 6 400 393 149 60 13 5 3 1 
37 217 328 164 110 57 29 82 28 224 352 202 119 55 29 15 339 377 156 73 31 25 10 13 
68 349 425 148 33 1 0 0 51 300 436 196 40 1 0 0 295 480 209 39 1 0 0 0 
42 261 403 249 65 4 0 0 23 221 406 285 75 14 0 0 206 465 253 71 24 5 0 0 
97 287 302 239 84 15 0 0 40 250 325 252 119 31 7 0 257 401 238 83 38 7 0 0 
82 350 333 195 50 14 0 0 42 290 406 212 50 23 1 0 313 468 168 44 27 4 0 0 
77 227 349 260 85 25 1 0 39 211 376 277 81 35 5 0 226 456 228 74 27 13 0 0 
1 99 233 261 264 155 11 0 1 52 234 353 282 94 8 0 198 502 274 34 12 4 0 0 
1 17 87 182 353 327 56 1 0 13 105 244 463 194 5 0 140 549 318 15 2 0 0 0 
18 334 306 275 68 13 4 6 7 250 371 206 164 15 6 5 305 375 260 59 11 7 6 1 
0 28 207 606 159 23 1 0 0 16 122 436 419 30 1 0 37 222 593 149 19 4 0 0 
0 1 261 672 89 1 0 0 0 0 72 680 265 7 0 0 4 382 575 62 1 0 0 0 
0 2 413 597 12 0 0 0 0 0 162 789 73 0 0 0 9 578 431 6 0 0 0 0 
537 272 133 64 14 4 0 0 482 305 139 69 24 4 1 0 692 242 59 26 1 4 0 0 
739 155 44 48 16 16 5 1 727 166 43 41 23 18 5 1 814 99 58 33 14 5 1 0 
204 263 267 152 68 42 23 5 256 344 221 146 46 11 0 0 453 285 151 100 34 1 0 0 
416 347 126 52 21 30 10 22 396 370 182 49 11 6 10 0 651 283 53 21 7 6 3 0 
295 372 254 71 17 3 4 8 271 391 302 41 6 7 5 1 628 330 49 7 4 3 2 1 
232 498 224 48 17 4 0 1 228 537 211 33 13 1 1 0 663 299 43 16 2 1 0 0 
131 201 207 194 95 77 38 81 163 278 241 146 83 74 32 7 421 298 123 80 47 35 12 8 
14 138 278 251 142 114 55 32 29 333 408 181 41 17 8 7 474 349 126 39 20 4 10 2 
14 139 179 119 162 137 106 168 43 233 295 198 97 69 51 38 327 257 182 108 54 25 43 28 
8 61 188 236 191 117 105 118 15 210 432 204 82 37 29 15 368 350 131 86 43 17 15 14 
5 100 242 163 151 120 87 156 17 269 345 180 125 60 22 6 352 280 183 104 55 31 13 6 
8 139 241 136 93 93 84 230 20 211 306 152 128 115 61 31 308 269 97 121 98 69 43 19 
61 277 448 215 23 0 0 0 50 257 463 231 23 0 0 0 399 511 107 7 0 0 0 0 
181 269 355 160 47 11 0 1 165 281 382 139 43 12 2 0 418 404 151 39 8 4 0 0 
36 175 262 218 141 106 51 35 31 253 423 178 66 33 28 12 306 409 160 48 41 31 21 8 
3 61 385 316 147 72 21 19 6 136 451 294 86 37 9 5 62 334 318 181 79 33 12 5 
11 35 269 349 199 60 39 62 13 66 357 359 117 41 35 36 142 263 227 200 100 39 21 32 
39 286 453 170 20 4 4 48 33 220 493 193 31 7 12 35 403 484 70 13 9 9 14 22 
35 183 441 215 59 26 15 50 31 157 415 299 53 28 27 14 264 547 118 35 22 20 14 4 
5 492 405 92 18 6 5 1 1 283 523 172 32 6 6 1 367 529 96 18 6 5 3 0 
41 245 392 195 104 35 10 2 30 188 365 247 130 47 13 4 337 407 183 57 26 12 2 0 
54 284 224 107 80 73 88 114 32 325 324 159 85 52 29 18 440 284 124 82 40 24 22 8 
51 237 281 144 88 82 64 77 43 247 378 216 88 40 10 2 421 314 161 75 31 19 1 2 
36 260 307 172 46 44 29 130 34 275 348 143 52 71 70 31 433 318 74 42 60 50 26 21 
96 195 379 198 84 49 11 12 81 218 407 212 57 26 19 4 410 402 136 42 18 10 5 1 
128 253 340 231 66 6 0 0 108 254 323 246 85 7 1 0 332 420 223 40 9 0 0 0 
262 361 265 101 34 1 0 0 225 348 305 97 40 9 0 0 477 375 120 33 17 2 0 0 
192 295 308 195 30 4 0 0 155 244 318 233 69 5 0 0 381 332 228 79 4 0 0 0 
273 285 252 175 31 7 1 0 221 281 262 187 55 14 4 0 439 350 173 42 15 4 1 0 
97 320 345 227 34 1 0 0 85 224 424 257 34 0 0 0 372 469 163 20 0 0 0 0 
46 337 438 168 35 0 0 0 22 245 483 204 67 3 0 0 370 483 129 41 1 0 0 0 
13 62 243 569 134 3 0 0 12 48 137 465 337 25 0 0 126 345 465 86 2 0 0 0 
0 0 83 836 105 0 0 0 0 0 14 629 381 0 0 0 1 205 755 63 0 0 0 0 
0 0 106 799 115 4 0 0 0 0 62 734 224 4 0 0 1 260 703 58 2 0 0 0 
0 0 199 736 89 0 0 0 0 0 121 775 128 0 0 0 4 473 507 40 0 0 0 0 
0 1 135 730 158 0 0 0 0 0 71 722 231 0 0 0 2 293 649 80 0 0 0 0 
193 184 223 147 93 88 53 43 176 220 242 123 110 85 31 37 292 229 148 95 108 81 35 36 
604 208 96 90 22 4 0 0 587 210 96 96 29 6 0 0 733 131 109 42 8 1 0 0 
288 166 313 196 44 15 2 0 287 155 331 182 44 20 5 0 411 317 194 76 20 6 0 0 
195 248 274 154 71 49 29 4 269 310 301 100 41 3 0 0 477 350 131 61 5 0 0 0 
75 279 346 133 73 63 37 18 103 342 371 108 63 19 11 7 450 352 98 42 42 27 8 5 
127 397 346 103 27 13 9 2 110 411 356 89 38 10 7 3 549 349 85 27 9 5 0 0 
81 406 342 177 13 5 0 0 72 379 350 185 34 4 0 0 534 366 119 1 4 0 0 0 
75 369 342 160 63 7 3 5 56 340 348 198 66 11 2 3 467 387 133 22 4 5 3 3 
129 393 308 101 52 33 8 0 121 438 300 82 48 29 6 0 572 334 64 31 22 1 0 0 
73 459 350 100 35 7 0 0 38 413 408 120 36 9 0 0 544 359 88 26 7 0 0 0 
52 370 341 178 62 14 4 3 34 379 389 145 58 19 0 0 601 307 82 30 4 0 0 0 
26 207 304 225 134 42 37 49 14 219 333 236 114 37 42 29 239 303 231 123 45 29 36 18 
27 210 529 173 44 20 11 10 30 180 493 235 52 12 13 9 353 482 118 33 18 7 8 5 
29 254 286 205 115 78 41 16 26 227 320 243 121 59 25 3 301 341 172 116 58 26 8 2 
36 112 215 291 198 89 39 44 30 133 243 263 203 75 47 30 151 209 254 187 105 48 39 31 
13 64 299 261 125 128 88 46 17 98 394 255 115 74 43 28 69 275 270 174 92 72 42 30 
0 16 110 229 163 169 182 155 1 73 303 313 172 100 38 24 49 188 308 213 149 68 29 20 
58 170 399 203 117 56 17 4 58 156 430 234 95 42 9 0 316 409 139 85 44 24 7 0 
77 434 403 96 8 3 3 0 53 358 455 139 15 1 3 0 537 395 80 8 4 0 0 0 
9 309 345 142 80 47 45 47 7 192 412 154 100 66 46 47 294 431 91 55 53 42 36 22 
16 89 278 280 260 62 31 8 11 55 260 257 270 128 32 11 174 434 210 100 72 26 7 1 
149 327 260 164 64 26 18 16 112 300 252 201 90 36 17 16 475 330 129 38 24 14 12 2 
183 454 259 74 20 19 14 1 96 412 332 111 37 18 17 1 583 331 67 24 18 1 0 0 
32 344 383 170 62 19 10 4 17 267 431 210 54 34 10 1 491 409 84 31 7 2 0 0 
26 172 294 301 160 59 10 2 14 144 262 328 195 58 20 3 276 367 269 77 29 6 0 0 
56 167 274 263 194 68 2 0 41 127 284 280 186 92 13 1 249 322 291 125 36 1 0 0 
178 319 330 136 55 5 1 0 153 269 352 172 64 14 0 0 382 429 166 35 12 0 0 0 
139 363 275 165 81 1 0 0 105 278 325 176 128 12 0 0 367 355 210 87 5 0 0 0 
160 169 213 344 134 3 1 0 116 186 171 246 296 8 1 0 306 278 336 100 2 2 0 0 
98 125 154 524 123 0 0 0 71 124 120 430 277 2 0 0 178 319 477 49 1 0 0 0 
0 12 60 652 229 29 27 15 0 9 25 552 386 27 25 0 19 309 614 82 0 0 0 0 
0 0 44 689 249 17 21 4 0 0 24 662 309 25 4 0 5 333 624 62 0 0 0 0 
0 3 51 507 317 93 42 11 0 0 36 495 399 78 13 3 4 304 579 131 6 0 0 0 
0 0 19 185 286 321 182 31 0 0 16 236 444 270 57 1 24 380 551 67 2 0 0 0 
0 0 72 619 193 61 64 15 0 0 52 575 293 72 32 0 13 317 606 84 4 0 0 0 
0 4 205 709 106 0 0 0 0 0 139 731 153 1 0 0 23 523 436 42 0 0 0 0 
24 156 177 161 204 154 92 56 28 180 194 184 216 113 65 44 97 178 145 145 198 140 76 45 
82 208 280 176 107 85 67 19 108 208 287 157 139 93 29 3 222 293 148 140 87 91 34 9 
47 271 458 154 72 17 3 2 44 290 462 147 62 14 3 2 415 352 166 61 23 3 2 2 
107 319 381 147 39 7 5 19 99 348 370 156 21 7 4 19 369 393 170 51 11 6 4 20 
163 319 199 93 75 67 52 56 169 296 235 107 87 50 34 46 414 248 76 59 82 59 39 47 
149 282 216 74 70 60 69 104 176 355 183 118 125 47 10 10 474 254 113 93 56 18 12 4 
98 293 351 159 73 46 4 0 82 324 360 142 79 33 4 0 467 353 140 52 11 1 0 0 
56 170 303 282 127 52 23 11 47 180 295 308 115 47 21 11 258 284 197 130 88 50 10 7 
100 335 287 143 86 42 22 9 76 364 330 151 54 29 17 3 442 300 148 77 28 14 11 4 
138 541 271 55 9 6 1 3 98 429 410 68 12 2 4 1 572 382 57 7 2 4 0 0 
74 460 323 91 49 15 9 3 55 376 389 119 52 26 6 1 533 361 81 33 6 6 2 2 
114 336 320 140 68 30 11 5 82 314 342 167 83 29 6 1 453 328 145 64 24 6 3 1 
157 489 258 70 33 17 0 0 92 450 327 99 32 23 1 0 490 388 95 34 16 1 0 0 
36 247 425 243 60 12 1 0 25 217 505 239 34 4 0 0 248 443 258 64 11 0 0 0 
8 86 246 256 186 132 72 38 15 116 304 262 159 105 47 16 79 223 233 193 151 83 44 18 
20 287 433 169 67 18 19 11 19 283 447 171 67 26 9 2 298 427 176 76 22 16 7 2 
11 42 247 340 181 98 53 52 11 78 274 357 151 63 49 41 48 220 237 249 116 71 41 42 
9 138 409 266 88 56 32 26 9 151 406 293 80 53 24 8 222 404 208 89 46 33 16 6 
139 341 394 140 8 2 0 0 108 294 370 211 40 1 0 0 418 413 164 27 2 0 0 0 
91 319 357 108 91 46 12 0 97 204 421 132 95 60 14 1 345 410 144 77 39 9 0 0 
5 116 269 243 274 71 34 12 2 78 252 240 303 94 34 21 188 409 239 99 51 26 12 0 
185 278 270 159 70 48 12 2 144 259 272 189 85 55 17 3 468 300 137 50 44 17 8 0 
244 203 252 174 85 56 10 0 212 203 220 207 107 59 16 0 425 279 198 86 32 4 0 0 
227 291 212 121 53 47 44 29 206 297 227 134 61 66 29 4 575 288 124 33 3 1 0 0 
25 159 143 165 128 175 156 73 28 150 160 189 226 199 61 11 315 400 229 61 12 5 2 0 
5 15 50 61 154 291 294 154 5 23 61 101 373 323 128 10 130 468 358 62 3 3 0 0 
0 8 61 148 232 199 244 132 1 10 48 163 370 295 131 6 57 324 474 163 6 0 0 0 
0 8 30 424 378 74 83 27 0 2 13 353 514 114 27 1 15 218 655 134 2 0 0 0 
0 0 20 390 389 97 82 46 0 1 16 388 460 105 51 3 9 197 672 143 3 0 0 0 
0 0 44 487 459 18 14 2 0 0 33 523 441 18 9 0 3 203 672 145 1 0 0 0 
0 0 32 346 391 180 70 5 0 0 16 392 466 139 11 0 8 240 627 148 1 0 0 0 
0 0 10 131 264 329 185 105 0 0 15 203 397 287 114 8 104 430 402 82 6 0 0 0 
0 0 20 172 262 259 233 78 0 0 33 249 369 279 91 3 102 435 422 64 1 0 0 0 
0 1 21 145 286 293 206 72 0 2 28 244 411 260 78 1 136 538 316 33 1 0 0 0 
0 0 140 338 143 221 162 20 0 0 117 405 246 212 42 2 106 622 270 25 1 0 0 0 
0 4 274 460 126 98 52 10 0 2 165 543 195 84 35 0 68 603 318 32 3 0 0 0 
240 297 170 152 124 37 3 1 144 327 208 165 134 44 2 0 419 220 139 132 91 22 1 0 
64 266 287 207 131 49 20 0 48 219 299 233 149 60 16 0 221 289 226 155 95 32 6 0 
26 324 295 214 131 21 10 3 17 219 389 244 118 31 5 1 296 318 197 145 50 13 3 2 
21 202 273 256 144 96 30 2 17 134 314 295 178 68 17 1 145 229 264 173 140 49 23 1 
60 167 200 226 159 104 49 59 61 152 219 241 167 94 49 41 178 210 153 183 114 88 60 38 
176 324 329 123 29 21 16 6 170 350 348 111 31 6 5 3 459 404 112 34 4 3 4 4 
192 337 268 137 62 25 3 0 179 310 259 173 66 32 5 0 482 328 141 60 13 0 0 0 
76 152 213 245 163 67 43 65 71 172 249 256 121 68 45 42 198 200 213 195 101 59 25 33 
64 156 306 247 125 70 39 17 65 165 380 235 107 40 22 10 186 305 281 145 62 27 11 7 
266 284 179 138 74 49 23 11 238 312 229 129 58 41 14 3 439 249 151 94 46 29 8 8 
98 277 215 219 120 66 20 9 67 310 343 181 77 35 5 6 282 298 205 133 59 33 8 6 
118 263 277 153 76 66 42 29 107 342 286 124 81 49 21 14 389 300 150 75 53 26 19 12 
94 334 313 153 89 32 7 2 76 357 330 147 86 21 7 0 479 362 141 36 6 0 0 0 
67 388 398 77 40 38 11 5 32 425 408 80 43 28 6 2 411 421 99 37 44 6 5 1 
56 198 301 247 107 54 38 23 60 209 344 213 102 45 36 15 249 347 217 106 40 26 29 10 
90 261 314 145 75 57 46 36 96 282 354 120 67 41 43 21 273 357 190 77 42 30 35 20 
143 286 284 205 64 38 4 0 133 275 310 203 76 27 0 0 325 360 203 81 38 15 2 0 
140 331 288 176 51 22 11 5 148 351 290 158 47 17 13 0 456 318 158 58 19 12 3 0 
171 376 345 107 21 3 1 0 137 362 303 200 19 2 1 0 500 383 129 8 3 1 0 0 
125 201 386 195 69 34 12 2 132 199 376 198 82 27 8 2 357 389 191 54 24 7 2 0 
60 200 226 216 175 61 44 42 56 206 230 223 180 88 14 27 317 358 201 111 7 15 15 0 
248 237 128 187 140 54 21 9 236 225 137 149 173 92 10 2 425 263 202 107 25 2 0 0 
64 84 276 236 189 82 61 32 57 60 226 278 249 116 36 2 172 398 323 121 10 0 0 0 
0 3 26 129 290 373 154 49 0 4 30 180 502 259 49 0 63 588 333 38 2 0 0 0 
0 1 10 23 216 415 265 94 0 1 14 126 444 345 93 1 120 518 339 44 3 0 0 0 
0 1 28 176 304 310 159 46 0 5 62 317 420 177 40 3 249 553 201 21 0 0 0 0 
1 25 54 197 307 258 138 44 0 25 46 267 454 189 43 0 87 494 385 58 0 0 0 0 
0 0 6 65 193 346 345 69 0 1 13 135 392 401 79 3 83 490 409 42 0 0 0 0 
0 0 0 20 110 398 376 120 0 0 6 48 363 479 127 1 51 488 437 47 1 0 0 0 
0 6 71 287 210 226 175 49 0 2 69 336 299 244 70 4 77 478 396 72 1 0 0 0 
0 0 42 166 267 279 187 83 0 0 49 248 392 254 76 5 124 561 295 42 2 0 0 0 
0 2 13 68 275 411 209 46 0 4 29 153 441 320 75 2 140 589 276 19 0 0 0 0 
0 1 23 178 325 311 154 32 0 3 33 229 437 263 54 5 108 521 370 24 1 0 0 0 
0 0 11 107 229 422 227 28 0 0 45 183 449 301 44 2 172 581 251 19 1 0 0 0 
0 0 48 148 300 284 174 70 0 0 62 255 428 197 77 5 141 529 305 49 0 0 0 0 
0 0 86 231 268 236 148 55 0 0 43 331 394 187 68 1 65 429 438 91 1 0 0 0 
246 412 183 88 65 29 1 0 153 446 212 89 75 47 2 0 448 311 107 74 53 30 1 0 
236 406 205 111 50 16 0 0 164 412 238 131 55 22 2 0 411 350 144 70 35 14 0 0 
80 607 260 72 5 0 0 0 47 458 394 108 17 0 0 0 553 359 88 24 0 0 0 0 
30 243 310 184 129 61 32 35 30 162 350 233 129 65 25 30 222 260 197 139 105 51 18 32 
82 110 165 206 179 126 92 64 96 120 213 236 155 112 68 24 148 138 171 191 157 123 66 30 
145 233 217 186 114 86 33 10 144 238 233 198 129 60 15 7 244 244 170 161 105 61 30 9 
304 269 166 124 85 50 15 11 295 296 159 119 100 41 14 0 473 275 133 69 41 24 8 1 
87 157 191 251 136 104 48 50 96 149 239 246 140 84 33 37 162 184 219 213 89 82 28 47 
35 127 291 289 150 61 23 48 39 147 380 236 117 46 19 40 103 229 332 182 88 35 19 36 
23 44 237 283 217 128 67 25 26 127 320 259 172 79 34 7 42 158 316 233 165 67 36 7 
0 53 264 294 210 126 31 46 12 120 370 264 149 66 24 19 26 210 340 236 125 51 15 21 
37 124 272 281 188 100 20 2 41 124 292 290 184 83 8 2 229 365 277 104 39 8 1 1 
71 265 319 187 120 49 12 1 65 291 334 171 114 42 7 0 400 362 150 98 13 1 0 0 
122 349 303 166 53 20 7 4 114 342 333 155 54 15 9 2 386 349 181 75 23 8 2 0 
64 232 318 225 123 45 13 4 54 258 321 254 97 28 11 1 286 374 235 77 29 15 8 0 
54 455 379 109 17 7 2 1 36 372 463 122 22 7 2 0 372 512 118 21 0 0 1 0 
48 186 241 163 76 79 84 147 44 156 270 170 92 121 125 46 225 331 262 118 25 22 13 28 
49 115 242 244 141 36 76 121 55 107 228 213 196 105 104 16 163 319 366 161 14 1 0 0 
25 150 211 246 134 83 112 63 23 148 170 222 232 143 78 8 158 367 354 112 21 7 4 1 
3 6 33 204 204 192 234 148 3 6 17 130 347 340 174 7 12 238 548 204 19 3 0 0 
0 0 16 223 325 221 117 122 0 0 13 230 480 185 110 6 27 311 490 187 9 0 0 0 
0 0 11 298 406 183 97 29 0 0 18 325 509 136 36 0 9 268 579 162 6 0 0 0 
0 3 20 83 328 322 200 68 0 7 23 171 491 267 63 2 57 427 473 65 2 0 0 0 
0 0 29 268 423 236 66 2 0 2 57 441 417 103 4 0 253 643 125 3 0 0 0 0 
0 40 132 282 276 179 98 17 2 44 186 367 280 121 24 0 375 501 139 9 0 0 0 0 
2 64 177 311 252 152 54 12 0 74 223 369 253 93 12 0 310 500 190 24 0 0 0 0 
0 33 118 351 271 195 47 9 0 23 121 452 319 94 15 0 144 596 260 24 0 0 0 0 
0 1 14 113 298 423 157 18 0 1 29 215 504 243 32 0 124 625 260 15 0 0 0 0 
0 2 14 131 227 316 262 72 0 3 67 218 354 293 88 1 170 510 322 22 0 0 0 0 
1 43 104 200 258 277 116 25 1 65 131 292 340 149 46 0 264 521 200 35 4 0 0 0 
0 11 40 111 181 281 282 118 0 16 51 182 363 287 124 1 141 531 316 36 0 0 0 0 
5 68 218 265 247 164 32 25 3 72 244 291 265 118 31 0 313 447 208 51 5 0 0 0 
10 164 451 232 130 32 5 0 3 157 423 287 122 30 2 0 372 398 186 62 6 0 0 0 
23 227 272 230 211 56 5 0 7 233 271 253 223 36 1 0 343 419 155 84 23 0 0 0 
1 57 403 395 129 38 1 0 0 43 373 424 134 48 2 0 222 469 244 76 13 0 0 0 
0 15 202 293 291 167 52 4 0 10 186 352 353 110 12 1 167 489 315 53 0 0 0 0 
197 398 214 134 60 20 1 0 137 421 261 129 52 22 2 0 431 377 142 46 24 4 0 0 
169 268 174 182 186 45 0 0 136 257 197 168 183 83 0 0 294 251 144 164 143 28 0 0 
95 531 242 110 32 12 2 0 36 493 317 113 49 14 2 0 438 374 124 61 17 10 0 0 
50 306 307 239 80 19 10 13 66 248 363 207 92 23 15 10 294 304 229 131 31 18 10 7 
8 207 226 234 181 73 44 51 0 171 296 228 179 79 27 44 181 202 178 203 135 45 32 48 
37 99 176 206 229 183 57 37 43 99 223 213 223 158 42 23 100 132 178 184 202 159 43 26 
49 230 245 191 147 90 46 26 48 263 278 186 129 78 33 9 140 311 184 191 86 68 34 10 
19 138 227 239 147 98 88 68 23 161 281 240 135 80 55 49 80 249 194 188 131 83 52 47 
39 128 240 168 155 133 82 79 49 184 262 175 176 70 55 53 86 225 193 168 157 84 52 59 
7 105 268 216 190 97 73 68 11 160 293 235 133 77 72 43 49 223 250 203 126 70 63 40 
39 235 366 161 105 63 33 22 59 268 354 147 98 56 23 19 157 356 237 113 72 57 14 18 
115 273 313 227 68 25 3 0 97 262 308 243 91 20 3 0 330 357 231 79 20 7 0 0 
93 214 218 264 140 43 35 17 80 223 204 241 191 45 33 7 276 272 298 85 36 31 25 1 
23 151 234 398 196 3 6 13 14 120 245 337 283 7 6 12 176 322 448 57 3 9 9 0 
7 53 193 524 243 4 0 0 4 29 144 458 378 11 0 0 45 278 580 120 1 0 0 0 
0 22 89 383 317 113 82 18 0 12 45 337 444 139 47 0 26 254 608 133 3 0 0 0 
0 0 2 24 156 275 325 242 0 0 4 73 313 397 221 16 59 444 449 72 0 0 0 0 
0 0 0 6 55 216 383 364 0 0 0 36 241 447 291 9 61 433 454 76 0 0 0 0 
0 0 13 139 214 184 252 222 0 0 13 172 321 303 208 7 43 358 512 106 5 0 0 0 
0 0 2 122 312 390 138 60 0 0 2 178 474 294 71 5 17 417 478 104 8 0 0 0 
0 1 12 129 339 335 171 37 0 2 23 233 415 275 74 2 40 397 470 114 3 0 0 0 
0 0 22 146 285 292 201 78 0 0 43 314 396 190 72 9 104 475 341 99 5 0 0 0 
0 15 106 281 322 175 91 34 1 23 149 388 321 117 20 5 232 530 237 23 2 0 0 0 
0 18 189 341 260 157 56 3 0 29 260 409 239 72 15 0 354 492 154 24 0 0 0 0 
6 38 239 324 196 111 59 51 8 62 310 302 184 99 53 6 434 403 154 32 1 0 0 0 
1 73 220 220 172 163 127 48 2 97 249 243 193 166 71 3 366 428 181 48 1 0 0 0 
0 17 135 291 297 165 91 28 1 26 157 386 303 118 33 0 232 526 238 27 1 0 0 0 
0 29 250 322 221 169 30 3 0 32 285 398 235 70 4 0 272 559 181 12 0 0 0 0 
0 39 156 188 281 242 105 13 0 26 172 286 362 160 18 0 200 542 244 33 5 0 0 0 
0 32 136 326 232 173 105 20 2 59 218 308 266 137 33 1 316 423 249 36 0 0 0 0 
0 2 31 85 216 401 231 58 0 4 45 186 420 307 59 3 181 549 274 17 3 0 0 0 
20 128 266 208 137 111 112 42 10 132 285 213 173 154 56 1 295 406 266 56 1 0 0 0 
59 298 340 107 92 69 48 11 44 296 347 127 106 85 17 2 439 374 132 62 16 1 0 0 
52 208 191 160 101 139 118 55 22 212 195 170 165 194 65 1 342 287 206 146 39 4 0 0 
15 154 233 202 109 116 143 52 12 114 254 225 186 165 66 2 264 462 255 42 1 0 0 0 
1 53 64 171 251 206 209 69 1 43 73 187 309 305 104 2 91 335 449 136 13 0 0 0 
179 374 371 69 30 1 0 0 148 255 439 133 43 6 0 0 446 439 118 21 0 0 0 0 
431 388 113 56 33 2 1 0 367 415 137 57 32 15 1 0 643 255 81 32 11 2 0 0 
207 584 184 36 11 2 0 0 167 558 239 41 18 1 0 0 601 340 67 13 3 0 0 0 
33 319 350 164 86 50 18 4 64 428 281 137 75 29 7 3 198 440 167 121 61 27 10 0 
1 94 302 293 178 68 51 37 6 144 346 257 146 55 40 30 34 225 325 231 99 40 36 34 
0 49 155 184 199 193 152 92 3 51 166 219 267 199 94 25 52 270 286 207 99 60 27 23 
17 76 89 173 189 202 174 104 24 90 144 171 223 230 110 32 57 157 334 241 137 56 24 18 
2 52 157 263 309 133 59 49 9 89 153 282 304 113 46 28 33 161 288 288 129 61 46 18 
14 67 191 416 221 74 31 10 16 85 162 375 292 68 24 2 49 213 386 230 86 43 17 0 
18 146 227 469 135 19 7 3 17 150 163 420 238 30 4 2 108 354 405 121 22 11 1 2 
15 68 148 587 191 9 2 4 18 51 113 452 358 26 2 4 60 236 597 110 15 2 4 0 
0 2 80 617 306 16 3 0 0 2 39 459 495 27 2 0 3 221 645 136 15 4 0 0 
0 1 85 663 262 13 0 0 0 0 18 542 442 22 0 0 5 229 676 111 3 0 0 0 
0 3 139 479 156 122 99 26 0 0 61 474 276 155 55 3 21 327 573 100 3 0 0 0 
0 3 135 596 194 52 33 11 0 1 71 566 314 49 22 1 15 361 545 96 7 0 0 0 
0 0 66 259 181 177 237 104 0 0 38 274 289 305 114 4 16 295 571 141 1 0 0 0 
0 7 36 121 357 202 159 142 0 4 40 260 372 216 122 10 118 484 365 57 0 0 0 0 
0 6 68 177 367 276 98 32 0 5 77 358 432 121 30 1 164 603 234 23 0 0 0 0 
0 8 32 160 377 211 123 113 0 3 39 259 450 188 83 2 104 517 350 53 0 0 0 0 
0 8 69 284 374 204 66 19 0 2 65 317 436 177 26 1 67 480 413 63 1 0 0 0 
0 2 13 120 394 326 126 43 0 2 32 269 443 224 48 6 120 550 300 54 0 0 0 0 
0 2 50 252 284 231 136 69 0 10 99 335 296 192 91 1 234 439 298 53 0 0 0 0 
1 44 144 306 307 136 49 37 2 49 256 398 203 72 40 4 308 462 213 40 1 0 0 0 
1 47 147 192 266 238 110 23 3 53 192 240 330 172 32 2 258 438 304 21 3 0 0 0 
0 0 2 33 149 378 327 135 0 0 10 74 353 437 144 6 71 518 394 41 0 0 0 0 
0 10 96 187 227 279 164 61 1 24 134 216 333 237 78 1 210 461 318 35 0 0 0 0 
1 89 417 261 195 58 3 0 1 86 411 271 203 52 0 0 266 466 165 91 36 0 0 0 
1 234 374 266 116 23 10 0 0 189 382 352 86 14 1 0 301 533 167 22 1 0 0 0 
4 74 228 333 260 101 20 4 1 60 211 404 273 68 7 0 222 478 269 51 4 0 0 0 
0 24 221 366 230 120 57 6 0 14 215 390 290 99 15 1 186 469 285 80 4 0 0 0 
0 6 15 118 365 340 163 17 0 2 24 275 442 250 31 0 161 560 271 31 1 0 0 0 
0 59 177 251 261 172 77 27 0 39 224 348 275 117 21 0 287 485 225 27 0 0 0 0 
0 47 150 222 220 183 160 42 0 46 174 248 295 207 53 1 214 439 297 70 4 0 0 0 
0 1 10 67 271 315 263 97 0 3 28 215 395 283 95 5 176 545 270 32 1 0 0 0 
0 3 23 105 205 272 287 129 0 0 29 151 339 376 126 3 99 490 366 66 3 0 0 0 
0 17 90 153 292 320 131 21 0 17 112 231 380 255 29 0 209 505 275 30 5 0 0 0 
168 543 210 59 40 4 0 0 126 445 315 74 48 16 0 0 519 385 87 32 1 0 0 0 
282 416 177 78 55 11 5 0 211 435 186 93 67 27 5 0 544 288 108 52 27 5 0 0 
105 359 276 213 71 0 0 0 107 296 280 196 136 9 0 0 353 328 264 65 14 0 0 0 
81 213 256 263 130 43 30 8 82 231 206 254 180 54 17 0 214 366 322 107 13 2 0 0 
2 46 290 463 127 46 31 19 2 33 202 495 209 59 18 6 34 381 451 123 22 8 5 0 
0 7 120 498 270 124 5 0 0 1 56 513 392 62 0 0 17 518 447 42 0 0 0 0 
0 0 19 135 285 294 217 74 0 0 13 166 444 305 96 0 42 401 491 90 0 0 0 0 
0 3 109 357 179 186 154 36 0 3 61 389 278 220 70 3 26 404 476 95 22 1 0 0 
0 4 321 619 80 0 0 0 0 1 170 694 159 0 0 0 8 464 523 29 0 0 0 0 
1 5 362 545 109 2 0 0 1 2 216 613 186 6 0 0 28 487 443 65 1 0 0 0 
0 8 337 484 119 48 16 12 0 3 242 584 135 39 20 1 65 561 358 38 2 0 0 0 
0 3 176 450 137 116 106 36 0 2 121 481 225 142 52 1 52 494 424 52 2 0 0 0 
0 0 16 166 196 315 257 74 0 0 25 244 377 294 81 3 73 471 394 86 0 0 0 0 
0 1 63 163 124 279 297 97 0 0 42 214 340 333 92 3 46 533 397 45 3 0 0 0 
0 0 8 25 72 303 435 181 0 0 5 49 330 493 147 0 29 519 431 45 0 0 0 0 
0 0 7 8 55 285 470 199 0 1 9 36 309 508 159 2 57 492 450 25 0 0 0 0 
0 0 11 143 111 227 334 198 0 1 29 178 238 379 197 2 100 446 424 53 1 0 0 0 
0 30 195 310 223 160 74 32 0 23 201 404 249 106 40 1 264 488 243 29 0 0 0 0 
1 34 127 150 208 226 211 67 0 27 148 200 280 255 108 6 195 422 319 85 3 0 0 0 
0 10 68 189 276 250 178 53 0 9 76 221 346 294 73 5 109 405 369 123 18 0 0 0 
0 1 34 133 226 290 231 109 0 7 78 188 346 290 109 6 161 478 299 69 17 0 0 0 
0 1 12 44 169 311 296 191 0 3 22 85 311 410 190 3 67 354 469 126 8 0 0 0 
0 47 53 82 170 215 263 194 1 54 80 104 238 334 204 9 158 325 429 111 1 0 0 0 
0 44 122 181 266 225 149 37 1 68 121 238 315 231 50 0 222 406 322 73 1 0 0 0 
0 22 66 204 405 268 54 5 2 25 76 319 454 136 12 0 169 588 247 19 1 0 0 0 
13 132 317 253 170 86 33 20 18 153 322 241 191 83 15 1 283 371 232 118 20 0 0 0 
11 236 419 176 95 21 17 49 12 231 415 171 103 49 41 2 382 360 172 99 11 0 0 0 
32 180 384 264 134 29 1 0 26 157 342 312 157 29 1 0 247 413 220 115 29 0 0 0 
194 386 313 94 32 5 0 0 153 381 339 105 38 8 0 0 519 370 105 29 1 0 0 0 
28 56 182 278 244 148 73 15 23 68 211 325 262 113 21 1 327 460 220 17 0 0 0 0 
0 5 28 96 275 303 216 101 0 6 45 203 418 274 78 0 136 571 289 28 0 0 0 0 
0 1 27 100 292 400 176 28 0 3 29 184 482 292 34 0 123 527 299 58 17 0 0 0 
0 11 80 122 270 367 127 47 0 18 73 162 320 282 167 2 163 374 217 83 152 35 0 0 
0 5 38 132 297 325 187 40 0 6 46 211 378 297 85 1 181 466 293 42 21 21 0 0 
0 1 4 48 154 371 361 85 0 1 9 98 373 428 113 2 98 496 368 61 1 0 0 0 
0 15 34 75 233 305 264 98 0 16 45 153 352 327 130 1 128 502 343 51 0 0 0 0 
10 130 304 518 51 11 0 0 5 78 195 538 192 15 1 0 127 385 462 43 7 0 0 0 
1 211 217 493 87 7 8 0 0 156 138 481 236 11 2 0 192 330 456 46 0 0 0 0 
0 12 262 597 108 22 23 0 0 1 112 665 205 32 9 0 17 420 538 49 0 0 0 0 
0 0 9 65 176 408 313 53 0 0 6 88 396 449 85 0 32 519 447 26 0 0 0 0 
0 0 77 181 164 204 280 118 0 1 44 239 275 304 158 3 40 481 442 58 3 0 0 0 
0 0 164 380 239 165 63 13 0 1 112 532 272 97 10 0 129 522 341 32 0 0 0 0 
0 0 32 199 301 309 145 38 0 0 49 317 401 217 40 0 143 556 280 44 1 0 0 0 
0 0 31 183 267 281 202 60 0 0 35 226 382 295 85 1 98 455 400 60 11 0 0 0 
0 3 35 99 205 303 245 134 0 2 40 137 351 339 153 2 64 448 422 89 1 0 0 0 
0 1 57 104 60 231 337 234 0 0 27 132 218 393 245 9 31 407 512 73 1 0 0 0 
0 1 15 59 144 244 355 206 0 1 19 116 268 387 225 8 89 390 464 78 3 0 0 0 
0 0 0 35 117 386 330 156 0 0 12 117 404 367 121 3 99 534 362 29 0 0 0 0 
0 1 10 100 294 352 202 65 0 3 49 301 425 195 50 1 215 587 203 19 0 0 0 0 
0 0 0 61 299 428 209 27 0 0 20 204 522 248 28 2 134 679 198 13 0 0 0 0 
0 16 52 110 305 351 164 26 0 21 65 242 441 233 22 0 134 644 244 2 0 0 0 0 
0 13 54 121 236 315 213 72 0 9 56 205 399 278 77 0 129 518 349 28 0 0 0 0 
0 26 84 59 167 336 264 88 0 40 77 104 359 348 96 0 130 462 393 39 0 0 0 0 
0 1 13 67 259 405 245 34 0 2 24 184 400 337 76 1 159 512 314 39 0 0 0 0 
0 0 32 115 273 365 202 37 0 2 23 154 428 347 65 5 89 511 388 36 0 0 0 0 
0 5 78 192 285 302 141 21 0 3 110 236 389 239 46 1 195 487 293 48 1 0 0 0 
0 21 73 148 290 284 171 37 1 21 91 243 383 233 52 0 165 534 307 18 0 0 0 0 
0 0 15 174 403 309 99 24 0 0 23 358 453 158 31 1 183 577 224 39 1 0 0 0 
0 12 52 185 305 248 167 55 0 17 76 303 379 204 45 0 187 549 274 14 0 0 0 0 
0 0 0 115 238 345 274 52 0 0 4 167 410 371 72 0 100 560 318 39 7 0 0 0 
0 9 80 213 274 251 153 44 0 11 103 252 344 244 67 3 121 413 375 105 10 0 0 0 
0 35 41 75 135 272 318 148 1 37 55 109 279 379 159 5 126 402 404 90 2 0 0 0 
0 4 9 22 111 251 396 231 0 4 14 58 268 442 232 6 65 369 515 74 1 0 0 0 
3 67 99 195 346 159 116 39 4 41 98 170 353 284 72 2 96 149 395 361 23 0 0 0 
19 169 273 204 178 137 42 2 13 147 282 208 172 149 51 2 289 308 225 140 60 2 0 0 
5 97 197 235 226 173 72 19 11 115 238 308 217 108 24 3 390 441 164 28 1 0 0 0 
3 16 137 186 213 226 179 64 4 29 178 246 268 229 68 2 320 473 214 17 0 0 0 0 
0 10 41 172 297 301 177 26 0 14 82 256 326 281 65 0 210 459 290 59 6 0 0 0 
0 10 73 169 273 272 184 43 0 9 108 248 344 235 79 1 212 436 298 75 3 0 0 0 
0 6 39 149 279 343 177 31 0 5 42 183 338 353 101 2 115 363 369 155 22 0 0 0 
0 6 48 203 302 227 190 48 0 18 67 290 326 253 67 3 215 474 283 52 0 0 0 0 
0 10 70 214 317 251 147 15 0 16 99 331 321 207 50 0 244 464 270 45 1 0 0 0 
0 101 345 382 143 47 6 0 0 40 293 456 189 40 6 0 123 470 346 66 18 1 0 0 
0 163 103 142 236 234 116 30 0 111 155 180 305 208 64 1 270 428 279 47 0 0 0 0 
0 0 50 155 184 339 257 39 0 0 46 214 344 347 72 1 76 493 400 54 1 0 0 0 
0 1 145 293 341 210 30 4 0 0 110 434 391 79 10 0 191 683 141 9 0 0 0 0 
0 0 13 206 375 253 169 8 0 0 40 314 409 235 26 0 223 565 234 2 0 0 0 0 
0 12 123 381 341 126 34 7 0 14 210 494 248 49 9 0 361 543 119 1 0 0 0 0 
0 39 137 300 325 160 49 14 0 47 168 455 259 76 18 1 309 521 173 20 1 0 0 0 
6 51 166 376 270 114 33 8 5 40 218 465 230 58 8 0 240 573 179 31 1 0 0 0 
0 24 222 187 239 232 82 38 0 19 219 245 332 168 41 0 244 438 308 34 0 0 0 0 
0 5 72 209 306 260 137 35 0 6 85 269 383 229 51 1 148 512 323 40 1 0 0 0 
0 0 3 64 273 371 256 57 0 0 11 150 430 347 83 3 105 567 326 26 0 0 0 0 
0 1 12 133 232 323 263 60 0 18 112 238 314 277 62 3 196 517 286 25 0 0 0 0 
0 1 52 142 250 268 240 71 0 13 101 224 326 261 97 2 164 431 369 60 0 0 0 0 
0 10 108 366 425 96 9 10 0 8 146 535 294 29 12 0 318 598 99 9 0 0 0 0 
0 26 68 214 424 218 69 5 0 28 108 406 392 82 8 0 307 624 88 5 0 0 0 0 
0 3 12 64 217 373 282 73 0 5 26 157 437 326 73 0 137 621 256 10 0 0 0 0 
0 0 23 79 191 403 273 55 0 0 30 120 395 391 88 0 100 536 364 24 0 0 0 0 
0 2 32 102 280 350 181 77 0 6 30 170 385 305 128 0 103 469 390 62 0 0 0 0 
0 0 9 72 167 366 301 109 0 0 8 91 374 403 148 0 50 454 471 49 0 0 0 0 
0 70 214 265 196 125 108 46 0 69 219 284 226 154 71 1 253 444 274 51 2 0 0 0 
14 212 421 265 98 14 0 0 9 162 424 337 82 10 0 0 447 460 112 5 0 0 0 0 
3 56 187 353 227 113 70 15 0 51 246 404 214 83 26 0 353 461 191 19 0 0 0 0 
12 134 245 287 159 116 52 19 11 142 304 303 160 83 21 0 448 415 146 15 0 0 0 0 
0 59 220 352 277 85 22 9 0 43 234 348 308 75 15 1 254 428 287 55 0 0 0 0 
0 10 41 196 319 266 150 42 0 11 52 258 416 229 58 0 123 449 366 84 2 0 0 0 
0 62 85 117 240 279 192 49 0 59 109 179 343 272 62 0 182 511 306 25 0 0 0 0 
0 29 138 212 308 248 77 12 0 35 154 291 362 169 13 0 254 539 178 37 16 0 0 0 
0 25 38 142 227 276 212 104 1 31 87 198 324 272 109 2 207 427 327 63 0 0 0 0 
0 40 130 172 225 257 158 42 0 48 152 188 243 217 175 1 187 257 269 189 121 1 0 0 
31 126 162 156 176 190 146 37 42 111 200 217 184 199 69 2 363 360 226 67 8 0 0 0 
1 42 116 268 206 242 130 19 4 51 170 315 272 174 38 0 294 506 210 14 0 0 0 0 
0 3 42 196 293 261 190 39 0 5 61 286 359 250 63 0 188 514 289 33 0 0 0 0 
1 8 54 201 250 294 197 19 1 16 94 259 320 274 60 0 226 498 273 27 0 0 0 0 
0 7 92 336 264 195 112 18 0 10 103 360 336 177 38 0 218 402 346 57 1 0 0 0 
1 33 284 453 134 66 47 6 1 40 165 535 190 75 18 0 120 502 348 48 6 0 0 0 
0 7 382 411 128 73 23 0 0 0 161 611 185 62 5 0 50 622 338 14 0 0 0 0 
0 74 160 178 139 199 221 53 0 54 147 226 222 270 92 13 145 440 377 47 10 5 0 0 
0 144 83 146 206 259 153 33 0 90 139 184 343 220 48 0 245 477 278 24 0 0 0 0 
0 0 12 164 346 356 134 12 0 0 25 283 453 228 35 0 155 594 260 15 0 0 0 0 
0 34 155 431 312 77 12 3 0 34 205 512 229 37 7 0 341 572 106 5 0 0 0 0 
0 1 26 154 245 291 255 52 0 1 52 218 329 317 107 0 168 560 283 13 0 0 0 0 
0 5 25 110 161 299 335 89 0 15 31 177 282 378 140 1 151 478 370 25 0 0 0 0 
2 11 30 77 145 299 364 96 5 15 38 136 310 381 138 1 116 471 395 41 1 0 0 0 
3 82 130 222 224 184 143 36 3 69 172 255 266 184 75 0 249 438 287 50 0 0 0 0 
0 59 283 194 138 158 144 48 0 36 243 272 211 187 74 1 186 441 330 67 0 0 0 0 
0 12 33 58 307 438 168 8 0 16 33 117 508 323 27 0 97 542 341 44 0 0 0 0 
0 3 37 223 393 282 78 8 0 5 76 376 414 144 9 0 163 623 219 19 0 0 0 0 
0 13 153 256 334 214 51 3 0 36 190 365 326 103 4 0 219 585 210 10 0 0 0 0 
0 11 84 380 296 189 59 5 0 16 157 426 307 108 10 0 234 496 236 56 2 0 0 0 
72 313 354 175 92 15 2 1 60 296 404 183 75 5 1 0 631 316 61 16 0 0 0 0 
180 534 266 34 10 0 0 0 123 490 369 39 3 0 0 0 835 185 4 0 0 0 0 0 
177 261 194 206 131 50 5 0 153 272 241 225 117 14 2 0 589 360 73 2 0 0 0 0 
0 15 89 263 358 249 49 1 0 15 89 275 440 189 16 0 116 510 356 42 0 0 0 0 
0 39 160 267 217 172 126 43 0 21 141 257 326 211 67 1 107 404 441 72 0 0 0 0 
0 2 66 247 335 256 99 19 0 2 64 297 427 195 39 0 143 558 291 32 0 0 0 0 
0 20 96 283 344 192 83 6 1 18 104 325 388 149 39 0 206 553 248 17 0 0 0 0 
4 117 216 221 147 188 96 35 7 118 233 230 215 161 56 4 361 415 211 36 1 0 0 0 
0 10 100 237 269 217 154 37 0 28 145 327 285 184 53 2 318 463 222 19 2 0 0 0 
24 98 66 74 255 281 184 42 23 112 81 223 315 212 58 0 345 442 222 15 0 0 0 0 
50 102 184 237 210 167 64 10 55 106 227 309 217 100 10 0 431 451 135 7 0 0 0 0 
10 101 295 286 201 98 29 4 9 107 337 329 177 54 11 0 464 444 102 14 0 0 0 0 
7 19 74 172 268 328 142 14 7 23 117 279 348 218 31 1 247 535 222 20 0 0 0 0 
5 88 287 263 178 124 51 28 5 129 305 295 179 76 33 2 429 425 149 21 0 0 0 0 
0 25 144 251 307 208 77 12 0 35 146 283 373 156 31 0 185 446 333 60 0 0 0 0 
8 61 112 154 273 247 136 33 5 71 103 179 374 247 45 0 222 401 321 73 7 0 0 0 
0 3 32 65 183 361 300 80 0 10 37 134 358 371 110 4 152 473 366 32 1 0 0 0 
1 16 41 147 278 260 223 58 1 29 46 257 340 263 85 3 149 486 347 39 3 0 0 0 
0 7 136 394 206 166 99 16 0 12 123 424 301 127 37 0 136 450 394 44 0 0 0 0 
0 8 350 480 153 28 5 0 0 2 162 638 200 19 3 0 26 565 404 29 0 0 0 0 
0 14 512 473 25 0 0 0 0 2 239 694 89 0 0 0 17 642 356 9 0 0 0 0 
0 9 542 464 9 0 0 0 0 0 264 720 40 0 0 0 20 688 313 3 0 0 0 0 
0 11 568 440 5 0 0 0 0 0 253 740 31 0 0 0 13 672 339 0 0 0 0 0 
0 0 0 46 236 432 247 63 0 0 0 108 400 406 89 21 51 556 351 46 20 0 0 0 
0 158 97 107 274 290 94 4 0 101 158 168 405 166 26 0 311 535 173 5 0 0 0 0 
0 8 87 309 392 204 24 0 0 12 109 430 369 101 3 0 242 588 189 5 0 0 0 0 
0 6 50 249 347 305 67 0 0 9 66 343 418 181 7 0 253 583 186 2 0 0 0 0 
0 6 197 266 244 206 72 33 0 11 224 317 280 148 43 1 371 481 163 9 0 0 0 0 
0 0 22 148 347 308 164 35 0 0 24 221 456 267 56 0 86 538 336 64 0 0 0 0 
0 6 35 220 380 295 79 9 0 8 52 255 477 211 21 0 96 504 335 65 20 4 0 0 
0 0 29 155 273 355 202 10 0 4 73 221 404 291 31 0 169 588 255 12 0 0 0 0 
0 5 24 92 246 368 241 48 0 5 32 139 391 367 89 1 89 525 381 29 0 0 0 0 
0 20 97 145 192 221 264 85 0 17 96 174 314 312 110 1 106 470 419 29 0 0 0 0 
0 16 134 292 277 116 125 64 0 21 118 303 321 159 99 3 127 363 377 153 4 0 0 0 
4 106 316 238 202 106 51 1 7 131 291 265 254 72 4 0 275 411 217 118 3 0 0 0 
0 44 211 233 233 202 86 15 0 46 184 323 314 131 26 0 218 537 237 32 0 0 0 0 
79 106 106 158 194 191 156 34 77 116 124 201 258 192 56 0 357 386 243 38 0 0 0 0 
355 239 104 94 88 88 41 15 328 262 123 117 107 67 18 2 617 269 118 20 0 0 0 0 
248 305 340 127 4 0 0 0 235 236 365 172 16 0 0 0 434 374 209 7 0 0 0 0 
6 265 517 205 29 2 0 0 4 197 483 281 58 1 0 0 311 500 189 24 0 0 0 0 
29 326 313 233 80 41 2 0 18 246 373 256 103 27 1 0 376 379 229 40 0 0 0 0 
1 30 186 294 228 198 82 5 0 24 188 325 290 170 27 0 184 463 320 56 1 0 0 0 
0 10 32 194 381 288 114 5 0 14 29 276 443 239 23 0 113 581 300 28 2 0 0 0 
1 18 54 174 296 276 182 23 3 22 65 223 358 290 63 0 160 453 321 64 26 0 0 0 
0 32 91 200 270 248 166 17 0 38 77 195 348 278 88 0 151 299 388 174 12 0 0 0 
0 50 91 106 168 268 264 77 0 35 114 180 243 315 134 3 223 424 315 57 5 0 0 0 
7 425 259 220 72 20 16 5 3 383 334 212 60 24 8 0 638 317 60 9 0 0 0 0 
2 144 349 257 179 60 31 2 6 183 366 294 124 43 8 0 546 408 70 0 0 0 0 0 
1 99 216 349 231 79 43 6 6 118 281 363 187 60 9 0 400 442 170 12 0 0 0 0 
2 80 322 364 206 44 6 0 2 108 397 390 115 12 0 0 373 524 123 4 0 0 0 0 
0 14 162 347 325 165 11 0 0 42 180 401 332 69 0 0 142 563 293 26 0 0 0 0 
0 1 87 338 274 221 95 8 0 4 104 343 373 174 26 0 116 411 462 35 0 0 0 0 
0 8 167 457 174 126 78 14 0 10 68 524 287 103 31 1 55 486 438 45 0 0 0 0 
0 0 292 661 68 3 0 0 0 0 109 750 162 3 0 0 15 545 447 17 0 0 0 0 
0 7 306 653 56 2 0 0 0 1 137 744 139 3 0 0 20 622 369 13 0 0 0 0 
0 1 321 663 39 0 0 0 0 0 116 725 183 0 0 0 9 509 497 9 0 0 0 0 
0 1 416 561 46 0 0 0 0 0 127 718 171 8 0 0 4 511 464 45 0 0 0 0 
0 4 335 602 76 7 0 0 0 0 129 641 247 7 0 0 5 362 571 84 2 0 0 0 
0 1 376 593 54 0 0 0 0 0 99 666 254 5 0 0 5 451 522 45 1 0 0 0 
0 33 169 295 338 159 26 4 0 17 164 342 370 115 13 3 148 699 155 18 4 0 0 0 
0 249 247 300 189 39 0 0 0 153 346 344 167 14 0 0 575 408 40 1 0 0 0 0 
0 124 203 350 213 96 36 2 0 57 293 410 188 68 8 0 453 471 96 4 0 0 0 0 
0 8 131 290 237 212 127 19 1 8 158 326 268 199 64 0 282 496 226 20 0 0 0 0 
0 29 143 253 278 198 112 11 0 34 160 319 281 188 42 0 271 531 207 15 0 0 0 0 
0 4 21 152 345 371 102 29 0 4 36 236 441 254 48 5 133 568 288 35 0 0 0 0 
0 6 137 366 359 127 28 1 0 1 102 405 413 93 10 0 106 509 344 63 2 0 0 0 
0 21 69 124 328 404 77 1 0 7 81 196 479 245 16 0 132 666 220 6 0 0 0 0 
0 18 173 294 190 265 77 7 0 4 132 347 327 202 12 0 117 634 262 11 0 0 0 0 
0 0 7 116 324 389 174 14 0 0 9 151 470 348 46 0 76 613 317 16 2 0 0 0 
0 44 117 115 194 302 198 54 0 40 136 149 281 317 101 0 113 475 402 34 0 0 0 0 
0 8 68 109 199 372 245 23 0 12 76 166 363 353 54 0 144 515 354 11 0 0 0 0 
0 7 70 197 354 299 90 7 0 7 79 269 445 197 27 0 172 614 221 17 0 0 0 0 
0 34 87 182 262 279 162 18 0 15 100 201 376 275 57 0 118 443 394 65 4 0 0 0 
12 29 63 107 206 285 249 73 16 32 62 148 312 361 93 0 152 377 429 66 0 0 0 0 
3 87 225 230 213 145 87 34 4 25 191 238 292 212 62 0 114 346 379 144 39 2 0 0 
20 158 257 270 279 40 0 0 13 110 178 245 282 193 3 0 152 280 192 286 114 0 0 0 
14 270 419 252 44 20 5 0 12 205 392 307 89 18 1 0 271 396 301 56 0 0 0 0 
0 17 178 297 303 185 41 3 0 7 179 376 321 126 15 0 225 597 196 6 0 0 0 0 
0 2 23 118 299 370 180 32 0 2 32 151 452 315 72 0 93 552 360 19 0 0 0 0 
0 0 37 125 181 338 282 61 0 7 60 176 321 340 120 0 190 444 360 30 0 0 0 0 
0 11 119 262 233 221 160 18 0 22 153 304 276 235 34 0 284 508 215 17 0 0 0 0 
0 0 20 110 285 365 190 54 0 0 30 202 393 315 83 1 137 528 287 71 1 0 0 0 
44 87 206 168 207 187 112 13 44 122 232 202 240 142 41 1 429 360 204 31 0 0 0 0 
6 107 321 308 164 87 26 5 7 144 343 293 157 71 9 0 463 424 134 3 0 0 0 0 
13 166 375 389 71 10 0 0 19 178 339 411 76 1 0 0 404 441 171 8 0 0 0 0 
17 93 336 530 48 0 0 0 19 110 229 571 95 0 0 0 194 520 297 13 0 0 0 0 
1 24 285 652 62 0 0 0 2 21 104 717 179 1 0 0 39 456 513 16 0 0 0 0 
0 3 426 563 32 0 0 0 0 0 81 827 116 0 0 0 4 561 447 12 0 0 0 0 
0 0 511 499 14 0 0 0 0 0 109 818 97 0 0 0 18 667 331 8 0 0 0 0 
0 7 524 484 9 0 0 0 0 0 148 778 98 0 0 0 13 680 327 4 0 0 0 0 
0 11 438 543 28 4 0 0 0 1 132 747 142 2 0 0 20 541 433 30 0 0 0 0 
0 3 221 732 66 2 0 0 0 0 42 707 264 11 0 0 3 344 636 39 2 0 0 0 
0 5 181 747 89 2 0 0 0 0 26 616 371 11 0 0 4 291 675 53 1 0 0 0 
0 3 174 766 80 1 0 0 0 0 15 647 359 3 0 0 4 219 719 81 1 0 0 0 
0 0 217 711 96 0 0 0 0 0 43 698 278 5 0 0 2 235 710 77 0 0 0 0 
35 438 164 144 142 74 18 9 3 351 280 167 147 63 13 0 465 475 80 4 0 0 0 0 
11 466 244 174 71 44 14 0 0 327 346 220 94 34 3 0 603 276 137 8 0 0 0 0 
0 77 175 233 239 182 104 14 0 50 166 349 254 168 37 0 283 455 265 21 0 0 0 0 
7 27 121 174 304 264 112 15 7 33 119 244 365 221 34 1 223 556 231 14 0 0 0 0 
2 32 74 187 297 256 167 9 2 36 78 218 346 291 53 0 177 508 314 25 0 0 0 0 
0 31 157 239 208 212 141 36 0 40 161 258 270 206 88 1 250 429 305 40 0 0 0 0 
0 4 107 240 249 234 151 39 0 8 128 277 315 238 58 0 202 547 261 14 0 0 0 0 
0 34 161 236 160 182 175 76 1 28 168 278 231 217 100 1 282 462 239 41 0 0 0 0 
1 75 251 176 140 196 165 20 2 51 250 199 236 228 58 0 237 439 298 47 3 0 0 0 
27 148 316 233 177 89 27 7 20 147 325 253 196 71 12 0 355 401 195 65 8 0 0 0 
32 132 231 317 224 70 18 0 29 123 217 334 263 53 5 0 165 300 341 208 10 0 0 0 
2 14 35 77 176 359 259 102 1 15 43 123 293 386 161 2 126 453 375 70 0 0 0 0 
0 11 61 259 235 190 201 67 0 12 101 298 272 247 93 1 224 531 245 24 0 0 0 0 
29 95 97 154 288 280 72 9 35 93 117 212 361 175 31 0 276 467 267 14 0 0 0 0 
85 103 125 252 215 209 35 0 93 75 118 255 304 171 8 0 182 376 359 87 20 0 0 0 
37 81 141 218 311 156 64 16 36 76 115 199 335 214 48 1 143 262 321 221 77 0 0 0 
283 201 169 153 175 24 16 3 256 176 173 144 166 95 14 0 465 190 156 165 48 0 0 0 
389 346 255 31 3 0 0 0 321 378 276 39 10 0 0 0 718 270 31 5 0 0 0 0 
2 94 287 194 220 166 59 2 1 81 320 241 259 106 16 0 239 591 189 5 0 0 0 0 
0 15 87 296 355 213 53 5 0 15 103 379 391 126 10 0 185 614 215 10 0 0 0 0 
0 0 23 136 368 389 104 4 0 0 35 255 445 262 27 0 144 550 317 13 0 0 0 0 
6 36 111 235 216 241 160 19 4 44 131 279 281 232 53 0 181 516 297 29 1 0 0 0 
3 30 219 416 187 109 58 2 2 30 139 530 211 98 14 0 165 566 268 25 0 0 0 0 
16 63 333 482 85 28 16 1 24 59 203 629 93 13 3 0 154 636 232 2 0 0 0 0 
0 2 391 622 9 0 0 0 0 1 166 818 39 0 0 0 18 699 305 2 0 0 0 0 
0 1 235 770 18 0 0 0 0 0 86 880 58 0 0 0 4 599 420 1 0 0 0 0 
0 0 237 722 54 11 0 0 0 0 86 788 138 11 1 0 6 562 425 27 4 0 0 0 
0 7 325 655 31 6 0 0 0 1 97 794 126 6 0 0 8 525 475 13 3 0 0 0 
0 0 188 786 50 0 0 0 0 0 40 730 254 0 0 0 0 329 673 22 0 0 0 0 
0 0 191 750 83 0 0 0 0 0 28 710 286 0 0 0 0 256 725 43 0 0 0 0 
0 0 223 751 50 0 0 0 0 0 48 747 228 1 0 0 1 261 728 34 0 0 0 0 
0 1 176 794 53 0 0 0 0 1 31 783 208 1 0 0 4 299 690 31 0 0 0 0 
0 0 99 799 126 0 0 0 0 0 31 729 264 0 0 0 0 263 732 29 0 0 0 0 
0 0 217 776 31 0 0 0 0 0 46 866 112 0 0 0 1 444 569 10 0 0 0 0 
0 5 337 653 29 0 0 0 0 0 85 824 115 0 0 0 6 423 583 12 0 0 0 0 
0 0 388 632 4 0 0 0 0 0 76 860 88 0 0 0 1 462 554 7 0 0 0 0 
508 482 25 8 1 0 0 0 240 707 66 10 1 0 0 0 926 97 1 0 0 0 0 0 
41 385 316 196 59 26 1 0 0 310 199 339 148 27 1 0 318 216 425 64 1 0 0 0 
0 19 148 358 332 136 29 2 0 12 101 283 433 177 17 1 143 275 314 223 67 2 0 0 
0 38 114 207 316 243 89 17 0 19 146 318 359 144 38 0 294 565 159 6 0 0 0 0 
0 12 109 301 362 198 42 0 3 14 132 360 371 136 8 0 246 576 192 10 0 0 0 0 
5 49 98 240 369 223 38 2 5 45 140 334 371 124 5 0 294 541 184 5 0 0 0 0 
0 0 4 69 244 348 308 51 0 1 22 144 381 372 104 0 131 558 322 13 0 0 0 0 
0 0 36 115 209 330 289 45 0 0 46 170 358 358 92 0 175 546 296 7 0 0 0 0 
0 0 8 66 229 326 290 105 0 0 7 118 370 363 163 3 89 527 385 23 0 0 0 0 
6 34 95 112 108 225 293 151 8 33 93 143 217 326 203 1 99 435 460 30 0 0 0 0 
3 10 32 121 290 324 199 45 1 9 38 186 407 315 68 0 133 531 317 43 0 0 0 0 
0 14 80 112 236 259 236 87 0 19 98 169 327 297 114 0 211 488 311 14 0 0 0 0 
0 6 98 263 287 236 114 20 0 5 140 319 344 168 47 1 273 525 199 27 0 0 0 0 
0 36 90 242 296 246 94 20 0 28 101 254 396 211 34 0 171 437 335 68 13 0 0 0 
0 17 132 423 334 95 23 0 0 11 95 331 441 133 13 0 78 304 372 230 40 0 0 0 
99 96 222 284 154 111 43 15 98 86 176 313 227 94 29 1 298 358 296 68 4 0 0 0 
14 40 174 194 162 200 206 34 15 52 161 245 230 235 86 0 204 468 309 40 3 0 0 0 
44 121 311 258 132 98 54 6 44 146 342 248 146 80 18 0 432 420 163 9 0 0 0 0 
1 46 320 478 163 12 4 0 2 60 362 482 108 6 4 0 364 541 115 4 0 0 0 0 
0 7 155 688 147 27 0 0 0 9 165 641 193 16 0 0 105 464 441 14 0 0 0 0 
0 0 227 582 124 78 13 0 0 0 83 711 192 38 0 0 39 591 388 6 0 0 0 0 
0 2 294 661 57 9 1 0 0 0 60 832 127 4 1 0 3 602 417 2 0 0 0 0 
0 0 366 643 15 0 0 0 0 0 68 903 53 0 0 0 5 759 260 0 0 0 0 0 
0 2 408 579 20 12 3 0 0 0 131 825 53 13 2 0 10 705 287 15 7 0 0 0 
0 0 297 685 39 3 0 0 0 0 68 874 75 7 0 0 4 619 390 11 0 0 0 0 
0 5 246 716 57 0 0 0 0 0 71 847 106 0 0 0 0 482 532 10 0 0 0 0 
0 0 224 747 52 1 0 0 0 0 58 790 176 0 0 0 0 306 706 12 0 0 0 0 
0 0 394 625 5 0 0 0 0 0 94 846 84 0 0 0 0 372 643 9 0 0 0 0 
0 3 362 649 10 0 0 0 0 0 51 890 83 0 0 0 0 378 636 10 0 0 0 0 
0 2 324 696 2 0 0 0 0 0 50 911 63 0 0 0 2 337 684 1 0 0 0 0 
0 6 547 459 12 0 0 0 0 0 185 749 90 0 0 0 1 516 490 17 0 0 0 0 
0 0 374 641 9 0 0 0 0 0 68 865 91 0 0 0 0 541 479 4 0 0 0 0 
0 0 242 766 16 0 0 0 0 0 46 862 116 0 0 0 0 452 568 4 0 0 0 0 
0 1 377 635 11 0 0 0 0 0 52 865 107 0 0 0 1 590 429 4 0 0 0 0 
0 0 453 556 15 0 0 0 0 0 103 849 72 0 0 0 1 655 365 3 0 0 0 0 
0 6 674 343 1 0 0 0 0 0 195 791 38 0 0 0 10 709 305 0 0 0 0 0 
379 483 124 32 6 0 0 0 180 583 196 49 14 2 0 0 713 242 61 8 0 0 0 0 
37 331 374 151 114 17 0 0 4 219 360 250 108 83 0 0 222 405 236 120 41 0 0 0 
50 428 294 151 100 1 0 0 8 291 387 180 126 32 0 0 398 365 158 79 24 0 0 0 
1 103 283 278 283 71 5 0 0 93 284 246 260 137 4 0 344 312 139 133 89 7 0 0 
0 41 183 250 261 228 50 11 0 38 225 248 260 226 26 1 302 347 173 116 85 1 0 0 
0 0 32 196 261 371 145 19 0 1 91 269 381 243 39 0 221 563 217 23 0 0 0 0 
0 44 138 224 249 247 107 15 0 46 182 293 297 169 35 2 352 463 195 14 0 0 0 0 
0 3 42 150 322 306 165 36 0 9 65 232 382 275 60 1 230 519 256 19 0 0 0 0 
0 12 123 291 265 203 105 25 0 15 125 350 301 183 48 2 263 529 210 22 0 0 0 0 
0 0 1 39 149 358 430 47 0 0 4 78 297 522 123 0 73 542 397 12 0 0 0 0 
0 0 1 13 192 349 368 101 0 0 4 102 339 401 178 0 107 509 394 14 0 0 0 0 
0 6 19 69 232 328 301 69 0 8 25 178 349 360 104 0 161 546 307 10 0 0 0 0 
0 1 18 160 287 320 197 41 0 4 44 249 391 260 76 0 173 536 299 16 0 0 0 0 
43 232 283 195 139 93 31 8 26 231 288 262 140 66 11 0 356 464 188 16 0 0 0 0 
60 282 202 220 147 87 26 0 37 280 214 255 160 69 9 0 425 363 211 25 0 0 0 0 
0 55 208 262 204 164 127 4 0 46 219 293 231 189 46 0 110 482 362 68 2 0 0 0 
0 0 63 221 299 312 112 17 0 0 23 305 445 228 23 0 87 535 385 17 0 0 0 0 
0 0 105 554 203 114 46 2 0 0 14 595 326 76 13 0 35 446 529 14 0 0 0 0 
0 1 160 822 41 0 0 0 0 0 48 793 183 0 0 0 4 401 616 3 0 0 0 0 
0 0 240 716 68 0 0 0 0 0 76 830 118 0 0 0 9 472 528 15 0 0 0 0 
0 0 115 841 68 0 0 0 0 0 31 774 219 0 0 0 3 291 716 14 0 0 0 0 
0 0 24 801 199 0 0 0 0 0 3 772 249 0 0 0 0 244 773 7 0 0 0 0 
0 0 86 841 97 0 0 0 0 0 31 791 202 0 0 0 0 347 673 4 0 0 0 0 
0 2 91 803 117 10 1 0 0 0 34 764 214 11 1 0 1 247 733 39 4 0 0 0 
0 0 105 813 106 0 0 0 0 0 35 700 287 2 0 0 0 193 796 35 0 0 0 0 
0 0 223 742 59 0 0 0 0 0 41 766 217 0 0 0 0 308 689 27 0 0 0 0 
0 0 326 691 7 0 0 0 0 0 60 908 56 0 0 0 0 468 555 1 0 0 0 0 
0 0 443 575 6 0 0 0 0 0 97 863 64 0 0 0 0 498 520 6 0 0 0 0 
0 7 389 626 2 0 0 0 0 0 129 821 74 0 0 0 2 548 473 1 0 0 0 0 
0 1 561 459 3 0 0 0 0 0 163 828 33 0 0 0 5 661 358 0 0 0 0 0 
0 0 460 563 1 0 0 0 0 0 76 896 52 0 0 0 3 759 262 0 0 0 0 0 
0 0 319 662 40 3 0 0 0 0 45 867 108 4 0 0 2 665 348 9 0 0 0 0 
0 4 381 628 10 1 0 0 0 1 75 901 44 3 0 0 9 718 293 4 0 0 0 0 
0 0 379 590 34 16 5 0 0 0 63 860 81 17 3 0 0 534 457 23 9 1 0 0 
0 0 413 556 47 8 0 0 0 0 151 776 92 5 0 0 0 548 449 27 0 0 0 0 
0 5 502 459 48 10 0 0 0 0 232 717 63 12 0 0 10 609 371 31 3 0 0 0 
