0 31 430 456 67 17 7 16 0 40 637 284 36 11 8 8 45 524 403 34 9 7 2 0 
0 15 395 359 177 40 30 8 0 53 483 332 100 43 13 0 103 443 386 77 14 1 0 0 
7 202 460 175 92 50 27 11 4 137 453 179 100 83 47 21 158 490 202 97 46 23 8 0 
14 150 293 197 131 103 83 53 0 18 94 223 256 146 133 154 370 264 146 100 65 53 24 2 
90 175 264 146 108 84 96 61 0 55 143 248 216 109 94 159 367 235 126 101 85 87 23 0 
43 144 182 172 163 141 115 64 0 35 104 129 214 152 162 228 349 217 180 111 72 59 36 0 
114 128 239 139 109 119 135 41 37 88 90 171 182 135 112 209 454 205 142 94 65 60 4 0 
38 132 207 171 188 122 118 48 8 25 83 199 180 171 154 204 301 268 186 98 79 67 24 1 
52 229 256 194 130 82 58 23 3 28 154 270 225 146 100 98 403 241 153 105 56 49 17 0 
123 255 224 156 133 80 50 3 6 60 208 260 178 131 109 72 550 195 116 87 45 30 1 0 
643 252 47 16 16 22 18 10 191 393 274 72 16 19 24 35 885 68 30 15 13 13 0 0 
607 226 65 44 30 17 15 20 235 296 271 85 42 39 19 37 797 107 39 25 19 20 17 0 
517 245 98 54 41 29 25 15 346 234 156 111 64 36 32 45 766 143 50 29 11 17 8 0 
230 490 273 14 3 7 6 1 107 574 308 13 5 3 7 7 421 449 139 7 5 3 0 0 
223 275 518 8 0 0 0 0 90 395 533 6 0 0 0 0 265 479 279 1 0 0 0 0 
0 118 791 115 0 0 0 0 0 101 871 52 0 0 0 0 0 566 457 1 0 0 0 0 
0 69 551 352 51 1 0 0 2 83 629 278 32 0 0 0 59 378 531 55 1 0 0 0 
0 48 217 404 326 29 0 0 12 66 306 519 119 2 0 0 56 293 581 93 1 0 0 0 
0 1 88 422 445 68 0 0 0 18 183 641 180 2 0 0 21 197 633 171 2 0 0 0 
0 0 19 168 526 286 25 0 0 2 135 526 319 42 0 0 11 235 555 203 20 0 0 0 
0 24 337 473 168 22 0 0 0 97 513 341 71 2 0 0 78 458 402 85 1 0 0 0 
8 180 248 182 310 78 18 0 4 163 327 269 226 35 0 0 26 353 388 219 38 0 0 0 
0 4 62 302 344 279 33 0 4 30 89 427 382 91 1 0 44 93 463 350 74 0 0 0 
0 0 0 2 82 452 341 147 0 0 0 41 359 409 177 38 0 2 119 514 308 81 0 0 
0 0 32 111 273 305 241 62 0 33 53 226 308 288 113 3 46 74 283 368 227 26 0 0 
0 0 8 92 186 438 174 126 0 5 57 172 422 218 81 69 13 98 283 420 129 78 3 0 
0 0 7 27 41 410 490 49 0 17 16 31 251 612 97 0 32 2 101 482 396 11 0 0 
0 0 10 126 301 364 203 20 0 8 86 219 398 276 31 6 28 85 275 476 145 11 4 0 
0 0 0 6 100 531 342 45 0 0 2 57 466 442 57 0 0 4 181 639 192 8 0 0 
0 1 51 105 172 341 301 53 0 50 56 151 269 394 100 4 62 60 190 449 234 29 0 0 
0 0 22 97 132 408 319 46 0 3 66 148 410 345 52 0 3 77 255 501 182 6 0 0 
0 0 13 51 57 472 373 58 0 15 51 51 428 439 40 0 41 38 170 573 195 7 0 0 
0 0 28 71 182 322 329 92 0 22 63 212 363 295 68 1 38 95 371 317 180 23 0 0 
0 63 416 284 204 48 9 0 0 68 434 311 165 43 3 0 0 177 533 259 53 2 0 0 
3 42 196 369 227 127 35 25 10 76 224 429 196 63 20 6 67 166 448 266 52 25 0 0 
0 1 139 387 268 141 71 17 0 0 164 410 260 123 56 11 0 43 345 416 146 61 12 1 
0 0 42 136 294 354 155 43 0 23 115 265 317 223 63 18 47 142 307 328 152 36 12 0 
0 0 0 12 290 574 140 8 0 0 14 295 559 150 6 0 0 101 556 312 55 0 0 0 
0 0 15 162 233 495 117 2 0 7 166 228 509 112 2 0 36 202 434 326 26 0 0 0 
0 0 0 0 128 547 320 29 0 0 0 231 565 214 13 1 0 72 542 365 43 2 0 0 
1 50 389 345 110 52 27 50 2 83 468 291 73 36 25 46 45 374 423 94 44 29 14 1 
0 54 407 420 129 9 5 0 2 101 459 347 77 30 7 1 159 516 314 27 2 5 1 0 
5 70 326 274 115 95 102 37 1 52 295 221 100 119 79 157 195 333 268 91 72 58 7 0 
4 65 223 176 153 140 162 101 0 3 30 165 190 189 168 279 258 164 130 122 129 136 73 12 
54 255 236 136 101 89 76 77 0 6 101 351 190 118 100 158 287 225 165 102 89 84 63 9 
103 302 206 149 116 57 65 26 0 15 248 258 179 119 99 106 564 192 108 57 32 37 27 7 
83 177 196 153 118 134 130 33 2 50 123 212 171 121 141 204 343 204 121 133 112 83 26 2 
160 316 240 123 68 60 43 14 17 80 237 260 197 103 56 74 616 181 87 62 46 26 6 0 
149 259 234 144 78 75 59 26 11 93 199 285 161 99 83 93 516 214 113 71 57 39 14 0 
201 304 187 98 83 83 56 12 10 138 254 200 155 83 81 103 650 140 101 62 43 23 2 3 
479 259 90 72 45 29 39 11 71 317 323 109 72 45 32 55 716 126 71 43 28 30 9 1 
941 60 15 3 4 1 0 0 658 301 46 12 1 5 1 0 973 30 15 1 4 1 0 0 
958 58 8 0 0 0 0 0 677 339 7 1 0 0 0 0 987 32 5 0 0 0 0 0 
429 374 201 19 1 0 0 0 190 594 214 25 1 0 0 0 515 437 66 6 0 0 0 0 
346 496 178 4 0 0 0 0 183 635 202 4 0 0 0 0 406 535 83 0 0 0 0 0 
0 72 921 31 0 0 0 0 0 66 935 23 0 0 0 0 10 520 493 1 0 0 0 0 
15 128 548 303 29 1 0 0 14 118 645 231 16 0 0 0 66 440 478 40 0 0 0 0 
17 56 390 423 112 20 6 0 23 96 484 359 47 15 0 0 83 464 440 33 4 0 0 0 
0 1 148 357 393 75 21 29 0 24 221 504 205 33 24 13 31 276 483 185 25 22 2 0 
0 0 4 227 613 173 6 1 0 0 149 616 237 21 1 0 3 351 543 123 3 1 0 0 
0 159 547 266 48 3 1 0 1 293 570 144 14 2 0 0 117 653 226 26 2 0 0 0 
1 195 274 153 314 82 5 0 4 201 303 257 232 27 0 0 53 340 353 242 36 0 0 0 
0 3 101 462 376 81 1 0 0 39 131 588 243 23 0 0 52 78 556 311 27 0 0 0 
0 0 1 35 260 520 174 34 0 0 11 138 495 319 56 5 0 24 246 542 182 27 3 0 
0 0 41 161 352 378 88 4 0 35 97 213 459 208 12 0 45 108 288 475 107 1 0 0 
0 0 15 163 319 404 117 6 0 16 103 236 466 178 22 3 20 127 351 412 106 7 1 0 
0 0 23 9 114 600 262 16 0 20 12 46 470 433 41 2 32 3 178 595 207 9 0 0 
0 1 35 159 316 374 127 12 1 26 62 287 432 187 29 0 35 73 400 406 102 8 0 0 
0 0 0 6 200 478 328 12 0 0 4 156 488 363 13 0 0 10 276 587 145 6 0 0 
0 1 58 124 296 359 156 30 0 54 42 256 369 250 49 4 62 47 324 399 175 16 1 0 
0 0 25 121 178 435 240 25 0 3 53 204 443 285 36 0 6 56 329 490 135 8 0 0 
0 0 3 57 60 543 328 33 0 3 55 76 526 338 25 1 31 49 247 580 111 6 0 0 
0 0 11 72 250 389 238 64 0 34 52 245 418 229 46 0 62 90 362 363 140 7 0 0 
0 44 518 250 160 46 6 0 0 57 539 259 138 28 3 0 1 306 505 170 39 3 0 0 
1 55 227 329 278 91 22 21 17 83 280 382 199 37 22 4 87 166 519 204 40 8 0 0 
0 0 152 398 260 167 47 0 0 0 168 390 311 143 12 0 0 26 405 396 189 8 0 0 
0 4 98 119 337 346 115 5 0 32 144 284 339 209 16 0 47 197 305 340 131 4 0 0 
0 0 0 4 289 643 88 0 0 0 5 401 564 54 0 0 1 131 678 208 6 0 0 0 
0 0 5 160 388 379 83 9 0 10 156 368 400 80 8 2 35 232 472 244 36 3 2 0 
0 0 0 8 185 583 228 20 0 0 17 283 569 151 4 0 0 105 596 307 16 0 0 0 
0 62 405 341 166 43 6 1 0 46 466 353 133 23 3 0 43 490 370 108 13 0 0 0 
8 111 320 245 182 100 50 8 5 54 226 225 171 163 106 74 230 388 231 126 35 14 0 0 
8 98 189 149 153 193 138 96 1 38 142 115 109 103 204 312 273 320 146 57 81 122 25 0 
10 81 177 222 135 159 155 85 0 6 39 112 217 169 181 300 231 260 181 107 78 74 70 23 
112 232 191 155 144 95 65 30 5 61 192 220 163 152 101 130 371 201 147 116 83 64 38 4 
275 265 148 115 101 76 37 7 17 189 268 169 127 100 83 71 536 191 115 78 54 38 12 0 
246 295 217 121 78 38 20 9 39 171 242 239 163 82 44 44 556 238 127 61 21 13 8 0 
354 356 90 50 37 43 65 29 56 204 359 165 61 36 44 99 709 114 60 41 22 40 20 18 
306 332 128 73 67 57 35 26 11 202 336 176 87 80 59 73 678 137 77 62 30 22 14 4 
347 379 128 68 49 33 17 3 35 300 311 179 82 49 36 32 770 127 60 36 18 11 2 0 
774 113 48 28 19 18 19 5 352 433 96 46 35 18 18 26 867 56 36 19 17 19 10 0 
1009 15 0 0 0 0 0 0 671 350 3 0 0 0 0 0 1023 1 0 0 0 0 0 0 
994 30 0 0 0 0 0 0 645 379 0 0 0 0 0 0 942 82 0 0 0 0 0 0 
810 179 35 0 0 0 0 0 434 546 44 0 0 0 0 0 795 216 13 0 0 0 0 0 
307 415 292 10 0 0 0 0 124 558 332 10 0 0 0 0 341 602 81 0 0 0 0 0 
20 87 600 169 47 33 30 38 24 78 649 154 43 34 35 7 60 432 407 65 36 20 4 0 
24 193 627 179 1 0 0 0 23 186 679 135 1 0 0 0 89 488 429 18 0 0 0 0 
17 110 355 429 105 8 0 0 32 124 446 366 55 1 0 0 88 354 498 77 7 0 0 0 
0 12 232 525 233 20 2 0 0 44 353 540 82 5 0 0 57 385 497 82 2 1 0 0 
0 0 12 271 605 123 13 0 0 3 171 613 218 19 0 0 8 314 565 130 7 0 0 0 
0 260 627 120 17 0 0 0 1 427 534 61 1 0 0 0 101 826 93 4 0 0 0 0 
12 180 312 238 245 36 1 0 16 167 358 317 154 12 0 0 65 314 428 205 12 0 0 0 
0 18 157 592 225 31 1 0 7 28 272 595 115 7 0 0 32 147 675 164 6 0 0 0 
0 0 2 65 462 393 98 4 0 0 19 205 556 224 20 0 1 44 380 460 135 4 0 0 
0 0 77 250 373 298 26 0 0 35 167 328 363 128 3 0 57 190 350 365 61 1 0 0 
0 0 45 180 373 384 42 0 0 17 123 278 497 108 1 0 27 132 409 404 52 0 0 0 
0 4 28 21 257 543 159 12 10 22 12 169 433 343 34 1 32 39 276 477 189 11 0 0 
0 1 40 180 256 299 166 82 0 21 79 263 374 187 72 28 42 106 324 393 99 44 16 0 
0 0 1 79 403 315 136 90 0 0 32 317 393 177 78 27 1 70 428 338 145 34 8 0 
0 7 78 229 390 242 76 2 2 32 151 352 358 113 16 0 49 127 437 330 76 5 0 0 
0 3 56 135 315 324 178 13 0 25 89 303 403 187 17 0 20 113 415 393 82 1 0 0 
0 0 1 66 165 558 193 41 0 2 66 136 558 223 38 1 29 77 301 524 80 13 0 0 
0 0 25 113 236 396 229 25 0 31 80 278 388 221 26 0 47 130 414 332 100 1 0 0 
0 113 579 199 94 26 13 0 0 107 615 212 64 25 1 0 2 455 461 80 26 0 0 0 
4 74 288 429 159 12 22 36 22 110 365 392 73 19 29 14 113 242 525 83 23 28 10 0 
0 4 86 428 315 164 26 1 0 4 98 468 310 127 16 1 0 30 365 480 139 10 0 0 
0 0 78 183 418 272 67 6 0 36 177 311 352 124 24 0 46 225 349 330 71 3 0 0 
0 0 0 9 357 571 84 3 0 0 8 342 590 81 3 0 0 69 617 314 23 1 0 0 
0 0 45 140 171 499 157 12 0 3 174 192 482 159 14 0 17 183 434 310 78 2 0 0 
0 0 0 30 278 557 156 3 0 1 34 375 507 105 2 0 4 181 604 217 18 0 0 0 
93 223 352 234 84 20 16 2 28 213 488 183 82 17 12 1 217 475 249 55 17 11 0 0 
39 219 409 163 103 53 24 14 16 151 441 137 92 100 48 39 152 502 248 65 26 27 4 0 
4 199 416 142 95 60 58 50 1 45 375 206 139 79 69 110 209 420 194 73 52 45 27 4 
21 309 325 131 127 69 29 13 1 120 324 200 125 112 83 59 319 428 135 82 42 16 2 0 
30 265 231 144 129 132 73 20 1 9 90 347 156 139 142 140 429 214 163 110 70 31 7 0 
509 314 78 53 30 28 7 5 17 360 354 142 56 35 37 23 774 121 52 46 17 7 7 0 
561 238 79 59 44 27 11 5 92 398 271 100 52 50 44 17 771 132 53 36 21 7 4 0 
574 290 70 31 22 18 13 6 124 348 307 139 40 25 17 24 830 110 30 21 15 10 8 0 
808 176 22 7 7 3 0 1 303 517 170 15 6 5 6 2 937 63 13 8 2 0 1 0 
891 113 14 4 1 1 0 0 472 455 65 21 9 0 2 0 986 28 7 1 2 0 0 0 
898 45 33 12 12 10 13 1 537 345 56 29 17 11 13 16 926 46 13 13 11 14 1 0 
971 9 11 21 10 2 0 0 734 239 8 10 16 15 2 0 973 10 17 19 3 2 0 0 
951 73 0 0 0 0 0 0 550 473 1 0 0 0 0 0 865 159 0 0 0 0 0 0 
920 104 0 0 0 0 0 0 399 624 1 0 0 0 0 0 814 210 0 0 0 0 0 0 
282 335 393 14 0 0 0 0 156 441 413 14 0 0 0 0 377 495 152 0 0 0 0 0 
157 190 592 84 1 0 0 0 112 240 621 51 0 0 0 0 264 368 385 7 0 0 0 0 
33 134 745 106 6 0 0 0 42 124 765 91 2 0 0 0 115 484 412 13 0 0 0 0 
33 115 440 343 93 0 0 0 44 95 547 318 20 0 0 0 65 403 537 19 0 0 0 0 
0 9 210 380 328 35 35 27 1 56 241 547 114 38 17 10 77 188 586 118 34 20 1 0 
0 0 13 274 539 176 22 0 0 1 178 514 284 46 1 0 4 305 506 186 23 0 0 0 
0 231 665 95 33 0 0 0 0 451 514 45 14 0 0 0 101 846 62 15 0 0 0 0 
7 134 418 223 208 34 0 0 7 162 442 269 132 12 0 0 64 389 392 164 15 0 0 0 
0 2 199 666 152 5 0 0 0 10 334 617 63 0 0 0 16 201 671 132 4 0 0 0 
0 2 34 75 517 346 46 4 3 23 36 269 568 112 13 0 31 48 423 449 65 8 0 0 
0 4 193 357 242 205 23 0 0 54 324 288 231 126 1 0 53 297 349 249 75 1 0 0 
0 0 36 251 527 199 11 0 0 1 148 441 387 46 1 0 5 169 513 316 21 0 0 0 
0 6 28 58 456 396 80 0 5 30 35 301 465 180 8 0 38 108 363 434 80 1 0 0 
0 2 115 281 196 234 109 87 0 39 203 227 279 159 77 40 50 200 295 285 119 64 11 0 
0 1 8 125 345 223 144 178 1 4 35 288 310 164 145 77 14 65 377 281 170 94 23 0 
0 5 107 449 348 104 11 0 1 29 229 567 178 20 0 0 45 252 588 133 6 0 0 0 
1 20 100 173 305 322 96 7 2 45 133 376 369 90 8 1 33 139 491 324 31 6 0 0 
0 0 10 110 498 345 45 16 0 8 79 378 489 52 17 1 55 80 583 267 34 5 0 0 
0 0 42 186 286 340 154 16 0 33 121 343 376 144 7 0 37 169 447 311 59 1 0 0 
0 143 587 210 70 14 0 0 0 140 615 218 46 5 0 0 5 489 461 63 6 0 0 0 
16 97 299 500 62 26 8 16 28 152 408 371 41 6 15 3 108 294 537 61 8 14 2 0 
0 1 140 383 268 187 41 4 0 1 139 425 306 133 20 0 0 37 432 391 142 22 0 0 
0 0 107 175 410 290 40 2 0 29 194 328 389 81 3 0 41 226 418 297 42 0 0 0 
0 0 0 17 515 417 67 8 0 0 10 479 445 75 12 3 0 84 669 238 25 7 1 0 
0 1 69 132 287 453 82 0 0 21 171 246 480 104 2 0 70 172 402 340 40 0 0 0 
0 0 8 114 532 326 43 1 0 8 124 547 300 44 1 0 20 275 547 174 8 0 0 0 
0 55 922 47 0 0 0 0 0 1 290 733 0 0 0 0 13 183 659 169 0 0 0 0 
31 86 546 348 3 4 6 0 4 59 124 661 164 3 2 7 63 146 225 577 7 3 3 0 
23 120 334 196 179 116 37 19 4 38 117 272 144 190 172 87 213 300 257 165 52 29 8 0 
83 375 159 153 105 64 55 30 0 9 258 288 112 159 94 104 558 190 89 53 48 58 26 2 
291 346 134 70 58 36 59 30 0 62 429 211 97 82 46 97 702 106 58 38 56 49 14 1 
200 227 170 124 103 78 62 60 15 171 174 199 143 113 83 126 500 183 109 90 60 56 26 0 
755 231 17 5 7 5 4 0 62 660 253 27 4 11 3 4 950 50 5 8 6 5 0 0 
962 56 6 0 0 0 0 0 148 850 22 4 0 0 0 0 1008 15 1 0 0 0 0 0 
872 151 1 0 0 0 0 0 386 520 117 1 0 0 0 0 995 29 0 0 0 0 0 0 
969 43 4 2 0 1 2 3 651 343 22 2 0 1 2 3 996 20 2 0 1 2 3 0 
1012 12 0 0 0 0 0 0 822 198 4 0 0 0 0 0 1020 4 0 0 0 0 0 0 
966 39 13 5 1 0 0 0 696 276 23 19 5 4 1 0 988 26 6 4 0 0 0 0 
958 60 2 1 1 1 1 0 393 610 15 2 2 0 2 0 915 103 2 1 1 1 1 0 
876 129 10 7 0 0 2 0 292 654 60 10 6 0 0 2 933 74 9 6 0 1 1 0 
607 193 187 37 0 0 0 0 485 301 192 45 1 0 0 0 667 198 149 10 0 0 0 0 
170 360 465 29 0 0 0 0 88 425 491 20 0 0 0 0 256 619 145 4 0 0 0 0 
10 286 654 68 4 2 0 0 31 287 660 40 5 1 0 0 109 729 177 7 2 0 0 0 
39 112 544 311 18 0 0 0 39 138 654 191 2 0 0 0 107 526 387 4 0 0 0 0 
0 40 259 464 210 35 13 3 4 129 264 504 103 16 2 2 94 253 541 119 15 1 1 0 
0 0 55 475 437 53 3 1 0 14 343 565 91 9 2 0 28 463 464 65 4 0 0 0 
0 141 682 173 28 0 0 0 0 297 617 104 6 0 0 0 64 806 150 4 0 0 0 0 
17 137 571 225 67 5 2 0 16 179 576 209 40 4 0 0 84 393 471 72 4 0 0 0 
0 6 483 481 51 3 0 0 0 11 621 374 17 1 0 0 4 368 612 37 3 0 0 0 
0 11 41 126 531 266 49 0 9 37 50 238 550 133 7 0 53 56 404 449 61 1 0 0 
0 30 235 299 216 189 55 0 8 42 330 282 219 131 12 0 52 275 363 239 91 4 0 0 
0 5 136 452 346 76 9 0 0 21 233 549 191 29 1 0 15 245 570 177 17 0 0 0 
3 29 34 204 564 167 23 0 23 41 35 523 346 49 7 0 66 76 587 249 43 3 0 0 
0 3 229 316 266 180 30 0 0 38 292 313 271 105 5 0 49 218 418 275 62 2 0 0 
0 1 6 161 470 300 80 6 0 2 24 385 458 141 13 1 2 58 464 402 90 8 0 0 
0 18 111 415 376 89 15 0 1 58 178 565 191 27 4 0 53 157 590 198 26 0 0 0 
0 27 104 213 232 187 152 109 0 63 129 329 217 165 91 30 48 151 417 229 125 45 9 0 
0 0 26 155 575 230 36 2 0 12 89 519 361 40 3 0 47 120 629 207 21 0 0 0 
0 0 84 162 390 322 62 4 0 51 108 464 323 70 8 0 61 212 549 171 31 0 0 0 
0 79 689 232 21 3 0 0 0 80 731 196 14 3 0 0 3 372 606 40 2 1 0 0 
27 80 376 470 8 28 28 7 35 139 468 316 24 33 9 0 142 243 551 54 29 5 0 0 
0 1 201 324 291 167 38 2 0 2 226 350 288 142 16 0 0 59 471 347 133 12 2 0 
0 4 141 232 427 199 20 1 0 35 215 460 286 28 0 0 53 255 500 204 12 0 0 0 
0 0 0 40 683 259 38 4 0 0 38 666 260 51 9 0 2 129 742 118 33 0 0 0 
0 0 55 208 424 290 34 13 0 18 250 379 325 38 13 1 68 260 460 207 22 7 0 0 
0 0 52 183 554 214 21 0 0 29 194 585 192 20 4 0 30 347 515 113 17 2 0 0 
0 0 659 365 0 0 0 0 0 0 0 953 71 0 0 0 0 0 157 867 0 0 0 0 
0 3 51 917 41 11 1 0 0 0 0 200 729 57 29 9 30 33 50 816 95 0 0 0 
40 175 244 278 132 87 54 14 0 9 126 283 236 146 124 100 353 191 165 223 49 38 5 0 
142 299 169 153 125 58 51 27 1 63 298 205 158 123 86 90 447 207 139 101 51 37 41 1 
208 337 157 87 64 50 54 67 0 77 402 206 102 71 43 123 584 148 82 55 48 55 43 9 
226 391 161 56 50 53 64 23 6 156 330 236 89 51 52 104 618 140 105 51 49 39 19 3 
879 127 9 5 2 2 0 0 129 787 94 7 3 4 0 0 979 31 8 2 4 0 0 0 
629 348 24 8 5 3 2 5 178 515 287 22 7 6 3 6 810 192 9 5 2 4 2 0 
712 225 31 12 6 14 12 12 182 618 152 21 7 9 16 19 811 157 7 7 13 13 15 1 
504 293 79 53 42 25 18 10 158 378 262 73 63 40 29 21 707 182 56 42 14 13 8 2 
629 200 64 46 25 24 16 20 435 231 169 72 40 24 21 32 784 96 47 28 21 19 20 9 
719 118 62 33 34 29 13 16 393 353 97 65 30 37 24 25 798 92 46 35 23 19 5 6 
850 142 3 5 2 2 3 17 410 533 52 4 2 3 2 18 950 43 2 5 3 1 5 15 
247 140 185 140 82 67 53 110 140 206 65 201 126 87 57 142 489 187 92 67 46 68 44 31 
418 388 103 61 27 14 6 7 308 442 139 23 39 46 16 11 612 292 85 8 10 6 9 2 
184 537 303 0 0 0 0 0 58 556 406 4 0 0 0 0 326 607 89 2 0 0 0 0 
121 426 407 52 17 1 0 0 77 372 507 52 15 1 0 0 251 584 157 27 4 1 0 0 
96 201 480 189 36 10 6 6 57 242 575 103 27 11 5 4 238 488 238 40 10 6 4 0 
25 97 148 376 186 75 72 45 49 134 212 378 114 81 43 13 133 222 417 132 88 25 7 0 
0 0 35 521 325 59 21 63 0 4 314 491 107 34 20 54 11 381 436 99 29 30 31 7 
3 78 597 149 56 27 17 97 1 133 492 208 49 29 17 95 126 549 184 35 14 22 30 64 
44 108 720 147 5 0 0 0 53 123 729 116 3 0 0 0 91 378 539 16 0 0 0 0 
0 14 679 279 45 7 0 0 0 23 741 227 30 3 0 0 6 400 565 46 7 0 0 0 
1 16 39 212 503 230 22 1 12 24 88 323 470 105 2 0 37 95 426 394 70 2 0 0 
0 45 304 303 138 201 31 2 7 78 401 211 208 108 11 0 66 279 388 215 68 8 0 0 
0 61 341 561 52 9 0 0 2 102 479 418 20 3 0 0 36 408 541 36 3 0 0 0 
0 34 50 608 290 36 5 1 32 26 78 703 169 15 1 0 58 59 677 217 12 1 0 0 
2 148 394 286 166 28 0 0 3 178 409 306 122 6 0 0 68 381 434 135 6 0 0 0 
1 24 131 359 382 96 25 6 0 26 206 488 227 57 12 8 0 110 533 255 55 14 26 31 
2 76 140 435 314 55 2 0 5 89 216 511 185 17 1 0 60 178 554 212 19 1 0 0 
1 109 180 371 178 61 51 73 18 102 278 362 111 48 53 52 54 268 448 108 47 59 40 0 
0 4 52 317 469 144 32 6 0 24 219 483 248 43 6 1 46 258 510 175 30 3 2 0 
0 2 161 195 417 222 27 0 0 63 221 447 244 49 0 0 74 318 430 189 13 0 0 0 
0 131 738 136 17 2 0 0 0 110 775 124 14 1 0 0 6 519 469 26 4 0 0 0 
17 79 519 296 55 14 15 29 25 131 527 256 31 22 17 15 119 315 462 75 22 17 14 0 
0 0 146 393 329 135 20 1 0 0 154 457 302 103 8 0 0 36 508 367 104 9 0 0 
0 31 157 315 360 137 23 1 0 94 192 514 198 25 1 0 76 274 554 113 7 0 0 0 
0 0 0 78 814 130 2 0 0 0 42 793 185 4 0 0 0 203 753 67 1 0 0 0 
0 20 136 235 450 149 26 8 5 87 250 490 151 35 6 0 126 313 475 84 25 1 0 0 
5 24 34 211 472 227 42 9 17 23 176 529 235 32 9 3 6 241 568 175 25 7 2 0 
0 0 50 374 38 69 463 30 0 0 0 343 111 69 475 26 0 0 45 406 72 471 30 0 
0 118 69 208 104 59 304 162 0 0 40 138 213 97 259 277 116 87 87 198 72 232 232 0 
132 307 79 50 46 95 240 75 0 59 289 140 62 61 202 211 461 80 39 67 84 227 63 3 
126 312 168 143 99 91 67 18 0 64 272 209 133 127 118 101 465 179 121 95 79 58 27 0 
192 409 165 107 70 52 23 6 8 174 309 233 129 79 57 35 623 176 104 76 25 16 4 0 
121 506 237 64 36 35 20 5 5 266 271 299 77 32 36 38 623 261 75 36 18 8 3 0 
264 384 121 33 15 19 12 176 162 450 161 31 13 20 17 170 598 173 30 19 17 9 18 160 
148 349 76 20 9 7 15 400 119 276 188 10 10 12 13 396 417 145 25 8 9 9 14 397 
220 175 145 111 54 44 48 227 209 177 49 169 79 53 40 248 426 157 69 48 47 41 67 169 
552 88 107 104 82 37 27 27 396 200 74 144 83 48 41 38 641 139 96 56 36 21 23 12 
367 133 108 132 94 54 47 89 140 291 88 119 125 82 59 120 497 169 112 66 52 69 47 12 
369 178 165 101 63 44 58 46 178 240 193 109 96 67 47 94 501 203 97 66 49 49 39 20 
701 146 29 27 28 23 31 39 194 581 81 29 25 24 29 61 772 88 29 20 28 27 30 30 
226 403 141 77 60 44 37 36 36 352 273 129 66 60 43 65 367 399 78 54 44 35 37 10 
7 254 214 96 130 77 98 148 0 46 267 170 91 134 84 232 141 329 117 112 70 75 121 59 
2 275 337 124 143 77 45 21 0 32 335 277 110 122 88 60 91 410 312 109 40 43 19 0 
9 161 853 1 0 0 0 0 0 32 385 607 0 0 0 0 30 220 679 95 0 0 0 0 
1 112 587 120 78 47 39 40 0 34 329 395 81 79 40 66 47 295 473 85 50 30 36 8 
0 55 268 103 16 11 18 553 6 36 321 70 11 9 32 539 34 220 155 27 8 12 23 545 
8 72 129 83 31 18 23 660 19 104 144 38 24 26 63 606 60 124 105 30 19 17 34 635 
18 109 333 214 62 36 34 218 1 90 212 279 109 56 57 220 74 227 271 127 51 32 26 216 
70 282 576 75 16 3 1 1 19 208 452 320 19 4 1 1 151 367 474 24 6 1 0 1 
44 325 478 113 39 19 3 3 1 202 540 220 40 16 4 1 127 479 340 53 16 6 3 0 
44 325 243 115 214 70 11 2 5 191 403 189 180 46 9 1 117 427 269 166 39 5 1 0 
68 419 295 147 88 7 0 0 8 309 502 149 52 4 0 0 137 577 255 55 0 0 0 0 
50 259 627 87 1 0 0 0 7 247 716 54 0 0 0 0 111 662 245 6 0 0 0 0 
74 91 244 430 179 6 0 0 103 58 279 483 101 0 0 0 159 222 472 168 3 0 0 0 
147 185 379 226 40 27 13 7 166 173 430 172 32 28 15 8 213 227 436 53 17 21 21 36 
113 190 422 214 53 23 7 2 97 160 487 199 46 25 8 2 3 325 425 137 21 23 36 54 
59 230 428 241 56 10 0 0 53 228 489 211 40 3 0 0 110 448 391 67 8 0 0 0 
24 170 505 285 36 3 1 0 35 176 594 186 30 3 0 0 107 406 456 49 5 1 0 0 
0 10 63 421 485 43 2 0 0 37 106 708 168 4 1 0 44 122 665 165 20 8 0 0 
0 47 234 324 359 56 4 0 3 112 300 465 137 7 0 0 68 354 498 97 7 0 0 0 
0 180 803 41 0 0 0 0 0 175 803 46 0 0 0 0 3 607 412 2 0 0 0 0 
50 140 650 119 21 33 9 2 49 169 621 122 28 27 8 0 126 328 492 44 24 10 0 0 
0 7 395 443 145 33 1 0 0 9 388 469 128 29 1 0 1 117 627 234 43 2 0 0 
32 68 210 286 328 79 14 7 46 110 282 397 143 31 8 7 36 255 518 119 38 22 14 22 
0 0 23 304 590 105 2 0 0 3 199 672 146 4 0 0 3 321 623 75 2 0 0 0 
0 72 177 427 267 51 28 2 17 142 414 371 53 26 1 0 155 482 314 54 19 0 0 0 
28 122 243 333 266 27 5 0 34 107 358 425 85 10 5 0 36 344 552 81 7 4 0 0 
0 0 27 87 77 150 597 86 0 0 0 20 76 133 651 144 24 87 74 53 172 552 47 15 
0 0 0 0 0 1 402 621 0 0 0 0 0 1 426 597 0 0 0 0 1 437 586 0 
65 220 115 74 50 93 306 101 0 13 191 146 82 74 255 263 285 124 63 39 79 334 100 0 
172 406 130 119 72 78 42 5 0 137 350 184 122 102 68 61 568 148 98 86 70 49 5 0 
147 313 128 93 114 100 79 50 8 195 218 151 103 109 98 142 458 143 111 100 85 90 37 0 
10 160 295 178 109 96 82 94 1 38 219 261 149 98 95 163 179 349 155 88 78 79 71 25 
0 2 22 12 9 2 11 966 1 8 24 7 6 5 65 908 7 19 12 7 2 12 24 941 
0 0 0 0 0 2 22 1000 0 0 0 2 41 187 191 603 0 0 0 0 3 44 236 741 
4 25 32 28 22 32 57 824 6 32 23 20 48 63 137 695 23 37 31 21 21 52 90 749 
575 176 150 37 15 8 15 48 246 410 122 142 25 11 17 51 712 187 28 15 11 11 16 44 
409 132 76 53 60 95 103 96 294 185 73 76 59 73 100 164 528 91 52 63 86 113 84 7 
35 71 152 134 144 103 58 327 21 48 75 243 133 114 87 303 216 144 110 108 64 65 83 234 
415 157 89 80 64 112 70 37 100 365 115 84 77 60 114 109 540 126 64 70 82 86 49 7 
141 534 94 78 48 45 34 50 0 405 303 98 55 45 41 77 293 468 76 55 47 50 20 15 
4 88 279 236 126 98 83 110 0 8 122 320 163 117 115 179 86 336 228 108 75 61 65 65 
0 19 743 173 40 16 15 18 0 0 68 738 128 42 18 30 10 196 590 166 21 12 22 7 
0 3 726 203 32 23 26 11 0 0 10 843 83 29 24 35 2 41 610 304 23 29 13 2 
0 4 670 244 30 19 21 36 0 0 37 819 75 24 19 50 0 35 681 225 20 27 28 8 
1 15 140 188 47 37 51 545 0 2 58 262 77 120 125 380 6 52 223 103 33 66 113 428 
0 5 120 192 57 27 21 602 0 30 64 206 75 31 51 567 18 101 177 77 29 22 39 561 
0 14 364 300 85 49 38 174 0 1 43 561 126 57 58 178 9 99 363 270 49 40 57 137 
0 13 543 175 116 100 48 29 0 0 23 587 123 104 106 81 24 77 415 347 90 47 22 2 
0 21 429 282 98 108 49 37 0 0 37 549 144 86 114 94 24 121 267 446 73 32 36 25 
0 2 979 43 0 0 0 0 0 0 95 928 1 0 0 0 0 0 633 391 0 0 0 0 
0 21 995 8 0 0 0 0 0 0 151 873 0 0 0 0 0 29 486 509 0 0 0 0 
2 69 925 28 0 0 0 0 0 40 391 593 0 0 0 0 27 217 605 175 0 0 0 0 
155 371 466 32 0 0 0 0 111 388 366 159 0 0 0 0 397 375 252 0 0 0 0 0 
381 500 42 53 28 17 3 0 554 329 33 53 29 20 6 0 806 125 46 34 11 2 0 0 
116 296 338 140 89 32 8 5 37 344 277 159 91 80 33 3 204 361 243 106 56 41 10 3 
83 722 107 41 40 8 9 14 8 519 319 56 47 41 14 20 612 307 53 19 8 8 16 1 
101 655 150 22 14 26 40 16 41 320 520 38 22 25 35 23 358 382 147 32 13 18 19 55 
13 124 172 471 218 20 6 0 8 55 356 507 81 12 5 0 44 124 94 51 53 172 315 171 
63 383 210 212 110 34 8 4 19 230 464 197 79 24 9 2 127 334 262 95 43 39 34 90 
84 588 339 13 0 0 0 0 10 423 573 18 0 0 0 0 330 499 191 4 0 0 0 0 
177 335 424 63 17 8 0 0 88 313 528 70 17 8 0 0 359 272 330 42 19 2 0 0 
66 145 518 182 29 11 28 45 26 124 570 192 31 13 35 33 141 257 484 71 39 25 7 0 
89 233 170 262 153 44 28 45 73 238 207 317 79 38 23 49 201 289 345 76 44 25 24 20 
22 28 211 601 151 11 0 0 13 37 541 396 36 1 0 0 31 497 451 43 2 0 0 0 
13 106 376 268 163 64 24 10 23 171 490 208 85 36 9 2 164 506 236 82 27 8 1 0 
0 24 385 417 89 46 63 0 0 18 518 299 66 50 65 8 3 417 409 75 43 50 27 0 
1 21 185 266 177 206 132 36 0 0 3 66 281 249 214 211 176 268 171 154 127 102 26 0 
0 24 99 184 187 183 222 125 0 0 11 46 176 211 283 297 74 142 207 170 138 197 96 0 
37 192 193 132 111 118 167 74 0 21 117 226 147 116 114 283 270 214 127 99 124 132 57 1 
46 256 190 142 125 155 60 50 4 30 172 218 153 144 175 128 420 183 154 119 81 25 26 16 
18 51 141 145 95 128 77 369 3 32 56 224 123 97 99 390 140 174 91 95 91 79 92 262 
70 379 187 133 118 66 35 36 11 141 322 164 149 98 65 74 426 232 149 93 47 38 27 12 
2 26 20 13 13 17 54 879 11 35 13 13 31 180 302 439 35 12 14 11 15 52 289 596 
77 77 54 44 37 59 92 584 35 117 46 99 146 224 128 229 139 89 33 41 90 133 244 255 
237 152 214 83 84 80 75 99 149 175 128 196 81 82 67 146 478 152 75 75 60 71 56 57 
414 307 180 56 25 25 15 2 56 473 275 112 47 22 23 16 622 280 59 24 20 13 5 1 
158 173 96 111 195 153 85 53 47 184 106 89 79 200 167 152 351 178 114 110 127 77 56 11 
120 214 188 134 124 90 98 56 14 102 191 198 142 126 97 154 286 217 149 102 94 87 78 11 
170 149 134 125 122 112 147 65 36 161 111 129 130 129 109 219 320 151 110 117 110 122 80 14 
131 292 183 114 104 74 57 69 25 222 196 157 102 118 90 114 380 261 127 60 41 52 70 33 
1 62 274 267 208 112 55 45 0 0 98 264 209 221 123 109 110 306 190 136 127 70 57 28 
0 3 335 239 135 129 89 94 0 0 18 425 138 133 137 173 36 188 423 143 81 68 45 40 
1 6 74 116 147 129 157 394 0 1 18 98 98 153 199 457 24 60 173 125 85 126 140 291 
3 57 159 181 192 139 87 206 0 4 55 168 184 188 189 236 94 186 205 159 119 64 58 139 
0 31 363 262 97 79 94 98 0 0 46 442 183 98 99 156 54 142 360 187 87 86 78 30 
1 11 221 288 158 150 114 81 0 0 29 314 197 145 154 185 59 166 321 196 129 69 56 28 
2 35 242 306 159 132 97 51 1 1 35 369 182 159 134 143 44 142 284 317 108 87 38 4 
0 30 298 353 185 107 26 25 0 0 34 424 231 162 120 53 98 247 320 247 65 28 16 3 
0 3 230 526 119 32 20 94 0 0 9 456 280 131 42 106 29 128 197 521 37 41 56 15 
0 0 661 363 0 0 0 0 0 0 0 971 53 0 0 0 0 0 39 978 7 0 0 0 
0 0 984 40 0 0 0 0 0 0 0 1021 3 0 0 0 0 0 40 984 0 0 0 0 
0 5 587 432 0 0 0 0 0 0 25 996 3 0 0 0 0 5 422 597 0 0 0 0 
9 393 377 245 0 0 0 0 19 382 106 517 0 0 0 0 242 186 536 60 0 0 0 0 
137 559 47 93 72 66 43 7 533 171 78 86 64 53 34 5 542 126 53 46 42 91 69 55 
18 359 288 160 91 72 30 6 3 313 328 206 88 62 24 0 63 377 236 118 134 68 22 6 
18 440 154 55 67 69 150 71 1 400 225 53 66 104 121 54 231 205 79 41 48 65 87 268 
11 242 219 127 134 154 113 24 7 214 296 136 138 153 64 16 44 163 94 74 108 132 106 303 
7 147 392 190 122 42 37 87 0 232 417 175 54 30 38 78 36 97 128 143 243 165 65 147 
10 190 144 137 164 138 77 164 17 59 324 151 171 97 66 139 19 146 117 167 164 90 80 241 
71 698 171 37 15 9 10 13 46 278 609 45 16 11 6 13 265 450 136 66 45 16 20 26 
190 826 8 0 0 0 0 0 2 550 472 0 0 0 0 0 813 211 0 0 0 0 0 0 
14 576 252 76 43 38 16 9 0 71 696 123 56 37 21 20 354 519 67 39 24 21 0 0 
4 751 267 2 0 0 0 0 0 68 905 51 0 0 0 0 501 515 8 0 0 0 0 0 
135 666 223 0 0 0 0 0 49 269 662 44 0 0 0 0 623 397 4 0 0 0 0 0 
179 784 31 14 12 3 1 0 74 624 295 13 12 5 1 0 802 179 23 13 4 3 0 0 
68 310 439 99 51 36 20 1 49 166 476 173 74 45 23 18 153 412 316 58 43 24 18 0 
6 129 200 129 158 131 131 140 0 4 58 230 122 155 164 291 262 206 95 96 134 151 71 9 
0 10 48 166 190 220 265 125 0 0 1 32 121 209 231 430 80 133 179 187 228 140 77 0 
91 206 131 128 133 145 156 34 0 16 222 130 128 120 142 266 315 133 132 146 167 104 26 1 
150 291 211 129 93 50 52 48 18 125 284 217 132 97 52 99 464 169 143 99 52 54 39 4 
78 271 259 204 103 34 41 34 0 50 263 330 172 89 48 72 400 256 163 78 40 42 31 14 
32 165 262 150 109 73 86 147 2 58 169 280 143 100 79 193 337 186 103 94 74 74 106 50 
258 190 50 81 55 66 78 246 116 282 67 71 77 57 106 248 433 77 63 52 63 77 81 178 
356 193 143 112 94 48 28 50 122 336 127 174 82 74 45 64 572 146 102 71 55 53 25 0 
205 409 221 77 39 30 18 25 67 319 405 79 49 41 25 39 674 172 87 27 20 17 23 4 
138 300 256 140 82 40 32 36 23 138 363 182 135 75 42 66 492 275 117 53 30 22 28 7 
111 80 78 118 232 169 111 125 39 89 76 78 103 191 216 232 209 126 133 142 172 97 94 51 
33 79 178 144 179 112 121 178 18 16 49 183 143 185 142 288 172 179 163 114 113 105 87 91 
10 150 293 201 136 111 88 35 1 3 157 292 193 136 119 123 185 259 230 129 94 75 44 8 
69 107 229 183 187 105 69 75 14 64 87 227 181 176 129 146 235 283 146 129 83 73 59 16 
0 118 210 143 298 149 46 60 0 2 191 144 102 207 254 124 247 358 190 84 52 34 44 15 
0 19 106 65 49 28 14 743 0 6 55 91 65 114 175 518 76 100 46 29 16 12 82 663 
0 0 0 0 0 1 16 1007 0 0 0 9 79 91 169 676 0 0 0 2 10 47 131 834 
0 20 64 81 134 151 151 423 0 3 34 92 135 217 294 249 45 97 126 151 149 101 113 242 
1 73 172 210 226 144 99 99 0 1 67 161 152 252 192 199 251 209 167 136 100 68 80 13 
13 132 154 239 217 124 90 55 2 17 127 141 187 261 138 151 241 261 197 139 87 57 34 8 
0 26 107 195 247 192 131 126 0 0 41 80 143 296 214 250 113 236 186 141 112 107 101 28 
0 120 194 143 148 140 125 154 0 1 107 216 137 156 175 232 85 233 178 129 116 116 86 81 
2 52 287 242 88 103 122 128 0 7 87 365 151 107 116 191 138 180 165 159 101 114 81 86 
0 17 173 241 151 206 165 71 0 0 22 251 193 172 235 151 9 37 193 289 188 185 101 22 
0 16 372 195 62 166 176 37 0 1 22 508 72 141 216 64 23 28 133 456 138 202 41 3 
2 11 369 484 24 59 62 13 0 8 50 783 41 43 70 29 2 37 267 573 45 76 24 0 
3 163 237 495 79 30 13 4 13 179 155 571 66 20 13 7 43 116 217 227 84 111 131 95 
6 214 156 253 180 88 58 69 95 195 233 216 106 76 51 52 62 106 63 70 125 203 193 202 
1 22 271 250 193 153 59 75 2 24 207 366 199 107 52 67 3 71 136 115 114 111 137 337 
20 243 268 192 109 71 47 74 82 306 252 134 97 49 41 63 4 35 169 241 191 151 97 136 
22 295 230 201 198 53 21 4 77 285 248 272 89 39 12 2 19 92 113 222 146 104 105 223 
185 522 164 110 33 10 0 0 5 627 284 75 24 9 0 0 266 377 55 38 98 119 60 11 
33 568 131 130 99 41 22 0 80 563 109 128 89 32 16 7 0 4 73 223 534 96 53 41 
29 446 421 46 22 38 20 2 1 405 442 78 30 23 42 3 61 363 112 164 268 49 7 0 
496 437 91 0 0 0 0 0 66 628 291 39 0 0 0 0 590 316 116 2 0 0 0 0 
146 452 321 69 30 6 0 0 8 306 366 249 58 29 7 1 383 461 110 43 11 13 1 2 
27 606 379 5 2 2 1 2 0 73 741 203 2 2 2 1 169 773 69 5 1 4 0 3 
497 475 50 2 0 0 0 0 3 795 202 24 0 0 0 0 851 169 4 0 0 0 0 0 
305 688 31 0 0 0 0 0 0 706 311 7 0 0 0 0 429 547 48 0 0 0 0 0 
0 91 688 109 60 38 38 0 0 18 163 624 100 52 26 41 3 81 467 277 74 51 44 27 
8 45 123 185 145 174 204 140 1 4 48 79 197 161 182 352 99 168 174 170 160 178 73 2 
15 58 101 154 192 170 216 118 0 10 46 88 142 191 203 344 155 161 187 188 149 128 56 0 
29 229 207 140 110 99 113 97 0 10 204 224 150 128 100 208 361 228 91 80 84 105 67 8 
106 340 123 76 61 114 133 71 2 59 273 180 115 91 92 212 490 102 64 54 76 134 79 25 
500 406 55 28 22 8 4 1 136 347 408 61 29 20 15 8 803 163 29 18 5 5 1 0 
281 242 239 178 37 16 19 12 75 229 230 251 167 30 15 27 527 313 109 25 18 15 14 3 
281 207 131 111 71 57 55 111 23 368 121 128 115 58 49 162 537 134 62 50 57 39 62 83 
61 146 230 121 162 151 89 64 17 55 130 248 110 155 165 144 227 205 152 157 125 66 73 19 
3 38 194 184 173 142 152 138 1 4 48 206 172 174 157 262 144 180 167 153 129 128 88 35 
8 131 235 151 147 132 103 117 4 5 89 234 171 155 129 237 279 200 129 132 96 64 77 47 
7 63 223 245 181 122 90 93 2 4 34 185 243 199 157 200 253 206 187 152 62 72 60 32 
9 80 167 221 244 109 78 116 2 6 67 197 262 183 115 192 197 191 210 144 98 76 54 54 
5 58 289 405 167 62 21 17 0 3 53 284 326 229 86 43 300 452 168 57 15 18 14 0 
14 134 197 206 214 128 81 50 0 9 119 207 184 203 166 136 217 238 195 142 108 61 58 5 
12 181 146 206 229 123 80 47 0 20 168 140 177 230 161 128 342 186 131 119 110 76 49 11 
12 204 232 139 111 91 88 147 1 31 295 167 156 158 91 125 335 157 124 107 67 84 120 30 
1 66 208 183 146 110 84 226 0 13 129 238 226 155 131 132 185 235 170 95 108 65 73 93 
18 166 186 123 142 119 154 116 0 30 202 141 121 118 153 259 263 218 152 84 93 134 79 1 
6 216 175 228 146 97 89 67 0 8 210 174 223 139 115 155 280 197 182 112 80 81 82 10 
14 205 202 162 149 80 83 129 0 24 196 207 153 149 87 208 232 229 169 119 65 71 91 48 
34 342 260 115 95 78 65 35 1 40 348 230 123 98 82 102 426 236 102 90 79 62 29 0 
8 226 228 130 108 127 139 58 0 7 198 252 142 111 164 150 283 205 130 111 123 123 49 0 
3 107 208 154 162 86 107 197 0 8 197 131 126 164 114 284 134 206 154 136 85 80 103 126 
4 93 128 154 173 134 123 215 0 3 87 126 132 199 136 341 151 158 157 136 104 78 106 134 
2 42 137 77 104 225 324 113 1 2 28 147 98 174 356 218 68 132 66 118 241 296 92 11 
0 11 112 281 122 123 211 164 0 0 35 244 139 143 214 249 30 111 248 182 105 167 143 38 
1 69 188 255 238 153 72 48 1 108 137 268 242 135 80 53 38 35 49 79 132 185 188 318 
4 68 125 229 292 159 63 84 13 90 182 271 274 75 51 68 0 4 26 81 88 124 185 516 
2 171 315 304 129 74 23 6 16 202 222 353 119 60 43 9 0 28 168 242 191 115 106 174 
19 421 387 77 74 31 12 3 34 377 409 111 60 23 9 1 53 387 195 129 54 37 41 128 
112 857 32 14 8 1 0 0 77 538 386 16 7 0 0 0 86 670 108 97 35 15 10 3 
143 745 85 30 12 8 1 0 35 444 479 51 9 6 0 0 166 595 137 46 34 18 8 20 
2 244 611 79 71 10 7 0 5 197 232 556 25 6 3 0 16 117 415 139 135 53 58 91 
268 417 264 27 16 24 8 0 21 448 312 182 18 20 20 3 291 476 129 45 51 28 4 0 
251 189 290 251 29 12 2 0 64 367 416 146 15 13 3 0 157 196 133 42 89 249 141 17 
185 241 233 162 103 58 38 4 41 334 202 234 91 89 32 1 178 273 117 57 49 90 109 151 
86 394 210 61 93 95 69 16 1 232 367 159 102 84 64 15 248 245 130 56 36 23 44 242 
576 436 10 2 0 0 0 0 45 860 114 3 2 0 0 0 854 166 2 2 0 0 0 0 
706 261 19 7 3 7 8 13 84 799 101 9 3 7 7 14 798 185 11 7 9 12 2 0 
2 81 520 157 58 76 82 48 1 42 128 455 166 55 98 79 46 187 280 254 99 84 66 8 
3 94 311 180 122 122 119 73 0 0 32 282 211 135 146 218 203 297 149 124 102 92 56 1 
21 57 154 127 165 153 224 123 0 2 58 151 121 162 174 356 141 149 148 142 155 166 119 4 
57 331 162 177 127 79 75 16 0 23 258 208 169 162 90 114 539 152 125 77 72 53 6 0 
83 134 143 167 171 151 118 57 2 48 139 126 151 203 151 204 293 207 153 155 116 79 21 0 
494 210 66 51 60 61 59 23 43 412 246 69 49 53 66 86 671 91 57 71 59 44 26 5 
451 169 54 78 84 67 61 60 30 433 163 55 76 82 69 116 600 79 77 76 65 55 60 12 
36 95 162 155 157 121 133 165 10 27 88 189 162 151 123 274 121 161 178 146 107 151 132 28 
13 146 216 184 130 101 100 134 1 9 157 223 169 127 110 228 245 187 151 126 87 80 109 39 
36 222 291 156 88 80 66 85 0 19 217 274 183 92 84 155 359 246 125 78 57 67 87 5 
2 82 153 229 191 181 84 102 0 3 47 152 198 229 187 208 175 201 174 170 131 60 77 36 
35 351 293 166 113 42 16 8 0 3 265 361 166 136 69 24 432 340 110 84 37 12 9 0 
57 204 213 213 155 84 53 45 0 39 200 193 206 174 102 110 385 233 163 107 56 43 28 9 
42 307 228 170 124 85 31 37 0 37 275 225 185 127 94 81 498 223 109 85 47 24 15 23 
118 515 165 122 53 21 15 15 1 136 485 180 110 54 29 29 738 149 80 21 10 9 11 6 
166 354 212 145 74 41 20 12 0 192 314 194 153 101 39 31 599 199 109 56 32 17 11 1 
38 228 166 153 174 135 70 60 1 41 199 169 146 163 161 144 338 170 148 152 88 53 45 30 
23 132 212 208 133 90 84 142 0 25 144 202 226 119 97 211 266 220 163 98 88 106 70 13 
46 283 349 171 74 34 40 27 1 42 284 360 160 71 46 60 469 306 115 51 28 42 13 0 
56 129 175 313 191 102 46 12 15 59 106 158 274 229 116 67 269 222 253 151 61 43 25 0 
57 206 101 177 225 158 70 30 1 28 210 107 155 212 189 122 290 128 198 199 109 57 40 3 
42 450 156 86 104 54 63 69 0 35 440 161 86 114 59 129 469 204 84 76 58 62 65 6 
12 289 195 123 139 78 83 105 0 13 291 180 134 121 100 185 367 188 146 81 42 65 105 30 
26 170 183 171 170 152 95 57 2 28 160 180 185 150 164 155 366 189 128 117 101 52 54 17 
10 166 189 238 153 148 69 51 0 5 149 171 218 185 139 157 380 192 187 130 60 47 28 0 
4 161 217 156 140 106 163 77 0 6 129 250 161 150 161 167 192 279 157 95 136 126 38 1 
0 9 88 406 76 98 171 176 0 0 21 352 153 98 155 245 12 84 215 302 106 142 96 67 
1 63 166 427 160 63 78 66 3 57 137 353 176 122 93 83 9 64 197 332 145 126 99 52 
8 372 285 169 91 45 29 25 26 412 260 149 87 41 23 26 49 90 97 129 382 193 53 31 
68 605 247 44 26 16 14 4 52 557 177 148 37 19 18 16 2 139 238 459 128 31 16 11 
47 599 329 23 19 2 5 0 0 279 679 21 25 13 2 5 119 786 87 22 4 2 4 0 
75 843 60 16 27 3 0 0 1 368 594 25 24 12 0 0 28 835 87 12 12 15 23 12 
140 849 34 1 0 0 0 0 0 441 572 11 0 0 0 0 79 827 94 20 4 0 0 0 
40 379 604 1 0 0 0 0 0 80 449 493 2 0 0 0 23 409 589 3 0 0 0 0 
104 406 102 61 98 64 63 126 7 254 325 110 84 83 54 107 201 387 88 81 73 68 81 45 
113 250 300 206 103 32 10 10 97 381 293 147 71 23 4 8 52 230 216 162 217 81 46 20 
17 63 128 255 228 115 155 63 4 107 251 244 128 184 61 45 24 47 115 157 154 95 111 321 
245 545 64 66 54 25 25 0 14 642 237 70 26 27 8 0 500 265 103 45 34 19 16 42 
756 235 10 4 3 7 6 3 74 877 46 7 1 6 5 8 877 121 6 3 5 6 5 1 
126 99 52 119 181 163 164 120 26 147 67 86 134 141 151 272 238 104 120 138 157 118 68 81 
0 133 296 170 165 105 82 73 3 87 302 260 132 87 86 67 88 332 118 85 81 103 93 124 
13 169 391 152 113 87 75 24 0 4 65 345 259 112 106 133 318 318 152 76 65 56 39 0 
31 291 254 117 86 105 115 25 0 19 243 262 144 95 85 176 427 188 113 108 93 75 20 0 
62 312 213 124 85 120 81 27 0 33 320 221 120 88 107 135 477 184 122 110 83 37 11 0 
45 108 285 145 117 116 121 87 5 29 101 244 187 107 132 219 224 241 147 126 122 87 48 29 
316 277 84 100 85 58 65 39 23 336 228 84 86 90 67 110 551 128 106 95 57 49 21 17 
215 221 150 84 103 78 77 96 46 268 131 144 90 103 84 158 480 137 83 97 92 60 67 8 
116 278 175 142 112 85 65 51 16 131 239 163 152 125 78 120 356 221 131 102 88 65 34 27 
26 264 290 136 106 84 75 43 0 23 246 304 131 105 96 119 362 235 142 104 68 59 34 20 
37 260 328 108 71 65 55 100 5 44 232 326 121 78 68 150 511 153 94 68 43 66 80 9 
127 296 195 93 98 88 60 67 16 140 245 207 94 93 100 129 376 194 146 95 66 64 60 23 
77 466 250 140 57 18 8 8 1 30 459 264 160 71 22 17 756 154 62 28 6 11 4 3 
70 187 230 178 188 129 32 10 16 60 163 190 186 178 165 66 404 227 166 147 60 12 8 0 
31 271 171 80 75 46 52 298 0 48 279 163 90 100 91 253 451 103 146 107 124 78 15 0 
204 542 97 32 30 36 31 52 10 251 505 89 63 40 34 32 798 101 46 20 25 12 19 3 
189 308 117 111 103 96 61 39 10 248 259 97 106 110 88 106 588 107 94 80 58 56 33 8 
64 338 156 97 164 106 69 30 1 86 282 160 105 146 147 97 460 115 150 111 92 58 37 1 
38 204 257 189 145 77 73 41 2 65 182 248 160 170 81 116 397 210 163 89 54 56 46 9 
57 419 299 82 59 39 26 43 0 108 334 332 80 59 39 72 619 197 72 38 27 30 31 10 
148 306 173 165 88 48 53 43 17 190 267 155 157 102 46 90 600 169 88 41 37 33 45 11 
142 410 193 117 83 43 18 18 0 107 420 197 116 92 53 39 601 191 107 62 23 13 23 4 
148 337 116 68 137 117 82 19 4 226 256 102 59 105 158 114 490 117 118 121 88 69 21 0 
268 552 109 34 24 10 16 11 0 351 493 87 35 26 11 21 846 95 38 19 2 18 6 0 
119 523 143 56 43 37 42 61 4 219 460 115 51 41 44 90 636 164 50 38 39 33 43 21 
21 299 181 177 99 67 73 107 0 14 338 299 96 63 73 141 371 274 100 70 72 64 62 11 
13 197 236 227 148 111 59 33 0 17 187 224 188 185 119 104 242 255 199 119 106 55 43 5 
1 58 187 381 166 86 53 92 0 1 55 274 342 137 82 133 95 254 294 153 84 62 62 20 
15 77 221 225 132 112 114 128 4 57 156 236 157 108 102 204 45 103 179 171 151 146 173 56 
16 147 321 218 122 103 65 32 9 123 243 241 119 120 102 67 213 314 176 117 109 69 25 1 
29 483 230 45 69 81 62 25 11 186 363 187 54 63 74 86 66 347 282 127 81 66 48 7 
29 633 263 33 15 19 21 11 2 101 619 209 31 12 18 32 56 606 265 29 20 20 20 8 
56 645 140 95 57 28 3 0 2 292 527 108 58 34 3 0 11 524 156 45 55 106 73 54 
168 638 88 73 44 9 4 0 72 451 387 76 27 7 4 0 18 442 249 138 48 32 50 47 
53 598 350 8 9 5 1 0 0 183 555 265 14 5 2 0 24 631 332 13 5 8 6 5 
22 176 194 65 353 149 23 42 2 123 127 271 353 88 20 40 37 184 92 60 45 24 75 507 
46 221 437 130 169 20 1 0 18 185 531 182 99 8 1 0 19 290 218 116 97 69 90 125 
2 192 345 353 116 15 1 0 5 331 291 329 60 8 0 0 0 4 39 69 337 206 208 161 
191 449 163 160 45 11 4 1 96 546 179 133 52 16 1 1 85 90 73 261 319 85 84 27 
172 528 55 62 53 61 69 24 10 318 385 47 57 53 59 95 591 164 65 59 49 56 39 1 
98 96 92 154 191 154 147 92 14 133 49 75 220 161 125 247 188 139 87 107 114 141 111 137 
16 33 314 155 188 157 80 81 10 44 192 225 188 139 119 107 8 369 125 88 85 96 96 157 
3 59 159 78 126 181 317 101 0 1 21 161 95 106 166 474 125 143 108 171 197 192 84 4 
5 48 145 188 166 214 192 66 0 1 37 87 177 176 206 340 147 210 205 224 144 85 9 0 
1 12 80 143 211 260 240 77 0 0 11 31 131 196 257 398 73 149 185 206 206 151 48 6 
2 28 147 177 108 158 185 219 0 3 25 127 190 115 153 411 124 209 150 143 129 135 87 47 
11 90 214 153 128 145 167 116 0 12 83 234 130 117 147 301 188 212 135 161 134 103 70 21 
19 47 73 167 255 169 187 107 2 19 43 55 149 243 200 313 109 160 216 150 142 134 97 16 
5 104 171 184 232 136 126 66 0 1 46 171 171 244 163 228 195 221 190 161 103 69 65 20 
36 353 227 112 105 66 60 65 0 15 270 301 113 109 79 137 376 200 196 85 67 34 37 29 
47 341 184 116 85 73 62 116 0 25 318 216 114 100 82 169 436 173 112 70 57 72 70 34 
66 301 233 128 119 103 49 25 2 60 199 305 131 126 108 93 500 174 119 101 72 37 21 0 
164 553 134 76 41 26 14 16 19 165 402 241 79 55 31 32 768 141 44 26 20 13 12 0 
63 283 221 61 95 92 89 120 15 88 275 201 52 85 101 207 521 91 101 82 66 69 55 39 
26 145 167 81 63 69 89 384 1 65 170 141 85 85 91 386 340 128 119 134 98 125 71 9 
174 253 60 97 220 86 103 31 27 349 100 145 168 118 64 53 568 139 161 103 32 13 8 0 
135 341 120 40 56 60 74 198 16 400 155 64 63 66 72 188 577 77 61 94 100 84 31 0 
38 156 86 47 51 70 43 533 8 142 122 39 40 48 61 564 306 45 58 116 194 129 84 92 
118 452 166 87 38 28 21 114 10 125 407 211 74 39 35 123 728 86 103 62 23 12 10 0 
395 339 111 48 21 48 45 17 76 394 265 111 45 21 29 83 766 102 75 44 17 7 10 3 
285 590 84 32 16 7 2 8 19 190 621 126 30 18 8 12 921 52 27 14 3 4 3 0 
236 319 172 85 78 82 33 19 44 270 223 185 90 68 84 60 603 148 79 94 46 26 27 1 
238 471 158 48 34 32 24 19 26 280 408 157 45 38 31 39 666 198 39 46 27 22 18 8 
298 598 47 22 30 18 9 2 24 526 375 20 30 28 10 11 863 78 28 32 12 8 3 0 
208 489 92 30 30 26 40 109 3 331 411 52 29 29 33 136 657 123 34 33 23 34 60 60 
71 180 157 185 162 80 65 124 8 162 132 180 160 150 68 164 257 206 209 95 70 55 102 30 
65 332 257 120 177 44 11 18 0 89 314 272 94 178 47 30 369 261 137 131 66 35 14 11 
7 48 271 252 119 90 139 98 2 26 154 290 157 109 77 209 143 140 122 120 225 158 78 38 
1 86 185 277 121 118 84 152 0 22 196 248 182 94 102 180 72 209 259 178 102 105 85 14 
4 101 467 205 76 51 81 39 2 60 128 423 184 67 47 113 231 357 205 70 48 63 49 1 
18 156 269 141 129 126 89 96 4 35 222 212 164 129 109 149 66 214 196 108 86 88 158 108 
24 299 492 150 39 14 6 0 7 38 369 457 107 32 10 4 127 340 338 103 58 45 11 2 
26 269 404 131 96 70 22 6 14 131 521 156 94 64 32 12 14 154 466 134 111 76 42 27 
46 304 451 140 67 10 6 0 31 274 466 213 25 10 5 0 10 108 368 237 92 72 56 81 
19 195 240 230 127 65 109 39 0 101 294 367 58 60 104 40 13 165 176 96 43 54 153 324 
32 295 353 212 86 33 13 0 5 198 376 347 48 41 9 0 20 151 311 160 114 41 75 152 
19 79 349 198 162 133 82 2 5 108 235 337 175 143 20 1 14 133 156 124 119 106 78 294 
0 20 507 386 89 17 5 0 0 168 422 208 195 28 3 0 0 6 147 91 350 258 111 61 
91 472 211 165 61 23 1 0 71 439 121 128 188 72 5 0 112 216 158 220 242 31 23 22 
311 462 64 46 32 30 32 47 30 521 237 45 50 36 30 75 522 329 29 27 32 30 43 12 
41 80 182 207 111 130 148 125 3 53 44 132 216 150 137 289 187 241 127 95 105 138 108 23 
0 13 135 140 137 238 283 78 0 0 26 150 161 221 316 150 9 132 146 122 174 330 106 5 
3 151 222 153 173 149 122 51 0 2 65 255 175 149 162 216 310 210 196 139 90 61 18 0 
0 30 207 142 150 190 216 89 0 0 2 143 181 138 194 366 173 211 168 135 150 126 61 0 
2 62 138 113 140 178 230 161 0 0 21 127 136 129 178 433 122 142 133 161 167 190 102 7 
3 65 174 175 208 175 147 77 0 2 36 153 178 187 199 269 119 225 221 200 140 85 32 2 
0 25 171 221 179 113 147 168 0 1 31 141 220 189 129 313 132 239 155 128 107 128 111 24 
1 16 108 263 226 156 150 104 0 0 16 87 210 258 176 277 171 206 196 148 125 101 71 6 
26 214 173 177 164 97 121 52 0 4 149 201 159 182 130 199 301 244 190 131 76 68 14 0 
415 432 54 59 26 22 10 6 4 394 431 68 42 48 20 17 762 173 37 27 11 11 3 0 
28 109 199 237 138 70 95 148 1 34 102 235 221 123 82 226 251 250 151 99 64 85 99 25 
195 254 131 97 89 95 98 65 12 239 184 145 98 81 102 163 461 140 83 112 65 78 72 13 
211 316 73 66 82 99 100 77 17 264 249 70 68 68 109 179 531 74 63 82 84 88 92 10 
47 212 163 77 86 76 92 271 3 67 229 131 95 119 103 277 395 97 80 87 84 113 127 41 
28 114 38 60 75 42 55 612 3 133 47 76 94 47 59 565 271 148 219 106 83 89 55 53 
26 122 133 88 230 138 97 190 4 36 166 204 171 145 117 181 280 243 177 86 63 61 73 41 
47 88 39 126 184 118 115 307 14 104 58 180 176 94 123 275 214 192 147 106 113 112 101 39 
60 114 31 79 151 75 85 429 31 138 57 123 164 80 121 310 333 222 167 103 73 73 50 3 
180 223 105 82 156 92 41 145 64 225 201 181 139 45 40 129 537 155 143 64 49 47 24 5 
375 357 77 46 55 64 34 16 76 368 289 81 40 52 57 61 762 57 64 59 47 20 15 0 
185 723 83 13 6 5 7 2 0 208 642 137 14 8 5 10 917 82 6 7 5 6 1 0 
144 394 158 84 71 83 51 39 22 140 389 134 86 77 75 101 565 129 92 69 68 46 36 19 
192 597 68 36 34 27 29 41 23 196 579 61 36 39 26 64 592 255 41 40 29 15 27 25 
293 549 24 18 17 14 33 76 2 593 252 23 18 15 17 104 713 140 18 19 16 21 38 59 
353 515 37 9 9 13 7 81 41 580 277 15 8 14 10 79 830 81 13 17 41 36 6 0 
91 310 155 79 59 63 38 229 6 242 226 106 87 60 58 239 488 115 84 68 88 92 88 1 
37 291 281 111 70 47 77 110 1 61 318 270 99 70 56 149 413 207 92 69 48 69 84 42 
5 108 245 280 156 86 76 68 14 77 186 272 206 82 80 107 118 256 262 144 98 70 51 25 
0 21 221 284 155 131 107 105 0 14 223 244 142 101 108 192 79 269 257 104 97 124 90 4 
2 30 335 278 91 77 67 144 3 15 186 404 115 67 70 164 98 252 194 128 101 88 84 79 
0 32 321 266 196 118 45 46 0 121 207 293 156 111 78 58 4 36 84 142 315 148 145 150 
0 62 345 326 92 49 62 88 4 123 348 229 93 55 43 129 21 57 83 107 201 284 177 94 
0 17 284 195 130 120 83 195 6 202 227 102 143 91 74 179 1 17 44 94 196 339 180 153 
23 308 267 186 88 58 55 39 151 269 273 146 50 51 56 28 12 148 213 126 116 107 104 198 
4 47 235 391 141 58 21 127 7 82 366 275 63 46 54 131 11 71 151 166 130 130 157 208 
6 89 354 243 193 60 63 16 7 240 365 233 66 57 44 12 0 14 50 66 181 201 212 300 
0 79 388 187 84 46 67 173 2 325 192 156 64 60 54 171 1 28 74 105 363 133 72 248 
0 24 267 275 251 120 64 23 1 62 169 305 266 126 62 33 1 53 192 209 139 119 118 193 
4 119 242 339 111 126 50 33 7 112 272 297 143 129 35 29 20 131 139 151 176 111 82 214 
63 374 340 160 55 8 10 14 26 158 299 261 164 80 12 24 206 414 187 97 49 30 34 7 
13 76 145 133 118 215 228 96 0 26 113 85 122 123 189 366 74 173 154 112 220 212 68 11 
0 1 157 177 192 279 200 18 0 0 8 197 182 250 270 117 1 135 181 182 246 232 46 1 
25 487 263 101 68 38 30 12 0 2 204 465 174 76 49 54 658 165 87 45 42 23 4 0 
28 224 236 106 92 109 146 83 0 10 161 270 135 85 99 264 298 204 108 104 124 98 83 5 
6 95 335 197 152 134 71 34 0 2 29 280 253 167 153 140 316 253 139 133 91 74 18 0 
6 124 198 133 171 165 149 78 0 3 53 209 160 179 167 253 256 126 143 167 155 97 74 6 
7 115 215 154 184 164 139 46 0 4 62 177 201 192 170 218 215 175 164 182 128 123 37 0 
1 56 316 203 134 113 105 96 0 1 15 242 287 134 121 224 260 244 144 113 105 69 39 50 
4 127 275 149 139 159 112 59 0 1 51 294 167 146 169 196 202 188 187 145 122 91 80 9 
52 234 194 141 136 106 96 65 0 13 232 202 160 119 117 181 243 217 164 116 99 89 75 21 
45 206 220 201 166 74 42 70 1 23 175 233 183 204 89 116 286 297 172 89 54 51 68 7 
61 108 167 246 173 128 79 62 5 61 85 156 244 193 121 159 261 223 235 116 66 53 48 22 
142 263 130 93 86 165 57 88 9 143 263 110 98 88 113 200 429 172 69 80 137 43 61 33 
257 394 123 84 32 24 28 82 28 265 368 119 93 55 40 56 714 131 44 47 40 36 7 5 
435 456 24 39 37 16 12 5 234 298 352 37 42 37 13 11 887 53 52 22 5 1 4 0 
78 124 174 199 152 165 95 37 14 62 112 185 207 115 143 186 262 204 211 158 118 63 8 0 
297 158 54 90 171 116 77 61 154 219 103 58 119 130 104 137 465 102 178 95 85 67 28 4 
383 200 86 158 110 40 24 23 261 201 138 101 185 67 37 34 582 152 144 71 39 24 12 0 
337 201 65 242 120 41 14 4 158 229 179 193 150 60 38 17 556 243 126 61 22 11 4 1 
361 252 29 30 50 76 86 140 121 343 160 32 52 93 86 137 605 45 53 73 81 70 91 6 
264 256 93 27 33 55 50 246 151 225 205 69 44 32 92 206 611 67 73 80 117 61 15 0 
174 338 133 77 153 79 33 37 27 212 320 117 214 72 32 30 513 205 179 94 19 7 7 0 
509 401 42 23 22 17 3 7 45 682 179 48 26 23 12 9 866 83 28 18 19 2 8 0 
389 562 42 4 4 2 4 17 36 547 389 24 3 4 1 20 817 164 14 4 3 1 8 13 
50 251 90 23 28 35 29 518 4 195 187 35 30 35 49 489 345 134 52 108 98 74 97 116 
7 15 86 68 67 80 74 627 0 13 71 133 73 72 94 568 211 199 184 139 111 100 57 23 
93 322 143 93 101 134 89 49 8 121 313 140 74 97 138 133 479 141 94 117 119 62 12 0 
41 138 240 223 79 62 104 137 0 58 218 253 158 57 49 231 251 242 175 64 58 83 144 7 
3 29 282 242 137 114 122 95 0 3 181 322 127 83 99 209 57 219 107 110 133 183 189 26 
0 14 147 249 178 132 74 230 0 43 196 221 192 96 57 219 1 15 42 67 146 214 228 311 
0 9 97 242 240 176 101 159 0 15 133 220 250 147 100 159 3 75 77 135 161 187 168 218 
2 52 113 116 199 245 207 90 8 121 91 169 162 274 127 72 0 4 23 80 106 152 164 495 
8 268 196 180 182 137 41 12 95 259 182 170 177 102 25 14 1 14 53 155 146 137 178 340 
21 341 280 121 45 27 22 167 113 344 227 90 42 25 25 158 122 290 229 102 57 35 37 152 
0 13 140 208 183 181 87 212 1 60 127 175 163 146 137 215 1 24 131 164 256 196 109 143 
2 272 415 192 52 40 25 26 22 323 416 140 51 29 28 15 27 205 125 261 188 97 34 87 
5 489 150 193 159 27 1 0 142 454 174 197 56 1 0 0 9 157 103 315 140 103 84 113 
5 375 497 88 43 9 5 2 25 407 332 190 50 15 4 1 1 89 126 228 501 58 14 7 
0 207 350 168 193 86 20 0 2 318 264 125 117 116 81 1 0 5 19 157 402 217 120 104 
6 252 253 168 141 80 64 60 0 64 280 149 139 170 90 132 29 319 340 135 73 62 56 10 
23 148 115 203 152 152 158 73 3 65 131 137 155 147 177 209 124 252 193 156 129 115 52 3 
0 6 162 210 196 249 184 17 0 0 4 119 227 248 276 150 13 175 218 184 233 178 22 1 
31 254 250 84 59 59 121 166 0 6 150 288 144 79 74 283 355 212 74 54 72 112 130 15 
3 61 252 211 113 127 175 82 0 3 24 168 254 162 122 291 208 239 157 142 113 126 38 1 
12 127 244 161 124 146 148 62 1 6 55 232 203 131 145 251 210 232 134 146 133 99 65 5 
37 322 232 139 101 81 74 38 0 18 210 318 152 117 85 124 523 167 98 69 76 54 31 6 
7 186 180 153 158 161 123 56 0 2 110 209 159 164 169 211 297 175 131 123 152 92 45 9 
25 346 135 107 115 90 90 116 0 14 264 204 116 116 94 216 340 157 125 79 82 63 101 77 
8 239 257 131 150 75 55 109 0 0 113 342 126 178 97 168 270 257 178 95 53 30 62 79 
24 374 229 109 71 65 98 54 0 9 300 301 109 75 70 160 403 247 93 75 62 73 51 20 
42 309 171 120 149 118 62 53 1 21 290 195 97 145 131 144 327 221 120 121 112 54 37 32 
96 260 217 127 123 89 70 42 4 97 160 266 148 119 107 123 324 273 146 109 71 50 41 10 
174 354 188 138 90 54 25 1 18 167 219 294 136 86 71 33 536 263 121 61 27 13 3 0 
134 140 204 151 111 79 95 110 41 101 121 180 169 97 105 210 414 169 141 73 61 97 61 8 
177 301 84 53 139 104 71 95 44 185 233 84 56 91 141 190 508 87 121 93 61 37 109 8 
326 198 144 130 120 80 19 7 80 331 102 115 154 53 146 43 530 226 129 94 24 8 11 2 
393 348 177 54 13 14 9 16 145 258 315 188 65 14 16 23 809 140 28 10 15 13 9 0 
173 115 52 148 190 106 92 148 110 158 104 206 170 92 72 112 485 211 117 69 74 57 11 0 
334 160 215 187 98 16 11 3 131 249 159 223 172 67 12 11 524 215 151 101 18 12 3 0 
400 286 55 66 89 57 37 34 222 332 149 53 70 88 50 60 666 91 99 63 47 23 30 5 
369 222 100 72 53 48 39 121 266 267 86 103 72 65 66 99 572 146 104 60 41 37 37 27 
251 255 72 116 145 82 52 51 32 299 179 173 157 102 31 51 568 192 104 74 29 29 26 2 
165 463 259 80 42 13 1 1 63 138 316 279 175 41 7 5 566 323 77 39 16 2 1 0 
165 315 99 43 61 95 81 165 26 269 230 62 42 83 113 199 419 140 55 55 87 87 87 94 
254 444 91 33 30 27 26 119 38 490 243 37 21 40 55 100 695 97 25 24 37 61 77 8 
114 162 98 216 165 107 68 94 35 136 189 262 157 67 54 124 407 176 187 76 58 34 52 34 
41 111 245 160 149 124 104 90 8 63 124 210 135 168 124 192 246 239 154 153 85 61 72 14 
35 228 314 89 69 61 132 96 2 49 381 140 93 66 58 235 296 303 83 74 56 156 56 0 
4 91 369 317 132 54 26 31 0 72 206 365 200 78 52 51 54 193 117 180 206 130 114 30 
0 29 166 360 284 140 43 2 3 81 160 450 197 115 17 1 0 8 16 39 79 116 248 518 
0 88 167 303 318 93 38 17 3 143 200 336 213 64 36 29 4 14 41 80 130 107 197 451 
0 192 257 298 168 27 41 41 7 318 249 287 67 21 34 41 9 6 10 39 308 211 241 200 
58 712 91 72 29 27 15 20 345 452 80 59 31 28 13 16 0 22 113 339 372 52 60 66 
1 383 333 43 12 24 71 157 65 476 202 19 13 29 69 151 157 435 66 114 34 72 75 71 
0 31 194 264 220 157 73 85 0 79 168 283 222 77 89 106 1 21 22 38 145 171 204 422 
0 81 415 255 114 107 33 19 5 181 335 269 106 83 30 15 63 359 75 81 104 57 116 169 
24 363 177 178 97 70 50 65 115 261 161 171 92 64 63 97 32 126 143 257 188 162 82 34 
0 397 314 151 49 22 21 70 16 266 245 290 72 44 18 73 89 268 207 151 78 78 95 58 
0 168 312 126 144 146 52 76 0 21 82 371 114 104 163 169 174 224 130 212 140 53 52 39 
0 5 50 134 141 194 144 356 0 0 16 95 95 116 197 505 30 90 165 166 137 113 96 227 
0 0 58 266 215 231 178 76 0 0 3 185 200 143 218 275 81 202 235 214 161 113 18 0 
0 9 244 282 210 180 86 13 0 0 7 176 323 222 193 103 9 256 286 200 170 88 15 0 
8 147 230 156 144 133 125 81 0 3 85 211 197 139 141 248 314 206 168 115 97 67 51 6 
65 264 252 126 103 87 86 41 0 11 216 274 169 112 91 151 426 228 121 107 64 53 25 0 
57 388 210 96 84 70 92 27 0 23 243 319 151 77 71 140 552 147 78 77 58 79 33 0 
67 388 240 117 66 55 56 35 1 18 294 340 145 73 59 94 611 157 84 59 58 30 17 8 
100 305 157 120 135 124 56 27 2 47 261 206 119 129 134 126 449 195 123 112 74 45 26 0 
27 221 169 175 213 108 81 30 0 11 146 223 161 205 143 135 258 313 181 107 86 69 10 0 
20 210 247 234 131 68 82 32 2 16 132 261 184 210 93 126 244 299 203 94 62 54 54 14 
67 397 159 79 66 52 44 160 1 64 387 171 92 68 55 186 419 183 88 75 48 44 68 99 
65 116 140 151 163 164 133 92 3 89 99 147 164 165 173 184 182 149 158 172 152 121 71 19 
256 290 107 108 108 64 66 25 6 285 242 88 109 116 75 103 559 143 115 74 49 45 35 4 
156 96 83 137 214 119 111 108 9 145 95 73 117 221 147 217 268 138 192 122 77 83 106 38 
152 278 254 82 63 61 79 55 19 164 166 299 109 59 71 137 567 148 73 54 49 74 58 1 
180 259 158 140 85 68 62 72 41 190 208 171 143 81 58 132 534 164 104 68 49 59 35 11 
434 151 81 202 100 28 16 12 194 291 94 62 124 193 36 30 609 203 103 55 22 15 16 1 
482 135 215 142 38 8 4 0 270 289 67 252 114 22 9 1 656 223 119 16 9 1 0 0 
608 119 78 176 23 14 5 1 344 254 135 117 125 28 15 6 784 123 85 20 8 3 1 0 
177 73 146 301 152 70 58 47 34 175 82 246 306 112 41 28 352 277 286 75 16 14 4 0 
0 15 32 55 110 143 196 473 0 11 47 92 154 197 133 390 149 249 157 156 121 91 68 33 
25 81 71 77 92 171 252 255 6 46 78 79 82 84 232 417 104 110 68 90 136 194 214 108 
137 306 86 114 58 75 112 136 10 147 216 162 120 64 90 215 413 107 95 62 58 85 125 79 
352 143 274 45 74 40 36 60 128 274 72 237 110 69 45 89 455 305 42 60 50 32 35 45 
26 71 66 43 87 183 181 367 7 34 75 62 39 94 186 527 59 92 31 53 150 168 156 315 
341 244 71 57 122 66 54 69 164 278 167 57 65 114 68 111 474 149 51 63 127 54 54 52 
330 180 157 154 125 58 19 1 29 332 136 162 168 107 67 23 527 189 179 83 34 10 2 0 
84 138 319 188 143 95 44 13 4 112 73 264 231 149 108 83 353 280 188 124 58 14 7 0 
54 281 218 139 120 113 80 19 1 54 231 249 130 113 124 122 364 219 132 129 133 36 11 0 
15 53 252 238 185 92 85 104 0 60 214 290 163 98 60 139 72 164 139 125 148 165 142 69 
0 31 287 314 206 77 71 38 1 83 316 358 78 89 65 34 49 105 90 122 135 167 172 184 
0 45 340 281 171 136 49 2 0 6 250 312 147 134 132 43 130 300 235 207 116 30 5 1 
0 117 271 115 122 115 159 125 0 94 98 209 104 116 195 208 153 139 98 148 172 223 83 8 
42 426 368 101 42 22 18 5 162 181 228 223 170 28 32 0 288 254 145 200 114 21 2 0 
4 169 306 52 56 85 217 135 21 160 213 104 66 66 211 183 124 276 63 113 117 228 95 8 
0 90 391 197 79 126 108 33 0 26 184 357 114 78 120 145 39 252 139 123 146 229 72 24 
0 243 438 218 64 22 26 13 9 265 401 215 42 47 18 27 19 188 202 186 127 140 127 35 
6 130 340 151 97 94 110 96 4 40 211 249 165 92 96 167 55 282 218 125 116 112 96 20 
7 114 414 140 47 101 130 71 0 6 111 408 124 80 102 193 128 401 139 51 121 130 54 0 
12 219 202 73 122 210 97 89 0 0 122 273 81 109 158 281 252 182 115 152 169 61 64 29 
0 0 1 6 49 131 189 648 0 0 0 0 16 75 178 755 0 2 16 79 133 143 241 410 
0 3 89 237 143 177 188 187 0 0 5 88 210 152 142 427 85 209 141 133 181 118 42 115 
0 19 325 349 177 88 51 15 0 0 2 190 421 232 120 59 65 372 280 166 96 34 11 0 
26 260 222 103 88 125 101 99 0 2 150 300 135 94 128 215 365 173 88 91 98 107 93 9 
117 453 250 87 32 29 18 38 4 107 387 324 81 38 23 60 600 228 84 28 22 22 14 26 
445 399 56 31 41 21 18 13 2 362 439 91 32 41 26 31 828 64 36 38 26 18 14 0 
174 398 142 71 63 74 72 30 2 118 409 180 73 59 71 112 621 119 73 66 75 56 14 0 
97 321 211 117 114 69 46 49 1 65 340 218 111 120 68 101 493 172 127 98 46 37 33 18 
111 242 152 91 108 123 113 84 13 126 179 160 112 103 142 189 385 152 96 115 97 81 66 32 
93 210 153 130 99 93 91 155 4 80 230 162 122 111 99 216 349 150 96 86 96 89 103 55 
50 199 186 157 129 104 92 107 7 60 199 194 160 126 112 166 246 199 173 128 86 81 78 33 
151 333 170 108 87 68 54 53 6 148 324 178 106 95 74 93 440 196 129 95 56 48 37 23 
135 451 210 110 51 36 17 14 0 117 348 260 152 74 36 37 613 210 92 48 24 19 17 1 
449 314 54 52 42 37 34 42 57 409 283 46 59 54 41 75 736 73 52 40 34 27 51 11 
166 442 176 70 42 34 52 42 21 160 320 262 85 38 44 94 555 220 76 40 44 63 26 0 
107 477 192 43 37 40 51 77 2 87 456 232 45 38 42 122 480 224 97 34 41 38 55 55 
201 161 137 113 131 72 118 91 14 216 133 125 119 115 119 183 418 168 127 44 29 91 91 56 
216 214 191 114 115 67 65 42 21 241 153 179 130 128 69 103 458 199 126 59 52 68 51 11 
440 128 170 215 50 9 7 5 207 265 84 118 263 63 13 11 623 179 166 34 9 7 4 2 
137 155 90 98 97 118 171 158 29 158 121 108 100 79 143 286 273 120 94 69 98 111 155 104 
18 33 39 100 104 175 213 342 5 27 35 66 98 93 202 498 46 60 75 79 132 186 201 245 
21 20 15 22 84 230 275 357 13 24 9 18 24 92 250 594 34 15 20 61 186 215 268 225 
29 119 74 85 155 176 163 223 8 35 54 131 78 170 173 375 99 111 62 97 201 169 188 97 
312 289 191 92 53 21 23 43 58 301 185 228 107 59 21 65 480 279 118 54 30 29 24 10 
152 117 224 140 197 150 22 22 58 112 68 212 157 193 176 48 363 174 86 124 169 73 26 9 
370 155 45 78 59 75 95 147 119 378 38 42 84 64 91 208 490 52 38 75 68 81 93 127 
208 206 250 69 49 85 90 67 8 215 163 263 84 46 99 146 355 277 89 38 73 81 68 43 
61 120 92 56 94 172 214 215 0 66 106 91 65 91 186 419 157 107 56 60 124 183 195 142 
37 106 203 132 181 131 112 122 3 51 75 206 121 172 171 225 161 195 141 153 137 102 105 30 
1 56 318 250 202 72 40 85 0 40 251 362 170 71 46 84 47 123 73 85 124 166 229 177 
4 88 338 173 195 106 83 37 1 72 174 291 159 89 105 133 205 247 127 114 113 115 54 49 
10 325 313 157 93 82 34 10 9 254 157 270 139 75 74 46 123 155 197 280 162 68 19 20 
5 69 268 87 251 213 87 44 0 0 46 257 108 85 421 107 260 115 80 290 153 89 37 0 
0 199 425 128 223 34 7 8 0 18 182 335 213 131 133 12 470 198 91 190 65 3 7 0 
3 182 348 105 138 179 61 8 0 0 84 350 174 98 218 100 289 248 93 129 193 64 8 0 
1 182 409 164 108 90 51 19 0 70 171 331 148 128 113 63 140 285 239 150 130 64 14 2 
6 265 437 92 83 33 74 34 27 162 243 288 90 78 57 79 210 384 140 110 53 65 28 34 
10 239 488 154 58 36 23 16 17 260 445 161 62 33 27 19 97 253 178 146 182 96 35 37 
30 244 582 96 52 12 8 0 29 43 158 481 197 56 46 14 170 582 139 114 13 6 0 0 
20 206 273 128 174 178 43 2 0 0 97 314 170 109 224 110 217 285 129 185 175 32 1 0 
0 11 90 82 82 119 311 329 0 0 27 88 97 130 265 417 21 98 82 87 145 330 257 4 
0 63 274 254 177 105 105 46 0 10 87 289 265 114 103 156 180 194 92 114 124 165 118 37 
0 86 327 340 175 75 20 1 0 0 37 155 453 226 119 34 187 402 209 147 60 17 2 0 
115 344 185 109 81 82 68 40 3 89 318 217 122 84 83 108 447 211 119 75 79 62 15 16 
172 481 122 73 59 58 36 23 2 119 494 164 71 64 55 55 691 114 73 48 51 31 16 0 
176 273 135 104 92 88 83 73 13 150 235 199 109 90 88 140 449 144 112 88 66 94 60 11 
128 161 183 134 100 123 116 79 20 114 141 175 178 94 124 178 373 147 121 86 116 93 60 28 
54 120 182 281 132 100 96 59 12 59 116 143 280 179 108 127 180 129 295 178 102 86 54 0 
24 100 159 186 177 155 140 83 1 28 111 169 161 171 159 224 204 220 178 188 113 93 28 0 
37 77 129 152 157 196 162 114 5 48 79 152 157 185 200 198 136 138 171 177 178 147 60 17 
12 128 334 220 135 95 54 46 3 21 146 318 223 140 83 90 200 323 175 133 100 59 33 1 
96 365 280 103 59 38 27 56 3 102 384 271 99 53 39 73 421 272 145 66 32 27 35 26 
245 474 121 49 34 24 18 59 18 293 427 115 46 35 21 69 588 220 57 44 26 20 19 50 
444 313 110 63 44 28 15 7 28 497 258 97 64 37 25 18 682 156 84 44 28 20 10 0 
175 377 188 67 72 52 43 50 16 182 298 230 73 62 68 95 383 301 120 66 41 40 55 18 
36 175 126 60 63 88 146 330 0 47 174 107 65 72 104 455 191 142 43 58 60 87 170 273 
13 57 50 39 43 129 271 422 3 22 50 53 40 65 182 609 56 51 40 35 46 193 279 324 
98 222 114 66 68 127 116 213 8 149 185 109 62 70 126 315 339 83 57 50 87 123 119 166 
68 310 283 63 52 79 60 109 9 76 262 302 79 56 84 156 433 229 46 40 71 65 77 63 
14 44 30 26 144 274 280 212 2 11 52 16 36 125 281 501 53 34 20 60 308 217 178 154 
4 6 20 54 111 251 294 284 2 4 8 20 59 108 281 542 7 14 26 83 193 270 248 183 
25 38 37 30 87 167 243 397 4 35 22 39 40 103 192 589 54 41 21 41 177 200 170 320 
19 118 110 167 146 126 126 212 0 33 116 121 160 160 125 309 123 101 89 127 145 115 126 198 
140 124 83 115 109 108 127 218 17 187 89 88 116 106 104 317 210 80 98 110 140 109 126 151 
24 85 105 94 153 219 170 174 3 20 61 108 102 165 210 355 94 109 66 101 207 180 133 134 
2 37 60 78 181 249 181 236 0 1 33 63 86 182 272 387 39 60 46 101 230 228 159 161 
0 177 373 75 170 108 70 51 0 0 32 495 80 121 163 133 262 303 59 156 114 89 32 9 
8 77 136 170 122 125 112 274 1 7 41 153 164 144 141 373 117 193 96 74 111 127 105 201 
151 199 175 229 106 51 41 72 7 158 154 153 158 212 71 111 505 212 84 53 44 43 49 34 
33 154 247 187 181 82 66 74 3 44 149 257 204 159 71 137 218 186 150 122 109 129 76 34 
35 164 332 169 119 86 69 50 0 62 347 174 124 88 104 125 424 270 108 78 69 65 10 0 
53 292 364 154 117 32 9 3 1 79 195 338 196 144 56 15 519 181 123 113 62 22 4 0 
9 206 376 200 145 69 12 7 0 4 106 330 258 198 74 54 440 251 133 110 69 17 4 0 
0 256 294 124 288 60 2 0 0 0 41 396 183 134 253 17 361 212 94 246 109 2 0 0 
26 386 299 110 60 50 55 38 0 0 192 418 184 69 58 103 391 337 112 62 53 62 7 0 
20 287 174 250 170 100 18 5 3 173 105 119 148 270 167 39 145 185 319 208 112 39 14 2 
0 169 509 78 93 128 45 2 0 38 295 314 92 65 126 94 253 440 78 103 111 37 2 0 
140 508 219 126 21 7 2 1 202 406 286 101 19 7 2 1 40 52 62 339 279 127 93 32 
166 523 294 25 13 3 0 0 93 258 232 358 56 17 10 0 197 343 138 241 101 4 0 0 
5 282 296 198 77 149 17 0 0 0 138 332 274 72 110 98 247 330 206 69 150 22 0 0 
0 267 391 192 87 42 36 9 0 0 63 466 279 124 69 23 323 273 227 87 40 21 12 41 
40 185 306 200 99 115 68 11 23 159 206 227 202 97 96 14 53 94 114 224 125 91 131 192 
22 80 403 264 92 81 82 0 52 77 130 177 418 58 103 9 106 163 205 90 84 111 75 190 
159 410 252 130 45 17 2 9 29 121 341 242 193 68 16 14 553 305 103 38 13 6 5 1 
134 294 132 105 118 92 69 80 45 144 280 122 99 127 75 132 430 163 120 99 74 74 44 20 
86 191 162 89 106 130 101 159 14 102 195 157 101 121 112 222 257 163 117 126 117 118 93 33 
52 108 147 129 152 160 160 116 7 53 107 153 147 161 167 229 238 144 155 142 154 144 46 1 
32 106 191 165 156 152 108 114 2 48 108 185 171 166 150 194 163 195 159 170 141 113 60 23 
14 66 88 169 267 135 152 133 5 21 75 87 152 269 208 207 109 104 138 238 248 130 50 7 
0 4 30 95 210 280 233 172 0 2 10 45 142 278 267 280 14 59 131 271 250 189 108 2 
14 70 205 308 189 117 79 42 6 18 110 263 276 174 93 84 125 272 260 181 87 76 23 0 
6 104 279 225 155 98 87 70 1 10 165 286 213 126 103 120 107 297 237 143 88 77 54 21 
189 413 183 92 54 40 27 26 32 237 370 175 80 54 36 40 537 247 102 48 36 30 22 2 
250 334 164 89 67 41 34 45 36 335 273 135 85 52 42 66 575 171 93 51 51 35 32 16 
100 138 130 81 107 141 173 154 10 152 82 132 80 114 148 306 197 132 83 83 101 163 186 79 
28 61 45 35 90 219 230 316 2 48 56 45 29 88 248 508 75 47 29 52 177 185 226 233 
8 22 26 57 168 202 209 332 2 6 27 29 60 181 220 499 10 33 23 95 190 197 219 257 
4 10 27 61 102 314 307 199 1 6 9 35 59 117 327 470 11 21 40 79 246 290 252 85 
31 146 113 101 123 172 157 181 8 27 188 93 84 130 175 319 149 123 69 111 180 137 142 113 
0 14 25 19 72 188 139 567 0 5 14 28 23 75 208 671 11 24 14 49 179 124 112 511 
0 23 23 37 130 209 158 444 0 14 17 23 46 132 230 562 8 26 18 75 188 155 159 395 
3 25 26 70 107 194 254 345 1 20 20 18 78 113 234 540 11 28 30 96 134 236 242 247 
26 97 108 97 105 130 186 275 19 112 96 92 79 95 138 393 48 41 92 140 155 138 174 236 
39 166 200 139 131 161 86 102 47 193 189 132 126 167 74 96 9 99 179 135 102 98 135 267 
5 58 148 95 117 205 167 229 1 12 62 152 96 130 208 363 79 110 89 90 167 174 168 147 
1 17 43 97 161 127 149 429 0 4 23 40 117 166 154 520 11 35 48 106 163 120 174 367 
7 67 235 142 110 117 123 223 0 6 46 216 179 123 125 329 80 208 111 120 90 110 147 158 
0 79 91 78 178 230 186 182 0 1 48 116 87 159 248 365 56 125 55 142 190 176 151 129 
8 17 97 355 126 116 108 197 2 11 97 94 228 195 120 277 211 218 108 85 82 85 97 138 
7 36 334 320 127 87 56 57 1 41 150 311 290 144 43 44 380 370 134 56 45 33 6 0 
14 249 339 143 99 67 82 31 0 7 212 363 154 95 66 127 487 187 111 76 60 59 40 4 
20 197 325 165 132 73 75 37 2 17 153 355 183 143 62 109 355 209 119 89 91 94 42 25 
12 121 333 330 96 83 47 2 7 61 101 245 338 218 39 15 154 146 275 150 85 58 45 111 
8 363 311 264 49 19 10 0 0 0 164 389 300 127 27 17 445 260 245 49 19 6 0 0 
19 462 223 177 101 24 16 2 0 1 139 514 86 215 40 29 524 193 135 108 42 19 3 0 
28 232 326 302 81 50 5 0 0 5 126 202 396 204 77 14 617 220 78 40 56 13 0 0 
0 134 457 107 96 118 61 51 0 8 174 401 93 82 126 140 103 444 85 87 150 77 33 45 
95 385 395 105 31 6 7 0 2 52 301 476 150 32 3 8 535 304 53 37 28 25 32 10 
59 441 462 60 2 0 0 0 0 22 161 620 211 10 0 0 639 302 49 16 15 3 0 0 
18 437 297 153 44 43 32 0 0 0 261 387 219 69 33 55 351 389 158 46 35 40 5 0 
1 163 98 143 160 160 67 232 0 0 115 215 193 176 91 234 129 85 58 82 78 101 121 370 
24 166 255 306 106 90 37 40 67 109 219 312 144 102 37 34 30 91 250 281 109 80 68 115 
92 135 343 144 131 104 60 15 91 85 143 288 211 108 78 20 71 224 149 85 73 75 87 260 
249 395 67 48 46 55 106 58 7 210 390 96 50 50 62 159 603 115 96 73 48 64 25 0 
179 196 144 67 96 95 118 129 37 214 193 106 80 98 102 194 377 135 86 95 117 99 81 34 
50 118 108 136 156 177 150 129 9 94 117 104 150 180 161 209 195 120 160 179 155 135 75 5 
25 100 216 180 189 139 94 81 7 32 87 235 202 171 130 160 168 225 201 157 120 85 65 3 
14 60 95 139 143 164 190 219 6 24 70 124 136 162 166 336 117 116 135 153 169 145 158 31 
2 7 26 123 266 251 176 173 0 3 11 32 133 279 257 309 19 42 118 225 312 186 107 15 
0 6 19 82 238 312 231 136 0 0 13 44 164 272 279 252 10 46 164 294 268 171 69 2 
4 16 150 295 206 158 99 96 2 4 38 213 283 204 142 138 36 180 304 205 132 85 53 29 
3 46 276 267 146 127 70 89 1 6 82 302 250 136 114 133 100 291 236 126 118 68 56 29 
41 208 103 98 110 92 163 209 4 66 201 98 80 115 123 337 214 131 79 78 107 96 165 154 
90 269 126 59 68 128 151 133 4 162 230 109 53 61 157 248 314 161 60 54 112 138 122 63 
7 17 35 16 59 169 306 415 2 7 22 29 26 79 191 668 13 33 21 35 97 252 268 305 
0 10 28 50 142 292 246 256 0 3 10 30 46 124 325 486 3 22 24 70 269 238 189 209 
3 4 11 94 257 175 205 275 0 3 5 17 108 239 212 440 3 5 18 135 260 194 167 242 
7 9 25 64 132 204 256 327 1 6 9 31 85 141 220 531 12 9 38 92 159 219 235 260 
14 31 93 99 107 132 208 340 2 15 60 84 88 105 178 492 54 82 64 83 111 145 249 236 
12 61 65 67 126 175 185 333 3 17 65 58 76 127 193 485 40 74 53 105 152 183 157 260 
6 33 32 81 196 188 172 316 1 10 38 33 91 205 205 441 21 34 29 140 191 175 181 253 
0 8 22 13 54 164 250 513 0 2 7 22 10 70 210 703 2 17 15 33 120 187 225 425 
1 27 56 69 174 211 218 268 7 28 20 18 85 184 229 453 0 3 58 137 214 225 210 177 
17 186 322 305 99 47 28 20 8 168 222 356 126 72 36 36 108 242 233 201 113 70 27 30 
9 54 69 92 78 121 240 361 4 35 43 87 71 81 177 526 12 30 71 124 111 167 193 316 
4 6 23 114 157 212 178 330 0 4 6 34 125 151 222 482 8 6 55 131 231 173 194 226 
0 1 22 74 101 158 248 420 0 0 5 25 81 120 192 601 2 15 39 90 135 195 217 331 
1 15 37 56 167 229 219 300 0 2 16 34 64 169 247 492 12 26 48 136 199 181 227 195 
8 111 110 180 156 117 114 228 0 8 148 139 151 136 122 320 145 152 122 116 105 116 137 131 
17 57 334 375 78 78 75 10 0 7 181 146 327 170 78 115 516 249 68 68 74 47 2 0 
15 148 297 191 161 136 69 7 0 30 129 311 167 159 139 89 228 183 169 171 155 88 30 0 
28 71 112 262 154 116 98 183 2 55 212 255 131 97 89 183 97 106 169 173 169 184 111 15 
3 64 263 286 237 97 45 29 7 145 280 307 132 60 59 34 34 76 125 135 201 143 140 170 
24 208 362 228 77 40 33 52 0 12 191 341 312 75 42 51 456 207 166 71 49 57 18 0 
95 501 209 75 51 73 20 0 0 4 212 566 52 76 57 57 714 88 50 56 70 45 1 0 
63 236 279 319 48 22 31 26 0 16 305 230 292 97 27 57 427 176 92 87 47 56 97 42 
0 91 502 302 86 29 14 0 0 24 266 502 132 44 47 9 75 342 97 67 57 89 200 97 
64 140 329 254 170 67 0 0 7 78 158 244 300 171 58 8 170 219 176 134 109 65 58 93 
144 454 296 52 70 8 0 0 0 22 273 482 144 50 53 0 677 227 43 68 8 1 0 0 
40 326 247 112 156 131 12 0 0 0 248 387 200 106 62 21 311 251 61 68 74 32 46 181 
0 0 10 118 272 140 128 356 0 0 15 195 242 104 131 337 0 1 22 50 67 201 310 373 
0 68 214 176 110 119 128 209 13 151 207 147 102 101 91 212 9 79 172 185 99 73 73 334 
0 73 320 386 85 81 58 21 19 156 379 254 67 65 63 21 0 36 72 57 108 251 267 233 
57 97 133 221 217 142 95 62 2 61 91 148 202 228 155 137 208 230 188 177 120 68 30 3 
97 102 100 113 144 158 138 172 6 136 97 101 138 157 163 226 223 107 147 132 169 124 82 40 
60 98 119 129 185 148 114 171 8 78 119 132 163 174 125 225 160 146 147 176 131 111 122 31 
5 45 105 141 216 216 163 133 2 8 47 127 173 230 209 228 45 125 181 231 188 156 90 8 
4 31 68 144 197 206 220 154 4 11 41 81 170 195 216 306 73 109 196 207 220 158 56 5 
1 1 45 130 171 210 228 238 0 1 2 37 124 189 224 447 22 47 138 165 155 197 264 36 
0 1 16 84 227 327 213 156 0 0 1 40 164 270 302 247 2 47 164 291 266 157 90 7 
1 11 114 231 247 200 124 96 0 3 31 162 246 238 177 167 43 162 260 226 170 85 75 3 
1 36 223 256 181 140 90 97 0 2 46 238 253 175 136 174 65 278 191 130 154 96 80 30 
0 1 34 121 227 278 193 170 0 0 0 20 106 226 323 349 1 28 81 110 307 228 143 126 
20 84 84 109 205 169 191 162 1 40 91 66 86 208 212 320 102 74 71 149 197 179 184 68 
1 0 1 10 79 325 300 308 0 1 0 2 17 95 337 572 1 1 2 30 220 318 223 229 
1 11 20 51 99 147 249 446 0 5 9 23 59 116 169 643 10 8 24 72 120 190 221 379 
0 1 8 20 123 233 272 367 0 0 1 13 24 124 254 608 0 1 12 61 228 200 223 299 
0 0 1 31 135 317 242 298 0 0 0 1 32 132 343 516 0 1 6 62 270 265 204 216 
0 0 1 16 79 191 284 453 0 0 1 2 24 106 236 655 0 0 4 40 111 267 284 318 
2 10 22 45 89 181 249 426 0 4 8 33 60 95 231 593 7 8 33 62 133 219 235 327 
0 1 4 46 81 181 286 425 0 0 1 11 47 106 227 632 0 1 14 65 93 229 286 336 
0 1 7 7 122 255 256 376 0 0 1 8 9 113 314 579 0 3 10 84 202 235 224 266 
15 23 19 128 355 189 97 198 0 18 23 27 165 338 184 269 25 18 38 227 331 129 108 148 
28 451 184 232 64 29 24 12 5 423 271 122 97 49 27 30 200 219 300 212 43 24 15 11 
11 247 92 81 160 135 105 193 6 255 65 45 81 155 147 270 1 19 215 257 167 111 94 160 
2 10 41 75 175 246 219 256 0 3 10 44 98 168 259 442 4 25 61 123 254 188 184 185 
0 25 75 133 201 159 121 310 0 1 35 73 116 234 158 407 34 86 109 134 169 118 156 218 
1 14 70 160 177 165 141 296 0 2 15 88 156 176 179 408 11 46 100 214 159 117 139 238 
7 76 97 171 184 204 170 115 0 6 70 98 164 194 198 294 63 87 118 208 214 141 136 57 
9 89 463 115 149 141 52 6 0 6 34 303 306 125 166 84 419 192 86 134 153 36 4 0 
4 160 416 308 103 28 3 2 52 238 293 215 142 62 20 2 54 83 88 148 203 217 180 51 
0 88 223 322 175 72 61 83 4 125 290 287 118 59 48 93 3 8 52 74 133 184 253 317 
8 194 304 284 123 30 56 25 0 41 197 344 162 152 49 79 300 224 133 113 82 88 64 20 
12 222 253 363 114 49 8 3 25 207 312 238 171 43 17 11 55 119 86 140 146 129 232 117 
15 268 259 142 113 118 101 8 0 8 275 432 99 108 49 53 260 119 65 49 57 111 92 271 
87 335 217 214 108 29 16 18 0 51 384 188 194 148 34 25 392 136 142 146 75 48 48 37 
0 75 180 189 142 127 222 89 0 126 154 181 112 156 189 106 0 8 13 30 137 171 128 537 
40 253 99 173 131 74 79 175 49 47 265 233 93 75 122 140 163 104 79 49 29 76 127 397 
280 623 43 13 20 16 13 16 0 128 503 339 17 8 15 14 759 156 24 28 13 7 9 28 
87 292 232 124 161 108 18 2 8 83 150 392 237 98 28 28 216 265 96 94 51 58 39 205 
4 208 78 359 267 95 12 1 83 145 69 361 275 81 8 2 0 0 0 187 63 72 222 480 
0 759 192 71 2 0 0 0 118 692 191 21 2 0 0 0 14 39 78 605 208 72 8 0 
33 768 149 43 18 10 2 1 385 369 157 57 25 18 10 3 32 224 578 97 90 1 2 0 
5 35 154 368 203 120 97 42 1 5 40 75 254 357 142 150 158 338 187 130 102 81 28 0 
0 10 215 246 195 179 111 68 0 4 20 47 420 264 152 117 135 327 219 161 107 60 15 0 
0 19 57 155 191 209 194 199 0 1 35 101 203 211 229 244 37 101 194 227 217 152 80 16 
0 2 41 145 210 223 230 173 0 0 5 47 179 257 240 296 16 116 177 209 235 180 74 17 
0 27 115 277 161 200 138 106 0 0 26 76 298 199 197 228 81 194 184 190 187 79 68 41 
0 6 23 181 263 249 209 93 0 0 4 27 164 281 280 268 9 35 173 272 264 177 87 7 
0 2 23 106 338 289 155 111 0 0 4 29 191 345 260 195 15 130 281 254 185 117 42 0 
0 1 42 188 308 227 163 95 0 0 8 95 258 293 210 160 41 182 245 248 177 96 34 1 
0 21 197 257 128 90 94 237 0 0 35 222 224 119 124 300 94 284 136 91 88 71 87 173 
0 30 88 146 282 165 104 209 0 0 32 95 152 270 178 297 29 72 108 136 246 153 100 180 
0 0 7 62 127 269 251 308 0 0 2 10 79 99 284 550 0 2 14 71 163 312 222 240 
0 0 25 116 251 249 184 199 0 0 0 32 136 269 243 344 0 1 53 154 288 211 159 158 
1 7 32 151 169 121 145 398 1 2 6 53 164 171 143 484 4 18 51 170 168 108 146 359 
0 1 37 243 292 163 96 192 0 0 3 53 275 259 171 263 0 8 84 298 241 133 123 137 
0 5 26 139 221 255 174 204 0 1 6 41 132 227 269 348 0 5 53 196 246 200 171 153 
0 4 32 101 197 273 185 232 0 0 6 41 109 213 280 375 1 8 54 143 285 199 169 165 
2 0 11 67 143 230 228 343 0 2 2 15 74 158 243 530 2 3 24 100 202 207 230 256 
0 0 8 27 116 196 196 481 0 0 0 11 37 117 229 630 0 3 9 57 188 176 188 403 
0 2 10 104 244 170 132 362 0 1 3 16 133 233 183 455 1 5 39 205 201 116 124 333 
2 14 93 229 203 107 130 246 0 2 14 103 233 203 117 352 10 42 107 240 164 104 136 221 
5 44 192 193 153 136 131 170 0 11 117 149 163 163 158 263 66 185 127 149 119 153 130 95 
3 13 103 258 172 104 103 268 0 3 16 129 262 162 112 340 23 62 166 227 130 86 117 213 
10 35 132 250 201 130 90 176 0 9 49 128 253 187 160 238 43 105 147 250 158 90 80 151 
1 21 132 214 139 94 109 314 0 3 21 101 264 147 99 389 49 123 127 141 110 95 147 232 
2 19 44 123 201 181 130 324 1 4 18 48 139 188 201 425 17 37 77 175 203 110 149 256 
1 95 122 224 183 150 143 106 0 1 76 95 227 202 162 261 138 189 159 133 157 112 77 59 
2 138 291 199 133 72 72 117 0 0 61 343 223 137 79 181 195 251 173 135 70 61 80 59 
8 220 340 175 143 44 15 79 23 88 218 308 177 86 36 88 238 200 168 166 82 42 43 85 
10 150 221 162 224 89 104 64 5 72 244 257 199 74 62 111 156 119 85 152 114 50 54 294 
21 294 353 157 63 27 81 28 3 131 344 268 94 50 34 100 270 307 186 87 69 90 14 1 
0 119 178 220 115 58 129 205 0 61 182 151 193 116 158 163 55 80 119 83 90 123 120 354 
0 39 352 244 197 88 64 40 0 91 331 272 174 54 60 42 19 32 28 26 180 235 155 349 
0 10 22 97 178 331 170 216 0 6 48 104 221 305 124 216 1 11 31 38 88 122 201 532 
0 154 410 218 93 107 42 0 2 167 391 225 112 109 18 0 95 163 113 158 154 89 93 159 
8 316 364 200 121 8 5 2 10 294 424 257 25 11 3 0 188 172 178 187 105 72 93 29 
42 514 171 137 86 54 14 6 87 293 192 244 131 51 13 13 75 130 173 434 114 23 21 54 
164 655 142 36 25 2 0 0 1 50 309 570 50 33 11 0 668 286 33 29 8 0 0 0 
123 771 63 36 21 10 0 0 167 295 389 142 19 12 0 0 341 102 141 289 67 32 23 29 
0 583 382 47 12 0 0 0 21 489 287 176 48 3 0 0 310 232 117 310 55 0 0 0 
14 523 308 73 37 37 29 3 1 211 178 426 98 37 38 35 327 184 82 193 172 51 15 0 
19 56 86 307 231 147 109 69 1 29 59 87 196 319 161 172 126 216 189 217 160 88 27 1 
4 15 142 437 218 145 44 19 0 3 4 65 347 400 123 82 140 449 253 119 51 9 3 0 
0 7 114 245 265 198 120 75 0 0 4 94 270 252 225 179 41 214 293 230 137 71 30 8 
0 11 396 310 139 86 46 36 0 2 27 132 527 188 77 71 307 237 194 154 69 44 19 0 
25 232 459 174 57 41 22 14 0 0 165 329 393 66 40 31 452 315 149 54 29 20 5 0 
0 6 41 173 277 259 152 116 1 7 27 62 190 295 230 212 8 50 163 193 186 151 149 124 
0 18 54 163 257 235 205 92 0 3 11 75 175 282 232 246 8 63 135 197 199 162 168 92 
0 9 88 197 350 194 97 89 0 1 9 147 284 275 187 121 12 142 287 263 185 100 33 2 
4 23 135 299 246 140 104 73 0 6 36 174 303 229 137 139 89 227 152 112 100 145 105 94 
1 24 131 194 276 165 92 141 3 12 51 164 296 206 106 186 6 35 119 118 115 136 219 276 
5 18 65 217 162 160 261 136 1 6 25 57 215 157 144 419 19 44 100 210 144 206 185 116 
2 5 41 256 278 127 100 215 0 2 9 53 242 291 151 276 7 22 137 316 174 94 125 149 
2 12 41 178 175 167 169 280 1 3 11 63 176 191 176 403 9 14 72 183 146 185 170 245 
0 2 52 109 98 210 252 301 0 0 12 59 108 95 241 509 0 13 79 119 153 219 242 199 
0 11 81 281 206 121 101 223 0 1 20 103 282 210 111 297 1 31 119 285 196 97 112 183 
0 13 45 184 249 169 129 235 0 0 13 67 194 233 181 336 2 22 87 261 193 129 153 177 
1 9 32 112 233 284 191 162 0 3 7 50 112 215 328 309 9 19 91 200 280 185 173 67 
0 1 26 102 209 177 143 366 0 0 3 48 123 212 167 471 0 3 44 138 205 159 156 319 
3 27 68 167 135 133 114 377 0 8 42 65 186 145 123 455 8 46 80 170 146 108 132 334 
0 9 79 236 159 140 117 284 0 0 16 102 236 149 159 362 4 21 118 262 181 91 146 201 
0 6 33 88 197 199 196 305 0 1 8 42 95 228 194 456 2 15 54 121 262 162 206 202 
9 29 242 137 159 151 123 174 1 10 27 231 159 152 163 281 40 181 147 150 153 107 113 133 
0 24 230 393 137 72 62 106 0 0 33 232 400 134 69 156 1 107 297 309 102 70 76 62 
0 7 319 451 120 39 45 43 0 1 10 119 601 163 50 80 216 317 199 135 45 46 35 31 
7 105 136 225 243 99 58 151 1 4 86 114 261 247 106 205 120 131 117 211 184 76 52 133 
56 154 193 204 148 110 92 67 0 30 155 213 198 150 115 163 198 182 208 149 103 84 78 22 
39 192 420 245 67 24 19 18 0 14 148 229 468 96 30 39 434 302 166 57 27 19 11 8 
2 132 335 171 133 110 73 68 0 9 103 288 224 129 116 155 315 196 134 134 120 58 30 37 
10 186 273 160 171 134 59 31 0 3 195 422 145 102 112 45 451 211 109 97 109 36 11 0 
3 84 279 258 81 74 173 72 0 21 303 250 121 60 58 211 158 230 86 55 82 212 136 65 
15 216 214 207 183 108 56 25 84 190 202 245 182 87 15 19 33 111 197 104 113 138 137 191 
0 9 344 361 147 54 46 63 0 90 379 320 91 45 41 58 31 249 185 134 103 154 62 106 
0 104 484 271 84 45 32 4 0 283 308 288 73 44 24 4 0 88 96 45 480 158 62 95 
1 155 450 270 133 14 1 0 0 138 334 286 220 35 11 0 208 474 87 107 98 35 12 3 
13 298 400 226 70 17 0 0 0 4 293 355 152 183 37 0 501 359 100 48 16 0 0 0 
123 668 152 27 26 22 6 0 73 261 405 206 33 23 23 0 314 164 131 254 118 19 8 16 
145 619 121 66 52 20 1 0 0 76 426 349 73 58 39 3 709 160 67 35 46 7 0 0 
298 420 171 113 22 0 0 0 0 23 475 293 143 83 7 0 784 155 48 30 7 0 0 0 
32 347 528 117 0 0 0 0 0 3 516 301 196 8 0 0 416 419 187 2 0 0 0 0 
164 433 279 78 34 27 9 0 0 4 383 424 139 36 26 12 732 168 42 29 30 23 0 0 
2 21 187 293 204 157 97 63 0 2 20 113 342 242 161 144 41 170 351 211 136 83 31 1 
0 199 251 267 166 85 46 10 0 0 26 273 320 220 122 63 343 330 156 98 62 27 8 0 
0 28 159 220 249 184 128 56 0 0 0 99 260 246 197 222 67 260 246 179 126 127 19 0 
4 170 549 145 75 38 28 15 0 1 109 365 366 98 45 40 497 289 122 52 31 23 10 0 
2 218 370 197 104 66 35 32 0 0 62 369 315 121 87 70 305 320 178 109 56 32 24 0 
2 60 191 235 184 143 138 71 1 41 77 167 250 179 125 184 174 214 214 162 131 87 29 13 
3 93 251 286 237 110 38 6 1 9 67 203 266 255 170 53 216 296 263 153 64 28 4 0 
0 81 213 207 244 145 80 54 0 0 12 359 285 175 118 75 78 364 269 154 92 55 12 0 
0 1 46 236 264 182 134 161 0 0 2 64 201 281 198 278 22 167 232 134 135 120 119 95 
3 62 197 180 133 127 187 135 1 38 95 137 165 146 135 307 149 201 108 92 101 118 159 96 
2 14 232 226 93 98 175 184 1 2 15 121 311 124 102 348 44 195 168 118 86 93 202 118 
3 14 114 281 220 137 90 165 0 5 7 101 277 239 150 245 7 81 182 254 177 97 98 128 
0 20 226 383 122 89 64 120 0 0 29 236 375 122 90 172 3 88 281 320 99 77 85 71 
0 13 99 338 185 127 99 163 0 0 18 115 327 180 134 250 1 28 133 316 224 99 96 127 
2 8 99 268 190 121 134 202 0 2 18 130 238 181 142 313 7 27 162 252 164 120 115 177 
0 2 44 162 183 195 171 267 0 0 5 57 156 208 212 386 0 44 98 179 191 165 158 189 
0 35 46 191 189 206 152 205 0 6 38 53 208 186 209 324 21 36 114 215 216 133 165 124 
5 33 53 160 112 160 197 304 0 21 26 72 166 107 164 468 28 31 84 144 137 192 176 232 
4 45 163 178 214 154 117 149 1 6 65 167 168 203 159 255 40 127 165 221 169 117 120 65 
0 14 174 430 159 73 69 105 0 0 22 204 411 156 74 157 12 95 258 344 107 58 80 70 
0 8 77 193 221 152 122 251 0 0 11 98 197 207 163 348 6 32 119 204 215 127 133 188 
8 64 286 154 117 89 105 201 0 10 75 261 173 113 107 285 98 259 168 129 91 60 76 143 
4 42 214 218 190 146 84 126 1 4 42 203 216 198 142 218 53 190 274 183 108 71 86 59 
3 52 105 184 140 127 200 213 0 7 55 94 192 137 142 397 104 119 183 205 186 100 90 37 
27 78 409 294 135 42 19 20 0 16 73 178 490 167 54 46 336 232 213 153 47 19 23 1 
81 274 161 104 61 142 127 74 0 61 268 184 106 64 119 222 348 163 83 68 152 91 74 45 
14 94 225 110 168 280 104 29 0 5 38 211 152 127 250 241 148 191 90 174 266 108 24 23 
20 68 411 242 113 90 55 25 0 7 50 261 375 148 93 90 313 273 169 119 86 49 15 0 
1 133 405 255 120 59 32 19 0 5 105 444 302 102 40 26 424 304 169 70 32 22 3 0 
0 217 286 295 143 62 19 2 0 57 333 434 115 57 24 4 231 150 53 74 110 113 171 122 
10 152 295 129 91 75 65 207 47 291 210 93 79 69 49 186 43 287 242 129 80 72 96 75 
0 279 259 283 112 52 20 19 44 322 284 180 113 43 25 13 8 51 103 96 337 200 153 76 
151 595 124 99 43 10 2 0 438 340 84 95 44 18 5 0 1 13 89 686 134 56 36 9 
19 362 427 103 53 29 31 0 3 104 238 438 111 65 22 43 355 282 113 124 89 49 8 4 
68 129 477 260 74 15 1 0 0 5 155 299 405 119 41 0 543 304 101 59 17 0 0 0 
569 407 45 3 0 0 0 0 0 11 919 92 2 0 0 0 1002 22 0 0 0 0 0 0 
298 663 59 4 0 0 0 0 0 203 595 220 6 0 0 0 942 71 11 0 0 0 0 0 
154 528 188 109 41 4 0 0 0 37 392 354 152 64 25 0 695 183 81 38 25 2 0 0 
100 280 406 220 17 1 0 0 1 4 291 380 243 102 3 0 471 295 211 44 3 0 0 0 
97 418 198 127 61 85 38 0 0 7 327 359 123 70 62 76 375 352 92 64 80 51 10 0 
3 59 274 241 188 102 75 82 1 4 21 224 314 203 111 146 135 233 249 184 86 84 27 26 
0 259 323 203 140 50 41 8 0 0 20 351 293 209 86 65 384 358 140 69 43 27 3 0 
0 1 118 265 379 180 64 17 0 0 0 42 270 392 220 100 54 198 278 307 123 53 11 0 
27 322 348 168 76 54 21 8 0 4 188 418 235 98 53 28 463 295 141 67 40 11 7 0 
6 180 422 247 103 50 10 6 0 0 94 295 394 146 72 23 497 311 117 68 18 10 3 0 
0 107 348 340 75 51 97 6 0 0 8 300 353 196 50 117 504 296 90 75 21 34 4 0 
0 40 317 274 195 134 48 16 0 0 6 221 328 201 177 91 338 309 188 137 44 5 3 0 
1 10 212 190 168 152 112 179 0 2 22 167 303 136 136 258 98 265 207 150 109 100 73 22 
0 17 99 224 181 186 102 215 0 0 14 128 223 174 179 306 34 116 211 194 138 107 128 96 
0 13 136 181 134 160 176 224 0 0 9 84 202 145 154 430 47 143 173 159 114 100 156 132 
1 148 332 257 98 56 51 81 0 0 26 323 327 153 69 126 151 381 211 82 60 34 50 55 
3 42 199 245 184 176 100 75 3 3 24 192 231 190 183 198 39 151 179 189 165 156 94 51 
10 94 265 237 123 96 84 115 3 9 79 291 244 121 91 186 53 156 272 193 114 74 93 69 
3 59 142 192 171 163 149 145 0 2 53 164 186 157 177 285 51 88 155 196 187 121 136 90 
2 18 214 262 178 115 101 134 1 3 31 223 273 168 121 204 40 155 224 202 138 86 116 63 
0 15 196 273 189 153 82 116 0 2 33 204 275 179 148 183 13 144 242 228 152 90 88 67 
0 32 142 234 179 84 102 251 0 5 53 185 190 169 101 321 8 69 227 226 104 82 125 183 
0 20 109 177 281 116 92 229 0 0 27 126 167 279 128 297 13 62 116 203 235 90 111 194 
2 50 313 341 80 56 59 123 0 2 67 359 302 70 57 167 34 170 354 183 72 48 88 75 
3 52 322 365 114 52 44 72 0 3 57 340 345 120 48 111 33 128 378 276 63 47 55 44 
4 40 199 233 160 141 128 119 0 9 36 167 243 182 137 250 81 188 286 207 142 64 52 4 
5 25 151 307 156 109 134 137 0 3 27 121 250 210 131 282 200 246 240 139 90 54 29 26 
4 60 278 238 123 87 78 156 0 12 35 238 274 120 101 244 203 295 180 101 59 45 56 85 
3 13 151 248 157 137 165 150 0 3 14 111 246 173 153 324 143 237 222 150 97 83 62 30 
27 139 298 150 154 73 76 107 0 33 121 221 219 147 102 181 218 273 140 128 56 70 78 61 
12 56 151 174 266 241 119 5 0 2 57 86 202 251 258 168 87 146 197 301 225 63 5 0 
75 303 238 77 108 156 50 17 3 68 243 279 83 94 154 100 401 208 89 108 153 48 14 3 
27 159 381 158 141 88 44 26 0 16 126 360 188 148 99 87 358 253 144 130 75 41 23 0 
1 204 645 112 38 20 4 0 0 0 15 544 373 54 24 14 589 300 84 29 15 7 0 0 
57 438 354 60 72 32 10 1 28 35 167 526 188 34 25 21 500 200 102 70 49 34 48 21 
38 127 277 304 116 68 29 65 41 127 287 295 129 62 23 60 28 150 207 191 181 155 58 54 
160 321 352 136 44 11 0 0 168 318 303 190 45 0 0 0 74 154 170 77 249 182 66 52 
105 584 221 91 20 3 0 0 171 266 162 291 103 26 5 0 273 146 80 246 157 67 40 15 
49 377 310 189 47 20 31 1 0 27 217 344 251 126 21 38 521 253 111 74 25 23 17 0 
68 246 474 151 72 13 0 0 0 1 182 441 264 83 50 3 618 240 99 55 12 0 0 0 
478 366 83 44 52 1 0 0 0 64 733 107 62 46 12 0 849 79 37 40 19 0 0 0 
338 454 174 45 12 1 0 0 0 22 635 283 62 21 1 0 848 122 38 15 1 0 0 0 
359 535 81 31 16 2 0 0 0 28 668 240 51 30 7 0 894 90 17 12 11 0 0 0 
166 264 460 88 17 10 19 0 0 2 337 432 174 47 12 20 623 271 69 26 15 15 3 2 
391 415 133 55 19 10 1 0 0 119 574 212 75 22 20 2 804 138 50 17 12 3 0 0 
0 217 503 125 50 45 27 57 0 0 0 585 224 91 47 77 122 516 157 98 56 25 23 27 
1 231 335 260 103 55 35 4 0 0 33 301 315 243 70 62 503 321 96 55 27 13 7 2 
0 52 218 384 267 76 14 13 0 0 21 98 388 395 90 32 244 254 223 230 44 11 9 9 
18 150 375 363 93 15 6 4 0 2 94 225 454 204 31 14 593 292 98 24 8 5 3 1 
12 148 314 284 130 45 45 46 0 2 53 296 354 171 66 82 383 294 176 58 49 42 18 4 
0 86 436 196 142 120 43 1 0 0 20 291 346 152 158 57 421 271 156 94 61 19 2 0 
0 19 170 244 225 163 117 86 0 0 7 102 252 255 167 241 199 250 228 149 89 79 30 0 
0 24 243 321 128 111 116 81 0 0 10 137 399 166 117 195 191 318 190 136 80 79 30 0 
1 38 181 321 222 118 52 91 0 4 13 155 268 301 142 141 126 264 229 165 105 38 44 53 
0 32 189 213 174 130 188 98 0 0 15 140 200 206 160 303 87 186 180 151 97 128 162 33 
0 180 216 293 170 102 49 14 0 0 43 321 129 293 143 95 194 471 146 111 49 34 16 3 
2 67 162 117 124 254 165 133 1 0 26 185 113 125 251 323 96 140 104 104 92 258 193 37 
1 197 146 101 105 140 75 259 0 2 184 172 88 89 156 333 192 118 120 149 100 53 70 222 
0 48 179 157 89 89 132 330 0 6 74 146 170 97 117 414 26 165 167 102 67 72 143 282 
0 23 305 276 96 95 91 138 0 1 20 245 335 108 115 200 74 299 192 132 76 77 88 86 
4 190 347 78 68 52 67 218 0 25 272 265 74 66 58 264 86 344 152 85 48 37 77 195 
1 92 494 242 55 33 30 77 0 5 136 497 205 56 33 92 36 343 334 152 40 24 36 59 
7 79 432 268 94 62 32 50 0 7 127 440 225 90 57 78 26 250 408 148 85 43 39 25 
2 30 230 266 119 69 85 223 0 2 49 262 231 124 70 286 15 85 210 222 128 64 99 201 
0 34 258 177 171 105 85 194 0 0 54 258 171 172 113 256 14 110 259 211 102 67 90 171 
0 24 246 310 191 103 79 71 0 0 26 194 319 199 127 159 131 268 265 154 73 66 46 21 
0 23 445 288 141 47 47 33 0 0 1 142 536 186 65 94 473 236 156 92 28 35 4 0 
1 26 359 259 104 110 105 60 0 1 10 253 365 94 112 189 252 215 192 188 77 64 31 5 
0 15 105 185 155 260 179 125 0 0 5 74 173 155 230 387 132 128 193 259 139 56 50 67 
1 34 104 153 267 246 152 67 0 1 17 95 123 256 286 246 58 157 261 304 128 55 37 24 
25 104 190 259 196 115 68 67 0 11 95 142 249 230 139 158 220 264 206 127 85 71 34 17 
66 255 149 158 180 151 50 15 4 70 226 135 134 191 172 92 322 156 123 193 164 44 9 13 
7 85 312 186 134 157 126 17 0 3 84 274 200 127 147 189 245 251 149 127 167 81 4 0 
1 239 559 153 29 15 25 3 0 0 71 564 280 59 17 33 501 357 103 23 22 18 0 0 
23 237 488 160 59 48 7 2 25 88 120 474 195 66 37 19 343 199 89 88 150 99 38 18 
30 250 553 128 31 27 5 0 65 331 535 43 29 21 0 0 32 16 19 113 149 353 296 46 
175 363 255 127 92 11 1 0 80 92 368 309 88 61 26 0 362 245 133 96 71 41 52 24 
56 713 184 69 2 0 0 0 0 15 354 623 30 2 0 0 747 81 22 21 25 77 49 2 
84 333 346 180 32 22 27 0 0 28 240 290 285 119 28 34 626 242 71 32 19 27 7 0 
16 149 572 236 46 5 0 0 0 1 81 345 464 117 16 0 647 217 109 31 20 0 0 0 
217 481 159 143 24 0 0 0 0 51 457 272 162 79 3 0 682 127 134 79 2 0 0 0 
372 556 56 33 6 1 0 0 0 9 813 130 45 25 2 0 954 56 7 5 2 0 0 0 
123 658 149 71 23 0 0 0 0 30 301 503 131 55 4 0 842 123 43 16 0 0 0 0 
37 360 431 141 50 5 0 0 0 121 352 325 141 73 12 0 220 136 163 180 201 88 27 9 
501 186 247 60 30 0 0 0 5 391 257 266 57 47 1 0 877 63 32 25 8 8 8 3 
2 142 370 266 135 83 16 10 0 0 0 223 433 203 136 29 96 494 178 87 86 62 19 2 
0 294 447 173 45 29 35 1 0 0 1 512 326 105 38 42 545 325 64 32 24 24 10 0 
6 241 358 312 60 21 21 5 0 0 87 361 415 111 20 30 540 245 140 62 10 19 6 2 
16 186 299 330 133 37 12 11 0 3 146 298 338 176 41 22 344 337 219 82 24 15 3 0 
0 23 229 454 179 67 20 52 0 0 12 124 372 361 84 71 269 495 123 58 23 36 20 0 
1 149 409 262 113 65 19 6 0 0 5 374 343 182 86 34 306 414 164 81 39 13 7 0 
1 237 390 159 71 102 26 38 0 0 95 398 247 92 106 86 326 372 102 63 78 50 20 13 
1 78 383 248 150 95 55 14 0 0 30 306 341 179 99 69 295 387 155 103 53 27 4 0 
0 49 337 383 116 71 56 12 0 0 4 140 459 245 96 80 605 208 99 71 29 11 1 0 
0 131 296 190 140 131 101 35 0 0 19 304 208 185 145 163 427 135 78 99 91 84 96 14 
1 26 324 465 109 54 44 1 0 0 9 286 144 437 80 68 109 703 103 47 26 27 9 0 
2 139 243 172 118 151 120 79 0 5 56 297 164 110 159 233 160 155 132 145 116 135 128 53 
3 13 62 203 210 135 91 307 1 7 10 73 173 216 162 382 10 46 173 215 144 93 96 247 
2 43 386 172 155 153 80 33 0 4 18 250 260 173 182 137 87 404 142 130 100 100 57 4 
0 70 341 226 190 69 47 81 0 1 64 338 230 176 98 117 56 273 257 189 104 47 50 48 
4 165 283 137 101 94 76 164 0 15 204 249 134 94 91 237 66 250 176 124 111 77 80 140 
1 73 166 109 86 132 205 252 0 1 77 194 87 90 168 407 36 112 153 92 106 145 205 175 
60 371 305 83 75 56 34 40 0 85 382 277 75 70 63 72 272 379 149 90 45 34 25 30 
2 96 411 251 74 43 41 106 1 6 132 387 234 84 46 134 57 168 347 219 58 38 45 92 
4 142 360 138 62 39 63 216 0 17 167 338 139 51 48 264 79 231 233 124 46 44 84 183 
4 131 528 155 34 22 34 116 0 10 188 532 92 37 30 135 121 433 245 44 24 19 56 82 
20 146 375 169 98 85 64 67 0 30 131 323 202 93 101 144 213 278 302 84 46 42 30 29 
3 45 454 213 72 62 96 79 0 3 23 279 385 76 63 195 376 251 132 68 73 90 31 3 
0 10 159 127 104 242 271 111 0 0 4 114 135 102 184 485 174 129 162 148 190 158 47 16 
0 3 88 231 228 256 186 32 0 0 0 38 201 229 258 298 196 232 258 165 124 49 0 0 
9 74 277 187 136 133 123 85 0 12 80 153 270 137 128 244 280 191 155 120 133 75 48 22 
56 132 166 223 238 138 36 35 0 32 130 91 258 211 208 94 236 183 156 244 133 32 15 25 
30 118 304 182 191 108 63 28 0 22 162 340 104 137 149 110 318 243 106 176 102 55 24 0 
62 230 496 129 46 24 20 17 0 61 72 575 179 64 25 48 553 270 101 41 26 24 8 1 
0 132 319 214 90 71 93 105 1 20 162 346 189 88 101 117 213 142 74 72 90 149 116 168 
45 353 479 78 26 20 21 2 22 394 477 59 34 22 16 0 88 31 29 181 304 287 55 49 
116 246 435 123 77 21 5 1 5 219 429 273 64 26 7 1 181 142 97 128 215 125 67 69 
42 395 144 306 136 1 0 0 7 151 308 165 45 268 80 0 524 230 90 51 46 46 36 1 
103 572 289 25 29 4 2 0 0 6 368 507 95 24 21 3 828 150 33 7 3 3 0 0 
6 199 639 167 12 1 0 0 0 0 40 395 445 136 8 0 933 73 5 6 7 0 0 0 
264 504 154 81 21 0 0 0 0 2 545 313 108 49 7 0 875 121 15 13 0 0 0 0 
302 386 241 93 2 0 0 0 0 63 501 190 242 28 0 0 751 257 14 2 0 0 0 0 
75 372 249 298 30 0 0 0 0 18 252 230 297 204 23 0 837 165 22 0 0 0 0 0 
34 572 249 87 54 20 5 3 0 387 338 200 61 30 7 1 59 53 92 187 443 88 51 51 
115 58 244 195 222 113 33 44 0 119 158 356 214 92 45 40 159 60 44 50 129 190 192 200 
2 43 220 399 272 64 19 5 0 0 10 89 354 421 121 29 6 191 256 284 202 71 12 2 
10 99 538 316 53 5 3 0 0 0 20 114 714 144 28 4 570 371 68 11 1 2 1 0 
26 236 355 241 100 36 16 14 0 3 139 302 359 139 46 36 556 267 118 45 16 14 8 0 
8 104 349 296 173 65 19 10 0 1 66 188 436 211 85 37 276 438 181 75 35 17 2 0 
4 61 189 336 163 86 105 80 0 1 30 155 351 209 94 184 155 340 191 93 77 82 76 10 
0 50 491 281 131 39 27 5 0 0 0 159 581 194 59 31 252 468 169 73 36 26 0 0 
9 225 206 161 244 164 13 2 0 0 101 280 151 245 212 35 205 183 139 177 240 79 1 0 
0 143 375 180 108 94 79 45 0 4 109 446 201 118 55 91 339 273 179 107 50 44 30 2 
0 32 234 263 167 128 109 91 0 1 41 211 371 176 84 140 311 260 170 99 64 60 54 6 
0 48 300 263 175 124 80 34 0 0 21 203 354 180 143 123 102 394 201 146 102 64 15 0 
0 37 399 306 76 72 65 69 0 0 13 312 229 254 85 131 131 572 89 71 63 31 63 4 
6 37 102 170 143 201 224 141 0 4 47 99 115 153 203 403 45 72 116 128 161 202 211 89 
34 70 280 313 89 84 54 100 1 30 72 132 380 175 86 148 297 227 158 113 78 36 63 52 
0 36 239 268 190 136 109 46 0 0 5 180 215 277 166 181 84 322 158 112 118 161 68 1 
53 190 291 180 93 61 69 87 2 73 215 272 150 99 74 139 217 285 180 101 70 61 91 19 
2 146 312 168 95 147 62 92 0 7 199 251 157 88 156 166 98 256 165 121 118 123 84 59 
13 57 173 145 132 128 135 241 2 26 69 192 129 138 128 340 33 84 170 170 134 112 140 181 
18 358 425 34 33 23 36 97 1 75 342 388 38 35 34 111 189 347 277 30 30 27 30 94 
58 249 155 167 166 76 59 94 1 88 249 143 140 175 81 147 279 156 166 155 105 50 51 62 
5 70 126 137 196 147 108 235 0 9 93 132 118 202 160 310 48 114 103 163 183 114 125 174 
4 41 190 127 109 130 158 265 2 4 67 201 107 94 147 402 26 109 207 133 101 155 217 76 
3 54 135 154 157 129 111 281 0 6 56 134 166 150 145 367 42 124 167 168 122 101 177 123 
0 22 217 250 106 152 122 155 0 0 21 100 347 99 130 327 177 227 180 143 94 52 84 67 
0 17 199 219 171 163 216 39 0 0 7 131 245 153 167 321 280 173 195 201 129 38 8 0 
0 11 128 147 258 268 186 26 0 0 3 82 153 176 328 282 151 158 256 283 153 23 0 0 
26 130 304 239 107 102 87 29 0 14 102 203 275 176 97 157 489 238 127 103 58 7 2 0 
25 114 180 196 268 183 40 18 0 16 100 147 150 260 219 132 302 284 110 123 156 31 12 6 
5 71 463 238 143 68 34 2 0 9 76 348 294 185 80 32 460 279 115 100 55 15 0 0 
44 188 373 275 84 46 11 3 0 26 181 277 316 154 53 17 431 312 125 41 58 33 24 0 
2 204 314 273 106 38 21 66 1 11 215 317 245 139 31 65 408 195 102 70 76 60 48 65 
17 282 260 166 100 80 84 35 107 266 232 143 95 69 74 38 21 60 211 234 178 126 77 117 
51 232 251 105 78 83 135 89 91 244 212 123 72 88 125 69 20 157 214 156 118 78 53 228 
133 227 301 344 19 0 0 0 0 151 187 245 177 264 0 0 626 279 98 16 3 1 1 0 
10 206 217 487 102 2 0 0 0 0 86 215 235 433 55 0 679 273 52 20 0 0 0 0 
207 295 437 75 10 0 0 0 0 6 327 384 249 54 4 0 924 72 28 0 0 0 0 0 
39 280 604 101 0 0 0 0 0 1 121 279 560 63 0 0 898 123 3 0 0 0 0 0 
198 440 231 117 32 6 0 0 0 19 342 353 175 107 25 3 824 140 30 17 13 0 0 0 
27 143 309 301 63 27 45 109 0 114 164 122 273 195 46 110 298 88 81 110 206 123 61 57 
6 99 178 181 138 158 130 134 0 29 204 222 177 110 121 161 121 126 124 84 84 110 109 266 
11 156 264 197 120 180 90 6 6 194 289 171 105 177 80 2 126 163 133 122 83 78 75 244 
