0 0 0 0 1009 15 0 0 0 0 0 0 0 1024 0 0 0 0 0 0 0 0 0 1024 
0 0 0 0 1024 0 0 0 0 0 0 0 0 1024 0 0 0 0 0 0 0 0 0 1024 
0 0 0 0 1002 22 0 0 0 0 0 0 0 1024 0 0 0 0 0 0 0 0 0 1024 
0 0 0 0 1016 8 0 0 0 0 0 0 0 1024 0 0 0 0 0 0 0 0 0 1024 
0 0 0 0 1009 15 0 0 0 0 0 0 0 1024 0 0 0 0 0 0 0 0 0 1024 
0 0 0 0 952 72 0 0 0 0 0 0 0 1024 0 0 0 0 0 0 0 0 0 1024 
0 0 0 0 861 163 0 0 0 0 0 0 0 1024 0 0 0 0 0 0 0 0 0 1024 
0 0 0 0 456 568 0 0 0 0 0 0 0 1016 8 0 0 0 0 0 0 0 0 1024 
0 0 0 0 840 184 0 0 0 0 0 0 0 1024 0 0 0 0 0 0 0 0 0 1024 
0 0 0 0 832 192 0 0 0 0 0 0 0 1024 0 0 0 0 0 0 0 0 0 1024 
0 0 0 0 866 158 0 0 0 0 0 0 0 1024 0 0 0 0 0 0 0 0 0 1024 
0 0 0 0 741 283 0 0 0 0 0 0 0 1024 0 0 0 0 0 0 0 0 0 1024 
0 0 0 0 620 404 0 0 0 0 0 0 0 1024 0 0 0 0 0 0 0 0 0 1024 
0 0 0 0 471 553 0 0 0 0 0 0 0 1021 3 0 0 0 0 0 0 0 0 1024 
0 0 0 0 127 897 0 0 0 0 0 0 0 956 68 0 0 0 0 0 0 0 0 1024 
0 0 0 0 1 1023 0 0 0 0 0 0 0 789 235 0 0 0 0 0 0 0 0 1024 
0 0 0 0 5 1019 0 0 0 0 0 0 0 964 60 0 0 0 0 0 0 0 0 1024 
0 0 0 0 0 975 49 0 0 0 0 0 0 880 144 0 0 0 0 0 0 0 0 1024 
0 0 0 0 31 750 243 0 0 0 0 0 0 738 286 0 0 0 0 0 0 0 0 1024 
0 0 0 0 151 867 6 0 0 0 0 0 0 990 34 0 0 0 0 0 0 0 0 1024 
0 0 0 0 186 838 0 0 0 0 0 0 0 1024 0 0 0 0 0 0 0 0 0 1024 
0 0 0 0 209 815 0 0 0 0 0 0 0 1024 0 0 0 0 0 0 0 0 0 1024 
0 0 0 0 7 1017 0 0 0 0 0 0 0 1024 0 0 0 0 0 0 0 0 0 1024 
0 0 0 0 96 928 0 0 0 0 0 0 0 1024 0 0 0 0 0 0 0 0 0 1024 
0 0 0 0 344 680 0 0 0 0 0 0 0 1024 0 0 0 0 0 0 0 0 0 1024 
0 0 0 0 429 595 0 0 0 0 0 0 0 1024 0 0 0 0 0 0 0 0 0 1024 
0 0 0 0 365 659 0 0 0 0 0 0 0 1024 0 0 0 0 0 0 0 0 0 1024 
0 0 0 0 465 559 0 0 0 0 0 0 0 1024 0 0 0 0 0 0 0 0 0 1024 
0 0 0 0 257 767 0 0 0 0 0 0 0 1010 14 0 0 0 0 0 0 0 0 1024 
0 0 0 0 87 928 9 0 0 0 0 0 0 838 186 0 0 0 0 0 0 0 0 1024 
0 0 0 0 15 864 126 19 0 0 0 0 0 849 172 3 0 0 0 0 0 0 0 1024 
0 0 0 0 18 182 509 315 0 0 0 0 0 178 651 195 0 0 0 0 0 0 1 1023 
0 0 0 0 0 0 167 857 0 0 0 0 0 0 293 731 0 0 0 0 0 0 0 1024 
0 0 0 0 0 0 14 1010 0 0 0 0 0 0 63 961 0 0 0 0 0 0 0 1024 
0 0 0 0 0 0 0 1024 0 0 0 0 0 0 0 1024 0 0 0 0 0 0 0 1024 
0 0 0 0 298 726 0 0 0 0 0 0 0 1024 0 0 0 0 0 0 0 0 0 1024 
0 0 0 0 281 743 0 0 0 0 0 0 0 1024 0 0 0 0 0 0 0 0 0 1024 
0 0 0 0 86 938 0 0 0 0 0 0 0 1024 0 0 0 0 0 0 0 0 0 1024 
0 0 0 0 148 876 0 0 0 0 0 0 0 1024 0 0 0 0 0 0 0 0 0 1024 
0 0 0 0 159 865 0 0 0 0 0 0 0 1024 0 0 0 0 0 0 0 0 0 1024 
0 0 0 0 274 750 0 0 0 0 0 0 0 1024 0 0 0 0 0 0 0 0 0 1024 
0 0 0 0 115 909 0 0 0 0 0 0 0 1024 0 0 0 0 0 0 0 0 0 1024 
0 0 0 0 15 1009 0 0 0 0 0 0 0 1020 4 0 0 0 0 0 0 0 0 1024 
0 0 0 0 5 1019 0 0 0 0 0 0 0 1024 0 0 0 0 0 0 0 0 0 1024 
0 0 0 0 22 1002 0 0 0 0 0 0 0 1024 0 0 0 0 0 0 0 0 0 1024 
0 0 0 0 104 920 0 0 0 0 0 0 0 1024 0 0 0 0 0 0 0 0 0 1024 
0 0 0 0 27 997 0 0 0 0 0 0 0 732 292 0 0 0 0 0 0 0 0 1024 
0 0 0 0 11 1013 0 0 0 0 0 0 0 314 710 0 0 0 0 0 0 0 0 1024 
0 0 0 0 0 1024 0 0 0 0 0 0 0 472 552 0 0 0 0 0 0 0 0 1024 
0 0 0 0 0 1024 0 0 0 0 0 0 0 729 295 0 0 0 0 0 0 0 0 1024 
0 0 0 0 0 1024 0 0 0 0 0 0 0 1010 14 0 0 0 0 0 0 0 0 1024 
0 0 0 0 2 1022 0 0 0 0 0 0 0 938 86 0 0 0 0 0 0 0 0 1024 
0 0 0 0 0 958 66 0 0 0 0 0 0 794 230 0 0 0 0 0 0 0 0 1024 
0 0 0 0 0 956 68 0 0 0 0 0 0 782 242 0 0 0 0 0 0 0 0 1024 
0 0 0 0 0 992 32 0 0 0 0 0 0 593 431 0 0 0 0 0 0 0 0 1024 
0 0 0 0 26 854 144 0 0 0 0 0 0 722 302 0 0 0 0 0 0 0 0 1024 
0 0 0 0 47 881 96 0 0 0 0 0 0 697 327 0 0 0 0 0 0 0 0 1024 
0 0 0 0 0 661 363 0 0 0 0 0 0 437 587 0 0 0 0 0 0 0 0 1024 
0 0 0 0 6 698 310 10 0 0 0 0 0 530 494 0 0 0 0 0 0 0 0 1024 
0 1 1 6 16 865 132 3 0 0 2 4 7 728 280 3 0 1 1 1 6 4 25 986 
0 0 0 0 0 642 382 0 0 0 0 0 0 445 579 0 0 0 0 0 0 0 0 1024 
0 0 0 0 0 1024 0 0 0 0 0 0 0 1005 19 0 0 0 0 0 0 0 0 1024 
0 0 0 0 0 1024 0 0 0 0 0 0 0 1021 3 0 0 0 0 0 0 0 0 1024 
0 0 0 0 0 1024 0 0 0 0 0 0 0 995 29 0 0 0 0 0 0 0 0 1024 
0 0 0 0 0 974 50 0 0 0 0 0 0 552 472 0 0 0 0 0 0 0 0 1024 
0 0 0 0 0 400 456 168 0 0 0 0 0 154 774 96 0 0 0 0 0 0 0 1024 
3 5 19 24 17 61 372 523 2 4 16 25 19 27 552 379 5 12 25 16 14 23 34 895 
1 0 0 4 9 338 366 306 1 0 0 1 9 48 864 101 0 1 0 0 3 14 37 969 
0 0 0 0 0 434 398 192 0 0 0 0 0 12 852 160 0 0 0 0 0 0 0 1024 
0 0 0 0 0 606 173 245 0 0 0 0 0 115 692 217 0 0 0 0 0 0 0 1024 
0 0 0 0 0 1024 0 0 0 0 0 0 0 1024 0 0 0 0 0 0 0 0 0 1024 
0 0 0 0 0 1024 0 0 0 0 0 0 0 1024 0 0 0 0 0 0 0 0 0 1024 
0 0 0 0 0 1024 0 0 0 0 0 0 0 1024 0 0 0 0 0 0 0 0 0 1024 
0 0 0 0 0 1024 0 0 0 0 0 0 0 941 83 0 0 0 0 0 0 0 0 1024 
0 0 0 0 0 1024 0 0 0 0 0 0 0 970 54 0 0 0 0 0 0 0 0 1024 
0 0 0 0 0 1024 0 0 0 0 0 0 0 920 104 0 0 0 0 0 0 0 0 1024 
0 0 0 0 0 1024 0 0 0 0 0 0 0 799 225 0 0 0 0 0 0 0 0 1024 
0 0 0 0 0 1024 0 0 0 0 0 0 0 622 402 0 0 0 0 0 0 0 0 1024 
0 0 0 0 0 1024 0 0 0 0 0 0 0 604 420 0 0 0 0 0 0 0 0 1024 
0 0 0 0 0 1024 0 0 0 0 0 0 0 350 674 0 0 0 0 0 0 0 0 1024 
0 0 0 0 0 1024 0 0 0 0 0 0 0 137 887 0 0 0 0 0 0 0 0 1024 
0 0 0 0 0 1024 0 0 0 0 0 0 0 68 956 0 0 0 0 0 0 0 0 1024 
0 0 0 0 0 1024 0 0 0 0 0 0 0 233 791 0 0 0 0 0 0 0 0 1024 
0 0 0 0 0 1024 0 0 0 0 0 0 0 510 514 0 0 0 0 0 0 0 0 1024 
0 0 0 0 0 1024 0 0 0 0 0 0 0 540 484 0 0 0 0 0 0 0 0 1024 
0 0 0 0 0 1024 0 0 0 0 0 0 0 522 502 0 0 0 0 0 0 0 0 1024 
0 0 0 0 0 1024 0 0 0 0 0 0 0 512 512 0 0 0 0 0 0 0 0 1024 
0 0 0 0 0 1024 0 0 0 0 0 0 0 380 644 0 0 0 0 0 0 0 0 1024 
0 0 0 0 0 1024 0 0 0 0 0 0 0 126 898 0 0 0 0 0 0 0 0 1024 
0 0 0 0 0 1024 0 0 0 0 0 0 0 210 814 0 0 0 0 0 0 0 0 1024 
0 0 0 0 0 1024 0 0 0 0 0 0 0 778 246 0 0 0 0 0 0 0 0 1024 
0 0 0 0 0 1024 0 0 0 0 0 0 0 864 160 0 0 0 0 0 0 0 0 1024 
0 0 0 0 0 1024 0 0 0 0 0 0 0 531 493 0 0 0 0 0 0 0 0 1024 
0 0 0 0 0 765 259 0 0 0 0 0 0 9 1015 0 0 0 0 0 0 0 0 1024 
28 72 109 124 124 376 170 21 16 65 108 126 119 170 391 29 86 89 120 102 91 59 85 392 
2 21 62 73 100 688 64 14 0 11 52 67 90 377 403 24 17 40 69 54 66 53 153 572 
2 6 11 22 42 920 19 2 1 3 10 17 26 671 288 8 3 7 11 19 21 26 34 903 
0 0 0 0 0 1024 0 0 0 0 0 0 0 484 540 0 0 0 0 0 0 0 0 1024 
0 0 0 0 0 1024 0 0 0 0 0 0 0 389 635 0 0 0 0 0 0 0 0 1024 
0 0 0 0 0 1024 0 0 0 0 0 0 0 34 990 0 0 0 0 0 0 0 0 1024 
0 2 9 10 16 677 240 70 0 0 8 11 13 54 900 38 2 3 10 5 13 22 34 935 
23 67 104 129 135 374 166 26 18 56 92 129 133 167 390 39 60 90 116 116 95 81 83 383 
17 29 62 84 116 623 78 15 9 23 49 69 110 181 548 35 28 44 63 94 69 61 141 524 
0 0 0 0 0 1024 0 0 0 0 0 0 0 0 1024 0 0 0 0 0 0 0 0 1024 
0 0 0 0 0 1024 0 0 0 0 0 0 0 172 852 0 0 0 0 0 0 0 0 1024 
0 0 0 0 0 1024 0 0 0 0 0 0 0 345 679 0 0 0 0 0 0 0 0 1024 
0 0 0 0 0 1024 0 0 0 0 0 0 0 232 792 0 0 0 0 0 0 0 0 1024 
0 0 0 0 0 1024 0 0 0 0 0 0 0 168 856 0 0 0 0 0 0 0 0 1024 
0 0 0 0 0 1024 0 0 0 0 0 0 0 24 1000 0 0 0 0 0 0 0 0 1024 
0 0 0 0 0 1024 0 0 0 0 0 0 0 0 1024 0 0 0 0 0 0 0 0 1024 
0 0 0 0 0 1024 0 0 0 0 0 0 0 0 1024 0 0 0 0 0 0 0 0 1024 
0 0 0 0 0 1024 0 0 0 0 0 0 0 6 1018 0 0 0 0 0 0 0 0 1024 
0 0 0 0 0 1024 0 0 0 0 0 0 0 0 1024 0 0 0 0 0 0 0 0 1024 
0 0 0 0 0 1024 0 0 0 0 0 0 0 0 1024 0 0 0 0 0 0 0 0 1024 
0 0 0 0 0 1024 0 0 0 0 0 0 0 0 1024 0 0 0 0 0 0 0 0 1024 
0 0 0 0 0 1024 0 0 0 0 0 0 0 0 1024 0 0 0 0 0 0 0 0 1024 
0 0 0 0 0 1024 0 0 0 0 0 0 0 0 1024 0 0 0 0 0 0 0 0 1024 
0 0 0 0 0 1024 0 0 0 0 0 0 0 0 1024 0 0 0 0 0 0 0 0 1024 
0 0 0 0 0 1024 0 0 0 0 0 0 0 0 1024 0 0 0 0 0 0 0 0 1024 
0 0 0 0 0 1024 0 0 0 0 0 0 0 0 1024 0 0 0 0 0 0 0 0 1024 
0 0 0 0 0 1024 0 0 0 0 0 0 0 0 1024 0 0 0 0 0 0 0 0 1024 
0 0 0 0 0 1024 0 0 0 0 0 0 0 1 1023 0 0 0 0 0 0 0 0 1024 
0 0 0 0 0 1024 0 0 0 0 0 0 0 0 1024 0 0 0 0 0 0 0 0 1024 
0 0 0 0 0 1024 0 0 0 0 0 0 0 0 1024 0 0 0 0 0 0 0 0 1024 
0 0 0 0 0 1024 0 0 0 0 0 0 0 0 1024 0 0 0 0 0 0 0 0 1024 
0 0 0 0 0 1024 0 0 0 0 0 0 0 1 1023 0 0 0 0 0 0 0 0 1024 
0 0 0 0 0 1024 0 0 0 0 0 0 0 24 1000 0 0 0 0 0 0 0 0 1024 
2 3 8 12 19 955 24 1 1 2 7 7 16 57 925 9 1 0 4 5 14 10 29 961 
23 45 98 133 153 417 126 29 20 33 91 121 149 190 368 52 65 89 109 132 105 82 133 309 
71 118 184 201 178 157 83 32 45 121 177 208 174 146 117 36 248 202 196 155 88 55 37 43 
54 153 199 209 203 119 61 26 41 139 192 213 202 135 66 36 251 226 207 170 81 60 22 7 
28 59 129 147 137 395 112 17 18 51 93 147 146 161 364 44 61 89 111 132 119 76 108 328 
0 1 3 5 20 972 21 2 0 0 2 4 6 43 963 6 0 0 1 2 6 12 37 966 
0 0 0 0 0 1024 0 0 0 0 0 0 0 0 1024 0 0 0 0 0 0 0 0 1024 
0 1 0 3 0 1007 13 0 0 0 1 1 2 6 1013 1 0 0 1 0 3 0 4 1016 
16 64 132 150 131 395 102 34 11 56 123 143 139 158 353 41 107 133 137 118 64 65 77 323 
118 173 202 214 158 79 46 34 60 169 196 218 180 109 51 41 286 222 215 148 91 37 21 4 
76 142 136 168 135 243 71 53 41 124 143 179 136 149 186 66 223 175 157 118 85 56 80 130 
5 8 21 35 25 874 47 9 3 8 11 30 35 37 880 20 15 23 27 26 16 13 53 851 
0 0 0 0 0 1024 0 0 0 0 0 0 0 0 1024 0 0 0 0 0 0 0 0 1024 
0 0 0 0 0 1024 0 0 0 0 0 0 0 0 1024 0 0 0 0 0 0 0 0 1024 
0 0 0 0 0 1024 0 0 0 0 0 0 0 0 1024 0 0 0 0 0 0 0 0 1024 
0 0 0 0 0 1024 0 0 0 0 0 0 0 0 1024 0 0 0 0 0 0 0 0 1024 
0 0 0 0 0 1023 1 0 0 0 0 0 0 0 1024 0 0 0 0 0 0 0 0 1024 
0 0 0 0 0 893 131 0 0 0 0 0 0 0 1024 0 0 0 0 0 0 0 0 1024 
0 0 0 0 0 1007 17 0 0 0 0 0 0 0 1024 0 0 0 0 0 0 0 0 1024 
0 0 0 0 0 1024 0 0 0 0 0 0 0 0 1024 0 0 0 0 0 0 0 0 1024 
0 0 0 0 0 1024 0 0 0 0 0 0 0 0 1024 0 0 0 0 0 0 0 0 1024 
0 0 0 0 0 1024 0 0 0 0 0 0 0 0 1024 0 0 0 0 0 0 0 0 1024 
0 0 0 0 0 944 80 0 0 0 0 0 0 0 1024 0 0 0 0 0 0 0 0 1024 
0 0 0 0 0 881 143 0 0 0 0 0 0 0 1024 0 0 0 0 0 0 0 0 1024 
0 0 0 0 0 1024 0 0 0 0 0 0 0 0 1024 0 0 0 0 0 0 0 0 1024 
0 0 0 0 0 1024 0 0 0 0 0 0 0 0 1024 0 0 0 0 0 0 0 0 1024 
0 0 0 0 0 1023 1 0 0 0 0 0 0 0 1024 0 0 0 0 0 0 0 0 1024 
0 0 0 0 0 1024 0 0 0 0 0 0 0 0 1024 0 0 0 0 0 0 0 0 1024 
0 0 0 0 0 1024 0 0 0 0 0 0 0 0 1024 0 0 0 0 0 0 0 0 1024 
0 0 0 0 0 1024 0 0 0 0 0 0 0 0 1024 0 0 0 0 0 0 0 0 1024 
0 0 0 0 0 1024 0 0 0 0 0 0 0 0 1024 0 0 0 0 0 0 0 0 1024 
0 0 0 0 0 1024 0 0 0 0 0 0 0 0 1024 0 0 0 0 0 0 0 0 1024 
3 8 10 17 22 882 78 4 0 9 9 9 20 41 922 14 1 11 9 9 16 23 36 919 
7 5 19 50 61 778 93 11 4 8 13 39 53 73 800 34 5 11 29 27 44 38 68 802 
1 5 6 16 23 927 44 2 0 3 8 12 16 38 935 12 2 4 14 9 15 19 27 934 
7 3 18 30 28 864 63 11 4 3 13 23 31 38 889 23 5 2 20 27 20 19 50 881 
86 163 179 179 160 141 85 31 59 140 186 181 169 141 104 44 268 191 197 121 83 50 55 59 
130 220 190 190 165 77 36 16 94 193 201 199 180 89 46 22 378 234 190 126 58 30 8 0 
307 296 154 113 86 37 24 7 191 345 179 127 94 54 22 12 541 208 133 72 44 16 6 4 
93 150 188 221 166 119 64 23 36 146 193 214 192 120 87 36 247 231 188 157 96 51 30 24 
17 59 86 81 78 498 187 18 7 53 81 84 74 93 580 52 82 79 70 61 57 65 71 539 
0 1 12 21 38 827 118 7 0 0 9 21 26 38 909 21 0 13 11 28 25 14 21 912 
6 15 26 47 46 729 151 4 4 10 30 44 39 51 837 9 6 29 37 34 38 28 33 819 
92 174 201 244 133 94 47 39 48 162 188 244 177 97 57 51 302 239 225 115 75 40 28 0 
153 217 197 177 132 70 48 30 78 243 190 182 165 82 45 39 388 221 186 109 55 38 24 3 
105 173 198 207 140 108 48 45 56 172 198 215 160 111 62 50 330 226 189 130 78 52 19 0 
37 70 97 154 125 371 129 41 25 54 90 139 133 142 376 65 118 102 121 109 91 79 127 277 
2 5 15 27 41 813 111 10 1 4 11 19 36 77 850 26 6 10 20 33 28 49 94 784 
0 0 0 0 0 1024 0 0 0 0 0 0 0 0 1024 0 0 0 0 0 0 0 0 1024 
0 0 0 0 0 1024 0 0 0 0 0 0 0 0 1024 0 0 0 0 0 0 0 0 1024 
0 0 0 0 0 1019 5 0 0 0 0 0 0 0 1024 0 0 0 0 0 0 0 0 1024 
0 0 0 0 0 912 112 0 0 0 0 0 0 0 1024 0 0 0 0 0 0 0 0 1024 
0 0 0 0 0 975 49 0 0 0 0 0 0 0 1024 0 0 0 0 0 0 0 0 1024 
0 0 0 0 0 1000 24 0 0 0 0 0 0 0 1024 0 0 0 0 0 0 0 0 1024 
0 0 0 0 0 1024 0 0 0 0 0 0 0 0 1024 0 0 0 0 0 0 0 0 1024 
0 0 0 0 0 1024 0 0 0 0 0 0 0 0 1024 0 0 0 0 0 0 0 0 1024 
0 0 0 0 0 648 376 0 0 0 0 0 0 0 1024 0 0 0 0 0 0 0 0 1024 
0 0 0 0 0 304 720 0 0 0 0 0 0 0 1024 0 0 0 0 0 0 0 0 1024 
0 0 0 0 0 296 728 0 0 0 0 0 0 0 1024 0 0 0 0 0 0 0 0 1024 
0 0 0 0 0 388 636 0 0 0 0 0 0 0 1024 0 0 0 0 0 0 0 0 1024 
0 0 0 0 0 935 89 0 0 0 0 0 0 0 1024 0 0 0 0 0 0 0 0 1024 
1 6 8 14 21 826 145 3 0 3 8 11 19 24 938 21 1 4 7 12 12 11 33 944 
21 82 134 162 158 321 135 11 12 56 133 148 163 114 359 39 82 131 137 125 82 65 79 323 
8 16 29 50 52 735 126 8 5 13 26 48 43 50 813 26 12 19 31 33 29 36 59 805 
0 0 0 0 0 900 124 0 0 0 0 0 0 0 1024 0 0 0 0 0 0 0 0 1024 
1 0 8 7 7 874 124 3 1 0 5 8 6 7 988 9 1 0 5 6 7 9 14 982 
7 12 29 29 37 694 206 10 2 13 20 29 29 47 837 47 10 12 24 24 22 33 50 849 
76 138 162 163 159 180 120 26 48 126 156 164 169 120 189 52 213 146 166 132 114 67 58 128 
53 149 215 208 174 128 82 15 33 115 210 218 183 124 103 38 272 198 188 141 95 54 46 30 
76 143 136 144 128 195 162 40 49 129 133 154 117 117 249 76 188 136 142 116 67 64 87 224 
41 73 146 130 120 233 244 37 28 52 126 145 123 128 324 98 65 117 117 121 74 86 99 345 
121 221 236 175 122 83 52 14 71 212 223 198 150 87 59 24 374 241 170 122 66 39 12 0 
135 231 218 178 121 84 38 19 88 215 228 200 137 80 55 21 441 223 169 98 58 25 9 1 
231 211 178 147 118 75 40 24 166 230 179 154 128 91 48 28 426 214 158 98 76 27 18 7 
157 230 210 173 119 74 37 24 98 220 222 185 141 83 43 32 413 234 151 114 64 30 15 3 
58 144 172 218 178 114 95 45 37 126 168 184 218 124 105 62 203 186 215 163 104 59 59 35 
5 30 35 65 68 494 303 24 1 24 34 56 65 91 684 69 25 42 40 66 52 74 94 631 
52 101 131 182 127 188 185 58 31 88 112 176 155 120 251 91 116 124 167 137 95 61 93 231 
139 239 229 168 136 65 24 24 84 213 236 202 145 80 39 25 390 247 179 108 64 23 12 1 
243 258 206 146 92 48 18 13 159 273 210 156 119 65 27 15 480 247 151 78 45 18 4 1 
313 310 166 114 62 35 15 9 203 348 189 125 81 48 18 12 578 219 109 58 41 13 6 0 
157 182 161 210 165 72 42 35 84 202 153 206 183 104 51 41 367 221 203 121 66 33 13 0 
57 113 163 226 138 188 96 43 26 98 158 216 162 124 184 56 211 200 192 118 78 67 57 101 
0 0 0 0 0 664 360 0 0 0 0 0 0 0 1024 0 0 0 0 0 0 0 0 1024 
0 0 0 0 0 607 417 0 0 0 0 0 0 0 1024 0 0 0 0 0 0 0 0 1024 
0 0 0 0 0 195 829 0 0 0 0 0 0 0 1024 0 0 0 0 0 0 0 0 1024 
0 0 0 0 0 547 477 0 0 0 0 0 0 0 1024 0 0 0 0 0 0 0 0 1024 
0 0 0 0 0 487 537 0 0 0 0 0 0 0 1024 0 0 0 0 0 0 0 0 1024 
0 0 0 0 0 395 629 0 0 0 0 0 0 0 1024 0 0 0 0 0 0 0 0 1024 
0 0 0 0 0 254 770 0 0 0 0 0 0 0 1024 0 0 0 0 0 0 0 0 1024 
0 0 0 0 0 256 768 0 0 0 0 0 0 0 1024 0 0 0 0 0 0 0 0 1024 
0 0 0 2 15 79 924 4 0 0 0 1 9 20 973 21 1 2 5 9 10 24 49 924 
0 0 2 6 9 26 972 9 0 0 2 3 10 18 971 20 1 3 6 12 13 10 21 958 
1 3 8 23 19 47 914 9 1 0 6 14 24 27 899 53 1 2 7 14 20 18 36 926 
6 19 70 126 85 104 594 20 5 9 56 107 97 76 599 75 18 54 80 75 63 45 67 622 
8 33 67 103 68 127 593 25 3 27 61 83 79 69 620 82 30 59 70 66 50 41 57 651 
36 85 177 205 214 147 132 28 21 83 149 202 210 161 143 55 126 182 182 193 101 76 68 96 
74 209 245 242 133 80 31 10 57 186 239 256 144 88 41 13 312 266 222 126 70 20 7 1 
68 104 138 125 114 208 234 33 44 106 128 132 99 106 328 81 127 136 109 95 75 65 62 355 
10 25 47 65 52 146 660 19 3 21 31 64 57 46 727 75 10 30 40 53 55 34 56 746 
18 65 111 133 115 178 351 53 10 48 107 137 104 87 417 114 81 94 133 102 63 49 69 433 
79 176 172 199 162 113 90 33 58 148 183 190 180 115 96 54 292 189 197 127 82 59 21 57 
85 186 220 217 163 87 42 24 54 180 220 216 181 95 51 27 354 246 205 122 62 26 9 0 
127 227 228 192 130 58 43 19 82 209 225 216 150 64 52 26 403 242 187 96 47 41 7 1 
79 144 189 202 173 113 81 43 51 140 182 196 200 115 86 54 281 206 211 114 102 47 39 24 
52 132 210 221 181 122 76 30 26 124 185 234 196 143 78 38 246 230 215 149 96 46 29 13 
163 231 211 188 123 64 28 16 93 236 209 201 147 76 42 20 428 215 190 108 53 19 10 1 
216 271 186 156 96 65 27 7 135 283 210 171 105 75 34 11 484 223 146 101 39 28 2 1 
269 268 156 130 97 60 29 15 173 291 196 133 107 67 34 23 456 226 142 84 69 20 19 8 
254 219 190 139 111 66 28 17 158 271 181 156 114 87 35 22 485 210 144 100 58 20 7 0 
129 243 226 185 107 80 26 28 80 227 214 211 127 98 35 32 415 243 168 110 51 26 11 0 
103 199 163 181 147 122 68 41 51 198 168 177 170 122 70 68 318 182 161 134 86 73 36 34 
93 118 178 226 189 124 62 34 51 120 148 229 211 145 70 50 230 207 215 183 76 44 30 39 
183 226 189 185 127 51 41 22 103 253 201 176 146 77 40 28 409 224 181 106 56 32 14 2 
424 259 133 91 49 31 21 16 332 314 135 99 64 39 24 17 639 185 91 54 26 24 5 0 
186 236 165 169 117 70 49 32 122 238 177 175 136 79 53 44 444 196 185 92 61 36 10 0 
326 329 116 92 79 40 15 27 229 377 139 99 85 45 21 29 566 195 113 73 37 15 20 5 
147 221 208 218 114 73 21 22 68 241 192 221 149 87 39 27 402 253 188 98 50 25 8 0 
3 17 33 36 25 70 838 2 2 7 26 38 24 26 875 26 5 16 28 29 18 22 35 871 
3 126 163 88 50 194 396 4 1 61 193 99 51 56 539 24 17 144 116 58 45 44 57 543 
0 0 0 0 2 9 1013 0 0 0 0 0 2 5 1009 8 0 0 0 0 0 2 7 1015 
0 6 25 11 10 18 953 1 0 3 15 20 6 13 948 19 0 5 22 10 5 8 16 958 
0 0 0 0 0 0 1024 0 0 0 0 0 0 0 1024 0 0 0 0 0 0 0 0 1024 
0 0 0 0 0 0 1024 0 0 0 0 0 0 0 1024 0 0 0 0 0 0 0 0 1024 
0 0 0 0 0 0 1024 0 0 0 0 0 0 0 1024 0 0 0 0 0 0 0 0 1024 
1 11 49 74 143 177 553 16 1 8 29 69 132 172 553 60 87 138 120 80 56 54 67 422 
5 54 207 297 280 124 50 7 0 33 148 276 308 182 68 9 225 334 291 121 34 14 5 0 
3 28 135 242 271 155 176 14 2 21 99 239 271 184 167 41 147 258 265 115 54 35 34 116 
30 101 190 298 183 116 95 11 20 93 169 289 207 124 90 32 173 244 252 147 86 39 23 60 
65 220 308 226 124 48 25 8 46 174 307 260 130 63 35 9 278 318 221 117 45 29 11 5 
41 150 210 267 173 117 45 21 16 123 215 266 193 132 47 32 257 274 226 129 64 37 16 21 
112 246 229 204 127 73 25 8 71 230 231 215 155 72 36 14 419 234 208 88 52 19 4 0 
167 235 200 178 114 77 37 16 113 251 196 195 119 84 47 19 417 214 182 95 72 33 11 0 
152 199 205 196 156 81 22 13 102 203 208 194 178 95 29 15 350 232 199 140 67 21 10 5 
35 106 158 260 212 119 88 46 22 85 140 246 245 126 94 66 153 203 235 158 106 76 52 41 
97 150 181 204 150 106 93 43 65 139 171 196 179 106 97 71 242 184 193 131 86 59 50 79 
202 239 198 174 94 75 25 17 131 253 212 179 114 77 39 19 447 221 161 99 61 21 9 5 
264 287 165 119 90 61 24 14 217 286 184 131 91 65 35 15 527 222 117 73 51 24 10 0 
362 248 155 123 74 43 11 8 286 264 181 114 99 51 20 9 545 198 133 80 44 15 9 0 
153 218 183 178 136 86 46 24 107 208 198 180 149 100 47 35 438 201 180 111 56 34 4 0 
158 207 204 205 136 74 24 16 88 210 209 200 172 91 33 21 431 245 170 107 45 20 6 0 
206 271 213 136 97 62 23 16 154 288 199 146 123 65 31 18 515 217 134 87 45 17 9 0 
413 248 129 95 60 47 21 11 310 301 138 111 73 50 29 12 607 182 100 67 39 20 9 0 
295 239 168 122 98 65 17 20 227 264 171 128 102 90 15 27 525 200 120 93 50 24 8 4 
301 222 150 122 109 75 28 17 232 240 156 131 118 90 34 23 537 172 140 88 54 26 7 0 
234 294 172 109 89 69 31 26 170 332 163 126 95 73 38 27 510 230 112 80 52 26 14 0 
195 260 155 149 129 88 36 12 126 294 150 161 136 100 39 18 459 205 149 124 53 25 9 0 
140 230 188 184 142 67 36 37 74 230 197 198 149 90 45 41 401 240 183 98 52 34 15 1 
352 318 149 107 57 20 16 5 230 374 167 123 79 27 16 8 626 198 104 56 21 16 3 0 
175 221 170 181 122 66 45 44 98 232 192 166 145 88 51 52 457 180 164 111 54 41 17 0 
259 240 173 132 101 46 44 29 183 264 173 148 117 63 40 36 531 189 125 80 44 44 11 0 
200 235 209 174 115 49 29 13 110 248 203 209 129 73 32 20 472 223 160 89 48 26 6 0 
123 198 216 223 139 67 35 23 57 183 205 229 177 91 52 30 387 242 199 104 56 22 14 0 
42 224 373 279 47 26 27 6 18 176 332 358 72 27 24 17 167 411 259 86 33 26 26 16 
41 235 369 308 42 15 13 1 17 193 329 375 80 14 15 1 143 455 305 76 17 9 7 12 
0 127 375 287 111 44 78 2 0 82 311 335 142 56 78 20 91 323 238 149 69 48 31 75 
34 240 263 200 82 57 139 9 25 173 278 237 98 49 135 29 149 363 203 70 21 26 45 147 
9 74 177 112 29 36 582 5 5 57 142 143 45 30 553 49 24 120 149 65 29 22 29 586 
7 57 106 72 35 42 687 18 3 34 99 81 40 33 626 108 14 92 70 49 36 34 35 694 
2 18 92 262 111 56 419 64 3 20 149 238 83 52 384 95 27 160 221 58 42 39 73 404 
14 130 263 291 195 65 57 9 4 104 233 289 235 82 54 23 266 283 286 88 35 13 18 35 
32 140 246 317 214 60 15 0 24 114 220 333 241 70 22 0 279 340 272 102 30 1 0 0 
36 164 268 276 202 68 10 0 23 132 269 263 235 93 9 0 329 286 278 109 21 1 0 0 
107 241 265 217 131 56 7 0 66 234 257 229 156 69 12 1 402 290 200 100 29 3 0 0 
86 204 283 250 134 58 8 1 52 185 258 278 157 76 17 1 373 311 209 98 29 4 0 0 
82 213 251 222 168 69 17 2 48 199 248 217 197 86 26 3 393 270 209 104 41 7 0 0 
306 322 154 122 68 34 14 4 238 339 174 122 84 43 19 5 587 204 117 74 32 7 3 0 
370 257 159 117 74 35 10 2 294 282 172 136 80 41 15 4 576 181 144 75 36 8 4 0 
84 156 202 229 179 113 46 15 69 134 202 226 199 121 55 18 332 248 225 125 60 28 5 1 
53 192 253 218 199 73 31 5 29 154 244 240 202 100 47 8 381 243 215 123 52 8 2 0 
126 199 239 213 148 62 34 3 77 201 216 225 172 86 40 7 399 258 199 106 43 18 1 0 
402 262 146 94 60 39 20 1 303 312 167 101 64 49 27 1 608 193 92 72 37 21 0 1 
499 231 107 93 54 27 12 1 448 251 118 91 63 35 16 2 680 159 81 62 30 9 3 0 
394 143 124 126 118 75 27 17 361 157 119 120 125 89 32 21 551 180 143 86 40 18 6 0 
119 225 195 208 143 82 43 9 56 217 205 202 166 104 57 17 425 236 173 106 64 16 4 0 
388 250 160 97 64 41 14 10 305 282 175 109 70 50 20 13 592 198 113 64 35 16 6 0 
316 261 162 113 80 60 21 11 254 279 170 122 83 73 30 13 567 185 133 71 45 16 7 0 
256 209 179 157 127 54 31 11 199 216 167 181 133 75 38 15 485 213 146 102 49 23 6 0 
313 247 162 124 86 60 23 9 247 270 182 126 94 65 27 13 555 188 127 82 52 15 5 0 
525 236 93 64 59 33 10 4 446 277 108 66 65 36 19 7 683 156 85 54 33 9 4 0 
152 220 195 162 130 68 57 40 87 222 197 174 145 89 59 51 443 212 152 98 59 54 6 0 
55 160 211 247 186 92 49 24 31 121 202 247 220 110 61 32 345 236 225 123 55 33 7 0 
106 224 202 198 137 95 35 27 64 207 212 200 161 99 44 37 414 209 205 100 62 26 8 0 
323 225 154 146 107 37 20 12 243 245 158 156 128 51 28 15 546 186 156 77 33 19 7 0 
522 242 110 73 40 21 10 6 422 294 120 86 54 23 16 9 697 169 77 49 19 11 2 0 
346 259 153 140 70 29 19 8 232 289 170 150 104 40 27 12 586 189 138 62 32 11 6 0 
291 257 169 145 81 49 17 15 165 301 174 165 105 71 24 19 520 206 144 76 54 16 8 0 
182 217 186 206 132 60 25 16 100 225 188 202 170 82 36 21 419 212 210 102 54 22 4 1 
53 296 501 171 3 0 0 0 21 223 472 298 10 0 0 0 422 510 92 0 0 0 0 0 
72 399 476 76 1 0 0 0 28 280 507 204 5 0 0 0 612 363 47 2 0 0 0 0 
41 727 242 13 1 0 0 0 19 559 400 44 2 0 0 0 577 431 13 3 0 0 0 0 
95 450 383 94 2 0 0 0 48 377 405 184 10 0 0 0 490 491 42 1 0 0 0 0 
64 265 402 272 20 1 0 0 35 245 361 346 36 1 0 0 385 468 156 12 3 0 0 0 
8 75 257 346 214 72 29 23 3 54 219 370 248 79 31 20 76 275 343 180 85 32 29 4 
1 53 205 411 106 74 74 100 9 54 274 367 99 106 44 71 97 263 346 119 91 51 55 2 
72 260 323 242 85 20 6 16 41 200 372 255 109 24 11 12 387 357 176 71 13 12 8 0 
80 266 284 230 120 35 9 0 41 244 284 238 154 50 13 0 403 302 205 93 19 2 0 0 
45 214 341 270 126 26 2 0 16 164 322 296 181 39 5 1 356 362 229 65 11 1 0 0 
152 287 269 192 99 22 3 0 114 244 285 219 127 26 9 0 458 293 180 77 12 4 0 0 
73 188 280 271 156 43 11 2 31 158 272 276 195 68 21 3 364 295 232 101 29 3 0 0 
233 311 206 153 77 36 6 2 154 334 220 167 92 42 12 3 526 243 154 67 28 6 0 0 
417 286 116 119 53 27 6 0 330 335 128 120 67 34 10 0 650 179 110 53 27 5 0 0 
343 232 185 124 84 38 13 5 291 234 196 129 105 46 17 6 541 222 131 81 35 9 5 0 
171 208 214 203 138 56 28 6 128 203 198 220 156 75 36 8 470 226 173 96 44 12 3 0 
78 183 255 257 145 77 22 7 48 158 230 258 188 94 39 9 386 268 204 109 44 12 1 0 
281 302 195 130 82 22 8 4 204 318 203 148 105 31 11 4 577 207 145 68 21 6 0 0 
266 248 195 152 86 43 28 6 192 266 196 164 115 49 34 8 508 220 151 78 40 25 2 0 
338 251 153 127 83 43 20 9 260 281 173 131 94 47 28 10 563 197 122 81 38 21 2 0 
147 204 224 182 122 84 48 13 96 200 215 194 151 91 54 23 420 238 154 112 69 22 9 0 
219 260 195 145 99 64 30 12 156 256 216 159 116 64 41 16 516 203 150 72 56 23 4 0 
297 241 162 140 97 58 21 8 211 260 170 157 116 70 28 12 526 188 147 92 51 14 6 0 
617 209 75 62 34 22 4 1 531 273 80 70 37 22 9 2 758 116 74 43 23 10 0 0 
343 262 151 126 77 39 16 10 265 299 156 128 89 51 22 14 588 198 120 64 36 14 3 1 
236 244 166 139 116 72 34 17 180 247 178 132 128 94 44 21 489 199 146 101 49 35 5 0 
240 178 154 146 128 96 50 32 193 185 158 138 142 103 62 43 458 177 157 114 68 34 16 0 
311 282 134 124 57 54 37 25 243 292 163 116 87 55 41 27 601 173 102 68 45 27 8 0 
188 285 181 172 93 56 40 9 81 303 199 189 126 68 41 17 502 242 144 74 45 13 4 0 
102 300 199 163 122 81 33 24 49 259 240 169 135 97 46 29 454 233 161 97 48 26 5 0 
162 264 201 182 125 57 18 15 95 246 198 195 164 75 34 17 460 222 179 90 50 18 5 0 
407 206 136 135 81 31 11 17 328 247 127 131 109 46 14 22 589 179 142 66 25 15 7 1 
441 257 115 81 49 49 14 18 326 313 145 83 71 46 18 22 657 173 74 66 27 20 7 0 
428 220 158 114 63 25 12 4 332 260 165 120 90 33 16 8 642 177 105 63 24 9 4 0 
339 251 161 124 85 35 16 13 207 319 172 134 90 65 18 19 555 206 127 77 36 16 7 0 
23 279 508 185 25 3 1 0 3 135 485 316 77 7 0 1 406 475 132 7 3 1 0 0 
53 322 514 119 15 1 0 0 7 170 482 313 47 4 1 0 551 408 58 6 1 0 0 0 
325 518 127 49 3 2 0 0 210 517 216 69 10 2 0 0 706 257 54 4 2 1 0 0 
106 390 390 125 3 4 3 3 61 249 443 250 13 4 2 2 500 383 124 8 4 2 2 1 
85 412 421 103 3 0 0 0 43 252 488 227 14 0 0 0 612 326 86 0 0 0 0 0 
2 71 297 317 169 35 23 110 1 37 242 401 177 42 63 61 78 285 319 159 49 58 76 0 
5 39 192 259 145 43 132 209 3 31 213 284 120 131 152 90 77 208 214 204 119 134 65 3 
74 219 273 252 66 40 43 57 27 185 300 287 90 59 53 23 371 273 204 71 44 52 9 0 
72 259 413 213 55 12 0 0 25 166 344 353 115 19 2 0 437 392 154 36 5 0 0 0 
53 251 452 214 44 8 2 0 17 136 419 334 105 11 2 0 415 414 163 25 6 1 0 0 
284 203 261 194 68 11 3 0 255 156 219 251 115 23 5 0 540 281 141 45 13 3 1 0 
101 187 240 283 157 38 17 1 67 173 220 303 172 70 17 2 346 291 245 105 30 5 2 0 
184 236 199 239 124 35 7 0 139 232 211 246 135 51 10 0 437 246 218 90 32 1 0 0 
453 242 147 99 44 29 6 4 361 295 151 110 59 33 10 5 659 194 94 40 27 6 4 0 
353 215 158 127 106 40 18 7 311 224 147 147 111 54 19 11 551 207 126 84 36 18 2 0 
100 270 278 214 106 48 8 0 50 237 283 241 136 61 14 2 486 288 153 70 25 2 0 0 
229 282 208 162 93 34 12 4 147 306 214 182 110 45 16 4 546 242 134 67 26 9 0 0 
284 298 176 126 82 37 16 5 203 325 192 136 92 47 23 6 569 208 137 51 48 9 2 0 
452 284 116 79 49 29 11 4 382 317 128 90 53 36 10 8 677 170 80 53 26 13 5 0 
345 204 172 146 80 42 28 7 263 240 180 148 104 47 28 14 546 187 145 83 37 21 5 0 
201 301 185 149 107 57 23 1 137 294 208 167 103 78 30 7 534 182 140 112 40 16 0 0 
499 271 124 56 51 16 6 1 415 317 134 69 55 21 10 3 702 174 76 45 20 5 2 0 
428 205 142 107 74 39 18 11 346 240 148 121 83 46 24 16 626 185 99 55 34 19 6 0 
429 144 144 131 101 51 20 4 353 187 119 141 120 72 22 10 576 158 137 93 42 13 5 0 
642 147 97 62 36 23 13 4 610 155 91 75 46 26 16 5 769 115 68 31 25 12 4 0 
542 208 95 59 55 34 22 9 486 235 96 73 51 44 25 14 725 130 64 52 34 15 3 1 
371 172 136 125 116 53 29 22 320 178 144 122 119 76 36 29 583 149 128 87 44 24 9 0 
173 334 206 151 87 45 21 7 91 344 218 154 118 58 25 16 518 244 143 70 33 11 5 0 
451 339 121 57 32 20 3 1 314 425 138 73 48 18 6 2 724 163 74 38 19 5 1 0 
344 324 153 103 41 34 13 12 240 369 171 115 56 38 20 15 636 203 93 42 26 17 7 0 
374 304 151 92 54 26 15 8 254 357 162 119 61 43 16 12 638 194 93 57 28 12 2 0 
483 202 113 134 61 23 8 0 400 229 125 119 104 35 10 2 659 147 139 48 24 6 1 0 
316 215 144 153 90 53 33 20 231 239 160 153 101 74 38 28 569 173 126 75 43 27 11 0 
336 221 151 137 92 33 25 29 230 275 153 140 112 53 31 30 568 185 118 80 37 22 11 3 
347 238 154 136 85 35 16 13 238 291 153 144 110 50 22 16 582 190 140 62 25 24 1 0 
395 300 192 87 40 9 1 0 253 355 210 133 48 23 2 0 686 213 93 27 5 0 0 0 
383 363 207 59 12 0 0 0 273 382 243 99 26 1 0 0 713 232 66 13 0 0 0 0 
151 362 196 73 14 16 26 186 136 341 195 108 21 45 150 28 489 229 66 18 96 96 30 0 
98 167 145 88 112 87 84 243 112 161 169 89 117 94 113 169 260 144 130 95 115 78 66 136 
21 229 382 145 127 62 34 24 25 182 358 202 137 72 26 22 202 407 189 109 55 31 19 12 
7 113 296 299 155 72 43 39 2 81 303 354 147 62 41 34 155 330 247 168 63 35 17 9 
7 53 340 491 95 31 6 1 8 51 387 453 92 28 4 1 53 225 508 190 35 11 2 0 
54 241 439 242 39 5 2 2 18 145 458 321 65 13 1 3 348 391 226 52 3 3 1 0 
210 413 311 80 9 0 1 0 76 355 364 199 26 3 1 0 651 295 65 12 1 0 0 0 
206 299 291 140 50 14 13 11 90 266 305 231 83 26 13 10 552 291 107 40 11 10 7 6 
197 250 266 176 91 37 7 0 144 238 285 194 108 47 7 1 555 242 144 63 17 3 0 0 
59 228 330 251 111 36 7 2 46 200 346 250 128 45 6 3 416 338 173 73 18 5 1 0 
100 391 283 152 51 29 13 5 91 402 287 142 55 28 14 5 519 308 122 37 20 13 5 0 
303 261 155 123 65 42 37 38 297 270 173 122 80 39 14 29 560 175 133 78 28 18 20 12 
566 179 84 82 43 30 31 9 553 188 94 93 61 27 5 3 716 128 102 54 16 5 2 1 
553 177 155 91 30 13 3 2 529 179 159 88 47 15 5 2 694 157 123 35 8 5 2 0 
598 270 81 44 23 7 1 0 559 286 88 55 23 11 2 0 793 148 56 19 7 1 0 0 
682 245 50 31 10 5 1 0 632 274 63 29 18 7 1 0 887 80 36 16 4 1 0 0 
636 146 146 53 31 9 1 2 609 150 145 70 34 11 3 2 770 128 82 31 9 2 2 0 
813 125 45 15 16 7 2 1 781 152 45 18 14 10 3 1 881 75 38 13 12 4 1 0 
635 260 62 28 20 9 8 2 591 298 63 33 18 9 9 3 805 136 33 24 12 12 2 0 
620 233 85 47 14 17 6 2 564 263 96 55 18 17 8 3 838 113 40 14 14 5 0 0 
774 125 64 29 13 10 7 2 737 152 65 30 20 9 9 2 867 89 35 15 9 7 2 0 
736 121 67 46 29 15 6 4 692 150 66 50 33 21 7 5 815 97 57 26 19 6 3 1 
585 233 94 56 32 19 4 1 545 255 102 61 31 21 7 2 755 157 55 31 18 5 3 0 
498 171 107 101 64 32 24 27 550 200 120 86 43 14 9 2 676 135 102 67 29 11 3 1 
282 268 178 150 76 38 25 7 226 262 192 164 83 53 33 11 561 234 112 62 36 16 3 0 
461 255 121 76 52 37 16 6 430 248 145 73 55 43 21 9 705 150 82 43 31 11 2 0 
499 303 110 64 31 15 1 1 411 349 134 70 39 17 3 1 750 158 64 36 13 3 0 0 
816 149 33 12 8 5 1 0 778 181 39 12 7 6 1 0 917 74 13 8 8 3 1 0 
751 192 50 13 10 8 0 0 679 249 60 17 11 5 3 0 908 73 25 9 4 5 0 0 
420 276 107 107 68 32 10 4 333 327 110 99 97 35 17 6 683 148 105 57 24 7 0 0 
586 196 110 71 39 17 3 2 512 225 113 85 52 30 4 3 748 144 69 43 16 2 1 1 
608 148 102 93 43 22 3 5 534 183 106 99 58 29 10 5 753 118 90 38 16 8 1 0 
668 228 54 48 15 11 0 0 551 325 53 54 27 12 2 0 825 107 57 25 7 3 0 0 
70 99 177 206 212 165 65 30 59 98 186 203 225 159 65 29 339 234 231 140 56 23 1 0 
194 160 138 162 165 116 60 29 180 166 139 163 162 127 58 29 446 228 174 99 51 23 3 0 
81 146 93 46 176 120 42 320 84 123 104 56 126 210 107 214 289 96 169 96 89 76 100 109 
5 42 49 55 53 71 132 617 15 56 53 59 69 134 343 295 36 65 73 72 182 277 164 155 
9 46 15 30 109 75 213 527 17 39 17 28 113 187 345 278 48 25 94 64 124 372 198 99 
9 32 51 56 221 167 129 359 11 34 47 49 177 273 162 271 34 73 169 184 117 166 139 142 
3 12 127 83 59 56 246 438 4 17 129 87 56 246 187 298 11 58 160 165 185 153 106 186 
15 116 185 100 45 67 147 349 17 91 207 102 61 128 95 323 150 163 141 147 82 54 97 190 
97 163 195 145 115 103 85 121 70 152 194 171 134 101 93 109 255 182 156 161 96 66 56 52 
70 118 113 112 121 122 113 255 51 123 109 132 132 130 116 231 226 121 123 118 107 97 147 85 
134 261 156 95 77 66 61 174 148 258 150 88 73 83 62 162 400 170 96 72 66 57 106 57 
126 282 229 144 136 76 26 5 153 276 223 137 121 83 26 5 409 254 187 91 39 26 14 4 
197 292 120 131 131 82 41 30 184 309 127 131 124 87 41 21 421 192 138 106 87 41 35 4 
18 39 101 115 120 113 162 356 25 48 92 127 118 164 181 269 101 105 134 140 189 195 133 27 
95 87 82 109 143 170 133 205 120 78 89 111 155 156 152 163 213 145 155 149 132 126 91 13 
247 75 91 125 170 163 86 67 265 70 88 135 171 164 71 60 385 169 173 160 84 37 15 1 
130 97 98 112 129 153 155 150 166 90 96 112 147 187 138 88 335 154 180 147 147 55 6 0 
132 100 82 115 125 142 149 179 176 73 80 121 134 198 163 79 317 144 159 149 188 65 2 0 
31 125 200 127 109 140 142 150 60 127 196 117 128 165 165 66 202 229 214 152 150 71 6 0 
101 151 220 120 104 120 110 98 136 149 208 122 113 130 102 64 263 243 218 137 92 65 6 0 
379 57 66 43 25 24 104 326 395 61 78 24 31 209 213 13 464 72 38 38 342 68 2 0 
283 151 59 37 20 24 107 343 302 149 59 32 31 219 230 2 433 76 43 50 360 62 0 0 
313 125 98 73 33 34 73 275 344 129 100 59 38 126 217 11 438 105 87 52 253 84 4 1 
180 168 212 121 38 45 82 178 202 177 206 116 40 106 118 59 292 216 183 92 146 84 10 1 
209 253 94 62 47 74 81 204 321 213 73 54 60 106 122 75 410 162 64 54 116 93 61 64 
74 258 242 160 79 65 56 90 145 316 216 113 78 72 58 26 213 254 187 154 111 64 30 11 
65 241 214 161 134 99 52 58 59 317 218 150 122 81 59 18 427 226 161 112 54 43 1 0 
601 210 61 45 34 31 18 24 653 183 50 39 35 25 16 23 790 98 49 32 25 20 7 3 
211 127 152 152 156 105 71 50 216 130 148 158 149 104 70 49 404 147 158 135 86 66 26 2 
129 165 166 184 138 115 71 56 141 158 171 181 132 121 66 54 356 187 178 117 95 52 37 2 
393 410 138 54 24 5 0 0 399 396 138 61 24 6 0 0 725 208 61 25 4 1 0 0 
510 296 127 63 18 9 1 0 547 253 132 65 19 8 0 0 742 165 72 34 8 3 0 0 
307 161 75 88 79 69 59 186 373 135 81 90 65 60 85 135 403 107 73 89 75 71 82 124 
620 107 46 37 32 35 29 118 667 82 45 32 33 31 33 101 645 86 52 36 38 31 29 107 
995 23 5 1 0 0 0 0 993 25 5 1 0 0 0 0 1000 21 2 1 0 0 0 0 
57 181 220 192 141 109 61 63 53 182 223 195 146 105 59 61 433 203 156 120 58 45 9 0 
82 186 186 200 167 96 64 43 82 180 191 196 171 103 59 42 449 226 166 101 47 29 6 0 
9 81 160 317 343 77 17 20 7 70 136 272 297 203 21 18 234 372 334 50 19 13 2 0 
0 10 156 327 431 35 9 56 0 7 83 320 316 233 12 53 114 414 396 34 6 10 36 14 
7 70 215 253 346 44 14 75 3 41 148 284 269 190 15 74 243 320 342 23 15 18 51 12 
6 67 289 225 207 112 28 90 2 41 233 338 212 95 24 79 269 283 140 57 53 69 87 66 
27 90 230 195 135 123 76 148 25 73 202 296 188 75 49 116 167 263 120 67 81 95 95 136 
13 50 194 240 124 97 77 229 8 49 204 284 168 106 102 103 171 220 147 102 71 79 124 110 
96 114 174 160 174 120 67 119 74 117 180 213 190 126 84 40 182 170 178 193 128 69 55 49 
13 70 202 228 211 150 65 85 15 83 189 240 231 151 71 44 132 238 234 203 106 54 47 10 
21 100 204 239 228 147 50 35 17 92 194 246 238 159 54 24 189 233 237 198 98 41 18 10 
74 110 164 180 174 165 74 83 65 126 159 206 192 154 85 37 222 170 188 169 127 71 47 30 
143 180 164 175 172 116 51 23 108 182 177 178 170 136 51 22 329 171 175 185 89 53 16 6 
69 110 112 143 145 121 89 235 56 103 120 142 147 118 109 229 213 141 153 125 114 106 147 25 
16 63 112 179 163 192 113 186 13 60 122 199 154 189 118 169 138 155 183 195 135 100 91 27 
5 28 56 135 183 193 146 278 6 29 69 134 183 191 151 261 118 148 182 178 140 160 88 10 
38 83 90 112 153 176 136 236 43 81 90 118 153 173 136 230 228 129 157 155 143 112 100 0 
38 94 116 131 114 97 124 310 44 93 119 134 104 99 138 293 232 159 106 104 120 153 142 8 
48 96 119 139 137 159 112 214 47 97 113 143 149 149 119 207 258 148 165 144 126 121 61 1 
80 190 181 196 139 109 67 62 55 161 200 198 153 124 68 65 376 213 165 120 73 56 21 0 
39 190 129 108 113 107 136 202 53 215 108 110 121 137 142 138 260 190 132 129 154 114 37 8 
0 241 117 57 45 91 199 274 22 297 74 46 69 165 219 132 149 268 74 170 230 110 23 0 
10 240 169 36 45 80 152 292 32 327 78 45 72 146 228 96 134 299 60 144 199 119 61 8 
7 41 73 113 124 148 185 333 12 48 96 115 144 174 195 240 108 116 125 175 178 179 139 4 
3 185 177 37 45 58 240 279 37 256 97 40 65 277 226 26 136 235 59 189 321 79 5 0 
7 50 94 36 71 102 239 425 10 84 62 46 80 370 203 169 79 124 74 137 406 151 51 2 
11 67 87 52 53 69 184 501 20 98 70 53 56 250 299 178 85 103 80 121 367 137 108 23 
0 20 33 71 79 137 253 431 0 23 35 82 84 201 268 331 54 76 94 184 225 247 144 0 
28 146 204 129 107 128 113 169 70 177 186 116 125 135 97 118 247 209 125 135 137 83 70 18 
44 134 108 115 74 85 257 207 65 144 113 110 84 359 123 26 241 104 113 104 367 79 16 0 
54 152 53 24 20 10 186 525 72 160 39 27 16 561 148 1 209 62 32 17 669 35 0 0 
80 270 106 23 23 28 145 349 144 268 64 24 22 291 185 26 270 198 25 36 371 96 23 5 
54 126 61 85 93 123 198 284 82 107 58 110 88 158 193 228 166 103 100 172 200 173 98 12 
118 79 127 86 52 78 162 322 148 118 110 57 66 152 211 162 209 130 98 103 218 170 77 19 
327 128 147 12 8 5 99 298 340 216 55 8 7 277 107 14 493 115 12 16 356 32 0 0 
223 286 219 143 78 45 21 9 192 289 220 160 95 41 19 8 670 203 91 36 13 8 3 0 
216 351 149 137 97 53 15 6 184 365 157 116 119 60 16 7 654 197 98 43 25 5 2 0 
100 335 143 115 274 41 7 9 81 329 154 88 216 135 12 9 525 273 190 22 5 3 6 0 
8 38 21 119 758 77 1 2 7 36 16 26 509 423 5 2 60 425 518 18 1 0 2 0 
0 0 0 22 934 68 0 0 0 0 0 0 311 712 1 0 0 260 763 1 0 0 0 0 
1 17 49 140 603 128 57 29 4 27 63 151 356 374 35 14 10 161 436 119 92 75 63 68 
9 33 111 215 360 166 85 45 11 51 147 250 332 171 49 13 31 88 234 221 140 130 99 81 
2 14 60 160 269 225 178 116 8 51 113 270 245 164 117 56 8 26 76 147 202 243 198 124 
3 22 94 204 230 176 156 139 7 57 162 225 201 156 128 88 15 33 98 191 234 208 157 88 
22 58 186 258 231 176 65 28 16 66 190 251 234 165 79 23 68 125 223 278 183 87 39 21 
22 86 194 287 238 149 39 9 17 77 177 271 250 161 60 11 115 208 277 231 143 37 13 0 
56 127 165 234 205 148 58 31 54 122 184 235 204 149 58 18 222 208 221 206 106 38 19 4 
161 187 178 166 143 127 48 14 99 197 191 172 159 122 66 18 336 182 167 150 134 43 11 1 
90 143 204 148 124 111 94 110 58 137 170 176 142 121 90 130 300 173 127 135 123 79 76 11 
39 131 239 217 145 90 54 109 40 98 197 233 192 91 64 109 297 203 154 127 81 73 78 11 
31 73 162 164 170 149 88 187 21 65 141 190 178 155 97 177 169 163 184 159 129 92 126 2 
63 113 147 176 146 114 74 191 51 100 128 176 162 128 78 201 225 172 183 137 84 94 113 16 
33 74 133 165 142 119 97 261 26 59 129 147 154 141 93 275 212 144 153 130 94 121 162 8 
37 97 171 184 147 121 83 184 22 82 151 187 160 136 99 187 176 169 174 164 93 102 132 14 
105 189 221 236 145 88 20 20 48 161 204 228 194 121 40 28 279 229 228 149 91 26 19 3 
38 78 130 167 157 102 106 246 24 75 100 166 190 116 102 251 174 148 191 136 114 116 133 12 
2 28 62 109 115 144 172 392 2 22 60 119 114 150 187 370 85 97 136 137 176 207 163 23 
3 16 27 63 123 159 162 471 3 15 21 48 145 208 461 123 53 94 165 128 241 294 47 2 
0 4 99 99 98 130 226 368 0 2 37 138 138 178 355 176 118 88 112 139 256 232 77 2 
4 12 29 70 80 90 252 487 1 11 28 68 88 196 484 148 60 61 88 109 318 317 70 1 
0 4 23 63 95 126 261 452 0 5 37 83 102 204 379 214 36 68 99 129 257 311 119 5 
0 0 3 16 38 113 340 514 0 0 7 23 72 271 436 215 4 18 54 168 329 300 148 3 
0 3 35 76 115 116 190 489 0 4 44 86 129 127 203 431 42 79 106 108 149 196 252 92 
2 25 75 104 140 143 169 366 4 28 73 118 134 165 183 319 121 120 131 144 172 207 122 7 
0 144 214 56 47 73 160 330 11 236 147 58 73 191 291 17 179 227 68 110 331 99 10 0 
5 243 198 68 30 53 147 280 15 347 132 46 47 200 235 2 193 286 60 138 252 93 2 0 
10 318 215 52 21 38 166 204 23 447 105 31 39 193 151 35 177 369 61 161 188 39 17 12 
9 38 91 108 123 124 189 342 14 55 95 120 124 173 159 284 95 120 116 129 186 131 172 75 
2 58 181 92 72 98 218 303 7 149 126 81 89 209 167 196 45 195 151 180 166 112 123 52 
0 64 202 53 56 89 351 209 2 205 92 61 102 457 102 3 55 223 114 287 294 46 5 0 
11 9 20 161 723 99 1 0 0 16 11 19 360 611 7 0 35 484 501 4 0 0 0 0 
0 0 0 85 862 76 1 0 0 0 0 0 391 624 8 1 0 606 414 3 1 0 0 0 
0 0 0 120 873 31 0 0 0 0 0 0 493 531 0 0 1 616 403 4 0 0 0 0 
0 0 10 79 758 150 12 15 0 0 26 111 175 685 13 14 0 305 619 69 13 11 7 0 
0 3 46 102 690 77 20 86 0 19 58 289 158 398 69 33 25 309 477 103 43 61 6 0 
0 0 28 71 334 182 185 224 0 8 42 139 396 234 157 48 7 150 205 188 221 173 71 9 
0 1 18 84 189 260 273 199 2 32 113 240 275 215 116 31 2 22 105 224 305 237 108 21 
0 5 46 163 267 274 183 86 2 27 123 232 327 206 74 33 10 63 165 262 290 164 60 10 
1 4 28 88 172 271 226 234 3 4 64 160 261 258 180 94 13 77 159 233 237 182 117 6 
1 13 62 160 186 225 189 188 3 37 119 229 245 216 112 63 32 84 149 196 232 183 106 42 
5 40 59 93 183 215 245 184 6 42 101 186 231 214 153 91 56 71 98 199 217 211 128 44 
25 70 94 112 137 192 191 203 35 88 147 172 191 192 134 65 98 109 135 180 164 175 132 31 
20 46 95 159 206 171 148 179 28 59 127 216 205 147 133 109 95 134 212 199 153 127 93 11 
10 64 231 242 159 132 107 79 5 23 118 285 207 145 127 114 398 177 139 135 98 53 23 1 
13 108 385 168 108 95 67 80 3 38 123 393 167 91 97 112 534 142 120 96 74 40 16 2 
38 88 99 138 159 183 142 177 35 85 79 132 151 168 166 208 141 155 206 178 148 111 73 12 
51 113 177 192 138 110 107 136 27 73 130 195 170 145 100 184 307 187 151 121 125 93 35 5 
83 143 246 171 138 96 67 80 55 109 176 238 143 115 75 113 394 171 162 107 86 51 40 13 
58 107 207 200 148 87 66 151 38 81 193 196 183 99 70 164 219 193 191 148 90 83 88 12 
124 185 151 162 129 110 65 98 71 184 149 163 142 114 84 117 319 155 181 136 121 70 38 4 
56 115 128 130 136 94 90 275 54 107 120 148 133 92 90 280 205 147 137 113 85 105 177 55 
23 102 177 197 186 117 73 149 21 79 168 208 187 122 80 159 238 190 184 133 97 96 74 12 
63 161 154 214 238 123 41 30 31 118 166 182 262 157 65 43 271 170 257 176 92 35 23 0 
29 147 162 263 239 117 37 30 15 92 167 217 274 167 51 41 249 201 265 182 79 31 17 0 
25 107 144 166 296 155 50 81 9 68 152 142 247 242 73 91 216 158 266 203 88 38 52 3 
4 39 102 160 225 211 114 169 4 24 99 135 182 245 143 192 148 169 242 186 126 101 50 2 
10 118 145 166 188 172 89 136 6 79 150 142 214 203 100 130 206 147 205 210 104 79 67 6 
5 39 84 153 178 179 130 256 3 23 94 141 199 187 122 255 110 149 171 179 146 124 123 22 
5 35 98 143 137 169 120 317 3 29 100 142 145 168 133 304 102 126 149 158 143 145 161 40 
24 95 110 100 130 95 109 361 10 70 110 111 135 169 314 105 159 98 123 113 240 209 52 30 
8 35 60 60 63 75 83 640 2 28 49 69 84 160 606 26 66 71 60 88 402 325 12 0 
0 24 74 85 65 82 238 456 0 13 68 100 75 134 343 291 112 65 68 85 238 242 155 59 
0 8 58 73 113 157 266 349 0 13 65 90 138 241 266 211 65 75 118 149 236 244 119 18 
0 2 8 24 28 108 363 491 0 3 17 25 77 271 422 209 10 21 36 134 318 307 163 35 
0 0 6 15 27 181 347 448 0 0 5 16 131 318 314 240 13 13 128 215 230 243 137 45 
0 0 0 122 871 31 0 0 0 0 0 2 402 617 3 0 5 610 408 1 0 0 0 0 
0 0 0 231 750 43 0 0 0 0 0 0 398 625 1 0 3 610 411 0 0 0 0 0 
0 0 0 175 823 26 0 0 0 0 0 1 477 544 2 0 0 581 443 0 0 0 0 0 
0 6 26 77 581 79 47 208 1 17 29 50 171 509 228 19 15 299 410 52 111 131 6 0 
0 0 3 4 2 2 57 956 0 3 4 2 2 60 912 41 3 3 3 8 246 756 5 0 
1 13 22 56 142 177 162 451 12 16 45 154 191 146 400 60 30 60 133 194 260 331 16 0 
9 95 231 257 211 118 80 23 17 107 251 303 189 105 48 4 244 292 215 143 101 24 5 0 
11 46 172 270 203 137 113 72 16 137 255 273 170 123 45 5 169 261 248 137 122 73 13 1 
5 51 115 191 205 173 171 113 13 103 240 245 223 139 55 6 120 194 187 186 168 125 42 2 
54 135 204 254 192 119 44 22 28 128 221 257 229 108 38 15 273 221 237 177 76 35 5 0 
27 87 158 224 188 158 116 66 48 123 212 236 185 151 51 18 203 234 184 181 141 65 16 0 
23 81 146 216 206 172 112 68 27 79 189 233 226 152 74 44 201 202 208 166 114 80 41 12 
27 85 180 203 207 152 104 66 23 114 196 234 191 140 83 43 252 200 192 155 124 62 31 8 
12 70 286 276 130 120 94 36 4 45 117 347 277 111 85 38 518 161 136 116 70 22 1 0 
62 273 214 181 120 112 47 15 21 112 218 200 168 117 121 67 623 175 123 62 32 9 0 0 
156 220 250 146 86 90 63 13 74 184 202 222 116 78 91 57 528 196 133 94 47 20 6 0 
38 219 263 120 79 74 87 144 1 67 222 256 121 77 93 187 516 125 79 68 81 80 72 3 
28 112 121 133 147 281 157 45 5 29 110 126 142 141 277 194 308 147 232 229 61 24 23 0 
64 333 301 162 83 51 19 11 27 99 328 271 150 80 41 28 631 196 103 52 26 9 6 1 
41 110 224 190 129 102 79 149 19 69 122 251 179 114 88 182 365 161 138 104 80 73 86 17 
61 172 182 205 146 103 60 95 39 129 206 197 155 124 67 107 312 173 182 142 82 64 61 8 
70 141 169 164 168 97 66 149 30 139 149 168 165 142 59 172 316 166 173 120 69 71 104 5 
45 130 208 184 151 109 72 125 25 74 166 226 158 144 89 142 309 177 139 152 97 78 65 7 
54 210 224 224 175 85 31 21 21 160 239 219 196 120 40 29 392 202 214 135 49 23 9 0 
31 141 190 223 173 97 51 118 29 130 182 222 174 116 56 115 197 172 210 148 105 64 75 53 
17 79 227 222 152 94 76 157 9 46 120 259 213 113 84 180 365 169 125 101 79 78 94 13 
124 268 201 170 117 63 35 46 79 240 229 168 138 67 43 60 455 199 152 114 38 32 34 0 
51 115 128 146 137 94 97 256 52 100 122 145 131 104 100 270 236 148 140 122 101 120 136 21 
37 102 169 264 212 100 52 88 34 86 150 246 227 124 68 89 200 212 261 160 77 55 49 10 
89 227 178 238 157 54 33 48 49 178 184 199 216 105 37 56 321 196 241 135 53 25 33 20 
78 225 196 252 160 78 25 10 23 151 222 203 234 131 38 22 381 211 246 112 56 14 4 0 
25 85 84 143 245 138 95 209 8 56 95 126 231 186 107 215 134 139 243 186 96 92 96 38 
0 24 118 178 218 142 115 229 1 11 81 153 245 187 121 225 121 260 194 147 130 118 52 2 
2 48 161 206 239 167 110 91 3 49 128 189 267 220 119 49 174 206 239 156 132 84 24 9 
0 9 37 111 283 153 234 197 0 7 29 70 301 380 193 44 29 117 298 200 219 125 33 3 
2 49 59 100 676 136 0 2 0 21 57 49 268 607 20 2 93 361 552 16 1 1 0 0 
0 0 0 15 904 105 0 0 0 0 0 0 191 827 6 0 0 521 501 2 0 0 0 0 
0 0 0 23 900 101 0 0 0 0 0 0 249 765 10 0 0 363 654 7 0 0 0 0 
0 0 0 95 862 59 8 0 0 0 0 0 305 701 16 2 0 494 511 16 3 0 0 0 
0 0 0 1 115 67 87 754 0 0 0 0 18 221 754 31 0 38 117 45 343 481 0 0 
0 0 0 0 0 7 87 930 0 0 0 0 5 87 859 73 0 0 1 8 330 684 1 0 
2 3 22 34 76 92 203 592 3 14 30 69 105 179 573 51 11 24 66 84 312 436 58 33 
17 70 53 55 95 150 251 333 21 67 58 74 146 202 246 210 97 59 65 77 149 177 179 221 
31 90 82 68 113 126 161 353 22 85 79 91 124 138 171 314 133 71 63 83 139 121 182 232 
78 141 92 78 91 105 130 309 92 188 121 145 161 159 78 80 241 122 115 120 123 84 115 104 
39 116 146 151 186 159 135 92 48 137 173 201 201 155 87 22 215 159 159 152 118 77 73 71 
48 133 164 158 149 158 134 80 58 163 202 166 179 135 90 31 239 154 159 143 118 88 75 48 
34 89 90 110 154 142 164 241 48 110 160 193 191 174 101 47 165 141 151 145 149 116 99 58 
31 198 138 143 147 163 110 94 13 109 211 129 156 138 167 101 423 139 127 134 78 48 62 13 
88 242 194 148 80 82 128 62 43 175 214 136 146 63 101 146 550 120 87 140 75 28 17 7 
208 264 105 71 77 143 127 29 144 191 192 97 61 88 145 106 485 129 110 158 97 32 6 7 
54 257 260 150 103 116 75 9 5 109 210 246 156 91 125 82 615 148 137 89 26 7 2 0 
41 255 287 324 56 42 15 4 3 53 249 259 323 69 46 22 840 96 52 25 10 1 0 0 
133 234 153 139 135 118 90 22 24 150 210 153 131 126 125 105 521 160 134 104 91 14 0 0 
96 224 164 87 105 131 107 110 87 149 198 111 103 107 106 163 317 155 117 130 129 86 62 28 
64 160 202 227 168 106 57 40 19 82 150 213 230 165 93 72 398 230 155 138 56 16 31 0 
86 264 210 157 150 109 36 12 20 105 284 163 168 147 92 45 540 159 163 109 43 9 1 0 
94 244 244 214 100 79 30 19 47 132 245 237 176 93 50 44 470 213 165 87 53 20 16 0 
137 252 170 167 157 72 48 21 110 264 193 173 147 93 26 18 324 189 145 139 95 49 48 35 
95 171 131 164 202 156 77 28 48 216 163 162 168 202 58 7 257 135 170 134 107 82 68 71 
111 191 187 174 121 143 78 19 55 156 168 187 141 112 121 84 374 190 214 148 77 16 5 0 
77 169 239 182 137 118 85 17 46 116 165 247 166 96 117 71 408 201 174 155 59 20 7 0 
58 152 157 155 136 99 66 201 51 131 152 148 154 106 71 211 279 168 155 148 82 55 108 29 
76 160 130 149 152 110 81 166 53 145 144 139 165 124 87 167 281 136 152 155 98 81 106 15 
263 206 186 143 96 53 29 48 195 228 189 154 101 76 32 49 463 203 139 88 54 37 20 20 
172 288 182 192 99 53 32 6 120 266 209 195 124 66 38 6 470 228 156 92 54 18 3 3 
36 135 134 165 144 114 73 223 22 123 138 158 156 134 73 220 227 184 168 112 75 98 102 58 
2 39 125 163 140 148 135 272 1 34 106 174 148 142 145 274 205 165 152 139 136 119 77 31 
32 118 122 149 206 150 93 154 13 85 133 145 169 201 113 165 275 169 194 148 97 74 44 23 
33 116 140 256 270 135 46 28 9 81 146 190 283 189 85 41 254 241 232 150 89 38 17 3 
0 0 0 64 806 150 2 2 0 0 0 1 304 698 19 2 10 525 482 5 2 0 0 0 
0 0 0 47 718 259 0 0 0 0 0 0 292 708 24 0 2 387 624 11 0 0 0 0 
0 0 2 236 627 159 0 0 0 0 0 4 425 588 7 0 8 599 416 1 0 0 0 0 
0 0 2 174 750 96 2 0 0 0 0 3 363 646 12 0 10 467 536 11 0 0 0 0 
0 0 0 66 424 159 102 273 0 0 0 5 200 509 279 31 4 275 316 92 179 157 1 0 
0 0 0 0 0 14 161 849 0 0 0 0 13 137 803 71 0 0 3 39 462 520 0 0 
5 11 8 14 11 20 142 813 11 8 12 14 20 101 704 154 10 13 12 30 297 641 16 5 
5 34 39 90 106 117 244 389 19 38 62 85 125 159 284 252 22 35 49 101 145 205 217 250 
1 5 14 50 101 164 243 446 1 5 13 52 100 171 254 428 2 6 35 67 137 201 311 265 
2 2 23 64 143 148 223 419 11 35 72 124 179 167 186 250 24 64 103 145 169 167 212 140 
6 28 55 83 105 126 154 467 32 79 160 254 183 124 63 129 132 129 195 228 116 72 84 68 
28 104 142 173 175 143 110 149 61 172 187 198 206 129 64 7 248 186 187 127 120 74 40 42 
25 84 117 152 175 197 161 113 43 89 151 195 213 199 113 21 128 114 159 178 157 112 70 106 
38 134 151 171 212 161 74 83 48 122 179 159 212 200 83 21 260 151 194 172 100 63 35 49 
75 177 134 163 186 133 95 61 48 162 144 163 182 197 90 38 223 156 159 148 117 65 66 90 
53 126 234 171 127 168 119 26 68 81 129 202 191 138 153 62 429 147 157 132 62 30 41 26 
52 139 167 182 167 205 96 16 10 62 154 178 171 168 182 99 426 152 159 177 71 27 11 1 
123 458 227 160 25 20 10 1 42 205 399 176 149 25 18 10 883 76 30 19 14 2 0 0 
307 327 208 127 33 11 8 3 260 260 215 128 121 21 9 10 803 151 40 16 8 4 2 0 
328 172 168 141 86 67 38 24 322 166 124 170 100 75 46 21 525 172 121 70 55 38 26 17 
15 69 129 196 169 183 125 138 4 28 102 130 166 201 192 201 270 212 186 158 101 67 24 6 
32 172 82 86 209 264 93 86 9 26 169 94 79 222 293 132 294 159 257 180 62 55 14 3 
143 282 328 162 65 28 14 2 66 153 212 334 162 51 34 12 716 166 72 48 15 6 1 0 
207 272 216 142 110 52 21 4 143 210 220 197 139 76 25 14 533 196 143 91 37 20 4 0 
208 211 206 225 138 31 4 1 74 312 116 240 192 73 14 3 558 194 193 63 14 2 0 0 
94 151 295 207 129 90 47 11 38 123 177 305 169 89 79 44 470 183 177 113 53 19 8 1 
36 107 442 183 97 82 65 12 14 53 123 444 177 71 82 60 616 144 124 105 25 10 0 0 
12 51 166 156 124 112 110 293 11 27 99 183 166 110 103 325 226 149 115 108 105 92 143 86 
102 173 181 140 117 70 66 175 86 135 186 153 124 89 63 188 369 156 139 95 76 54 105 30 
322 246 162 141 88 34 17 14 233 292 158 149 96 59 21 16 559 152 154 92 39 13 14 1 
154 250 168 170 127 88 33 34 170 245 171 161 127 83 38 29 433 191 169 112 63 32 20 4 
48 106 126 144 122 122 102 254 35 114 130 139 129 124 102 251 194 141 121 130 109 110 142 77 
13 96 224 167 154 99 84 187 9 73 215 190 142 113 95 187 279 168 158 110 90 88 90 41 
36 114 107 147 169 142 113 196 24 105 120 125 151 170 126 203 241 155 160 139 110 82 75 62 
38 130 197 204 298 108 29 20 9 89 175 198 274 190 58 31 321 220 282 131 41 17 12 0 
0 0 34 400 541 49 0 0 0 0 0 52 627 336 9 0 104 687 228 5 0 0 0 0 
0 0 37 333 591 62 1 0 0 0 0 44 515 455 10 0 55 639 323 7 0 0 0 0 
0 0 10 375 613 26 0 0 0 0 0 13 562 436 13 0 38 745 234 7 0 0 0 0 
0 0 1 374 631 18 0 0 0 0 0 5 690 326 3 0 21 773 227 3 0 0 0 0 
0 0 1 153 773 65 19 13 0 0 0 3 427 569 20 5 10 669 300 18 17 10 0 0 
0 0 0 0 52 56 158 758 0 0 0 5 42 176 653 148 0 17 45 61 334 557 10 0 
0 0 0 0 1 19 189 815 0 0 0 1 20 189 713 101 0 0 1 72 429 518 4 0 
0 1 3 10 25 49 178 758 1 2 4 21 28 133 628 207 2 2 16 45 257 613 71 18 
12 45 80 89 97 118 250 333 40 66 75 101 107 165 234 236 28 51 86 85 113 153 233 275 
3 7 40 87 141 106 188 452 4 8 44 91 140 113 199 425 2 19 57 110 129 119 244 344 
0 0 5 28 126 148 161 556 1 3 5 32 140 151 179 513 2 3 14 83 134 151 289 348 
0 5 18 36 76 100 193 596 9 16 84 98 152 118 190 357 12 38 71 146 137 137 271 212 
35 126 148 142 153 123 129 168 53 171 180 191 197 153 63 16 269 170 165 187 90 78 37 28 
68 192 156 139 178 154 50 87 42 180 159 118 173 208 112 32 353 144 180 170 84 38 47 8 
100 249 161 173 154 104 52 31 78 265 173 153 151 125 70 9 416 183 178 121 70 20 14 22 
38 163 144 129 135 152 141 122 66 194 160 160 156 160 97 31 397 167 176 165 88 23 7 1 
48 253 136 113 136 140 153 45 9 100 234 125 127 126 156 147 436 128 136 205 95 20 2 2 
74 370 153 122 101 147 38 19 10 176 299 114 128 102 141 54 645 172 106 53 27 18 1 2 
393 244 145 173 60 5 4 0 183 322 161 129 166 56 4 3 882 108 23 6 3 2 0 0 
591 87 41 109 115 62 16 3 543 109 40 45 85 124 64 14 751 127 90 26 28 1 1 0 
29 280 64 143 377 114 16 1 11 76 227 64 84 418 127 17 436 416 114 48 9 1 0 0 
126 675 94 49 33 38 9 0 28 323 460 74 59 32 40 8 894 64 27 29 7 3 0 0 
228 178 126 131 130 186 41 4 130 164 149 99 127 99 202 54 528 205 182 74 22 10 3 0 
328 219 168 134 103 58 10 4 216 268 126 150 118 89 48 9 580 182 135 92 25 6 4 0 
336 347 96 99 67 36 10 33 184 441 105 106 84 45 21 38 661 109 120 67 37 19 11 0 
227 189 201 187 78 64 32 46 109 251 104 215 167 52 54 72 666 144 90 53 35 17 18 1 
15 125 425 149 93 109 88 20 3 16 146 376 167 99 113 104 631 140 126 91 29 7 0 0 
31 263 381 123 69 75 42 40 16 37 276 380 97 65 83 70 698 124 77 50 34 24 12 5 
407 265 137 117 61 23 10 4 326 320 132 114 77 38 10 7 648 165 105 57 34 11 2 2 
206 261 178 162 132 51 16 18 127 273 177 165 153 86 18 25 431 222 177 113 44 19 16 2 
80 152 155 174 179 126 94 64 129 176 176 185 156 131 62 9 152 132 165 144 122 112 87 110 
68 207 163 162 141 108 64 111 73 182 170 192 127 114 69 97 312 159 145 110 96 75 67 60 
31 127 174 194 195 131 61 111 23 115 192 174 184 133 83 120 213 198 178 166 100 65 57 47 
40 124 150 182 160 133 66 169 31 128 138 159 184 129 85 170 258 186 164 139 89 70 84 34 
41 129 185 234 181 103 57 94 22 109 179 184 228 132 71 99 240 204 244 128 74 43 44 47 
0 0 4 218 636 165 1 0 0 0 0 23 370 589 42 0 42 572 402 8 0 0 0 0 
0 0 0 87 534 380 15 8 0 0 0 5 208 688 113 10 9 437 543 27 5 3 0 0 
0 0 0 58 656 301 9 0 0 0 0 2 269 689 64 0 14 507 477 26 0 0 0 0 
0 0 0 161 790 67 6 0 0 0 0 6 547 456 13 2 23 678 310 12 1 0 0 0 
0 0 0 71 882 71 0 0 0 0 0 2 370 647 5 0 6 572 441 5 0 0 0 0 
0 0 0 23 388 134 91 388 0 0 0 0 126 449 353 96 1 285 205 65 140 319 9 0 
0 0 0 0 1 12 142 869 0 0 0 1 14 126 702 181 0 0 4 40 306 666 8 0 
0 0 0 0 4 23 167 830 0 0 0 2 23 143 663 193 0 1 7 59 328 603 26 0 
0 14 18 47 84 93 220 548 13 16 44 73 93 174 428 183 12 41 72 96 236 484 52 31 
5 19 45 69 149 188 277 272 16 34 57 125 196 272 219 105 9 27 58 105 116 141 182 386 
0 1 17 66 273 121 172 374 0 1 14 75 282 106 188 358 0 5 41 209 168 136 257 208 
0 9 64 106 141 164 180 360 0 17 68 106 148 158 200 327 5 46 90 121 152 176 237 197 
0 10 46 77 87 137 186 481 36 91 154 143 149 161 158 132 81 114 144 169 147 158 144 67 
0 7 23 47 86 177 205 479 45 106 156 201 177 198 125 16 99 140 179 188 144 144 119 11 
1 23 58 99 137 146 197 363 61 147 172 212 188 153 80 11 156 161 171 212 141 115 64 4 
5 45 68 81 133 156 180 356 53 144 173 234 204 133 72 11 164 166 215 231 97 61 37 53 
10 65 101 122 255 208 164 99 23 54 115 106 141 284 238 63 175 175 203 101 68 82 86 134 
124 332 176 92 97 83 84 36 61 256 254 107 105 125 80 36 597 113 68 60 43 53 35 55 
178 521 59 28 19 159 46 14 28 474 241 29 23 25 157 47 760 135 58 18 13 11 10 19 
498 111 50 55 121 84 70 35 437 151 58 40 77 130 87 44 660 118 107 85 31 17 3 3 
108 295 205 95 192 106 16 7 83 184 309 87 92 138 117 14 571 232 124 54 25 14 4 0 
187 718 39 26 32 18 2 2 76 533 317 23 27 28 18 2 908 51 40 16 5 1 2 1 
337 503 94 35 22 18 8 7 137 538 221 64 23 12 20 9 841 88 38 29 13 6 6 3 
163 141 60 48 105 444 59 4 81 149 103 45 44 77 474 51 306 65 228 322 83 18 2 0 
247 115 30 55 146 182 88 161 198 149 35 36 71 157 193 185 330 133 189 130 95 63 59 25 
14 56 108 165 230 159 110 182 4 21 85 105 161 211 210 227 277 191 199 125 78 94 46 14 
69 159 423 190 83 71 27 2 19 83 173 374 194 95 64 22 726 152 103 35 7 1 0 0 
34 356 346 219 23 15 15 16 13 42 364 329 210 22 17 27 886 69 24 16 19 10 0 0 
280 281 119 64 54 82 131 13 213 215 185 105 45 54 91 116 567 132 115 146 46 17 1 0 
552 221 90 59 49 29 19 5 520 242 89 59 43 35 23 13 718 138 73 52 26 13 4 0 
215 200 125 142 211 114 14 3 96 251 137 115 156 194 68 7 441 193 214 133 33 8 2 0 
89 144 90 125 241 172 51 112 32 158 99 95 165 236 118 121 273 152 237 174 46 36 53 53 
37 154 168 194 203 138 54 76 11 83 180 147 224 176 103 100 350 191 201 131 58 54 22 17 
9 53 125 142 119 139 163 274 7 42 103 136 133 128 167 308 177 112 147 137 155 133 117 46 
70 248 171 119 113 79 86 138 66 222 169 130 113 84 83 157 346 192 130 109 92 56 51 48 
0 0 38 340 562 83 1 0 0 0 0 67 521 412 24 0 76 638 299 11 0 0 0 0 
0 0 6 124 691 195 8 0 0 0 0 14 329 627 52 2 53 588 366 16 1 0 0 0 
0 0 1 62 770 186 5 0 0 0 0 5 286 693 40 0 19 680 315 10 0 0 0 0 
0 0 1 154 726 138 5 0 0 0 0 15 431 547 29 2 36 539 421 27 1 0 0 0 
0 0 1 131 767 122 3 0 0 0 0 9 382 607 25 1 22 522 460 20 0 0 0 0 
0 0 0 59 767 151 32 15 0 0 0 2 254 710 52 6 6 552 386 43 26 11 0 0 
0 0 0 0 47 77 128 772 0 0 0 2 35 159 536 292 0 27 51 59 225 606 56 0 
0 0 0 1 0 20 151 852 0 0 1 0 18 120 648 237 0 1 5 47 294 650 27 0 
0 0 0 0 2 5 89 928 0 0 0 2 6 63 715 238 0 1 1 10 216 740 56 0 
0 2 28 58 126 164 260 386 1 12 56 99 173 236 320 127 0 12 64 145 300 329 90 84 
0 2 46 126 191 98 165 396 0 16 68 191 134 117 135 363 0 6 54 182 149 99 182 352 
0 14 34 81 167 146 163 419 0 17 31 85 161 148 169 413 4 23 54 130 163 157 204 289 
0 11 12 42 106 132 203 518 3 11 17 59 94 130 234 476 5 14 33 87 116 146 293 330 
1 8 24 72 85 164 231 439 13 67 76 155 148 177 162 226 49 92 126 155 149 132 177 144 
0 0 5 23 91 151 176 578 13 44 113 215 199 150 157 133 56 116 166 183 165 131 143 64 
2 10 36 85 137 134 159 461 19 111 161 191 184 188 108 62 98 125 177 142 135 123 127 97 
25 136 206 148 152 133 113 111 49 221 220 148 138 150 83 15 293 176 152 115 90 60 43 95 
3 48 105 117 161 166 173 251 31 99 176 161 209 211 112 25 197 157 171 152 113 89 59 86 
15 71 92 92 137 182 200 235 36 124 162 151 168 184 157 42 190 169 232 146 105 84 47 51 
8 27 109 82 132 151 159 356 54 144 161 156 212 168 101 28 294 141 121 182 194 74 17 1 
101 362 130 91 109 92 96 43 62 119 361 66 87 135 108 86 623 113 108 117 49 14 0 0 
102 387 52 57 86 297 42 1 44 245 216 39 56 53 319 52 562 305 120 26 11 0 0 0 
310 418 38 39 113 95 9 2 237 307 198 29 41 74 126 12 738 137 103 31 9 5 1 0 
734 87 35 24 60 69 14 1 719 101 32 21 16 55 75 5 793 72 97 42 7 9 4 0 
337 125 156 67 90 124 109 16 326 110 149 110 80 96 82 71 506 98 113 119 96 53 29 10 
34 312 228 138 74 124 99 15 15 40 364 158 141 79 122 105 683 65 134 114 22 5 1 0 
130 426 206 220 28 8 5 1 78 280 264 173 191 28 5 5 861 115 25 13 6 3 1 0 
89 407 240 156 35 37 42 18 63 105 377 229 129 33 40 48 790 104 42 43 34 10 1 0 
350 332 80 61 53 51 86 11 257 263 213 65 45 46 55 80 665 135 76 101 43 3 1 0 
379 242 125 125 91 49 11 2 276 286 137 130 95 66 32 2 591 165 136 82 34 9 4 3 
218 153 132 186 185 106 38 6 152 162 139 158 182 139 84 8 395 191 227 131 33 22 11 14 
236 172 95 150 258 98 13 2 115 258 76 92 182 223 73 5 465 212 255 73 13 5 1 0 
182 93 132 281 204 99 21 12 67 175 68 132 297 189 76 20 451 270 171 99 29 4 0 0 
34 299 176 193 110 76 63 73 13 81 297 183 146 111 89 104 568 153 85 87 45 17 46 23 
86 183 303 172 90 71 37 82 97 146 207 278 103 72 43 78 424 207 114 86 71 40 34 48 
0 1 25 348 544 101 5 0 0 0 1 41 546 400 33 3 92 643 274 13 2 0 0 0 
0 0 4 133 738 142 6 1 0 0 1 19 400 564 37 3 42 665 299 16 2 0 0 0 
0 0 2 103 762 145 10 2 0 0 0 11 395 574 35 9 42 649 311 18 4 0 0 0 
0 0 1 110 735 172 5 1 0 0 1 6 426 559 30 2 45 635 329 14 1 0 0 0 
0 0 8 173 734 107 2 0 0 0 0 22 524 454 23 1 36 654 321 13 0 0 0 0 
0 0 1 41 810 169 3 0 0 0 0 2 235 764 22 1 11 583 423 6 1 0 0 0 
0 0 0 2 401 188 136 297 0 0 0 1 82 591 266 84 0 326 211 86 178 200 23 0 
0 0 0 1 4 14 117 888 0 0 1 2 14 86 622 299 0 1 8 14 201 753 47 0 
0 0 0 0 0 27 154 843 0 0 0 0 24 140 659 201 0 0 4 51 274 661 34 0 
0 0 0 0 1 10 98 915 0 0 0 0 10 75 657 282 0 0 2 18 187 787 30 0 
1 9 31 60 110 157 218 438 4 15 51 97 161 174 236 286 5 46 88 150 199 223 114 199 
7 36 40 66 86 125 227 437 21 41 53 80 91 205 183 350 12 33 49 69 95 109 248 409 
0 2 24 64 120 172 226 416 1 4 22 74 161 210 197 355 0 13 36 95 129 138 226 387 
1 3 13 31 74 179 166 557 4 3 13 34 112 169 178 511 4 14 21 46 141 169 220 409 
1 5 13 31 61 77 147 689 11 19 43 74 127 96 178 476 22 28 42 87 111 132 204 398 
1 27 85 84 103 153 161 410 43 129 133 159 214 178 105 63 169 139 171 133 133 141 108 30 
0 25 94 37 42 59 81 686 43 102 71 173 240 217 113 65 136 50 74 222 208 219 94 21 
2 38 120 104 118 148 139 355 72 146 151 194 226 122 86 27 249 176 180 124 145 105 45 0 
0 2 34 54 84 125 171 554 46 67 119 222 262 225 74 9 106 120 154 222 203 166 49 4 
3 15 28 53 111 157 199 458 33 58 117 152 274 263 112 15 110 150 190 201 222 137 14 0 
16 205 108 98 205 219 98 75 0 92 188 75 117 252 216 84 430 223 208 68 40 17 26 12 
91 501 84 76 163 79 20 10 28 208 402 78 70 136 91 11 695 161 105 41 15 7 0 0 
194 376 47 62 172 133 21 19 155 353 94 31 72 165 142 12 652 147 151 59 14 1 0 0 
277 217 34 77 146 184 62 27 230 249 86 70 97 162 120 10 556 188 171 82 19 4 4 0 
429 224 95 96 100 58 11 11 393 257 104 77 77 76 29 11 664 130 106 80 27 13 4 0 
132 509 201 49 40 58 31 4 60 372 300 129 50 50 43 20 783 92 51 43 28 16 7 4 
196 448 190 48 50 72 14 6 117 308 292 129 44 39 71 24 810 102 80 22 5 5 0 0 
668 191 47 20 23 45 26 4 624 137 126 28 23 14 44 28 854 76 44 31 11 6 2 0 
641 215 71 61 24 11 1 0 579 260 67 61 41 13 3 0 793 142 60 22 6 1 0 0 
316 227 134 113 103 72 35 24 231 275 144 125 98 80 49 22 528 155 105 89 72 40 17 18 
189 183 102 185 214 87 44 20 140 234 120 117 188 173 47 5 351 193 208 88 63 44 40 37 
163 187 101 165 249 129 27 3 31 239 117 105 168 246 94 24 409 189 291 102 26 5 2 0 
247 187 152 220 142 59 12 5 124 226 130 130 209 134 55 16 686 189 79 49 14 3 3 1 
138 558 192 70 26 29 8 3 87 140 535 158 56 23 20 5 846 94 46 20 14 4 0 0 
226 231 158 164 127 76 31 11 156 264 163 157 131 92 44 17 484 180 166 106 57 24 7 0 
0 0 9 130 588 253 36 8 0 0 1 37 376 491 102 17 83 544 335 53 9 0 0 0 
0 0 3 144 700 174 3 0 0 0 0 23 443 524 32 2 88 696 233 7 0 0 0 0 
0 0 10 211 661 134 8 0 0 0 1 53 477 450 43 0 123 644 238 19 0 0 0 0 
0 0 10 183 649 175 7 0 0 0 0 29 407 527 60 1 43 528 409 43 1 0 0 0 
0 0 9 204 627 169 14 1 0 0 1 39 422 505 54 3 54 555 374 38 2 1 0 0 
0 0 0 117 770 126 9 2 0 0 0 13 331 651 24 5 21 631 350 16 5 1 0 0 
0 0 1 63 680 190 35 55 0 0 0 3 218 686 85 32 13 523 357 41 29 42 19 0 
0 0 0 3 21 69 168 763 0 0 2 8 35 154 537 288 0 5 27 70 249 564 106 3 
0 0 0 0 3 20 143 858 0 0 0 2 18 104 600 300 0 0 6 35 218 680 85 0 
0 0 0 0 1 15 121 887 0 0 0 1 7 86 615 315 0 0 1 23 194 746 60 0 
0 0 0 7 16 40 139 822 0 0 5 9 32 100 471 407 0 5 15 38 145 669 152 0 
9 33 47 100 193 190 208 244 23 49 99 185 201 196 171 100 36 85 167 195 188 176 94 83 
16 47 59 54 75 131 327 315 62 56 58 71 170 344 191 72 6 37 50 46 59 80 156 590 
0 4 31 54 89 139 206 501 0 6 38 51 90 166 194 479 0 15 36 68 113 179 222 391 
2 12 23 38 65 104 244 536 1 12 24 42 67 102 235 541 6 20 29 46 87 125 436 275 
1 11 35 78 75 92 179 553 3 16 44 88 87 108 224 454 25 56 63 59 82 128 297 314 
7 26 48 65 76 80 125 597 35 89 81 67 73 117 149 413 106 75 57 61 89 145 180 311 
1 66 124 83 114 152 153 331 42 110 123 173 228 229 104 15 259 161 209 185 110 64 30 6 
1 37 54 96 139 225 140 332 43 108 125 131 176 279 139 23 168 159 219 164 108 115 79 12 
13 88 110 181 248 198 118 68 39 128 152 156 226 242 69 12 280 209 259 180 71 20 5 0 
2 16 47 85 95 145 147 487 19 66 97 114 188 194 218 128 101 79 126 166 157 172 139 84 
23 133 100 130 189 221 115 113 22 168 116 167 181 230 122 18 308 248 198 161 87 20 2 0 
0 5 34 48 43 67 165 662 41 58 93 198 330 233 66 5 106 72 133 229 249 183 51 1 
4 16 37 113 189 256 188 221 21 55 60 135 228 322 177 26 190 238 250 133 97 55 24 37 
60 85 71 121 143 183 161 200 56 139 130 135 171 212 125 56 284 173 190 187 95 54 37 4 
11 270 343 179 71 105 40 5 1 44 373 238 162 65 94 47 786 119 85 23 8 3 0 0 
126 423 298 138 21 9 6 3 72 256 310 236 125 14 6 5 929 58 18 6 9 2 2 0 
38 403 222 77 60 130 76 18 36 98 357 216 63 62 134 58 680 88 133 74 33 4 9 3 
363 100 31 16 22 188 274 30 367 99 25 19 16 32 254 212 454 110 150 228 55 16 7 4 
526 183 118 94 58 23 13 9 555 180 109 94 43 22 15 6 691 156 94 55 15 10 3 0 
402 240 111 115 85 48 17 6 424 230 124 112 65 48 13 8 616 152 118 75 41 18 4 0 
397 242 78 59 56 90 79 23 321 287 80 64 57 43 91 81 610 124 135 89 31 14 15 6 
82 484 188 123 51 32 42 22 13 248 415 95 115 50 29 59 723 130 68 44 40 19 0 0 
77 331 224 109 86 151 44 2 47 155 374 92 103 95 123 35 589 148 174 77 27 9 0 0 
336 226 135 139 84 64 26 14 303 220 136 140 96 74 37 18 528 173 140 98 59 20 6 0 
0 0 5 126 610 258 19 6 0 0 0 16 328 582 85 13 90 601 301 25 7 0 0 0 
0 0 18 232 577 183 10 4 0 0 5 46 424 482 56 11 140 534 323 22 4 1 0 0 
0 0 92 468 399 53 11 1 0 0 13 180 549 250 25 7 233 571 191 22 6 1 0 0 
0 11 118 490 340 54 8 3 0 0 18 199 547 224 30 6 235 529 223 30 5 2 0 0 
0 3 115 604 261 35 3 3 0 0 6 186 629 179 20 4 209 606 183 22 2 2 0 0 
0 0 34 435 484 64 5 2 0 0 3 91 579 320 26 5 91 571 325 32 3 2 0 0 
0 0 14 231 676 96 5 2 0 0 0 36 415 539 30 4 49 585 366 20 4 0 0 0 
0 1 10 53 222 178 126 434 0 2 13 25 133 349 302 200 16 139 208 86 185 263 104 23 
0 0 1 1 16 39 181 786 0 1 1 15 35 141 540 291 1 3 22 58 256 592 92 0 
0 0 0 3 7 15 125 874 0 0 3 7 13 84 597 320 0 4 7 25 171 704 113 0 
0 0 0 5 17 39 187 776 0 0 4 16 36 133 512 323 0 8 20 58 220 607 111 0 
0 3 3 11 35 81 189 702 3 2 8 36 57 159 427 332 6 10 39 92 207 519 151 0 
15 35 38 79 172 225 258 202 33 41 71 162 207 245 162 103 36 70 138 165 195 190 135 95 
11 54 61 73 114 152 257 302 36 61 57 97 129 209 220 215 18 47 61 89 111 166 212 320 
2 31 76 72 98 136 242 367 6 52 73 91 103 209 223 267 11 41 64 98 98 143 229 340 
0 11 23 50 57 55 129 699 0 11 20 55 60 58 167 653 3 17 36 55 48 71 209 585 
0 2 19 43 54 116 170 620 0 3 24 44 81 103 204 565 1 4 42 41 102 106 234 494 
6 36 51 83 106 118 114 510 22 31 98 139 160 121 144 309 116 89 119 111 112 112 172 193 
5 18 55 74 168 155 142 407 49 135 131 162 220 208 106 13 173 170 184 188 134 94 76 5 
22 101 147 177 254 185 80 58 46 186 153 133 188 255 56 7 294 204 289 169 45 19 4 0 
14 83 117 144 195 158 150 163 60 132 130 145 243 221 68 25 163 176 190 146 98 71 61 119 
2 11 21 25 68 114 150 633 39 73 88 207 298 212 99 8 76 105 132 186 278 153 81 13 
0 0 11 27 71 135 178 602 30 84 162 213 239 230 65 1 60 102 183 227 202 157 86 7 
9 32 83 88 201 282 216 113 17 65 113 134 158 295 206 36 216 248 210 117 65 48 42 78 
6 36 54 92 219 249 215 153 5 33 92 118 187 273 200 116 222 228 230 165 68 40 34 37 
145 484 160 63 33 49 61 29 123 193 431 79 48 43 58 49 720 112 61 46 21 24 20 20 
94 258 186 75 90 186 111 24 63 223 184 145 80 151 147 31 497 141 107 59 62 35 56 67 
19 50 82 100 114 297 217 145 56 87 109 150 175 287 144 16 116 179 162 107 112 102 90 156 
340 209 96 97 87 77 71 47 453 160 110 106 85 56 38 16 526 130 111 84 50 36 47 40 
29 71 145 214 191 167 113 94 69 152 222 214 161 136 54 16 162 197 218 141 102 87 73 44 
38 90 177 228 194 129 92 76 90 178 262 200 147 79 54 14 212 249 208 161 101 60 18 15 
154 124 205 253 82 135 66 5 137 99 114 210 204 51 141 68 584 169 159 74 29 5 3 1 
54 425 114 198 159 45 23 6 1 237 267 90 207 156 48 18 648 173 136 50 14 2 1 0 
260 269 117 164 148 56 9 1 147 277 142 100 148 144 59 7 574 230 121 75 19 4 1 0 
420 237 140 107 64 36 17 3 380 256 136 122 64 44 18 4 575 211 121 71 29 15 1 1 
0 0 23 315 547 130 9 0 0 0 2 69 497 398 53 5 127 567 292 36 2 0 0 0 
0 0 8 193 650 163 9 1 0 0 0 41 438 487 55 3 119 606 274 23 2 0 0 0 
0 0 7 231 647 130 8 1 0 0 1 26 462 488 45 2 131 631 248 13 1 0 0 0 
0 0 10 168 635 195 15 1 0 0 0 39 427 499 57 2 61 492 422 47 1 1 0 0 
0 5 93 443 388 84 8 3 0 1 8 175 534 279 18 9 169 529 286 31 9 0 0 0 
0 10 137 541 286 43 5 2 0 1 24 198 567 207 22 5 162 558 260 37 5 2 0 0 
0 8 179 501 310 22 4 0 0 0 18 238 552 197 15 4 210 563 227 20 4 0 0 0 
0 1 31 400 457 84 22 29 0 0 4 71 567 316 52 14 82 561 282 53 29 16 1 0 
0 0 0 3 32 55 173 761 0 0 1 7 44 150 507 315 1 4 34 71 231 552 131 0 
0 0 0 0 3 36 175 810 0 0 0 3 31 133 524 333 0 0 9 49 213 619 134 0 
0 0 0 1 3 51 238 731 0 0 1 5 43 208 521 246 0 3 12 82 329 521 77 0 
0 0 1 4 8 38 132 841 0 1 3 7 27 96 453 437 1 5 11 36 147 619 205 0 
1 2 4 15 59 101 213 629 1 5 10 40 92 172 374 330 5 14 51 109 223 426 196 0 
29 61 48 91 193 226 218 158 74 55 93 184 245 203 113 57 64 100 158 228 148 120 76 130 
11 49 46 78 82 123 211 424 54 48 61 88 139 165 151 318 12 32 70 56 75 103 200 476 
1 21 57 51 72 84 190 548 3 28 57 52 82 86 231 485 7 37 59 49 85 101 287 399 
2 1 30 68 61 80 199 583 2 4 30 78 57 91 214 548 3 17 52 64 67 128 255 438 
0 1 14 76 103 121 160 549 0 10 34 77 96 139 163 505 6 17 43 100 90 136 218 414 
0 12 51 111 127 120 119 484 20 113 103 118 126 131 99 314 157 101 126 94 83 94 104 265 
0 20 83 72 50 119 206 474 44 159 159 169 164 170 128 31 159 116 162 180 153 147 76 31 
3 57 104 56 62 86 133 523 105 152 96 192 195 178 95 11 150 108 91 101 173 187 150 64 
1 10 30 52 70 106 192 563 50 128 143 202 270 188 41 2 46 86 120 145 211 192 93 131 
17 56 51 81 127 168 194 330 37 122 141 183 201 219 101 20 191 147 229 246 136 70 5 0 
22 88 121 182 208 212 113 78 25 93 155 169 229 246 81 26 236 173 192 199 94 43 31 56 
28 124 154 184 235 174 90 35 22 130 168 167 215 229 76 17 269 230 230 160 61 26 11 37 
19 148 148 165 147 146 172 79 55 209 125 165 165 192 88 25 298 148 145 109 64 54 64 142 
25 95 109 102 137 148 117 291 36 152 132 153 173 193 124 61 235 124 151 165 101 85 114 49 
37 113 147 128 175 213 104 107 58 143 128 151 186 183 142 33 265 165 200 175 93 70 35 21 
25 110 136 148 211 198 108 88 30 146 149 164 201 195 116 23 275 195 216 150 78 53 40 17 
14 96 101 79 122 155 256 201 58 122 137 136 209 272 61 29 111 94 125 116 109 93 114 262 
110 66 45 64 34 103 315 287 146 75 79 62 94 129 215 224 194 125 219 240 92 57 75 22 
33 249 146 65 103 285 125 18 4 100 266 67 77 92 326 92 421 175 281 104 36 7 0 0 
133 455 137 156 47 85 10 1 52 225 354 106 158 30 88 11 793 129 79 19 4 0 0 0 
332 379 146 68 52 26 19 2 271 170 360 93 62 32 28 8 750 137 64 39 21 13 0 0 
467 217 87 63 53 119 16 2 459 222 85 68 43 45 95 7 623 162 127 71 29 10 2 0 
