12 421 345 182 45 13 6 0 0 18 375 366 198 45 18 4 7 267 443 213 46 35 9 4 
5 167 264 182 124 115 147 20 0 3 178 260 182 126 112 163 6 89 258 172 106 92 102 199 
65 435 230 127 65 42 45 15 0 0 188 488 168 72 50 58 117 323 196 149 95 44 39 61 
0 38 454 135 82 67 149 99 0 0 0 208 396 86 73 261 6 140 238 175 79 74 65 247 
1 25 135 115 52 72 173 451 0 0 0 73 194 58 77 622 3 35 73 73 96 52 71 621 
0 62 40 92 78 112 190 450 0 0 7 92 85 91 109 640 1 34 46 43 74 82 102 642 
12 275 165 100 59 67 184 162 0 5 155 272 122 61 92 317 4 182 155 119 91 54 78 341 
10 115 221 155 106 94 171 152 0 2 79 237 185 116 85 320 3 70 152 147 128 99 104 321 
0 53 398 172 82 74 112 133 0 0 0 281 328 99 76 240 0 61 275 187 124 78 71 228 
1 33 197 148 94 118 182 251 0 0 2 176 209 104 120 413 0 12 123 134 112 89 126 428 
0 28 204 155 88 72 125 352 0 1 51 189 159 98 78 448 0 2 60 163 161 87 72 479 
0 8 92 85 81 81 157 520 0 0 5 76 117 85 95 646 0 2 36 85 64 81 82 674 
0 4 75 121 54 62 112 596 0 0 0 51 151 71 61 690 0 0 41 88 84 57 60 694 
0 0 11 78 56 63 121 695 0 0 0 17 77 60 68 802 0 0 2 34 64 54 70 800 
0 0 0 0 6 6 7 1005 0 0 0 0 0 6 8 1010 0 0 0 0 0 8 6 1010 
0 12 74 53 46 57 70 712 0 0 31 82 43 52 64 752 0 0 21 67 52 47 65 772 
5 263 288 115 76 74 88 115 0 90 365 176 78 68 77 170 0 51 324 193 114 73 81 188 
9 315 305 135 77 75 73 35 0 123 398 193 93 64 79 74 0 124 336 203 111 70 75 105 
0 94 209 93 76 88 166 298 0 31 212 112 87 70 119 393 0 7 128 186 82 81 99 441 
16 278 158 115 89 73 89 206 1 131 257 131 95 75 83 251 0 116 232 139 104 77 80 276 
29 245 200 117 79 68 117 169 2 146 237 165 86 75 74 239 14 150 194 165 91 71 60 279 
114 356 192 85 42 52 60 123 18 316 249 129 54 53 45 160 67 328 205 116 51 42 47 168 
182 458 174 75 61 36 29 9 34 458 253 109 66 54 25 25 183 370 200 98 65 48 30 30 
191 474 182 83 35 25 21 13 90 468 243 106 47 27 21 22 272 449 160 58 22 23 20 20 
523 320 108 57 10 5 1 0 280 500 151 67 17 7 2 0 554 319 104 30 11 5 1 0 
592 258 122 34 12 3 3 0 452 340 154 58 13 3 4 0 561 335 88 24 8 4 4 0 
458 306 124 55 22 26 25 8 292 369 183 77 36 25 24 18 337 347 167 67 39 23 18 26 
143 291 185 115 95 57 75 63 29 310 212 149 88 73 69 94 59 275 236 119 90 78 55 112 
546 193 78 62 29 32 42 42 317 373 99 60 49 32 32 62 553 129 95 62 53 27 34 71 
688 49 16 22 23 35 64 127 569 154 22 16 23 24 38 178 622 98 24 11 23 25 36 185 
183 139 103 112 107 117 157 106 84 174 95 103 105 107 131 225 69 148 97 97 94 115 114 290 
114 114 59 59 68 79 128 403 31 160 55 66 55 64 97 496 36 108 72 56 60 67 88 537 
72 436 369 133 13 1 0 0 0 67 199 561 174 22 1 0 85 344 381 168 43 3 0 0 
53 478 339 126 25 3 0 0 0 20 247 544 169 38 5 1 42 379 390 190 19 3 1 0 
108 586 266 37 8 10 8 1 0 9 314 547 122 9 13 10 134 528 264 60 17 5 10 6 
21 316 199 100 58 66 114 150 0 0 39 399 183 69 63 271 125 215 127 100 75 54 51 277 
0 155 391 131 43 47 96 161 0 0 3 345 279 86 51 260 8 257 259 115 60 30 55 240 
4 129 107 59 50 70 140 465 0 0 10 207 83 53 77 594 36 84 85 65 34 62 76 582 
38 211 188 86 62 89 188 162 0 19 150 246 113 69 99 328 16 122 188 109 87 47 93 362 
7 260 208 72 53 81 158 185 0 0 70 378 102 56 79 339 6 185 185 110 61 59 77 341 
0 18 171 78 44 36 62 615 0 0 0 113 163 43 50 655 0 32 97 83 65 41 44 662 
1 60 177 97 59 56 70 504 0 0 40 127 170 66 62 559 0 53 121 99 85 53 58 555 
0 22 229 92 38 39 65 539 0 2 37 127 187 38 46 587 0 13 80 157 91 44 48 591 
0 3 45 41 26 20 47 842 0 0 1 54 40 25 28 876 0 0 4 36 47 25 25 887 
0 0 0 0 0 0 5 1019 0 0 0 0 0 0 0 1024 0 0 0 0 0 0 0 1024 
0 6 124 150 33 33 52 626 0 0 21 97 155 51 42 658 0 0 43 148 95 40 36 662 
0 12 81 119 41 15 34 722 0 1 14 39 136 64 30 740 0 0 16 79 102 54 21 752 
1 30 21 34 19 21 59 839 0 4 37 32 28 17 33 873 0 1 35 20 32 22 29 885 
0 59 16 8 12 13 48 868 0 9 60 11 8 17 21 898 0 6 62 11 8 15 16 906 
21 171 121 59 47 40 61 504 0 65 204 83 46 38 48 540 0 49 191 90 56 43 46 549 
47 254 188 118 92 75 103 147 0 170 236 151 103 80 82 202 0 96 266 152 112 89 73 236 
66 278 122 85 63 58 84 268 2 224 200 81 73 66 63 315 1 140 223 114 86 62 54 344 
146 391 143 74 62 42 53 113 12 401 238 74 70 40 47 142 31 367 199 109 70 42 44 162 
209 508 167 90 34 11 3 2 53 472 296 116 60 18 7 2 195 475 206 88 41 12 5 2 
398 444 114 35 12 10 11 0 129 578 200 64 24 13 10 6 298 506 127 52 13 11 11 6 
246 627 116 20 9 5 1 0 33 416 468 84 14 5 3 1 189 644 144 25 12 6 4 0 
222 362 198 73 51 42 55 21 72 293 286 170 62 41 50 50 137 355 231 93 55 39 34 80 
533 235 108 49 43 25 24 7 287 439 106 73 38 39 19 23 377 328 116 70 42 33 29 29 
104 229 163 118 95 99 114 102 28 188 195 154 99 84 109 167 26 172 185 146 101 90 99 205 
58 254 249 192 114 69 62 26 3 177 256 237 136 90 66 59 27 216 271 196 105 74 65 70 
488 317 98 45 36 15 14 11 125 630 114 59 46 20 13 17 494 295 107 45 36 15 11 21 
869 89 33 15 9 6 3 0 618 312 42 26 13 6 5 2 827 124 29 24 7 6 4 3 
528 279 107 52 34 14 7 3 154 576 149 63 49 14 9 10 366 394 136 53 43 13 8 11 
421 222 85 54 42 46 58 96 195 369 123 64 41 43 47 142 333 230 138 49 45 37 41 151 
829 151 41 3 0 0 0 0 332 434 129 116 13 0 0 0 578 371 68 7 0 0 0 0 
630 278 107 9 0 0 0 0 202 259 383 141 37 2 0 0 469 376 137 36 6 0 0 0 
818 190 9 7 0 0 0 0 604 171 154 87 8 0 0 0 734 269 14 7 0 0 0 0 
809 141 33 20 10 6 5 0 67 645 181 79 23 16 6 7 214 710 38 22 18 15 4 3 
578 179 78 46 41 25 43 34 12 573 127 108 59 35 29 81 53 623 146 47 37 23 25 70 
705 285 17 10 7 0 0 0 0 709 169 127 11 6 2 0 33 882 101 6 2 0 0 0 
663 174 42 37 20 25 29 34 11 695 120 60 36 17 25 60 0 651 193 40 36 20 23 61 
491 201 67 27 21 32 23 162 0 596 93 80 26 25 23 181 0 552 168 50 27 15 28 184 
454 196 56 39 20 35 69 155 0 495 163 60 28 27 43 208 0 466 194 60 27 26 39 212 
544 247 47 45 20 20 30 71 0 644 161 42 39 21 19 98 0 485 298 56 41 25 18 101 
483 221 30 18 13 8 28 223 0 607 109 32 9 14 13 240 0 311 400 35 9 14 9 246 
301 195 78 29 17 19 23 362 0 392 129 67 23 16 23 374 0 190 295 85 38 17 24 375 
494 249 56 18 16 10 11 170 0 612 171 22 21 11 13 174 0 365 383 53 21 13 13 176 
413 421 40 8 5 5 7 125 0 640 212 27 5 6 5 129 0 183 646 41 13 6 3 132 
353 234 31 17 11 7 17 354 0 458 145 24 13 8 11 365 0 138 458 23 18 12 7 368 
466 293 30 22 7 6 11 189 0 655 112 39 11 5 5 197 0 136 617 38 24 4 8 197 
527 331 24 12 7 10 16 97 0 768 106 16 10 8 15 101 0 300 564 22 12 7 15 104 
715 163 7 8 5 13 12 101 27 815 40 7 5 7 18 105 22 496 364 7 5 7 17 106 
582 189 11 17 14 8 13 190 15 678 85 14 14 9 11 198 8 312 452 14 18 11 10 199 
212 165 32 21 13 13 19 549 5 286 103 29 16 11 17 557 2 140 213 53 24 13 15 564 
75 243 147 88 62 55 77 277 2 120 234 139 87 59 59 324 22 189 190 104 77 51 72 319 
389 464 111 25 15 8 10 2 35 514 338 82 26 13 8 8 220 558 158 38 20 15 4 11 
358 556 73 17 9 6 3 2 15 659 285 39 11 9 2 4 283 600 89 24 10 11 2 5 
403 401 93 55 34 22 14 2 54 639 165 64 48 28 15 11 279 437 134 61 52 33 13 15 
394 456 90 45 17 9 11 2 25 662 218 60 30 11 13 5 330 472 129 43 22 9 13 6 
313 518 120 29 16 17 9 2 63 493 307 100 24 13 16 8 227 552 153 34 22 13 15 8 
135 243 150 119 107 105 118 47 6 219 231 122 119 96 112 119 43 254 202 106 105 95 87 132 
348 195 107 98 69 80 83 44 61 380 135 111 89 76 69 103 252 256 112 102 71 60 65 106 
443 321 64 28 33 49 48 38 61 565 162 48 29 33 56 70 334 403 67 30 29 28 53 80 
595 292 45 18 10 11 18 35 170 514 212 40 14 10 14 50 512 350 55 21 11 10 13 52 
538 177 82 72 48 32 50 25 347 252 135 87 64 42 31 66 378 255 119 79 50 36 29 78 
457 197 126 95 59 32 32 26 137 408 145 124 88 41 31 50 272 335 160 91 51 32 23 60 
1024 0 0 0 0 0 0 0 1024 0 0 0 0 0 0 0 906 118 0 0 0 0 0 0 
897 127 0 0 0 0 0 0 619 246 156 3 0 0 0 0 771 210 43 0 0 0 0 0 
903 115 6 0 0 0 0 0 828 79 92 25 0 0 0 0 863 127 34 0 0 0 0 0 
1024 0 0 0 0 0 0 0 868 156 0 0 0 0 0 0 770 254 0 0 0 0 0 0 
1024 0 0 0 0 0 0 0 762 262 0 0 0 0 0 0 739 285 0 0 0 0 0 0 
1024 0 0 0 0 0 0 0 764 260 0 0 0 0 0 0 720 304 0 0 0 0 0 0 
1024 0 0 0 0 0 0 0 632 392 0 0 0 0 0 0 742 282 0 0 0 0 0 0 
1015 9 0 0 0 0 0 0 114 910 0 0 0 0 0 0 633 391 0 0 0 0 0 0 
793 231 0 0 0 0 0 0 20 1000 4 0 0 0 0 0 401 623 0 0 0 0 0 0 
524 494 5 1 0 0 0 0 1 987 30 5 1 0 0 0 247 760 14 3 0 0 0 0 
361 644 10 3 5 1 0 0 20 901 85 10 2 5 1 0 189 755 62 10 3 5 0 0 
284 654 20 7 10 12 20 17 3 829 120 11 7 10 18 26 44 842 57 19 5 11 14 32 
192 494 139 24 7 8 11 149 0 340 469 35 10 9 12 149 0 602 141 92 17 7 10 155 
140 368 341 21 11 9 6 128 0 232 613 24 12 7 6 130 0 564 247 42 16 16 9 130 
87 124 688 36 6 7 9 67 0 148 746 39 6 6 11 68 0 407 403 116 9 10 6 73 
43 125 648 41 9 12 7 139 9 102 709 35 6 13 8 142 0 399 404 47 11 11 10 142 
12 77 629 69 12 6 16 203 4 63 637 79 14 9 17 201 19 211 444 88 32 10 7 213 
451 198 237 33 18 9 6 72 48 555 280 23 29 9 6 74 15 693 161 26 31 14 9 75 
231 451 37 29 16 23 25 212 117 424 164 38 15 23 22 221 113 398 182 44 18 16 28 225 
509 143 140 46 25 25 25 111 377 212 155 84 30 27 20 119 291 291 164 80 31 24 25 118 
189 424 106 73 63 51 62 56 29 427 231 80 59 62 59 77 70 419 178 86 72 53 61 85 
596 299 56 36 12 10 10 5 91 722 124 31 25 12 11 8 349 482 103 33 23 13 9 12 
215 229 132 74 53 49 56 216 41 326 134 113 56 47 57 250 113 236 148 101 62 49 50 265 
304 247 78 57 69 58 52 159 114 282 204 61 59 58 58 188 197 277 146 80 56 43 38 187 
339 144 126 166 141 82 26 0 178 260 97 145 153 122 59 10 336 224 186 158 87 31 2 0 
502 241 54 66 61 64 34 2 213 457 99 53 65 56 65 16 422 320 93 74 65 41 7 2 
532 276 87 35 39 31 20 4 227 444 180 61 33 40 24 15 361 397 140 52 34 26 6 8 
605 377 32 10 0 0 0 0 149 671 175 23 6 0 0 0 467 503 48 5 1 0 0 0 
591 252 72 52 27 24 6 0 148 544 177 60 42 32 19 2 528 336 78 41 28 12 1 0 
584 381 26 12 6 7 8 0 99 768 115 14 9 5 12 2 624 359 17 6 10 8 0 0 
398 335 156 92 26 8 5 4 115 443 234 131 72 13 7 9 381 358 169 77 21 5 4 9 
341 293 142 86 48 31 48 35 55 403 233 116 62 50 31 74 198 347 163 101 61 42 30 82 
1024 0 0 0 0 0 0 0 1024 0 0 0 0 0 0 0 1024 0 0 0 0 0 0 0 
1010 14 0 0 0 0 0 0 965 57 2 0 0 0 0 0 967 51 6 0 0 0 0 0 
1018 5 1 0 0 0 0 0 836 185 3 0 0 0 0 0 897 126 1 0 0 0 0 0 
1018 6 0 0 0 0 0 0 889 133 2 0 0 0 0 0 943 81 0 0 0 0 0 0 
1024 0 0 0 0 0 0 0 1018 6 0 0 0 0 0 0 1023 1 0 0 0 0 0 0 
1024 0 0 0 0 0 0 0 1018 6 0 0 0 0 0 0 1000 24 0 0 0 0 0 0 
1021 3 0 0 0 0 0 0 652 372 0 0 0 0 0 0 958 66 0 0 0 0 0 0 
966 58 0 0 0 0 0 0 142 881 1 0 0 0 0 0 856 168 0 0 0 0 0 0 
775 249 0 0 0 0 0 0 30 994 0 0 0 0 0 0 516 508 0 0 0 0 0 0 
448 516 16 6 8 8 9 13 72 843 60 8 9 8 7 17 358 562 53 9 7 11 5 19 
324 656 27 7 5 2 1 2 1 657 323 25 10 4 1 3 174 704 117 14 6 5 2 2 
213 713 56 10 5 5 10 12 2 489 410 88 6 4 9 16 73 631 235 49 7 4 7 18 
2 456 292 37 16 16 18 187 0 51 643 84 22 15 21 188 19 393 191 161 30 20 12 198 
0 491 248 24 12 14 19 216 0 38 664 55 15 13 20 219 0 382 288 80 20 12 18 224 
7 258 543 53 19 23 27 94 0 41 743 63 26 16 30 105 0 208 554 84 22 22 23 111 
34 386 475 40 30 21 13 25 7 135 729 52 32 25 14 30 10 358 476 73 28 30 12 37 
20 187 513 50 27 12 13 202 0 53 581 116 34 19 19 202 2 233 396 122 35 17 15 204 
4 170 592 159 24 8 13 54 0 71 705 121 45 14 8 60 0 459 386 52 41 15 12 59 
518 298 142 38 13 6 7 2 332 381 220 46 23 11 3 8 301 479 172 26 21 12 4 9 
802 125 70 13 6 6 2 0 739 91 135 35 11 6 6 1 736 124 113 30 10 4 6 1 
96 409 281 127 75 23 10 3 25 170 405 231 102 61 22 8 95 384 303 137 64 23 11 7 
370 233 133 114 88 52 27 7 111 427 121 122 111 80 35 17 300 269 178 130 84 34 18 11 
323 275 120 126 102 39 25 14 89 401 154 132 114 78 31 25 302 324 182 105 52 26 10 23 
3 74 204 281 252 149 56 5 1 35 138 265 254 195 111 25 62 194 306 254 152 55 1 0 
7 147 294 294 181 73 27 1 3 89 276 300 220 97 31 8 98 298 319 208 72 27 2 0 
19 114 216 261 228 135 47 4 8 79 183 262 238 158 76 20 104 243 291 225 118 39 4 0 
75 252 286 202 141 51 14 3 40 164 291 232 171 84 30 12 230 316 250 138 71 16 3 0 
200 105 174 196 185 127 37 0 149 108 130 188 190 165 82 12 279 218 205 190 104 28 0 0 
40 236 222 252 190 70 14 0 0 106 258 238 224 150 45 3 151 288 300 192 82 11 0 0 
247 136 129 165 171 131 41 4 48 276 94 150 171 159 102 24 283 181 182 180 138 56 4 0 
364 238 130 106 92 69 21 4 127 341 197 95 103 88 56 17 365 309 131 104 75 30 7 3 
482 209 117 74 51 33 36 22 195 372 180 86 66 42 35 48 393 227 136 84 60 35 33 56 
1021 3 0 0 0 0 0 0 937 86 1 0 0 0 0 0 981 43 0 0 0 0 0 0 
1024 0 0 0 0 0 0 0 1024 0 0 0 0 0 0 0 1024 0 0 0 0 0 0 0 
1024 0 0 0 0 0 0 0 1004 20 0 0 0 0 0 0 1024 0 0 0 0 0 0 0 
1023 1 0 0 0 0 0 0 939 85 0 0 0 0 0 0 1021 3 0 0 0 0 0 0 
1024 0 0 0 0 0 0 0 1013 11 0 0 0 0 0 0 1023 1 0 0 0 0 0 0 
1024 0 0 0 0 0 0 0 698 326 0 0 0 0 0 0 818 206 0 0 0 0 0 0 
1015 9 0 0 0 0 0 0 453 571 0 0 0 0 0 0 822 197 5 0 0 0 0 0 
895 129 0 0 0 0 0 0 149 857 18 0 0 0 0 0 819 186 19 0 0 0 0 0 
458 566 0 0 0 0 0 0 58 747 219 0 0 0 0 0 363 553 108 0 0 0 0 0 
335 687 1 1 0 0 0 0 68 835 120 1 0 0 0 0 322 667 34 1 0 0 0 0 
224 622 61 13 14 20 22 48 43 639 223 11 14 20 23 51 116 594 169 32 13 19 22 59 
10 727 98 32 15 22 17 103 0 415 406 38 21 19 21 104 2 465 316 66 28 15 22 110 
3 541 252 43 25 16 21 123 0 171 591 74 25 20 22 121 5 384 331 101 31 21 17 134 
0 278 418 47 17 19 26 219 0 29 593 111 24 19 24 224 3 243 300 171 34 22 19 232 
0 245 439 37 19 13 22 249 0 17 641 63 16 15 22 250 0 226 356 129 19 20 17 257 
1 99 585 100 15 16 22 186 0 27 572 182 15 19 18 191 0 77 529 169 19 18 15 197 
12 190 567 98 26 19 21 91 2 57 687 99 42 15 23 99 2 238 547 67 34 17 19 100 
14 183 563 179 24 12 17 32 1 59 605 167 114 24 10 44 5 360 376 130 83 18 11 41 
480 126 369 49 0 0 0 0 456 120 393 42 13 0 0 0 483 259 261 9 12 0 0 0 
836 116 61 5 2 2 1 1 786 126 81 24 2 2 2 1 757 162 82 16 2 2 2 1 
50 653 216 36 20 23 18 8 3 391 456 92 24 21 23 14 57 572 248 66 19 20 26 16 
62 522 261 115 47 10 6 1 4 323 395 185 78 30 6 3 53 537 273 106 38 12 3 2 
59 243 308 205 128 59 14 8 7 188 282 271 130 94 41 11 101 314 321 162 69 33 14 10 
22 129 238 249 205 146 34 1 15 97 198 264 221 159 61 9 102 247 287 230 125 31 2 0 
38 265 248 205 162 80 24 2 5 174 289 236 177 100 37 6 142 329 274 172 75 18 7 7 
26 232 218 241 183 94 29 1 7 198 193 238 207 117 60 4 214 241 266 182 94 26 1 0 
81 385 226 190 109 29 4 0 21 286 315 211 132 54 5 0 268 390 230 103 30 3 0 0 
80 335 291 189 99 28 2 0 30 282 321 216 134 38 2 1 254 382 257 109 19 2 1 0 
196 216 189 179 122 87 23 12 104 237 165 201 141 100 61 15 325 234 207 122 95 23 6 12 
147 155 198 192 189 105 38 0 85 146 169 202 190 140 81 11 244 228 215 186 107 42 2 0 
469 191 145 101 72 40 5 1 266 327 160 106 85 56 22 2 534 200 130 99 48 12 1 0 
275 161 136 135 146 115 42 14 138 232 115 145 126 147 83 38 327 165 137 149 131 69 28 18 
1004 18 2 0 0 0 0 0 983 34 7 0 0 0 0 0 999 22 3 0 0 0 0 0 
1020 4 0 0 0 0 0 0 976 48 0 0 0 0 0 0 1018 6 0 0 0 0 0 0 
923 83 10 7 0 1 0 0 435 516 62 5 5 0 1 0 929 79 8 6 1 1 0 0 
988 21 12 3 0 0 0 0 830 167 13 13 1 0 0 0 994 16 11 3 0 0 0 0 
1024 0 0 0 0 0 0 0 949 75 0 0 0 0 0 0 1024 0 0 0 0 0 0 0 
918 92 14 0 0 0 0 0 658 309 52 5 0 0 0 0 823 161 36 4 0 0 0 0 
567 212 76 105 64 0 0 0 260 386 159 61 79 79 0 0 518 169 141 84 112 0 0 0 
332 458 80 98 56 0 0 0 24 461 311 87 104 37 0 0 297 453 92 95 87 0 0 0 
27 792 88 95 22 0 0 0 0 76 755 79 84 30 0 0 80 532 278 81 53 0 0 0 
51 773 102 77 21 0 0 0 0 173 686 69 88 8 0 0 84 511 313 83 33 0 0 0 
53 810 80 56 25 0 0 0 0 351 530 81 41 21 0 0 104 544 259 84 31 2 0 0 
37 661 135 77 42 17 21 34 1 378 412 73 77 28 17 38 20 526 239 107 56 17 16 43 
2 610 120 71 100 36 29 56 0 133 554 70 71 102 30 64 9 435 227 103 119 41 27 63 
5 366 371 48 96 46 21 71 0 67 639 59 58 93 30 78 8 418 254 96 100 48 22 78 
1 122 494 107 41 34 24 201 0 35 498 151 59 47 32 202 6 215 309 165 55 43 26 205 
0 38 523 134 26 18 21 264 0 0 471 201 43 19 20 270 0 57 469 155 33 19 21 270 
0 52 541 250 18 20 25 118 0 1 496 328 35 17 25 122 0 130 561 131 37 17 23 125 
0 172 378 264 41 37 44 88 0 34 482 265 52 44 43 104 11 138 573 92 36 32 33 109 
415 143 297 157 12 0 0 0 401 62 333 148 77 3 0 0 427 256 207 66 66 2 0 0 
949 61 14 0 0 0 0 0 783 209 32 0 0 0 0 0 658 334 32 0 0 0 0 0 
79 90 41 43 27 28 51 665 18 125 50 44 30 26 41 690 17 123 39 45 36 24 40 700 
37 169 144 104 113 108 111 238 3 107 178 111 103 109 119 294 13 104 157 115 88 114 118 315 
408 440 70 44 27 17 14 4 93 593 208 52 35 17 16 10 343 471 88 46 34 14 17 11 
728 204 34 25 15 12 6 0 212 668 83 25 20 10 6 0 715 246 25 23 11 4 0 0 
591 264 77 49 23 12 8 0 365 445 116 46 25 19 8 0 673 239 57 30 16 7 2 0 
425 288 129 84 58 32 7 1 318 347 153 88 64 43 10 1 533 257 124 69 32 5 3 1 
590 358 63 11 2 0 0 0 297 585 107 30 5 0 0 0 716 261 39 7 1 0 0 0 
781 232 9 1 1 0 0 0 549 433 38 3 1 0 0 0 848 169 6 0 1 0 0 0 
958 66 0 0 0 0 0 0 836 188 0 0 0 0 0 0 971 53 0 0 0 0 0 0 
972 41 3 2 3 0 1 2 879 128 9 2 3 0 1 2 970 37 8 3 2 1 1 2 
968 42 7 3 2 1 1 0 860 148 7 5 2 0 2 0 959 50 6 5 2 0 2 0 
873 132 9 10 0 0 0 0 431 561 20 8 4 0 0 0 762 244 7 10 1 0 0 0 
1024 0 0 0 0 0 0 0 962 62 0 0 0 0 0 0 1000 24 0 0 0 0 0 0 
986 17 14 7 0 0 0 0 781 203 16 10 13 1 0 0 1001 20 3 0 0 0 0 0 
986 18 8 7 2 2 1 0 901 92 12 7 7 2 2 1 987 19 6 7 2 2 1 0 
975 31 17 1 0 0 0 0 737 255 27 5 0 0 0 0 976 31 17 0 0 0 0 0 
789 132 42 28 16 10 6 1 440 412 88 37 18 16 9 4 819 109 40 24 18 7 7 0 
867 100 51 6 0 0 0 0 229 686 77 31 1 0 0 0 857 111 52 4 0 0 0 0 
585 195 72 164 8 0 0 0 251 370 156 92 153 2 0 0 597 158 98 167 4 0 0 0 
354 332 96 120 105 17 0 0 133 325 253 80 146 82 5 0 347 345 109 101 106 16 0 0 
292 248 90 142 239 11 1 1 218 167 197 72 187 178 3 2 339 240 56 115 263 9 2 0 
229 290 75 126 276 13 3 12 153 182 215 66 168 223 4 13 200 332 62 85 303 26 3 13 
194 358 63 94 258 9 11 37 142 217 221 44 174 178 11 37 180 373 58 60 290 20 4 39 
219 345 60 81 254 45 6 14 169 242 183 57 120 231 8 14 212 367 48 79 252 47 6 13 
179 292 77 49 239 148 13 27 119 156 253 49 75 284 60 28 149 354 49 59 246 129 12 26 
213 259 127 108 232 62 17 6 135 156 275 75 131 207 33 12 158 384 54 103 245 65 11 4 
205 159 290 175 101 33 32 29 126 165 311 115 165 77 26 39 172 350 120 150 145 36 26 25 
219 130 334 142 38 33 44 84 146 132 322 208 44 35 34 103 152 238 285 146 42 42 44 75 
247 134 262 180 44 50 32 75 192 117 249 253 33 48 44 88 192 188 367 78 55 44 40 60 
249 158 274 245 58 16 10 14 178 104 307 292 69 44 9 21 170 246 421 114 43 7 10 13 
617 137 177 93 0 0 0 0 524 149 234 105 12 0 0 0 557 263 177 18 9 0 0 0 
982 39 1 2 0 0 0 0 895 101 26 2 0 0 0 0 885 111 26 2 0 0 0 0 
354 78 39 27 33 36 41 416 259 143 54 33 30 40 36 429 171 226 57 31 29 39 35 436 
122 387 167 71 50 51 51 125 2 277 330 110 56 48 60 141 70 388 172 93 60 37 58 146 
519 297 64 40 24 31 25 24 120 652 93 42 33 33 19 32 401 407 60 46 27 32 27 24 
918 84 10 3 4 3 1 1 557 438 13 7 1 6 0 2 827 171 12 5 1 6 0 2 
922 80 16 3 2 1 0 0 821 175 22 3 2 1 0 0 911 87 20 3 2 1 0 0 
986 33 2 2 1 0 0 0 952 64 5 2 1 0 0 0 988 31 2 2 1 0 0 0 
868 92 41 18 3 2 0 0 710 233 50 23 5 3 0 0 845 112 43 16 6 2 0 0 
731 159 80 44 9 0 1 0 545 294 88 60 32 4 0 1 762 176 64 21 0 1 0 0 
926 53 17 12 12 3 1 0 856 112 20 16 9 9 1 1 964 36 9 9 5 1 0 0 
1007 14 3 0 0 0 0 0 996 18 9 1 0 0 0 0 1010 12 2 0 0 0 0 0 
839 83 38 25 17 10 7 5 752 152 43 22 29 12 5 9 807 99 39 28 24 11 10 6 
419 153 66 80 52 70 88 96 252 278 80 67 70 56 64 157 302 229 81 81 51 56 67 157 
1024 0 0 0 0 0 0 0 1024 0 0 0 0 0 0 0 1024 0 0 0 0 0 0 0 
980 25 13 4 2 0 0 0 906 88 17 8 5 0 0 0 977 30 11 4 2 0 0 0 
981 34 7 2 0 0 0 0 807 193 17 6 1 0 0 0 984 32 7 1 0 0 0 0 
1023 1 0 0 0 0 0 0 960 64 0 0 0 0 0 0 1023 1 0 0 0 0 0 0 
842 136 29 11 5 1 0 0 509 408 73 23 7 4 0 0 864 117 28 10 4 1 0 0 
773 167 45 19 10 8 2 0 237 655 72 32 12 12 3 1 840 113 39 14 12 5 1 0 
768 161 41 27 13 12 2 0 326 574 52 32 22 9 9 0 841 110 38 19 13 3 0 0 
23 316 279 250 101 47 8 0 4 32 333 307 219 97 26 6 268 318 242 149 44 3 0 0 
98 279 206 174 154 86 24 3 55 53 286 244 178 114 83 11 334 256 200 140 77 17 0 0 
150 175 147 120 110 101 111 110 63 101 167 184 120 110 111 168 179 207 154 149 86 85 64 100 
128 153 88 45 49 51 67 443 53 127 158 61 45 61 50 469 37 147 154 57 64 60 56 449 
466 376 43 22 75 23 10 9 138 597 130 31 28 75 9 16 159 642 70 32 66 34 6 15 
375 421 54 19 95 34 19 7 109 527 193 25 31 102 20 17 169 564 113 19 77 54 16 12 
363 396 58 39 115 49 4 0 149 382 264 37 47 122 20 3 150 591 77 40 113 49 4 0 
286 352 142 36 100 83 22 3 153 365 227 52 39 128 44 16 135 519 125 64 106 66 9 0 
225 340 186 86 72 92 20 3 131 281 256 147 52 93 48 16 115 398 274 69 75 78 13 2 
191 347 137 195 31 89 30 4 126 270 209 255 26 65 52 21 120 331 357 96 47 63 9 1 
168 349 117 277 40 63 10 0 115 244 244 286 46 53 35 1 119 275 399 136 44 46 5 0 
512 215 85 164 25 19 4 0 442 168 173 178 23 27 13 0 365 282 277 55 22 22 1 0 
965 37 22 0 0 0 0 0 909 83 32 0 0 0 0 0 914 78 32 0 0 0 0 0 
510 167 76 25 45 82 96 23 380 212 126 38 25 48 44 151 454 274 164 50 34 27 18 3 
139 187 41 47 80 160 340 30 32 213 89 37 44 40 143 426 532 301 116 49 14 11 1 0 
906 104 6 1 4 0 2 1 550 450 16 0 2 3 0 3 860 149 7 2 3 0 3 0 
929 73 11 7 3 0 1 0 793 204 13 9 4 0 1 0 945 59 10 6 3 0 1 0 
976 38 8 1 1 0 0 0 902 109 11 1 1 0 0 0 998 20 5 1 0 0 0 0 
915 61 18 18 9 3 0 0 865 102 24 20 8 5 0 0 931 50 26 8 8 1 0 0 
660 231 88 28 12 5 0 0 512 333 104 51 18 5 1 0 785 155 60 16 8 0 0 0 
426 249 125 107 92 23 2 0 308 281 169 116 101 47 2 0 519 231 113 95 56 10 0 0 
744 132 86 38 21 3 0 0 675 153 110 47 30 9 0 0 811 115 70 22 6 0 0 0 
897 74 28 15 8 2 0 0 799 150 40 18 12 5 0 0 938 50 17 14 5 0 0 0 
261 376 192 129 53 10 3 0 89 411 251 154 92 22 5 0 388 363 164 86 21 2 0 0 
317 135 166 181 109 70 37 9 222 174 142 180 166 75 36 29 369 164 210 148 65 29 18 21 
1021 3 0 0 0 0 0 0 1018 6 0 0 0 0 0 0 1021 3 0 0 0 0 0 0 
995 16 6 3 2 2 0 0 894 114 8 3 3 2 0 0 1002 12 5 3 2 0 0 0 
949 46 8 10 5 2 3 1 674 313 12 10 7 3 3 2 961 35 12 8 3 3 2 0 
970 36 13 5 0 0 0 0 872 113 24 14 1 0 0 0 970 34 15 5 0 0 0 0 
915 84 11 7 4 3 0 0 738 244 23 9 6 3 1 0 923 75 14 6 5 1 0 0 
646 168 78 47 31 21 15 18 272 478 109 61 40 20 23 21 730 136 65 36 24 16 16 1 
544 219 81 112 47 18 2 1 303 354 141 80 100 29 16 1 614 191 85 92 38 4 0 0 
32 312 328 199 95 45 12 1 2 154 367 274 132 65 26 4 139 377 293 121 68 20 6 0 
27 141 238 260 209 91 45 13 1 61 224 265 235 146 66 26 145 235 281 205 100 44 14 0 
16 117 197 218 226 170 70 10 0 35 165 226 232 200 127 39 95 181 258 249 161 60 19 1 
0 31 66 72 58 71 94 632 0 0 51 97 58 72 96 650 21 63 73 63 59 69 93 583 
333 424 82 39 15 20 34 77 1 707 133 36 12 22 33 80 48 710 83 35 25 19 33 71 
129 303 84 114 310 28 19 37 0 345 135 62 162 257 19 44 57 389 71 111 324 20 24 28 
137 262 105 94 316 105 5 0 40 181 245 62 153 314 27 2 124 304 80 123 317 74 2 0 
201 323 82 56 250 111 1 0 69 344 161 59 75 290 25 1 170 370 71 59 254 99 1 0 
125 248 181 63 238 161 8 0 53 190 278 69 99 298 37 0 104 380 86 67 282 100 5 0 
78 110 313 111 174 224 13 1 37 109 198 241 68 270 97 4 69 223 277 62 234 153 6 0 
70 88 292 183 88 249 52 2 21 104 246 233 56 144 201 19 51 240 307 55 128 226 17 0 
444 126 198 66 58 119 13 0 390 127 208 96 27 107 68 1 331 328 154 30 61 114 6 0 
960 62 2 0 0 0 0 0 909 80 35 0 0 0 0 0 924 65 35 0 0 0 0 0 
881 57 13 28 35 8 2 0 471 447 23 12 26 35 8 2 624 313 41 32 9 5 0 0 
456 188 74 75 71 35 54 71 265 345 40 27 99 69 59 120 576 247 60 34 22 17 21 47 
987 34 3 0 0 0 0 0 822 198 3 1 0 0 0 0 982 40 2 0 0 0 0 0 
934 70 13 6 1 0 0 0 789 201 21 9 4 0 0 0 942 61 14 6 1 0 0 0 
1021 3 0 0 0 0 0 0 940 84 0 0 0 0 0 0 1019 5 0 0 0 0 0 0 
784 122 22 24 24 24 18 6 632 258 37 17 28 23 19 10 859 77 31 28 21 7 1 0 
542 279 83 66 44 9 1 0 296 478 98 61 64 26 0 1 633 232 82 53 20 3 1 0 
286 371 155 110 66 25 10 1 82 428 233 132 83 49 15 2 433 319 139 91 38 4 0 0 
690 165 67 50 42 10 0 0 516 277 76 72 48 30 5 0 803 93 59 55 13 1 0 0 
811 89 46 54 19 5 0 0 590 291 22 54 47 15 5 0 880 45 61 33 5 0 0 0 
180 175 248 243 133 37 7 1 31 247 132 254 215 119 21 5 282 307 274 120 34 6 1 0 
617 342 43 17 4 1 0 0 283 635 71 27 5 3 0 0 779 199 34 9 3 0 0 0 
1024 0 0 0 0 0 0 0 1024 0 0 0 0 0 0 0 1024 0 0 0 0 0 0 0 
898 65 14 13 17 15 2 0 729 198 39 13 14 18 11 2 933 42 15 16 15 3 0 0 
956 33 16 2 6 4 4 3 718 266 14 8 4 6 3 5 974 23 10 7 4 5 1 0 
994 21 2 3 4 0 0 0 899 109 8 2 5 1 0 0 998 18 1 3 4 0 0 0 
954 59 10 1 0 0 0 0 803 198 21 2 0 0 0 0 972 44 8 0 0 0 0 0 
944 68 9 3 0 0 0 0 615 382 21 5 1 0 0 0 964 53 5 2 0 0 0 0 
648 197 72 52 36 15 2 2 182 522 161 64 55 26 11 3 765 135 49 51 16 6 2 0 
95 363 244 134 105 53 26 4 13 200 343 217 116 83 42 10 282 349 179 104 68 34 7 1 
50 297 270 163 115 86 37 6 2 125 320 257 141 104 55 20 222 329 197 136 93 35 12 0 
74 216 264 193 149 85 38 5 3 108 302 232 190 107 57 25 162 350 247 158 74 27 6 0 
5 28 55 105 184 280 277 90 1 20 38 68 147 240 305 205 39 63 155 226 286 205 50 0 
486 179 75 62 54 44 41 83 0 622 85 69 66 47 41 94 6 636 89 72 55 41 45 80 
444 204 144 96 67 41 21 7 29 513 170 118 90 52 34 18 126 539 148 101 59 27 21 3 
25 194 251 213 188 94 51 8 1 52 174 234 228 194 88 53 76 303 234 199 134 58 20 0 
376 312 162 82 47 21 16 8 71 416 269 128 71 31 26 12 414 315 150 79 33 19 12 2 
277 489 127 63 33 24 10 1 64 398 360 100 48 28 18 8 394 447 88 49 27 17 2 0 
289 262 231 108 84 37 12 1 97 278 278 161 90 74 33 13 371 350 157 94 30 16 6 0 
394 266 171 65 53 59 11 5 164 361 230 117 47 68 26 11 307 395 159 52 49 48 10 4 
590 227 99 51 33 21 3 0 423 270 179 74 39 29 10 0 432 408 89 48 25 20 2 0 
977 39 8 0 0 0 0 0 924 68 32 0 0 0 0 0 909 83 32 0 0 0 0 0 
909 54 16 12 6 27 0 0 669 280 22 12 11 25 5 0 702 256 18 10 8 30 0 0 
919 60 15 21 9 0 0 0 634 332 22 18 17 1 0 0 787 183 21 24 9 0 0 0 
893 109 15 6 1 0 0 0 584 397 30 11 2 0 0 0 932 74 12 5 1 0 0 0 
899 102 16 5 0 2 0 0 653 324 33 11 1 2 0 0 917 86 17 2 2 0 0 0 
895 106 14 8 1 0 0 0 708 287 20 7 2 0 0 0 933 75 11 4 1 0 0 0 
857 110 34 13 7 3 0 0 689 260 44 19 4 7 1 0 874 105 28 13 4 0 0 0 
447 306 117 83 48 21 2 0 304 386 147 93 50 40 4 0 601 237 95 61 27 3 0 0 
621 234 58 49 25 19 15 3 403 413 81 54 29 22 11 11 672 207 68 35 15 14 9 4 
786 193 28 13 2 2 0 0 583 362 56 16 4 3 0 0 878 115 19 9 1 2 0 0 
964 39 19 2 0 0 0 0 705 290 9 19 1 0 0 0 995 20 9 0 0 0 0 0 
115 204 235 281 123 46 17 3 19 179 167 244 260 96 44 15 166 352 309 133 43 12 8 1 
263 339 219 159 31 13 0 0 58 379 221 219 115 22 10 0 394 300 217 90 17 6 0 0 
1024 0 0 0 0 0 0 0 1024 0 0 0 0 0 0 0 1024 0 0 0 0 0 0 0 
818 82 30 19 34 27 11 3 655 199 53 26 20 36 21 14 874 54 24 37 23 11 1 0 
1006 18 0 0 0 0 0 0 625 391 8 0 0 0 0 0 1012 12 0 0 0 0 0 0 
1018 5 1 0 0 0 0 0 864 157 2 1 0 0 0 0 1019 4 1 0 0 0 0 0 
1000 23 1 0 0 0 0 0 865 153 6 0 0 0 0 0 1002 22 0 0 0 0 0 0 
941 62 14 4 2 1 0 0 715 263 33 9 3 0 1 0 962 44 13 4 0 1 0 0 
705 209 59 26 19 5 1 0 199 587 131 56 26 20 4 1 810 155 35 15 8 1 0 0 
73 306 220 213 103 65 33 11 4 78 319 234 203 126 41 19 412 263 156 110 56 22 5 0 
46 258 239 233 144 83 21 0 2 73 229 274 241 142 51 12 291 271 219 140 84 18 1 0 
2 116 232 216 227 171 57 3 0 19 162 258 234 227 102 22 95 220 262 232 156 54 5 0 
23 14 38 141 269 295 201 43 5 26 12 77 215 306 261 122 30 57 202 298 249 136 41 11 
645 175 60 76 42 19 6 1 6 735 99 51 76 40 15 2 73 747 118 42 29 13 1 1 
300 220 183 139 96 52 31 3 17 382 164 163 145 84 41 28 134 424 228 120 66 42 9 1 
75 254 353 203 85 34 19 1 3 66 242 350 218 95 26 24 139 348 317 148 56 12 4 0 
773 193 39 14 3 2 0 0 272 601 105 32 12 2 0 0 718 248 39 15 2 2 0 0 
236 476 138 79 41 33 19 2 5 351 383 129 74 33 34 15 442 368 94 53 30 32 5 0 
141 320 247 139 79 66 28 4 26 159 313 212 147 80 62 25 385 309 144 99 55 24 8 0 
482 269 136 75 34 13 13 2 231 384 191 112 55 29 16 6 481 336 115 53 21 15 3 0 
641 199 97 63 18 6 0 0 400 342 133 93 41 13 2 0 506 363 95 52 4 4 0 0 
991 28 5 0 0 0 0 0 917 78 29 0 0 0 0 0 912 83 29 0 0 0 0 0 
859 54 3 3 26 47 28 4 535 357 24 0 11 21 26 50 687 242 43 27 21 4 0 0 
422 175 15 9 18 40 273 72 153 401 54 12 14 7 18 365 705 218 42 23 17 9 5 5 
878 102 9 4 1 2 21 7 416 555 17 3 3 0 3 27 907 91 12 10 4 0 0 0 
784 143 46 21 14 14 2 0 581 320 55 34 13 17 3 1 853 102 34 22 12 1 0 0 
650 238 76 26 14 13 3 4 476 367 99 41 16 15 5 5 784 172 34 23 6 4 1 0 
424 243 143 105 60 32 15 2 284 325 155 121 75 40 19 5 543 247 128 72 26 8 0 0 
567 220 112 54 53 16 2 0 450 271 157 60 53 29 4 0 670 201 79 45 22 7 0 0 
547 314 105 37 12 7 2 0 334 499 119 47 13 7 5 0 679 240 74 21 8 2 0 0 
693 252 53 15 8 3 0 0 293 602 80 34 7 5 3 0 792 162 52 8 7 3 0 0 
806 187 19 9 2 1 0 0 514 441 43 16 8 1 1 0 909 92 13 8 1 1 0 0 
180 292 197 153 129 57 16 0 26 244 220 175 163 122 60 14 283 336 219 115 54 17 0 0 
130 193 123 252 195 104 18 9 22 145 178 108 243 210 97 21 130 231 275 175 66 70 58 19 
1024 0 0 0 0 0 0 0 1024 0 0 0 0 0 0 0 1024 0 0 0 0 0 0 0 
874 104 24 6 6 7 3 0 666 237 45 55 8 6 6 1 916 77 12 8 5 6 0 0 
923 61 13 13 7 6 1 0 606 351 33 11 11 6 5 1 937 52 13 11 7 4 0 0 
1003 14 2 2 2 1 0 0 758 257 3 3 1 1 1 0 1003 14 3 2 1 1 0 0 
979 39 4 1 1 0 0 0 565 446 9 3 1 0 0 0 918 100 4 2 0 0 0 0 
987 29 7 1 0 0 0 0 781 221 17 4 1 0 0 0 996 26 2 0 0 0 0 0 
866 114 15 14 3 5 1 6 481 473 34 15 9 3 3 6 900 83 18 11 3 3 5 1 
364 236 121 70 78 64 55 36 39 362 199 130 69 87 63 75 575 173 87 68 55 45 18 3 
86 242 125 114 153 131 138 35 5 162 204 111 112 148 124 158 258 250 163 147 102 66 35 3 
49 300 282 169 116 62 37 9 4 116 259 282 196 87 48 32 309 275 207 133 58 32 9 1 
57 92 122 162 207 197 155 32 4 92 101 138 176 214 160 139 111 167 179 216 199 130 22 0 
573 101 102 142 72 22 11 1 3 615 71 108 142 57 19 9 96 659 123 95 35 15 1 0 
112 284 309 176 88 34 21 0 4 144 222 313 192 91 38 20 235 407 238 89 38 15 2 0 
66 283 380 155 64 41 30 5 2 74 238 385 192 60 39 34 225 424 223 90 47 15 0 0 
544 309 99 35 16 9 10 2 112 598 162 77 40 16 7 12 605 289 83 22 10 8 7 0 
320 434 125 67 36 32 8 2 37 415 341 111 54 38 21 7 514 316 101 45 37 8 1 2 
369 484 115 29 23 3 1 0 42 450 406 80 30 13 3 0 489 438 57 26 12 2 0 0 
407 276 158 105 60 17 1 0 145 412 184 136 90 51 6 0 436 331 142 75 38 2 0 0 
761 163 56 26 17 1 0 0 522 341 91 34 25 10 1 0 668 261 66 22 6 1 0 0 
992 32 0 0 0 0 0 0 951 73 0 0 0 0 0 0 947 77 0 0 0 0 0 0 
893 45 16 23 30 12 5 0 486 438 18 22 30 18 4 8 664 272 17 31 36 4 0 0 
749 140 20 29 13 46 26 1 326 533 42 18 25 5 24 51 688 279 23 25 9 0 0 0 
868 116 26 9 3 0 2 0 617 350 35 14 5 1 0 2 877 121 17 5 4 0 0 0 
882 99 26 15 1 1 0 0 673 274 44 25 7 1 0 0 896 98 22 7 1 0 0 0 
452 289 152 89 34 8 0 0 155 439 193 127 68 35 7 0 634 247 108 28 6 1 0 0 
342 183 161 180 118 30 10 0 282 110 147 161 161 122 35 6 499 240 195 75 10 5 0 0 
485 219 134 86 40 28 24 8 373 235 156 118 64 39 24 15 640 201 105 56 17 5 0 0 
665 218 55 39 44 3 0 0 513 324 68 35 34 43 7 0 766 157 82 19 0 0 0 0 
970 54 0 0 0 0 0 0 567 457 0 0 0 0 0 0 999 25 0 0 0 0 0 0 
650 316 34 13 5 4 2 0 292 600 92 24 8 4 4 0 775 201 27 12 4 4 1 0 
163 257 226 182 152 39 5 0 23 190 229 222 175 148 33 4 268 290 244 165 50 7 0 0 
3 30 109 360 342 145 33 2 0 4 36 136 363 297 153 35 14 148 262 225 181 156 28 10 
1024 0 0 0 0 0 0 0 1024 0 0 0 0 0 0 0 1024 0 0 0 0 0 0 0 
800 90 31 24 25 22 18 14 658 208 41 30 26 20 24 17 855 60 24 30 26 21 6 2 
927 54 14 11 7 4 6 1 438 524 27 12 9 6 4 4 945 42 13 10 5 4 5 0 
881 63 27 22 10 18 3 0 687 235 35 24 16 18 7 2 899 54 26 19 15 10 1 0 
956 43 11 8 5 1 0 0 737 247 21 9 5 5 0 0 966 35 10 8 4 1 0 0 
935 67 8 11 2 1 0 0 722 261 24 8 7 2 0 0 948 58 9 7 1 1 0 0 
779 164 49 18 7 5 2 0 266 608 84 34 21 7 4 0 877 95 34 10 6 2 0 0 
623 234 63 36 24 19 19 6 247 446 163 68 42 19 25 14 777 131 40 32 22 16 6 0 
14 162 238 187 142 138 109 34 0 17 153 258 192 139 130 135 202 292 173 154 102 76 25 0 
24 151 214 245 185 127 64 14 2 31 123 217 257 188 132 74 151 236 288 179 119 38 13 0 
65 96 189 246 169 131 88 40 8 69 100 164 283 171 116 113 128 236 245 171 130 79 34 1 
561 116 145 116 49 26 8 3 1 580 75 139 140 43 34 12 217 570 119 68 33 13 2 2 
61 310 318 184 83 50 16 2 5 55 269 363 177 92 50 13 315 378 197 76 41 16 1 0 
27 162 429 227 93 56 26 4 0 23 128 392 272 106 63 40 230 439 217 79 46 11 2 0 
313 282 176 146 49 30 28 0 31 408 160 151 167 50 28 29 475 321 134 49 28 16 1 0 
230 499 141 76 34 28 14 2 12 338 413 122 69 31 24 15 498 337 92 47 30 18 1 1 
548 276 134 42 9 11 3 1 194 473 172 125 37 10 11 2 569 351 77 9 9 7 1 1 
640 295 50 31 7 1 0 0 203 628 125 41 23 4 0 0 620 331 46 21 5 1 0 0 
732 178 46 42 18 7 1 0 457 379 94 41 33 12 8 0 565 361 61 22 11 4 0 0 
976 48 0 0 0 0 0 0 943 81 0 0 0 0 0 0 944 80 0 0 0 0 0 0 
876 51 31 45 21 0 0 0 464 451 13 41 43 12 0 0 678 243 24 44 30 5 0 0 
632 189 96 72 24 9 2 0 262 472 109 67 76 25 11 2 530 304 111 62 12 5 0 0 
814 129 42 33 6 0 0 0 423 478 48 33 36 5 1 0 811 145 43 20 5 0 0 0 
682 187 58 39 40 8 8 2 407 399 78 52 41 30 9 8 755 144 54 49 11 8 3 0 
403 251 151 136 57 10 12 4 157 354 174 146 117 53 10 13 507 242 165 77 17 10 6 0 
507 163 91 157 90 12 4 0 301 287 107 79 158 78 9 5 590 161 160 93 12 8 0 0 
587 263 88 39 24 14 9 0 386 356 159 52 24 22 13 12 710 206 54 29 19 6 0 0 
660 162 85 59 39 15 4 0 485 249 128 81 49 27 2 3 757 148 74 35 6 4 0 0 
739 200 29 13 10 18 13 2 262 649 39 21 10 10 17 16 826 126 28 12 15 12 5 0 
386 396 106 48 31 27 21 9 104 580 130 94 33 36 29 18 626 253 59 26 29 27 4 0 
93 156 251 355 111 39 14 5 20 93 138 200 344 177 29 23 231 405 256 89 30 9 4 0 
7 41 151 287 277 170 85 6 0 8 41 150 259 294 183 89 100 147 228 251 196 93 9 0 
1024 0 0 0 0 0 0 0 1024 0 0 0 0 0 0 0 1024 0 0 0 0 0 0 0 
908 42 23 16 22 10 2 1 659 263 35 21 17 17 9 3 921 39 22 20 14 6 2 0 
972 40 8 4 0 0 0 0 716 283 18 4 3 0 0 0 983 29 8 4 0 0 0 0 
747 98 66 37 25 12 23 16 486 313 55 63 36 23 12 36 762 100 64 34 20 12 27 5 
1001 15 3 2 2 1 0 0 859 152 5 5 0 3 0 0 1005 11 3 2 3 0 0 0 
923 54 22 16 6 2 1 0 767 183 42 14 13 3 2 0 947 46 16 12 2 1 0 0 
826 113 19 30 14 10 8 4 414 470 63 21 25 13 8 10 901 55 28 18 7 7 8 0 
474 256 96 57 65 39 27 10 102 459 196 78 55 57 38 39 678 142 80 46 41 25 12 0 
20 99 192 323 202 116 63 9 0 21 94 132 290 273 125 89 186 267 290 162 85 33 1 0 
45 132 440 299 71 27 10 0 2 37 56 249 474 150 38 18 194 437 278 81 23 11 0 0 
64 70 295 289 161 104 35 6 7 63 38 204 364 189 118 41 202 345 251 128 68 30 0 0 
565 183 163 84 22 6 1 0 0 558 143 168 126 21 7 1 462 399 109 39 13 2 0 0 
67 348 293 174 61 49 27 5 0 39 309 308 207 76 46 39 365 312 200 77 37 27 6 0 
23 158 400 241 113 61 27 1 0 16 130 377 273 129 66 33 248 414 215 101 31 15 0 0 
135 254 217 206 87 74 49 2 2 172 213 199 224 78 72 64 347 354 205 80 27 11 0 0 
28 252 275 210 113 86 56 4 1 51 246 274 192 120 87 53 255 340 206 105 73 40 4 1 
155 106 167 159 135 178 108 16 73 114 98 168 149 126 171 125 224 191 196 169 186 52 6 0 
175 177 205 212 124 93 37 1 48 148 167 198 191 132 93 47 232 267 251 147 97 28 2 0 
390 110 177 189 92 48 18 0 290 116 96 181 190 90 48 13 353 279 205 118 50 17 2 0 
970 51 3 0 0 0 0 0 921 82 21 0 0 0 0 0 945 64 14 1 0 0 0 0 
805 49 31 28 42 31 34 4 461 360 48 20 26 48 23 38 676 181 79 39 32 16 1 0 
79 261 270 190 103 52 57 12 0 113 224 242 191 115 67 72 186 328 285 146 65 9 5 0 
95 140 206 198 154 146 80 5 8 111 96 187 198 108 127 189 349 275 220 100 43 17 15 5 
64 48 127 184 196 185 161 59 14 64 27 82 133 173 205 326 246 192 172 111 97 101 93 12 
21 49 112 133 186 246 247 30 1 23 40 80 161 173 235 311 134 153 198 186 190 110 48 5 
52 141 156 136 172 195 146 26 1 60 126 162 136 166 176 197 183 203 189 196 143 89 19 2 
84 118 128 164 168 149 155 58 45 69 114 112 167 158 157 202 189 200 192 173 123 106 39 2 
162 121 152 166 174 134 94 21 67 144 87 146 162 169 129 120 265 201 207 156 115 69 11 0 
82 190 197 191 156 120 74 14 17 91 163 180 191 157 120 105 254 245 201 159 90 56 18 1 
107 266 154 134 140 125 77 21 6 233 163 147 133 125 117 100 272 262 174 136 106 55 19 0 
71 106 144 212 197 169 98 27 19 80 101 141 218 184 164 117 182 159 224 212 169 70 8 0 
25 125 236 196 126 158 131 27 3 38 94 180 225 154 158 172 184 222 179 178 149 73 38 1 
1024 0 0 0 0 0 0 0 1024 0 0 0 0 0 0 0 1024 0 0 0 0 0 0 0 
827 110 16 6 12 19 32 2 609 233 93 19 7 10 24 29 905 51 8 29 25 6 0 0 
885 100 13 11 6 6 3 0 516 372 101 12 7 7 5 4 934 56 14 10 6 4 0 0 
998 21 3 1 1 0 0 0 858 154 8 2 2 0 0 0 1002 17 3 1 1 0 0 0 
1007 11 3 1 1 1 0 0 954 60 7 1 1 0 1 0 1011 7 3 1 1 1 0 0 
981 20 7 4 6 3 2 1 958 36 11 4 5 5 2 3 992 17 2 6 3 3 1 0 
936 72 7 3 4 2 0 0 496 480 37 5 1 4 1 0 983 29 6 0 4 2 0 0 
690 145 39 57 35 30 27 1 83 608 149 37 56 32 28 31 796 80 64 43 26 14 1 0 
76 245 316 231 92 44 18 2 0 47 170 244 333 147 47 36 311 399 191 72 39 12 0 0 
20 271 405 202 71 38 17 0 0 0 82 399 343 124 50 26 359 420 156 53 27 9 0 0 
120 285 349 152 78 33 7 0 8 89 152 370 245 104 38 18 419 363 145 62 29 6 0 0 
466 289 153 69 35 9 3 0 10 458 264 173 73 32 12 2 507 357 97 38 20 5 0 0 
134 486 285 58 24 17 19 1 4 101 440 331 84 27 15 22 504 371 81 32 18 17 1 0 
31 177 326 226 107 89 52 16 0 31 170 309 246 118 89 61 289 350 182 121 71 9 2 0 
176 403 212 122 41 28 30 12 0 335 297 160 125 42 33 32 348 414 151 57 34 13 7 0 
37 167 258 211 116 113 87 35 4 58 240 252 158 136 95 81 203 308 183 141 94 65 26 4 
45 98 162 144 146 189 204 36 6 80 120 127 141 151 192 207 98 164 255 240 197 44 14 12 
177 428 335 70 11 2 1 0 6 202 400 342 63 9 2 0 218 468 261 64 10 3 0 0 
430 228 331 26 7 1 1 0 299 174 141 373 30 6 1 0 379 409 211 19 4 2 0 0 
960 36 28 0 0 0 0 0 887 103 34 0 0 0 0 0 947 46 31 0 0 0 0 0 
791 58 61 17 29 18 23 27 492 323 78 20 16 28 16 51 661 205 78 22 16 15 16 11 
49 117 193 137 122 162 178 66 0 43 67 188 142 118 122 344 364 213 153 106 73 54 43 18 
25 173 311 148 125 135 85 22 0 2 87 281 220 111 119 204 455 205 136 68 57 49 47 7 
7 169 205 83 144 254 148 14 0 0 13 194 198 109 183 327 355 229 109 125 100 72 32 2 
20 152 235 185 169 127 115 21 0 2 38 209 243 176 139 217 387 268 162 97 60 36 14 0 
16 174 201 106 157 188 158 24 0 1 15 205 194 108 188 313 300 198 138 104 122 105 57 0 
7 83 70 89 131 201 349 94 0 23 73 54 79 96 191 508 92 131 99 118 157 209 195 23 
24 153 152 154 190 205 126 20 0 65 148 82 123 156 225 225 361 281 131 99 66 44 31 11 
49 121 162 120 123 222 207 20 1 45 100 121 133 121 168 335 269 177 141 98 111 151 77 0 
29 98 96 141 201 282 161 16 0 35 81 80 117 140 225 346 302 189 169 158 103 62 33 8 
15 102 143 141 179 183 214 47 0 14 95 122 135 159 180 319 104 156 181 169 128 125 129 32 
11 142 247 149 123 184 133 35 0 17 96 250 165 129 141 226 241 309 161 91 99 70 39 14 
1024 0 0 0 0 0 0 0 1024 0 0 0 0 0 0 0 1024 0 0 0 0 0 0 0 
714 81 31 27 43 60 59 9 561 184 55 32 23 41 61 67 774 66 56 59 41 25 3 0 
890 53 19 19 15 11 12 5 528 385 33 18 16 14 16 14 892 75 27 12 13 4 1 0 
1013 11 0 0 0 0 0 0 722 302 0 0 0 0 0 0 999 25 0 0 0 0 0 0 
908 38 22 27 17 6 5 1 798 140 20 24 22 10 8 2 940 42 23 8 8 2 1 0 
989 34 1 0 0 0 0 0 853 165 6 0 0 0 0 0 950 74 0 0 0 0 0 0 
968 49 2 3 0 2 0 0 504 505 9 2 2 1 1 0 963 55 3 1 2 0 0 0 
514 209 143 68 37 26 22 5 113 381 191 137 98 48 31 25 633 220 87 37 25 16 6 0 
127 393 300 134 48 18 4 0 2 76 291 335 215 71 27 7 425 395 145 41 11 7 0 0 
61 314 349 173 66 37 22 2 0 13 204 353 280 94 45 35 311 390 204 63 32 22 2 0 
235 389 236 97 39 20 6 2 11 121 381 268 162 48 21 12 489 310 144 48 18 9 6 0 
459 354 114 43 22 15 17 0 41 451 327 105 43 25 16 16 619 261 67 39 18 15 5 0 
347 424 156 43 32 18 4 0 147 275 352 150 52 24 20 4 698 219 62 30 13 2 0 0 
48 170 244 182 147 112 100 21 6 74 181 237 182 133 109 102 281 290 208 142 76 25 2 0 
255 383 173 108 36 33 33 3 3 437 259 136 87 42 31 29 390 407 126 55 25 17 4 0 
19 180 303 182 155 107 53 25 1 53 244 284 158 138 104 42 229 318 191 161 75 41 8 1 
2 66 198 215 163 133 128 119 54 202 137 141 131 125 138 96 138 245 199 136 134 98 54 20 
135 336 304 110 55 30 24 30 118 264 143 328 76 50 29 16 305 403 182 57 29 16 20 12 
487 246 201 72 17 1 0 0 367 270 81 205 78 21 2 0 597 295 91 37 4 0 0 0 
959 52 13 0 0 0 0 0 887 86 51 0 0 0 0 0 954 52 18 0 0 0 0 0 
805 69 71 25 16 6 13 19 488 343 74 47 22 14 4 32 686 197 64 25 16 5 28 3 
52 239 212 135 87 108 105 86 0 48 160 237 158 92 110 219 335 217 132 79 89 109 61 2 
33 304 300 100 50 48 163 26 0 11 179 344 185 59 44 202 237 259 184 94 50 98 96 6 
7 115 195 151 166 177 187 26 0 0 41 215 146 152 184 286 238 169 154 161 158 114 28 2 
69 433 216 58 70 83 83 12 0 5 85 508 159 63 78 126 274 300 193 86 58 72 41 0 
17 206 238 152 110 97 160 44 0 3 54 285 209 131 107 235 273 267 140 72 58 80 133 1 
26 160 124 88 125 181 257 63 0 1 67 217 97 92 161 389 223 172 83 123 129 192 95 7 
8 33 80 136 163 240 253 111 0 2 37 126 149 227 214 269 203 178 164 173 122 96 83 5 
14 114 220 204 188 152 107 25 0 12 43 236 283 223 118 109 339 286 192 106 67 27 6 1 
27 325 192 162 126 107 84 1 0 2 161 309 155 156 129 112 359 183 131 117 93 91 48 2 
41 288 383 110 81 39 74 8 0 2 73 384 289 106 52 118 226 415 173 60 38 76 36 0 
3 112 353 247 153 111 37 8 0 0 13 263 363 167 140 78 195 394 229 99 62 37 8 0 
1024 0 0 0 0 0 0 0 1024 0 0 0 0 0 0 0 1024 0 0 0 0 0 0 0 
829 43 28 28 25 36 33 2 623 234 22 26 30 21 40 28 861 36 37 40 39 10 1 0 
934 46 20 10 9 4 1 0 417 539 34 14 9 7 4 0 889 103 14 10 6 2 0 0 
872 57 20 12 13 26 24 0 503 390 45 13 14 14 26 19 919 32 16 22 24 10 1 0 
714 143 63 39 18 24 20 3 392 392 90 57 30 19 30 14 774 134 46 28 26 14 2 0 
974 38 7 4 1 0 0 0 847 157 11 7 2 0 0 0 973 40 6 5 0 0 0 0 
847 126 22 13 7 7 2 0 533 384 65 18 10 9 5 0 876 113 14 9 6 6 0 0 
522 252 105 48 38 34 23 2 19 481 241 122 60 39 30 32 694 172 64 45 40 9 0 0 
363 344 149 86 36 23 20 3 6 140 518 175 89 51 22 23 529 264 125 62 35 9 0 0 
248 338 289 78 36 22 12 1 9 178 247 295 207 46 24 18 423 312 165 77 28 12 7 0 
250 305 210 115 65 44 32 3 6 211 310 212 128 74 44 39 427 265 160 87 47 29 9 0 
343 313 101 92 51 44 59 21 24 400 248 87 91 59 44 71 515 204 107 72 58 50 18 0 
209 437 202 87 41 23 25 0 29 224 421 196 73 36 23 22 533 292 105 50 30 14 0 0 
174 369 202 108 83 55 32 1 13 246 325 186 104 73 39 38 421 351 144 70 25 10 2 1 
196 420 213 95 55 25 17 3 24 337 386 149 76 34 13 5 365 413 157 58 18 9 4 0 
81 441 260 134 53 26 22 7 14 321 304 212 94 42 25 12 253 481 162 75 32 18 3 0 
1 119 151 157 133 137 200 126 35 152 137 140 122 103 225 110 82 195 155 140 120 223 109 0 
32 109 123 190 149 55 40 326 15 148 110 172 162 54 98 265 56 174 164 200 66 191 171 2 
347 127 107 94 122 29 30 168 252 208 119 76 135 37 51 146 362 178 99 139 46 82 118 0 
960 32 32 0 0 0 0 0 934 32 50 8 0 0 0 0 960 32 32 0 0 0 0 0 
788 126 29 29 29 10 11 2 480 364 85 22 37 19 13 4 762 156 49 24 27 6 0 0 
21 114 99 142 194 201 181 72 0 26 79 99 133 187 204 296 140 183 241 214 138 80 28 0 
34 155 234 148 129 152 121 51 1 47 136 213 171 133 160 163 340 234 148 111 110 57 24 0 
18 103 245 116 128 109 160 145 0 13 83 245 161 128 118 276 301 128 104 122 125 143 99 2 
0 70 233 170 128 195 163 65 0 6 112 253 135 135 172 211 269 250 119 85 110 132 53 6 
3 74 226 190 131 143 147 110 2 54 183 193 137 130 155 170 216 216 178 120 111 103 68 12 
26 199 119 84 87 110 199 200 1 31 175 192 107 100 116 302 237 139 82 96 96 144 189 41 
1 60 166 160 133 132 192 180 0 15 117 164 139 134 127 328 31 154 166 115 140 136 222 60 
1 86 198 220 169 158 119 73 0 51 160 196 166 165 151 135 214 268 254 95 59 51 58 25 
43 173 247 179 120 85 89 88 11 120 256 256 137 71 60 113 202 250 218 94 84 64 80 32 
111 403 159 113 67 70 64 37 2 71 264 285 146 88 70 98 330 312 121 68 58 45 66 24 
15 119 299 187 174 136 71 23 0 6 70 233 358 182 127 48 382 305 198 71 35 18 11 4 
1024 0 0 0 0 0 0 0 1024 0 0 0 0 0 0 0 1024 0 0 0 0 0 0 0 
1024 0 0 0 0 0 0 0 590 434 0 0 0 0 0 0 882 142 0 0 0 0 0 0 
691 95 65 45 51 45 29 3 206 499 88 56 43 57 44 31 558 295 67 41 39 16 8 0 
853 73 21 26 24 15 12 0 691 196 47 22 21 23 13 11 900 42 27 32 16 7 0 0 
950 35 16 11 2 4 6 0 844 136 12 16 4 4 6 2 974 14 18 6 4 5 3 0 
982 21 11 3 4 1 2 0 880 114 13 7 3 4 1 2 993 15 9 2 3 1 1 0 
995 24 4 0 1 0 0 0 845 169 8 1 1 0 0 0 994 28 1 1 0 0 0 0 
765 150 38 23 14 10 15 9 115 662 142 39 18 14 9 25 854 90 27 12 25 11 5 0 
182 296 180 105 84 73 78 26 3 136 268 193 154 86 70 114 451 201 131 86 89 59 7 0 
279 289 266 109 47 28 6 0 47 203 224 292 146 72 30 10 454 285 179 64 30 10 2 0 
394 275 125 79 60 47 41 3 34 336 286 134 77 65 50 42 540 218 86 70 64 32 14 0 
397 235 186 121 51 19 11 4 45 372 248 156 130 41 16 16 518 232 137 83 37 10 6 1 
252 312 235 90 39 36 46 14 79 242 275 211 87 40 39 51 445 291 142 59 44 34 9 0 
214 459 131 100 57 32 27 4 55 439 213 139 91 40 20 27 391 446 111 52 19 4 1 0 
91 396 158 106 159 76 34 4 5 293 265 173 157 84 43 4 175 402 175 160 64 46 2 0 
11 150 42 85 278 70 76 312 7 43 134 107 264 71 126 272 26 144 51 307 85 117 294 0 
0 7 21 1 8 5 116 866 0 1 27 1 6 15 199 775 1 27 1 1 23 204 767 0 
0 0 0 0 0 1 48 975 0 0 0 0 0 4 132 888 0 0 0 0 4 124 896 0 
275 52 9 3 11 5 45 624 183 144 8 4 11 6 92 576 286 48 3 6 13 85 569 14 
992 21 11 0 0 0 0 0 924 78 21 1 0 0 0 0 988 21 15 0 0 0 0 0 
717 52 36 28 32 64 70 25 475 261 46 24 25 30 49 114 645 188 68 54 32 16 14 7 
0 4 32 66 168 355 292 107 0 0 2 24 64 145 323 466 85 233 268 210 121 38 39 30 
0 75 124 129 153 179 248 116 0 4 63 145 129 157 185 341 187 165 167 150 126 127 85 17 
3 232 242 135 79 85 129 119 11 106 166 254 108 79 91 209 510 147 78 50 55 70 78 36 
278 259 116 96 76 70 93 36 4 358 203 102 95 80 81 101 693 113 71 54 39 33 16 5 
70 455 128 75 69 56 97 74 0 151 362 150 80 62 73 146 541 134 76 53 48 77 89 6 
47 315 169 110 94 91 106 92 42 236 205 128 86 85 87 155 307 226 111 95 92 104 77 12 
61 337 269 159 93 55 28 22 189 376 177 116 58 65 22 21 667 183 88 38 22 20 6 0 
22 347 208 133 133 81 62 38 4 262 279 154 117 81 59 68 406 212 139 94 62 47 44 20 
26 249 240 135 95 93 105 81 50 258 199 129 90 73 82 143 413 165 116 71 64 90 92 13 
151 595 149 38 35 26 20 10 144 568 163 65 19 28 23 14 720 122 87 33 20 24 16 2 
20 259 225 140 115 89 85 91 3 60 233 246 150 125 88 119 307 242 141 89 63 52 84 46 
1024 0 0 0 0 0 0 0 1024 0 0 0 0 0 0 0 1024 0 0 0 0 0 0 0 
939 32 16 9 14 7 7 0 825 135 13 15 13 11 8 4 962 19 12 16 8 6 1 0 
979 21 10 4 4 4 2 0 706 285 12 8 5 4 2 2 942 59 10 4 5 2 2 0 
998 10 3 4 5 3 1 0 816 188 4 5 2 6 2 1 1004 4 7 4 4 1 0 0 
988 25 5 1 3 2 0 0 937 69 11 1 3 2 1 0 988 25 5 2 3 1 0 0 
989 29 5 1 0 0 0 0 857 146 18 2 1 0 0 0 991 28 4 1 0 0 0 0 
972 41 6 5 0 0 0 0 758 248 9 6 3 0 0 0 989 27 6 2 0 0 0 0 
681 202 70 32 13 14 12 0 199 461 191 88 42 16 17 10 791 155 36 18 13 9 2 0 
216 444 151 76 56 28 50 3 1 103 296 371 96 64 27 66 630 169 92 51 52 26 4 0 
215 404 221 75 40 38 26 5 28 130 294 321 129 42 36 44 465 303 134 46 37 31 8 0 
349 365 170 63 37 29 9 2 63 238 347 221 70 41 29 15 554 281 100 42 29 14 4 0 
519 199 164 74 44 20 3 1 103 501 177 132 61 38 11 1 627 184 119 52 34 8 0 0 
252 266 197 144 79 39 45 2 129 267 197 183 131 50 51 16 393 231 176 106 51 42 24 1 
27 692 64 63 73 69 35 1 2 615 135 70 65 71 51 15 72 666 49 81 63 56 37 0 
0 573 29 247 47 19 35 74 0 455 145 237 59 21 42 65 1 593 143 156 30 51 50 0 
0 0 31 141 57 50 122 623 0 0 34 134 68 49 242 497 0 16 93 119 68 422 303 3 
0 0 1 58 46 26 165 728 0 0 1 59 46 26 273 619 0 0 46 54 29 269 622 4 
0 0 0 71 65 24 135 729 0 0 1 59 74 34 227 629 0 0 23 94 38 167 676 26 
290 49 12 57 37 9 108 462 133 205 13 49 45 13 178 388 193 152 30 63 16 196 356 18 
1008 16 0 0 0 0 0 0 951 70 3 0 0 0 0 0 1008 16 0 0 0 0 0 0 
518 55 30 88 121 113 75 24 450 90 49 59 118 93 96 69 555 136 105 102 76 41 9 0 
1 32 108 206 256 252 134 35 0 1 27 117 213 259 233 174 67 208 268 242 187 51 1 0 
110 491 173 102 76 56 13 3 0 56 456 248 104 79 62 19 623 189 79 83 40 8 2 0 
105 380 178 70 64 67 97 63 90 323 182 118 60 46 63 142 593 123 68 39 73 79 39 10 
331 331 38 87 109 94 28 6 91 522 228 96 44 32 9 2 834 135 40 14 1 0 0 0 
26 715 111 46 62 41 20 3 110 148 570 112 44 33 6 1 783 161 45 22 11 2 0 0 
78 323 197 135 134 94 43 20 125 258 238 122 98 97 55 31 583 200 119 69 27 16 9 1 
129 206 75 143 182 199 75 15 194 170 49 81 105 175 182 68 462 179 199 144 36 4 0 0 
150 324 114 106 91 97 82 60 99 264 186 91 91 88 80 125 432 204 103 85 68 66 61 5 
266 497 127 48 35 31 12 8 139 542 182 65 35 28 19 14 669 210 60 33 23 16 11 2 
189 175 113 113 126 84 108 116 235 178 87 103 69 76 96 180 449 122 68 62 61 86 120 56 
76 415 182 132 91 54 38 36 6 232 388 148 81 60 51 58 546 200 86 67 42 36 30 17 
1024 0 0 0 0 0 0 0 1024 0 0 0 0 0 0 0 1024 0 0 0 0 0 0 0 
914 46 30 13 10 9 1 1 669 260 40 25 10 13 5 2 934 51 20 11 6 2 0 0 
803 95 58 29 25 8 6 0 515 319 71 47 38 21 10 3 865 73 44 26 9 7 0 0 
914 40 36 14 7 7 6 0 747 186 32 20 20 6 9 4 934 44 22 8 8 6 2 0 
994 23 3 3 0 1 0 0 603 409 5 4 2 1 0 0 861 156 5 1 1 0 0 0 
993 16 4 3 6 2 0 0 837 168 6 5 1 6 1 0 977 33 4 3 5 2 0 0 
890 95 25 6 8 0 0 0 608 337 52 17 5 5 0 0 928 66 19 6 5 0 0 0 
740 173 47 20 17 15 12 0 184 556 170 51 20 16 16 11 885 76 20 16 21 6 0 0 
33 342 258 114 89 82 79 27 0 26 149 423 129 95 82 120 477 210 104 91 94 46 2 0 
64 318 218 129 71 79 97 48 0 33 216 331 135 82 80 147 463 191 111 86 81 76 16 0 
82 367 302 86 54 55 57 21 9 82 289 327 126 50 56 85 478 282 104 61 62 34 3 0 
160 217 261 168 115 46 40 17 33 226 221 219 159 76 49 41 296 281 193 130 87 32 5 0 
31 107 109 611 117 25 20 4 15 51 145 546 215 32 18 2 61 100 167 627 37 30 1 1 
0 1 21 402 115 9 44 432 0 0 4 138 388 18 102 374 0 1 20 497 26 81 392 7 
0 0 19 11 9 3 77 905 0 0 3 18 17 5 141 840 0 1 14 16 13 160 815 5 
0 0 0 0 0 1 79 944 0 0 0 0 0 9 162 853 0 0 0 0 9 177 838 0 
0 0 0 0 0 1 77 946 0 0 0 0 0 7 197 820 0 0 0 0 8 189 827 0 
0 0 0 0 0 1 64 959 0 0 0 0 0 6 179 839 0 0 0 0 6 155 863 0 
249 66 5 3 8 16 77 600 232 87 1 3 9 20 145 527 298 22 1 9 17 144 527 6 
995 29 0 0 0 0 0 0 962 62 0 0 0 0 0 0 992 32 0 0 0 0 0 0 
480 34 44 97 132 125 86 26 436 47 45 57 119 146 108 66 639 154 136 61 33 1 0 0 
1 14 35 140 199 239 223 173 0 2 12 52 173 261 275 249 270 329 247 125 44 9 0 0 
16 130 110 105 216 230 168 49 0 11 130 113 130 221 270 149 226 169 281 232 99 15 2 0 
41 300 221 158 141 106 47 10 95 121 162 187 148 155 105 51 388 200 142 130 104 44 16 0 
21 181 185 159 194 160 90 34 35 98 170 165 181 170 138 67 379 230 192 144 60 14 5 0 
0 116 132 160 178 220 185 33 0 1 31 247 162 200 213 170 187 203 200 208 159 54 13 0 
1 48 195 302 239 189 44 6 8 70 54 153 260 287 154 38 172 216 241 216 154 25 0 0 
0 2 38 168 352 361 97 6 0 1 7 32 162 362 354 106 61 221 370 289 73 10 0 0 
10 44 69 139 256 280 166 60 1 17 43 81 145 268 294 175 135 196 295 249 100 29 19 1 
78 145 130 109 116 142 173 131 29 113 88 156 93 123 175 247 226 159 156 103 102 119 122 37 
2 88 179 206 196 177 114 62 0 27 99 252 180 210 182 74 308 299 194 116 50 40 17 0 
12 633 254 40 45 27 9 4 0 10 79 817 43 45 19 11 774 99 36 32 40 28 15 0 
1024 0 0 0 0 0 0 0 1024 0 0 0 0 0 0 0 1024 0 0 0 0 0 0 0 
880 57 36 25 10 15 1 0 700 199 39 37 25 11 12 1 919 42 35 16 10 2 0 0 
441 165 127 108 85 52 45 1 139 345 133 121 97 89 52 48 563 171 124 90 51 21 4 0 
929 49 15 18 5 5 3 0 732 233 22 11 12 5 6 3 944 45 23 7 3 2 0 0 
996 26 1 0 1 0 0 0 686 334 3 0 0 1 0 0 946 77 0 0 1 0 0 0 
932 63 18 8 3 0 0 0 540 431 33 12 6 2 0 0 834 164 17 7 2 0 0 0 
933 58 6 7 6 4 8 2 676 303 15 3 9 5 3 10 926 67 5 8 7 6 5 0 
341 258 144 102 58 64 47 10 67 257 250 155 92 70 65 68 570 186 100 72 68 24 4 0 
35 236 176 123 107 102 152 93 0 13 176 227 136 128 102 242 364 202 113 124 119 97 5 0 
57 158 204 144 100 88 114 159 17 124 182 200 115 95 107 184 390 212 93 110 139 66 14 0 
133 372 97 84 61 74 104 99 8 344 185 102 87 60 83 155 480 184 78 88 85 75 32 2 
112 131 261 303 128 63 20 6 0 156 164 398 151 96 35 24 105 199 458 154 83 24 1 0 
0 2 40 824 118 10 19 11 0 6 23 748 196 28 16 7 0 13 522 424 36 21 8 0 
0 4 47 233 59 44 114 523 0 2 49 157 144 44 194 434 1 28 96 216 42 169 457 15 
0 1 11 90 22 42 187 671 0 1 10 90 25 58 216 624 1 1 49 67 44 173 666 23 
0 0 7 91 37 38 136 715 0 0 6 83 44 50 182 659 0 0 21 93 47 139 706 18 
0 0 1 79 17 18 102 807 0 0 0 53 43 20 163 745 0 0 3 92 10 125 765 29 
0 1 15 93 60 36 136 683 0 0 9 89 65 48 206 607 0 1 20 113 61 200 618 11 
287 48 66 92 63 55 80 333 293 40 36 116 67 71 108 293 310 28 75 99 84 108 290 30 
996 24 4 0 0 0 0 0 958 46 20 0 0 0 0 0 987 28 9 0 0 0 0 0 
266 146 231 184 72 53 36 36 198 76 155 205 225 89 44 32 475 195 102 134 105 13 0 0 
33 177 169 199 209 122 72 43 0 13 212 207 241 193 103 55 424 249 165 105 64 17 0 0 
45 363 226 106 129 107 40 8 0 33 225 369 155 139 82 21 571 206 161 63 21 2 0 0 
23 401 345 157 65 24 9 0 0 1 325 429 137 102 25 5 204 397 242 85 64 31 1 0 
163 192 152 215 243 46 13 0 41 124 128 198 171 292 51 19 269 160 152 144 137 156 6 0 
140 215 188 124 173 134 41 9 41 107 21 346 138 194 140 37 475 188 201 130 28 2 0 0 
7 372 334 179 67 43 20 2 0 2 58 611 225 64 44 20 348 161 174 283 52 6 0 0 
8 152 320 301 149 65 22 7 0 32 170 328 279 144 57 14 379 313 181 97 40 10 4 0 
12 109 174 249 292 124 45 19 0 34 90 193 266 292 112 37 243 319 293 139 27 3 0 0 
16 182 222 188 175 135 61 45 1 83 141 279 222 157 88 53 496 277 154 62 18 6 11 0 
11 155 104 80 204 277 143 50 1 63 114 131 96 244 290 85 390 258 248 100 20 8 0 0 
48 278 336 134 46 63 69 50 80 194 234 245 69 49 63 90 497 214 85 38 45 56 60 29 
1024 0 0 0 0 0 0 0 1024 0 0 0 0 0 0 0 1024 0 0 0 0 0 0 0 
782 95 51 43 26 17 5 5 587 230 80 52 40 22 9 4 853 115 31 20 5 0 0 0 
755 190 53 8 6 5 1 6 116 657 180 48 12 2 7 2 826 164 27 6 1 0 0 0 
949 58 12 4 1 0 0 0 665 312 37 5 4 1 0 0 978 34 11 0 1 0 0 0 
943 46 15 11 4 2 2 1 670 299 29 9 10 3 2 2 934 66 10 8 3 1 2 0 
862 99 26 12 15 7 3 0 358 570 39 22 18 10 4 3 726 244 23 16 14 1 0 0 
586 248 62 31 30 41 26 0 244 477 109 59 29 30 34 42 703 196 42 46 36 1 0 0 
107 190 193 163 130 119 113 9 7 125 154 197 160 128 122 131 356 221 145 133 128 41 0 0 
73 318 239 143 100 74 60 17 3 95 318 233 133 105 81 56 557 202 106 88 54 17 0 0 
73 258 125 114 113 104 113 124 6 161 197 148 135 102 112 163 438 168 126 116 119 56 1 0 
48 928 12 4 2 11 13 6 2 967 13 9 2 5 15 11 946 51 9 14 2 2 0 0 
1 259 333 291 59 57 11 13 0 258 235 381 56 72 17 5 97 176 594 63 72 14 8 0 
1 52 234 47 51 75 139 425 0 29 208 85 46 99 226 331 2 76 228 60 107 339 211 1 
0 11 120 82 25 44 328 414 0 2 103 107 23 56 497 236 0 18 149 59 63 521 210 4 
0 30 223 90 36 57 233 355 0 3 165 169 35 69 318 265 0 19 238 100 59 286 320 2 
0 13 140 233 67 68 191 312 0 2 57 309 74 78 224 280 0 7 134 267 80 183 347 6 
0 10 188 190 47 71 219 299 0 3 87 293 47 85 232 277 0 12 159 242 79 202 324 6 
0 23 116 166 74 122 291 232 0 13 80 187 97 140 318 189 0 38 202 111 116 284 263 10 
297 42 216 81 58 86 141 103 287 40 171 139 54 99 169 65 307 70 211 92 91 144 109 0 
846 140 35 3 0 0 0 0 786 51 102 70 14 1 0 0 864 90 57 12 1 0 0 0 
2 90 500 428 4 0 0 0 0 0 33 271 706 14 0 0 29 37 54 298 603 3 0 0 
73 316 322 278 31 4 0 0 0 7 328 186 434 63 6 0 321 70 65 219 322 27 0 0 
94 616 176 112 15 6 3 2 0 24 390 420 161 21 5 3 658 149 90 69 57 1 0 0 
224 524 153 68 23 16 8 8 0 118 601 180 80 35 6 4 512 354 103 45 10 0 0 0 
505 368 110 36 4 0 1 0 133 166 537 133 44 10 1 0 808 128 53 29 5 1 0 0 
401 117 182 150 88 43 26 17 232 184 131 195 149 94 32 7 613 211 127 63 10 0 0 0 
53 260 305 210 123 41 31 1 4 30 215 329 222 146 48 30 283 290 218 129 75 29 0 0 
156 283 457 108 16 4 0 0 11 129 312 484 72 12 4 0 342 114 245 311 11 1 0 0 
36 199 259 302 146 54 21 7 2 58 102 301 368 136 38 19 326 249 185 208 55 1 0 0 
75 370 215 191 132 31 5 5 0 10 202 413 241 120 36 2 513 190 165 126 30 0 0 0 
10 695 180 77 28 17 13 4 0 5 356 525 84 28 15 11 770 117 61 47 22 6 1 0 
8 553 219 88 58 35 42 21 5 77 124 648 56 42 38 34 665 166 69 49 40 21 10 4 
1024 0 0 0 0 0 0 0 1024 0 0 0 0 0 0 0 1024 0 0 0 0 0 0 0 
994 18 9 1 2 0 0 0 823 187 8 4 1 1 0 0 989 25 7 1 2 0 0 0 
983 25 14 2 0 0 0 0 384 611 14 13 2 0 0 0 845 163 15 1 0 0 0 0 
893 98 17 8 5 2 1 0 389 584 31 10 5 4 1 0 922 81 11 5 4 1 0 0 
865 127 20 6 5 0 1 0 538 391 72 14 6 2 0 1 901 97 16 4 5 0 1 0 
579 194 125 64 27 16 17 2 438 195 164 112 56 28 15 16 712 172 77 28 24 8 3 0 
659 211 89 35 17 9 4 0 351 422 117 75 27 19 9 4 797 184 19 17 4 3 0 0 
96 208 178 158 132 116 98 38 6 125 207 173 153 123 120 117 345 203 159 152 112 51 2 0 
49 87 170 187 119 163 177 72 7 62 103 180 168 123 164 217 251 199 137 163 177 94 3 0 
46 135 69 104 120 140 200 210 8 161 51 71 132 135 189 277 261 121 120 158 189 158 17 0 
105 483 25 12 7 37 133 222 12 544 47 17 11 33 136 224 533 73 18 17 84 207 92 0 
8 183 62 20 55 70 153 473 3 169 72 24 24 107 186 439 70 136 59 26 114 293 324 2 
0 1 61 88 32 29 139 674 0 0 37 112 34 40 167 634 0 10 117 53 46 274 516 8 
0 1 54 79 31 59 212 588 0 0 18 112 37 85 271 501 0 2 83 67 100 298 473 1 
0 1 25 110 38 53 226 571 0 0 9 130 40 69 353 423 0 4 54 110 74 384 396 2 
0 0 11 118 43 60 247 545 0 0 5 108 61 75 360 415 0 0 17 140 93 361 406 7 
0 0 22 98 20 66 251 567 0 0 11 108 26 82 379 418 0 1 68 70 85 391 407 2 
0 4 165 184 106 102 182 281 0 2 78 259 109 117 234 225 0 13 210 188 114 247 247 5 
290 73 441 155 46 14 2 3 273 47 324 292 62 22 1 3 287 70 398 204 49 12 3 1 
792 213 19 0 0 0 0 0 744 43 163 74 0 0 0 0 936 76 12 0 0 0 0 0 
133 550 288 53 0 0 0 0 0 102 245 522 150 5 0 0 438 164 99 293 30 0 0 0 
306 356 312 50 0 0 0 0 18 259 341 300 106 0 0 0 386 216 213 167 42 0 0 0 
457 498 60 9 0 0 0 0 179 177 578 82 8 0 0 0 808 146 62 8 0 0 0 0 
478 249 215 78 4 0 0 0 39 306 348 178 145 8 0 0 617 102 109 150 46 0 0 0 
403 256 166 130 49 14 5 1 0 330 287 193 164 32 16 2 679 168 131 29 13 4 0 0 
203 381 245 85 40 58 12 0 12 311 249 262 81 54 50 5 537 194 123 76 67 27 0 0 
150 352 373 79 38 23 9 0 42 71 316 358 178 36 18 5 282 260 238 221 15 8 0 0 
441 421 113 48 1 0 0 0 203 136 431 204 50 0 0 0 501 192 217 112 2 0 0 0 
179 535 112 192 6 0 0 0 30 241 385 188 177 3 0 0 661 97 64 103 99 0 0 0 
62 628 244 86 4 0 0 0 0 34 378 476 131 5 0 0 531 179 135 129 50 0 0 0 
20 394 516 94 0 0 0 0 0 0 210 631 183 0 0 0 232 287 311 164 30 0 0 0 
204 221 398 88 56 37 16 4 101 146 119 415 142 56 33 12 369 191 140 226 76 16 6 0 
