0 0 0 0 0 0 0 1024 0 0 0 0 0 0 0 1024 0 0 0 0 0 0 0 1024 
0 0 0 0 0 0 0 1024 0 0 0 0 0 0 0 1024 0 0 0 0 0 0 0 1024 
0 0 0 0 0 0 0 1024 0 0 0 0 0 0 0 1024 0 0 0 0 0 0 0 1024 
0 0 0 0 0 0 0 1024 0 0 0 0 0 0 0 1024 0 0 0 0 0 0 0 1024 
0 0 0 0 0 0 0 1024 0 0 0 0 0 0 0 1024 0 0 0 0 0 0 0 1024 
0 0 0 0 0 0 0 1024 0 0 0 0 0 0 0 1024 0 0 0 0 0 0 0 1024 
0 0 0 0 0 1 3 1020 0 0 0 0 0 1 3 1020 0 0 0 0 0 1 3 1020 
0 0 2 37 74 115 160 636 0 0 2 30 75 118 151 648 0 0 0 15 98 106 156 649 
0 0 0 0 20 35 88 881 0 0 0 0 20 35 88 881 0 0 0 0 15 31 76 902 
0 0 0 2 29 47 109 837 0 0 0 0 28 47 106 843 0 0 0 0 19 46 90 869 
0 0 14 65 109 85 87 664 0 0 3 57 121 94 92 657 0 0 15 63 106 87 85 668 
0 11 62 182 254 221 175 119 0 5 39 127 204 273 201 175 1 35 163 261 175 162 118 109 
0 0 1 17 97 186 243 480 0 0 0 2 52 153 250 567 0 1 12 82 189 183 178 379 
0 1 4 16 51 98 113 741 0 1 6 16 57 86 120 738 0 1 1 10 36 81 105 790 
2 12 90 118 107 137 137 421 0 11 76 109 116 140 144 428 2 21 90 120 108 124 134 425 
0 2 34 101 109 100 120 558 0 1 33 92 116 100 117 565 0 4 43 107 96 96 115 563 
20 99 259 131 102 127 113 173 10 60 246 165 105 121 129 188 10 85 249 136 111 109 106 218 
38 277 245 75 83 59 59 188 12 136 380 92 83 57 62 202 30 305 199 83 84 64 47 212 
113 376 185 80 53 69 56 92 34 345 258 108 60 62 56 101 187 308 167 79 50 65 64 104 
209 524 123 58 42 26 19 23 99 505 229 67 44 35 18 27 409 353 101 49 38 27 15 32 
164 406 239 96 60 28 28 3 59 366 298 154 72 37 25 13 353 371 138 64 52 27 17 2 
189 271 196 126 91 54 43 54 113 266 192 159 109 76 51 58 257 311 158 90 77 46 30 55 
25 72 104 178 123 119 104 299 17 59 87 155 161 115 119 311 74 120 123 136 88 84 86 313 
14 67 115 134 122 151 155 266 1 39 97 135 119 160 172 301 35 70 123 123 107 117 150 299 
78 175 147 139 123 124 101 137 17 172 125 149 119 137 108 197 162 226 190 148 69 46 48 135 
69 109 69 71 81 78 110 437 30 124 80 71 84 89 103 443 59 82 63 65 77 85 124 469 
339 337 88 39 45 48 32 96 62 589 101 45 41 46 38 102 371 256 83 60 44 52 40 118 
141 224 316 207 85 18 19 14 25 197 199 374 170 28 24 7 317 387 245 47 21 7 0 0 
53 379 311 207 62 9 3 0 3 130 415 309 127 34 6 0 439 432 131 20 2 0 0 0 
41 577 232 129 32 10 3 0 2 233 512 212 48 13 4 0 586 347 71 14 5 1 0 0 
0 0 0 0 0 0 0 1024 0 0 0 0 0 0 0 1024 0 0 0 0 0 0 0 1024 
0 0 0 0 0 0 0 1024 0 0 0 0 0 0 0 1024 0 0 0 0 0 0 0 1024 
0 0 0 0 0 0 0 1024 0 0 0 0 0 0 0 1024 0 0 0 0 0 0 0 1024 
0 0 0 0 0 0 0 1024 0 0 0 0 0 0 0 1024 0 0 0 0 0 0 0 1024 
0 0 0 0 0 0 0 1024 0 0 0 0 0 0 0 1024 0 0 0 0 0 0 0 1024 
0 0 0 0 0 0 1 1023 0 0 0 0 0 0 1 1023 0 0 0 0 0 0 1 1023 
0 0 0 0 0 10 19 995 0 0 0 0 0 10 19 995 0 0 0 0 0 9 19 996 
0 0 2 56 106 61 70 729 0 0 0 31 111 75 71 736 0 0 1 55 103 61 72 732 
0 1 20 86 127 125 126 539 0 0 9 64 118 141 126 566 0 2 23 100 123 111 119 546 
0 0 0 0 7 5 17 995 0 0 0 0 7 5 17 995 0 0 0 0 7 3 16 998 
0 0 27 153 165 166 170 343 0 0 0 80 195 177 197 375 0 12 82 148 136 152 151 343 
0 3 65 166 254 193 170 173 0 0 13 101 203 256 219 232 0 47 171 237 194 123 101 151 
0 1 8 60 154 199 179 423 0 1 3 14 103 198 212 493 3 23 97 146 147 125 134 349 
0 6 37 48 40 68 71 754 0 2 29 38 50 64 76 765 0 0 22 44 51 58 83 766 
3 37 126 159 116 134 142 307 1 17 99 175 118 148 131 335 5 45 124 138 129 127 132 324 
28 180 238 131 135 96 89 127 10 94 260 177 135 110 85 153 19 180 238 136 125 97 89 140 
20 178 200 118 92 94 108 214 9 102 226 144 111 89 118 225 27 189 172 105 94 105 90 242 
35 223 249 134 74 89 63 157 19 132 305 146 101 79 80 162 34 218 227 143 80 88 67 167 
38 132 172 79 116 87 112 288 17 90 204 91 105 95 121 301 49 138 161 77 106 83 105 305 
139 503 153 69 51 39 21 49 37 448 272 87 53 47 26 54 406 306 108 59 34 32 25 54 
237 350 173 91 59 44 33 37 106 348 250 109 71 51 42 47 466 247 93 77 45 25 27 44 
144 211 121 62 62 80 93 251 101 224 106 94 55 72 99 273 238 178 100 64 76 58 74 236 
1 5 11 32 27 44 71 833 1 5 9 25 35 43 65 841 0 3 7 22 34 44 59 855 
0 3 6 35 38 60 124 758 0 2 5 28 40 62 120 767 0 0 4 14 32 63 107 804 
6 24 34 45 64 80 140 631 4 16 32 50 60 82 135 645 3 11 16 41 74 75 134 670 
5 26 63 68 59 64 72 667 1 15 47 67 69 68 81 676 3 20 35 64 66 60 68 708 
138 345 185 96 65 85 58 52 37 308 269 125 70 83 56 76 164 288 161 109 81 75 66 80 
54 272 231 233 156 32 26 20 14 124 194 294 270 81 21 26 253 407 263 59 29 13 0 0 
28 469 358 137 27 5 0 0 0 49 501 339 112 20 3 0 485 403 112 22 2 0 0 0 
94 490 243 87 52 41 17 0 13 227 441 210 56 56 17 4 596 277 98 48 5 0 0 0 
0 0 0 0 0 0 0 1024 0 0 0 0 0 0 0 1024 0 0 0 0 0 0 0 1024 
0 0 0 0 0 0 0 1024 0 0 0 0 0 0 0 1024 0 0 0 0 0 0 0 1024 
0 0 0 0 0 0 0 1024 0 0 0 0 0 0 0 1024 0 0 0 0 0 0 0 1024 
0 0 0 0 0 0 0 1024 0 0 0 0 0 0 0 1024 0 0 0 0 0 0 0 1024 
0 0 0 0 0 0 0 1024 0 0 0 0 0 0 0 1024 0 0 0 0 0 0 0 1024 
0 0 0 0 14 19 28 963 0 0 0 0 9 22 27 966 0 0 0 0 12 22 28 962 
0 0 0 0 0 7 38 979 0 0 0 0 0 7 38 979 0 0 0 0 0 7 33 984 
0 0 0 0 1 12 44 967 0 0 0 0 1 12 45 966 0 0 0 0 0 10 38 976 
0 0 8 63 92 108 152 601 0 0 1 46 85 120 142 630 0 0 9 59 73 109 148 626 
0 0 9 34 43 56 102 780 0 0 3 16 47 52 102 804 0 0 15 34 39 53 106 777 
0 11 35 196 140 85 95 462 0 8 16 121 190 107 115 467 6 28 140 171 87 63 67 462 
0 14 34 104 148 159 160 405 0 4 23 61 154 167 172 443 3 40 101 126 134 119 117 384 
0 0 0 0 11 72 134 807 0 0 0 0 7 56 116 845 0 0 0 3 23 94 132 772 
0 13 54 84 74 82 99 618 0 6 40 83 74 96 100 625 0 7 47 87 70 79 105 629 
7 184 446 154 86 55 53 39 1 58 399 276 116 64 63 47 19 335 329 121 75 54 51 40 
68 332 213 120 72 71 72 76 7 223 310 147 90 71 84 92 71 319 204 118 79 67 81 85 
69 426 203 116 83 45 38 44 20 328 301 130 101 51 41 52 94 436 169 111 81 54 31 48 
32 170 184 115 132 102 108 181 15 128 193 141 133 111 107 196 14 168 178 127 113 108 108 208 
203 329 132 109 69 74 68 40 58 387 182 106 76 87 67 61 228 285 131 103 78 73 69 57 
193 517 173 69 37 18 7 10 53 441 310 112 58 30 7 13 429 393 99 47 24 15 8 9 
99 340 247 140 87 62 38 11 32 216 323 172 121 77 56 27 333 311 155 92 51 50 24 8 
148 227 154 114 79 60 69 173 51 239 162 125 105 78 74 190 286 227 116 75 40 54 57 169 
0 4 26 90 117 137 134 516 0 1 13 68 125 124 148 545 0 8 36 91 106 127 123 533 
0 5 8 35 68 88 116 704 0 3 4 25 53 93 117 729 9 8 36 45 43 83 99 701 
0 0 10 17 23 64 122 788 0 0 6 19 22 60 118 799 0 0 1 17 18 62 97 829 
31 108 124 84 85 82 100 410 7 50 154 118 81 83 105 426 13 65 113 94 85 88 95 471 
124 567 156 62 35 24 19 37 18 255 480 126 47 31 23 44 188 491 146 72 42 24 18 43 
59 253 291 209 125 57 22 8 11 84 251 342 219 72 37 8 280 418 205 85 31 5 0 0 
56 247 250 228 136 77 26 4 2 111 253 259 218 115 56 10 484 303 148 70 16 3 0 0 
215 424 204 106 60 15 0 0 42 379 304 156 86 44 13 0 562 333 101 25 3 0 0 0 
0 0 0 0 0 0 0 1024 0 0 0 0 0 0 0 1024 0 0 0 0 0 0 0 1024 
0 0 0 0 0 0 0 1024 0 0 0 0 0 0 0 1024 0 0 0 0 0 0 0 1024 
0 0 0 0 0 0 0 1024 0 0 0 0 0 0 0 1024 0 0 0 0 0 0 0 1024 
0 0 0 0 0 0 0 1024 0 0 0 0 0 0 0 1024 0 0 0 0 0 0 0 1024 
0 0 0 0 0 0 0 1024 0 0 0 0 0 0 0 1024 0 0 0 0 0 0 0 1024 
0 0 0 0 0 0 0 1024 0 0 0 0 0 0 0 1024 0 0 0 0 0 0 0 1024 
0 0 0 8 38 61 90 827 0 0 0 6 33 59 83 843 0 0 0 5 30 59 86 844 
0 0 0 0 0 0 4 1020 0 0 0 0 0 0 4 1020 0 0 0 0 0 0 4 1020 
0 0 0 1 19 26 33 945 0 0 0 1 19 24 31 949 0 0 0 0 18 22 35 949 
0 0 8 21 55 97 131 712 0 0 6 20 36 104 118 740 0 0 6 22 57 90 130 719 
0 3 70 106 140 87 63 555 0 2 37 68 137 120 78 582 2 49 129 103 92 51 38 560 
0 1 12 33 63 84 122 709 0 0 7 26 64 85 125 717 0 9 24 47 58 76 114 696 
0 0 0 7 36 97 163 721 0 0 0 4 22 76 164 758 0 0 1 7 33 92 182 709 
0 0 1 17 77 160 218 551 0 0 0 3 42 143 202 634 0 0 1 27 101 146 211 538 
7 95 222 190 168 169 96 77 0 40 153 229 173 177 141 111 25 158 260 188 155 110 65 63 
12 390 273 123 80 51 57 38 8 120 477 168 88 61 49 53 16 424 236 119 78 54 53 44 
52 295 229 109 88 64 67 120 17 234 274 141 96 61 74 127 33 304 222 113 91 58 64 139 
27 35 44 64 59 80 117 598 19 40 40 67 59 88 108 603 12 37 46 50 71 64 110 634 
32 93 90 91 88 89 90 451 17 92 84 90 96 88 89 468 14 86 92 76 93 89 85 489 
115 363 181 103 72 68 53 69 36 293 264 132 92 61 66 80 178 317 159 91 76 66 54 83 
367 466 105 33 18 16 13 6 119 568 203 68 26 17 14 9 619 263 65 31 10 19 10 7 
145 251 192 141 82 54 49 110 49 198 200 177 121 85 52 142 365 210 128 85 65 30 32 109 
7 66 107 136 106 106 120 376 0 8 77 140 130 123 130 416 45 94 97 99 96 100 117 376 
0 1 43 90 120 156 149 465 0 0 22 77 120 143 172 490 0 5 38 100 120 137 148 476 
24 172 174 134 111 86 86 237 2 70 214 165 116 104 87 266 28 155 154 139 98 98 80 272 
27 471 161 63 52 33 43 174 0 166 387 130 60 44 38 199 43 486 119 59 51 32 44 190 
306 551 110 33 13 8 3 0 12 540 318 103 27 13 9 2 486 452 65 12 7 2 0 0 
173 224 211 185 151 71 9 0 11 192 195 228 206 131 54 7 418 327 204 66 9 0 0 0 
160 403 250 115 65 29 2 0 13 270 340 214 97 64 25 1 609 245 110 48 12 0 0 0 
292 574 50 20 23 30 35 0 20 645 227 28 22 18 31 33 505 438 58 15 8 0 0 0 
0 0 0 0 0 0 0 1024 0 0 0 0 0 0 0 1024 0 0 0 0 0 0 0 1024 
0 0 0 0 0 0 0 1024 0 0 0 0 0 0 0 1024 0 0 0 0 0 0 0 1024 
0 0 0 0 0 0 0 1024 0 0 0 0 0 0 0 1024 0 0 0 0 0 0 0 1024 
0 0 0 0 0 0 0 1024 0 0 0 0 0 0 0 1024 0 0 0 0 0 0 0 1024 
0 0 0 0 0 0 0 1024 0 0 0 0 0 0 0 1024 0 0 0 0 0 0 0 1024 
0 0 0 5 18 9 29 963 0 0 0 3 10 15 28 968 0 0 0 3 13 15 25 968 
0 13 91 186 173 117 121 323 0 2 30 182 190 145 130 345 0 13 94 164 178 127 118 330 
0 1 7 16 30 32 65 873 0 0 6 13 29 35 61 880 0 0 7 22 27 29 60 879 
0 0 0 0 0 11 63 950 0 0 0 0 0 3 57 964 0 0 0 0 1 40 61 922 
0 4 42 95 78 74 81 650 0 0 17 71 104 83 85 664 0 13 70 81 68 67 66 659 
0 9 143 248 170 136 100 218 0 3 15 127 287 192 126 274 0 139 247 146 126 104 68 194 
0 19 97 184 132 114 127 351 0 0 18 113 208 151 140 394 2 71 155 120 111 108 124 333 
0 0 26 86 99 109 155 549 0 0 2 54 107 121 150 590 0 2 32 89 93 97 159 552 
0 1 6 19 39 54 111 794 0 0 3 11 39 55 102 814 0 0 6 23 35 61 105 794 
2 7 37 63 77 110 168 560 2 6 19 63 71 125 158 580 1 10 47 75 81 100 170 540 
0 10 74 56 42 51 64 727 0 11 54 63 43 50 66 737 0 8 72 56 44 49 64 731 
0 0 3 16 23 42 77 863 0 0 2 9 26 41 78 868 0 0 5 13 18 45 79 864 
0 0 2 9 28 78 144 763 0 0 2 8 23 71 153 767 0 0 2 8 28 73 141 772 
5 37 96 56 88 82 102 558 1 23 91 70 76 89 102 572 3 35 87 65 87 87 94 566 
89 303 105 101 61 69 77 219 9 271 156 107 85 74 77 245 184 214 91 91 67 67 72 238 
504 438 38 17 10 8 5 4 54 828 83 26 13 8 7 5 781 169 32 17 9 7 5 4 
182 297 176 151 104 59 34 21 52 247 242 176 148 80 44 35 369 284 145 99 47 32 27 21 
10 89 299 318 187 76 39 6 0 33 216 346 231 116 59 23 100 315 316 178 68 37 9 1 
2 19 99 193 204 171 158 178 0 9 62 156 203 192 157 245 1 41 150 170 184 154 131 193 
84 465 336 91 23 12 6 7 0 273 464 202 51 14 8 12 158 587 196 39 21 7 5 11 
209 723 86 6 0 0 0 0 0 583 396 43 2 0 0 0 380 601 42 1 0 0 0 0 
797 218 9 0 0 0 0 0 207 778 38 1 0 0 0 0 831 185 8 0 0 0 0 0 
795 115 24 42 31 17 0 0 434 443 36 20 36 34 21 0 856 95 41 24 8 0 0 0 
776 230 8 9 1 0 0 0 210 758 39 7 9 1 0 0 927 87 9 1 0 0 0 0 
510 437 52 14 5 4 2 0 65 787 132 21 8 6 4 1 789 190 32 8 4 1 0 0 
0 0 0 0 0 0 0 1024 0 0 0 0 0 0 0 1024 0 0 0 0 0 0 0 1024 
0 0 0 0 0 0 0 1024 0 0 0 0 0 0 0 1024 0 0 0 0 0 0 0 1024 
0 0 0 0 0 0 0 1024 0 0 0 0 0 0 0 1024 0 0 0 0 0 0 0 1024 
0 0 0 0 0 0 0 1024 0 0 0 0 0 0 0 1024 0 0 0 0 0 0 0 1024 
0 0 0 0 0 0 0 1024 0 0 0 0 0 0 0 1024 0 0 0 0 0 0 0 1024 
0 0 0 15 52 67 79 811 0 0 0 13 64 83 80 784 0 0 0 13 49 78 76 808 
0 100 417 216 101 73 55 62 0 13 292 361 137 89 54 78 0 128 401 190 105 75 51 74 
0 0 11 23 74 93 136 687 0 0 6 24 66 93 136 699 0 0 10 26 72 85 133 698 
0 0 0 0 1 33 108 882 0 0 0 0 1 24 103 896 0 0 0 0 1 38 113 872 
0 25 52 73 70 100 99 605 0 18 40 65 64 93 121 623 7 36 81 60 73 88 91 588 
0 71 172 142 105 114 143 277 0 3 73 204 134 126 141 343 4 154 146 114 107 122 133 244 
1 49 207 220 159 118 86 184 0 2 79 168 252 176 115 232 6 146 214 147 124 103 85 199 
1 37 124 259 135 118 125 225 0 1 31 122 299 153 120 298 2 74 223 149 113 115 107 241 
0 1 24 56 71 112 132 628 0 0 4 40 67 111 145 657 0 6 29 58 75 114 124 618 
0 0 0 18 48 112 147 699 0 0 0 3 41 79 160 741 0 0 12 30 79 123 120 660 
0 0 0 0 0 4 22 998 0 0 0 0 0 3 23 998 0 0 0 0 0 8 25 991 
0 0 0 2 20 23 48 931 0 0 0 0 11 28 45 940 0 0 0 1 14 24 52 933 
0 0 0 3 12 27 39 943 0 0 0 2 9 28 39 946 0 0 0 3 12 26 41 942 
23 42 49 58 55 55 86 656 4 26 44 49 69 61 84 687 9 40 45 52 64 53 80 681 
153 461 154 77 61 37 43 38 42 310 338 114 74 51 39 56 142 439 171 78 62 40 38 54 
250 606 93 35 23 3 6 8 51 501 325 84 33 15 6 9 556 359 45 35 12 2 6 9 
69 470 244 120 75 29 16 1 2 166 423 222 106 67 26 12 477 329 118 58 31 10 1 0 
98 508 204 136 54 23 1 0 2 260 414 180 120 32 15 1 288 445 151 101 28 11 0 0 
39 145 447 264 54 34 27 14 0 59 211 461 187 48 31 27 58 254 415 182 45 36 16 18 
3 438 530 49 4 0 0 0 0 80 581 332 29 2 0 0 56 726 222 19 1 0 0 0 
214 672 135 3 0 0 0 0 0 560 355 107 2 0 0 0 461 519 44 0 0 0 0 0 
692 308 22 2 0 0 0 0 77 843 91 12 1 0 0 0 813 194 16 1 0 0 0 0 
890 131 3 0 0 0 0 0 531 467 26 0 0 0 0 0 936 86 2 0 0 0 0 0 
779 218 25 2 0 0 0 0 395 522 86 19 2 0 0 0 891 116 17 0 0 0 0 0 
570 425 22 7 0 0 0 0 180 732 95 16 1 0 0 0 798 211 14 1 0 0 0 0 
0 0 0 0 0 0 0 1024 0 0 0 0 0 0 0 1024 0 0 0 0 0 0 0 1024 
0 0 0 0 0 0 0 1024 0 0 0 0 0 0 0 1024 0 0 0 0 0 0 0 1024 
0 0 0 0 0 0 0 1024 0 0 0 0 0 0 0 1024 0 0 0 0 0 0 0 1024 
0 0 0 0 0 0 0 1024 0 0 0 0 0 0 0 1024 0 0 0 0 0 0 0 1024 
0 0 0 4 32 63 91 834 0 0 0 30 65 108 128 693 0 0 0 9 47 78 132 758 
0 10 35 82 151 151 184 411 0 1 28 59 138 176 187 435 0 6 26 59 144 144 185 460 
11 575 213 84 55 40 37 9 2 265 441 140 64 54 46 12 24 577 194 76 59 40 40 14 
0 101 102 87 73 78 91 492 0 43 129 100 68 85 92 507 0 102 96 81 65 83 75 522 
0 0 0 0 0 9 22 993 0 0 0 0 0 4 21 999 0 0 0 0 0 5 21 998 
0 0 43 250 138 113 128 352 0 0 2 67 247 154 120 434 0 45 181 114 98 112 110 364 
0 58 370 393 112 72 17 2 0 19 169 382 287 92 57 18 13 332 448 122 64 33 10 2 
0 34 247 290 191 133 90 39 0 1 52 265 310 180 122 94 6 161 330 216 144 94 41 32 
1 43 164 228 177 142 128 141 0 3 63 170 240 182 148 218 3 79 159 205 165 132 126 155 
1 8 54 134 108 94 80 545 0 3 10 82 140 119 103 567 0 10 90 110 87 87 75 565 
1 27 127 128 156 134 131 320 0 1 53 119 166 156 140 389 1 33 125 126 150 127 137 325 
0 0 0 0 0 0 15 1009 0 0 0 0 0 0 10 1014 0 0 0 0 0 0 11 1013 
0 0 0 0 0 1 18 1005 0 0 0 0 0 1 15 1008 0 0 0 0 0 1 16 1007 
0 0 3 48 39 22 28 884 0 0 0 11 57 32 32 892 0 1 23 39 29 17 27 888 
1 178 413 214 71 44 24 79 0 17 203 391 212 70 35 96 8 318 358 144 57 38 15 86 
120 556 234 74 29 5 6 0 3 240 461 212 74 28 1 5 287 539 140 38 11 3 5 1 
460 446 91 16 7 3 1 0 150 512 260 77 15 6 4 0 673 287 53 7 4 0 0 0 
396 406 109 53 44 16 0 0 95 470 250 100 50 47 12 0 757 178 49 34 6 0 0 0 
41 215 541 169 35 16 7 0 0 85 175 456 245 36 18 9 180 646 169 24 5 0 0 0 
17 352 624 31 0 0 0 0 0 43 337 573 70 1 0 0 100 709 211 4 0 0 0 0 
7 335 646 35 1 0 0 0 0 19 385 574 46 0 0 0 43 714 260 7 0 0 0 0 
48 754 198 24 0 0 0 0 0 227 636 140 21 0 0 0 253 683 80 8 0 0 0 0 
291 616 103 14 0 0 0 0 30 537 381 66 10 0 0 0 508 461 49 6 0 0 0 0 
980 44 0 0 0 0 0 0 617 407 0 0 0 0 0 0 991 33 0 0 0 0 0 0 
956 59 3 2 4 0 0 0 860 154 3 3 3 1 0 0 985 31 2 2 4 0 0 0 
568 412 30 9 4 1 0 0 208 716 72 19 5 4 0 0 812 187 19 4 2 0 0 0 
0 0 0 0 0 0 0 1024 0 0 0 0 0 0 0 1024 0 0 0 0 0 0 0 1024 
0 0 0 0 0 0 0 1024 0 0 0 0 0 0 0 1024 0 0 0 0 0 0 0 1024 
0 0 0 0 0 0 0 1024 0 0 0 0 0 0 0 1024 0 0 0 0 0 0 0 1024 
0 0 0 0 0 0 0 1024 0 0 0 0 0 0 3 1021 0 0 0 0 0 0 0 1024 
0 0 0 4 5 7 15 993 0 0 0 5 4 10 35 970 0 0 0 5 4 9 21 985 
0 42 197 174 87 57 50 417 0 8 96 218 166 63 52 421 7 142 201 96 78 48 41 411 
9 329 248 102 77 72 59 128 12 182 374 122 88 88 108 50 45 396 186 84 69 67 69 108 
0 12 88 144 199 184 150 247 0 6 57 131 202 190 167 271 2 14 83 128 182 174 158 283 
0 41 112 166 102 97 106 400 0 1 37 117 172 123 137 437 2 63 118 141 102 83 107 408 
3 52 182 331 211 96 83 66 8 100 183 234 197 113 100 89 49 261 213 165 118 71 80 67 
4 70 220 239 173 118 116 84 35 168 197 139 132 132 102 119 60 228 214 109 125 118 83 87 
4 90 245 181 190 145 107 62 0 17 135 232 200 185 141 114 39 229 211 185 145 107 64 44 
0 22 94 104 119 96 103 486 0 0 39 101 144 110 116 514 8 56 81 100 96 82 95 506 
0 28 96 213 146 100 132 309 0 0 43 119 208 164 120 370 0 21 128 196 132 110 118 319 
0 11 50 119 156 166 165 357 0 1 32 54 141 196 191 409 0 26 108 122 109 139 154 366 
0 0 2 166 244 155 86 371 0 0 0 10 221 234 149 410 0 0 43 290 157 94 74 366 
0 72 222 241 130 60 72 227 0 0 75 240 245 127 76 261 35 223 267 97 66 58 69 209 
96 278 220 154 51 35 23 167 1 152 227 208 164 55 36 181 153 346 173 90 36 37 22 167 
75 589 238 117 5 0 0 0 3 185 487 200 134 15 0 0 306 505 164 48 1 0 0 0 
162 528 262 63 9 0 0 0 1 247 461 239 66 10 0 0 352 524 121 26 1 0 0 0 
402 480 111 28 3 0 0 0 13 583 306 94 27 1 0 0 669 292 54 9 0 0 0 0 
254 416 320 33 1 0 0 0 30 374 256 307 54 3 0 0 477 472 72 3 0 0 0 0 
6 428 536 54 0 0 0 0 0 4 361 570 89 0 0 0 210 709 105 0 0 0 0 0 
14 677 310 23 0 0 0 0 0 48 636 306 34 0 0 0 299 641 84 0 0 0 0 0 
49 778 179 18 0 0 0 0 0 221 656 129 17 1 0 0 355 610 56 3 0 0 0 0 
29 832 153 10 0 0 0 0 0 151 708 149 16 0 0 0 305 666 52 1 0 0 0 0 
201 599 203 20 1 0 0 0 37 325 447 186 29 0 0 0 450 501 70 3 0 0 0 0 
693 301 27 3 0 0 0 0 368 444 192 19 1 0 0 0 779 229 14 2 0 0 0 0 
952 72 0 0 0 0 0 0 780 237 7 0 0 0 0 0 986 36 2 0 0 0 0 0 
773 249 2 0 0 0 0 0 564 458 2 0 0 0 0 0 943 81 0 0 0 0 0 0 
0 0 0 0 0 0 0 1024 0 0 0 0 0 0 0 1024 0 0 0 0 0 0 0 1024 
0 0 0 0 0 0 9 1015 0 0 0 0 0 0 9 1015 0 0 0 0 0 0 9 1015 
0 0 0 0 3 18 46 957 0 0 0 0 11 44 219 750 0 0 0 0 4 25 88 907 
0 0 2 7 5 10 45 955 0 3 7 4 6 31 68 905 0 0 5 7 6 17 63 926 
0 0 2 16 58 49 53 846 0 0 1 16 60 46 60 841 0 0 9 25 54 46 54 836 
0 35 144 273 230 121 78 143 1 12 108 195 321 237 113 37 16 154 279 197 131 90 111 46 
27 122 141 146 100 108 133 247 11 71 166 206 211 183 154 22 96 170 165 100 111 135 159 88 
2 132 135 126 145 131 117 236 1 67 178 154 185 177 197 65 65 157 115 116 151 126 136 158 
0 234 278 250 95 49 31 87 0 29 189 241 303 108 52 102 51 415 113 199 71 44 40 91 
2 21 278 482 170 40 16 15 3 89 173 323 303 82 29 22 28 260 391 201 74 43 11 16 
8 92 288 357 130 54 44 51 38 210 231 225 144 65 47 64 129 316 277 131 63 49 27 32 
14 77 193 154 182 168 132 104 1 31 103 198 163 215 166 147 69 202 188 194 152 81 51 87 
0 14 99 302 276 159 81 93 0 0 8 130 315 269 155 147 7 66 226 302 234 74 24 91 
8 221 502 173 57 38 18 7 0 3 172 496 232 64 35 22 73 517 269 84 48 14 9 10 
2 81 356 454 96 29 6 0 0 4 72 412 419 88 24 5 23 374 495 98 28 6 0 0 
56 269 268 241 130 54 6 0 0 106 230 265 267 128 27 1 209 377 288 123 27 0 0 0 
41 332 288 217 92 45 9 0 0 106 252 282 249 105 25 5 185 364 350 102 20 3 0 0 
63 483 362 105 11 0 0 0 0 94 434 349 129 18 0 0 201 569 210 42 2 0 0 0 
111 572 274 62 5 0 0 0 0 194 483 255 85 7 0 0 342 541 121 19 1 0 0 0 
157 493 278 86 10 0 0 0 3 193 380 322 114 12 0 0 337 491 161 34 1 0 0 0 
465 287 210 62 0 0 0 0 100 416 191 227 89 1 0 0 587 291 132 14 0 0 0 0 
400 385 200 38 1 0 0 0 149 301 289 213 67 5 0 0 611 345 66 2 0 0 0 0 
27 609 367 21 0 0 0 0 0 104 531 362 27 0 0 0 349 625 50 0 0 0 0 0 
231 757 21 7 8 0 0 0 0 648 338 19 11 6 2 0 776 233 10 5 0 0 0 0 
235 765 23 1 0 0 0 0 0 768 236 19 1 0 0 0 726 288 10 0 0 0 0 0 
232 755 37 0 0 0 0 0 5 690 304 25 0 0 0 0 723 286 15 0 0 0 0 0 
259 545 174 44 2 0 0 0 22 478 323 159 40 2 0 0 583 360 74 7 0 0 0 0 
516 391 68 23 15 9 2 0 188 583 171 40 23 10 9 0 756 202 33 18 10 5 0 0 
960 46 9 3 2 2 2 0 827 173 15 3 2 2 2 0 987 23 6 4 1 3 0 0 
811 212 1 0 0 0 0 0 641 380 3 0 0 0 0 0 921 102 1 0 0 0 0 0 
0 0 0 41 34 19 12 918 0 0 0 0 56 30 12 926 0 0 0 22 50 22 11 919 
0 0 0 65 167 95 101 596 0 0 0 1 108 174 151 590 0 0 1 87 196 107 83 550 
0 0 0 1 66 215 126 616 0 0 0 5 22 207 257 533 0 0 1 73 190 118 101 541 
0 0 2 192 183 83 34 530 0 0 0 13 221 185 57 548 0 0 34 288 122 32 32 516 
0 5 68 164 289 190 61 247 0 0 5 68 245 286 147 273 3 51 161 291 189 55 30 244 
10 145 414 355 89 11 0 0 0 29 188 440 291 71 5 0 96 424 265 179 53 7 0 0 
70 287 315 174 92 57 20 9 20 154 338 329 125 40 9 9 243 382 222 115 45 8 9 0 
36 279 325 265 83 13 14 9 6 170 215 245 299 63 14 12 208 366 186 181 56 17 10 0 
17 435 346 140 65 19 2 0 0 37 509 261 143 61 12 1 200 511 133 89 63 22 6 0 
4 224 481 195 75 23 14 8 0 15 287 475 169 59 13 6 170 475 210 94 44 19 9 3 
2 130 478 265 63 33 27 26 0 13 214 426 247 58 28 38 91 463 178 203 43 29 17 0 
13 52 130 257 277 158 113 24 3 32 64 159 277 274 138 77 75 139 280 272 149 93 16 0 
3 183 348 298 153 37 2 0 1 13 191 343 328 124 21 3 116 386 321 153 45 3 0 0 
4 316 454 143 62 29 15 1 0 13 310 447 156 57 32 9 195 573 166 60 26 4 0 0 
2 141 464 282 87 32 16 0 0 2 126 462 325 65 37 7 33 471 406 78 23 13 0 0 
101 665 201 57 0 0 0 0 0 383 418 179 44 0 0 0 520 416 87 1 0 0 0 0 
322 693 9 0 0 0 0 0 9 873 139 3 0 0 0 0 777 247 0 0 0 0 0 0 
573 398 39 13 1 0 0 0 100 776 124 20 4 0 0 0 792 205 21 5 1 0 0 0 
444 522 52 6 0 0 0 0 56 710 230 28 0 0 0 0 695 302 27 0 0 0 0 0 
412 553 51 8 0 0 0 0 14 576 389 38 7 0 0 0 641 346 31 6 0 0 0 0 
487 417 101 19 0 0 0 0 24 555 325 94 26 0 0 0 705 265 49 5 0 0 0 0 
258 399 338 29 0 0 0 0 10 294 338 329 53 0 0 0 510 470 44 0 0 0 0 0 
72 809 134 9 0 0 0 0 0 208 686 118 12 0 0 0 526 477 21 0 0 0 0 0 
248 561 196 18 1 0 0 0 0 455 334 208 26 1 0 0 610 366 47 1 0 0 0 0 
249 707 64 4 0 0 0 0 0 656 330 35 3 0 0 0 678 329 17 0 0 0 0 0 
235 680 107 2 0 0 0 0 5 596 329 93 1 0 0 0 663 346 15 0 0 0 0 0 
403 599 22 0 0 0 0 0 111 757 142 14 0 0 0 0 746 278 0 0 0 0 0 0 
918 106 0 0 0 0 0 0 677 335 12 0 0 0 0 0 952 72 0 0 0 0 0 0 
937 87 0 0 0 0 0 0 625 398 1 0 0 0 0 0 966 58 0 0 0 0 0 0 
855 169 0 0 0 0 0 0 626 395 3 0 0 0 0 0 938 86 0 0 0 0 0 0 
0 0 29 279 176 74 66 400 0 0 0 40 295 179 82 428 0 16 55 241 160 75 67 410 
0 1 214 629 166 14 0 0 0 0 2 332 596 88 6 0 0 0 53 815 147 9 0 0 
0 3 32 223 333 233 91 109 0 6 26 97 468 341 84 2 4 24 126 433 285 91 51 10 
1 4 19 288 340 202 110 60 1 3 13 94 473 291 130 19 7 36 211 425 183 107 32 23 
0 11 218 552 210 31 2 0 0 0 12 164 688 146 14 0 20 357 349 257 41 0 0 0 
19 248 339 178 76 50 48 66 3 118 294 275 208 75 50 1 187 411 151 109 48 51 58 9 
28 202 273 159 147 88 72 55 17 78 250 223 176 135 78 67 159 304 167 154 119 79 42 0 
75 198 234 222 114 118 34 29 1 105 204 257 210 135 69 43 229 264 136 169 132 63 28 3 
94 356 381 178 15 0 0 0 20 153 329 363 150 9 0 0 289 466 190 75 4 0 0 0 
64 279 330 204 75 38 28 6 6 149 310 310 167 64 17 1 263 295 221 140 70 29 6 0 
49 283 349 172 87 30 25 29 9 48 316 350 171 70 30 30 210 364 171 115 101 41 22 0 
15 85 254 279 209 89 68 25 4 23 94 286 294 188 79 56 69 214 400 179 81 67 14 0 
13 242 446 187 74 21 18 23 1 20 207 486 189 73 17 31 127 475 259 97 27 20 18 1 
50 322 361 129 68 63 26 5 0 63 316 353 142 77 52 21 318 448 144 76 32 6 0 0 
3 269 336 248 81 52 31 4 0 69 310 255 247 78 41 24 120 502 266 76 48 12 0 0 
63 676 186 64 26 9 0 0 0 437 414 113 38 22 0 0 383 468 109 40 21 3 0 0 
215 640 124 40 4 1 0 0 2 784 188 46 4 0 0 0 668 289 61 4 2 0 0 0 
758 256 10 0 0 0 0 0 345 654 22 3 0 0 0 0 962 58 4 0 0 0 0 0 
536 407 65 16 0 0 0 0 115 657 197 45 10 0 0 0 854 144 23 3 0 0 0 0 
611 295 97 21 0 0 0 0 267 433 213 86 24 1 0 0 747 232 42 3 0 0 0 0 
357 389 227 50 1 0 0 0 102 298 288 249 84 3 0 0 547 383 87 7 0 0 0 0 
201 619 196 8 0 0 0 0 91 199 526 198 10 0 0 0 517 485 22 0 0 0 0 0 
245 743 35 1 0 0 0 0 0 539 454 30 1 0 0 0 721 296 7 0 0 0 0 0 
216 735 71 2 0 0 0 0 0 501 463 56 4 0 0 0 671 340 13 0 0 0 0 0 
541 415 62 6 0 0 0 0 12 786 176 47 3 0 0 0 809 188 25 2 0 0 0 0 
617 387 20 0 0 0 0 0 90 797 131 6 0 0 0 0 845 173 6 0 0 0 0 0 
839 178 5 2 0 0 0 0 474 538 10 2 0 0 0 0 959 61 4 0 0 0 0 0 
1005 19 0 0 0 0 0 0 748 276 0 0 0 0 0 0 1018 6 0 0 0 0 0 0 
1017 7 0 0 0 0 0 0 978 46 0 0 0 0 0 0 1020 4 0 0 0 0 0 0 
975 49 0 0 0 0 0 0 727 297 0 0 0 0 0 0 1003 21 0 0 0 0 0 0 
47 253 210 258 147 81 28 0 1 67 240 203 272 141 82 18 216 269 210 230 77 22 0 0 
0 0 312 407 198 82 25 0 0 0 0 420 331 181 71 21 0 3 217 689 101 14 0 0 
0 5 211 295 178 123 86 126 0 5 46 475 321 142 33 2 4 61 365 298 104 96 94 2 
0 9 387 435 121 51 18 3 0 0 42 568 357 43 13 1 2 304 517 127 50 23 1 0 
2 46 297 270 133 73 65 138 0 20 141 336 297 134 66 30 32 302 239 158 102 59 78 54 
15 190 435 135 60 62 70 57 7 87 346 307 120 76 68 13 145 405 200 71 57 69 60 17 
27 109 305 218 135 78 75 77 8 52 173 314 188 112 81 96 126 221 272 161 111 76 56 1 
53 304 246 100 111 72 71 67 2 109 297 230 121 99 73 93 288 290 141 117 73 62 47 6 
297 316 262 120 24 4 1 0 109 329 291 197 80 16 2 0 448 309 155 86 24 2 0 0 
488 406 119 9 2 0 0 0 80 691 137 109 5 2 0 0 634 266 102 20 2 0 0 0 
255 456 98 33 26 33 44 79 24 400 339 75 32 34 47 73 548 249 55 22 40 41 67 2 
6 32 96 180 263 177 147 123 2 14 62 117 237 271 151 170 55 127 254 223 141 157 64 3 
16 112 334 187 190 110 38 37 6 14 121 353 188 188 104 50 52 292 313 190 108 52 17 0 
11 95 226 326 246 93 27 0 1 13 131 228 284 272 91 4 70 340 310 196 86 22 0 0 
10 61 114 159 205 305 130 40 0 29 74 186 196 292 217 30 37 127 172 202 192 213 81 0 
45 426 199 161 108 61 21 3 0 210 363 188 138 96 29 0 177 387 163 147 96 44 10 0 
205 657 120 28 11 3 0 0 18 680 274 40 10 2 0 0 540 414 50 12 8 0 0 0 
778 229 17 0 0 0 0 0 216 709 85 14 0 0 0 0 921 96 7 0 0 0 0 0 
615 387 22 0 0 0 0 0 11 798 188 27 0 0 0 0 846 169 9 0 0 0 0 0 
575 397 41 11 0 0 0 0 57 596 325 38 8 0 0 0 811 185 26 2 0 0 0 0 
413 478 108 22 3 0 0 0 150 281 437 124 29 3 0 0 678 283 51 10 2 0 0 0 
498 466 54 6 0 0 0 0 240 382 346 51 5 0 0 0 746 255 21 2 0 0 0 0 
269 706 49 0 0 0 0 0 0 661 343 20 0 0 0 0 705 306 13 0 0 0 0 0 
466 524 33 1 0 0 0 0 13 725 259 26 1 0 0 0 784 231 9 0 0 0 0 0 
734 282 8 0 0 0 0 0 75 914 33 2 0 0 0 0 952 70 2 0 0 0 0 0 
499 487 38 0 0 0 0 0 14 759 228 23 0 0 0 0 771 246 7 0 0 0 0 0 
503 427 79 15 0 0 0 0 96 678 201 43 6 0 0 0 735 252 32 5 0 0 0 0 
761 260 3 0 0 0 0 0 553 379 90 2 0 0 0 0 874 149 1 0 0 0 0 0 
1016 8 0 0 0 0 0 0 1004 20 0 0 0 0 0 0 1020 4 0 0 0 0 0 0 
855 75 79 15 0 0 0 0 837 116 71 0 0 0 0 0 928 95 1 0 0 0 0 0 
14 125 169 353 232 104 25 2 0 49 133 168 360 203 96 15 235 346 270 164 9 0 0 0 
0 32 177 441 269 92 13 0 0 18 109 207 395 230 59 6 59 277 379 279 30 0 0 0 
6 106 525 315 66 6 0 0 0 42 285 472 179 45 1 0 94 501 309 98 21 1 0 0 
0 39 484 377 99 24 1 0 0 2 61 473 398 78 11 1 15 341 427 167 62 11 1 0 
18 202 421 187 80 48 37 31 0 52 274 372 229 64 18 15 137 368 304 80 71 32 10 22 
30 271 442 216 41 20 4 0 0 46 247 480 201 40 9 1 204 445 270 64 24 15 1 1 
86 205 265 139 56 67 73 133 22 177 156 278 103 75 103 110 258 153 222 126 71 79 77 38 
71 306 163 118 96 93 83 94 16 200 297 119 98 128 85 81 334 223 143 104 69 64 60 27 
220 529 216 45 12 1 1 0 69 391 412 126 16 9 1 0 298 460 223 35 8 0 0 0 
519 271 140 57 15 18 4 0 317 311 205 131 31 14 14 1 538 247 140 69 14 16 0 0 
330 173 120 93 88 75 50 95 113 337 121 119 97 80 77 80 444 147 101 98 79 55 60 40 
3 8 27 129 338 230 162 127 2 1 12 33 251 368 215 142 16 71 252 284 164 136 94 7 
3 9 68 326 277 133 81 127 2 3 10 60 344 318 155 132 14 108 276 273 140 95 98 20 
6 23 133 397 316 103 42 4 0 5 33 76 391 368 126 25 22 166 377 290 121 48 0 0 
42 421 314 153 79 15 0 0 0 89 432 272 134 83 14 0 174 514 213 91 27 5 0 0 
169 586 178 55 31 5 0 0 2 457 330 148 52 29 6 0 445 396 105 44 26 8 0 0 
185 487 222 95 28 7 0 0 35 481 335 106 52 15 0 0 451 395 110 51 17 0 0 0 
348 465 131 48 25 7 0 0 24 491 378 119 12 0 0 0 627 310 75 12 0 0 0 0 
284 447 139 82 57 15 0 0 43 394 377 166 43 1 0 0 501 334 110 59 20 0 0 0 
314 403 153 102 40 9 3 0 47 490 372 95 19 1 0 0 581 280 127 25 11 0 0 0 
132 208 257 323 88 16 0 0 19 260 469 192 67 15 2 0 288 369 224 106 33 4 0 0 
92 309 219 242 145 16 1 0 33 294 486 187 23 1 0 0 329 351 222 104 17 1 0 0 
58 279 228 207 171 62 18 1 7 265 538 171 27 13 3 0 338 343 261 55 19 7 1 0 
236 350 164 173 82 19 0 0 39 558 190 179 50 8 0 0 559 237 158 52 18 0 0 0 
449 192 160 173 44 6 0 0 116 511 119 147 104 25 2 0 547 184 176 95 22 0 0 0 
321 516 79 66 40 2 0 0 49 582 235 62 56 38 2 0 667 234 88 32 3 0 0 0 
290 512 165 49 8 0 0 0 40 650 241 75 13 5 0 0 627 335 50 12 0 0 0 0 
267 247 408 96 6 0 0 0 288 473 255 8 0 0 0 0 493 394 87 49 1 0 0 0 
119 84 382 438 1 0 0 0 136 253 587 48 0 0 0 0 302 626 96 0 0 0 0 0 
0 0 70 954 0 0 0 0 0 9 997 18 0 0 0 0 2 967 55 0 0 0 0 0 
202 353 283 133 46 7 0 0 94 257 213 266 138 50 6 0 547 326 109 35 7 0 0 0 
11 141 422 353 85 11 1 0 0 56 278 354 270 60 6 0 141 429 268 133 49 4 0 0 
77 358 402 151 35 1 0 0 18 225 303 316 134 28 0 0 360 398 178 71 17 0 0 0 
31 254 394 308 37 0 0 0 3 62 231 442 254 32 0 0 178 281 401 148 16 0 0 0 
3 208 534 210 47 21 1 0 0 4 229 559 184 42 6 0 218 454 273 55 24 0 0 0 
3 339 406 234 36 5 1 0 0 7 313 426 239 35 4 0 206 526 231 53 5 3 0 0 
52 171 105 75 64 84 158 315 36 108 150 115 90 201 180 144 170 132 85 62 95 102 183 195 
36 62 99 133 137 128 177 252 23 53 91 116 206 221 197 117 75 111 150 154 103 144 158 129 
285 363 171 155 22 9 11 8 130 311 255 175 121 14 14 4 323 338 173 148 19 6 10 7 
478 422 61 35 16 6 6 0 404 386 156 42 17 11 6 2 565 357 51 27 16 6 2 0 
94 103 119 175 164 104 129 136 53 87 119 152 212 143 182 76 161 128 193 162 101 124 110 45 
10 19 51 194 319 163 133 135 5 13 31 83 309 269 178 136 35 75 305 219 150 99 89 52 
15 55 154 236 186 142 106 130 1 13 49 178 288 212 168 115 65 143 251 211 143 85 92 34 
4 42 356 436 134 39 12 1 0 4 34 341 457 140 35 13 31 316 438 176 52 11 0 0 
90 341 207 184 144 44 14 0 6 273 251 194 156 111 29 4 219 337 200 167 75 26 0 0 
67 309 235 224 152 33 4 0 8 241 343 255 145 30 2 0 199 347 247 139 77 15 0 0 
8 110 266 375 209 51 5 0 1 112 362 358 153 37 1 0 118 300 379 179 45 3 0 0 
0 10 446 433 116 19 0 0 0 153 582 254 33 2 0 0 80 547 335 50 11 1 0 0 
0 16 250 562 154 33 7 2 1 115 515 305 79 7 2 0 40 447 419 91 22 5 0 0 
2 51 268 455 198 46 4 0 5 62 389 278 175 97 18 0 107 374 407 98 35 3 0 0 
5 47 244 403 269 51 5 0 0 21 235 282 266 185 35 0 94 354 353 176 45 2 0 0 
13 49 209 471 232 50 0 0 1 54 202 305 286 135 41 0 86 239 369 266 58 6 0 0 
2 11 132 557 268 51 3 0 1 22 327 442 170 55 7 0 9 102 400 376 121 15 1 0 
6 53 235 403 243 49 25 10 6 51 403 426 104 27 7 0 49 291 296 275 91 22 0 0 
8 104 320 488 104 0 0 0 2 16 318 450 203 34 1 0 48 263 423 268 22 0 0 0 
40 137 353 402 90 2 0 0 2 46 303 308 259 100 6 0 113 304 448 154 5 0 0 0 
0 43 343 578 60 0 0 0 0 19 488 376 118 23 0 0 30 168 494 303 28 1 0 0 
0 4 302 652 60 6 0 0 0 112 612 263 33 4 0 0 0 166 492 308 57 1 0 0 
0 1 227 746 48 2 0 0 0 146 776 96 6 0 0 0 66 424 245 256 33 0 0 0 
0 2 70 946 6 0 0 0 0 14 994 16 0 0 0 0 2 589 299 113 21 0 0 0 
60 178 284 296 156 48 2 0 33 87 140 276 312 136 40 0 206 309 269 117 90 31 2 0 
7 88 254 414 216 40 4 1 4 27 130 272 387 163 34 7 123 274 327 210 77 12 1 0 
16 120 278 203 188 91 88 40 2 23 152 266 252 153 85 91 155 252 252 144 97 89 35 0 
20 457 401 93 46 4 2 1 0 28 469 367 103 50 5 2 329 450 169 62 10 2 2 0 
57 380 450 130 7 0 0 0 23 79 368 468 81 5 0 0 209 447 303 61 4 0 0 0 
24 464 478 50 7 1 0 0 4 61 482 427 42 7 1 0 186 642 168 21 6 1 0 0 
5 43 171 95 50 53 296 311 1 39 112 181 187 217 200 87 18 60 177 85 44 191 223 226 
34 65 51 53 59 83 269 410 29 65 66 74 139 363 249 39 57 60 66 58 70 190 323 200 
365 428 79 46 11 13 15 67 199 491 163 49 33 24 57 8 501 301 70 38 16 15 13 70 
258 510 154 73 28 1 0 0 154 329 370 122 41 8 0 0 343 423 184 54 20 0 0 0 
270 77 83 137 119 99 110 129 77 231 57 112 177 175 123 72 346 100 122 109 91 88 99 69 
0 4 59 213 226 190 193 139 0 1 19 108 315 273 206 102 14 109 236 176 161 176 96 56 
14 78 219 241 239 125 87 21 0 12 75 221 247 259 144 66 144 284 284 152 92 53 13 2 
2 101 527 309 50 26 9 0 0 6 75 466 380 61 25 11 86 445 366 102 17 8 0 0 
3 49 145 519 242 62 4 0 0 3 58 154 526 243 40 0 46 219 417 264 69 9 0 0 
10 50 291 481 150 34 8 0 1 14 128 326 401 128 23 3 114 370 364 128 39 9 0 0 
17 96 426 383 98 4 0 0 3 69 127 361 388 75 1 0 133 447 353 85 6 0 0 0 
12 140 322 400 136 14 0 0 3 118 305 307 181 88 22 0 151 460 314 86 12 1 0 0 
24 151 337 339 132 35 6 0 4 82 221 260 284 144 29 0 194 397 302 111 19 1 0 0 
3 56 236 429 263 36 1 0 0 12 59 246 416 258 33 0 96 326 387 194 21 0 0 0 
26 112 312 341 170 60 3 0 3 22 123 271 350 179 74 2 164 350 297 151 57 5 0 0 
6 41 300 524 119 27 7 0 0 14 225 519 191 59 13 3 52 269 421 221 52 9 0 0 
7 6 195 700 101 14 1 0 1 8 594 334 63 19 5 0 13 130 529 292 55 5 0 0 
0 2 60 681 177 45 30 29 0 8 444 371 111 43 29 18 20 101 495 282 94 29 3 0 
13 49 155 482 149 69 68 39 2 30 262 393 183 91 49 14 126 251 451 164 27 5 0 0 
1 43 162 574 144 53 33 14 0 28 458 354 105 48 30 1 77 176 413 255 98 5 0 0 
0 12 213 586 99 46 40 28 0 28 527 296 77 45 42 9 47 171 384 341 67 12 2 0 
0 4 165 674 112 42 21 6 1 56 640 197 76 39 15 0 51 118 438 353 53 11 0 0 
0 0 146 650 141 51 23 13 0 19 440 407 92 49 16 1 31 127 463 319 65 16 3 0 
0 77 232 627 69 8 6 5 0 36 503 341 123 11 9 1 49 164 536 230 33 5 7 0 
54 216 419 247 60 25 3 0 4 60 247 307 322 71 12 1 230 390 248 111 37 6 2 0 
21 157 427 276 132 10 1 0 0 7 137 357 352 156 13 2 161 382 271 141 65 4 0 0 
4 60 184 333 213 109 66 55 0 1 48 184 318 227 163 83 149 216 286 179 83 62 42 7 
46 120 64 270 437 53 32 2 2 69 113 48 35 364 352 41 651 198 64 41 44 22 2 2 
248 214 22 121 341 66 12 0 105 272 98 11 17 110 375 36 705 207 53 39 20 0 0 0 
274 503 150 28 19 23 14 13 33 456 351 101 23 26 13 21 505 348 94 21 27 15 14 0 
54 109 113 32 20 64 166 466 34 74 138 74 61 197 402 44 66 103 112 35 20 82 212 394 
15 51 44 65 68 95 321 365 23 40 63 82 165 408 233 10 35 50 68 69 82 142 336 242 
228 207 60 44 44 58 140 243 149 269 70 52 68 153 238 25 344 130 48 48 40 70 144 200 
269 385 186 89 47 25 14 9 86 319 227 185 121 46 22 18 560 258 97 51 29 21 8 0 
37 165 235 198 120 74 67 128 2 33 145 275 251 138 139 41 147 256 190 122 91 52 90 76 
14 50 104 221 260 144 131 100 0 15 61 131 308 266 149 94 84 133 251 192 144 109 79 32 
33 133 187 184 138 162 162 25 0 28 120 190 207 215 177 87 209 215 179 138 170 94 19 0 
22 147 430 243 103 48 26 5 0 7 113 402 304 127 45 26 165 429 238 129 44 19 0 0 
4 115 409 383 75 18 17 3 0 1 39 325 528 103 22 6 90 448 378 77 15 15 1 0 
15 163 465 284 79 17 1 0 0 6 68 372 425 128 21 4 175 512 205 110 20 2 0 0 
6 99 395 440 80 4 0 0 0 11 73 475 413 49 3 0 84 355 354 189 37 5 0 0 
5 59 300 506 131 23 0 0 0 10 110 480 325 78 21 0 80 377 307 178 78 4 0 0 
49 228 410 292 40 5 0 0 0 21 170 483 315 31 4 0 180 552 250 38 4 0 0 0 
27 160 342 367 102 26 0 0 0 13 140 426 332 91 22 0 195 401 322 83 22 1 0 0 
6 65 194 457 243 59 0 0 0 13 105 409 348 124 25 0 67 215 423 241 72 6 0 0 
4 26 194 514 243 43 0 0 2 28 233 475 213 72 1 0 23 134 443 330 92 2 0 0 
0 3 306 618 70 22 4 1 0 16 688 254 38 21 7 0 20 298 468 215 19 3 1 0 
0 4 176 500 196 65 33 50 0 15 209 408 238 81 46 27 88 335 403 156 40 2 0 0 
0 9 62 317 267 163 124 82 0 24 46 210 357 204 155 28 240 373 259 133 16 3 0 0 
0 1 51 280 309 201 100 82 0 8 69 152 369 266 115 45 211 379 319 100 15 0 0 0 
0 11 189 435 158 73 74 84 0 9 113 420 265 105 62 50 202 429 301 76 15 1 0 0 
0 26 164 197 166 151 119 201 1 32 143 206 205 177 154 106 347 314 238 104 18 3 0 0 
0 10 149 321 179 128 100 137 0 4 162 270 204 173 112 99 196 304 319 169 32 4 0 0 
0 4 149 523 176 63 36 73 0 7 89 445 289 74 59 61 39 223 524 172 51 14 1 0 
31 204 420 208 78 47 36 0 0 27 168 355 317 84 47 26 207 359 236 111 42 56 13 0 
42 249 281 178 67 112 95 0 1 44 211 303 202 65 135 63 150 289 222 107 56 117 77 6 
21 144 233 80 129 226 170 21 0 14 114 266 84 63 402 81 162 284 109 56 38 130 213 32 
0 0 0 258 626 125 15 0 0 0 0 0 3 457 527 37 493 431 39 10 13 29 9 0 
0 0 49 140 421 396 18 0 0 0 0 0 107 152 574 191 737 280 7 0 0 0 0 0 
88 100 86 70 147 278 198 57 45 104 74 67 65 155 279 235 147 120 123 157 167 175 117 18 
51 63 87 67 41 67 253 395 38 65 95 78 85 255 354 54 71 57 94 63 56 79 217 387 
206 172 135 172 38 38 96 167 99 234 134 153 123 131 147 3 281 206 180 42 19 36 114 146 
192 144 77 52 53 67 161 278 108 201 97 80 112 147 175 104 274 123 49 47 58 108 177 188 
354 496 86 27 23 19 15 4 20 527 351 51 20 27 18 10 691 194 64 25 22 19 9 0 
304 347 81 64 83 85 54 6 23 313 287 123 76 128 61 13 613 113 63 75 79 62 19 0 
122 131 130 176 255 147 51 12 6 104 147 138 237 230 134 28 230 170 183 196 163 69 12 1 
69 97 101 144 214 181 157 61 13 64 96 107 157 230 203 154 151 149 140 174 209 158 43 0 
81 483 208 95 74 45 35 3 2 46 317 396 106 78 51 28 400 370 109 69 46 27 3 0 
124 619 244 32 5 0 0 0 0 45 445 461 70 3 0 0 421 550 51 2 0 0 0 0 
41 358 456 106 29 20 13 1 1 27 228 570 157 31 10 0 219 598 118 28 25 12 13 11 
8 81 297 425 110 62 37 4 0 27 244 545 130 66 11 1 46 261 319 175 101 46 39 37 
14 172 367 397 70 4 0 0 5 24 304 551 105 33 2 0 103 340 409 138 24 10 0 0 
134 309 201 217 78 32 25 28 3 149 404 291 93 43 28 13 350 255 189 170 55 5 0 0 
131 276 235 203 94 38 23 24 3 110 326 282 173 85 34 11 387 289 219 105 24 0 0 0 
25 154 335 393 101 16 0 0 0 24 280 501 161 47 11 0 160 366 368 104 26 0 0 0 
0 49 348 546 68 11 2 0 0 50 474 379 92 28 1 0 22 328 561 97 9 7 0 0 
3 135 563 237 50 31 5 0 1 71 650 175 71 42 13 1 81 495 389 45 14 0 0 0 
0 25 264 530 170 29 6 0 0 4 77 273 479 170 19 2 118 457 363 74 10 2 0 0 
0 13 173 514 225 62 30 7 0 1 10 85 528 309 84 7 131 484 307 89 13 0 0 0 
0 4 190 535 209 63 20 3 0 0 6 94 583 236 90 15 162 498 248 101 14 1 0 0 
1 10 137 507 265 56 19 29 0 1 16 134 502 287 60 24 147 496 277 95 9 0 0 0 
0 12 74 460 352 70 30 26 0 0 11 52 384 438 100 39 146 455 300 104 18 1 0 0 
11 39 137 320 309 109 47 52 4 13 53 148 298 346 108 54 215 440 276 81 12 0 0 0 
34 122 230 261 181 52 42 102 2 49 224 243 232 136 59 79 286 316 275 130 11 6 0 0 
0 28 294 567 76 57 2 0 0 0 7 121 613 213 52 18 165 234 466 117 42 0 0 0 
23 280 361 243 50 42 25 0 0 21 227 371 249 89 47 20 208 343 293 101 27 49 3 0 
144 237 70 101 246 206 20 0 9 235 166 69 87 249 194 15 306 111 95 104 204 189 15 0 
0 0 2 143 424 272 157 26 0 0 0 2 119 685 197 21 0 61 199 239 234 211 68 12 
1 8 15 119 123 262 204 292 4 5 25 68 109 292 419 102 28 198 128 104 90 77 183 216 
55 88 72 68 88 100 186 367 35 94 78 68 102 219 342 86 109 83 67 92 79 117 202 275 
43 40 36 26 33 111 294 441 39 49 41 30 88 268 346 163 62 49 22 27 57 159 313 335 
201 171 98 82 77 41 56 298 121 213 120 81 81 88 216 104 290 142 79 66 59 38 95 255 
658 186 57 44 25 30 22 2 418 401 65 53 28 26 25 8 720 165 49 26 32 26 5 1 
592 234 56 48 34 34 23 3 261 483 104 45 51 37 30 13 795 96 47 36 31 16 3 0 
616 125 65 72 48 56 42 0 107 602 47 64 67 55 79 3 693 99 65 51 52 64 0 0 
256 149 101 105 112 100 143 58 69 239 128 104 103 115 140 126 398 111 104 99 147 113 50 2 
246 234 89 152 151 79 48 25 21 255 227 100 158 139 65 59 448 156 172 119 71 56 2 0 
215 295 95 85 75 95 116 48 23 198 294 102 89 100 126 92 467 144 107 94 96 76 36 4 
333 590 45 17 12 13 12 2 10 191 666 98 21 12 18 8 753 206 20 16 12 14 3 0 
182 454 116 80 84 50 57 1 19 137 299 322 120 99 28 0 383 324 76 73 41 34 45 48 
50 78 136 283 260 155 61 1 25 59 139 327 306 146 20 2 82 142 194 198 199 99 73 37 
29 61 362 433 105 25 6 3 10 41 381 417 122 42 8 3 59 244 315 255 128 22 1 0 
134 198 306 252 109 23 2 0 35 134 265 387 124 58 21 0 301 266 204 138 106 9 0 0 
95 122 207 281 129 87 77 26 23 121 191 309 177 116 84 3 349 285 268 94 26 2 0 0 
66 109 289 339 123 50 24 24 19 58 218 379 173 112 47 18 218 330 320 126 29 1 0 0 
2 59 218 295 149 115 81 105 1 33 206 293 173 136 128 54 294 310 266 112 35 6 1 0 
16 132 408 262 126 62 18 0 2 43 223 325 239 133 55 4 163 447 246 118 40 10 0 0 
7 76 313 340 201 57 24 6 0 6 26 241 426 226 78 21 243 391 242 116 30 2 0 0 
1 27 102 322 287 143 65 77 0 0 18 92 312 338 191 73 147 286 338 181 68 4 0 0 
3 60 213 399 291 54 4 0 0 0 25 129 404 348 108 10 115 312 359 199 38 1 0 0 
10 71 267 287 177 73 58 81 0 6 42 195 367 255 90 69 310 367 234 97 16 0 0 0 
1 39 172 386 281 100 41 4 0 0 19 112 402 329 121 41 204 435 228 96 49 11 1 0 
1 10 96 346 383 147 37 4 0 0 7 46 295 457 192 27 90 323 371 174 49 17 0 0 
38 130 167 167 196 181 64 81 11 58 154 156 192 210 164 79 310 313 257 118 18 8 0 0 
71 214 198 387 131 19 4 0 12 63 201 194 341 186 22 5 121 302 231 309 46 15 0 0 
57 299 461 194 13 0 0 0 1 46 236 431 282 28 0 0 120 425 437 42 0 0 0 0 
331 366 130 90 56 38 13 0 85 473 183 127 119 36 1 0 520 234 129 40 43 38 13 7 
15 52 54 107 320 367 102 7 16 36 46 80 212 329 277 28 39 112 181 371 235 67 16 3 
0 0 0 12 128 555 287 42 0 0 0 35 215 372 346 56 0 5 57 171 331 322 101 37 
0 0 0 12 68 365 447 132 0 0 2 32 92 332 457 109 0 0 0 38 275 418 182 111 
0 0 1 11 131 215 519 147 0 0 4 22 99 311 461 127 0 0 33 119 142 453 199 78 
10 3 6 8 66 232 550 149 8 5 4 5 33 181 508 280 11 4 4 29 159 540 252 25 
267 72 19 45 69 135 336 81 194 136 24 29 50 83 282 226 287 64 31 66 106 330 140 0 
273 172 156 133 188 72 25 5 259 240 131 130 147 77 23 17 413 162 157 125 125 26 15 1 
580 118 65 87 115 45 12 2 419 233 79 71 83 117 21 1 620 96 67 96 101 31 7 6 
161 72 42 127 317 215 81 9 43 149 60 71 191 342 140 28 204 53 70 197 295 155 43 7 
55 36 47 125 258 223 180 100 26 41 44 60 136 316 210 191 101 102 184 224 160 154 82 17 
197 139 81 95 141 223 98 50 26 209 107 84 133 184 176 105 334 119 93 143 201 90 41 3 
278 257 197 155 89 38 9 1 42 243 233 175 173 115 37 6 507 242 144 93 34 4 0 0 
254 217 143 140 130 56 48 36 73 256 232 155 117 118 47 26 421 203 141 107 78 29 26 19 
127 142 140 275 171 123 36 10 34 164 129 200 291 164 42 0 194 162 231 181 115 80 42 19 
42 88 222 275 168 126 85 18 11 50 118 307 326 162 45 5 121 174 253 173 109 69 62 63 
39 148 355 254 111 58 31 28 10 42 115 386 299 114 36 22 278 354 247 107 37 1 0 0 
11 76 109 144 202 147 142 193 0 22 111 190 235 207 208 51 426 368 188 33 8 1 0 0 
44 94 187 268 193 140 65 33 4 37 98 221 288 222 128 26 254 285 260 158 67 0 0 0 
7 24 164 329 337 151 12 0 0 6 24 128 302 367 182 15 159 275 335 210 45 0 0 0 
33 54 177 261 222 145 80 52 3 31 66 184 345 257 111 27 130 218 342 239 82 13 0 0 
2 60 131 324 299 136 47 25 0 5 46 180 429 257 95 12 127 325 368 154 49 1 0 0 
3 17 136 416 263 121 31 37 0 1 12 68 392 349 153 49 118 367 319 158 52 10 0 0 
38 76 164 334 256 65 40 51 6 41 68 148 320 288 106 47 203 305 281 173 50 12 0 0 
155 264 295 189 92 25 4 0 3 103 227 318 219 115 33 6 480 277 156 78 29 4 0 0 
10 220 360 255 121 50 8 0 0 6 101 360 335 148 64 10 425 353 150 81 14 1 0 0 
10 74 216 355 186 94 64 25 2 15 54 163 399 207 119 65 187 317 244 129 84 47 13 3 
108 147 230 201 148 83 62 45 32 93 146 218 197 170 84 84 348 230 189 99 64 50 41 3 
0 5 14 91 316 383 181 34 0 0 5 11 96 318 424 170 3 6 44 240 413 267 51 0 
76 110 67 112 258 274 125 2 10 80 85 84 88 267 298 112 115 128 144 270 285 82 0 0 
184 168 132 131 216 183 10 0 22 158 166 168 185 175 145 5 322 225 202 140 93 33 9 0 
96 221 153 135 192 177 49 1 55 141 222 179 205 172 50 0 133 258 219 106 122 93 60 33 
44 150 68 115 234 279 119 15 34 132 100 184 358 197 15 4 110 89 78 176 243 186 107 35 
7 40 37 84 273 439 133 11 0 46 54 219 430 253 22 0 31 35 50 157 347 302 86 16 
10 20 58 121 211 217 270 117 6 28 52 154 258 371 147 8 26 52 100 177 179 228 207 55 
1 9 106 306 205 179 203 15 2 9 92 219 287 318 92 5 28 162 226 185 117 193 112 1 
59 81 123 255 200 128 121 57 39 71 107 199 259 163 105 81 114 127 201 202 143 137 91 9 
136 129 155 139 100 129 162 74 139 145 120 144 104 113 141 118 223 156 135 93 129 150 124 14 
327 127 68 64 92 145 99 102 325 157 70 79 118 131 115 29 347 131 59 85 94 122 121 65 
15 12 29 69 289 383 185 42 14 17 45 127 367 328 114 12 13 14 36 119 300 272 194 76 
55 47 54 157 277 214 167 53 12 63 49 86 226 320 196 72 76 55 152 282 167 160 101 31 
0 3 14 52 154 374 217 210 0 0 10 59 300 283 153 219 5 19 44 95 219 287 297 58 
7 24 92 316 215 112 112 146 0 8 21 78 260 319 128 210 38 160 299 166 107 111 116 27 
55 55 136 217 201 252 99 9 33 28 65 144 367 304 80 3 97 140 173 180 197 131 96 10 
44 64 121 251 293 211 38 2 19 62 75 152 349 308 59 0 69 102 179 254 223 125 50 22 
19 88 210 183 217 197 93 17 1 22 97 216 341 280 67 0 75 190 189 196 183 98 58 35 
39 178 375 278 62 24 29 39 0 26 130 348 349 106 53 12 292 397 258 72 5 0 0 0 
20 78 235 292 178 101 60 60 0 13 62 236 361 212 102 38 243 382 281 97 20 1 0 0 
16 46 171 288 235 104 84 80 0 7 45 168 376 282 98 48 151 296 316 165 39 29 27 1 
33 51 125 416 254 66 20 59 4 27 41 110 363 351 77 51 149 254 408 170 42 1 0 0 
7 17 70 221 181 148 112 268 3 8 42 165 388 245 100 73 117 249 317 233 83 23 2 0 
4 21 132 324 288 117 54 84 0 1 24 176 509 250 62 2 73 287 391 176 83 14 0 0 
7 24 133 336 241 189 69 25 0 7 34 161 381 294 140 7 80 269 296 214 132 33 0 0 
8 51 157 305 245 148 58 52 1 13 56 161 383 272 124 14 138 341 313 134 81 17 0 0 
172 229 201 221 104 41 28 28 36 147 206 231 241 116 40 7 370 235 208 129 55 27 0 0 
177 434 223 117 43 22 8 0 9 166 355 284 130 52 25 3 577 240 115 50 27 13 2 0 
281 219 89 113 122 95 80 25 130 291 119 101 132 97 92 62 391 183 113 109 114 74 39 1 
222 305 170 161 87 57 19 3 142 269 180 160 153 80 33 7 349 277 184 109 70 25 9 1 
317 150 71 102 142 184 55 3 239 141 104 80 93 179 166 22 348 133 111 151 186 67 15 13 
31 90 188 214 196 194 108 3 36 16 42 189 270 251 139 81 151 192 179 178 241 74 9 0 
15 28 176 635 123 40 7 0 4 9 28 61 234 592 81 15 70 227 566 153 8 0 0 0 
29 87 156 454 188 91 17 2 24 53 129 144 333 335 6 0 31 102 459 181 150 68 29 4 
211 191 86 122 166 190 57 1 116 273 93 163 257 112 10 0 316 99 97 136 173 107 90 6 
257 253 161 136 163 45 9 0 219 264 164 141 165 69 2 0 410 208 123 143 111 17 12 0 
15 89 171 323 350 72 4 0 9 46 141 329 330 158 11 0 106 165 264 277 205 7 0 0 
12 53 176 251 269 159 75 29 4 47 113 235 300 261 58 6 95 161 176 215 177 126 50 24 
16 61 107 157 256 249 117 61 19 50 93 166 297 255 131 13 44 86 139 221 254 177 68 35 
24 59 199 280 196 143 88 35 7 42 102 329 301 137 59 47 46 90 280 194 181 139 74 20 
116 101 89 149 188 190 120 71 125 96 97 157 247 183 91 28 138 116 120 175 181 142 95 57 
6 8 39 116 322 395 123 15 3 9 20 130 491 286 74 11 9 11 59 146 251 281 210 57 
6 14 38 141 278 310 200 37 2 12 22 133 384 320 109 42 17 34 140 185 253 201 158 36 
2 4 20 83 229 381 179 126 0 4 13 55 331 328 140 153 7 16 65 165 327 269 154 21 
1 21 159 303 133 123 172 112 0 1 32 138 316 212 159 166 62 226 235 106 125 169 87 14 
15 51 167 291 239 145 96 20 4 23 85 236 409 229 38 0 66 235 264 217 102 79 25 36 
19 46 111 173 252 223 145 55 10 18 73 180 349 279 103 12 43 86 131 234 257 153 84 36 
38 130 168 168 193 170 135 22 11 92 180 266 265 175 34 1 124 177 167 152 149 118 95 42 
41 82 117 184 261 212 98 29 10 48 139 261 305 155 101 5 209 238 205 126 101 65 52 28 
0 20 90 271 325 221 94 3 0 3 28 146 458 288 94 7 52 155 169 218 239 129 53 9 
6 35 80 175 273 316 122 17 1 20 40 135 417 304 102 5 48 81 189 249 227 126 92 12 
19 61 127 233 204 200 140 40 1 26 111 229 310 183 127 37 150 236 293 186 98 45 14 2 
23 74 230 291 173 117 75 41 0 21 95 299 395 167 39 8 153 346 307 146 56 15 1 0 
0 1 39 87 167 216 220 294 2 45 181 351 293 124 28 0 28 168 387 300 122 19 0 0 
0 9 50 126 209 189 161 280 4 23 73 282 334 244 60 4 80 226 291 275 130 22 0 0 
15 34 107 173 235 185 114 161 5 33 100 234 333 214 95 10 170 241 312 210 74 17 0 0 
42 94 108 149 171 144 94 222 57 87 130 274 253 151 67 5 152 168 244 250 161 47 2 0 
348 299 138 88 47 38 30 36 301 290 190 129 62 31 14 7 521 237 119 81 39 20 7 0 
362 377 139 84 28 21 12 1 363 399 112 90 29 21 7 3 457 353 117 50 25 17 5 0 
151 234 304 231 56 36 11 1 124 177 188 242 215 61 15 2 217 319 326 93 38 24 7 0 
64 37 71 240 210 216 155 31 92 19 35 118 306 156 162 136 92 166 221 244 156 69 58 18 
13 18 27 149 186 306 259 66 22 9 36 25 194 140 222 376 156 227 227 181 94 89 45 5 
1 12 40 306 237 150 111 167 1 7 37 60 202 331 132 254 34 144 364 172 91 66 142 11 
52 51 119 370 172 173 52 35 52 51 37 86 522 209 32 35 63 69 393 144 119 90 113 33 
242 153 88 117 168 195 54 7 171 193 95 123 245 145 51 1 294 140 101 145 148 121 53 22 
211 251 89 90 181 140 61 1 264 228 64 123 233 102 10 0 374 136 86 117 145 89 52 25 
17 45 115 282 398 117 43 7 27 53 141 330 345 118 6 4 39 95 166 265 299 108 39 13 
7 30 83 291 284 164 114 51 7 14 76 217 423 183 95 9 24 63 142 320 220 148 83 24 
7 23 50 181 322 218 152 71 6 25 57 207 418 192 106 13 13 41 88 239 254 203 141 45 
16 38 63 226 225 238 159 59 4 20 58 180 397 214 102 49 46 38 121 234 175 136 154 120 
12 16 78 203 297 280 109 29 9 16 63 215 431 233 53 4 18 33 133 220 241 140 128 111 
7 15 46 121 259 416 139 21 6 13 43 135 417 306 88 16 20 39 74 180 253 260 136 62 
0 2 15 44 223 413 278 49 0 8 24 163 421 304 97 7 1 8 31 75 185 335 282 107 
2 9 11 63 234 446 213 46 1 8 18 98 397 387 109 6 7 10 38 123 350 305 148 43 
33 51 82 109 151 192 290 116 4 23 61 104 208 289 213 122 113 78 135 153 195 190 126 34 
6 19 91 253 234 218 169 34 0 14 126 177 261 261 130 55 53 200 235 158 138 113 89 38 
3 30 150 216 194 226 170 35 4 30 150 227 259 266 84 4 4 11 44 124 288 293 189 71 
7 46 105 102 193 352 181 38 14 58 109 181 313 273 71 5 0 9 37 113 244 316 230 75 
11 36 71 114 222 326 198 46 4 24 72 178 296 284 155 11 32 49 88 144 273 256 147 35 
0 16 20 64 249 361 241 73 0 3 22 146 377 265 154 57 26 19 24 89 256 371 183 56 
6 13 27 104 248 332 229 65 5 8 26 112 298 344 188 43 43 63 147 235 268 193 66 9 
20 50 68 164 255 266 150 51 7 26 63 115 217 296 229 71 113 174 206 237 180 76 30 8 
16 77 166 208 262 176 89 30 5 48 174 287 219 154 93 44 218 270 273 182 66 15 0 0 
1 5 31 77 170 250 229 261 5 61 292 362 181 75 38 10 71 261 430 192 59 10 1 0 
1 9 24 147 228 271 193 151 9 15 95 378 290 165 50 22 42 222 373 258 102 13 14 0 
6 32 99 168 191 230 182 116 1 16 84 255 269 179 147 73 148 213 276 226 112 39 10 0 
29 54 104 187 237 126 108 179 14 39 92 247 324 206 86 16 107 167 323 297 120 10 0 0 
145 419 178 132 91 50 9 0 86 418 199 109 101 76 34 1 229 407 165 121 66 35 1 0 
161 514 230 68 47 4 0 0 107 455 275 107 56 23 1 0 292 482 159 62 28 1 0 0 
18 60 415 395 96 24 15 1 6 24 60 401 419 78 26 10 42 235 551 142 37 11 6 0 
15 19 42 210 330 351 57 0 8 13 19 67 267 409 234 7 20 32 110 405 375 62 15 5 
15 168 227 232 150 138 94 0 0 17 82 194 406 142 158 25 371 65 59 249 160 95 23 2 
1 12 386 280 179 135 29 2 0 4 18 171 508 193 116 14 380 209 118 200 91 21 5 0 
0 0 701 207 19 22 20 55 0 0 0 51 853 32 20 68 769 138 13 17 17 42 28 0 
19 40 418 159 117 120 106 45 5 37 60 130 565 128 75 24 369 145 95 74 95 129 84 33 
94 69 66 188 323 220 58 6 61 95 85 176 422 176 9 0 128 55 116 233 236 165 75 16 
61 215 212 234 148 87 55 12 74 196 158 280 229 76 11 0 173 243 203 167 89 96 48 5 
4 33 106 259 275 207 92 48 3 34 97 304 354 163 68 1 24 81 145 283 198 166 87 40 
7 19 34 88 223 307 236 110 13 22 58 177 335 270 144 5 10 15 33 107 205 292 254 108 
12 29 60 143 271 308 154 47 10 24 90 259 355 220 56 10 10 48 73 130 295 271 140 57 
0 6 66 211 333 250 114 44 0 4 31 249 437 200 72 31 3 23 146 273 289 162 92 36 
1 22 147 138 260 290 108 58 0 4 67 269 361 197 91 35 17 92 133 155 235 200 144 48 
4 2 18 87 337 377 142 57 5 4 65 299 418 185 48 0 8 6 18 75 191 339 278 109 
1 4 12 75 232 499 178 23 5 7 28 191 422 287 83 1 0 2 21 75 283 347 194 102 
0 4 7 56 258 403 255 41 0 0 21 180 436 304 74 9 7 11 19 112 239 307 247 82 
10 35 141 248 265 184 112 29 3 19 82 224 335 227 102 32 50 143 250 205 177 120 63 16 
2 56 228 318 206 144 67 3 2 48 224 357 253 121 19 0 0 1 15 82 195 395 260 76 
4 41 147 233 280 225 87 7 1 33 143 312 325 153 46 11 0 21 55 176 262 286 155 69 
0 4 19 51 232 424 257 37 0 14 24 155 393 333 94 11 0 3 20 45 171 336 367 82 
0 2 89 221 345 255 79 33 0 6 97 401 351 147 22 0 1 4 21 76 190 343 300 89 
0 4 30 102 216 364 258 50 0 10 52 159 367 301 101 34 8 65 137 178 265 213 132 26 
0 7 37 119 208 325 265 63 0 1 25 127 304 300 199 68 82 133 138 174 212 212 67 6 
3 28 79 179 244 211 173 107 7 17 83 296 281 179 109 52 113 251 299 243 91 25 2 0 
8 37 134 343 238 120 89 55 2 21 84 259 367 169 66 56 128 319 314 153 60 24 20 6 
10 36 81 217 315 212 105 48 1 24 138 326 221 157 120 37 126 302 342 159 64 31 0 0 
7 24 88 243 285 211 141 25 5 14 46 136 288 252 194 89 121 243 321 234 88 14 3 0 
52 105 239 273 143 88 88 36 6 55 112 273 272 140 100 66 184 287 270 118 95 54 16 0 
194 211 174 206 120 87 31 1 131 227 146 147 189 115 59 10 267 284 245 159 65 4 0 0 
57 297 355 212 41 23 35 4 27 242 234 263 179 31 35 13 126 360 382 121 34 1 0 0 
3 23 448 475 70 5 0 0 1 3 22 416 500 75 7 0 6 120 642 232 24 0 0 0 
6 57 276 291 254 120 20 0 0 2 54 338 432 163 27 8 168 147 218 216 139 79 52 5 
6 538 336 38 36 61 9 0 0 2 252 544 106 43 55 22 407 440 83 48 45 1 0 0 
0 12 351 265 140 213 43 0 0 0 0 107 504 161 210 42 4 152 493 218 141 16 0 0 
0 10 372 223 180 186 53 0 0 0 3 82 536 190 174 39 309 111 142 200 208 50 4 0 
0 0 228 156 177 337 117 9 0 0 9 152 650 192 20 1 188 100 54 85 162 234 167 34 
0 0 3 76 354 438 130 23 0 0 19 185 526 224 67 3 0 0 11 96 330 382 167 38 
43 140 111 158 191 228 111 42 93 118 123 192 318 148 31 1 89 132 116 133 175 174 129 76 
30 76 171 169 116 137 161 164 32 69 125 250 222 183 126 17 68 154 163 132 123 171 144 69 
31 34 72 96 222 292 230 47 26 49 79 184 336 287 62 1 50 45 73 115 223 262 184 72 
0 2 26 100 284 386 190 36 1 10 46 240 455 228 41 3 0 11 39 114 273 273 209 105 
0 0 17 140 350 387 117 13 0 0 18 177 482 296 49 2 0 8 60 246 319 233 115 43 
0 1 13 59 238 409 243 61 0 1 38 159 421 301 88 16 0 8 18 109 258 374 215 42 
0 1 19 134 362 343 141 24 0 0 21 252 471 231 48 1 0 7 40 252 328 266 109 22 
0 0 0 34 287 535 158 10 0 0 16 188 499 283 37 1 0 0 5 53 271 381 243 71 
1 5 33 165 373 306 121 20 0 6 82 294 362 192 81 7 1 8 60 196 304 258 152 45 
0 2 17 68 267 362 237 71 0 0 17 121 397 319 135 35 1 13 37 144 332 270 183 44 
29 122 183 343 248 88 11 0 16 96 182 314 312 92 12 0 0 11 38 87 178 250 279 181 
0 14 121 335 388 144 21 1 2 7 113 447 363 81 11 0 0 7 52 119 239 331 221 55 
1 17 78 217 387 265 56 3 1 20 83 373 400 125 21 1 0 5 17 74 146 342 345 95 
4 23 168 391 301 106 24 7 1 19 55 417 342 147 26 17 17 86 108 182 272 264 88 7 
8 21 182 254 205 167 129 58 9 11 97 305 299 174 75 54 1 18 76 93 161 269 286 120 
4 25 76 214 344 244 104 13 0 22 78 243 407 177 78 19 28 67 176 147 177 171 111 147 
34 53 110 361 311 126 28 1 12 35 90 185 323 267 110 2 96 132 284 228 92 73 68 51 
111 139 129 183 219 156 65 22 36 156 129 194 236 183 79 11 262 213 211 131 81 35 28 63 
60 136 200 280 178 99 50 21 17 91 154 192 252 192 96 30 236 344 232 119 56 35 2 0 
20 47 119 358 239 161 55 25 8 27 86 182 322 238 134 27 128 282 343 158 74 28 10 1 
114 70 133 226 200 210 71 0 78 54 88 126 221 230 199 28 180 194 290 250 93 17 0 0 
54 140 183 258 192 124 56 17 110 254 253 202 124 60 20 1 196 327 306 136 54 5 0 0 
25 102 362 328 118 50 27 12 7 34 113 323 350 120 49 28 76 229 425 186 73 17 18 0 
3 55 491 394 62 16 2 1 0 2 36 385 514 68 17 2 37 335 523 98 27 3 1 0 
3 17 46 135 282 401 131 9 0 12 32 112 336 243 229 60 19 46 109 291 305 160 78 16 
0 0 5 51 180 409 289 90 0 0 0 3 49 183 423 366 0 28 97 321 381 147 50 0 
0 0 0 79 320 351 203 71 0 0 0 0 21 291 445 267 0 1 113 440 273 175 22 0 
0 0 2 46 166 372 341 97 0 0 0 13 84 174 393 360 0 2 53 189 482 247 51 0 
0 0 9 98 398 404 84 31 0 2 27 285 518 131 37 24 0 2 20 137 298 370 176 21 
5 5 15 86 214 444 209 46 4 6 19 121 376 347 143 8 7 6 50 108 276 341 194 42 
0 9 27 107 318 340 161 62 0 8 37 217 389 285 86 2 4 15 53 135 346 288 127 56 
52 62 113 232 183 159 137 86 9 90 95 248 270 176 113 23 85 113 249 180 149 137 100 11 
25 40 108 194 252 238 140 27 9 33 109 242 333 160 97 41 43 80 135 224 225 232 77 8 
7 59 96 197 309 267 82 7 6 42 124 253 391 184 24 0 22 62 92 212 229 223 143 41 
0 10 79 231 361 260 79 4 0 5 53 250 411 232 70 3 7 42 148 325 293 123 42 44 
13 40 124 200 271 283 90 3 2 24 58 225 296 307 104 8 40 108 165 225 260 161 60 5 
0 9 41 168 366 348 76 16 0 2 29 180 410 300 92 11 0 18 66 213 338 262 111 16 
0 6 23 131 465 321 70 8 0 3 44 211 361 329 73 3 1 16 55 271 368 220 72 21 
0 12 98 184 353 327 47 3 0 3 129 419 344 106 21 2 0 11 58 175 268 292 195 25 
15 101 153 217 293 191 53 1 11 80 207 320 272 103 31 0 7 11 47 136 270 290 202 61 
8 44 205 261 269 199 37 1 1 28 152 328 353 146 16 0 0 34 60 181 258 259 194 38 
40 116 393 237 162 61 15 0 32 99 300 345 160 73 15 0 5 11 36 84 148 257 384 99 
2 33 146 314 351 143 34 1 5 24 132 398 320 99 42 4 8 53 142 218 264 217 112 10 
3 58 367 358 171 52 14 1 3 18 197 565 174 62 5 0 16 150 116 124 192 269 128 29 
1 81 241 363 192 88 39 19 0 53 162 337 280 113 52 27 0 5 57 214 368 259 101 20 
4 22 162 376 239 132 66 23 2 32 131 407 326 116 9 1 21 85 219 189 165 154 144 47 
81 161 194 277 179 95 33 4 48 106 180 335 270 77 8 0 107 145 134 101 101 112 167 157 
51 76 272 331 212 73 8 1 36 89 242 234 252 150 18 3 64 154 156 79 114 158 155 144 
53 212 281 293 104 55 22 4 3 58 250 292 298 105 16 2 261 314 245 84 36 35 35 14 
101 142 323 226 110 45 52 25 77 69 253 321 155 93 35 21 254 395 233 64 21 36 21 0 
119 154 158 210 170 95 97 21 29 93 142 168 277 145 112 58 210 167 261 165 121 94 6 0 
57 129 310 266 147 100 15 0 27 118 181 287 229 118 59 5 157 351 311 128 71 6 0 0 
13 44 164 372 300 118 13 0 1 11 39 142 372 314 131 14 58 173 390 278 112 13 0 0 
3 52 394 409 142 22 2 0 0 1 42 343 437 163 35 3 67 385 413 130 29 0 0 0 
2 49 190 210 221 229 118 5 0 3 41 290 241 219 157 73 173 64 131 260 277 111 8 0 
0 14 78 146 237 223 269 57 0 8 20 70 258 177 185 306 40 89 110 187 391 192 15 0 
0 15 192 240 207 99 115 156 0 0 0 56 328 208 145 287 241 306 301 120 41 15 0 0 
0 35 108 175 323 261 110 12 0 1 12 227 370 156 126 132 69 77 154 263 283 143 33 2 
0 0 14 131 400 250 91 138 0 0 20 200 379 188 83 154 0 10 45 203 276 260 185 45 
0 0 5 150 395 314 138 22 0 0 4 140 437 305 125 13 0 0 34 239 362 246 137 6 
1 18 104 244 333 177 120 27 0 10 80 238 314 230 126 26 8 51 141 340 268 153 55 8 
18 54 171 426 207 88 52 8 0 36 139 450 281 83 33 2 29 91 305 342 157 71 27 2 
4 37 138 276 316 176 73 4 2 11 98 316 325 173 86 13 12 77 198 309 237 132 56 3 
15 31 94 316 319 153 80 16 5 23 57 190 405 212 116 16 26 55 203 327 228 139 42 4 
9 46 84 187 346 288 61 3 5 23 74 164 403 264 88 3 21 57 108 245 309 201 75 8 
2 2 39 189 381 313 95 3 0 3 30 190 387 319 92 3 3 19 81 266 323 214 105 13 
0 10 35 207 435 291 43 3 0 6 29 201 502 240 46 0 5 15 79 278 312 223 101 11 
1 3 28 228 420 282 62 0 0 5 26 197 485 252 57 2 1 5 80 346 351 155 80 6 
7 68 185 325 321 99 19 0 6 56 197 342 330 81 10 2 4 24 134 308 333 156 53 12 
7 137 476 298 78 26 2 0 11 108 503 283 87 29 3 0 6 22 45 113 106 304 343 85 
4 32 263 402 239 79 5 0 3 15 242 426 264 72 2 0 1 7 63 251 240 245 159 58 
17 74 321 351 225 35 1 0 6 82 256 416 227 37 0 0 7 21 72 227 210 198 225 64 
5 37 304 425 184 48 20 1 3 15 173 570 189 42 30 2 16 38 148 203 233 188 168 30 
2 45 213 444 221 77 22 0 0 22 101 437 332 86 42 4 4 54 182 252 245 178 81 28 
9 41 422 342 127 65 17 1 2 17 208 468 202 86 35 6 11 37 108 265 303 186 97 17 
19 97 277 303 174 102 40 12 6 52 214 295 236 135 62 24 9 27 120 243 298 219 98 10 
7 60 289 382 122 74 63 27 4 46 184 449 145 80 78 38 9 33 50 124 168 248 260 132 
13 80 258 360 228 60 25 0 9 78 230 388 248 52 19 0 2 15 37 127 155 234 225 229 
44 107 314 309 110 73 59 8 30 66 247 296 197 130 49 9 70 119 227 199 136 106 127 40 
106 107 211 306 135 101 46 12 70 107 136 205 282 128 66 30 182 178 220 157 133 98 39 17 
272 206 198 146 118 60 23 1 324 150 106 161 148 87 44 4 422 233 182 107 55 22 3 0 
107 92 218 321 192 79 14 1 55 60 96 178 338 190 88 19 209 284 302 165 41 22 1 0 
11 17 186 475 242 73 20 0 0 9 16 127 449 321 97 5 46 266 423 201 70 18 0 0 
2 65 448 386 113 10 0 0 1 1 30 374 469 134 15 0 92 480 352 91 9 0 0 0 
0 14 108 132 292 251 197 30 0 2 14 185 261 199 225 138 100 39 109 280 312 164 18 2 
1 16 85 229 279 221 159 34 1 10 25 121 331 265 148 123 75 129 165 262 239 123 28 3 
0 4 163 132 126 109 204 286 0 0 2 81 219 126 137 459 129 145 141 102 151 273 83 0 
0 0 22 15 67 209 308 403 0 0 0 6 29 42 282 665 22 15 15 190 266 422 94 0 
0 0 0 15 135 277 417 180 0 0 0 0 9 93 451 471 0 0 26 233 320 367 78 0 
1 8 53 200 211 202 309 40 0 4 22 154 227 170 198 249 3 22 110 199 323 334 30 3 
27 131 224 211 182 155 74 20 8 71 178 264 234 171 71 27 84 186 220 193 159 111 63 8 
13 57 122 231 293 241 67 0 8 28 90 234 312 224 123 5 32 89 149 248 276 172 56 2 
10 38 97 257 349 219 53 1 5 33 87 258 399 195 44 3 21 55 157 268 219 192 99 13 
11 20 51 135 270 299 166 72 2 18 41 169 351 268 132 43 16 28 70 194 223 290 162 41 
8 34 79 300 388 186 29 0 3 10 72 274 393 220 51 1 10 58 142 383 308 103 20 0 
0 8 33 318 443 204 18 0 0 4 39 178 464 267 68 4 5 13 115 372 315 156 43 5 
7 38 129 363 314 134 39 0 1 9 62 244 404 225 77 2 27 72 222 317 231 115 40 0 
0 3 38 277 508 171 27 0 0 2 45 318 494 146 19 0 0 10 91 349 354 159 49 12 
5 54 164 439 210 108 39 5 0 24 165 413 290 92 28 12 6 63 295 310 167 132 49 2 
35 252 253 259 140 69 16 0 21 234 303 256 124 46 39 1 8 54 117 235 300 251 56 3 
32 147 355 289 169 31 1 0 12 127 307 353 180 42 3 0 8 93 218 310 256 125 14 0 
22 127 564 239 59 9 4 0 13 68 398 433 94 14 4 0 10 58 161 183 122 144 294 52 
8 250 505 214 38 9 0 0 2 104 459 361 84 14 0 0 5 131 115 136 178 221 189 49 
8 160 401 312 116 26 1 0 4 73 326 356 195 65 5 0 14 98 208 270 219 180 33 2 
11 125 384 272 148 63 19 2 2 31 190 435 230 89 40 7 45 264 332 212 125 34 12 0 
9 103 373 357 154 22 4 2 2 46 202 455 254 53 8 4 6 97 292 255 265 99 10 0 
50 91 311 328 151 61 29 3 33 80 200 298 260 98 41 14 48 128 269 308 199 63 9 0 
23 63 195 276 268 137 36 26 15 40 144 261 328 163 47 26 20 52 189 270 252 141 90 10 
153 152 294 237 138 42 8 0 107 125 159 288 232 81 30 2 174 241 259 161 93 59 33 4 
274 341 147 109 58 47 35 13 291 307 147 100 68 47 42 22 351 299 94 96 83 86 13 2 
154 158 166 244 188 79 23 12 110 141 114 176 237 172 54 20 247 260 254 140 88 34 1 0 
18 75 252 370 233 58 18 0 2 20 70 252 372 225 71 12 124 276 372 187 49 15 1 0 
25 165 418 299 96 20 1 0 0 20 122 416 335 106 24 1 153 399 338 110 24 0 0 0 
25 273 512 191 18 5 0 0 0 16 180 455 341 27 5 0 193 596 206 24 5 0 0 0 
0 32 237 291 238 155 68 3 0 3 30 293 415 142 128 13 239 161 185 253 148 35 3 0 
0 5 17 207 276 197 182 140 0 2 6 68 253 226 225 244 99 70 188 221 256 122 66 2 
0 0 0 4 66 230 461 263 0 0 0 0 0 30 271 723 0 2 128 368 384 142 0 0 
0 0 0 36 425 188 245 130 0 0 0 0 0 345 273 406 4 68 382 327 134 109 0 0 
0 0 0 9 264 228 292 231 0 0 0 0 0 190 361 473 0 31 167 256 146 327 97 0 
0 0 0 17 97 302 516 92 0 0 0 0 24 139 383 478 0 0 28 156 421 402 17 0 
11 24 61 151 214 216 218 129 1 20 60 214 229 137 137 226 17 35 95 169 202 293 188 25 
132 109 126 227 278 137 14 1 60 135 116 208 296 175 32 2 175 103 179 213 173 93 62 26 
14 17 40 216 447 247 43 0 7 21 65 369 425 124 13 0 22 14 53 262 305 252 96 20 
32 82 121 278 329 165 17 0 15 36 96 247 383 202 43 2 58 111 176 257 191 163 64 4 
4 40 122 389 350 89 26 4 2 3 68 220 496 174 45 16 13 70 207 373 252 83 24 2 
12 39 106 394 356 106 11 0 3 33 114 415 335 107 17 0 30 41 181 351 250 136 34 1 
1 27 153 380 311 135 17 0 0 9 135 432 305 102 41 0 2 90 224 266 256 153 33 0 
0 11 125 418 367 96 7 0 0 5 116 596 255 48 4 0 4 35 188 350 258 153 30 6 
9 66 362 384 187 16 0 0 4 24 278 452 237 28 1 0 20 154 328 259 175 71 17 0 
9 327 544 134 9 1 0 0 0 188 616 188 29 3 0 0 9 134 239 229 216 178 19 0 
34 409 423 118 34 6 0 0 13 343 426 176 53 12 1 0 4 62 175 267 311 185 15 5 
82 280 377 220 61 4 0 0 9 224 323 357 100 11 0 0 122 177 329 271 64 41 15 5 
71 336 414 163 38 2 0 0 5 144 417 353 84 20 1 0 103 212 237 233 163 67 9 0 
23 274 484 170 56 15 2 0 11 66 423 360 110 48 6 0 29 274 340 241 114 19 5 2 
19 209 441 246 88 21 0 0 5 26 330 465 141 53 4 0 71 331 371 187 59 5 0 0 
17 157 562 233 50 5 0 0 2 29 258 555 150 28 2 0 69 337 358 190 44 23 3 0 
43 160 444 261 82 28 6 0 19 94 300 396 146 48 18 3 46 105 323 337 154 48 11 0 
40 129 348 313 119 66 9 0 11 57 189 413 196 105 47 6 43 147 267 286 200 69 12 0 
98 246 363 227 59 21 10 0 77 176 276 313 141 27 12 2 145 307 285 193 58 17 12 7 
96 194 245 247 142 59 27 14 92 196 273 247 111 60 30 15 122 156 186 203 148 144 57 8 
102 161 155 287 226 67 21 5 70 124 110 195 244 204 66 11 199 226 283 173 91 43 9 0 
31 126 417 313 114 22 1 0 1 22 84 361 370 147 37 2 133 436 330 106 17 2 0 0 
62 236 333 243 110 31 8 1 0 36 162 317 299 156 46 8 274 400 241 92 17 0 0 0 
51 380 459 100 29 4 1 0 0 32 289 508 149 38 7 1 343 520 126 29 6 0 0 0 
0 5 88 424 130 80 126 171 0 4 21 95 271 292 82 259 86 90 362 115 140 171 59 1 
0 1 29 148 173 78 90 505 0 0 9 62 85 149 127 592 8 87 212 114 74 61 459 9 
0 0 1 120 474 236 112 81 0 0 0 0 19 418 347 240 13 384 412 114 37 20 39 5 
0 0 0 5 64 304 518 133 0 0 0 0 9 35 305 675 154 346 197 236 85 6 0 0 
0 1 10 132 221 233 341 86 0 1 15 105 176 148 341 238 5 22 190 216 281 277 33 0 
0 0 1 12 41 81 397 492 0 0 0 3 24 46 206 745 0 0 12 52 207 496 257 0 
14 18 71 117 163 121 318 202 10 16 62 116 155 91 191 383 21 24 95 164 198 390 131 1 
192 149 211 243 180 42 7 0 113 113 161 214 255 140 24 4 270 173 215 206 136 24 0 0 
35 58 167 324 313 117 10 0 21 38 103 336 385 123 18 0 50 76 188 343 236 108 23 0 
14 44 152 353 332 113 16 0 0 24 80 408 403 99 10 0 27 69 193 256 225 158 77 19 
6 18 148 487 303 60 2 0 2 7 48 342 447 159 19 0 16 62 264 420 211 47 4 0 
25 57 189 457 238 55 3 0 8 30 118 412 322 127 7 0 43 80 244 325 238 87 7 0 
19 131 282 424 139 24 5 0 5 41 298 474 176 29 1 0 60 170 259 306 165 52 10 2 
6 88 356 387 170 17 0 0 2 42 348 471 137 23 1 0 33 184 344 230 159 69 5 0 
10 163 453 309 75 14 0 0 4 65 535 332 79 9 0 0 30 218 383 267 93 27 6 0 
89 341 388 145 52 9 0 0 31 149 402 308 94 39 1 0 172 334 331 152 34 1 0 0 
38 514 394 69 9 0 0 0 14 420 538 48 4 0 0 0 66 266 344 148 131 67 2 0 
79 645 242 56 2 0 0 0 19 310 546 127 22 0 0 0 77 345 309 195 87 11 0 0 
79 579 313 46 7 0 0 0 3 251 571 173 22 4 0 0 154 391 346 122 11 0 0 0 
162 476 270 86 28 2 0 0 53 372 357 165 63 13 1 0 111 371 321 180 31 9 1 0 
51 434 427 76 26 8 2 0 0 109 569 280 43 18 5 0 113 466 276 118 41 10 0 0 
59 614 259 78 14 0 0 0 8 108 679 201 25 3 0 0 153 485 221 83 37 38 7 0 
38 309 366 131 79 42 29 30 13 146 388 265 93 56 33 30 82 227 183 206 216 65 45 0 
109 228 324 226 98 37 2 0 16 175 243 336 156 78 19 1 175 259 295 184 88 23 0 0 
49 182 260 262 152 78 29 12 17 91 231 304 187 117 51 26 110 225 260 244 122 53 10 0 
22 42 190 378 231 103 44 14 12 22 79 247 362 186 78 38 28 99 274 334 194 78 16 1 
22 45 141 346 319 118 33 0 12 16 36 116 322 358 138 26 75 160 332 294 134 28 1 0 
6 117 351 395 134 17 4 0 0 4 80 299 463 155 21 2 160 414 354 79 16 1 0 0 
67 248 390 254 61 4 0 0 3 46 209 370 293 99 4 0 242 391 296 86 8 1 0 0 
90 294 305 203 103 23 6 0 0 51 246 306 245 132 37 7 323 349 225 108 19 0 0 0 
0 0 7 580 154 71 107 105 0 0 0 0 203 554 84 183 0 97 597 95 116 118 1 0 
1 3 23 24 11 50 248 664 0 4 18 25 12 31 184 750 4 14 31 26 131 383 435 0 
7 19 55 124 188 169 289 173 1 20 54 146 95 138 249 321 28 72 142 169 318 212 78 5 
37 145 283 174 104 49 92 140 4 60 158 287 151 92 64 208 205 353 273 101 81 11 0 0 
8 65 369 340 147 40 49 6 0 17 123 522 229 57 32 44 33 197 409 179 139 65 2 0 
1 67 138 176 153 84 107 298 1 20 147 174 159 98 98 327 7 113 153 180 174 179 214 4 
0 0 0 0 2 173 632 217 0 0 0 0 0 18 296 710 0 0 0 77 492 416 39 0 
60 102 147 180 167 188 170 10 27 62 107 167 138 160 182 181 100 124 248 234 237 79 2 0 
95 208 314 257 115 22 6 7 30 94 292 325 202 60 16 5 162 250 272 209 92 25 8 6 
86 151 316 286 145 39 1 0 23 87 170 334 274 111 25 0 146 257 288 208 94 31 0 0 
32 175 390 343 73 10 1 0 4 43 240 420 274 36 6 1 95 284 354 250 37 4 0 0 
64 220 369 277 79 13 2 0 5 96 270 445 166 34 7 1 162 281 320 175 72 14 0 0 
18 327 423 191 55 10 0 0 2 70 478 377 73 20 4 0 71 392 401 113 39 8 0 0 
26 187 408 330 70 3 0 0 9 138 438 342 88 9 0 0 69 264 371 248 67 5 0 0 
141 509 303 62 9 0 0 0 9 354 463 181 16 1 0 0 346 426 206 33 12 1 0 0 
119 560 257 73 14 1 0 0 7 295 500 190 25 7 0 0 252 534 173 50 13 2 0 0 
184 439 330 60 9 2 0 0 10 407 470 124 8 5 0 0 290 391 249 67 27 0 0 0 
108 641 244 30 1 0 0 0 4 360 551 100 9 0 0 0 332 464 177 50 1 0 0 0 
218 763 42 1 0 0 0 0 3 674 338 9 0 0 0 0 397 546 77 4 0 0 0 0 
103 752 147 22 0 0 0 0 28 699 251 45 1 0 0 0 103 403 436 81 1 0 0 0 
95 633 207 61 25 3 0 0 27 370 461 103 43 18 2 0 169 484 245 102 22 0 2 0 
99 638 209 62 11 5 0 0 2 136 664 168 47 7 0 0 363 481 126 43 8 3 0 0 
26 258 563 157 14 6 0 0 0 41 370 505 91 15 2 0 56 388 387 122 57 14 0 0 
91 396 402 110 18 7 0 0 16 138 403 354 92 16 5 0 211 454 284 64 8 3 0 0 
75 292 403 192 48 10 4 0 5 82 354 379 158 35 10 1 155 378 361 98 26 6 0 0 
69 129 258 325 172 60 11 0 28 91 178 355 270 72 30 0 125 221 295 227 121 32 3 0 
46 101 237 402 192 44 2 0 7 43 109 213 370 220 60 2 133 285 347 183 72 4 0 0 
12 250 439 239 61 18 5 0 0 5 134 460 310 84 23 8 118 496 288 89 28 5 0 0 
67 459 359 98 36 5 0 0 1 30 332 472 136 47 6 0 295 517 149 49 14 0 0 0 
122 213 397 230 54 5 3 0 5 78 190 333 317 83 16 2 288 370 296 62 7 1 0 0 
5 44 258 356 199 83 64 15 3 47 281 381 139 66 69 38 16 123 284 256 231 100 13 1 
4 10 53 91 137 99 333 297 6 10 76 103 68 116 192 453 34 88 84 115 363 258 80 2 
0 9 63 203 229 185 164 171 0 2 53 236 143 150 219 221 75 70 204 234 216 211 14 0 
6 18 25 25 63 103 455 329 1 8 19 27 28 76 166 699 28 34 59 102 376 417 8 0 
0 0 0 0 2 66 550 406 0 0 0 0 0 5 155 864 0 0 0 22 328 627 47 0 
6 5 38 78 78 39 89 691 7 4 36 93 78 28 42 736 9 17 46 90 70 240 552 0 
0 0 2 14 22 121 401 464 0 0 2 3 16 39 202 762 18 14 20 79 264 464 165 0 
3 3 15 39 111 170 287 396 2 4 9 26 35 78 216 654 30 189 234 219 236 110 6 0 
17 44 126 234 179 110 223 91 5 35 94 223 173 114 120 260 28 58 147 233 271 248 39 0 
16 98 214 415 223 23 17 18 1 29 181 433 260 83 13 24 24 127 203 297 235 108 30 0 
34 288 381 259 52 9 1 0 1 100 290 490 130 13 0 0 137 330 342 176 35 4 0 0 
48 219 511 199 29 15 3 0 6 79 321 502 89 24 3 0 125 313 422 128 22 11 3 0 
244 452 195 113 18 1 1 0 0 542 362 104 13 3 0 0 438 320 134 89 36 7 0 0 
124 289 357 182 62 10 0 0 18 387 423 163 28 5 0 0 201 274 241 161 107 34 6 0 
26 170 470 264 86 8 0 0 6 168 487 279 74 10 0 0 36 172 251 198 148 147 66 6 
160 453 270 84 52 5 0 0 50 433 391 97 47 6 0 0 148 352 154 91 97 155 21 6 
249 492 220 50 12 1 0 0 49 560 347 59 9 0 0 0 398 370 146 81 14 12 3 0 
290 492 156 56 21 7 2 0 35 630 234 93 20 11 1 0 403 308 103 65 57 55 21 12 
267 708 43 5 1 0 0 0 28 725 251 17 3 0 0 0 514 481 25 4 0 0 0 0 
302 636 72 14 0 0 0 0 35 763 193 32 1 0 0 0 437 452 114 20 1 0 0 0 
157 564 189 75 35 4 0 0 27 502 340 93 47 14 1 0 362 409 167 64 21 1 0 0 
111 629 217 54 12 1 0 0 11 229 576 159 43 5 1 0 380 506 94 37 7 0 0 0 
140 611 218 34 17 4 0 0 23 231 537 190 26 16 1 0 447 463 74 25 13 2 0 0 
130 415 345 109 18 5 2 0 20 226 370 302 92 7 6 1 240 494 225 54 6 5 0 0 
114 275 296 190 71 35 41 2 24 159 288 272 157 58 52 14 225 349 244 107 40 40 19 0 
106 189 392 196 95 38 8 0 48 90 225 372 173 86 28 2 181 369 263 140 54 17 0 0 
68 256 367 175 98 44 16 0 10 69 285 343 168 95 40 14 210 432 202 115 55 10 0 0 
127 675 177 27 9 7 2 0 0 105 617 255 29 10 6 2 459 483 61 10 8 3 0 0 
124 594 239 58 8 1 0 0 3 131 555 245 77 12 1 0 416 474 112 17 5 0 0 0 
104 548 304 57 10 1 0 0 2 80 500 352 80 10 0 0 408 474 120 19 3 0 0 0 
10 9 26 115 279 443 139 3 8 7 23 52 129 339 380 86 15 71 243 451 225 19 0 0 
0 0 0 5 136 275 582 26 0 0 0 0 0 96 513 415 122 93 87 248 467 7 0 0 
0 0 9 28 73 160 695 59 0 1 8 16 24 105 309 561 9 16 51 161 689 94 4 0 
0 1 63 192 76 121 374 197 0 0 29 164 84 78 202 467 7 125 135 128 267 349 13 0 
0 0 0 23 76 151 496 278 0 0 0 7 45 97 300 575 0 5 45 111 373 478 12 0 
0 6 61 55 65 71 187 579 0 1 12 67 72 65 156 651 17 66 54 73 117 338 346 13 
0 0 0 7 16 18 193 790 0 0 0 1 7 19 80 917 1 16 13 10 75 632 274 3 
0 0 0 0 16 71 511 426 0 0 0 0 0 18 213 793 4 14 22 40 259 651 34 0 
33 81 27 13 21 69 286 494 6 61 59 19 13 23 125 718 98 40 19 35 159 425 248 0 
17 147 160 40 31 20 172 437 4 62 191 96 26 25 72 548 134 142 86 76 63 307 216 0 
65 277 176 131 116 41 25 193 17 113 340 217 95 23 19 200 139 249 140 88 100 105 187 16 
145 677 166 31 2 1 2 0 11 340 523 128 19 1 0 2 450 506 59 6 1 0 2 0 
325 494 111 84 10 0 0 0 66 540 374 40 4 0 0 0 478 396 53 59 31 7 0 0 
32 282 391 205 100 14 0 0 18 228 466 252 50 10 0 0 72 297 347 155 92 56 5 0 
117 288 422 160 33 4 0 0 50 298 439 188 44 5 0 0 81 126 146 117 225 187 118 24 
244 335 304 110 24 7 0 0 80 409 348 128 47 12 0 0 261 178 77 75 188 150 70 25 
230 437 190 118 37 10 2 0 87 475 267 133 45 16 1 0 197 324 260 107 61 44 23 8 
243 405 184 109 67 15 1 0 115 501 226 128 42 12 0 0 190 266 188 130 123 81 41 5 
524 463 28 3 5 1 0 0 118 824 67 8 6 1 0 0 721 268 25 4 1 5 0 0 
510 488 18 5 2 1 0 0 85 794 134 5 5 1 0 0 517 367 119 16 4 1 0 0 
524 453 41 6 0 0 0 0 38 768 193 23 2 0 0 0 803 206 14 1 0 0 0 0 
344 477 128 52 17 6 0 0 8 583 263 104 49 12 5 0 658 245 83 29 9 0 0 0 
234 597 159 33 1 0 0 0 1 300 560 141 22 0 0 0 593 354 74 3 0 0 0 0 
144 630 181 50 13 5 1 0 13 290 526 150 35 4 6 0 448 441 96 29 9 1 0 0 
194 432 239 111 43 5 0 0 35 231 384 224 115 31 4 0 439 351 158 59 16 1 0 0 
115 356 374 122 44 13 0 0 22 130 355 365 99 41 11 1 269 405 247 73 27 3 0 0 
165 397 202 124 88 44 4 0 36 249 303 185 126 85 39 1 410 301 152 87 65 9 0 0 
277 506 146 72 23 0 0 0 19 361 428 140 57 19 0 0 568 304 100 39 13 0 0 0 
210 491 207 80 31 4 1 0 21 286 420 198 77 18 4 0 512 351 115 39 6 1 0 0 
258 626 120 18 2 0 0 0 10 380 525 92 17 0 0 0 654 319 39 12 0 0 0 0 
0 0 2 37 126 342 417 100 0 0 0 3 42 165 440 374 14 39 136 434 363 38 0 0 
0 0 18 143 140 377 346 0 0 0 0 1 144 190 581 108 150 69 103 359 343 0 0 0 
3 33 121 52 66 102 624 23 0 11 91 119 43 40 359 361 50 98 40 112 643 71 9 1 
5 50 411 356 170 27 5 0 0 33 398 479 85 24 5 0 9 225 290 196 201 97 6 0 
0 5 107 177 48 82 447 158 0 5 112 172 41 30 235 429 3 37 179 137 360 300 7 1 
0 0 83 143 31 35 398 334 0 0 0 39 188 44 127 626 27 187 35 32 299 402 41 1 
0 4 49 209 170 251 150 191 0 0 7 63 231 167 278 278 16 146 214 225 200 110 111 2 
0 0 0 1 54 186 389 394 0 0 0 0 12 99 330 583 0 0 23 126 355 216 304 0 
26 108 94 46 51 64 258 377 10 87 85 76 42 57 169 498 104 82 86 61 102 399 190 0 
46 174 290 296 137 14 32 35 15 94 270 452 110 15 28 40 125 152 261 205 183 58 40 0 
38 280 355 225 81 25 11 9 13 124 440 318 90 24 7 8 215 326 224 127 65 45 22 0 
394 441 76 37 21 20 20 15 23 654 198 57 29 23 21 19 720 169 47 24 22 23 19 0 
298 626 40 40 17 3 0 0 36 831 101 40 12 4 0 0 687 247 32 31 20 7 0 0 
249 257 177 220 98 23 0 0 115 358 227 212 106 6 0 0 312 181 196 199 73 42 20 1 
444 496 51 24 9 0 0 0 173 617 193 30 10 1 0 0 507 430 43 11 16 5 12 0 
419 490 66 34 13 2 0 0 103 751 116 37 14 3 0 0 540 331 69 34 25 9 9 7 
139 156 197 311 144 45 32 0 97 177 235 308 153 52 2 0 100 130 96 135 130 99 197 137 
40 98 249 319 221 70 22 5 39 127 294 275 235 41 13 0 13 55 42 59 202 230 231 192 
603 215 67 38 91 9 1 0 347 426 89 56 91 14 1 0 597 220 62 24 17 9 17 78 
537 304 112 42 21 8 0 0 287 434 212 54 17 20 0 0 605 263 64 30 60 2 0 0 
537 411 64 10 2 0 0 0 98 740 160 24 2 0 0 0 628 344 44 6 2 0 0 0 
516 402 52 26 23 5 0 0 55 711 183 47 26 2 0 0 694 221 52 19 23 13 2 0 
438 465 89 20 12 0 0 0 24 587 312 74 20 7 0 0 717 232 55 18 2 0 0 0 
175 548 221 61 5 7 7 0 21 272 473 190 51 4 11 2 451 414 125 20 5 9 0 0 
237 618 139 22 5 3 0 0 9 423 461 100 21 7 3 0 613 346 50 11 4 0 0 0 
168 277 341 150 82 6 0 0 30 178 244 327 159 80 6 0 311 373 216 108 16 0 0 0 
325 196 177 159 105 57 5 0 246 187 155 136 169 97 32 2 440 208 174 112 83 6 1 0 
361 436 132 46 42 7 0 0 207 409 264 84 16 42 2 0 576 301 78 31 38 0 0 0 
271 453 210 61 18 11 0 0 153 440 283 101 33 14 0 0 590 297 95 26 14 2 0 0 
340 551 118 14 1 0 0 0 57 600 315 47 5 0 0 0 752 234 35 3 0 0 0 0 
0 23 29 74 217 400 185 96 0 0 32 39 94 284 380 195 93 206 160 259 203 103 0 0 
1 50 27 56 106 399 383 2 0 0 44 32 69 152 643 84 82 80 136 211 488 27 0 0 
25 350 415 62 35 50 87 0 1 52 331 431 50 31 84 44 272 443 141 52 89 27 0 0 
14 84 338 368 136 79 5 0 7 78 320 259 190 122 48 0 107 196 345 288 86 2 0 0 
1 30 114 124 123 259 343 30 1 22 52 137 93 167 344 208 67 97 142 208 386 118 6 0 
0 0 0 12 132 470 403 7 0 0 0 0 32 208 598 186 0 4 62 321 560 77 0 0 
0 3 15 101 165 277 359 104 0 0 2 24 100 189 392 317 6 73 121 264 356 199 5 0 
0 22 51 153 202 290 290 16 0 0 18 55 155 232 384 180 42 87 194 288 341 72 0 0 
24 104 224 274 142 101 133 22 5 89 141 163 265 137 140 84 68 216 311 171 139 113 6 0 
147 233 190 269 162 23 0 0 91 232 307 299 74 21 0 0 168 189 174 170 189 118 16 0 
151 589 212 48 22 2 0 0 43 335 453 149 32 12 0 0 280 550 138 34 18 4 0 0 
157 611 234 22 0 0 0 0 52 474 345 148 5 0 0 0 441 412 159 12 0 0 0 0 
220 299 257 168 73 7 0 0 75 312 286 278 62 11 0 0 308 257 246 132 56 18 7 0 
593 320 38 55 18 0 0 0 440 425 114 33 10 2 0 0 661 249 34 33 44 3 0 0 
821 193 9 1 0 0 0 0 407 592 21 4 0 0 0 0 945 71 8 0 0 0 0 0 
588 327 60 35 13 1 0 0 393 417 154 33 23 4 0 0 582 187 108 70 53 19 5 0 
157 357 260 167 59 18 5 1 84 343 342 165 65 19 6 0 92 233 193 168 179 97 43 19 
42 108 292 359 142 71 10 0 53 151 288 344 134 52 2 0 14 17 50 151 118 168 331 175 
535 164 65 77 98 64 20 1 365 315 67 103 100 60 14 0 409 215 66 30 32 53 83 136 
276 238 410 95 4 1 0 0 150 395 388 87 4 0 0 0 182 136 107 116 244 197 41 1 
330 294 254 114 27 3 2 0 180 373 283 135 43 9 1 0 274 179 106 86 185 159 30 5 
252 236 318 147 61 10 0 0 77 362 331 208 45 1 0 0 226 117 81 76 131 247 128 18 
409 476 126 13 0 0 0 0 25 534 352 107 6 0 0 0 635 305 81 3 0 0 0 0 
481 484 56 3 0 0 0 0 65 663 267 29 0 0 0 0 768 239 17 0 0 0 0 0 
235 549 205 31 4 0 0 0 36 318 439 192 35 4 0 0 540 387 87 10 0 0 0 0 
180 478 258 105 3 0 0 0 30 246 427 218 98 5 0 0 404 400 181 38 1 0 0 0 
219 276 238 199 71 17 4 0 237 156 188 188 198 56 1 0 286 326 235 125 46 6 0 0 
492 336 119 44 22 10 1 0 489 316 132 46 24 17 0 0 663 247 67 23 20 4 0 0 
496 291 125 76 34 2 0 0 428 310 153 81 43 9 0 0 661 190 99 63 11 0 0 0 
395 427 110 65 27 0 0 0 260 502 147 77 37 1 0 0 705 197 76 44 2 0 0 0 
3 361 152 157 163 108 23 57 0 1 390 188 154 141 129 21 458 297 136 58 15 46 14 0 
9 512 55 31 91 222 103 1 0 10 531 41 55 152 224 11 530 53 59 166 193 23 0 0 
23 450 190 44 53 64 199 1 1 34 414 218 52 56 195 54 419 233 62 62 197 50 1 0 
40 167 655 134 23 5 0 0 15 152 418 376 55 8 0 0 316 310 237 124 30 7 0 0 
41 234 294 274 67 50 62 2 13 251 371 226 44 28 56 35 60 221 309 220 155 50 9 0 
0 2 32 179 243 432 134 2 0 0 43 63 140 312 414 52 4 59 194 480 266 21 0 0 
0 1 29 132 303 379 175 5 0 0 0 28 133 327 426 110 11 73 219 432 267 22 0 0 
0 15 64 189 217 360 179 0 0 0 12 60 190 276 361 125 41 127 211 327 292 26 0 0 
1 57 282 341 184 84 72 3 2 44 288 187 234 150 110 9 2 153 360 278 151 64 16 0 
133 291 302 265 33 0 0 0 20 268 396 314 26 0 0 0 203 246 269 190 82 34 0 0 
500 379 38 80 21 5 1 0 183 669 116 34 17 5 0 0 711 151 33 54 46 25 4 0 
502 457 53 12 0 0 0 0 247 486 268 22 1 0 0 0 632 353 33 6 0 0 0 0 
276 309 312 106 20 1 0 0 139 245 478 141 18 3 0 0 313 337 246 84 34 9 1 0 
365 524 94 34 7 0 0 0 268 393 296 55 12 0 0 0 467 456 68 26 7 0 0 0 
626 376 14 6 2 0 0 0 326 567 122 6 3 0 0 0 725 277 15 5 2 0 0 0 
342 539 81 35 27 0 0 0 143 509 288 32 38 14 0 0 403 487 63 69 2 0 0 0 
427 357 81 38 47 35 39 0 298 452 110 46 38 35 44 1 399 160 128 151 110 53 23 0 
278 189 259 207 68 21 2 0 262 205 230 226 78 21 2 0 181 134 100 129 151 135 171 23 
572 192 96 83 44 18 15 4 452 313 102 90 43 16 8 0 559 166 57 39 50 64 60 29 
607 344 64 9 0 0 0 0 386 531 97 8 2 0 0 0 568 114 62 173 98 9 0 0 
473 407 114 29 1 0 0 0 143 696 165 19 1 0 0 0 418 144 108 141 167 44 2 0 
837 144 38 5 0 0 0 0 370 598 49 6 1 0 0 0 845 86 24 21 37 11 0 0 
747 259 11 7 0 0 0 0 150 803 57 7 7 0 0 0 955 56 11 2 0 0 0 0 
517 439 60 8 0 0 0 0 26 542 394 54 8 0 0 0 773 221 25 5 0 0 0 0 
193 630 169 32 0 0 0 0 15 294 432 246 36 1 0 0 439 486 91 8 0 0 0 0 
151 644 177 42 7 3 0 0 24 294 523 147 29 7 0 0 572 352 84 16 0 0 0 0 
185 239 229 215 109 42 5 0 218 246 211 238 94 17 0 0 380 342 188 88 25 1 0 0 
311 431 145 82 48 7 0 0 481 349 110 60 23 1 0 0 522 381 78 34 8 1 0 0 
254 380 191 140 55 4 0 0 324 447 193 40 20 0 0 0 413 415 165 24 7 0 0 0 
277 412 180 83 59 13 0 0 322 387 157 78 62 18 0 0 509 295 113 67 37 3 0 0 
0 3 25 125 188 115 301 267 0 0 10 24 173 202 170 445 30 130 182 125 396 152 9 0 
3 34 30 227 375 335 20 0 0 1 36 25 220 404 313 25 68 219 358 347 32 0 0 0 
1 636 181 25 81 85 15 0 0 2 275 536 33 93 76 9 729 99 57 105 33 1 0 0 
112 461 284 78 31 24 29 5 33 315 272 293 55 39 17 0 543 332 78 36 32 3 0 0 
63 327 222 73 48 79 185 27 8 243 274 136 45 53 130 135 182 312 188 138 151 53 0 0 
72 205 75 69 76 72 379 76 26 224 110 32 55 79 157 341 183 130 89 118 191 311 2 0 
5 5 161 357 248 124 123 1 0 5 11 94 385 280 197 52 31 272 343 192 156 30 0 0 
0 3 79 333 321 214 74 0 0 0 2 55 331 378 216 42 8 143 431 286 133 23 0 0 
411 280 127 77 65 27 36 1 134 533 160 62 41 48 38 8 495 223 131 99 41 31 4 0 
210 420 137 160 84 13 0 0 97 413 315 151 36 12 0 0 261 362 128 111 96 58 8 0 
827 161 26 7 3 0 0 0 633 350 30 10 1 0 0 0 899 74 31 5 6 8 1 0 
920 103 1 0 0 0 0 0 614 403 7 0 0 0 0 0 966 58 0 0 0 0 0 0 
749 261 10 4 0 0 0 0 502 441 72 7 2 0 0 0 867 146 9 2 0 0 0 0 
914 110 0 0 0 0 0 0 693 269 62 0 0 0 0 0 941 83 0 0 0 0 0 0 
896 107 3 8 5 5 0 0 755 246 5 8 5 5 0 0 953 49 2 4 7 5 4 0 
582 126 110 123 70 13 0 0 539 139 108 134 53 50 1 0 595 99 45 61 68 111 45 0 
881 104 37 2 0 0 0 0 866 96 60 2 0 0 0 0 834 35 30 36 86 3 0 0 
450 488 80 6 0 0 0 0 265 627 125 7 0 0 0 0 131 127 110 443 206 7 0 0 
507 388 90 35 4 0 0 0 355 517 117 32 3 0 0 0 369 216 133 184 81 39 2 0 
744 255 23 2 0 0 0 0 427 537 54 6 0 0 0 0 826 181 15 2 0 0 0 0 
828 161 26 8 0 1 0 0 476 479 43 17 8 0 1 0 927 83 13 0 1 0 0 0 
668 305 44 7 0 0 0 0 161 726 118 17 2 0 0 0 865 132 24 3 0 0 0 0 
782 222 16 3 1 0 0 0 222 748 47 6 1 0 0 0 955 59 7 3 0 0 0 0 
339 437 199 39 7 2 1 0 89 289 350 240 50 3 2 1 536 324 136 23 2 2 1 0 
133 309 427 143 12 0 0 0 7 77 238 420 267 15 0 0 273 335 317 94 5 0 0 0 
163 439 283 115 23 1 0 0 33 203 389 288 96 15 0 0 414 382 181 43 4 0 0 0 
201 289 260 185 69 16 4 0 237 310 252 168 40 13 4 0 524 315 124 49 12 0 0 0 
37 217 252 331 152 32 3 0 94 337 380 163 47 3 0 0 217 491 246 58 11 1 0 0 
161 417 202 140 74 27 3 0 335 375 167 98 35 13 1 0 303 402 194 79 29 14 3 0 
164 478 216 76 56 28 6 0 313 456 136 71 37 11 0 0 292 471 158 69 22 12 0 0 
0 0 0 47 193 387 327 70 0 0 0 5 91 245 486 197 0 41 133 379 414 57 0 0 
0 0 0 37 185 690 112 0 0 0 0 1 67 381 534 41 0 30 150 675 164 5 0 0 
89 305 101 27 156 287 59 0 30 159 253 60 36 244 231 11 188 282 124 321 98 11 0 0 
356 523 109 26 10 0 0 0 106 659 149 97 12 1 0 0 594 361 47 17 5 0 0 0 
34 60 73 148 235 273 195 6 16 66 52 72 187 256 258 117 100 134 245 321 215 9 0 0 
0 50 56 41 47 200 500 130 0 0 32 90 44 114 418 326 60 58 46 120 425 314 1 0 
0 0 1 5 20 157 794 47 0 0 0 4 4 51 722 243 0 4 5 55 644 315 1 0 
15 13 65 272 197 206 242 14 17 13 25 49 300 212 314 94 19 131 256 234 272 110 2 0 
89 260 416 176 40 29 14 0 79 263 466 134 24 26 29 3 111 326 358 162 47 20 0 0 
49 81 337 514 40 3 0 0 69 170 627 143 14 1 0 0 37 81 231 338 264 72 1 0 
526 263 130 91 14 0 0 0 468 217 216 96 27 0 0 0 563 228 91 72 48 21 1 0 
729 92 121 54 28 0 0 0 695 80 83 123 36 7 0 0 750 94 111 55 14 0 0 0 
626 106 78 125 73 15 1 0 578 163 117 111 48 7 0 0 669 68 74 119 77 16 1 0 
943 35 12 13 10 10 1 0 919 69 10 15 9 2 0 0 934 40 12 7 15 7 7 2 
714 141 53 27 27 36 22 4 695 154 53 24 29 31 24 14 757 118 33 38 49 28 1 0 
370 137 150 200 100 51 16 0 349 146 150 229 78 46 23 3 329 119 123 143 146 133 31 0 
622 102 77 124 79 20 0 0 616 106 72 133 67 26 4 0 596 90 110 80 59 59 30 0 
818 170 31 2 1 1 1 0 744 218 53 5 1 2 1 0 649 162 141 48 20 4 0 0 
672 255 74 14 9 0 0 0 659 274 70 15 6 0 0 0 509 251 212 36 15 1 0 0 
743 256 25 0 0 0 0 0 656 348 20 0 0 0 0 0 645 197 101 78 3 0 0 0 
559 239 114 57 33 20 2 0 441 275 108 100 54 25 20 1 732 170 62 39 18 3 0 0 
652 273 61 32 6 0 0 0 328 508 112 41 30 5 0 0 848 118 38 20 0 0 0 0 
685 331 6 2 0 0 0 0 79 903 37 5 0 0 0 0 966 53 3 2 0 0 0 0 
543 400 71 10 0 0 0 0 71 693 191 51 18 0 0 0 851 126 43 4 0 0 0 0 
171 511 262 73 7 0 0 0 22 352 326 243 79 2 0 0 523 309 160 32 0 0 0 0 
372 383 153 76 31 9 0 0 282 321 242 93 55 29 2 0 632 248 104 31 9 0 0 0 
341 359 223 87 13 1 0 0 487 340 149 42 6 0 0 0 649 262 94 19 0 0 0 0 
112 339 313 188 57 14 1 0 203 312 355 129 19 6 0 0 405 429 149 31 9 1 0 0 
477 453 67 20 6 1 0 0 659 303 43 15 4 0 0 0 555 400 50 15 3 1 0 0 
201 613 109 64 29 8 0 0 372 501 77 46 19 9 0 0 303 565 107 30 17 2 0 0 
0 0 0 85 235 596 106 2 0 0 0 4 123 328 520 49 1 62 179 680 102 0 0 0 
0 0 25 128 307 425 139 0 0 0 0 15 208 361 413 27 1 90 274 417 241 1 0 0 
370 223 46 23 73 185 103 1 243 332 60 24 37 95 218 15 472 162 56 178 145 11 0 0 
925 91 8 0 0 0 0 0 808 203 12 1 0 0 0 0 957 60 7 0 0 0 0 0 
179 421 173 108 91 48 4 0 107 323 246 133 125 68 22 0 374 366 160 99 24 1 0 0 
311 477 50 49 45 56 31 5 277 78 398 103 48 61 40 19 780 73 45 48 56 22 0 0 
255 61 19 20 39 114 323 193 165 151 16 20 31 76 228 337 299 35 29 53 205 402 1 0 
29 35 97 125 79 87 392 180 10 45 30 35 139 112 228 425 154 106 100 61 373 224 6 0 
27 74 241 331 125 118 98 10 17 54 103 60 336 231 147 76 230 333 207 113 98 43 0 0 
561 167 123 97 42 21 13 0 552 228 116 55 25 18 20 10 570 138 94 88 97 36 1 0 
969 48 7 0 0 0 0 0 965 49 8 2 0 0 0 0 979 39 6 0 0 0 0 0 
648 201 107 45 21 2 0 0 645 118 164 69 27 1 0 0 695 198 82 37 12 0 0 0 
652 133 147 74 17 1 0 0 687 123 130 70 13 1 0 0 639 153 137 69 18 7 1 0 
877 92 19 8 9 9 7 3 857 110 20 7 9 7 7 7 927 57 12 11 11 6 0 0 
615 125 98 71 48 45 22 0 591 120 98 77 53 39 36 10 643 126 107 73 58 17 0 0 
388 370 114 45 62 24 21 0 326 366 177 70 37 21 22 5 444 230 109 109 55 54 20 3 
516 272 112 59 44 19 2 0 435 312 136 72 56 11 2 0 611 219 98 57 25 12 2 0 
569 234 112 61 38 8 2 0 443 296 129 82 53 16 5 0 562 194 138 105 23 2 0 0 
629 244 124 24 3 0 0 0 515 359 130 16 4 0 0 0 356 189 237 164 71 7 0 0 
605 320 86 13 0 0 0 0 409 468 99 46 2 0 0 0 657 227 91 47 2 0 0 0 
660 309 43 12 0 0 0 0 515 429 66 13 1 0 0 0 868 133 22 1 0 0 0 0 
431 465 103 23 2 0 0 0 268 539 152 59 5 1 0 0 735 220 61 7 1 0 0 0 
427 522 69 6 0 0 0 0 167 518 309 30 0 0 0 0 735 259 30 0 0 0 0 0 
755 241 22 6 0 0 0 0 635 328 52 8 1 0 0 0 914 91 15 4 0 0 0 0 
297 554 164 9 0 0 0 0 91 431 400 98 4 0 0 0 668 326 30 0 0 0 0 0 
312 396 199 86 27 4 0 0 358 350 214 77 23 2 0 0 546 316 105 43 14 0 0 0 
633 253 65 43 21 9 0 0 724 203 55 29 13 0 0 0 820 115 52 31 6 0 0 0 
556 411 42 12 3 0 0 0 724 273 17 10 0 0 0 0 724 276 19 5 0 0 0 0 
560 327 63 42 27 5 0 0 711 238 52 20 3 0 0 0 639 305 59 20 1 0 0 0 
113 663 153 67 22 4 2 0 375 502 104 31 9 2 1 0 235 637 106 34 9 3 0 0 
0 0 1 162 541 292 28 0 0 0 0 4 206 610 183 21 0 80 420 481 43 0 0 0 
0 0 127 516 224 109 48 0 0 0 0 34 635 244 106 5 1 502 321 120 80 0 0 0 
143 13 9 26 204 481 147 1 125 26 11 6 77 377 381 21 158 16 161 439 229 21 0 0 
777 11 9 15 35 95 76 6 752 35 8 10 24 62 110 23 787 14 29 72 91 29 2 0 
793 227 4 0 0 0 0 0 638 348 38 0 0 0 0 0 944 77 3 0 0 0 0 0 
979 45 0 0 0 0 0 0 922 102 0 0 0 0 0 0 1004 20 0 0 0 0 0 0 
540 484 0 0 0 0 0 0 334 591 99 0 0 0 0 0 890 134 0 0 0 0 0 0 
303 40 13 15 27 108 412 106 282 53 18 15 17 34 220 385 337 21 22 98 400 145 1 0 
0 0 213 377 115 84 157 78 0 0 0 16 396 276 118 218 377 248 99 76 162 62 0 0 
128 12 67 245 60 35 163 314 120 17 5 22 177 174 59 450 297 164 47 24 63 378 51 0 
767 100 19 7 12 7 58 54 746 119 19 8 11 8 24 89 782 96 12 13 19 82 20 0 
952 70 2 0 0 0 0 0 951 71 2 0 0 0 0 0 965 59 0 0 0 0 0 0 
933 58 15 16 2 0 0 0 928 61 16 17 2 0 0 0 945 50 19 10 0 0 0 0 
995 21 6 2 0 0 0 0 1003 14 5 2 0 0 0 0 1004 13 5 2 0 0 0 0 
765 180 54 23 2 0 0 0 727 170 87 33 7 0 0 0 859 106 53 6 0 0 0 0 
723 252 35 12 2 0 0 0 668 288 55 11 2 0 0 0 821 169 25 8 1 0 0 0 
569 361 63 27 4 0 0 0 425 395 154 38 11 1 0 0 733 216 56 16 3 0 0 0 
404 400 141 58 21 0 0 0 237 391 290 66 38 2 0 0 584 296 90 53 1 0 0 0 
486 205 154 113 61 5 0 0 347 285 152 132 90 18 0 0 623 173 126 86 16 0 0 0 
446 357 162 49 9 1 0 0 319 290 279 114 19 3 0 0 660 252 94 14 3 1 0 0 
495 323 132 63 11 0 0 0 411 241 253 92 27 0 0 0 636 265 90 33 0 0 0 0 
621 292 91 20 0 0 0 0 519 314 150 41 0 0 0 0 777 201 42 4 0 0 0 0 
550 338 98 36 2 0 0 0 467 349 134 60 14 0 0 0 721 220 69 14 0 0 0 0 
685 283 31 21 4 0 0 0 486 410 99 28 1 0 0 0 852 137 17 17 1 0 0 0 
364 265 77 98 148 64 8 0 211 352 116 111 171 60 3 0 510 177 47 78 83 125 4 0 
227 118 124 100 273 142 40 0 220 115 37 145 310 149 47 1 299 127 92 47 146 224 87 2 
290 240 28 33 142 187 101 3 293 225 40 58 168 174 66 0 453 90 16 24 103 211 120 7 
553 430 22 7 5 7 0 0 739 247 21 6 5 6 0 0 783 210 14 7 4 6 0 0 
378 545 43 36 20 2 0 0 602 322 41 28 26 5 0 0 580 362 38 31 13 0 0 0 
410 442 113 47 12 0 0 0 536 323 97 50 18 0 0 0 517 368 103 31 5 0 0 0 
0 0 12 547 407 54 4 0 0 0 3 32 617 343 26 3 3 137 715 160 8 1 0 0 
0 351 113 236 152 157 15 0 0 0 355 136 268 156 109 0 338 187 271 140 88 0 0 0 
0 5 38 47 110 591 225 8 0 0 16 40 70 281 533 84 1 53 82 405 432 51 0 0 
68 5 5 20 110 612 201 3 65 4 6 11 26 237 612 63 73 17 82 558 286 8 0 0 
877 24 5 7 11 47 52 1 851 50 3 3 10 19 64 24 896 12 11 59 44 2 0 0 
1016 8 0 0 0 0 0 0 1004 20 0 0 0 0 0 0 1021 3 0 0 0 0 0 0 
989 35 0 0 0 0 0 0 982 42 0 0 0 0 0 0 1002 22 0 0 0 0 0 0 
614 97 22 20 38 64 117 52 597 106 26 14 26 52 72 131 690 57 51 58 106 62 0 0 
0 21 25 120 138 209 295 216 0 12 20 31 85 182 254 440 62 169 176 194 259 164 0 0 
0 0 0 3 61 231 434 295 0 0 0 0 3 64 284 673 27 76 212 223 298 188 0 0 
113 51 13 11 54 177 505 100 114 48 12 5 20 68 321 436 143 35 34 138 506 160 8 0 
843 28 8 8 7 34 81 15 841 26 10 7 7 18 47 68 853 27 12 31 78 22 1 0 
760 184 55 25 0 0 0 0 741 187 59 35 2 0 0 0 840 120 54 10 0 0 0 0 
854 140 21 8 1 0 0 0 890 107 21 6 0 0 0 0 892 106 21 5 0 0 0 0 
717 231 53 16 4 3 0 0 659 255 70 32 2 5 1 0 817 154 43 4 5 1 0 0 
436 409 149 20 7 3 0 0 359 354 238 53 12 6 2 0 611 290 104 14 4 1 0 0 
434 450 70 28 17 20 5 0 264 488 184 34 21 15 18 0 661 274 51 25 13 0 0 0 
562 237 120 87 18 0 0 0 464 275 150 95 40 0 0 0 677 188 117 39 3 0 0 0 
632 290 65 19 16 2 0 0 570 324 83 23 15 9 0 0 755 209 33 16 11 0 0 0 
434 273 210 66 34 7 0 0 286 308 193 173 44 19 1 0 602 238 125 46 12 1 0 0 
829 165 25 5 0 0 0 0 839 154 25 6 0 0 0 0 920 83 20 1 0 0 0 0 
544 406 61 13 0 0 0 0 333 351 291 48 1 0 0 0 835 159 26 4 0 0 0 0 
467 341 139 69 8 0 0 0 346 241 267 125 40 5 0 0 718 189 87 29 1 0 0 0 
271 49 26 38 408 226 6 0 272 53 18 31 437 208 5 0 279 49 19 30 153 384 109 1 
0 0 0 39 704 258 22 1 0 0 0 30 678 298 18 0 0 0 0 0 109 757 148 10 
0 2 100 324 425 140 33 0 0 0 66 435 372 121 29 1 0 7 73 220 392 270 61 1 
3 4 152 256 367 174 57 11 3 3 55 446 331 138 44 4 2 74 159 198 300 207 69 15 
283 172 41 146 217 137 27 1 357 102 55 170 235 89 16 0 329 122 20 114 224 174 39 2 
413 298 169 93 44 7 0 0 487 218 77 128 91 23 0 0 527 279 117 66 34 1 0 0 
252 361 317 90 4 0 0 0 270 247 165 236 105 1 0 0 399 470 136 18 1 0 0 0 
