492 257 167 72 30 6 0 0 236 369 203 137 61 18 0 0 583 231 120 69 21 0 0 0 
416 384 161 49 12 2 0 0 259 395 260 83 24 3 0 0 534 324 129 27 10 0 0 0 
475 312 155 56 19 6 1 0 438 264 190 78 38 11 5 0 573 275 116 37 17 6 0 0 
888 97 26 10 3 0 0 0 788 182 29 18 7 0 0 0 906 84 24 9 1 0 0 0 
802 187 35 0 0 0 0 0 693 228 71 31 1 0 0 0 810 200 14 0 0 0 0 0 
509 287 179 40 4 2 3 0 417 258 227 99 17 2 4 0 606 292 95 26 1 2 2 0 
153 320 324 159 58 7 2 1 69 244 285 289 106 25 3 3 332 321 222 108 35 3 2 1 
263 228 302 161 53 13 4 0 208 180 180 254 162 34 5 1 286 235 250 177 55 20 1 0 
578 227 136 53 19 9 2 0 453 239 158 106 41 20 7 0 607 214 132 43 19 8 1 0 
31 194 492 274 32 1 0 0 7 20 90 436 401 69 1 0 71 311 433 198 11 0 0 0 
17 202 476 314 14 1 0 0 0 6 115 401 453 46 3 0 125 447 415 32 4 1 0 0 
28 92 470 290 104 38 2 0 0 15 77 321 447 116 45 3 47 203 464 163 91 46 10 0 
70 340 303 207 98 6 0 0 2 61 331 306 199 119 6 0 207 339 217 175 77 9 0 0 
67 157 302 336 156 6 0 0 7 62 120 243 382 197 13 0 267 331 190 187 46 3 0 0 
39 136 154 364 305 25 1 0 18 16 104 154 302 377 52 1 60 198 239 309 191 25 2 0 
11 74 195 327 396 21 0 0 2 7 52 187 302 440 34 0 17 77 265 387 215 63 0 0 
95 124 169 226 362 44 4 0 17 78 131 160 242 357 37 2 146 107 111 150 313 187 10 0 
93 212 394 259 52 14 0 0 58 44 185 427 255 47 8 0 146 211 272 302 75 18 0 0 
209 167 376 202 62 7 1 0 177 110 93 331 246 60 7 0 237 275 267 172 65 7 1 0 
455 108 196 235 27 1 2 0 414 82 77 193 221 34 2 1 530 282 180 29 1 2 0 0 
333 130 146 204 131 64 12 4 239 190 116 153 206 88 25 7 433 223 157 98 81 25 5 2 
198 220 219 248 101 27 8 3 157 184 196 197 207 65 13 5 371 276 196 128 38 10 4 1 
449 255 110 118 69 22 1 0 54 484 187 105 117 63 14 0 651 160 92 72 46 3 0 0 
131 308 359 144 49 22 6 5 62 155 264 344 154 27 12 6 410 344 181 59 18 6 4 2 
176 300 265 155 95 23 5 5 25 160 264 318 169 66 17 5 436 301 138 97 39 4 5 4 
196 279 241 152 103 36 15 2 74 252 269 211 135 66 15 2 496 235 148 93 30 16 6 0 
97 299 350 193 66 12 6 1 81 135 285 347 138 28 9 1 391 328 208 74 19 3 1 0 
135 183 212 317 114 52 11 0 71 173 145 159 342 109 20 5 511 204 171 65 55 17 1 0 
73 106 165 342 150 77 52 59 33 90 117 159 335 129 57 104 309 267 167 97 62 47 71 4 
19 313 237 303 125 26 1 0 16 32 286 353 273 62 2 0 344 218 270 157 27 7 1 0 
13 355 244 171 110 83 36 12 4 19 263 390 230 87 26 5 319 284 217 127 55 20 2 0 
33 431 239 203 63 40 13 2 38 97 446 196 172 55 15 5 526 172 199 86 32 4 5 0 
583 310 115 14 2 0 0 0 404 370 211 33 5 1 0 0 582 304 121 15 2 0 0 0 
629 234 142 17 2 0 0 0 489 257 203 69 6 0 0 0 694 249 68 10 3 0 0 0 
666 216 96 35 10 1 0 0 614 210 122 58 13 6 1 0 755 169 66 26 8 0 0 0 
627 203 84 57 44 5 3 1 577 172 141 84 38 7 2 3 748 160 70 32 9 2 3 0 
428 334 172 68 9 5 3 5 321 302 207 132 44 8 3 7 524 326 126 34 3 4 4 3 
446 305 193 64 16 0 0 0 261 365 247 116 34 1 0 0 456 267 199 79 23 0 0 0 
338 302 210 98 53 23 0 0 211 370 215 164 62 2 0 0 437 271 174 113 29 0 0 0 
162 339 320 154 46 3 0 0 112 144 274 313 132 48 1 0 224 328 246 124 91 11 0 0 
79 142 265 355 175 8 0 0 32 70 121 260 374 161 6 0 107 155 207 250 262 43 0 0 
63 251 394 267 48 1 0 0 2 60 225 354 316 65 2 0 152 377 296 139 59 1 0 0 
92 297 269 195 136 33 2 0 7 77 283 284 199 142 31 1 85 302 244 171 161 52 9 0 
102 343 225 153 143 50 8 0 32 99 328 219 154 139 48 5 122 304 230 118 150 79 20 1 
116 301 278 154 71 62 36 6 9 158 291 296 100 68 69 33 175 280 270 141 72 57 27 2 
158 268 194 219 105 64 16 0 41 149 200 212 234 104 59 25 398 255 165 110 57 37 2 0 
574 181 85 111 54 18 1 0 374 253 138 77 109 57 16 0 625 173 47 72 74 29 4 0 
198 103 274 350 88 11 0 0 133 89 88 215 383 110 6 0 199 76 137 389 200 23 0 0 
358 139 202 188 108 28 1 0 205 212 118 148 206 113 22 0 429 133 164 177 94 25 2 0 
316 252 298 124 28 6 0 0 205 195 185 300 108 28 3 0 395 161 271 166 29 2 0 0 
226 165 309 223 82 19 0 0 166 119 128 319 212 69 11 0 264 105 196 294 139 24 2 0 
206 100 277 323 98 20 0 0 203 66 60 233 359 95 8 0 257 182 245 224 94 22 0 0 
78 121 307 334 121 39 11 13 110 79 126 336 290 60 14 9 233 320 301 107 36 11 9 7 
222 254 206 220 81 19 13 9 146 269 195 224 143 30 9 8 426 289 209 56 24 4 10 6 
345 295 170 126 56 30 2 0 154 273 271 165 103 42 15 1 560 218 124 76 40 6 0 0 
285 326 171 106 75 40 17 4 37 275 352 161 111 52 24 12 608 164 102 84 45 18 2 1 
135 287 279 156 79 65 15 8 71 203 319 223 110 58 30 10 458 258 156 85 46 13 1 7 
157 355 195 195 76 32 12 2 18 96 409 226 185 71 16 3 515 182 164 105 37 17 3 1 
164 311 263 164 101 19 1 1 46 134 294 265 187 75 20 3 471 259 156 92 43 2 1 0 
35 423 313 169 63 20 1 0 4 24 307 398 209 66 15 1 642 224 105 41 9 3 0 0 
8 170 316 338 110 63 16 3 2 10 139 397 350 96 25 5 247 280 331 121 31 13 1 0 
48 188 259 240 194 81 12 2 0 64 214 275 247 187 33 4 245 294 248 143 73 20 1 0 
158 197 198 203 152 87 25 4 74 235 272 213 126 76 24 4 318 176 216 159 95 50 10 0 
209 400 278 95 32 10 0 0 85 336 389 158 40 15 1 0 674 233 80 31 6 0 0 0 
721 228 59 15 0 1 0 0 570 333 92 27 1 1 0 0 749 213 50 11 1 0 0 0 
409 356 174 46 24 12 3 0 229 369 266 93 38 18 10 1 439 357 140 55 25 7 1 0 
324 329 174 94 60 27 14 2 203 275 258 129 61 62 24 12 489 258 134 62 50 22 8 1 
422 181 243 70 40 45 13 10 336 178 179 182 53 40 38 18 488 254 145 47 43 29 13 5 
199 190 260 143 98 88 31 15 122 140 175 240 126 103 76 42 370 264 145 71 70 74 25 5 
351 172 215 185 70 16 9 6 178 262 102 220 156 75 14 17 445 238 181 116 25 8 8 3 
171 354 282 100 80 33 4 0 86 120 325 281 98 75 35 4 298 379 170 81 50 39 7 0 
150 247 271 272 64 13 6 1 87 94 177 331 269 48 12 6 176 198 248 253 123 20 6 0 
91 248 431 123 76 45 8 2 58 93 193 466 105 76 27 6 224 346 359 63 23 7 2 0 
179 448 291 82 23 1 0 0 16 229 356 322 70 30 1 0 229 416 261 78 39 1 0 0 
366 499 98 43 17 1 0 0 63 472 355 86 31 17 0 0 509 364 91 38 18 4 0 0 
250 682 72 8 10 2 0 0 62 227 603 117 9 6 0 0 454 524 32 7 7 0 0 0 
45 158 264 286 139 68 38 26 110 135 182 231 193 105 47 21 219 319 259 144 60 18 5 0 
48 92 185 261 156 109 111 62 24 36 93 203 290 170 120 88 216 275 291 169 64 9 0 0 
550 185 108 94 60 22 2 3 220 443 77 108 89 67 18 2 636 137 82 106 55 8 0 0 
405 113 151 179 134 13 8 21 147 318 67 144 190 123 13 22 413 119 121 195 149 26 1 0 
36 65 231 249 123 96 95 129 6 28 73 241 282 157 122 115 88 129 245 378 163 20 1 0 
163 120 360 265 111 5 0 0 105 76 90 326 293 124 10 0 189 193 303 237 99 3 0 0 
491 161 212 145 15 0 0 0 413 142 106 210 130 23 0 0 529 122 223 135 15 0 0 0 
423 174 182 182 46 13 2 2 353 115 155 174 171 46 7 3 459 178 126 167 80 13 1 0 
361 165 242 157 87 11 1 0 303 155 93 257 172 38 6 0 455 253 197 91 23 5 0 0 
658 204 47 55 58 2 0 0 264 451 166 49 80 13 1 0 785 185 43 10 1 0 0 0 
289 253 216 189 70 5 2 0 134 257 212 226 150 42 3 0 417 211 245 115 33 3 0 0 
499 150 219 100 50 6 0 0 12 503 130 229 101 46 3 0 582 137 169 91 40 5 0 0 
593 208 88 64 45 23 3 0 59 638 163 58 39 45 20 2 771 101 49 40 46 16 1 0 
480 314 89 128 12 1 0 0 43 432 330 90 123 6 0 0 754 93 70 105 2 0 0 0 
47 114 138 227 193 113 97 95 17 90 155 213 213 126 101 109 134 175 198 152 111 71 68 115 
363 332 167 93 49 13 6 1 59 443 293 117 72 31 8 1 720 146 86 53 15 4 0 0 
78 310 156 160 200 97 23 0 2 78 357 155 168 186 69 9 406 146 123 166 129 47 7 0 
58 315 310 217 83 27 13 1 0 35 290 399 194 79 17 10 396 215 247 103 37 18 8 0 
156 251 175 238 159 38 7 0 15 204 217 215 255 97 19 2 380 151 166 227 77 23 0 0 
308 458 133 42 29 23 16 15 23 268 540 86 27 36 21 23 762 129 47 29 11 10 15 21 
989 29 3 2 1 0 0 0 940 76 3 3 2 0 0 0 988 31 2 2 1 0 0 0 
829 117 59 14 5 0 0 0 692 216 72 35 9 0 0 0 861 89 60 13 1 0 0 0 
360 370 165 88 28 12 1 0 276 183 335 139 57 25 7 2 510 302 111 62 30 8 1 0 
98 449 323 83 38 23 7 3 61 58 434 331 73 40 20 7 385 329 187 67 28 19 4 5 
67 290 387 170 77 31 2 0 143 86 176 404 140 50 23 2 276 406 212 58 51 19 2 0 
52 164 418 239 69 37 20 25 13 45 134 404 271 79 38 40 149 401 272 104 43 23 23 9 
29 154 154 217 251 134 66 19 7 30 158 144 237 280 114 54 149 263 240 216 108 43 5 0 
140 392 289 137 45 6 4 11 24 182 352 270 138 39 5 14 193 362 255 145 51 4 12 2 
238 188 124 115 138 104 70 47 77 237 138 141 135 139 85 72 415 233 176 109 58 27 5 1 
238 434 210 62 48 21 9 2 102 191 393 201 58 51 19 9 330 410 215 48 11 8 2 0 
146 500 186 46 36 46 51 13 11 181 420 243 48 43 48 30 496 359 66 39 29 24 11 0 
72 309 216 110 100 83 68 66 5 58 306 265 128 92 84 86 282 289 142 98 86 54 51 22 
24 49 106 139 119 149 186 252 19 25 68 147 162 145 169 289 206 219 201 200 120 53 21 4 
27 52 86 145 126 128 156 304 18 36 56 104 159 182 159 310 152 176 199 208 172 93 24 0 
172 214 269 75 65 70 69 90 57 220 121 281 117 81 68 79 269 274 287 142 36 16 0 0 
130 93 174 143 137 106 96 145 56 131 78 185 138 143 142 151 279 183 238 166 109 45 4 0 
75 44 147 142 151 109 114 242 60 22 55 170 184 169 141 223 149 170 263 251 138 52 1 0 
138 149 362 277 79 17 2 0 101 45 117 388 278 78 15 2 143 95 321 356 98 11 0 0 
269 154 346 146 40 40 26 3 237 61 123 346 181 50 23 3 286 218 315 95 40 37 29 4 
391 48 79 138 148 111 82 27 353 62 49 83 150 175 93 59 539 207 170 80 24 4 0 0 
3 26 169 377 189 134 89 37 0 2 21 177 400 208 139 77 382 364 194 60 21 3 0 0 
7 6 157 631 212 11 0 0 2 5 4 55 710 240 8 0 786 177 44 12 4 1 0 0 
124 38 46 413 366 33 4 0 47 97 29 33 456 352 10 0 526 243 154 79 17 4 1 0 
583 236 68 45 46 35 10 1 152 532 155 70 41 38 33 3 794 96 45 26 33 22 8 0 
326 241 175 201 43 20 9 9 72 338 288 173 101 28 15 9 544 236 128 74 26 6 4 6 
535 292 86 72 26 8 5 0 27 444 352 84 81 24 7 5 768 85 74 62 22 12 1 0 
251 288 280 145 40 17 3 0 21 204 463 218 92 18 8 0 550 260 165 34 12 3 0 0 
206 480 233 72 28 5 0 0 32 202 510 193 70 15 2 0 584 302 100 32 6 0 0 0 
187 435 228 94 51 24 5 0 69 310 392 144 55 37 15 2 643 205 102 46 20 8 0 0 
372 418 155 61 18 0 0 0 22 109 666 162 51 14 0 0 777 141 79 27 0 0 0 0 
95 666 158 77 26 2 0 0 0 73 634 226 65 24 2 0 708 198 72 36 10 0 0 0 
13 238 183 137 233 163 41 16 8 69 145 274 140 231 133 24 291 135 76 120 212 146 35 9 
600 194 78 76 45 19 7 5 465 265 103 67 68 38 11 7 670 151 67 55 54 20 6 1 
90 359 278 165 110 21 1 0 41 72 367 290 147 98 8 1 149 372 188 149 107 56 3 0 
145 315 349 147 55 8 4 1 35 167 308 329 133 44 3 5 241 210 267 183 102 17 4 0 
163 424 165 120 68 31 26 27 48 224 338 185 111 53 25 40 467 200 130 115 48 17 31 16 
117 287 513 63 18 18 8 0 16 112 205 562 89 17 18 5 281 524 164 21 15 16 3 0 
27 326 530 116 14 7 4 0 3 21 190 577 208 18 7 0 327 534 133 17 9 4 0 0 
14 86 333 184 113 99 91 104 1 22 92 311 236 123 111 128 222 318 183 115 105 61 20 0 
42 145 327 226 98 64 75 47 14 43 123 284 262 102 76 120 144 280 208 145 97 64 82 4 
86 116 179 187 136 103 99 118 53 70 132 203 188 121 108 149 202 209 201 189 129 65 25 4 
211 289 228 106 103 56 20 11 88 203 277 206 134 60 35 21 350 311 188 102 48 22 3 0 
84 218 391 81 37 50 51 112 25 73 160 463 88 58 54 103 166 285 336 159 46 25 7 0 
59 121 220 106 110 128 123 157 39 57 127 220 136 134 140 171 168 190 288 206 133 28 11 0 
66 202 143 121 111 120 97 164 44 112 213 118 129 129 103 176 225 278 172 96 91 98 57 7 
54 191 175 185 106 88 77 148 20 84 174 192 184 114 84 172 212 268 171 112 79 99 81 2 
123 245 254 111 77 53 57 104 30 109 197 313 138 73 56 108 254 349 199 97 60 56 9 0 
11 59 172 93 177 176 130 206 10 9 61 185 168 220 147 224 115 293 251 125 102 101 37 0 
55 101 242 179 114 54 69 210 20 42 105 232 238 101 74 212 252 275 155 89 95 112 43 3 
160 59 121 140 183 150 126 85 133 54 88 135 171 195 139 109 386 253 162 127 65 26 5 0 
348 125 155 121 94 79 53 49 387 116 155 112 94 64 49 47 449 128 141 113 101 57 29 6 
164 80 67 111 117 169 152 164 135 81 81 101 133 167 164 162 368 214 179 128 86 38 11 0 
8 115 118 159 117 121 147 239 1 40 137 163 168 122 152 241 295 186 165 155 128 84 11 0 
93 168 304 259 102 54 31 13 97 131 236 246 185 82 37 10 460 255 151 84 43 22 8 1 
207 291 361 116 42 5 2 0 60 125 343 271 190 30 4 1 666 218 76 47 14 3 0 0 
476 236 204 53 16 22 8 9 111 426 198 209 30 21 15 14 698 204 69 17 19 4 7 6 
396 215 287 105 13 4 2 2 322 201 176 253 57 10 2 3 515 263 189 46 7 1 3 0 
573 231 133 56 25 6 0 0 166 479 175 132 51 19 2 0 680 192 97 38 15 2 0 0 
400 204 185 144 58 25 8 0 122 399 234 133 80 41 15 0 609 190 114 58 42 11 0 0 
323 461 180 47 13 0 0 0 32 372 383 191 43 3 0 0 684 215 95 25 5 0 0 0 
213 318 141 207 111 26 7 1 98 303 236 133 156 83 14 1 496 171 130 124 89 13 0 1 
117 393 232 223 52 5 1 1 23 171 354 232 214 27 2 1 489 194 219 115 6 1 0 0 
82 169 189 242 216 101 23 2 25 125 129 227 276 190 47 5 215 153 155 255 195 46 5 0 
23 165 386 250 138 49 11 2 9 153 274 309 139 108 29 3 291 342 197 102 70 20 2 0 
215 477 236 94 2 0 0 0 43 291 409 205 74 2 0 0 330 376 213 102 3 0 0 0 
258 507 233 23 3 0 0 0 104 236 482 181 21 0 0 0 303 379 294 47 1 0 0 0 
245 555 205 15 4 0 0 0 65 317 497 134 9 2 0 0 424 382 204 12 2 0 0 0 
18 319 532 123 31 1 0 0 1 31 296 536 130 29 1 0 95 493 303 100 31 2 0 0 
7 100 530 249 104 30 4 0 1 7 62 499 307 113 32 3 45 405 312 155 76 27 4 0 
49 284 397 223 59 12 0 0 0 40 223 433 250 63 15 0 154 370 249 179 62 10 0 0 
70 147 221 157 186 136 69 38 14 81 135 228 209 181 122 54 205 274 262 193 72 17 1 0 
339 150 191 161 96 56 25 6 212 166 146 182 159 79 62 18 409 156 172 157 67 41 19 3 
58 73 152 205 140 91 74 231 32 65 84 166 201 137 79 260 121 179 198 131 91 63 96 145 
99 156 128 156 150 104 56 175 44 90 156 146 160 146 90 192 149 189 160 127 118 87 67 127 
127 161 93 103 144 119 74 203 80 96 149 112 136 135 94 222 262 163 144 102 96 83 75 99 
51 61 138 212 174 93 89 206 35 34 76 173 224 158 99 225 94 170 179 171 186 130 80 14 
20 79 171 194 237 157 97 69 2 37 84 190 215 247 164 85 200 238 224 198 105 52 7 0 
6 67 246 271 144 101 74 115 1 13 80 258 323 126 90 133 107 294 309 169 68 46 23 8 
153 187 312 236 69 26 10 31 57 156 128 323 237 61 26 36 193 275 257 187 55 20 14 23 
5 17 60 169 180 158 191 244 4 15 49 162 165 173 187 269 141 163 225 182 117 113 80 3 
19 30 121 339 259 111 71 74 13 10 54 114 260 367 114 92 126 199 339 198 74 64 24 0 
41 40 84 202 227 183 111 136 38 30 71 142 200 265 135 143 175 204 269 229 92 46 9 0 
37 31 43 94 199 185 197 238 28 25 41 92 155 226 216 241 219 196 237 221 115 34 2 0 
44 71 147 192 143 100 118 209 26 43 100 170 215 138 121 211 245 280 199 146 100 45 9 0 
28 241 252 143 100 82 83 95 2 53 242 268 147 104 79 129 476 200 118 78 62 57 33 0 
213 280 143 143 116 65 34 30 8 273 261 137 140 110 55 40 572 168 142 85 30 12 14 1 
59 355 383 165 45 9 4 4 18 72 241 453 180 44 9 7 441 316 195 40 22 5 4 1 
72 163 311 244 150 66 14 4 26 64 174 445 207 80 24 4 563 178 155 71 47 10 0 0 
200 440 193 127 57 7 0 0 110 179 309 292 101 29 4 0 631 216 105 57 15 0 0 0 
485 221 150 60 49 20 9 30 303 317 144 118 49 47 11 35 643 196 76 40 16 17 6 30 
411 240 216 116 39 2 0 0 233 345 267 130 41 8 0 0 681 215 82 37 9 0 0 0 
417 385 65 92 42 20 3 0 133 480 224 62 89 26 10 0 834 88 50 27 18 7 0 0 
60 126 137 422 191 62 21 5 15 100 115 163 453 139 28 11 365 245 242 111 39 17 5 0 
178 235 412 156 35 8 0 0 98 171 287 346 100 21 1 0 436 359 178 40 10 1 0 0 
31 549 264 116 60 4 0 0 11 38 432 399 92 49 3 0 544 286 98 55 41 0 0 0 
44 198 201 237 217 100 24 3 11 97 278 239 150 177 65 7 350 208 166 103 152 45 0 0 
194 241 269 141 50 28 13 88 118 169 238 233 111 48 16 91 232 224 268 135 52 16 15 82 
207 181 163 107 81 55 54 176 125 141 170 156 95 92 57 188 268 143 190 101 67 53 74 128 
93 179 194 168 154 125 37 74 27 99 195 193 166 154 100 90 180 255 154 140 103 102 46 44 
28 99 234 261 87 58 75 182 2 37 109 232 274 86 86 198 81 100 248 242 123 59 64 107 
50 130 125 403 169 90 39 18 10 73 122 165 402 145 74 33 131 200 148 289 222 30 4 0 
235 104 233 372 71 9 0 0 124 165 75 247 355 50 8 0 259 81 97 402 168 16 1 0 
85 131 157 165 96 92 85 213 46 95 144 185 133 107 92 222 208 160 159 146 120 71 93 67 
178 199 170 147 112 63 46 109 90 178 197 138 146 95 51 129 343 216 151 88 70 46 44 66 
33 213 278 269 133 32 21 45 7 50 249 314 211 108 28 57 259 350 215 103 37 22 32 6 
68 247 263 151 101 83 62 49 5 95 262 267 131 118 85 61 286 291 164 120 88 38 31 6 
110 176 186 170 128 103 102 49 36 133 185 209 159 121 120 61 370 226 149 127 88 41 22 1 
58 94 156 313 214 73 41 75 32 64 97 204 312 166 64 85 220 251 240 142 77 44 31 19 
50 66 167 229 163 93 75 181 43 50 126 175 206 147 84 193 173 170 153 160 125 88 68 87 
52 147 212 230 175 76 43 89 24 71 192 215 239 128 53 102 281 223 201 132 67 41 63 16 
19 78 165 151 123 113 89 286 2 24 110 177 167 134 107 303 103 138 159 144 111 106 131 132 
12 73 211 302 191 68 54 113 1 36 126 299 286 102 56 118 161 299 269 97 55 61 56 26 
26 58 143 239 222 130 62 144 11 47 104 202 249 171 81 159 114 179 247 168 107 66 67 76 
23 28 76 142 184 147 174 250 23 24 66 150 176 156 176 253 135 183 185 170 119 102 98 32 
43 42 64 113 119 115 153 375 43 40 57 113 127 118 158 368 170 144 133 198 181 124 57 17 
75 131 186 254 115 57 50 156 28 91 133 235 228 94 60 155 261 219 236 124 85 76 17 6 
138 224 274 171 70 37 39 71 30 166 259 264 136 57 40 72 437 298 138 65 41 37 8 0 
43 76 87 167 184 207 133 127 30 66 73 138 188 220 161 148 257 217 245 132 74 39 28 32 
54 220 402 119 75 52 38 64 10 60 150 447 159 80 49 69 473 208 117 96 60 27 23 20 
53 403 325 106 55 43 19 20 31 78 359 351 114 35 31 25 590 260 75 37 34 11 10 7 
55 485 320 79 30 12 12 31 0 26 307 491 113 33 15 39 698 193 58 18 10 12 20 15 
64 176 172 49 51 47 115 350 47 52 67 250 81 52 88 387 253 126 70 53 63 118 205 136 
448 153 76 51 37 37 64 158 237 323 90 71 39 29 66 169 561 97 73 41 51 54 42 105 
156 263 346 159 54 20 9 17 110 90 251 356 138 42 17 20 528 248 149 56 14 12 6 11 
27 93 654 195 37 11 7 0 32 74 119 553 215 21 9 1 595 342 59 10 4 11 3 0 
21 156 426 81 50 177 46 67 9 22 158 449 64 88 142 92 390 252 56 48 123 71 22 62 
21 53 198 429 111 53 64 95 6 34 98 329 311 63 68 115 65 198 425 126 34 55 63 58 
21 152 185 93 118 124 170 161 7 34 118 271 103 131 163 197 256 245 116 104 104 80 53 66 
99 265 161 131 74 74 73 147 10 143 263 156 112 91 63 186 325 188 138 73 71 66 106 57 
233 267 159 133 84 64 34 50 73 266 205 172 144 72 36 56 457 203 135 95 61 29 36 8 
122 200 174 126 93 83 84 142 37 137 205 156 142 107 79 161 281 204 154 107 77 50 60 91 
44 124 116 88 102 98 145 307 13 74 129 120 108 108 121 351 151 140 116 93 108 135 188 93 
267 207 120 116 63 75 62 114 172 231 158 114 80 75 67 127 449 181 99 89 95 63 41 7 
664 222 52 20 23 20 10 13 437 417 88 30 27 12 10 3 827 139 24 19 13 2 0 0 
220 149 114 106 72 121 111 131 78 218 133 109 89 118 122 157 353 133 103 91 78 103 114 49 
203 391 253 115 32 14 7 9 21 230 389 237 100 26 9 12 581 267 116 29 15 7 5 4 
174 318 239 118 66 43 30 36 21 165 354 236 99 59 39 51 475 254 107 71 50 32 29 6 
246 312 239 132 60 26 7 2 33 212 308 239 136 66 19 11 553 235 136 56 31 9 4 0 
241 270 223 116 80 32 23 39 125 214 268 186 109 51 22 49 489 249 115 79 30 25 33 4 
60 340 246 133 75 60 39 71 13 117 383 225 97 70 46 73 502 222 96 63 46 42 44 9 
119 375 370 123 19 10 4 4 23 144 392 343 90 19 7 6 586 327 74 19 11 3 3 1 
225 354 243 116 42 24 14 6 36 292 330 239 64 38 13 12 591 259 98 39 19 14 4 0 
143 291 308 183 81 13 5 0 31 154 335 285 152 56 9 2 448 300 148 79 44 5 0 0 
69 217 256 260 94 62 41 25 6 86 246 310 204 60 64 48 340 295 202 63 51 45 28 0 
53 242 319 266 97 30 8 9 7 75 298 368 209 43 15 9 395 353 196 50 16 11 3 0 
50 142 223 223 163 89 51 83 11 79 191 263 201 115 79 85 268 282 199 124 89 48 14 0 
13 54 137 203 109 104 124 280 10 24 104 197 164 110 121 294 127 219 148 139 119 142 105 25 
75 127 185 165 72 77 80 243 26 86 137 243 112 72 88 260 227 238 113 70 52 85 91 148 
80 164 157 93 54 52 69 355 25 131 174 123 81 58 67 365 248 160 84 58 58 60 111 245 
19 72 139 241 184 93 102 174 3 46 89 186 260 147 103 190 132 180 199 183 147 87 72 24 
26 285 213 93 71 70 94 172 4 39 275 245 100 90 79 192 341 163 116 66 61 62 89 126 
1 164 450 246 104 30 13 16 0 6 87 497 291 98 27 18 333 328 229 74 25 12 16 7 
7 412 361 132 49 25 12 26 1 5 176 561 176 52 17 36 674 178 89 31 19 6 21 6 
65 366 338 141 76 19 7 12 33 57 151 516 151 81 20 15 632 174 97 71 26 10 3 11 
43 208 453 141 101 18 20 40 24 27 106 536 165 96 17 53 399 348 105 48 61 14 17 32 
10 110 544 228 68 35 18 11 2 27 178 554 149 63 31 20 218 550 134 46 41 18 15 2 
21 112 503 201 106 50 21 10 25 89 209 465 123 68 29 16 319 424 138 69 39 22 9 4 
8 77 383 182 134 116 66 58 2 13 221 329 169 131 94 65 393 180 147 111 79 69 29 16 
22 108 402 186 102 67 57 80 2 34 137 425 163 103 60 100 397 239 138 74 47 54 57 18 
20 85 119 126 111 92 122 349 14 53 132 131 113 97 116 368 108 149 115 102 107 90 136 217 
113 130 98 77 62 86 119 339 62 127 117 97 81 94 111 335 205 127 81 66 82 76 126 261 
157 193 128 98 105 163 109 71 70 194 172 142 144 150 71 81 390 209 165 116 40 44 31 29 
219 317 203 100 85 62 27 11 50 273 331 210 89 41 21 9 499 275 139 48 11 11 13 28 
145 189 143 114 116 82 113 122 79 234 213 151 98 69 62 118 354 200 144 71 66 63 62 64 
131 165 137 128 166 137 110 50 87 182 206 181 145 122 60 41 383 157 131 102 98 89 52 12 
125 155 152 143 112 95 110 132 136 222 199 128 97 106 72 64 462 226 123 46 46 51 51 19 
225 213 143 111 122 117 67 26 174 282 253 163 81 41 19 11 537 218 124 83 31 22 6 3 
248 354 145 94 60 53 42 28 78 268 317 183 109 48 12 9 595 215 124 45 29 6 5 5 
658 225 50 33 26 14 15 3 210 548 156 41 31 22 9 7 849 76 32 27 19 12 9 0 
200 191 140 154 133 87 66 53 79 207 249 180 135 71 52 51 415 234 140 101 56 32 33 13 
220 241 213 90 61 43 77 79 114 219 234 171 103 70 66 47 514 243 114 58 33 47 15 0 
379 387 120 33 27 42 29 7 44 513 287 101 44 29 6 0 823 170 24 6 1 0 0 0 
373 438 137 45 16 11 1 3 85 422 372 92 30 16 4 3 742 200 50 15 12 2 3 0 
466 350 135 55 8 9 1 0 214 392 285 86 36 7 3 1 698 229 62 24 8 2 1 0 
321 264 206 100 76 48 8 1 166 291 278 192 64 25 8 0 511 225 141 90 46 11 0 0 
286 359 287 70 17 5 0 0 107 250 354 241 55 16 1 0 657 269 72 17 8 1 0 0 
199 435 228 144 15 2 1 0 16 163 463 284 89 5 3 1 611 272 123 13 4 1 0 0 
150 218 317 223 83 16 10 7 42 147 242 317 200 50 14 12 388 330 223 47 21 10 5 0 
115 225 315 177 64 41 25 62 36 133 253 295 150 56 33 68 375 330 140 53 40 31 33 22 
143 234 151 75 60 52 76 233 51 190 221 111 70 56 79 246 382 160 72 57 51 55 105 142 
280 222 183 134 47 20 31 107 105 246 198 180 109 39 25 122 496 198 133 48 26 38 27 58 
73 153 198 183 82 67 67 201 27 76 157 241 161 67 81 214 265 242 160 81 46 41 84 105 
91 360 276 82 39 49 29 98 7 150 314 277 81 50 42 103 555 175 78 46 49 22 53 46 
31 318 449 87 89 43 5 2 13 37 209 566 75 89 30 5 666 169 72 69 41 5 2 0 
21 161 378 295 94 38 18 19 43 108 215 386 182 44 26 20 333 377 180 83 28 17 5 1 
21 218 270 125 73 55 74 188 13 59 166 360 96 60 50 220 345 241 78 48 56 43 130 83 
12 87 252 121 267 122 66 97 3 19 68 296 146 263 105 124 199 204 139 136 190 76 45 35 
127 195 224 113 65 69 99 132 25 123 189 219 111 79 91 187 310 210 141 83 69 74 75 62 
69 208 350 152 74 50 49 72 20 150 254 278 121 63 53 85 351 292 166 58 38 42 45 32 
35 51 130 133 105 127 254 189 20 36 71 142 168 130 217 240 92 121 153 117 178 150 123 90 
124 208 302 176 105 46 26 37 24 149 237 267 191 74 34 48 381 239 156 138 37 30 24 19 
41 163 147 112 94 74 95 298 17 90 181 136 108 88 91 313 185 177 114 69 76 63 100 240 
5 28 89 130 204 256 175 137 23 57 130 222 220 196 130 46 12 48 126 175 212 173 128 150 
26 62 97 161 167 208 174 129 13 70 164 224 232 175 98 48 141 148 168 185 159 90 75 58 
31 78 202 190 131 90 130 172 8 79 213 211 143 175 127 68 256 305 243 124 53 25 11 7 
40 120 171 166 86 82 152 207 26 116 184 205 122 165 175 31 349 282 181 128 71 12 0 1 
61 102 159 171 134 132 121 144 28 89 194 192 148 139 127 107 282 217 144 140 117 76 46 2 
10 44 110 196 180 118 220 146 15 43 139 239 194 216 125 53 215 252 206 125 54 86 67 19 
115 104 139 168 135 130 115 118 88 129 131 219 178 164 67 48 245 194 222 166 98 38 43 18 
109 112 162 98 102 76 153 212 59 124 186 170 206 183 73 23 310 263 176 100 55 60 45 15 
183 97 153 136 106 95 87 167 149 111 148 188 147 103 86 92 255 159 119 111 114 103 76 87 
128 122 194 197 124 108 78 73 113 175 249 164 129 93 57 44 325 222 171 122 78 29 24 53 
326 259 184 94 36 33 34 58 158 310 210 136 71 42 35 62 499 221 126 50 41 31 38 18 
290 141 88 62 90 87 79 187 191 252 79 101 108 84 78 131 480 124 84 51 64 74 80 67 
521 216 31 18 36 38 61 103 337 376 67 50 76 50 40 28 769 103 65 39 22 18 7 1 
636 182 51 29 37 24 17 48 518 289 68 41 26 31 23 28 745 163 52 37 20 4 3 0 
438 210 181 116 52 16 5 6 408 239 193 89 64 19 6 6 555 239 143 51 19 10 1 6 
258 324 185 100 62 57 36 2 95 265 305 203 100 43 12 1 527 227 118 64 50 34 4 0 
423 361 126 56 32 16 10 0 44 400 378 109 59 16 17 1 735 154 62 44 16 13 0 0 
364 334 236 70 18 2 0 0 70 323 325 232 57 16 1 0 650 256 89 26 3 0 0 0 
253 236 177 87 50 49 63 109 113 239 219 142 68 56 49 138 466 190 96 45 55 64 81 27 
253 331 230 99 47 37 13 14 76 235 316 217 91 45 29 15 545 251 104 66 34 21 3 0 
257 277 214 93 46 37 49 51 128 192 247 210 83 52 46 66 515 202 105 77 58 43 21 3 
104 251 348 138 56 27 31 69 12 88 228 365 155 60 40 76 476 298 92 57 35 29 34 3 
393 285 171 74 37 13 4 47 170 298 265 132 80 24 8 47 562 229 112 44 24 6 16 31 
134 217 438 158 33 33 11 0 54 124 209 423 153 42 18 1 405 320 214 82 3 0 0 0 
180 232 244 175 94 45 41 13 77 210 260 238 111 73 39 16 412 278 164 82 42 34 12 0 
101 178 234 204 126 55 43 83 36 140 216 241 187 79 35 90 289 264 199 111 48 26 48 39 
82 355 176 75 69 68 88 111 9 159 326 154 79 76 88 133 490 146 78 67 70 51 84 38 
153 184 162 143 85 85 68 144 34 139 175 168 153 98 76 181 312 186 157 86 64 58 74 87 
289 333 149 74 52 36 25 66 89 347 256 104 64 54 32 78 489 244 94 50 35 28 25 59 
216 200 188 152 84 62 76 46 62 189 192 179 146 85 81 90 361 236 153 89 60 71 23 31 
58 76 59 36 36 67 116 576 25 60 73 51 41 65 85 624 69 87 47 52 43 85 226 415 
75 131 74 26 37 43 83 555 35 103 116 45 38 36 84 567 137 105 49 40 46 62 117 468 
16 86 182 203 130 85 108 214 39 119 220 188 113 77 102 166 198 205 187 122 84 91 91 46 
9 50 97 140 110 115 205 298 8 58 204 353 255 72 26 48 566 217 137 59 27 18 0 0 
24 136 255 232 121 67 100 89 5 48 209 287 216 184 72 3 344 297 213 109 54 7 0 0 
20 70 150 142 104 108 109 321 9 59 168 231 206 222 76 53 424 274 135 67 31 38 43 12 
20 57 150 137 117 125 158 260 15 56 143 207 148 164 174 117 160 237 159 99 108 104 95 62 
7 25 109 197 174 125 141 246 10 43 187 287 196 163 122 16 287 318 189 98 84 37 11 0 
50 160 235 203 143 77 63 93 35 125 226 291 215 93 32 7 397 313 200 83 27 4 0 0 
50 190 220 275 173 66 28 22 28 144 276 275 180 76 32 13 226 252 251 145 58 37 25 30 
42 125 238 227 158 103 58 73 23 143 316 258 147 50 30 57 169 295 231 149 61 38 41 40 
24 88 194 226 128 77 110 177 11 55 167 244 176 142 92 137 140 225 228 169 81 33 59 89 
67 158 220 148 117 61 94 159 32 103 199 210 142 85 96 157 266 230 170 107 65 78 64 44 
21 86 163 124 117 120 141 252 12 82 176 227 232 153 102 40 350 228 141 99 77 54 57 18 
38 62 99 147 140 140 184 214 36 121 165 247 209 143 86 17 317 221 184 130 86 60 22 4 
48 107 160 152 128 153 155 121 56 117 189 252 247 111 43 9 463 286 154 79 27 10 5 0 
132 138 164 195 141 135 74 45 127 121 193 222 206 101 45 9 413 229 160 90 82 36 12 2 
254 238 224 151 65 65 25 2 135 245 267 209 124 38 5 1 476 273 177 86 11 1 0 0 
326 139 146 149 101 92 61 10 192 217 118 176 162 122 36 1 456 188 201 135 34 10 0 0 
500 192 102 70 83 58 17 2 269 348 162 106 74 54 11 0 692 186 68 39 26 13 0 0 
685 199 68 26 21 14 11 0 471 347 108 44 20 18 13 3 765 151 47 23 15 17 6 0 
364 364 149 63 52 20 10 2 158 369 298 91 56 32 18 2 614 231 82 45 35 15 2 0 
409 263 136 89 48 34 28 17 140 383 198 136 64 51 27 25 625 165 95 63 44 21 11 0 
391 338 198 78 16 3 0 0 99 333 300 188 81 21 2 0 634 242 106 33 8 1 0 0 
368 267 168 116 79 25 1 0 125 285 237 158 119 75 24 1 517 231 134 88 43 10 1 0 
267 497 169 68 20 0 3 0 129 192 451 178 57 13 4 0 630 257 92 35 7 3 0 0 
162 241 210 94 44 20 35 218 48 165 214 205 101 37 32 222 339 251 115 41 24 41 92 121 
63 107 188 231 88 37 55 255 35 73 97 202 222 79 57 259 157 178 232 97 39 47 42 232 
141 390 187 96 79 38 35 58 95 299 306 124 64 34 31 71 566 172 95 57 40 26 26 42 
18 58 206 435 174 81 30 22 7 19 113 153 430 184 83 35 154 283 251 150 122 36 19 9 
60 187 292 210 96 49 33 97 18 53 159 306 215 104 59 110 202 326 195 111 49 31 35 75 
61 102 228 196 96 53 40 248 14 49 98 237 182 126 56 262 142 211 209 130 39 23 71 199 
146 190 107 87 56 31 102 305 87 152 137 87 89 57 65 350 291 142 86 69 40 83 185 128 
275 290 78 43 39 27 60 212 86 281 231 68 45 33 54 226 473 156 53 47 28 74 108 85 
130 200 213 164 101 54 65 97 74 148 227 202 141 79 118 35 328 290 215 135 45 11 0 0 
172 332 200 121 70 47 38 44 62 275 284 155 115 64 42 27 499 261 142 66 49 7 0 0 
253 436 193 90 39 12 1 0 97 302 353 162 76 28 6 0 566 288 88 57 20 4 1 0 
65 148 211 280 162 109 39 10 22 95 246 319 252 69 14 7 191 262 249 151 123 37 11 0 
84 164 261 311 156 38 10 0 43 117 266 373 173 44 8 0 238 307 317 126 28 8 0 0 
87 196 282 242 145 37 14 21 35 90 248 365 201 69 13 3 316 322 243 108 30 4 1 0 
38 99 191 165 87 63 126 255 15 90 252 285 263 113 6 0 566 316 110 27 4 1 0 0 
102 274 330 207 83 23 2 3 22 134 326 298 172 62 10 0 322 359 225 86 29 3 0 0 
121 264 331 169 70 35 28 6 50 141 327 288 136 61 19 2 350 353 191 83 35 11 1 0 
133 261 313 236 64 13 4 0 39 157 268 329 183 39 7 2 409 352 177 63 16 5 2 0 
232 223 253 195 84 16 15 6 67 202 246 261 165 64 17 2 428 283 191 89 25 7 1 0 
103 285 303 215 86 25 7 0 20 134 337 271 176 69 16 1 403 308 201 84 26 2 0 0 
160 234 284 225 100 16 5 0 45 171 281 283 177 54 13 0 397 339 195 77 11 5 0 0 
121 269 274 199 100 38 20 3 12 128 273 283 227 75 22 4 342 309 211 101 45 14 2 0 
159 270 254 188 103 46 3 1 41 149 271 309 184 56 12 2 417 315 211 56 21 2 2 0 
168 285 326 204 37 2 2 0 39 133 295 328 196 30 1 2 416 361 186 54 5 2 0 0 
253 313 214 139 66 25 13 1 141 233 267 182 123 54 22 2 457 269 174 79 30 13 2 0 
249 120 113 167 157 77 50 91 217 127 103 174 177 75 58 93 402 189 153 139 95 42 4 0 
640 147 58 44 51 30 35 19 579 186 66 43 47 38 36 29 726 115 52 42 57 29 3 0 
370 219 151 128 83 47 21 5 258 233 187 134 110 70 30 2 494 201 155 105 53 10 6 0 
623 207 61 41 24 12 8 48 305 454 115 39 38 14 10 49 754 118 34 37 18 11 15 37 
261 176 101 66 54 55 40 271 147 167 158 93 58 61 51 289 354 136 89 57 50 86 185 67 
439 270 199 96 15 5 0 0 262 244 235 191 78 13 1 0 560 258 142 49 13 2 0 0 
366 283 253 94 26 2 0 0 171 261 230 218 114 29 1 0 501 307 159 52 5 0 0 0 
349 279 213 117 47 8 2 9 189 212 265 184 116 46 2 10 482 292 154 61 22 2 4 7 
320 106 106 81 43 20 27 321 242 127 98 104 72 29 25 327 367 113 120 42 28 22 61 271 
344 132 109 152 71 34 30 152 255 219 158 131 46 33 33 149 440 136 141 83 26 26 32 140 
504 193 101 46 15 8 11 146 357 282 146 58 13 8 12 148 631 151 52 15 13 7 17 138 
418 456 142 8 0 0 0 0 189 373 355 102 5 0 0 0 679 311 31 3 0 0 0 0 
630 310 62 15 1 2 1 3 387 370 208 45 8 2 0 4 789 197 27 4 2 1 3 1 
378 317 161 46 22 22 38 40 147 336 274 127 34 31 40 35 603 253 71 40 26 23 8 0 
266 295 262 82 31 8 19 61 127 185 297 238 73 20 18 66 468 285 141 32 14 19 35 30 
80 160 248 311 139 59 26 1 21 90 166 294 259 127 50 17 181 294 292 160 68 23 6 0 
90 94 148 178 165 153 116 80 83 145 167 195 215 135 66 18 280 188 217 185 110 39 5 0 
171 155 185 183 141 100 51 38 110 163 205 233 174 102 34 3 318 248 221 148 68 18 3 0 
219 299 246 159 75 19 7 0 111 232 283 197 135 52 10 4 364 293 184 135 34 10 4 0 
242 266 266 154 79 15 2 0 98 235 268 233 118 64 7 1 386 287 202 100 42 7 0 0 
300 235 203 148 83 40 15 0 143 245 199 206 122 67 38 4 399 237 175 118 64 24 7 0 
270 247 221 143 99 29 12 3 149 202 263 186 138 66 16 4 364 277 177 111 71 20 4 0 
229 209 235 177 108 49 16 1 103 196 193 220 171 96 37 8 353 235 198 125 73 28 11 1 
125 170 232 191 136 71 59 40 114 151 231 251 143 84 33 17 324 271 203 113 71 28 10 4 
78 123 179 200 179 131 85 49 92 140 218 248 176 120 26 4 302 258 216 151 71 23 3 0 
89 147 165 156 166 125 82 94 90 162 221 208 168 130 40 5 345 238 193 134 86 27 1 0 
182 315 257 161 57 41 10 1 46 258 306 229 106 46 27 6 424 309 188 54 33 13 3 0 
367 268 197 124 37 24 6 1 213 286 220 163 83 37 18 4 498 277 132 58 33 23 3 0 
211 325 241 139 70 29 8 1 64 195 326 209 123 69 29 9 465 247 179 77 41 14 1 0 
233 261 204 172 97 43 13 1 98 200 247 186 162 90 33 8 415 238 181 102 60 25 3 0 
253 299 244 165 47 14 2 0 147 174 299 231 125 39 8 1 524 279 143 50 15 13 0 0 
193 191 231 236 116 39 14 4 133 161 197 226 198 77 26 6 415 271 187 98 35 14 4 0 
69 130 243 270 167 69 46 30 58 134 254 259 166 77 50 26 337 319 177 102 61 26 2 0 
38 90 198 268 221 104 70 35 27 69 134 290 258 127 78 41 269 266 234 124 87 43 1 0 
59 159 220 238 162 108 49 29 55 127 201 246 207 121 52 15 375 263 195 136 37 17 1 0 
238 175 158 150 141 100 54 8 190 180 166 160 145 119 52 12 371 201 183 117 84 45 18 5 
525 234 110 57 32 41 23 2 439 219 163 100 34 40 27 2 570 214 94 53 35 36 20 2 
472 281 159 35 12 26 36 3 343 222 244 120 28 25 37 5 515 234 166 31 11 24 37 6 
349 334 139 51 29 27 59 36 216 256 256 115 49 30 64 38 434 313 93 42 35 37 61 9 
505 202 119 37 30 32 45 54 414 201 156 73 41 27 51 61 556 175 115 27 26 45 65 15 
499 271 111 34 30 9 40 30 398 258 194 60 31 13 37 33 582 235 77 25 25 11 42 27 
608 113 86 82 40 29 31 35 555 147 71 98 55 32 26 40 657 115 75 55 28 30 24 40 
477 214 136 60 12 28 60 37 476 271 102 45 5 27 62 36 613 203 72 7 1 29 58 41 
592 213 69 22 0 25 72 31 482 230 135 45 4 6 79 43 688 141 59 8 0 25 65 38 
599 211 74 12 0 8 66 54 475 262 125 33 1 3 63 62 651 178 53 14 0 5 65 58 
426 208 153 91 15 23 41 67 287 232 152 159 48 30 37 79 532 201 102 50 11 19 29 80 
369 307 142 67 11 3 44 81 240 238 234 142 41 3 42 84 484 276 94 31 11 1 42 85 
8 47 132 109 66 43 180 439 6 32 72 136 91 58 186 443 28 97 125 82 37 34 176 445 
3 25 64 98 113 66 209 446 2 21 53 101 108 74 212 453 7 52 72 82 79 56 229 447 
24 39 53 43 69 107 247 442 19 40 52 48 48 116 256 445 26 48 55 38 33 119 249 456 
34 65 61 78 61 27 258 440 26 56 47 58 76 48 269 444 26 54 59 68 67 94 215 441 
83 80 56 45 46 22 271 421 57 86 64 49 42 30 271 425 105 64 50 44 45 24 269 423 
87 71 52 52 16 10 324 412 84 70 54 44 20 11 324 417 92 67 53 49 19 8 324 412 
57 46 35 51 56 25 348 406 48 50 27 30 52 54 352 411 47 52 29 43 53 45 350 405 
46 55 40 49 40 23 369 402 35 55 43 32 45 30 374 410 58 51 37 48 39 23 370 398 
14 22 40 54 58 40 394 402 17 21 34 58 49 36 408 401 30 34 53 54 38 38 379 398 
41 65 47 23 9 25 413 401 51 76 39 13 10 7 424 404 70 69 32 12 9 12 424 396 
18 23 38 47 34 20 441 403 27 34 42 34 27 21 441 398 42 36 46 25 23 15 439 398 
23 26 32 26 26 35 443 413 20 25 30 31 29 18 456 415 27 26 36 23 23 28 450 411 
13 11 10 38 31 60 447 414 8 14 9 20 39 36 482 416 5 17 6 27 43 84 428 414 
1 20 40 46 73 90 328 426 0 14 21 37 46 84 377 445 12 35 99 55 49 136 214 424 
24 38 64 114 172 148 78 386 19 18 19 61 115 196 189 407 107 147 148 110 55 52 30 375 
35 47 94 162 240 172 54 220 12 15 48 88 178 267 174 242 175 212 194 127 64 39 36 177 
4 18 66 177 292 206 60 201 0 7 17 54 159 322 227 238 177 233 242 109 34 32 41 156 
3 24 53 115 204 187 80 358 1 3 24 47 109 234 222 384 134 161 176 89 44 38 65 317 
0 0 9 30 72 82 426 405 0 0 3 18 33 64 464 442 14 43 54 63 47 79 325 399 
0 0 0 1 3 6 637 377 0 0 0 1 3 8 636 376 0 0 0 1 3 7 642 371 
0 0 1 4 9 43 623 344 0 0 1 6 7 34 624 352 0 0 3 5 8 65 609 334 
0 0 0 0 0 6 688 330 0 0 0 0 0 1 692 331 0 0 0 0 0 147 552 325 
0 0 0 0 0 19 668 337 0 0 0 0 0 4 681 339 0 0 0 0 0 103 585 336 
0 0 0 0 0 47 657 320 0 0 0 0 0 26 677 321 0 0 0 0 0 137 567 320 
0 0 0 0 0 1 702 321 0 0 0 0 0 0 699 325 0 0 0 0 0 10 693 321 
0 0 0 0 0 1 731 292 0 0 0 0 0 0 732 292 0 0 0 0 0 71 661 292 
0 0 0 0 0 2 734 288 0 0 0 0 0 0 736 288 0 0 0 0 0 42 694 288 
0 0 0 0 0 23 717 284 0 0 0 0 0 4 734 286 0 0 0 0 0 135 607 282 
0 0 0 0 5 76 685 258 0 0 0 0 1 46 713 264 0 0 0 0 3 138 624 259 
0 0 0 0 0 49 735 240 0 0 0 0 0 3 778 243 0 0 0 0 0 18 763 243 
0 0 0 0 0 23 777 224 0 0 0 0 0 0 800 224 0 0 0 0 0 8 792 224 
0 0 0 0 0 25 775 224 0 0 0 0 0 0 800 224 0 0 0 0 0 117 683 224 
0 0 3 10 11 14 986 0 0 0 3 8 12 14 987 0 0 0 5 11 10 32 966 0 
7 6 6 16 20 12 957 0 7 6 6 16 19 12 956 2 13 3 4 26 12 23 943 0 
0 0 7 32 37 31 917 0 0 0 3 25 44 24 924 4 0 0 16 39 29 93 847 0 
0 0 31 17 25 104 847 0 0 0 30 16 26 58 894 0 0 0 34 19 23 554 394 0 
0 0 28 30 34 141 790 1 0 0 27 31 33 99 825 9 0 10 40 17 48 127 782 0 
0 0 2 49 38 85 850 0 0 0 0 45 32 60 887 0 0 0 15 44 35 116 814 0 
0 0 12 32 45 84 851 0 0 0 8 23 48 53 892 0 0 0 17 34 40 72 861 0 
0 0 32 21 39 76 856 0 0 0 24 23 42 24 911 0 0 0 37 30 34 79 844 0 
0 0 33 22 30 107 832 0 0 0 28 17 32 33 914 0 0 0 34 24 33 91 842 0 
0 0 15 41 19 112 837 0 0 0 5 48 22 27 922 0 0 0 22 43 16 137 806 0 
0 2 18 43 14 75 872 0 0 0 20 36 16 37 913 2 0 2 21 40 15 73 873 0 
0 0 42 22 28 162 770 0 0 0 43 21 28 22 910 0 0 0 50 14 34 169 757 0 
12 26 72 89 133 233 458 1 1 7 37 64 93 219 590 13 94 112 99 78 68 325 248 0 
48 88 141 261 289 148 49 0 6 38 66 124 232 331 208 19 287 320 262 89 28 29 9 0 
72 134 231 283 216 78 10 0 18 52 120 173 255 270 115 21 411 329 189 71 22 2 0 0 
126 151 218 240 192 78 14 5 28 100 127 195 230 221 96 27 400 284 204 91 32 11 2 0 
188 201 202 214 128 82 9 0 84 119 137 200 200 176 94 14 516 263 154 71 16 4 0 0 
68 121 199 252 251 99 34 0 22 45 122 175 239 264 123 34 366 320 208 86 32 12 0 0 
60 73 149 213 297 152 74 6 25 44 55 119 201 302 243 35 300 280 240 105 44 43 12 0 
0 2 11 93 140 255 523 0 0 0 1 36 85 215 669 18 54 80 117 72 99 189 413 0 
0 0 3 59 41 297 624 0 0 0 1 53 45 229 692 4 0 0 28 57 28 440 471 0 
0 0 7 43 53 432 489 0 0 0 10 46 51 338 579 0 0 0 28 37 73 753 133 0 
0 0 15 60 21 291 637 0 0 0 17 62 25 263 657 0 0 0 57 37 59 462 409 0 
0 0 22 46 32 202 722 0 0 0 28 42 30 125 798 1 0 0 58 38 41 445 442 0 
0 12 50 89 138 247 487 1 0 0 26 66 85 174 656 17 18 91 167 138 104 303 203 0 
14 25 45 139 232 264 303 2 3 13 21 69 124 274 491 29 102 162 218 135 70 240 97 0 
5 23 87 134 214 256 297 8 0 2 18 82 136 237 504 45 55 149 227 178 118 202 95 0 
5 10 61 151 188 258 346 5 0 4 6 94 134 242 500 44 82 150 206 166 101 264 55 0 
0 0 5 59 160 264 536 0 0 0 0 30 88 203 686 17 26 55 90 92 118 318 325 0 
0 0 19 13 64 148 780 0 0 0 12 20 64 44 884 0 0 0 32 28 36 224 704 0 
0 0 8 37 42 196 741 0 0 0 5 39 40 28 912 0 0 0 19 45 26 236 698 0 
0 0 0 62 5 106 851 0 0 0 0 61 3 51 909 0 0 0 2 61 3 258 700 0 
0 0 0 29 13 49 933 0 0 0 0 28 7 26 963 0 0 0 0 31 12 43 938 0 
0 0 2 7 15 43 957 0 0 0 1 5 10 16 990 2 0 0 1 5 10 17 991 0 
0 0 0 0 0 50 974 0 0 0 0 0 0 26 998 0 0 0 0 0 0 30 994 0 
0 0 0 0 0 16 1008 0 0 0 0 0 0 0 1007 17 0 0 0 0 0 3 1021 0 
0 0 0 0 0 18 1006 0 0 0 0 0 0 6 959 59 0 0 0 0 0 11 972 41 
0 0 0 0 0 17 1007 0 0 0 0 0 0 1 1023 0 0 0 0 0 0 7 1017 0 
0 0 0 0 0 1 1023 0 0 0 0 0 0 0 1024 0 0 0 0 0 0 0 1024 0 
0 0 0 0 0 1 1023 0 0 0 0 0 0 0 1022 2 0 0 0 0 0 0 1022 2 
0 0 0 0 0 1 1023 0 0 0 0 0 0 0 1020 4 0 0 0 0 0 0 1022 2 
0 0 0 0 0 0 1024 0 0 0 0 0 0 0 1024 0 0 0 0 0 0 0 1024 0 
0 0 0 0 0 0 1024 0 0 0 0 0 0 0 1024 0 0 0 0 0 0 0 1024 0 
0 1 6 29 56 79 853 0 0 0 1 6 29 73 901 14 17 36 37 37 22 53 821 1 
134 146 216 231 162 87 43 5 59 85 141 180 244 186 91 38 437 268 161 93 38 20 7 0 
239 169 230 229 110 36 9 2 125 147 142 188 244 126 42 10 481 288 158 69 19 8 1 0 
250 219 266 175 76 27 10 1 96 186 160 240 192 108 33 9 590 242 127 44 15 4 1 1 
330 225 190 157 93 27 2 0 195 190 165 171 154 117 29 3 561 253 128 65 14 3 0 0 
220 174 204 194 146 67 15 4 87 141 143 194 198 156 85 20 441 273 173 93 35 6 3 0 
249 194 224 191 125 34 7 0 93 178 173 207 177 136 51 9 475 276 171 73 22 7 0 0 
203 182 204 218 144 62 11 0 92 126 146 197 203 183 64 13 468 293 173 59 27 4 0 0 
60 108 186 259 221 110 79 1 9 62 101 164 251 238 177 22 309 273 204 115 38 43 42 0 
0 0 0 10 14 162 838 0 0 0 0 0 16 54 951 3 2 11 7 11 15 263 715 0 
0 0 0 0 0 104 920 0 0 0 0 0 0 14 1010 0 0 0 0 0 0 345 679 0 
0 2 9 49 70 71 823 0 0 0 0 8 37 87 881 11 43 46 41 35 28 101 730 0 
11 63 162 209 258 156 165 0 0 4 40 133 213 301 313 20 226 253 231 115 60 52 87 0 
21 91 164 272 302 154 18 2 2 20 70 145 243 327 187 30 250 276 297 149 39 12 1 0 
90 156 227 252 201 80 17 1 24 42 117 218 244 239 117 23 272 256 240 183 55 16 2 0 
93 127 229 280 207 80 7 1 11 71 107 180 276 245 124 10 227 285 293 159 55 4 1 0 
112 134 228 256 202 77 15 0 30 82 97 197 255 232 110 21 343 254 236 144 32 13 2 0 
86 172 248 231 187 92 8 0 11 51 118 225 247 225 136 11 210 283 279 183 55 14 0 0 
16 48 98 127 185 174 376 0 0 12 27 71 135 196 536 47 97 143 173 135 104 155 216 1 
0 0 0 8 12 59 945 0 0 0 0 0 7 18 995 4 0 8 15 12 24 56 909 0 
0 0 0 0 0 0 1024 0 0 0 0 0 0 0 1024 0 0 0 0 0 0 0 1024 0 
0 0 0 0 0 582 442 0 0 0 0 0 0 319 705 0 0 0 0 0 0 752 272 0 
0 0 0 0 0 355 669 0 0 0 0 0 0 201 823 0 0 0 0 0 0 613 411 0 
0 0 0 0 0 72 952 0 0 0 0 0 0 14 1010 0 0 0 0 0 0 118 906 0 
0 0 0 0 0 26 998 0 0 0 0 0 0 3 1021 0 0 0 0 0 0 53 971 0 
0 0 0 0 0 63 961 0 0 0 0 0 0 30 911 83 0 0 0 0 0 56 933 35 
0 0 0 0 0 4 1020 0 0 0 0 0 0 3 1021 0 0 0 0 0 0 4 1020 0 
0 0 0 0 0 0 1024 0 0 0 0 0 0 0 1024 0 0 0 0 0 0 0 1024 0 
0 0 0 0 0 0 1024 0 0 0 0 0 0 0 1024 0 0 0 0 0 0 0 1024 0 
0 0 0 0 0 15 1009 0 0 0 0 0 0 3 1021 0 0 0 0 0 0 5 1019 0 
0 0 0 0 0 54 970 0 0 0 0 0 0 11 1013 0 0 0 0 0 0 27 997 0 
0 0 0 0 0 53 971 0 0 0 0 0 0 1 1023 0 0 0 0 0 0 37 987 0 
32 49 80 133 83 152 495 0 12 16 44 69 142 132 603 6 183 110 64 28 30 125 482 2 
283 228 248 165 77 15 8 0 109 183 200 234 185 89 18 6 598 236 121 45 17 7 0 0 
320 269 230 134 53 15 3 0 160 194 209 220 158 61 19 3 623 249 109 34 7 2 0 0 
389 216 231 140 40 8 0 0 209 201 189 180 180 55 10 0 609 254 114 32 14 1 0 0 
425 218 222 109 36 12 2 0 269 187 197 194 117 42 14 4 597 252 111 42 20 2 0 0 
366 268 213 109 48 15 4 1 162 221 223 213 120 58 20 7 637 257 81 34 13 0 2 0 
391 212 185 142 65 19 10 0 234 210 175 152 145 82 19 7 579 252 112 46 24 10 1 0 
442 199 158 117 87 17 4 0 272 229 147 139 130 86 17 4 602 212 125 64 15 5 1 0 
237 231 218 199 88 35 16 0 97 180 178 190 183 127 52 17 478 275 159 65 31 13 3 0 
38 56 101 128 72 389 240 0 4 31 47 91 125 358 356 12 171 124 84 59 70 406 110 0 
0 0 0 0 13 839 172 0 0 0 0 0 2 739 283 0 0 0 5 19 158 802 40 0 
22 114 239 280 182 127 60 0 1 7 83 203 304 235 180 11 313 291 184 94 59 63 20 0 
92 175 265 274 143 59 14 2 22 60 151 204 305 186 74 22 355 309 214 86 46 12 2 0 
258 235 274 170 66 18 3 0 79 195 169 241 212 93 31 4 555 265 130 44 23 5 2 0 
202 247 263 185 97 26 3 1 63 158 198 258 184 123 35 5 417 289 188 87 34 7 2 0 
221 236 255 165 110 31 5 1 76 128 194 233 209 119 58 7 386 279 169 111 69 9 1 0 
273 215 202 176 118 34 5 1 92 181 192 190 183 129 50 7 417 259 187 107 37 17 0 0 
202 232 248 205 104 28 5 0 69 128 178 239 222 139 42 7 339 284 211 126 55 9 0 0 
155 146 270 267 145 38 3 0 34 110 98 226 278 195 78 5 316 288 231 140 45 3 1 0 
12 57 135 166 141 183 330 0 0 8 28 112 166 193 494 23 78 141 184 125 90 184 222 0 
0 0 0 0 0 275 749 0 0 0 0 0 0 71 953 0 0 0 0 0 0 336 688 0 
0 0 0 0 0 995 29 0 0 0 0 0 1 996 27 0 0 0 0 0 36 988 0 0 
0 0 0 0 0 973 51 0 0 0 0 0 0 975 49 0 0 0 0 0 6 1018 0 0 
0 0 0 0 0 727 297 0 0 0 0 0 0 557 467 0 0 0 0 0 3 976 45 0 
0 0 0 0 0 655 369 0 0 0 0 0 0 411 613 0 0 0 0 0 1 873 150 0 
0 0 0 0 3 319 702 0 0 0 0 0 1 216 799 8 0 0 0 0 11 341 672 0 
0 0 0 0 1 337 686 0 0 0 0 0 0 141 883 0 0 0 0 0 1 451 572 0 
0 0 0 0 0 249 775 0 0 0 0 0 0 88 936 0 0 0 0 0 0 362 662 0 
0 0 0 0 0 440 584 0 0 0 0 0 0 261 763 0 0 0 0 0 0 511 513 0 
0 0 0 0 0 686 338 0 0 0 0 0 0 460 564 0 0 0 0 0 8 709 307 0 
0 0 0 0 0 870 154 0 0 0 0 0 0 688 336 0 0 0 0 0 0 885 139 0 
0 0 0 0 0 988 36 0 0 0 0 0 0 793 231 0 0 0 0 0 19 957 48 0 
61 91 152 101 60 555 4 0 17 46 75 148 127 560 51 0 240 132 53 40 87 472 0 0 
408 290 195 100 24 7 0 0 233 276 220 182 83 21 9 0 662 258 80 18 6 0 0 0 
414 262 207 84 48 7 0 2 232 223 219 194 102 46 6 2 646 226 93 44 13 0 2 0 
555 226 153 76 11 2 1 0 355 267 178 120 79 23 2 0 704 216 82 18 3 1 0 0 
470 271 176 70 30 6 1 0 256 225 247 176 85 29 5 1 687 216 85 26 8 1 1 0 
478 248 181 81 25 10 1 0 284 221 194 187 98 30 9 1 675 216 90 32 9 1 1 0 
493 246 172 83 20 9 1 0 300 232 196 170 92 26 7 1 681 187 114 28 8 6 0 0 
422 295 181 81 25 15 4 1 201 264 234 177 99 27 18 4 669 213 85 40 10 6 1 0 
406 256 220 101 31 8 2 0 194 247 204 214 116 33 13 3 630 258 98 29 8 0 1 0 
147 158 166 135 119 290 6 3 64 90 116 170 173 342 61 8 309 192 139 93 249 41 1 0 
16 35 97 87 79 704 6 0 2 12 23 80 177 707 22 1 135 88 66 51 652 31 1 0 
196 220 244 212 113 29 9 1 50 133 192 238 221 137 41 12 484 282 169 59 22 7 1 0 
234 224 220 204 104 33 4 1 78 175 194 178 232 119 39 9 520 269 154 56 19 4 2 0 
251 235 246 203 63 23 3 0 96 164 200 220 210 98 27 9 485 297 171 48 18 4 1 0 
315 256 259 116 64 13 1 0 135 173 215 252 150 73 24 2 495 300 146 61 18 4 0 0 
237 205 265 222 74 20 1 0 90 151 172 246 248 87 28 2 449 275 197 81 17 5 0 0 
368 251 200 125 58 19 2 1 224 223 164 168 142 82 18 3 548 268 128 55 17 7 1 0 
195 256 276 181 84 24 8 0 38 118 224 272 211 110 39 12 348 352 196 88 31 7 2 0 
237 257 259 180 77 14 0 0 55 164 213 271 193 106 22 0 337 301 218 119 43 6 0 0 
97 153 262 228 142 103 30 9 27 47 110 246 257 195 107 35 314 286 225 123 59 16 1 0 
0 13 18 71 69 825 28 0 0 0 4 17 63 849 80 11 12 49 78 58 321 505 1 0 
0 0 0 0 0 1024 0 0 0 0 0 0 0 1024 0 0 0 0 0 0 193 831 0 0 
0 0 0 0 0 1024 0 0 0 0 0 0 0 1024 0 0 0 0 0 0 84 940 0 0 
0 0 0 0 0 1012 12 0 0 0 0 0 3 1009 12 0 0 0 0 0 72 952 0 0 
0 0 0 0 3 980 41 0 0 0 0 0 6 951 67 0 0 0 0 0 118 905 1 0 
0 0 0 0 3 815 206 0 0 0 0 0 3 762 259 0 0 0 0 0 71 861 92 0 
0 0 0 0 0 994 30 0 0 0 0 0 0 991 33 0 0 0 0 0 176 848 0 0 
0 0 0 0 0 992 32 0 0 0 0 0 2 983 39 0 0 0 0 0 114 910 0 0 
0 0 0 0 0 1016 8 0 0 0 0 0 3 1017 4 0 0 0 0 0 145 879 0 0 
0 0 0 0 8 1002 14 0 0 0 0 0 17 1001 6 0 0 0 0 0 251 772 1 0 
0 0 0 0 0 1024 0 0 0 0 0 0 8 1016 0 0 0 0 0 0 447 577 0 0 
0 0 0 0 41 983 0 0 0 0 0 0 212 812 0 0 0 0 0 0 783 241 0 0 
37 69 79 69 159 611 0 0 9 35 66 95 486 332 1 0 136 80 45 57 691 15 0 0 
378 258 245 101 34 8 0 0 205 240 220 220 107 25 6 1 616 230 108 53 14 3 0 0 
527 277 149 56 12 3 0 0 359 244 208 154 46 12 1 0 733 210 60 17 4 0 0 0 
540 261 134 67 19 3 0 0 338 243 212 128 68 32 2 1 694 207 95 21 6 1 0 0 
536 250 142 62 27 7 0 0 319 276 209 119 68 28 5 0 707 206 78 27 6 0 0 0 
578 233 138 54 16 4 1 0 385 268 181 120 54 12 4 0 713 189 86 26 6 4 0 0 
610 206 127 51 18 11 1 0 436 248 153 103 53 20 10 1 739 179 66 29 8 3 0 0 
585 233 120 65 16 4 1 0 409 271 174 95 62 9 4 0 695 213 77 31 7 1 0 0 
659 202 107 43 7 4 2 0 420 321 150 83 37 8 3 2 776 164 62 12 6 2 2 0 
277 176 129 77 87 276 2 0 139 172 153 122 164 251 23 0 411 172 83 70 280 8 0 0 
78 149 177 92 104 422 2 0 8 58 137 190 306 310 14 1 272 164 95 87 404 2 0 0 
294 321 237 112 44 10 5 1 104 189 280 256 128 45 16 6 565 287 108 35 17 8 4 0 
373 234 190 138 68 20 1 0 184 194 198 190 144 92 22 0 606 216 119 55 19 9 0 0 
333 265 232 143 43 8 0 0 163 193 213 237 155 54 9 0 586 260 128 40 10 0 0 0 
391 252 187 123 54 14 2 1 187 221 212 177 141 68 15 3 575 255 127 47 16 3 1 0 
372 276 195 119 50 10 2 0 172 230 227 202 119 64 8 2 564 227 141 73 17 1 1 0 
479 271 153 81 25 13 2 0 254 292 214 134 87 33 10 0 578 270 114 47 10 3 2 0 
336 324 226 113 23 2 0 0 149 268 254 209 117 23 4 0 525 313 149 33 4 0 0 0 
359 258 228 114 57 8 0 0 188 199 219 197 154 56 10 1 466 300 168 69 18 3 0 0 
217 275 256 174 82 19 1 0 55 137 247 261 189 101 29 5 463 302 163 77 17 2 0 0 
44 96 150 165 125 439 5 0 3 23 78 139 186 536 56 3 175 192 150 114 356 37 0 0 
0 0 0 0 0 1023 1 0 0 0 0 0 9 1015 0 0 0 0 0 0 751 273 0 0 
0 0 0 0 0 1023 1 0 0 0 0 0 1 1023 0 0 0 0 0 0 368 656 0 0 
0 0 0 0 0 1019 5 0 0 0 0 0 10 1013 1 0 0 0 0 0 308 716 0 0 
0 0 0 0 9 996 19 0 0 0 0 0 36 948 40 0 0 0 0 0 621 399 4 0 
0 0 0 0 6 990 28 0 0 0 0 0 19 981 24 0 0 0 0 0 433 587 4 0 
0 0 0 0 5 1019 0 0 0 0 0 0 33 991 0 0 0 0 0 1 536 487 0 0 
0 0 0 0 13 1010 1 0 0 0 0 1 121 902 0 0 0 0 0 1 685 338 0 0 
0 0 0 0 30 994 0 0 0 0 0 0 203 821 0 0 0 0 0 3 847 174 0 0 
0 0 0 0 31 993 0 0 0 0 0 0 264 760 0 0 0 0 0 1 867 156 0 0 
0 0 0 0 51 973 0 0 0 0 0 0 611 413 0 0 0 0 0 0 992 32 0 0 
0 0 0 0 96 928 0 0 0 0 0 0 907 117 0 0 0 0 0 1 1023 0 0 0 
0 7 41 33 374 569 0 0 0 0 8 46 902 68 0 0 21 38 27 97 841 0 0 0 
391 313 196 58 48 18 0 0 258 227 266 159 86 25 3 0 659 227 71 31 35 1 0 0 
608 229 134 41 9 3 0 0 404 286 185 104 36 8 1 0 773 167 63 15 5 1 0 0 
662 236 94 25 7 0 0 0 462 276 171 84 26 5 0 0 798 171 40 15 0 0 0 0 
681 196 92 34 14 5 2 0 487 265 142 88 23 14 3 2 770 166 59 17 9 1 2 0 
781 140 63 28 9 3 0 0 604 240 90 52 26 10 2 0 845 119 36 16 6 2 0 0 
784 150 54 25 9 2 0 0 624 257 74 35 24 9 1 0 842 128 36 10 6 2 0 0 
639 206 115 48 14 2 0 0 472 254 152 86 44 16 0 0 754 170 78 19 3 0 0 0 
541 224 130 68 36 17 7 1 338 295 169 108 64 39 9 2 646 211 94 36 23 9 5 0 
111 93 89 79 126 517 9 0 67 94 95 81 306 366 13 2 159 96 92 71 567 38 1 0 
200 217 151 105 81 265 4 1 97 161 178 143 218 214 9 4 368 197 110 94 235 17 3 0 
376 315 247 70 16 0 0 0 153 258 261 243 96 13 0 0 670 241 89 21 3 0 0 0 
408 287 172 118 33 5 1 0 223 272 224 172 101 26 6 0 619 234 121 40 7 3 0 0 
439 245 216 87 32 5 0 0 254 242 197 199 99 33 0 0 591 256 105 50 18 4 0 0 
460 271 160 90 37 6 0 0 272 279 218 130 91 27 7 0 612 249 102 46 15 0 0 0 
496 265 166 76 16 5 0 0 322 306 193 122 65 13 3 0 557 291 117 43 13 3 0 0 
424 347 170 67 15 1 0 0 230 368 237 130 47 11 1 0 568 292 128 33 2 1 0 0 
557 239 123 68 30 7 0 0 404 270 144 108 61 29 7 1 712 216 69 22 5 0 0 0 
392 318 216 71 23 4 0 0 179 285 239 203 97 19 2 0 586 296 107 29 6 0 0 0 
346 250 213 137 60 17 1 0 168 238 205 190 145 61 17 0 459 282 160 79 35 8 1 0 
90 148 211 186 134 242 13 0 17 74 118 203 231 309 64 8 226 210 181 117 266 23 1 0 
0 0 0 0 0 1024 0 0 0 0 0 0 17 1007 0 0 0 0 0 0 916 108 0 0 
0 0 0 0 0 1024 0 0 0 0 0 0 17 1007 0 0 0 0 0 0 696 328 0 0 
0 0 0 0 2 1017 5 0 0 0 0 0 15 1009 0 0 0 0 0 1 606 417 0 0 
0 0 0 0 1 993 30 0 0 0 0 0 21 1001 2 0 0 0 0 0 681 343 0 0 
0 0 0 0 11 933 80 0 0 0 0 0 63 939 22 0 0 0 0 3 637 382 2 0 
0 0 0 0 8 1015 1 0 0 0 0 0 254 769 1 0 0 0 0 1 989 34 0 0 
0 0 0 5 70 949 0 0 0 0 0 4 465 555 0 0 0 1 7 44 963 9 0 0 
0 0 4 42 145 831 2 0 0 0 0 16 608 398 2 0 0 8 47 102 865 2 0 0 
0 0 11 72 206 735 0 0 0 0 0 22 813 189 0 0 2 32 64 128 798 0 0 0 
0 0 28 77 390 529 0 0 0 0 0 54 934 36 0 0 2 61 62 201 698 0 0 0 
0 0 73 87 400 464 0 0 0 0 0 77 940 7 0 0 14 84 72 205 649 0 0 0 
0 24 155 101 612 132 0 0 0 0 13 202 806 3 0 0 57 161 78 371 357 0 0 0 
150 190 167 83 334 96 4 0 94 132 188 183 388 35 4 0 322 155 108 236 188 14 1 0 
808 156 37 15 6 2 0 0 704 246 51 15 5 3 0 0 893 85 36 5 5 0 0 0 
892 99 22 6 4 1 0 0 824 142 45 8 4 1 0 0 932 68 18 4 2 0 0 0 
908 86 21 7 2 0 0 0 856 123 34 8 3 0 0 0 945 60 14 3 2 0 0 0 
936 64 15 6 3 0 0 0 872 109 25 11 7 0 0 0 959 45 14 6 0 0 0 0 
833 126 45 17 3 0 0 0 738 171 71 31 11 2 0 0 882 98 30 13 1 0 0 0 
723 140 60 32 40 26 3 0 536 274 86 47 53 25 3 0 809 98 42 37 26 11 1 0 
168 261 125 106 167 182 15 0 91 129 215 198 248 128 14 1 422 122 98 140 191 46 5 0 
0 34 220 108 134 528 0 0 0 0 3 166 566 286 3 0 110 203 82 89 530 10 0 0 
150 138 255 225 85 171 0 0 61 110 124 198 320 207 4 0 344 304 133 77 162 4 0 0 
479 296 193 47 9 0 0 0 275 314 238 136 57 4 0 0 686 240 70 22 6 0 0 0 
610 252 122 29 10 1 0 0 438 320 176 63 24 2 1 0 679 232 85 21 6 1 0 0 
594 278 105 39 7 1 0 0 447 323 142 87 21 4 0 0 716 221 64 18 4 1 0 0 
528 289 144 48 15 0 0 0 317 303 201 139 53 11 0 0 698 236 57 30 3 0 0 0 
593 227 146 48 6 4 0 0 412 302 155 121 28 6 0 0 675 217 89 37 2 4 0 0 
427 314 215 59 9 0 0 0 258 228 271 208 53 6 0 0 570 306 114 31 3 0 0 0 
487 306 169 51 9 2 0 0 329 259 204 150 65 15 2 0 615 308 79 19 3 0 0 0 
401 261 229 94 35 4 0 0 189 280 227 188 101 33 6 0 598 261 113 43 8 1 0 0 
280 360 233 116 22 12 1 0 120 239 292 216 105 39 11 2 485 320 145 54 10 10 0 0 
92 146 180 282 167 142 12 3 23 81 124 176 269 308 36 7 214 271 267 106 139 21 6 0 
0 0 0 261 261 433 68 1 0 0 0 1 123 804 91 5 0 107 344 85 258 229 1 0 
0 0 1 216 331 406 59 11 0 0 0 2 176 735 96 15 0 98 385 89 280 155 17 0 
0 0 7 347 321 324 23 2 0 0 0 9 274 667 71 3 2 218 394 75 294 38 3 0 
0 0 14 465 243 269 33 0 0 0 0 0 247 733 42 2 10 387 290 53 215 69 0 0 
0 0 12 469 318 192 32 1 0 0 0 2 288 655 77 2 5 361 353 97 150 57 1 0 
0 0 60 542 363 59 0 0 0 0 0 30 384 573 37 0 12 406 470 81 55 0 0 0 
0 0 72 606 324 22 0 0 0 0 0 35 402 542 43 2 15 408 507 85 9 0 0 0 
0 1 143 604 268 8 0 0 0 0 0 48 414 522 39 1 59 444 466 53 2 0 0 0 
0 6 193 624 195 6 0 0 0 0 2 97 447 458 20 0 62 587 364 11 0 0 0 0 
0 18 307 545 151 3 0 0 0 0 1 164 477 356 26 0 164 562 278 20 0 0 0 0 
0 14 345 471 190 4 0 0 0 0 3 202 459 342 18 0 174 465 347 38 0 0 0 0 
0 67 327 472 152 6 0 0 0 0 17 278 459 250 20 0 202 445 332 45 0 0 0 0 
29 214 292 432 55 2 0 0 0 28 171 200 422 193 10 0 281 462 263 18 0 0 0 0 
189 164 237 341 93 0 0 0 53 158 127 189 332 161 4 0 322 430 263 9 0 0 0 0 
245 220 229 261 67 2 0 0 127 126 162 222 249 129 9 0 434 413 166 11 0 0 0 0 
327 204 177 284 32 0 0 0 158 185 165 130 238 144 4 0 499 376 144 5 0 0 0 0 
318 183 192 258 72 1 0 0 168 171 139 140 240 152 14 0 515 376 129 4 0 0 0 0 
261 195 163 248 150 7 0 0 107 165 151 156 215 215 14 1 457 316 235 14 2 0 0 0 
165 227 174 280 174 4 0 0 4 148 165 179 224 274 30 0 425 282 289 28 0 0 0 0 
26 209 235 397 151 6 0 0 0 10 89 277 284 316 48 0 299 385 298 42 0 0 0 0 
0 33 248 555 181 7 0 0 0 0 1 114 457 410 42 0 143 507 345 29 0 0 0 0 
22 63 100 545 278 16 0 0 2 17 55 38 304 543 63 2 94 471 422 35 2 0 0 0 
578 271 92 32 44 6 1 0 385 352 153 58 23 43 9 1 664 238 83 29 9 1 0 0 
650 229 108 29 7 1 0 0 524 269 145 71 11 4 0 0 724 213 67 16 4 0 0 0 
665 252 89 17 1 0 0 0 500 343 142 35 4 0 0 0 730 206 70 18 0 0 0 0 
731 193 77 21 2 0 0 0 600 265 110 42 7 0 0 0 780 153 67 22 2 0 0 0 
520 369 119 14 2 0 0 0 380 407 195 37 5 0 0 0 665 283 65 9 2 0 0 0 
604 246 125 33 14 2 0 0 417 331 133 101 29 10 3 0 701 230 66 21 5 1 0 0 
476 327 143 68 9 1 0 0 313 321 192 132 60 5 1 0 664 240 92 24 3 1 0 0 
516 312 137 53 6 0 0 0 335 375 184 97 30 3 0 0 651 256 100 14 3 0 0 0 
449 309 186 57 20 3 0 0 267 249 247 167 63 26 5 0 649 288 58 27 2 0 0 0 
74 74 81 382 389 24 0 0 27 71 64 65 185 544 67 1 110 240 517 141 16 0 0 0 
0 0 10 452 534 28 0 0 0 0 0 1 133 741 148 1 7 281 631 105 0 0 0 0 
0 0 5 415 582 22 0 0 0 0 0 0 129 782 113 0 6 327 637 54 0 0 0 0 
0 0 10 367 610 37 0 0 0 0 0 0 121 737 165 1 9 343 602 70 0 0 0 0 
0 0 6 379 596 43 0 0 0 0 0 0 103 746 173 2 4 346 606 67 1 0 0 0 
0 0 4 261 672 85 2 0 0 0 0 1 88 702 228 5 1 254 649 118 2 0 0 0 
0 0 1 284 675 62 2 0 0 0 0 0 97 743 181 3 3 259 656 103 3 0 0 0 
0 0 3 358 636 27 0 0 0 0 0 0 90 782 151 1 3 342 610 68 1 0 0 0 
0 0 9 384 570 60 1 0 0 0 0 0 141 702 177 4 6 331 582 103 2 0 0 0 
0 0 17 415 547 42 3 0 0 0 0 0 151 727 141 5 5 319 623 73 4 0 0 0 
0 0 11 455 516 42 0 0 0 0 0 0 144 752 125 3 10 359 561 94 0 0 0 0 
0 0 27 552 415 30 0 0 0 0 0 1 215 702 102 4 20 434 498 67 5 0 0 0 
0 0 13 491 492 28 0 0 0 0 0 2 181 710 130 1 5 303 616 99 1 0 0 0 
0 0 35 556 400 33 0 0 0 0 0 2 231 688 100 3 25 445 477 73 4 0 0 0 
0 0 28 605 366 24 1 0 0 0 0 6 218 714 82 4 22 507 431 59 5 0 0 0 
0 1 22 582 396 23 0 0 0 0 0 4 233 708 79 0 16 538 432 38 0 0 0 0 
0 0 25 622 360 17 0 0 0 0 0 1 275 683 65 0 33 549 400 41 1 0 0 0 
0 0 40 649 329 6 0 0 0 0 0 0 254 706 64 0 32 530 397 65 0 0 0 0 
0 1 44 651 311 17 0 0 0 0 0 3 256 693 71 1 22 489 452 61 0 0 0 0 
0 0 62 757 201 4 0 0 0 0 0 3 367 624 30 0 18 574 418 14 0 0 0 0 
0 0 84 797 141 2 0 0 0 0 0 7 459 542 16 0 27 586 397 14 0 0 0 0 
0 3 240 670 110 1 0 0 0 0 0 58 541 404 21 0 116 669 227 12 0 0 0 0 
3 84 348 473 110 4 2 0 0 1 15 238 420 327 20 3 304 552 155 10 2 1 0 0 
396 281 154 122 59 12 0 0 140 313 194 163 96 100 17 1 709 193 84 30 8 0 0 0 
930 63 28 3 0 0 0 0 868 111 31 13 1 0 0 0 954 51 18 1 0 0 0 0 
978 43 3 0 0 0 0 0 955 64 5 0 0 0 0 0 992 29 3 0 0 0 0 0 
955 63 6 0 0 0 0 0 909 89 25 1 0 0 0 0 975 46 3 0 0 0 0 0 
632 323 62 6 1 0 0 0 455 290 229 44 5 1 0 0 855 153 15 1 0 0 0 0 
869 129 22 4 0 0 0 0 785 184 48 7 0 0 0 0 907 93 21 3 0 0 0 0 
837 159 23 3 2 0 0 0 687 252 72 11 2 0 0 0 905 101 15 2 1 0 0 0 
762 207 44 10 1 0 0 0 664 272 70 16 2 0 0 0 837 138 40 8 1 0 0 0 
277 284 255 159 41 8 0 0 164 232 150 207 176 82 12 1 524 337 130 24 9 0 0 0 
0 5 228 657 133 1 0 0 0 0 0 77 476 457 14 0 107 618 285 14 0 0 0 0 
0 0 6 300 674 44 0 0 0 0 0 1 104 763 156 0 1 189 729 105 0 0 0 0 
0 0 9 429 534 52 0 0 0 0 0 0 174 701 146 3 7 283 627 104 3 0 0 0 
0 0 4 358 620 42 0 0 0 0 0 0 125 732 164 3 4 241 700 79 0 0 0 0 
0 0 2 268 670 84 0 0 0 0 0 0 92 748 184 0 0 104 694 224 2 0 0 0 
0 0 7 359 607 51 0 0 0 0 0 2 120 727 174 1 1 193 681 148 1 0 0 0 
0 0 3 325 654 42 0 0 0 0 0 0 85 752 187 0 1 185 710 126 2 0 0 0 
0 0 8 332 631 52 1 0 0 0 0 0 138 716 168 2 5 256 657 104 2 0 0 0 
0 0 5 391 582 45 1 0 0 0 0 1 135 735 151 2 1 249 655 116 3 0 0 0 
0 0 24 441 519 39 1 0 0 0 0 2 185 698 137 2 10 286 600 124 3 1 0 0 
0 0 10 449 544 21 0 0 0 0 0 1 142 773 108 0 4 298 662 60 0 0 0 0 
0 0 8 423 575 18 0 0 0 0 0 0 109 753 162 0 4 321 636 63 0 0 0 0 
0 0 16 413 550 45 0 0 0 0 0 3 99 717 203 2 4 195 663 160 2 0 0 0 
0 0 19 457 497 43 6 2 0 0 0 3 139 703 163 16 10 324 572 106 9 3 0 0 
0 0 2 426 558 34 4 0 0 0 0 0 104 750 163 7 1 204 664 150 5 0 0 0 
0 0 9 397 576 41 1 0 0 0 0 1 74 754 191 4 2 198 646 165 12 1 0 0 
0 0 12 497 483 31 1 0 0 0 0 0 140 761 117 6 1 259 661 98 5 0 0 0 
0 0 7 461 530 26 0 0 0 0 0 0 115 783 126 0 0 182 710 129 3 0 0 0 
0 0 6 566 439 13 0 0 0 0 0 0 167 777 79 1 0 295 631 95 3 0 0 0 
0 0 49 809 164 2 0 0 0 0 0 0 390 613 19 2 11 660 339 14 0 0 0 0 
0 0 139 817 68 0 0 0 0 0 0 16 664 340 4 0 31 709 279 5 0 0 0 0 
0 9 284 693 37 1 0 0 0 0 0 100 713 209 2 0 48 611 358 7 0 0 0 0 
0 78 452 455 39 0 0 0 0 0 17 266 617 123 1 0 202 528 280 14 0 0 0 0 
47 249 390 317 21 0 0 0 0 25 176 331 405 86 1 0 317 499 203 5 0 0 0 0 
255 207 212 331 19 0 0 0 112 152 159 170 337 94 0 0 416 292 305 11 0 0 0 0 
379 217 206 204 18 0 0 0 273 129 155 175 237 54 1 0 504 308 201 11 0 0 0 0 
497 153 177 183 14 0 0 0 423 134 100 151 188 28 0 0 599 251 170 4 0 0 0 0 
299 358 290 77 0 0 0 0 210 136 256 298 123 1 0 0 593 390 41 0 0 0 0 0 
480 246 220 68 9 1 0 0 382 149 161 209 111 10 2 0 637 320 58 9 0 0 0 0 
522 198 201 99 4 0 0 0 410 163 103 184 143 21 0 0 642 290 90 2 0 0 0 0 
468 193 221 138 4 0 0 0 258 228 154 132 230 22 0 0 596 348 78 2 0 0 0 0 
51 339 430 187 16 1 0 0 0 51 230 423 281 38 1 0 414 485 122 3 0 0 0 0 
1 39 462 476 46 0 0 0 0 0 10 319 577 118 0 0 147 597 268 12 0 0 0 0 
