3 54 340 174 172 124 146 11 0 22 290 221 183 122 153 33 38 144 217 136 143 128 113 105 
6 81 165 216 181 180 123 72 1 38 159 209 208 176 131 102 21 105 129 183 163 158 142 123 
1 26 95 85 107 108 162 440 0 17 84 90 105 107 124 497 0 14 45 73 88 115 118 571 
0 0 0 3 13 30 51 927 0 0 0 2 10 30 37 945 0 0 0 0 5 26 28 965 
0 0 0 0 5 18 25 976 0 0 0 0 3 16 27 978 0 0 0 0 3 12 29 980 
0 0 0 2 19 63 97 843 0 0 0 2 16 57 90 859 0 0 0 0 13 49 81 881 
0 0 0 0 0 0 0 1024 0 0 0 0 0 0 0 1024 0 0 0 0 0 0 0 1024 
0 0 0 0 0 0 0 1024 0 0 0 0 0 0 0 1024 0 0 0 0 0 0 0 1024 
0 0 0 0 0 0 0 1024 0 0 0 0 0 0 0 1024 0 0 0 0 0 0 0 1024 
0 0 0 0 0 0 0 1024 0 0 0 0 0 0 0 1024 0 0 0 0 0 0 0 1024 
0 0 0 0 0 0 0 1024 0 0 0 0 0 0 0 1024 0 0 0 0 0 0 0 1024 
0 0 0 0 0 0 0 1024 0 0 0 0 0 0 0 1024 0 0 0 0 0 0 0 1024 
0 0 0 0 0 0 0 1024 0 0 0 0 0 0 0 1024 0 0 0 0 0 0 0 1024 
0 0 0 0 0 0 0 1024 0 0 0 0 0 0 0 1024 0 0 0 0 0 0 0 1024 
0 0 0 0 0 0 0 1024 0 0 0 0 0 0 0 1024 0 0 0 0 0 0 0 1024 
0 0 0 0 0 0 0 1024 0 0 0 0 0 0 0 1024 0 0 0 0 0 0 0 1024 
0 0 0 0 0 0 0 1024 0 0 0 0 0 0 0 1024 0 0 0 0 0 0 0 1024 
0 0 0 0 0 0 0 1024 0 0 0 0 0 0 0 1024 0 0 0 0 0 0 0 1024 
0 0 0 0 0 0 0 1024 0 0 0 0 0 0 0 1024 0 0 0 0 0 0 0 1024 
0 0 0 0 0 0 0 1024 0 0 0 0 0 0 0 1024 0 0 0 0 0 0 0 1024 
0 0 0 0 0 0 0 1024 0 0 0 0 0 0 0 1024 0 0 0 0 0 0 0 1024 
0 0 0 0 0 0 0 1024 0 0 0 0 0 0 0 1024 0 0 0 0 0 0 0 1024 
0 0 0 0 0 0 0 1024 0 0 0 0 0 0 0 1024 0 0 0 0 0 0 0 1024 
0 0 0 0 0 0 0 1024 0 0 0 0 0 0 0 1024 0 0 0 0 0 0 0 1024 
0 0 0 0 0 0 0 1024 0 0 0 0 0 0 0 1024 0 0 0 0 0 0 0 1024 
0 0 0 0 0 0 0 1024 0 0 0 0 0 0 0 1024 0 0 0 0 0 0 0 1024 
0 0 0 0 0 0 0 1024 0 0 0 0 0 0 0 1024 0 0 0 0 0 0 0 1024 
0 0 0 0 0 0 0 1024 0 0 0 0 0 0 0 1024 0 0 0 0 0 0 0 1024 
0 3 7 27 19 11 28 929 0 3 6 22 24 12 27 930 0 5 15 30 6 15 28 925 
3 9 42 133 123 84 96 534 3 8 37 130 130 84 96 536 2 16 83 103 109 86 96 529 
0 2 33 49 63 46 72 759 0 2 29 50 55 54 71 763 0 7 31 50 58 44 66 768 
1 9 18 16 29 27 42 882 1 9 18 16 29 27 42 882 1 9 18 16 29 26 43 882 
0 0 0 0 0 0 0 1024 0 0 0 0 0 0 0 1024 0 0 0 0 0 0 0 1024 
0 0 5 20 14 23 27 935 0 0 5 20 13 23 27 936 0 0 5 23 14 20 29 933 
0 0 1 2 6 9 10 996 0 0 1 1 6 10 10 996 0 0 1 5 7 7 11 993 
0 0 0 0 0 0 0 1024 0 0 0 0 0 0 0 1024 0 0 0 0 0 0 0 1024 
0 0 4 7 13 10 23 967 0 0 3 8 11 10 23 969 0 0 3 8 14 9 19 971 
0 12 67 99 82 65 41 658 0 6 59 93 87 71 46 662 0 9 64 99 82 65 47 658 
1 10 105 118 46 51 43 650 1 10 86 125 54 51 40 657 0 10 79 130 55 56 54 640 
5 221 603 159 31 4 1 0 1 65 595 290 59 12 2 0 209 612 170 24 5 3 1 0 
3 351 474 122 49 19 6 0 1 166 575 192 59 22 7 2 173 498 175 109 42 22 5 0 
0 60 228 158 182 155 155 86 0 22 210 180 177 158 156 121 2 106 163 124 150 159 138 182 
0 0 3 44 73 82 217 605 0 0 1 34 67 83 137 702 0 0 0 15 63 77 92 777 
0 0 3 24 49 104 115 729 0 0 3 22 44 99 107 749 0 0 1 13 41 95 102 772 
0 0 2 9 41 93 103 776 0 0 1 8 32 89 107 787 0 0 0 7 22 65 109 821 
0 0 0 0 0 0 0 1024 0 0 0 0 0 0 0 1024 0 0 0 0 0 0 0 1024 
0 0 0 0 0 0 0 1024 0 0 0 0 0 0 0 1024 0 0 0 0 0 0 0 1024 
0 0 0 0 0 0 0 1024 0 0 0 0 0 0 0 1024 0 0 0 0 0 0 0 1024 
0 0 0 0 0 0 0 1024 0 0 0 0 0 0 0 1024 0 0 0 0 0 0 0 1024 
0 0 0 0 0 0 0 1024 0 0 0 0 0 0 0 1024 0 0 0 0 0 0 0 1024 
0 0 0 0 0 0 0 1024 0 0 0 0 0 0 0 1024 0 0 0 0 0 0 0 1024 
0 0 0 0 0 0 0 1024 0 0 0 0 0 0 0 1024 0 0 0 0 0 0 0 1024 
0 0 0 0 0 0 0 1024 0 0 0 0 0 0 0 1024 0 0 0 0 0 0 0 1024 
0 0 0 0 0 0 0 1024 0 0 0 0 0 0 0 1024 0 0 0 0 0 0 0 1024 
0 0 0 0 0 0 0 1024 0 0 0 0 0 0 0 1024 0 0 0 0 0 0 0 1024 
0 0 0 0 0 0 0 1024 0 0 0 0 0 0 0 1024 0 0 0 0 0 0 0 1024 
0 0 0 0 0 0 0 1024 0 0 0 0 0 0 0 1024 0 0 0 0 0 0 0 1024 
0 0 0 0 0 0 0 1024 0 0 0 0 0 0 0 1024 0 0 0 0 0 0 0 1024 
0 0 0 0 0 0 0 1024 0 0 0 0 0 0 0 1024 0 0 0 0 0 0 0 1024 
0 0 0 0 0 0 0 1024 0 0 0 0 0 0 0 1024 0 0 0 0 0 0 0 1024 
0 0 0 0 0 0 0 1024 0 0 0 0 0 0 0 1024 0 0 0 0 0 0 0 1024 
0 0 0 0 0 0 0 1024 0 0 0 0 0 0 0 1024 0 0 0 0 0 0 0 1024 
0 0 0 0 0 0 0 1024 0 0 0 0 0 0 0 1024 0 0 0 0 0 0 0 1024 
0 0 0 0 0 0 0 1024 0 0 0 0 0 0 0 1024 0 0 0 0 0 0 0 1024 
0 0 0 0 0 0 0 1024 0 0 0 0 0 0 0 1024 0 0 0 0 0 0 0 1024 
0 0 0 0 0 0 0 1024 0 0 0 0 0 0 0 1024 0 0 0 0 0 0 0 1024 
0 0 0 0 0 0 2 1022 0 0 0 0 0 0 2 1022 0 0 0 0 0 0 2 1022 
1 7 37 47 42 23 36 831 1 7 36 44 45 24 36 831 1 10 41 42 41 23 35 831 
0 42 293 299 133 89 50 118 0 32 265 316 145 92 51 123 0 86 333 226 128 82 52 117 
0 6 65 120 64 52 68 649 0 4 59 118 68 56 68 651 0 7 82 108 59 52 68 648 
0 5 27 63 54 37 53 785 0 5 24 58 58 41 51 787 0 6 34 70 48 35 54 777 
0 0 0 0 0 0 0 1024 0 0 0 0 0 0 0 1024 0 0 0 0 0 0 0 1024 
0 1 28 57 51 40 27 820 0 1 22 46 66 38 27 824 0 17 46 41 47 28 36 809 
0 0 6 34 79 59 54 792 0 0 6 29 75 67 57 790 0 0 14 69 59 47 51 784 
0 0 1 3 6 3 10 1001 0 0 1 3 6 3 10 1001 0 0 1 3 6 3 10 1001 
1 78 209 171 120 68 89 288 1 62 213 179 128 66 89 286 0 35 184 178 128 95 78 326 
0 203 440 266 82 21 7 5 0 107 391 372 104 32 13 5 2 277 457 180 79 16 8 5 
11 403 460 93 30 23 3 1 1 254 540 156 42 25 4 2 3 320 504 124 41 24 5 3 
1 648 328 42 5 0 0 0 0 388 554 69 11 2 0 0 680 294 45 4 1 0 0 0 
6 674 319 25 0 0 0 0 0 222 689 113 0 0 0 0 664 307 53 0 0 0 0 0 
4 412 551 50 7 0 0 0 0 186 700 128 10 0 0 0 181 646 141 45 11 0 0 0 
0 24 259 162 186 184 157 52 0 0 210 206 186 177 157 88 0 194 133 81 157 169 157 133 
0 1 55 154 160 205 212 237 0 2 59 142 150 197 208 266 0 22 63 96 129 175 206 333 
0 0 0 0 0 0 4 1020 0 0 0 0 0 0 4 1020 0 0 0 0 0 0 0 1024 
0 0 10 42 67 72 81 752 0 0 2 43 67 67 81 764 0 0 10 36 56 75 75 772 
0 0 0 0 0 0 0 1024 0 0 0 0 0 0 0 1024 0 0 0 0 0 0 0 1024 
0 0 0 0 0 0 0 1024 0 0 0 0 0 0 0 1024 0 0 0 0 0 0 0 1024 
0 0 0 0 0 0 0 1024 0 0 0 0 0 0 0 1024 0 0 0 0 0 0 0 1024 
0 0 0 0 0 0 0 1024 0 0 0 0 0 0 0 1024 0 0 0 0 0 0 0 1024 
0 0 0 0 0 0 0 1024 0 0 0 0 0 0 0 1024 0 0 0 0 0 0 0 1024 
0 0 0 0 0 0 0 1024 0 0 0 0 0 0 0 1024 0 0 0 0 0 0 0 1024 
0 0 0 0 0 0 0 1024 0 0 0 0 0 0 0 1024 0 0 0 0 0 0 0 1024 
0 0 0 0 0 0 0 1024 0 0 0 0 0 0 0 1024 0 0 0 0 0 0 0 1024 
0 0 0 0 0 0 0 1024 0 0 0 0 0 0 0 1024 0 0 0 0 0 0 0 1024 
0 0 0 0 0 0 0 1024 0 0 0 0 0 0 0 1024 0 0 0 0 0 0 0 1024 
0 0 0 0 0 0 0 1024 0 0 0 0 0 0 0 1024 0 0 0 0 0 0 0 1024 
0 0 0 0 0 0 0 1024 0 0 0 0 0 0 0 1024 0 0 0 0 0 0 0 1024 
0 0 0 0 0 0 0 1024 0 0 0 0 0 0 0 1024 0 0 0 0 0 0 0 1024 
0 0 0 0 0 0 0 1024 0 0 0 0 0 0 0 1024 0 0 0 0 0 0 0 1024 
0 0 0 0 0 0 0 1024 0 0 0 0 0 0 0 1024 0 0 0 0 0 0 0 1024 
0 1 5 9 16 13 24 956 0 1 5 9 16 13 24 956 0 1 5 9 16 13 24 956 
0 0 5 3 6 4 11 995 0 0 5 3 6 4 11 995 0 0 5 3 6 4 11 995 
0 0 0 0 0 0 0 1024 0 0 0 0 0 0 0 1024 0 0 0 0 0 0 0 1024 
0 0 0 0 0 0 0 1024 0 0 0 0 0 0 0 1024 0 0 0 0 0 0 0 1024 
1 20 71 86 90 88 109 559 0 18 66 87 93 85 110 565 0 17 62 90 92 86 106 571 
0 6 35 64 80 50 57 732 0 5 35 63 80 50 58 733 0 5 34 65 80 51 56 733 
0 12 40 40 33 27 41 831 0 12 41 39 34 26 41 831 0 11 42 37 31 27 42 834 
4 254 475 127 50 26 28 60 3 212 507 136 52 23 32 59 11 375 382 98 44 28 23 63 
2 76 274 224 85 83 80 200 1 56 247 240 110 76 84 210 5 114 258 202 82 85 73 205 
2 29 81 184 134 84 82 428 1 26 58 187 152 81 83 436 5 27 138 176 100 72 77 429 
1 2 35 177 121 36 32 620 1 2 25 136 162 42 32 624 0 10 65 205 67 29 43 605 
0 6 76 132 39 32 36 703 0 5 44 149 51 34 34 707 5 64 71 83 30 32 36 703 
5 10 50 106 109 67 58 619 5 8 40 95 118 71 57 630 1 17 90 103 85 59 75 594 
2 47 125 88 80 65 59 558 1 43 127 85 78 66 63 561 3 47 94 101 88 64 65 562 
6 279 397 111 70 45 50 66 2 179 443 159 71 48 54 68 7 276 359 135 68 51 42 86 
9 370 432 176 24 8 3 2 1 224 414 323 44 12 4 2 36 417 363 165 29 9 2 3 
37 503 277 131 34 16 9 17 13 365 384 144 73 17 8 20 37 534 316 75 20 11 9 22 
6 828 136 37 14 3 0 0 0 478 463 62 15 6 0 0 834 136 37 14 3 0 0 0 
7 915 100 2 0 0 0 0 0 364 649 11 0 0 0 0 849 173 2 0 0 0 0 0 
9 746 235 33 1 0 0 0 0 412 561 47 4 0 0 0 406 569 48 1 0 0 0 0 
0 244 543 186 51 0 0 0 0 153 597 200 70 4 0 0 186 644 144 50 0 0 0 0 
0 197 609 202 14 2 0 0 0 89 560 354 18 2 1 0 75 508 399 39 1 2 0 0 
0 151 546 130 31 36 25 105 0 36 512 264 40 37 26 109 18 384 365 60 31 29 22 115 
0 39 237 148 80 94 94 332 0 3 200 205 79 103 84 350 2 150 133 107 87 86 78 381 
0 0 0 0 0 0 0 1024 0 0 0 0 0 0 0 1024 0 0 0 0 0 0 0 1024 
0 0 0 0 2 4 9 1009 0 0 0 0 2 4 7 1011 0 0 0 0 2 3 4 1015 
0 0 0 0 0 0 0 1024 0 0 0 0 0 0 0 1024 0 0 0 0 0 0 0 1024 
0 0 0 0 0 0 0 1024 0 0 0 0 0 0 0 1024 0 0 0 0 0 0 0 1024 
0 0 0 0 0 0 0 1024 0 0 0 0 0 0 0 1024 0 0 0 0 0 0 0 1024 
0 0 0 0 0 0 0 1024 0 0 0 0 0 0 0 1024 0 0 0 0 0 0 0 1024 
0 0 0 0 0 0 0 1024 0 0 0 0 0 0 0 1024 0 0 0 0 0 0 0 1024 
0 0 0 0 0 0 0 1024 0 0 0 0 0 0 0 1024 0 0 0 0 0 0 0 1024 
0 0 0 0 0 0 0 1024 0 0 0 0 0 0 0 1024 0 0 0 0 0 0 0 1024 
0 0 0 0 0 0 0 1024 0 0 0 0 0 0 0 1024 0 0 0 0 0 0 0 1024 
0 0 0 0 0 0 0 1024 0 0 0 0 0 0 0 1024 0 0 0 0 0 0 0 1024 
0 0 0 0 0 0 0 1024 0 0 0 0 0 0 0 1024 0 0 0 0 0 0 0 1024 
0 0 0 0 0 0 0 1024 0 0 0 0 0 0 0 1024 0 0 0 0 0 0 0 1024 
0 0 0 0 0 0 0 1024 0 0 0 0 0 0 0 1024 0 0 0 0 0 0 0 1024 
0 0 0 0 0 0 0 1024 0 0 0 0 0 0 0 1024 0 0 0 0 0 0 0 1024 
0 9 9 16 12 11 20 947 0 9 9 16 12 11 20 947 0 9 9 16 12 11 20 947 
0 0 2 11 6 4 5 996 0 0 2 11 6 4 5 996 0 0 2 11 6 4 5 996 
0 0 0 0 0 0 0 1024 0 0 0 0 0 0 0 1024 0 0 0 0 0 0 0 1024 
0 0 0 0 0 0 0 1024 0 0 0 0 0 0 0 1024 0 0 0 0 0 0 0 1024 
2 27 47 57 76 78 87 650 2 21 45 57 76 74 94 655 2 22 39 57 74 75 91 664 
6 53 135 124 107 92 95 412 3 44 129 131 105 96 93 423 5 56 130 127 99 90 91 426 
18 38 62 48 36 41 42 739 18 37 62 49 37 40 42 739 19 39 59 48 38 41 39 741 
10 73 380 282 97 57 42 83 9 70 357 301 106 57 42 82 20 148 401 199 76 57 41 82 
11 78 218 201 135 97 81 203 9 71 199 218 132 103 84 208 21 113 228 169 117 99 82 195 
3 16 94 163 102 77 75 494 2 15 76 147 121 85 71 507 4 36 105 169 87 57 73 493 
2 27 165 307 110 59 47 307 0 24 117 314 141 63 48 317 10 128 302 131 49 62 42 300 
7 28 232 254 75 35 33 360 3 19 207 277 91 31 31 365 10 68 285 180 64 28 51 338 
1 45 128 205 84 77 63 421 1 29 95 212 115 76 65 431 15 104 171 114 71 67 70 412 
17 188 189 128 127 91 91 193 13 163 212 127 125 93 93 198 2 122 214 139 133 105 91 218 
14 485 313 96 47 31 20 18 3 324 431 138 52 30 21 25 61 427 308 98 47 35 23 25 
30 318 352 217 73 18 12 4 6 240 333 288 110 31 10 6 109 528 263 68 28 12 8 8 
17 304 405 184 78 12 11 13 6 149 434 267 117 26 10 15 109 446 312 95 28 13 11 10 
31 802 185 6 0 0 0 0 0 726 285 13 0 0 0 0 687 310 27 0 0 0 0 0 
25 828 108 26 21 16 0 0 2 470 484 28 23 17 0 0 511 430 37 19 21 6 0 0 
0 344 632 28 14 4 2 0 0 87 773 142 16 4 2 0 362 523 115 15 7 2 0 0 
0 362 513 141 8 0 0 0 0 135 607 221 61 0 0 0 177 704 114 26 3 0 0 0 
18 606 372 28 0 0 0 0 0 272 654 96 2 0 0 0 222 719 80 3 0 0 0 0 
2 331 581 54 30 12 8 6 1 109 739 112 33 15 9 6 63 669 191 38 30 14 9 10 
0 67 252 188 130 149 193 45 0 40 199 220 144 157 170 94 5 84 177 176 132 124 134 192 
4 22 95 122 101 102 202 376 1 11 76 115 116 109 149 447 0 10 56 101 121 102 89 545 
0 0 9 63 96 113 151 592 0 0 6 50 93 110 131 634 0 0 2 47 73 115 115 672 
0 0 0 0 0 0 0 1024 0 0 0 0 0 0 0 1024 0 0 0 0 0 0 0 1024 
0 0 0 0 0 0 0 1024 0 0 0 0 0 0 0 1024 0 0 0 0 0 0 0 1024 
0 0 0 0 0 0 0 1024 0 0 0 0 0 0 0 1024 0 0 0 0 0 0 0 1024 
0 0 0 0 0 0 0 1024 0 0 0 0 0 0 0 1024 0 0 0 0 0 0 0 1024 
0 0 0 0 0 0 0 1024 0 0 0 0 0 0 0 1024 0 0 0 0 0 0 0 1024 
0 0 0 0 0 0 0 1024 0 0 0 0 0 0 0 1024 0 0 0 0 0 0 0 1024 
0 0 0 0 0 0 0 1024 0 0 0 0 0 0 0 1024 0 0 0 0 0 0 0 1024 
0 0 0 0 0 0 0 1024 0 0 0 0 0 0 0 1024 0 0 0 0 0 0 0 1024 
0 0 0 0 0 0 0 1024 0 0 0 0 0 0 0 1024 0 0 0 0 0 0 0 1024 
0 0 0 0 0 0 0 1024 0 0 0 0 0 0 0 1024 0 0 0 0 0 0 0 1024 
0 0 0 0 0 0 0 1024 0 0 0 0 0 0 0 1024 0 0 0 0 0 0 0 1024 
0 0 0 0 0 0 0 1024 0 0 0 0 0 0 0 1024 0 0 0 0 0 0 0 1024 
0 0 0 0 0 0 0 1024 0 0 0 0 0 0 0 1024 0 0 0 0 0 0 0 1024 
4 9 23 18 23 20 52 875 4 9 23 18 23 20 52 875 4 9 23 18 23 20 52 875 
0 6 10 10 9 14 17 958 0 6 10 10 9 14 17 958 0 6 10 10 9 14 17 958 
8 3 10 3 5 18 18 959 8 3 10 3 5 18 18 959 8 3 10 3 5 18 18 959 
0 17 77 482 50 22 15 361 1 15 101 463 46 23 15 360 0 16 112 461 40 19 13 363 
12 53 93 170 118 62 86 430 12 49 90 175 121 59 87 431 11 54 93 181 96 66 85 438 
16 53 175 150 98 91 96 345 15 51 170 148 103 88 98 351 15 55 176 144 100 92 88 354 
4 32 92 100 99 76 66 555 4 32 82 98 108 80 60 560 5 39 122 90 81 67 60 560 
8 49 166 167 121 90 72 351 8 43 164 168 126 88 76 351 13 74 176 157 103 82 68 351 
11 45 138 120 79 59 81 491 10 41 118 132 88 57 77 501 17 66 126 103 79 56 79 498 
1 34 164 163 107 103 102 350 1 17 146 156 125 104 109 366 5 86 147 134 100 95 100 357 
4 54 253 256 53 36 42 326 3 36 218 299 62 41 38 327 7 117 303 155 39 31 39 333 
5 51 207 278 196 56 31 200 2 31 195 275 224 56 42 199 14 121 208 257 156 39 30 199 
6 119 329 141 47 55 61 266 5 84 278 220 53 54 54 276 20 206 246 115 53 51 62 271 
36 574 323 53 15 10 11 2 14 418 353 190 22 9 14 4 41 608 301 36 13 11 9 5 
101 634 201 71 14 3 0 0 30 609 249 112 21 1 2 0 85 736 162 28 10 3 0 0 
29 327 466 157 35 4 0 6 9 233 405 279 84 8 0 6 213 543 217 38 3 4 0 6 
50 476 423 62 8 4 1 0 11 258 556 178 15 3 3 0 219 563 218 17 3 4 0 0 
80 900 38 5 1 0 0 0 13 857 144 9 1 0 0 0 753 255 10 5 1 0 0 0 
32 842 126 15 9 0 0 0 9 729 243 33 10 0 0 0 624 339 48 10 3 0 0 0 
249 417 307 45 6 0 0 0 462 192 300 62 8 0 0 0 495 426 87 16 0 0 0 0 
178 332 269 143 91 11 0 0 262 201 276 176 91 18 0 0 449 295 101 109 63 7 0 0 
4 497 307 186 30 0 0 0 3 302 394 251 72 2 0 0 336 511 129 48 0 0 0 0 
2 545 391 46 24 13 3 0 0 248 642 86 27 14 6 1 90 714 149 30 25 11 5 0 
1 58 195 169 143 128 159 171 0 31 183 183 150 137 150 190 2 44 166 157 133 137 131 254 
0 13 39 87 94 153 302 336 0 10 36 83 87 149 219 440 1 7 27 87 77 123 177 525 
0 1 7 48 52 51 57 808 0 0 5 42 51 56 55 815 0 0 3 33 40 61 42 845 
0 0 0 0 0 0 0 1024 0 0 0 0 0 0 0 1024 0 0 0 0 0 0 0 1024 
0 0 0 0 0 0 0 1024 0 0 0 0 0 0 0 1024 0 0 0 0 0 0 0 1024 
0 0 0 0 0 0 0 1024 0 0 0 0 0 0 0 1024 0 0 0 0 0 0 0 1024 
0 0 0 0 0 0 0 1024 0 0 0 0 0 0 0 1024 0 0 0 0 0 0 0 1024 
0 0 0 0 0 0 0 1024 0 0 0 0 0 0 0 1024 0 0 0 0 0 0 0 1024 
0 6 67 61 29 8 24 829 0 7 85 48 22 8 25 829 0 13 78 51 22 9 22 829 
0 1 17 34 5 3 8 956 0 1 20 32 4 3 8 956 0 0 21 32 3 4 8 956 
0 0 0 0 0 0 0 1024 0 0 0 0 0 0 0 1024 0 0 0 0 0 0 0 1024 
0 0 0 0 0 0 0 1024 0 0 0 0 0 0 0 1024 0 0 0 0 0 0 0 1024 
0 0 0 0 0 0 0 1024 0 0 0 0 0 0 0 1024 0 0 0 0 0 0 0 1024 
0 0 0 0 0 0 0 1024 0 0 0 0 0 0 0 1024 0 0 0 0 0 0 0 1024 
0 0 0 0 0 0 0 1024 0 0 0 0 0 0 0 1024 0 0 0 0 0 0 0 1024 
0 7 28 58 58 51 67 755 0 7 24 63 56 52 66 756 0 7 35 58 54 49 67 754 
0 2 24 50 37 39 54 818 0 2 24 47 39 41 50 821 0 2 25 51 34 43 51 818 
0 3 22 33 32 37 41 856 0 3 18 36 33 36 39 859 0 3 24 35 27 36 42 857 
0 5 20 45 28 26 36 864 0 5 18 46 29 28 34 864 0 9 37 27 27 22 36 866 
0 0 18 688 173 24 27 94 0 0 26 772 79 26 23 98 0 0 27 771 84 23 24 95 
11 28 65 100 277 50 73 420 10 27 69 103 273 50 70 422 7 28 61 132 249 54 59 434 
10 71 145 132 109 96 115 346 8 58 146 136 114 97 108 357 10 72 142 130 112 93 108 357 
6 35 154 183 95 90 86 375 6 33 147 192 93 88 90 375 5 55 176 151 85 89 84 379 
38 292 339 200 53 24 12 66 14 248 336 259 65 22 14 66 155 331 303 102 40 20 15 58 
36 480 334 121 29 16 5 3 0 385 388 183 41 19 5 3 79 507 308 82 25 16 5 2 
3 256 424 218 43 20 11 49 1 186 385 300 65 25 10 52 23 418 371 112 28 14 9 49 
16 299 314 184 34 31 31 115 15 246 340 193 53 30 33 114 50 322 261 149 60 33 35 114 
4 209 454 199 58 16 14 70 1 141 424 285 66 18 14 75 63 376 328 137 24 19 15 62 
5 149 334 71 51 33 42 339 5 84 359 106 48 37 41 344 17 254 205 72 55 38 37 346 
104 407 250 105 56 50 28 24 62 309 354 125 66 46 36 26 133 460 176 97 49 44 26 39 
99 464 294 79 42 24 13 9 56 391 371 99 58 23 14 12 104 478 254 92 40 25 18 13 
16 442 416 114 23 12 1 0 1 242 525 198 42 15 1 0 283 469 221 42 7 1 1 0 
41 694 270 18 1 0 0 0 4 471 494 53 2 0 0 0 253 614 148 9 0 0 0 0 
6 329 508 129 52 0 0 0 4 244 469 259 47 1 0 0 639 235 115 35 0 0 0 0 
147 502 318 48 9 0 0 0 66 446 315 171 26 0 0 0 576 355 69 24 0 0 0 0 
503 414 107 0 0 0 0 0 678 287 59 0 0 0 0 0 717 299 8 0 0 0 0 0 
371 449 183 21 0 0 0 0 370 414 163 77 0 0 0 0 602 299 123 0 0 0 0 0 
48 864 108 4 0 0 0 0 19 718 278 9 0 0 0 0 578 428 18 0 0 0 0 0 
0 526 372 75 51 0 0 0 0 427 466 94 37 0 0 0 304 571 89 60 0 0 0 0 
0 79 227 116 54 68 113 367 0 57 220 143 54 75 105 370 10 193 116 84 57 66 104 394 
0 12 78 131 88 94 95 526 0 6 68 140 87 87 106 530 0 14 87 109 90 79 100 545 
0 2 24 26 17 26 33 896 0 1 22 27 19 23 28 904 0 1 23 25 18 24 27 906 
1 7 29 30 33 39 62 823 0 5 24 29 35 37 36 858 0 7 20 30 35 35 32 865 
0 0 0 0 0 2 164 858 0 0 0 0 0 2 10 1012 0 0 0 0 0 0 4 1020 
0 0 0 2 22 39 229 732 0 0 0 0 17 35 69 903 0 0 0 0 7 25 42 950 
0 0 0 0 1 1 20 1002 0 0 0 0 1 1 5 1017 0 0 0 0 0 1 2 1021 
0 0 0 0 1 3 51 969 0 0 0 0 1 2 36 985 0 0 0 0 0 2 8 1014 
0 2 395 251 59 27 23 267 0 4 460 199 43 23 26 269 0 21 480 164 40 24 22 273 
0 0 1 226 135 59 81 522 0 0 0 269 82 59 72 542 0 0 14 247 65 68 65 565 
0 0 2 37 155 170 102 558 0 0 0 28 127 183 114 572 0 0 0 11 91 183 135 604 
0 0 2 41 87 96 80 718 0 0 1 29 78 103 85 728 0 0 1 12 76 95 95 745 
0 0 0 0 14 37 41 932 0 0 0 0 12 34 42 936 0 0 0 0 11 30 43 940 
0 3 16 45 38 34 71 817 0 3 12 49 35 36 71 818 0 3 9 49 35 36 65 827 
0 0 9 137 24 5 9 840 0 0 8 138 24 5 10 839 0 2 23 124 20 6 11 838 
0 5 75 208 144 78 93 421 0 1 65 211 146 78 97 426 0 12 112 194 107 71 86 442 
2 59 173 275 161 78 79 197 2 51 156 283 171 79 74 208 10 92 238 227 104 75 70 208 
3 46 282 420 84 40 45 104 2 36 266 442 85 41 46 106 6 103 332 319 76 37 46 105 
0 5 222 369 66 32 37 293 0 5 183 397 77 32 37 293 0 126 164 322 48 33 34 297 
0 2 158 581 230 18 1 34 0 1 123 594 243 27 2 34 4 94 369 426 92 4 2 33 
0 9 282 582 66 13 12 60 0 4 213 636 87 12 12 60 4 148 410 327 48 15 12 60 
0 174 604 198 21 4 8 15 0 133 584 256 24 3 9 15 26 456 433 76 6 6 7 14 
0 63 503 412 44 2 0 0 0 51 491 426 54 2 0 0 16 226 557 212 13 0 0 0 
56 612 241 107 8 0 0 0 21 565 297 130 11 0 0 0 378 411 191 44 0 0 0 0 
281 613 97 25 8 0 0 0 179 609 193 30 13 0 0 0 418 514 80 11 1 0 0 0 
175 691 137 12 9 0 0 0 111 700 182 20 11 0 0 0 463 505 43 12 1 0 0 0 
31 387 497 103 6 0 0 0 1 238 611 163 11 0 0 0 91 527 343 63 0 0 0 0 
3 326 560 106 25 4 0 0 0 225 623 132 36 7 1 0 92 549 347 32 1 3 0 0 
13 129 338 172 117 64 55 136 11 109 334 182 119 71 54 144 20 242 256 130 100 68 57 151 
7 453 461 89 14 0 0 0 4 245 613 143 19 0 0 0 101 514 357 42 9 1 0 0 
51 377 434 136 25 1 0 0 6 310 489 177 40 2 0 0 330 496 152 39 7 0 0 0 
29 367 484 129 15 0 0 0 1 214 529 233 47 0 0 0 326 538 143 17 0 0 0 0 
97 700 207 20 0 0 0 0 43 644 297 40 0 0 0 0 483 472 67 2 0 0 0 0 
9 313 542 159 1 0 0 0 0 159 579 281 5 0 0 0 442 445 131 6 0 0 0 0 
1 357 415 217 34 0 0 0 0 182 337 388 116 1 0 0 363 342 118 138 63 0 0 0 
125 346 347 164 36 6 0 0 176 250 357 189 51 1 0 0 462 294 147 115 6 0 0 0 
125 564 216 97 16 6 0 0 150 449 266 123 28 4 4 0 382 439 122 73 4 4 0 0 
70 768 133 33 12 5 3 0 25 728 210 36 17 5 3 0 392 519 67 30 8 6 2 0 
29 591 250 86 68 0 0 0 21 531 321 104 47 0 0 0 349 500 96 77 2 0 0 0 
3 320 546 128 8 7 4 8 25 215 573 183 9 6 5 8 113 638 233 15 7 6 4 8 
8 187 333 198 64 40 56 138 0 111 329 250 96 41 56 141 123 304 236 85 48 37 46 145 
1 33 192 185 99 95 63 356 1 18 132 221 127 91 69 365 6 61 181 143 91 102 62 378 
1 143 355 257 126 71 56 15 12 59 308 297 191 66 66 25 69 231 226 212 138 71 39 38 
68 184 220 221 109 76 88 58 188 95 143 229 117 85 82 85 157 183 199 139 87 79 64 116 
0 17 381 265 174 75 91 21 0 7 254 333 207 95 68 60 0 18 360 239 160 99 70 78 
0 2 193 236 153 133 179 128 0 0 115 258 189 128 111 223 0 11 182 180 137 121 117 276 
0 11 215 209 143 156 160 130 0 0 168 213 163 154 161 165 0 40 189 154 142 117 153 229 
0 15 434 465 78 20 8 4 0 17 479 414 72 28 9 5 0 34 396 490 59 29 9 7 
0 66 227 506 140 49 28 8 0 74 320 407 123 59 30 11 0 67 218 504 123 62 30 20 
0 82 189 602 106 36 9 0 0 90 255 527 103 39 10 0 0 73 176 602 107 53 13 0 
0 85 182 621 92 26 9 9 0 97 233 563 85 28 8 10 0 80 192 598 92 42 10 10 
0 49 268 573 80 13 5 36 0 69 328 509 64 14 4 36 0 46 277 558 82 16 8 37 
0 35 340 516 130 3 0 0 0 45 387 463 126 3 0 0 0 40 377 500 104 3 0 0 
0 75 448 479 22 0 0 0 0 88 495 424 17 0 0 0 0 65 367 563 29 0 0 0 
0 20 636 341 27 0 0 0 0 21 622 354 27 0 0 0 0 165 596 249 14 0 0 0 
0 97 720 196 11 0 0 0 0 80 682 249 13 0 0 0 1 291 676 56 0 0 0 0 
0 35 661 315 13 0 0 0 0 27 625 353 19 0 0 0 0 210 708 106 0 0 0 0 
0 59 707 254 4 0 0 0 0 41 646 327 10 0 0 0 5 317 652 50 0 0 0 0 
1 55 618 323 27 0 0 0 0 44 486 449 44 1 0 0 24 485 477 37 1 0 0 0 
0 63 547 340 72 2 0 0 0 44 497 384 94 5 0 0 16 397 501 107 3 0 0 0 
4 239 683 93 5 0 0 0 1 172 706 137 8 0 0 0 47 612 332 33 0 0 0 0 
1 134 696 183 10 0 0 0 0 104 674 233 13 0 0 0 34 492 431 67 0 0 0 0 
74 583 320 47 0 0 0 0 7 582 354 81 0 0 0 0 330 524 163 7 0 0 0 0 
126 513 250 121 14 0 0 0 21 513 292 167 31 0 0 0 365 473 152 34 0 0 0 0 
42 706 196 74 6 0 0 0 1 631 261 104 27 0 0 0 292 605 106 21 0 0 0 0 
41 843 131 9 0 0 0 0 10 779 224 11 0 0 0 0 179 748 95 2 0 0 0 0 
35 700 247 42 0 0 0 0 8 557 376 78 5 0 0 0 171 686 156 11 0 0 0 0 
2 379 493 142 8 0 0 0 0 209 601 197 17 0 0 0 234 497 267 26 0 0 0 0 
8 469 395 148 4 0 0 0 1 301 488 208 26 0 0 0 276 564 170 14 0 0 0 0 
18 432 456 115 3 0 0 0 2 275 533 199 15 0 0 0 303 475 217 29 0 0 0 0 
21 305 565 129 4 0 0 0 6 185 547 270 16 0 0 0 251 495 257 21 0 0 0 0 
262 568 177 17 0 0 0 0 181 589 230 24 0 0 0 0 626 342 55 1 0 0 0 0 
54 503 330 128 9 0 0 0 18 326 504 170 6 0 0 0 503 353 158 10 0 0 0 0 
62 653 299 10 0 0 0 0 160 348 480 36 0 0 0 0 437 500 74 13 0 0 0 0 
117 364 360 170 13 0 0 0 171 293 335 190 35 0 0 0 395 317 207 94 11 0 0 0 
50 773 162 38 1 0 0 0 56 360 533 73 2 0 0 0 590 312 83 38 1 0 0 0 
15 644 361 2 2 0 0 0 5 511 393 113 2 0 0 0 512 499 10 1 2 0 0 0 
25 399 407 158 30 5 0 0 8 309 444 209 48 6 0 0 273 496 195 51 9 0 0 0 
168 416 171 203 65 1 0 0 210 290 204 107 207 6 0 0 398 287 112 210 16 1 0 0 
52 307 476 165 22 2 0 0 46 140 541 229 64 4 0 0 267 463 203 88 3 0 0 0 
24 352 472 150 26 0 0 0 4 160 545 270 41 4 0 0 219 503 225 69 8 0 0 0 
6 210 663 119 26 0 0 0 6 43 613 314 47 1 0 0 136 472 287 75 47 7 0 0 
35 386 529 73 1 0 0 0 15 238 554 209 8 0 0 0 167 572 265 20 0 0 0 0 
19 532 382 76 9 6 0 0 0 395 427 178 14 9 1 0 58 547 351 51 8 7 2 0 
0 258 727 34 5 0 0 0 0 107 736 174 7 0 0 0 22 591 395 14 2 0 0 0 
0 408 578 29 9 0 0 0 0 270 695 43 16 0 0 0 0 469 516 31 8 0 0 0 
0 64 898 62 0 0 0 0 0 84 909 31 0 0 0 0 0 63 864 97 0 0 0 0 
0 39 846 139 0 0 0 0 0 56 913 55 0 0 0 0 0 53 810 161 0 0 0 0 
0 28 678 318 0 0 0 0 0 31 732 261 0 0 0 0 0 27 517 480 0 0 0 0 
0 10 807 207 0 0 0 0 0 20 911 93 0 0 0 0 0 7 744 273 0 0 0 0 
0 0 499 525 0 0 0 0 0 0 612 412 0 0 0 0 0 0 324 700 0 0 0 0 
0 0 474 550 0 0 0 0 0 0 640 384 0 0 0 0 0 0 536 488 0 0 0 0 
0 0 589 435 0 0 0 0 0 0 688 336 0 0 0 0 0 0 233 791 0 0 0 0 
0 10 246 708 59 1 0 0 0 7 229 721 64 3 0 0 0 69 452 475 28 0 0 0 
0 26 707 291 0 0 0 0 0 19 660 345 0 0 0 0 1 247 688 88 0 0 0 0 
0 54 731 230 9 0 0 0 0 42 710 259 13 0 0 0 0 259 676 87 2 0 0 0 
0 267 687 66 4 0 0 0 0 204 673 144 3 0 0 0 47 638 333 6 0 0 0 0 
0 82 607 307 25 3 0 0 0 41 538 397 46 2 0 0 19 516 405 80 4 0 0 0 
2 76 572 335 39 0 0 0 1 47 469 444 62 1 0 0 53 590 346 34 1 0 0 0 
2 370 616 36 0 0 0 0 2 243 656 122 1 0 0 0 157 757 108 2 0 0 0 0 
5 96 798 123 2 0 0 0 0 55 732 227 10 0 0 0 62 677 277 8 0 0 0 0 
27 538 425 34 0 0 0 0 9 452 492 69 2 0 0 0 284 596 141 3 0 0 0 0 
33 337 517 117 20 0 0 0 11 187 535 253 38 0 0 0 255 489 253 27 0 0 0 0 
20 449 461 89 5 0 0 0 3 319 439 247 16 0 0 0 331 560 124 9 0 0 0 0 
197 627 174 26 0 0 0 0 93 650 218 61 2 0 0 0 462 463 95 4 0 0 0 0 
50 858 113 3 0 0 0 0 2 820 191 11 0 0 0 0 498 506 20 0 0 0 0 0 
1 181 677 154 11 0 0 0 0 78 579 339 27 1 0 0 82 644 263 35 0 0 0 0 
16 587 360 61 0 0 0 0 7 416 493 98 10 0 0 0 280 636 104 4 0 0 0 0 
63 734 158 29 25 14 1 0 18 651 251 58 23 20 3 0 450 491 35 18 24 6 0 0 
38 451 425 97 13 0 0 0 1 339 465 184 35 0 0 0 257 550 177 40 0 0 0 0 
44 524 409 42 5 0 0 0 19 408 517 74 6 0 0 0 321 564 133 6 0 0 0 0 
186 440 125 181 92 0 0 0 68 517 253 166 20 0 0 0 491 186 129 62 70 81 5 0 
855 160 9 0 0 0 0 0 917 97 10 0 0 0 0 0 986 36 2 0 0 0 0 0 
299 442 216 47 20 0 0 0 676 214 86 42 6 0 0 0 621 329 47 23 4 0 0 0 
102 664 186 54 18 0 0 0 78 587 278 62 15 4 0 0 581 348 70 20 5 0 0 0 
5 387 573 44 15 0 0 0 0 143 694 163 23 1 0 0 551 400 54 18 1 0 0 0 
2 256 545 201 20 0 0 0 0 122 543 325 34 0 0 0 169 562 270 23 0 0 0 0 
53 368 450 147 6 0 0 0 27 216 486 279 16 0 0 0 262 511 223 27 1 0 0 0 
0 431 562 31 0 0 0 0 0 185 714 123 2 0 0 0 394 537 92 1 0 0 0 0 
6 306 628 72 9 3 0 0 2 69 683 253 13 4 0 0 281 591 132 16 4 0 0 0 
3 248 522 222 25 4 0 0 0 124 541 314 40 5 0 0 173 554 240 40 9 6 2 0 
0 91 548 301 80 4 0 0 0 17 365 474 148 20 0 0 102 466 292 117 37 8 2 0 
15 98 674 191 46 0 0 0 14 62 308 553 87 0 0 0 248 500 202 73 1 0 0 0 
25 234 625 110 24 6 0 0 67 96 539 278 34 9 1 0 256 594 144 25 4 1 0 0 
23 321 552 117 10 1 0 0 106 216 489 194 18 1 0 0 147 572 232 68 5 0 0 0 
120 133 632 139 0 0 0 0 146 128 697 53 0 0 0 0 208 130 551 135 0 0 0 0 
0 0 579 444 1 0 0 0 0 0 657 367 0 0 0 0 0 30 425 569 0 0 0 0 
0 1 642 373 8 0 0 0 0 0 701 315 8 0 0 0 0 78 578 364 4 0 0 0 
0 22 655 338 9 0 0 0 0 4 618 392 10 0 0 0 17 162 607 230 8 0 0 0 
0 4 514 501 5 0 0 0 0 0 490 522 12 0 0 0 0 60 593 365 6 0 0 0 
0 1 774 231 18 0 0 0 0 0 714 292 18 0 0 0 0 33 800 183 8 0 0 0 
0 3 649 370 2 0 0 0 0 1 563 454 6 0 0 0 1 98 737 188 0 0 0 0 
0 34 675 273 40 2 0 0 0 24 542 407 48 3 0 0 30 506 441 39 8 0 0 0 
0 166 690 158 10 0 0 0 0 126 653 234 11 0 0 0 30 570 406 18 0 0 0 0 
0 62 770 179 13 0 0 0 0 26 655 327 15 1 0 0 36 603 355 29 1 0 0 0 
7 296 501 153 59 8 0 0 1 238 477 228 66 14 0 0 111 628 239 40 6 0 0 0 
0 163 726 133 2 0 0 0 0 65 709 242 8 0 0 0 46 614 334 30 0 0 0 0 
0 215 559 208 42 0 0 0 0 172 512 273 66 1 0 0 143 645 219 17 0 0 0 0 
0 254 586 155 23 5 1 0 1 141 614 221 41 5 1 0 108 683 183 45 5 0 0 0 
3 328 554 139 0 0 0 0 0 147 612 252 13 0 0 0 146 612 238 28 0 0 0 0 
36 569 390 29 0 0 0 0 6 382 513 121 2 0 0 0 356 531 135 2 0 0 0 0 
88 730 194 12 0 0 0 0 23 674 293 34 0 0 0 0 448 537 39 0 0 0 0 0 
87 493 383 60 1 0 0 0 25 432 423 137 7 0 0 0 370 509 121 24 0 0 0 0 
235 597 172 18 2 0 0 0 117 619 253 31 4 0 0 0 524 438 60 2 0 0 0 0 
43 427 463 88 3 0 0 0 9 272 587 141 15 0 0 0 237 567 190 28 2 0 0 0 
76 396 502 50 0 0 0 0 60 249 598 106 11 0 0 0 325 610 87 2 0 0 0 0 
599 358 56 11 0 0 0 0 513 435 63 13 0 0 0 0 877 103 44 0 0 0 0 0 
331 560 121 12 0 0 0 0 120 643 228 32 1 0 0 0 516 487 21 0 0 0 0 0 
97 515 350 58 4 0 0 0 23 419 387 182 13 0 0 0 476 462 82 4 0 0 0 0 
20 679 323 2 0 0 0 0 1 391 600 32 0 0 0 0 404 520 100 0 0 0 0 0 
71 588 272 88 5 0 0 0 95 546 331 52 0 0 0 0 337 454 140 45 34 13 1 0 
415 439 146 24 0 0 0 0 397 382 202 42 1 0 0 0 697 267 46 14 0 0 0 0 
168 435 265 125 31 0 0 0 249 344 272 115 44 0 0 0 420 340 154 106 4 0 0 0 
63 502 253 130 70 6 0 0 124 392 306 184 18 0 0 0 187 400 185 110 59 79 4 0 
4 329 550 98 43 0 0 0 18 208 462 295 40 1 0 0 399 382 116 69 38 20 0 0 
39 309 486 143 45 2 0 0 37 222 462 275 28 0 0 0 367 440 132 32 15 36 2 0 
9 252 571 150 42 0 0 0 1 110 614 219 80 0 0 0 254 558 172 40 0 0 0 0 
20 478 471 50 5 0 0 0 10 362 490 155 7 0 0 0 339 596 80 9 0 0 0 0 
10 338 533 116 26 1 0 0 0 84 562 306 63 9 0 0 358 440 194 32 0 0 0 0 
0 208 542 229 33 12 0 0 0 49 428 457 68 19 3 0 339 540 116 24 5 0 0 0 
3 221 513 198 87 2 0 0 0 73 398 378 153 20 2 0 249 519 141 102 13 0 0 0 
8 182 495 268 70 1 0 0 0 72 377 417 146 12 0 0 358 383 200 83 0 0 0 0 
71 273 632 48 0 0 0 0 51 151 547 272 3 0 0 0 622 360 40 2 0 0 0 0 
80 484 395 61 4 0 0 0 83 419 418 99 5 0 0 0 430 428 159 5 2 0 0 0 
83 317 490 118 14 2 0 0 110 146 514 235 18 1 0 0 303 525 156 36 3 1 0 0 
0 23 787 206 8 0 0 0 0 11 677 317 19 0 0 0 20 382 449 173 0 0 0 0 
0 79 725 206 14 0 0 0 0 33 692 289 10 0 0 0 41 601 343 39 0 0 0 0 
6 348 637 28 5 0 0 0 1 137 822 59 4 1 0 0 140 678 198 6 2 0 0 0 
10 299 559 131 23 2 0 0 39 158 527 261 35 4 0 0 260 505 195 31 19 10 4 0 
3 95 721 171 29 5 0 0 15 67 594 310 32 6 0 0 55 425 413 93 24 13 1 0 
7 209 752 49 6 1 0 0 89 138 668 122 7 0 0 0 97 697 218 9 3 0 0 0 
0 79 711 217 17 0 0 0 0 60 676 264 24 0 0 0 15 442 510 55 2 0 0 0 
14 667 304 33 6 0 0 0 8 607 356 46 7 0 0 0 269 667 81 7 0 0 0 0 
6 546 437 30 5 0 0 0 0 308 636 73 7 0 0 0 255 693 70 6 0 0 0 0 
3 227 602 175 17 0 0 0 3 126 633 230 32 0 0 0 122 728 167 7 0 0 0 0 
8 398 504 107 7 0 0 0 0 287 549 175 13 0 0 0 195 703 111 15 0 0 0 0 
0 478 454 76 15 1 0 0 0 247 620 131 21 5 0 0 260 677 72 15 0 0 0 0 
1 240 582 169 31 1 0 0 0 56 556 341 65 6 0 0 184 608 211 21 0 0 0 0 
45 656 281 41 1 0 0 0 2 452 485 79 6 0 0 0 240 611 158 15 0 0 0 0 
241 742 41 0 0 0 0 0 68 843 113 0 0 0 0 0 626 393 5 0 0 0 0 0 
183 772 59 9 1 0 0 0 51 809 152 9 3 0 0 0 526 478 17 3 0 0 0 0 
109 516 281 111 7 0 0 0 30 507 319 141 27 0 0 0 434 395 139 55 1 0 0 0 
423 550 47 4 0 0 0 0 335 618 65 6 0 0 0 0 750 254 18 2 0 0 0 0 
77 605 306 36 0 0 0 0 40 495 436 52 1 0 0 0 402 519 91 12 0 0 0 0 
22 573 410 19 0 0 0 0 0 399 582 43 0 0 0 0 336 614 73 1 0 0 0 0 
275 574 168 7 0 0 0 0 146 654 219 5 0 0 0 0 563 377 83 1 0 0 0 0 
355 521 114 30 3 1 0 0 195 646 106 71 4 2 0 0 715 245 54 7 3 0 0 0 
170 507 282 57 7 1 0 0 59 542 265 147 9 2 0 0 474 457 72 17 4 0 0 0 
116 765 136 7 0 0 0 0 15 666 321 22 0 0 0 0 464 521 34 5 0 0 0 0 
78 630 304 12 0 0 0 0 12 639 370 3 0 0 0 0 532 338 154 0 0 0 0 0 
17 518 356 133 0 0 0 0 2 288 589 144 1 0 0 0 369 429 209 17 0 0 0 0 
36 641 320 27 0 0 0 0 6 428 499 90 1 0 0 0 529 387 107 1 0 0 0 0 
22 662 313 25 2 0 0 0 2 278 667 74 3 0 0 0 603 349 61 11 0 0 0 0 
15 676 283 39 11 0 0 0 5 283 642 79 15 0 0 0 422 482 88 21 11 0 0 0 
98 451 324 109 42 0 0 0 142 308 408 146 20 0 0 0 308 434 166 76 36 4 0 0 
0 170 698 106 35 15 0 0 0 49 682 223 47 22 1 0 241 599 150 32 2 0 0 0 
9 416 520 60 17 2 0 0 97 249 561 106 10 1 0 0 452 430 96 25 16 5 0 0 
13 335 449 196 31 0 0 0 0 108 525 283 103 5 0 0 387 356 189 87 5 0 0 0 
38 318 455 164 43 6 0 0 1 155 502 274 77 13 2 0 363 436 175 47 3 0 0 0 
11 263 373 328 49 0 0 0 0 104 379 376 151 14 0 0 356 313 299 53 3 0 0 0 
4 338 454 176 47 5 0 0 0 118 555 253 80 17 1 0 362 407 184 53 17 1 0 0 
48 465 431 68 10 2 0 0 18 206 552 212 33 2 1 0 680 300 42 2 0 0 0 0 
34 454 385 148 3 0 0 0 15 204 515 231 59 0 0 0 567 322 106 29 0 0 0 0 
13 232 560 105 79 27 7 1 71 247 414 186 77 25 4 0 328 445 132 84 27 6 2 0 
15 194 514 273 24 4 0 0 99 195 385 326 14 4 1 0 95 565 316 43 4 1 0 0 
1 193 698 120 9 2 1 0 0 62 733 205 18 4 2 0 97 462 417 45 3 0 0 0 
7 240 707 67 3 0 0 0 3 161 720 122 18 0 0 0 146 465 404 8 1 0 0 0 
11 239 483 201 69 10 11 0 13 108 525 255 98 10 13 2 98 457 282 148 24 12 3 0 
6 42 284 98 73 121 310 90 6 221 484 259 50 4 0 0 16 297 248 226 145 81 11 0 
0 96 528 155 37 82 73 53 10 175 586 185 47 17 3 1 38 496 285 82 56 50 17 0 
0 215 645 103 33 16 11 1 0 184 637 146 29 15 12 1 72 645 228 42 17 14 5 1 
10 442 496 57 12 7 0 0 6 370 535 91 13 9 0 0 209 630 167 11 7 0 0 0 
19 667 313 18 7 0 0 0 3 513 466 33 9 0 0 0 264 707 44 9 0 0 0 0 
19 706 289 10 0 0 0 0 2 526 472 24 0 0 0 0 287 700 37 0 0 0 0 0 
2 379 490 141 12 0 0 0 0 242 553 200 29 0 0 0 182 683 148 11 0 0 0 0 
4 305 482 203 29 1 0 0 0 142 480 340 58 4 0 0 411 466 132 15 0 0 0 0 
12 430 487 94 1 0 0 0 0 202 574 239 9 0 0 0 312 564 136 12 0 0 0 0 
217 647 158 2 0 0 0 0 42 690 259 33 0 0 0 0 466 496 62 0 0 0 0 0 
363 639 22 0 0 0 0 0 235 752 33 4 0 0 0 0 780 231 13 0 0 0 0 0 
414 594 15 1 0 0 0 0 279 711 31 3 0 0 0 0 888 132 4 0 0 0 0 0 
91 557 338 34 4 0 0 0 18 462 450 88 6 0 0 0 524 412 83 5 0 0 0 0 
205 530 272 17 0 0 0 0 78 533 326 87 0 0 0 0 433 471 119 1 0 0 0 0 
148 728 109 27 11 1 0 0 28 754 192 29 19 2 0 0 582 364 65 11 2 0 0 0 
100 751 170 3 0 0 0 0 14 573 418 19 0 0 0 0 453 537 34 0 0 0 0 0 
173 647 192 12 0 0 0 0 92 682 236 14 0 0 0 0 490 470 64 0 0 0 0 0 
257 582 181 4 0 0 0 0 191 491 321 21 0 0 0 0 505 485 34 0 0 0 0 0 
0 411 534 78 1 0 0 0 0 105 707 201 11 0 0 0 285 574 146 19 0 0 0 0 
42 675 304 3 0 0 0 0 3 367 631 23 0 0 0 0 182 789 53 0 0 0 0 0 
138 783 103 0 0 0 0 0 51 478 486 9 0 0 0 0 903 121 0 0 0 0 0 0 
96 490 259 174 5 0 0 0 70 289 466 189 10 0 0 0 610 257 157 0 0 0 0 0 
13 786 181 30 14 0 0 0 1 452 511 38 22 0 0 0 703 282 26 10 3 0 0 0 
4 616 387 17 0 0 0 0 0 286 598 140 0 0 0 0 630 260 134 0 0 0 0 0 
3 415 511 92 3 0 0 0 0 80 696 228 20 0 0 0 467 377 139 41 0 0 0 0 
4 158 512 294 43 9 4 0 0 64 390 435 116 15 4 0 169 351 323 159 18 4 0 0 
0 370 576 70 8 0 0 0 0 23 707 265 29 0 0 0 758 173 57 32 4 0 0 0 
13 286 471 168 81 5 0 0 23 111 643 182 64 1 0 0 514 138 135 106 67 51 13 0 
28 516 342 121 17 0 0 0 5 320 502 162 35 0 0 0 474 394 126 30 0 0 0 0 
7 299 620 95 3 0 0 0 0 61 614 332 17 0 0 0 478 404 129 13 0 0 0 0 
1 150 495 355 23 0 0 0 0 35 371 524 93 1 0 0 247 524 242 11 0 0 0 0 
0 254 626 120 21 3 0 0 0 8 607 357 43 8 1 0 605 300 89 25 5 0 0 0 
8 414 516 66 19 1 0 0 2 59 622 303 33 5 0 0 671 264 60 21 8 0 0 0 
26 387 490 102 16 3 0 0 74 184 533 197 28 8 0 0 504 376 114 18 10 2 0 0 
95 465 344 96 22 2 0 0 135 293 467 115 14 0 0 0 637 254 107 24 2 0 0 0 
69 445 264 227 19 0 0 0 137 330 324 233 0 0 0 0 215 536 270 3 0 0 0 0 
1 331 581 104 7 0 0 0 2 141 677 161 43 0 0 0 341 572 108 3 0 0 0 0 
0 258 681 84 1 0 0 0 0 36 671 307 10 0 0 0 317 586 117 4 0 0 0 0 
7 324 539 132 13 4 5 0 0 203 475 313 23 4 6 0 505 380 115 14 4 6 0 0 
1 183 264 304 215 47 9 1 356 425 179 53 10 1 0 0 87 554 270 82 27 4 0 0 
0 136 367 180 183 138 14 6 48 415 411 131 16 3 0 0 104 463 329 98 20 10 0 0 
1 189 245 60 58 128 259 84 15 354 482 122 47 4 0 0 51 348 172 300 116 34 3 0 
23 690 218 22 20 20 16 15 26 730 233 29 5 1 0 0 209 683 79 29 15 8 1 0 
40 716 238 22 8 0 0 0 20 703 263 30 8 0 0 0 284 625 92 18 5 0 0 0 
183 767 72 2 0 0 0 0 59 852 108 5 0 0 0 0 522 478 21 3 0 0 0 0 
26 759 182 42 13 1 0 1 15 657 289 45 16 1 0 1 244 599 107 51 21 1 1 0 
31 593 312 56 7 6 8 11 12 405 452 115 15 5 8 12 413 497 76 11 4 9 4 10 
163 624 198 37 2 0 0 0 64 552 333 73 2 0 0 0 590 377 55 2 0 0 0 0 
236 648 123 17 0 0 0 0 46 743 198 37 0 0 0 0 589 409 26 0 0 0 0 0 
154 485 353 32 0 0 0 0 24 447 426 122 5 0 0 0 368 554 100 2 0 0 0 0 
37 697 256 27 7 0 0 0 22 568 382 44 7 1 0 0 451 508 55 8 2 0 0 0 
0 453 514 55 2 0 0 0 0 206 708 102 8 0 0 0 297 646 75 6 0 0 0 0 
156 516 330 22 0 0 0 0 89 331 489 115 0 0 0 0 443 434 147 0 0 0 0 0 
135 486 286 82 31 4 0 0 67 462 309 138 36 12 0 0 548 367 69 32 8 0 0 0 
218 747 56 3 0 0 0 0 33 792 191 7 1 0 0 0 716 295 12 1 0 0 0 0 
166 729 126 3 0 0 0 0 73 757 191 3 0 0 0 0 517 472 35 0 0 0 0 0 
142 510 324 43 5 0 0 0 106 390 424 95 9 0 0 0 413 500 101 10 0 0 0 0 
52 596 302 74 0 0 0 0 22 304 534 151 13 0 0 0 420 466 118 20 0 0 0 0 
179 676 166 3 0 0 0 0 82 671 253 18 0 0 0 0 554 439 31 0 0 0 0 0 
154 647 179 42 2 0 0 0 90 549 252 122 11 0 0 0 670 298 52 4 0 0 0 0 
6 399 385 233 1 0 0 0 1 197 514 302 10 0 0 0 483 385 156 0 0 0 0 0 
40 631 328 24 1 0 0 0 22 539 397 66 0 0 0 0 668 335 21 0 0 0 0 0 
22 637 353 12 0 0 0 0 63 398 543 20 0 0 0 0 568 397 57 2 0 0 0 0 
4 366 563 91 0 0 0 0 8 148 591 252 25 0 0 0 383 528 113 0 0 0 0 0 
103 294 468 130 26 3 0 0 91 130 513 255 31 4 0 0 312 424 228 52 7 1 0 0 
0 585 334 97 8 0 0 0 0 55 753 185 31 0 0 0 592 272 117 41 2 0 0 0 
27 385 518 87 7 0 0 0 15 141 669 188 11 0 0 0 503 352 110 53 6 0 0 0 
5 517 359 133 10 0 0 0 1 207 632 163 21 0 0 0 481 378 162 3 0 0 0 0 
6 298 633 85 2 0 0 0 7 74 579 346 18 0 0 0 392 379 239 14 0 0 0 0 
2 166 568 248 39 1 0 0 0 59 384 465 112 4 0 0 287 471 241 19 6 0 0 0 
2 369 520 119 14 0 0 0 0 114 564 303 41 2 0 0 426 372 170 55 1 0 0 0 
49 333 437 202 3 0 0 0 7 199 333 449 36 0 0 0 373 294 350 7 0 0 0 0 
69 591 322 35 5 2 0 0 43 334 499 130 14 4 0 0 562 383 61 13 5 0 0 0 
11 229 699 76 8 1 0 0 2 94 589 319 17 3 0 0 388 521 109 5 1 0 0 0 
8 165 615 220 15 1 0 0 5 72 543 388 10 6 0 0 460 349 202 12 1 0 0 0 
17 359 402 144 84 18 0 0 69 242 462 209 41 1 0 0 217 395 167 87 71 54 32 1 
76 329 298 124 155 41 1 0 134 319 255 235 76 5 0 0 166 345 147 96 76 115 76 3 
11 204 377 223 151 47 10 1 26 184 276 403 105 21 8 1 147 280 244 118 104 79 45 7 
0 95 522 270 53 35 48 1 0 89 290 547 61 30 7 0 114 499 215 95 47 45 9 0 
1 140 386 211 126 94 47 19 15 268 400 193 60 33 35 20 51 455 277 111 50 37 24 19 
0 2 30 88 223 205 234 242 22 247 131 54 80 67 174 249 1 111 229 136 55 52 178 262 
19 296 244 72 96 83 118 96 19 262 326 76 69 60 103 109 55 386 167 98 61 70 91 96 
40 439 390 94 27 17 13 4 32 401 422 111 26 19 11 2 202 524 213 47 15 15 7 1 
56 381 170 72 110 164 51 20 174 495 264 80 7 4 0 0 219 415 185 134 53 17 1 0 
20 291 177 175 151 98 88 24 143 397 207 156 71 21 21 8 138 380 243 132 67 49 12 3 
48 385 256 127 104 67 26 11 19 343 239 174 115 86 35 13 352 347 125 84 60 29 21 6 
172 542 246 64 0 0 0 0 77 541 302 103 1 0 0 0 472 428 114 10 0 0 0 0 
70 606 282 63 3 0 0 0 52 584 288 96 4 0 0 0 411 519 79 15 0 0 0 0 
130 641 241 12 0 0 0 0 67 569 326 62 0 0 0 0 557 426 41 0 0 0 0 0 
45 565 389 25 0 0 0 0 7 422 499 94 2 0 0 0 381 552 89 2 0 0 0 0 
11 352 565 92 4 0 0 0 4 196 483 314 27 0 0 0 287 611 122 4 0 0 0 0 
25 360 593 46 0 0 0 0 6 171 447 400 0 0 0 0 350 538 136 0 0 0 0 0 
37 515 467 5 0 0 0 0 11 256 661 96 0 0 0 0 593 394 37 0 0 0 0 0 
253 473 296 2 0 0 0 0 84 536 383 21 0 0 0 0 541 441 42 0 0 0 0 0 
229 665 129 1 0 0 0 0 68 683 268 5 0 0 0 0 476 499 49 0 0 0 0 0 
378 562 79 5 0 0 0 0 157 704 134 29 0 0 0 0 658 332 34 0 0 0 0 0 
85 827 111 1 0 0 0 0 16 635 342 31 0 0 0 0 614 399 11 0 0 0 0 0 
536 297 177 14 0 0 0 0 399 309 245 71 0 0 0 0 704 248 72 0 0 0 0 0 
198 502 313 11 0 0 0 0 175 197 562 88 2 0 0 0 443 436 140 5 0 0 0 0 
51 628 152 135 44 7 7 0 63 521 282 133 11 10 4 0 543 300 133 35 11 2 0 0 
21 671 319 13 0 0 0 0 0 514 453 57 0 0 0 0 481 432 111 0 0 0 0 0 
202 595 201 26 0 0 0 0 153 455 379 36 1 0 0 0 481 484 53 6 0 0 0 0 
22 404 587 10 1 0 0 0 1 210 736 75 2 0 0 0 182 550 283 7 2 0 0 0 
1 335 674 14 0 0 0 0 0 58 713 249 4 0 0 0 212 715 97 0 0 0 0 0 
25 737 262 0 0 0 0 0 0 315 689 20 0 0 0 0 558 466 0 0 0 0 0 0 
46 578 345 40 11 3 1 0 4 219 627 156 12 5 1 0 556 344 98 22 3 1 0 0 
56 432 517 19 0 0 0 0 88 340 472 124 0 0 0 0 332 577 115 0 0 0 0 0 
14 510 472 22 6 0 0 0 8 84 818 108 6 0 0 0 488 421 84 17 11 3 0 0 
153 384 245 123 105 14 0 0 240 266 305 165 47 1 0 0 211 399 132 80 88 97 17 0 
11 356 471 97 76 13 0 0 48 211 423 297 45 0 0 0 265 440 125 58 42 49 45 0 
2 362 618 33 6 1 2 0 0 35 568 401 12 5 2 1 607 384 23 7 1 2 0 0 
23 463 379 97 35 16 8 3 3 244 547 145 51 21 9 4 338 461 135 45 30 7 5 3 
4 259 573 146 39 3 0 0 0 84 618 263 50 9 0 0 336 456 167 53 12 0 0 0 
1 221 453 293 39 15 2 0 0 122 415 427 45 13 2 0 246 530 196 37 13 2 0 0 
10 216 596 103 57 17 16 9 8 100 632 170 59 23 18 14 197 527 156 72 28 14 14 16 
49 277 373 168 87 26 30 14 42 285 339 201 84 23 31 19 61 366 355 99 73 22 35 13 
15 62 188 337 278 109 28 7 14 93 207 374 220 88 26 2 32 165 361 266 128 55 15 2 
1 55 333 129 145 151 131 79 0 108 367 154 111 82 105 97 15 293 169 155 125 88 98 81 
0 1 86 132 160 264 279 102 0 0 58 154 158 237 300 117 5 60 103 130 164 209 239 114 
0 5 52 88 117 250 272 240 0 0 39 80 109 234 285 277 0 25 77 74 112 213 247 276 
1 6 16 34 59 101 458 349 1 3 10 33 57 81 392 447 1 6 16 36 56 71 338 500 
6 115 125 74 90 120 305 189 5 92 139 68 86 114 286 234 36 139 97 69 83 87 254 259 
0 35 165 224 156 146 171 127 43 84 111 165 162 154 169 136 13 154 185 154 115 125 144 134 
42 224 251 179 90 71 118 49 57 215 214 169 120 75 105 69 156 308 195 92 56 81 90 46 
58 247 312 210 95 37 43 22 14 207 281 261 139 51 40 31 204 372 216 108 42 23 40 19 
79 236 485 145 27 17 20 15 20 197 388 312 52 14 22 19 222 461 236 39 20 9 19 18 
3 101 619 230 51 17 2 1 3 59 288 517 121 30 4 2 145 657 161 46 12 2 1 0 
61 435 449 51 22 6 0 0 64 302 426 189 27 14 2 0 264 501 230 25 4 0 0 0 
220 583 217 4 0 0 0 0 106 450 453 15 0 0 0 0 432 503 89 0 0 0 0 0 
59 610 328 27 0 0 0 0 0 446 430 146 2 0 0 0 421 470 128 5 0 0 0 0 
66 563 368 27 0 0 0 0 22 306 551 139 6 0 0 0 540 437 47 0 0 0 0 0 
133 616 215 59 1 0 0 0 97 517 318 92 0 0 0 0 533 337 127 27 0 0 0 0 
258 571 180 15 0 0 0 0 55 557 363 48 1 0 0 0 394 487 131 12 0 0 0 0 
268 733 22 1 0 0 0 0 97 839 86 2 0 0 0 0 595 424 4 1 0 0 0 0 
511 509 4 0 0 0 0 0 446 574 4 0 0 0 0 0 754 266 4 0 0 0 0 0 
353 594 68 9 0 0 0 0 131 708 167 18 0 0 0 0 671 305 42 6 0 0 0 0 
246 753 25 0 0 0 0 0 113 733 177 1 0 0 0 0 745 274 5 0 0 0 0 0 
364 269 98 53 61 94 85 0 313 287 194 178 50 2 0 0 489 213 71 56 159 36 0 0 
67 448 165 187 58 70 29 0 89 399 259 245 32 0 0 0 359 335 194 50 82 4 0 0 
47 550 417 9 1 0 0 0 30 470 307 214 3 0 0 0 279 453 289 3 0 0 0 0 
18 458 398 134 16 0 0 0 2 233 491 254 42 2 0 0 254 451 206 101 12 0 0 0 
80 649 222 73 0 0 0 0 13 359 527 113 12 0 0 0 491 420 58 49 6 0 0 0 
2 634 331 51 6 0 0 0 0 219 718 84 3 0 0 0 549 354 68 39 13 1 0 0 
80 501 135 133 100 71 4 0 89 428 349 95 59 4 0 0 403 295 159 70 75 22 0 0 
20 215 461 135 97 82 13 1 22 222 545 143 60 27 5 0 270 439 139 98 60 16 2 0 
133 432 414 45 0 0 0 0 126 217 598 83 0 0 0 0 547 356 110 11 0 0 0 0 
149 493 366 16 0 0 0 0 123 390 425 86 0 0 0 0 566 416 42 0 0 0 0 0 
16 354 608 46 0 0 0 0 3 107 746 167 1 0 0 0 542 459 23 0 0 0 0 0 
2 165 689 115 26 17 10 0 7 87 597 286 38 9 0 0 150 517 276 49 19 12 1 0 
20 434 400 93 36 16 22 3 35 344 440 113 61 27 4 0 236 410 167 132 52 24 3 0 
14 232 392 237 91 38 9 11 10 89 575 195 100 35 10 10 201 406 230 106 40 28 5 8 
5 115 339 142 101 108 142 72 1 95 341 145 108 102 156 76 53 341 174 84 83 96 116 77 
4 134 422 175 100 96 53 40 1 74 468 193 129 73 50 36 114 364 214 91 97 72 44 28 
9 280 371 94 83 72 74 41 2 75 483 177 77 73 80 57 293 325 109 64 66 62 72 33 
13 197 236 255 128 66 71 58 3 105 254 275 165 79 68 75 79 296 215 166 94 52 57 65 
2 41 215 245 189 155 121 56 0 14 158 264 211 160 135 82 44 183 221 140 145 136 103 52 
1 87 210 188 151 147 170 70 0 32 196 201 175 146 183 91 48 212 157 130 104 127 172 74 
0 43 302 241 201 127 82 28 0 21 194 313 221 146 92 37 28 209 270 173 136 119 69 20 
2 62 271 249 247 138 51 4 1 16 236 276 248 152 82 13 51 174 224 200 185 120 63 7 
7 60 169 130 187 255 144 72 0 31 142 158 172 259 162 100 16 90 155 106 165 236 150 106 
0 11 44 62 124 261 395 127 0 3 34 57 102 241 379 208 0 16 39 60 112 213 390 194 
0 9 61 113 115 184 397 145 0 3 45 99 116 158 367 236 0 31 71 99 104 157 337 225 
0 23 215 237 179 168 171 31 0 4 113 278 208 184 180 57 14 175 230 160 156 109 148 32 
1 47 247 231 223 134 104 37 0 18 170 270 227 170 111 58 53 229 201 167 146 101 94 33 
6 78 234 164 170 191 137 44 1 33 196 205 169 180 184 56 53 229 153 132 128 156 135 38 
12 139 429 241 122 50 23 8 10 73 339 378 130 48 29 17 116 356 250 113 71 69 40 9 
4 268 521 165 60 6 0 0 4 105 572 287 53 3 0 0 205 449 185 62 65 54 4 0 
36 621 332 32 3 0 0 0 0 329 560 123 10 2 0 0 495 442 77 9 1 0 0 0 
217 702 105 0 0 0 0 0 49 707 256 12 0 0 0 0 542 423 59 0 0 0 0 0 
198 801 25 0 0 0 0 0 69 822 133 0 0 0 0 0 542 474 8 0 0 0 0 0 
157 647 213 7 0 0 0 0 46 560 388 30 0 0 0 0 425 489 110 0 0 0 0 0 
146 554 288 25 0 6 1 4 72 346 479 116 0 6 1 4 251 567 188 7 1 5 1 4 
663 361 0 0 0 0 0 0 523 405 96 0 0 0 0 0 875 149 0 0 0 0 0 0 
614 408 2 0 0 0 0 0 363 615 46 0 0 0 0 0 803 221 0 0 0 0 0 0 
393 631 0 0 0 0 0 0 123 872 29 0 0 0 0 0 836 188 0 0 0 0 0 0 
115 797 112 0 0 0 0 0 6 565 429 24 0 0 0 0 591 366 67 0 0 0 0 0 
70 560 198 41 38 71 46 0 48 384 430 106 53 3 0 0 355 443 61 63 85 17 0 0 
48 458 252 115 41 93 17 0 42 466 376 118 22 0 0 0 349 429 92 99 53 2 0 0 
89 521 234 79 49 46 6 0 77 420 356 96 73 2 0 0 311 466 111 64 41 29 2 0 
46 457 294 200 21 3 3 0 4 342 339 250 83 3 3 0 326 362 209 114 6 3 4 0 
34 190 110 134 143 278 128 7 10 203 175 167 262 172 35 0 103 157 136 120 174 224 108 2 
4 141 203 110 107 235 216 8 7 106 263 170 179 271 28 0 114 200 112 102 121 267 105 3 
76 474 198 95 38 52 69 22 61 455 234 121 65 65 23 0 339 287 173 60 46 55 62 2 
18 422 477 65 28 8 4 2 1 161 684 120 38 12 4 4 238 502 211 43 19 6 3 2 
6 776 159 20 30 23 9 1 0 434 493 41 29 22 4 1 718 209 25 18 22 26 6 0 
62 685 198 21 17 21 16 4 9 456 444 53 23 24 11 4 679 218 61 13 18 24 8 3 
1 295 618 56 16 19 16 3 0 91 627 251 17 20 16 2 472 405 87 13 20 22 5 0 
5 353 643 15 5 1 2 0 0 42 759 212 4 5 2 0 278 591 145 3 5 2 0 0 
1 357 492 121 22 9 22 0 0 28 573 331 53 12 20 7 376 423 143 45 10 7 19 1 
1 311 545 87 36 24 19 1 0 38 705 188 43 28 18 4 365 473 86 46 23 18 13 0 
0 175 391 142 109 94 78 35 0 45 439 187 110 117 78 48 149 331 176 90 101 91 59 27 
0 243 436 128 86 60 43 28 0 71 485 211 111 70 42 34 206 431 152 81 58 51 36 9 
0 392 385 134 46 27 22 18 0 19 621 229 75 30 22 28 487 262 143 51 31 16 20 14 
25 336 321 157 94 52 24 15 7 124 469 198 119 51 37 19 221 371 174 131 67 30 19 11 
9 290 444 150 84 36 11 0 0 56 527 263 94 63 19 2 182 481 194 92 50 17 8 0 
0 115 414 251 130 80 30 4 0 16 333 360 169 96 45 5 33 413 269 133 79 61 34 2 
4 155 392 275 110 41 41 6 2 21 334 372 176 57 39 23 87 353 299 161 52 36 33 3 
20 317 326 182 111 48 12 8 57 255 309 243 105 25 15 15 105 346 248 105 74 67 55 24 
9 276 350 189 130 58 11 1 22 205 348 268 129 42 9 1 84 337 233 138 78 96 50 8 
0 77 317 275 209 102 39 5 0 8 243 318 252 142 52 9 64 226 278 224 125 74 29 4 
1 77 312 298 177 107 40 12 0 19 212 376 211 142 45 19 33 252 276 199 154 72 32 6 
1 111 411 216 108 78 90 9 0 20 264 377 156 87 102 18 89 426 186 99 71 63 80 10 
0 81 413 315 108 64 42 1 0 0 228 471 175 80 58 12 105 387 261 126 61 35 45 4 
1 66 504 252 113 53 31 4 0 6 199 505 178 83 41 12 149 448 183 99 72 50 19 4 
10 179 299 213 185 90 33 15 53 151 259 261 164 79 36 21 85 245 228 127 107 151 68 13 
49 296 254 192 158 40 26 9 58 336 287 201 89 16 26 11 77 233 193 141 131 140 92 17 
39 325 385 35 50 68 82 40 8 223 353 203 59 56 70 52 173 443 134 26 19 49 83 97 
106 554 247 90 20 7 0 0 22 565 189 184 52 10 2 0 461 424 80 49 10 0 0 0 
341 636 47 0 0 0 0 0 108 802 103 11 0 0 0 0 662 359 3 0 0 0 0 0 
60 602 356 6 0 0 0 0 3 290 575 156 0 0 0 0 560 439 25 0 0 0 0 0 
229 314 60 37 62 136 144 42 79 372 138 31 62 91 175 76 374 184 49 47 48 85 165 72 
144 66 69 166 184 165 173 57 78 123 49 136 189 171 191 87 175 88 120 156 120 136 154 75 
312 336 179 37 43 49 51 17 218 354 197 92 33 54 55 21 422 331 85 31 37 54 40 24 
634 387 3 0 0 0 0 0 268 703 53 0 0 0 0 0 802 222 0 0 0 0 0 0 
340 613 71 0 0 0 0 0 119 640 245 20 0 0 0 0 574 427 23 0 0 0 0 0 
0 77 146 152 284 297 68 0 4 181 350 284 178 27 0 0 110 140 182 254 198 134 6 0 
0 166 193 183 183 270 25 4 5 200 315 190 229 66 17 2 105 251 126 124 205 191 13 9 
8 411 231 103 154 116 1 0 28 407 312 211 62 4 0 0 192 383 102 186 151 10 0 0 
90 566 247 93 23 5 0 0 14 498 348 124 39 1 0 0 486 370 126 34 7 1 0 0 
45 276 341 246 79 37 0 0 69 347 420 121 61 6 0 0 224 368 236 117 64 15 0 0 
17 525 253 78 63 54 34 0 37 430 367 78 68 44 0 0 452 313 66 66 59 56 12 0 
16 336 451 178 37 6 0 0 24 277 454 235 31 3 0 0 193 361 352 98 17 3 0 0 
31 517 341 61 59 15 0 0 1 302 595 88 37 1 0 0 285 492 147 61 38 1 0 0 
0 44 234 79 211 438 17 1 9 213 608 142 35 15 2 0 72 194 58 381 286 28 5 0 
0 172 263 163 174 251 1 0 0 291 552 149 29 3 0 0 209 210 170 331 100 4 0 0 
4 143 685 91 65 29 7 0 1 146 729 98 35 15 0 0 118 676 108 60 45 13 4 0 
18 494 430 38 33 5 5 1 1 209 661 98 35 14 4 2 462 446 60 27 20 5 3 1 
12 174 309 197 142 84 74 32 4 45 354 221 156 104 93 47 71 272 225 160 108 65 83 40 
2 64 240 193 183 141 104 97 0 29 185 243 189 158 93 127 7 172 201 171 149 125 81 118 
0 44 224 68 63 147 361 117 0 4 205 117 54 130 329 185 13 189 81 64 52 115 347 163 
2 27 59 80 64 96 452 244 0 12 62 82 62 79 419 308 11 40 71 61 57 84 364 336 
5 105 218 81 65 113 304 133 0 44 219 131 94 240 202 94 58 228 84 55 65 128 295 111 
12 194 407 217 70 38 46 40 13 55 403 294 129 66 33 31 106 446 251 83 35 29 47 27 
14 436 416 111 28 16 3 0 2 135 581 214 63 20 9 0 203 571 186 39 16 9 0 0 
5 265 529 133 58 24 10 0 0 51 551 289 79 35 18 1 147 526 241 61 29 20 0 0 
1 343 484 142 39 6 7 2 0 63 616 240 79 15 5 6 166 461 293 76 17 2 7 2 
12 492 383 94 26 7 9 1 0 188 540 218 52 15 7 4 293 415 236 47 17 10 5 1 
12 308 337 120 97 92 53 5 0 127 421 187 100 102 70 17 170 348 186 101 86 84 44 5 
14 140 269 198 101 98 164 40 1 69 215 273 135 80 172 79 103 252 203 110 69 74 159 54 
1 190 488 205 81 37 17 5 0 14 460 347 114 58 20 11 73 529 243 94 54 21 9 1 
0 251 528 165 51 20 9 0 0 14 451 413 102 29 14 1 168 553 208 60 24 10 1 0 
3 261 561 129 49 18 3 0 2 27 465 407 85 26 12 0 158 488 278 54 34 11 1 0 
3 255 555 144 38 19 7 3 1 3 506 409 62 27 10 6 319 490 152 35 13 12 3 0 
1 40 416 241 132 119 64 11 0 4 196 410 175 116 87 36 44 386 217 84 101 117 50 25 
11 71 231 217 115 198 133 48 4 41 150 284 122 191 177 55 27 176 238 115 98 147 156 67 
24 111 204 166 151 153 149 66 24 105 147 204 139 143 179 83 29 198 134 121 138 152 169 83 
71 213 109 53 118 234 174 52 21 158 138 112 89 202 207 97 154 201 42 60 106 203 180 78 
49 209 349 105 41 62 140 69 14 116 217 308 81 57 138 93 305 275 96 51 19 64 128 86 
222 690 104 8 0 0 0 0 58 639 297 30 0 0 0 0 605 393 26 0 0 0 0 0 
189 398 132 67 69 101 56 12 76 396 226 65 74 89 65 33 236 387 119 54 61 99 56 12 
79 342 332 153 61 47 10 0 17 223 358 259 91 49 25 2 321 375 173 63 49 43 0 0 
161 265 90 58 69 208 136 37 117 214 164 59 64 177 165 64 155 246 118 59 53 156 163 74 
582 240 70 38 43 30 13 8 445 336 86 53 32 44 20 8 671 211 33 38 34 22 11 4 
329 695 0 0 0 0 0 0 242 777 5 0 0 0 0 0 384 640 0 0 0 0 0 0 
4 148 290 332 128 61 60 1 19 268 389 155 69 54 66 4 138 331 272 129 51 61 40 2 
8 235 233 206 168 118 50 6 0 182 396 156 125 132 32 1 198 191 211 175 157 65 18 9 
11 801 174 23 5 7 3 0 0 470 490 47 5 7 4 1 623 321 56 12 8 3 1 0 
85 884 55 0 0 0 0 0 2 529 488 5 0 0 0 0 854 156 14 0 0 0 0 0 
88 693 235 8 0 0 0 0 28 494 429 73 0 0 0 0 480 421 117 6 0 0 0 0 
11 643 361 9 0 0 0 0 1 242 743 38 0 0 0 0 514 417 93 0 0 0 0 0 
52 637 308 26 1 0 0 0 17 368 575 64 0 0 0 0 616 341 66 1 0 0 0 0 
8 822 155 16 20 3 0 0 0 451 536 37 0 0 0 0 662 314 17 13 16 2 0 0 
3 203 84 168 300 261 5 0 62 728 224 10 0 0 0 0 211 187 327 264 35 0 0 0 
0 3 30 264 411 302 14 0 55 341 572 56 0 0 0 0 5 83 438 430 68 0 0 0 
0 265 598 89 30 21 17 4 0 31 845 83 18 16 26 5 462 408 78 28 16 14 16 2 
9 299 414 60 66 95 62 19 3 83 565 120 61 92 82 18 464 270 61 39 41 61 59 29 
2 40 95 132 155 228 261 111 0 18 91 128 154 217 275 141 23 37 97 129 151 157 237 193 
0 0 4 33 81 268 406 232 0 0 2 31 72 237 400 282 0 0 9 32 72 190 399 322 
1 16 22 29 54 269 342 291 1 6 27 29 44 249 338 330 7 20 15 27 54 220 305 376 
3 64 71 91 111 202 304 178 1 32 84 92 133 191 294 197 6 71 86 86 101 178 250 246 
0 23 35 41 168 412 296 49 41 38 165 180 289 175 125 11 12 49 62 158 208 313 157 65 
0 13 35 27 41 122 624 162 4 41 74 157 234 285 154 75 5 49 35 47 92 273 414 109 
10 468 198 74 51 64 87 72 0 127 486 102 67 62 90 90 356 274 96 44 50 40 90 74 
3 151 278 122 82 86 188 114 0 35 299 170 105 87 187 141 71 313 153 78 46 65 165 133 
0 13 47 45 73 202 356 288 0 8 41 47 67 173 358 330 3 20 38 49 54 159 346 355 
21 513 148 26 21 123 125 47 4 228 423 47 21 88 136 77 164 449 76 17 23 80 144 71 
23 450 293 137 66 37 11 7 1 284 383 192 88 49 14 13 380 354 160 68 35 15 8 4 
10 305 368 169 90 62 15 5 1 93 428 272 123 67 31 9 186 398 211 105 65 42 15 2 
10 595 346 49 17 3 4 0 0 228 600 153 30 8 4 1 449 452 87 22 8 5 1 0 
8 233 375 155 113 65 50 25 0 79 363 283 132 73 59 35 169 387 183 102 57 67 36 23 
13 551 403 39 8 2 6 2 0 202 578 220 10 5 6 3 412 467 122 9 4 4 5 1 
8 489 406 74 21 15 10 1 0 128 631 191 41 14 13 6 569 310 90 18 12 14 11 0 
4 126 437 193 129 83 48 4 2 23 374 307 138 103 58 19 53 368 269 104 109 63 47 11 
5 181 434 187 90 98 28 1 2 49 361 329 117 102 59 5 111 363 259 100 73 79 37 2 
1 108 518 228 119 38 12 0 9 47 311 433 152 46 19 7 85 440 247 125 63 47 17 0 
22 141 201 214 207 163 50 26 40 172 209 226 159 128 62 28 48 125 187 170 170 219 80 25 
9 99 209 177 142 184 192 12 2 39 180 218 146 176 229 34 90 177 133 117 128 122 197 60 
169 315 181 116 78 92 56 17 49 345 194 141 99 74 93 29 302 375 77 67 41 93 53 16 
12 28 101 112 142 219 321 89 5 18 68 127 117 178 358 153 19 62 101 96 100 158 319 169 
48 196 171 127 88 132 184 78 20 116 224 148 94 125 192 105 182 140 150 89 73 93 162 135 
525 342 146 11 0 0 0 0 291 494 199 40 0 0 0 0 700 276 46 2 0 0 0 0 
546 415 49 11 3 0 0 0 429 508 48 34 5 0 0 0 625 384 11 4 0 0 0 0 
612 342 7 13 7 14 23 6 368 583 9 10 9 12 21 12 696 261 5 12 9 18 18 5 
0 22 31 41 165 513 239 13 0 7 39 31 149 467 304 27 4 37 22 41 165 398 329 28 
7 85 230 269 242 151 34 6 2 69 175 278 266 172 53 9 51 166 241 226 183 103 47 7 
19 350 234 122 73 216 10 0 17 201 382 218 184 20 2 0 250 220 186 92 123 152 1 0 
46 472 52 32 34 291 97 0 11 371 215 275 150 2 0 0 494 70 33 27 187 213 0 0 
31 475 195 41 38 98 135 11 14 406 301 63 209 31 0 0 342 319 72 37 73 151 30 0 
12 796 142 18 14 20 20 2 0 375 587 19 18 24 1 0 320 614 31 12 14 28 5 0 
43 558 325 67 31 0 0 0 4 409 565 46 0 0 0 0 298 529 144 53 0 0 0 0 
95 697 186 44 2 0 0 0 35 578 340 66 5 0 0 0 574 380 62 8 0 0 0 0 
244 530 129 78 43 0 0 0 95 733 152 39 5 0 0 0 703 183 117 21 0 0 0 0 
44 592 216 129 42 1 0 0 18 631 340 35 0 0 0 0 571 295 121 37 0 0 0 0 
6 491 216 35 64 84 113 15 1 279 406 56 54 76 123 29 403 244 72 37 53 63 112 40 
1 273 399 139 81 83 38 10 0 59 495 213 97 92 55 13 189 430 141 91 46 53 57 17 
7 46 90 109 164 288 249 71 6 39 82 111 141 270 285 90 4 53 79 100 137 228 313 110 
0 41 143 137 219 312 155 17 0 16 145 129 204 313 193 24 3 99 110 133 187 241 196 55 
8 211 191 95 157 241 100 21 5 107 276 96 150 239 125 26 60 279 88 85 145 204 132 31 
1 89 170 162 211 281 98 12 1 53 187 156 219 287 108 13 40 162 114 136 186 256 116 14 
19 95 209 271 289 121 20 0 24 132 233 280 244 90 21 0 50 195 230 219 215 91 24 0 
0 0 0 32 435 345 196 16 1 54 265 256 215 194 35 4 0 1 157 282 228 241 112 3 
0 1 3 8 29 153 617 213 0 0 3 6 28 154 598 235 0 1 4 6 27 121 558 307 
0 26 99 97 128 274 317 83 0 14 78 107 125 255 331 114 4 64 89 75 130 240 291 131 
0 38 96 70 107 328 312 73 0 16 95 78 93 292 333 117 0 57 81 63 86 233 377 127 
3 79 129 56 149 328 235 45 2 34 129 75 108 291 305 80 37 137 55 47 113 270 280 85 
25 570 273 61 17 35 28 15 1 258 526 120 38 31 33 17 321 507 81 25 15 28 31 16 
8 463 343 127 59 13 10 1 0 209 451 239 80 33 8 4 269 478 172 67 25 9 4 0 
40 710 253 18 3 0 0 0 0 344 599 72 8 1 0 0 318 574 129 3 0 0 0 0 
10 399 533 51 21 8 2 0 0 55 657 253 39 15 4 1 307 594 94 19 9 1 0 0 
31 742 188 52 9 2 0 0 0 257 634 95 30 7 1 0 704 251 55 12 2 0 0 0 
21 705 281 17 0 0 0 0 0 245 602 171 6 0 0 0 452 436 133 3 0 0 0 0 
56 502 437 29 0 0 0 0 4 281 514 222 3 0 0 0 371 403 241 9 0 0 0 0 
0 379 504 109 22 9 1 0 0 14 600 334 57 14 5 0 365 449 155 40 9 6 0 0 
0 221 646 115 28 14 0 0 0 4 542 393 62 14 9 0 338 493 148 28 12 5 0 0 
0 245 566 135 45 27 5 1 0 8 498 399 77 35 6 1 372 440 124 47 29 11 1 0 
7 424 512 77 4 0 0 0 0 25 635 324 40 0 0 0 589 373 62 0 0 0 0 0 
1 195 456 143 87 89 41 12 0 12 398 333 104 97 56 24 363 300 115 67 64 74 31 10 
0 324 352 79 106 108 39 16 0 24 526 172 100 123 55 24 251 359 107 53 65 100 70 19 
8 196 362 217 135 83 20 3 3 54 342 318 150 124 29 4 172 343 199 115 108 67 18 2 
272 258 381 76 22 8 7 0 195 173 404 191 34 17 7 3 462 381 141 22 10 7 1 0 
154 134 113 168 139 211 86 19 119 111 119 156 148 208 129 34 196 163 127 126 115 166 111 20 
28 29 99 213 208 217 196 34 21 24 73 193 201 236 210 66 41 76 180 175 181 161 183 27 
0 212 253 120 181 150 103 5 0 10 425 127 175 138 142 7 217 165 91 117 139 133 141 21 
30 491 262 126 62 39 14 0 4 375 360 152 70 35 28 0 285 443 148 64 45 37 2 0 
22 180 148 101 236 334 3 0 31 242 385 341 25 0 0 0 87 275 168 167 241 86 0 0 
0 107 73 96 185 522 41 0 0 127 682 207 8 0 0 0 114 176 159 217 280 78 0 0 
0 38 61 45 66 436 369 9 26 140 154 469 222 13 0 0 60 74 52 87 324 357 70 0 
0 34 50 35 70 204 618 13 3 91 234 277 369 50 0 0 29 73 52 116 239 380 135 0 
0 31 160 369 414 46 4 0 12 223 428 302 59 0 0 0 19 150 300 390 160 5 0 0 
162 804 36 19 3 0 0 0 31 866 124 3 0 0 0 0 555 440 24 5 0 0 0 0 
140 800 82 2 0 0 0 0 26 796 196 6 0 0 0 0 730 270 24 0 0 0 0 0 
309 694 11 3 4 3 0 0 30 909 74 3 3 5 0 0 838 171 4 4 2 5 0 0 
53 405 218 122 117 96 13 0 4 244 390 120 132 107 27 0 395 180 123 113 104 88 21 0 
1 525 202 95 139 54 8 0 0 102 595 98 141 71 17 0 328 347 82 79 123 53 12 0 
4 281 242 204 151 89 40 13 2 260 293 194 141 67 45 22 112 309 210 170 101 68 34 20 
9 631 189 101 46 34 11 3 2 504 302 107 57 38 10 4 173 571 109 88 30 32 19 2 
7 579 85 68 172 102 11 0 0 514 153 62 159 114 22 0 77 528 63 66 158 90 42 0 
29 679 190 59 50 17 0 0 5 654 233 64 44 24 0 0 230 622 67 38 39 28 0 0 
58 487 126 197 153 3 0 0 15 498 158 191 161 1 0 0 237 346 91 177 172 1 0 0 
0 0 14 115 284 361 205 45 0 0 9 118 264 336 230 67 0 0 6 99 281 273 272 93 
0 12 29 52 202 385 290 54 0 10 25 49 184 377 312 67 0 11 24 51 156 348 331 103 
10 204 215 148 175 200 64 8 11 155 245 178 129 209 86 11 51 215 147 119 156 202 120 14 
54 679 247 18 14 8 4 0 3 425 520 46 12 13 5 0 442 452 93 13 15 5 4 0 
2 418 346 127 81 44 6 0 0 164 519 157 102 69 13 0 246 486 138 74 49 22 9 0 
51 415 302 124 68 40 21 3 0 240 432 181 95 42 22 12 215 448 192 74 36 35 22 2 
29 513 390 88 4 0 0 0 1 216 565 208 34 0 0 0 273 594 137 20 0 0 0 0 
174 782 68 0 0 0 0 0 1 756 265 2 0 0 0 0 613 401 10 0 0 0 0 0 
59 637 314 14 0 0 0 0 0 435 408 181 0 0 0 0 359 450 214 1 0 0 0 0 
97 828 98 1 0 0 0 0 2 675 323 24 0 0 0 0 826 177 21 0 0 0 0 0 
68 823 118 5 4 3 1 2 0 362 608 40 5 4 3 2 512 454 44 5 4 3 1 1 
16 394 218 15 24 71 255 31 0 146 429 62 21 57 246 63 220 301 109 17 21 43 260 53 
9 568 345 25 4 17 56 0 3 234 568 139 4 6 59 11 454 422 66 6 6 10 56 4 
2 215 558 93 18 52 85 1 0 56 494 290 37 24 116 7 99 496 252 24 17 37 97 2 
7 387 265 66 58 66 133 42 0 129 471 97 69 56 138 64 317 307 79 38 53 53 135 42 
5 378 345 64 32 54 143 3 3 35 592 135 46 43 161 9 411 288 78 32 19 29 156 11 
89 571 283 43 18 17 1 2 13 225 575 160 22 19 7 3 543 387 54 14 16 7 2 1 
16 204 145 93 106 234 199 27 2 78 248 105 91 161 299 40 157 174 93 68 82 190 237 23 
4 400 411 38 16 54 100 1 0 153 550 142 18 40 119 2 419 337 85 17 13 27 125 1 
36 385 457 77 37 20 11 1 13 98 576 240 45 27 16 9 519 359 76 36 18 12 4 0 
1 98 368 218 182 112 37 8 0 18 238 363 190 137 63 15 149 260 209 155 129 88 28 6 
12 57 258 321 203 99 65 9 1 35 144 355 256 128 81 24 47 208 276 185 141 93 59 15 
0 720 232 50 19 3 0 0 0 27 873 93 23 7 1 0 679 254 62 21 8 0 0 0 
15 480 356 103 44 23 2 1 3 318 443 164 58 30 7 1 256 506 171 53 28 9 1 0 
8 619 243 114 40 0 0 0 2 533 397 90 2 0 0 0 249 571 164 38 2 0 0 0 
0 132 163 308 294 89 36 2 1 377 474 101 59 12 0 0 80 336 266 217 63 38 24 0 
62 183 77 53 106 210 329 4 70 249 134 292 247 32 0 0 214 112 53 95 195 269 86 0 
42 557 103 61 91 84 83 3 80 520 255 70 67 32 0 0 487 200 77 101 73 82 4 0 
18 322 292 162 40 147 41 2 42 431 319 88 124 19 1 0 129 439 217 33 74 114 17 1 
279 636 98 11 0 0 0 0 50 818 119 37 0 0 0 0 460 481 76 7 0 0 0 0 
118 899 7 0 0 0 0 0 32 663 329 0 0 0 0 0 531 474 19 0 0 0 0 0 
263 640 66 17 13 25 0 0 14 783 166 16 18 24 3 0 491 404 68 18 14 20 9 0 
36 682 208 63 29 6 0 0 1 560 334 74 45 10 0 0 136 644 151 44 30 18 1 0 
53 532 284 83 58 14 0 0 23 334 534 65 57 11 0 0 338 457 102 65 48 14 0 0 
7 188 208 234 222 104 52 9 12 278 315 217 115 65 22 0 149 267 235 190 98 69 16 0 
210 706 63 37 8 0 0 0 25 876 108 15 0 0 0 0 430 522 60 12 0 0 0 0 
181 819 24 0 0 0 0 0 17 875 132 0 0 0 0 0 446 571 7 0 0 0 0 0 
147 803 74 0 0 0 0 0 50 740 234 0 0 0 0 0 231 790 3 0 0 0 0 0 
185 692 85 35 15 4 4 4 25 760 162 41 19 8 4 5 398 516 55 31 12 5 4 3 
67 469 53 48 76 151 150 10 11 503 70 46 62 123 181 28 269 242 63 41 49 115 162 83 
75 425 124 58 89 159 86 8 18 423 161 72 70 146 126 8 184 337 108 43 59 135 129 29 
11 284 173 160 153 148 77 18 2 194 226 168 165 137 108 24 112 291 126 140 107 106 115 27 
36 357 56 46 78 159 192 100 2 251 188 45 74 113 209 142 147 269 43 54 69 97 183 162 
104 632 245 37 6 0 0 0 7 488 435 82 11 1 0 0 386 512 116 8 2 0 0 0 
127 671 179 47 0 0 0 0 2 646 311 65 0 0 0 0 517 406 98 3 0 0 0 0 
192 631 171 11 6 3 6 4 0 532 435 35 8 2 6 6 390 473 133 12 3 4 6 3 
135 314 43 45 49 151 234 53 10 367 103 45 49 107 246 97 359 102 39 45 46 92 231 110 
130 683 79 13 10 34 64 11 17 580 288 17 8 26 67 21 370 509 16 7 11 22 64 25 
258 750 15 1 0 0 0 0 33 691 297 3 0 0 0 0 636 386 2 0 0 0 0 0 
15 346 75 56 166 219 127 20 1 162 238 61 127 223 153 59 234 173 40 64 150 200 137 26 
5 31 257 199 176 235 114 7 0 11 180 239 192 228 157 17 46 209 150 119 159 181 142 18 
69 553 147 36 73 78 54 14 4 357 389 46 67 76 64 21 284 425 62 31 70 64 60 28 
0 118 166 145 137 301 153 4 0 32 191 161 149 192 288 11 63 159 129 110 113 184 257 9 
1 56 214 220 249 140 132 12 0 9 141 265 250 183 155 21 51 201 181 176 165 105 118 27 
29 433 288 80 60 63 60 11 12 139 503 150 70 60 71 19 282 373 133 58 45 53 62 18 
45 100 97 68 148 344 183 39 10 78 123 71 94 333 241 74 90 105 62 62 135 302 198 70 
2 41 125 143 201 379 121 12 0 19 75 166 185 337 215 27 10 87 117 116 179 260 238 17 
17 82 209 150 247 222 86 11 5 59 182 149 233 262 117 17 49 162 156 149 185 227 79 17 
13 342 354 137 78 72 23 5 1 75 517 200 98 91 31 11 321 357 133 67 46 70 29 1 
10 266 315 152 130 113 30 8 3 77 373 223 143 144 41 20 136 352 169 120 92 102 44 9 
6 125 331 271 157 68 46 20 4 36 273 339 186 109 48 29 31 209 299 210 129 74 44 28 
2 379 244 220 97 76 6 0 2 112 442 297 137 26 8 0 255 237 196 183 98 50 5 0 
0 121 109 52 100 613 29 0 0 66 159 104 312 376 7 0 85 131 54 45 134 528 47 0 
2 161 373 97 40 287 47 17 0 107 380 152 169 180 26 10 59 336 193 64 50 268 44 10 
0 205 283 130 345 61 0 0 0 217 514 205 83 5 0 0 83 210 341 224 150 16 0 0 
51 98 128 159 156 296 136 0 212 310 244 183 72 3 0 0 150 251 107 156 206 147 7 0 
5 110 52 30 79 278 468 2 31 185 118 231 415 44 0 0 87 79 55 82 153 504 64 0 
306 703 14 1 0 0 0 0 189 777 57 1 0 0 0 0 721 299 4 0 0 0 0 0 
688 336 0 0 0 0 0 0 212 743 69 0 0 0 0 0 910 114 0 0 0 0 0 0 
414 591 19 0 0 0 0 0 139 640 245 0 0 0 0 0 586 398 40 0 0 0 0 0 
108 880 36 0 0 0 0 0 0 762 262 0 0 0 0 0 231 742 51 0 0 0 0 0 
350 650 24 0 0 0 0 0 152 797 75 0 0 0 0 0 476 533 15 0 0 0 0 0 
162 637 83 68 32 28 14 0 90 682 150 41 26 24 11 0 568 288 57 53 24 23 11 0 
36 562 229 114 69 14 0 0 30 600 255 98 36 5 0 0 217 480 184 93 42 8 0 0 
273 741 9 1 0 0 0 0 32 940 50 2 0 0 0 0 427 592 4 1 0 0 0 0 
158 612 70 67 68 48 1 0 43 644 148 60 61 65 3 0 311 486 43 62 57 61 4 0 
277 726 21 0 0 0 0 0 84 871 69 0 0 0 0 0 593 425 6 0 0 0 0 0 
154 680 155 31 4 0 0 0 35 730 209 39 10 1 0 0 302 575 121 21 5 0 0 0 
192 621 189 19 3 0 0 0 31 686 248 55 4 0 0 0 348 543 119 14 0 0 0 0 
160 857 7 0 0 0 0 0 13 953 58 0 0 0 0 0 406 614 4 0 0 0 0 0 
49 586 263 95 17 10 2 2 8 414 414 138 32 11 5 2 284 560 136 26 12 4 2 0 
40 329 307 127 44 61 103 13 9 231 365 168 62 42 119 28 157 359 233 68 33 37 115 22 
83 260 32 24 32 120 314 159 19 247 102 26 25 80 297 228 174 181 21 24 28 90 232 274 
77 158 92 63 76 169 339 50 47 144 120 62 76 148 342 85 136 139 80 54 76 126 309 104 
162 433 198 119 34 36 30 12 49 432 260 147 45 35 30 26 317 348 160 86 43 32 29 9 
76 364 385 151 39 9 0 0 23 243 483 192 67 14 2 0 211 478 236 72 25 2 0 0 
191 365 302 63 43 22 27 11 50 397 282 169 58 23 28 17 335 327 236 50 22 24 24 6 
119 423 137 110 83 76 61 15 14 226 380 136 85 75 83 25 164 449 126 77 70 64 62 12 
3 68 302 301 123 119 102 6 0 20 164 364 210 99 154 13 88 259 283 125 76 72 116 5 
14 320 199 75 104 162 97 53 4 107 363 115 100 141 127 67 125 327 106 67 98 125 106 70 
42 345 372 182 53 24 6 0 2 227 384 268 95 32 14 2 350 377 201 55 29 10 2 0 
89 460 395 67 13 0 0 0 3 232 536 220 28 5 0 0 368 431 198 24 3 0 0 0 
5 421 479 95 17 3 3 1 0 76 595 293 51 3 4 2 374 479 145 19 3 3 1 0 
4 269 497 173 53 15 11 2 1 42 496 331 106 29 13 6 140 526 261 57 20 12 8 0 
12 216 254 150 111 174 91 16 3 83 307 186 124 159 134 28 86 299 190 114 66 96 153 20 
3 468 466 76 9 2 0 0 0 118 655 224 24 2 1 0 293 564 128 33 6 0 0 0 
9 335 472 123 52 27 6 0 4 125 574 198 73 38 8 4 219 484 206 59 37 18 1 0 
58 537 223 68 80 45 11 2 6 280 465 115 72 66 14 6 399 361 94 59 57 43 10 1 
8 258 422 176 86 37 24 13 1 44 452 288 137 54 29 19 247 392 221 85 34 25 15 5 
26 161 285 163 169 180 32 8 15 61 283 242 134 231 49 9 97 243 229 95 146 134 74 6 
6 123 170 333 355 36 1 0 3 137 343 451 75 15 0 0 71 112 297 412 127 5 0 0 
7 70 66 267 408 206 0 0 60 308 316 239 93 8 0 0 53 204 241 255 214 55 2 0 
0 2 20 102 407 490 3 0 0 28 220 428 333 15 0 0 0 13 73 228 435 275 0 0 
0 703 227 37 52 5 0 0 0 523 420 60 20 1 0 0 357 498 106 37 26 0 0 0 
12 369 498 82 24 18 21 0 56 608 302 28 17 13 0 0 32 706 210 27 18 15 16 0 
0 92 183 245 296 180 28 0 25 337 379 149 94 34 6 0 21 211 292 261 92 140 7 0 
205 275 97 90 58 109 184 6 128 266 176 113 87 205 48 1 268 248 68 98 66 122 154 0 
272 629 67 6 10 23 15 2 236 243 490 15 25 13 2 0 312 634 25 8 15 26 4 0 
554 470 0 0 0 0 0 0 478 467 79 0 0 0 0 0 776 248 0 0 0 0 0 0 
173 796 54 1 0 0 0 0 72 824 120 8 0 0 0 0 703 309 12 0 0 0 0 0 
417 404 149 44 7 2 1 0 333 443 181 59 5 1 2 0 654 250 98 17 3 2 0 0 
4 221 324 272 127 75 1 0 14 432 398 93 56 31 0 0 277 331 206 104 57 48 1 0 
36 246 534 201 7 0 0 0 54 618 306 46 0 0 0 0 228 574 168 54 0 0 0 0 
341 311 169 183 20 0 0 0 295 346 144 174 65 0 0 0 491 192 154 175 12 0 0 0 
456 434 90 31 13 0 0 0 344 527 100 34 19 0 0 0 606 331 48 30 9 0 0 0 
364 601 52 7 0 0 0 0 137 811 68 6 2 0 0 0 568 439 15 2 0 0 0 0 
504 490 27 3 0 0 0 0 308 670 43 3 0 0 0 0 560 440 23 1 0 0 0 0 
501 501 16 4 2 0 0 0 269 701 47 5 2 0 0 0 605 401 14 3 1 0 0 0 
498 465 12 5 5 29 10 0 266 690 18 4 5 26 15 0 677 282 15 5 6 20 19 0 
279 269 51 32 68 214 102 9 183 296 107 32 57 181 157 11 387 192 31 28 59 192 128 7 
30 183 78 100 127 181 287 38 5 161 98 101 127 159 322 51 131 115 87 74 95 144 316 62 
3 68 166 177 146 201 171 92 1 41 163 180 150 198 180 111 23 127 137 149 125 136 183 144 
23 110 122 82 98 307 262 20 8 95 132 90 88 258 328 25 44 122 102 59 84 204 346 63 
55 175 146 59 61 200 270 58 34 116 176 100 54 155 315 74 108 172 127 44 50 119 312 92 
164 490 146 27 42 102 43 10 34 340 397 51 41 83 63 15 489 245 71 22 35 89 61 12 
70 363 250 141 80 72 45 3 61 336 306 133 57 58 64 9 170 287 193 125 89 99 57 4 
53 273 274 194 116 90 18 6 33 141 318 227 162 95 40 8 216 344 206 100 55 75 22 6 
19 169 254 258 136 106 66 16 2 85 271 280 183 98 79 26 168 257 241 132 75 79 62 10 
44 294 407 124 64 77 14 0 4 157 452 232 68 87 21 3 297 420 129 52 43 60 23 0 
124 464 388 39 8 1 0 0 20 379 433 173 16 3 0 0 440 435 142 7 0 0 0 0 
144 684 189 7 0 0 0 0 26 558 398 42 0 0 0 0 707 301 16 0 0 0 0 0 
36 518 379 31 13 39 8 0 2 213 646 101 16 38 8 0 438 442 80 12 14 32 6 0 
13 613 384 14 0 0 0 0 0 198 699 125 2 0 0 0 286 500 230 8 0 0 0 0 
0 344 523 117 35 5 0 0 0 33 614 294 67 16 0 0 284 561 135 34 10 0 0 0 
23 461 424 75 15 16 10 0 0 125 664 173 31 18 9 4 307 537 129 19 20 8 4 0 
22 749 222 21 10 0 0 0 0 206 739 59 14 6 0 0 629 358 25 12 0 0 0 0 
14 592 279 100 31 7 1 0 0 157 632 146 70 16 3 0 454 439 96 30 5 0 0 0 
2 701 243 66 12 0 0 0 0 233 661 101 25 4 0 0 613 351 47 13 0 0 0 0 
8 378 477 103 35 11 6 6 0 71 587 281 50 18 10 7 327 509 123 37 13 9 3 3 
