115 411 155 29 20 6 7 281 39 230 368 69 21 7 5 285 78 387 220 35 9 7 8 280 
80 520 250 51 27 0 0 96 1 223 575 91 32 6 0 96 36 508 281 72 30 1 0 96 
64 538 266 37 23 0 0 96 8 85 631 162 39 3 0 96 35 539 285 45 23 1 0 96 
42 382 387 89 28 0 0 96 9 126 615 139 37 2 0 96 28 409 404 64 22 1 0 96 
41 242 428 166 46 5 0 96 8 93 501 261 60 5 0 96 20 291 424 156 33 4 0 96 
3 105 504 238 66 11 1 96 1 39 496 304 75 12 1 96 3 196 496 174 44 14 1 96 
1 43 291 303 192 90 8 96 1 33 307 323 176 83 5 96 0 48 386 237 166 82 9 96 
0 54 387 307 106 54 20 96 0 0 23 495 295 79 34 98 0 22 410 327 104 44 60 57 
0 2 66 247 234 280 99 96 0 1 21 247 267 287 104 97 0 1 123 199 205 225 173 98 
0 17 77 327 250 207 50 96 0 8 27 146 382 292 73 96 0 17 97 346 205 184 82 93 
0 5 78 193 116 429 107 96 0 0 84 92 201 477 74 96 0 12 122 154 115 341 184 96 
0 2 45 128 157 282 302 108 0 4 86 126 181 303 219 105 0 2 86 122 170 226 312 106 
26 42 43 36 94 270 351 162 28 43 42 30 99 312 311 159 12 46 43 28 89 185 522 99 
0 0 0 0 8 179 729 108 0 0 0 1 12 239 667 105 0 0 0 0 5 127 753 139 
0 0 0 0 1 185 726 112 0 0 0 0 9 203 701 111 0 0 0 0 0 108 769 147 
0 0 0 0 0 213 695 116 0 0 0 0 0 258 653 113 0 0 0 0 0 135 701 188 
0 0 0 0 0 201 717 106 0 0 0 0 0 272 647 105 0 0 0 0 0 95 786 143 
0 0 0 0 0 198 706 120 0 0 0 0 4 250 657 113 0 0 0 0 0 100 765 159 
42 39 20 35 36 174 574 104 46 37 19 34 39 197 549 103 29 43 26 31 40 80 666 109 
0 0 0 0 3 126 783 112 0 0 0 0 3 185 727 109 0 0 0 0 0 45 834 145 
0 0 1 7 14 135 757 110 0 0 1 7 11 193 706 106 0 0 0 6 10 47 837 124 
0 1 2 2 23 441 459 96 0 1 2 4 51 506 364 96 0 1 2 4 13 356 550 98 
0 0 0 2 93 529 304 96 0 0 0 4 109 580 235 96 0 0 0 4 78 468 378 96 
0 0 0 1 159 553 212 99 0 0 0 3 186 575 161 99 0 0 0 0 103 499 323 99 
34 61 26 77 141 381 208 96 36 61 21 77 149 448 136 96 9 73 29 57 136 311 312 97 
0 0 1 25 43 629 230 96 0 0 1 30 53 683 161 96 0 0 1 19 38 432 438 96 
0 0 0 0 0 713 215 96 0 0 0 0 2 765 161 96 0 0 0 0 0 546 381 97 
0 0 0 0 2 584 340 98 0 0 0 0 8 697 222 97 0 0 0 0 2 341 584 97 
0 0 0 0 0 414 509 101 0 0 0 0 4 510 409 101 0 0 0 0 0 222 699 103 
23 60 30 24 43 440 309 95 28 57 28 24 50 498 244 95 2 67 32 26 41 246 514 96 
0 0 0 0 24 618 286 96 0 0 0 0 34 715 179 96 0 0 0 0 3 389 536 96 
0 0 0 0 2 382 411 229 0 0 0 0 4 824 103 93 0 0 148 99 66 320 325 66 
0 0 0 0 0 1 491 532 0 0 0 0 50 796 105 73 0 1 470 430 28 47 48 0 
101 131 248 203 120 61 69 91 95 132 253 215 159 74 6 90 71 161 427 214 55 3 20 73 
233 286 149 71 56 126 16 87 147 326 169 84 59 120 31 88 25 279 287 114 65 83 83 88 
670 229 28 1 0 14 9 73 619 265 43 1 0 14 9 73 283 525 113 7 0 11 12 73 
280 508 135 5 0 4 11 81 190 340 374 24 0 3 9 84 21 319 426 155 7 3 9 84 
597 258 71 2 0 4 17 75 534 249 134 11 0 4 19 73 421 249 183 74 1 4 17 75 
459 287 52 21 20 72 42 71 292 445 61 23 22 74 36 71 54 524 227 26 61 44 15 73 
408 386 41 12 10 30 64 73 312 471 47 16 10 30 58 80 82 581 175 9 19 51 39 68 
384 531 13 0 8 22 1 65 281 624 23 0 6 24 1 65 55 704 168 1 2 27 2 65 
418 430 50 17 11 4 3 91 333 516 52 20 6 3 3 91 38 705 155 23 5 4 3 91 
550 245 37 0 0 22 10 160 322 325 143 42 0 19 8 165 464 301 67 0 0 19 12 161 
799 219 6 0 0 0 0 0 353 578 91 2 0 0 0 0 630 377 16 1 0 0 0 0 
488 480 48 8 0 0 0 0 257 421 324 18 4 0 0 0 385 556 71 10 2 0 0 0 
704 290 25 5 0 0 0 0 404 475 137 7 1 0 0 0 583 397 38 6 0 0 0 0 
390 441 159 20 13 1 0 0 237 369 321 70 20 6 1 0 366 433 167 38 15 5 0 0 
259 466 279 20 0 0 0 0 138 371 377 134 4 0 0 0 255 470 287 12 0 0 0 0 
83 324 526 55 10 8 7 11 52 187 587 160 12 8 6 12 91 398 450 49 12 5 7 12 
120 233 381 223 55 10 2 0 102 214 278 333 83 12 2 0 163 265 414 135 36 9 2 0 
19 111 267 315 178 112 22 0 33 160 283 275 161 96 16 0 62 204 289 220 122 103 24 0 
0 50 169 229 239 296 41 0 0 8 212 230 228 295 51 0 1 76 212 191 167 252 125 0 
1 102 320 199 110 246 46 0 0 7 320 289 140 246 22 0 5 229 304 107 111 191 77 0 
0 0 10 43 86 388 495 2 0 0 13 52 92 463 404 0 0 0 11 37 79 227 660 10 
64 63 35 28 149 245 439 1 63 62 32 35 130 271 430 1 34 79 41 27 79 201 544 19 
0 0 0 13 54 167 787 3 0 0 1 21 63 205 733 1 0 0 1 16 46 111 773 77 
0 0 0 0 11 318 694 1 0 0 0 0 22 382 619 1 0 0 0 0 5 171 735 113 
0 0 0 0 12 341 670 1 0 0 0 0 21 393 610 0 0 0 0 0 2 165 788 69 
0 0 0 0 7 351 666 0 0 0 0 0 6 431 587 0 0 0 0 0 0 136 877 11 
0 0 0 0 5 406 613 0 0 0 0 0 8 529 487 0 0 0 0 0 0 200 818 6 
52 31 34 41 27 199 635 5 54 28 36 40 35 216 608 7 43 32 39 31 36 124 628 91 
0 0 11 56 103 356 497 1 0 0 2 48 115 438 421 0 0 0 0 36 81 237 624 46 
0 0 10 107 259 425 223 0 0 0 0 65 275 498 186 0 0 0 2 43 224 433 321 1 
0 0 0 5 34 496 489 0 0 0 0 5 42 579 398 0 0 0 0 3 16 424 581 0 
0 0 0 0 8 614 400 2 0 0 0 0 8 676 339 1 0 0 0 0 2 437 577 8 
0 0 0 9 171 426 417 1 0 0 0 3 184 488 349 0 0 0 0 0 102 375 534 13 
43 43 32 33 64 474 335 0 48 41 30 35 67 535 268 0 27 52 32 27 67 336 483 0 
0 0 0 0 42 618 364 0 0 0 0 0 57 759 208 0 0 0 0 0 25 320 679 0 
0 0 0 3 138 773 110 0 0 0 0 3 135 803 83 0 0 0 0 0 52 584 386 2 
0 0 0 2 178 612 230 2 0 0 0 1 168 581 262 12 0 0 0 0 88 255 517 164 
0 0 15 22 53 535 329 70 0 0 0 15 36 508 282 183 0 0 0 0 20 59 569 376 
44 50 42 47 140 344 348 9 30 54 28 46 67 309 385 105 8 54 38 21 59 96 353 395 
0 2 11 105 250 314 339 3 0 0 8 29 206 337 373 71 0 0 0 10 21 227 363 403 
0 0 3 2 73 409 464 73 0 0 1 4 41 431 438 109 0 0 0 15 20 141 424 424 
0 0 0 18 102 163 467 274 0 0 0 0 100 397 328 199 0 0 10 123 102 211 220 358 
60 74 144 100 157 348 115 26 66 66 172 110 159 335 79 37 44 79 202 124 105 146 251 73 
18 93 81 133 407 292 0 0 18 83 99 120 240 464 0 0 7 40 105 114 128 402 228 0 
90 129 118 405 272 10 0 0 45 118 132 294 383 52 0 0 13 81 126 229 367 199 9 0 
293 512 92 32 75 20 0 0 119 424 326 44 46 63 2 0 3 265 522 108 40 77 9 0 
745 211 68 0 0 0 0 0 688 196 135 5 0 0 0 0 585 199 169 68 3 0 0 0 
546 394 84 0 0 0 0 0 328 473 159 64 0 0 0 0 176 289 362 137 60 0 0 0 
441 412 129 13 6 23 0 0 309 281 275 119 12 15 13 0 191 191 246 221 141 16 18 0 
578 337 101 5 3 0 0 0 404 318 218 78 5 1 0 0 189 345 215 192 77 6 0 0 
373 425 143 16 10 9 16 32 250 398 205 113 12 31 15 0 123 314 261 180 142 4 0 0 
684 147 1 9 14 9 0 160 456 346 29 7 13 13 0 160 579 243 10 8 12 12 0 160 
725 265 19 13 2 0 0 0 313 533 153 12 12 1 0 0 594 390 21 13 6 0 0 0 
790 202 28 4 0 0 0 0 578 278 139 26 3 0 0 0 720 241 54 6 3 0 0 0 
799 202 15 5 3 0 0 0 555 412 45 6 4 2 0 0 691 301 23 3 4 2 0 0 
534 437 46 7 0 0 0 0 137 468 363 39 17 0 0 0 348 577 82 15 2 0 0 0 
624 328 39 13 8 3 8 1 342 496 139 24 7 6 7 3 500 422 60 21 8 4 8 1 
347 519 149 8 1 0 0 0 170 417 399 34 4 0 0 0 334 515 166 6 3 0 0 0 
198 450 304 64 8 0 0 0 156 425 369 69 5 0 0 0 260 473 233 51 7 0 0 0 
270 587 141 20 6 0 0 0 129 613 253 24 4 1 0 0 287 622 101 11 3 0 0 0 
17 163 476 247 69 30 15 7 12 137 529 225 72 30 13 6 28 276 451 158 64 26 15 6 
1 12 128 217 249 350 65 2 1 22 169 192 239 347 52 2 2 36 156 181 208 337 98 6 
0 3 72 183 173 345 248 0 0 4 75 182 165 337 261 0 1 14 93 141 151 261 358 5 
15 45 80 198 221 253 212 0 12 42 86 194 217 240 233 0 10 42 89 203 197 203 275 5 
0 0 64 20 51 94 517 278 0 1 63 17 51 89 540 263 0 0 54 12 57 50 451 400 
0 10 58 30 39 96 521 270 0 4 63 22 48 92 532 263 0 0 58 13 56 48 369 480 
0 36 39 61 82 419 269 118 0 9 62 54 68 443 276 112 0 0 66 32 71 264 427 164 
0 22 44 48 105 382 288 135 0 1 52 55 95 406 305 110 0 0 44 61 83 331 387 118 
0 2 63 27 50 411 179 292 0 5 58 27 50 422 173 289 0 0 33 48 35 372 238 298 
36 42 61 49 73 318 169 276 35 41 63 46 72 326 165 276 27 35 65 44 88 297 152 316 
0 25 57 34 111 561 139 97 0 15 60 32 87 606 130 94 0 2 59 36 77 561 167 122 
0 28 59 32 129 486 56 234 0 10 67 30 99 530 63 225 0 0 55 45 107 523 75 219 
0 30 48 79 224 432 68 143 0 7 64 75 183 490 67 138 0 1 62 58 133 556 70 144 
3 58 111 86 270 362 132 2 1 40 108 88 287 386 114 0 2 44 100 77 257 376 163 5 
0 3 48 38 122 352 206 255 1 30 40 119 192 271 180 191 0 22 38 88 169 275 189 243 
37 51 57 50 229 320 184 96 43 75 52 109 290 256 155 44 31 69 61 95 181 345 182 60 
0 29 37 83 233 313 283 46 4 19 52 102 239 276 281 51 0 7 40 54 153 241 264 265 
0 32 26 77 300 520 69 0 0 1 43 36 240 417 276 11 0 0 4 42 32 259 366 321 
24 40 65 289 276 225 102 3 0 26 45 88 399 311 137 18 0 0 18 47 66 425 272 196 
28 45 197 271 203 228 52 0 2 36 45 235 334 240 132 0 0 1 23 51 176 467 204 102 
95 97 271 216 149 191 5 0 29 100 87 283 250 230 45 0 0 48 80 95 264 357 153 27 
5 137 264 261 146 192 19 0 0 13 165 252 255 270 69 0 0 0 16 156 250 306 253 43 
6 175 220 218 167 186 52 0 0 5 227 239 205 257 91 0 0 0 15 249 176 282 220 82 
52 108 170 237 210 228 19 0 3 75 119 194 269 300 64 0 0 9 72 121 146 334 286 56 
7 41 53 131 284 408 98 2 0 23 39 77 199 531 102 53 0 0 14 45 69 254 456 186 
0 0 0 202 591 231 0 0 0 0 0 8 511 505 0 0 0 0 0 0 190 635 199 0 
84 49 67 648 175 1 0 0 69 45 42 333 510 25 0 0 40 55 44 64 612 209 0 0 
231 634 39 9 85 26 0 0 47 508 342 15 16 96 0 0 12 203 603 89 13 103 1 0 
813 175 26 10 0 0 0 0 795 156 56 17 0 0 0 0 714 147 136 18 9 0 0 0 
726 144 75 65 14 0 0 0 687 151 84 61 40 1 0 0 539 245 102 75 59 4 0 0 
698 155 95 28 48 0 0 0 555 272 73 59 60 5 0 0 205 543 99 90 41 46 0 0 
647 244 77 34 22 0 0 0 475 363 83 65 32 6 0 0 231 487 164 66 52 24 0 0 
777 160 61 26 0 0 0 0 698 188 85 43 10 0 0 0 564 270 107 56 27 0 0 0 
698 141 14 11 0 0 0 160 597 187 66 14 0 0 0 160 675 161 17 11 0 0 0 160 
931 87 2 4 0 0 0 0 600 406 12 3 3 0 0 0 879 136 4 4 1 0 0 0 
797 185 41 1 0 0 0 0 549 321 124 29 1 0 0 0 704 264 49 6 1 0 0 0 
862 152 5 3 2 0 0 0 576 359 82 3 3 1 0 0 791 219 8 3 2 1 0 0 
434 503 73 6 6 2 0 0 159 229 487 127 13 9 0 0 326 563 109 15 5 6 0 0 
721 245 47 10 1 0 0 0 603 217 149 40 13 2 0 0 704 255 54 10 1 0 0 0 
696 274 53 1 0 0 0 0 557 325 126 16 0 0 0 0 676 289 52 7 0 0 0 0 
482 441 98 3 0 0 0 0 326 467 222 9 0 0 0 0 446 474 101 3 0 0 0 0 
220 516 258 30 0 0 0 0 99 418 375 121 11 0 0 0 232 511 232 49 0 0 0 0 
41 399 467 113 4 0 0 0 7 124 534 269 90 0 0 0 79 508 388 47 2 0 0 0 
13 77 297 404 148 85 0 0 18 103 423 284 140 56 0 0 37 254 425 167 112 29 0 0 
5 27 154 380 253 192 13 0 11 39 303 299 139 197 36 0 16 85 399 252 161 108 3 0 
4 47 147 400 290 118 15 3 9 63 234 364 224 114 14 2 7 101 353 363 133 53 12 2 
0 0 7 39 47 74 144 713 0 0 14 53 44 71 159 683 0 0 12 52 41 70 162 687 
0 0 5 40 40 49 105 785 0 1 19 42 46 60 123 733 0 0 19 40 47 50 123 745 
0 0 0 0 4 5 14 1001 0 0 0 1 5 5 30 983 0 0 0 2 4 5 36 977 
0 0 0 0 0 20 30 974 0 0 0 0 0 21 39 964 0 0 0 0 0 18 39 967 
0 0 0 0 0 0 0 1024 0 0 0 0 0 0 0 1024 0 0 0 0 0 0 0 1024 
0 0 0 0 0 0 0 1024 0 0 0 0 0 0 0 1024 0 0 0 0 0 0 0 1024 
0 0 0 0 0 0 2 1022 0 0 0 0 0 0 3 1021 0 0 0 0 0 0 3 1021 
0 0 0 0 0 0 2 1022 0 0 0 0 0 0 6 1018 0 0 0 0 0 0 6 1018 
41 46 27 37 39 89 34 711 43 48 23 32 38 88 33 719 34 48 31 32 39 90 36 714 
0 0 19 25 571 353 55 1 0 0 17 23 324 601 58 1 0 0 6 19 55 867 68 9 
0 0 0 0 270 754 0 0 0 0 0 14 301 709 0 0 0 0 0 59 265 700 0 0 
0 0 0 0 291 733 0 0 0 0 0 0 72 952 0 0 0 0 0 0 0 1024 0 0 
0 0 0 0 485 539 0 0 0 0 0 0 299 725 0 0 0 0 0 0 52 972 0 0 
0 0 0 0 458 565 1 0 0 0 0 0 266 757 1 0 0 0 0 0 0 975 49 0 
0 0 0 0 743 281 0 0 0 0 0 0 417 607 0 0 0 0 0 0 3 1021 0 0 
0 0 0 0 586 438 0 0 0 0 0 0 374 650 0 0 0 0 0 0 0 1021 3 0 
0 0 0 0 365 659 0 0 0 0 0 0 171 853 0 0 0 0 0 0 0 1015 9 0 
0 0 0 0 63 961 0 0 0 0 0 0 15 1009 0 0 0 0 0 0 0 1002 22 0 
0 0 0 0 123 901 0 0 0 0 0 0 164 860 0 0 0 0 0 0 79 842 103 0 
0 0 0 0 426 598 0 0 0 0 0 0 156 868 0 0 0 0 0 0 0 917 107 0 
0 0 0 0 687 337 0 0 0 0 0 0 327 697 0 0 0 0 0 0 0 981 43 0 
0 0 0 137 747 140 0 0 0 0 0 0 621 403 0 0 0 0 0 0 155 754 115 0 
0 0 0 611 413 0 0 0 0 0 0 76 862 86 0 0 0 0 0 0 525 498 1 0 
400 501 26 20 72 5 0 0 93 605 226 14 24 62 0 0 10 326 548 49 18 73 0 0 
714 120 66 69 55 0 0 0 686 139 69 41 89 0 0 0 636 144 98 55 78 13 0 0 
82 149 108 565 120 0 0 0 85 153 82 236 468 0 0 0 70 126 109 119 565 35 0 0 
0 0 8 872 144 0 0 0 0 0 0 195 829 0 0 0 0 0 0 11 962 51 0 0 
0 0 32 655 337 0 0 0 0 0 0 224 799 1 0 0 0 0 0 38 722 264 0 0 
0 0 56 729 239 0 0 0 0 0 1 224 796 3 0 0 0 0 0 48 782 194 0 0 
749 89 26 0 0 0 2 158 677 144 34 9 0 0 2 158 730 106 28 0 0 0 2 158 
1016 8 0 0 0 0 0 0 935 89 0 0 0 0 0 0 1003 21 0 0 0 0 0 0 
878 112 29 5 0 0 0 0 502 408 77 24 13 0 0 0 721 247 27 27 2 0 0 0 
873 130 19 0 2 0 0 0 602 338 59 23 1 1 0 0 831 179 12 0 1 1 0 0 
867 140 11 4 1 1 0 0 675 294 44 9 1 0 1 0 788 211 16 7 1 1 0 0 
860 146 13 2 2 1 0 0 765 222 28 6 1 2 0 0 817 187 12 5 2 1 0 0 
845 171 8 0 0 0 0 0 630 376 18 0 0 0 0 0 790 225 9 0 0 0 0 0 
870 146 6 2 0 0 0 0 728 253 40 3 0 0 0 0 833 185 5 1 0 0 0 0 
346 509 161 7 1 0 0 0 135 402 368 116 2 1 0 0 349 506 161 7 1 0 0 0 
255 403 319 44 3 0 0 0 80 246 358 271 64 5 0 0 212 384 349 73 6 0 0 0 
84 394 402 118 20 6 0 0 18 180 532 203 72 17 2 0 82 414 381 105 27 15 0 0 
22 145 387 227 131 93 16 3 18 101 405 273 132 80 13 2 40 268 324 168 110 81 32 1 
13 37 107 238 262 230 98 39 10 48 135 202 230 270 100 29 4 56 136 207 204 246 122 49 
0 0 2 68 335 92 117 410 0 0 2 15 150 323 121 413 0 0 1 130 247 114 120 412 
0 0 0 6 13 30 53 922 0 0 2 6 16 28 66 906 0 0 2 6 19 26 81 890 
0 0 0 0 0 0 0 1024 0 0 0 0 0 0 0 1024 0 0 0 0 0 0 0 1024 
0 0 0 0 0 0 2 1022 0 0 0 0 0 0 2 1022 0 0 0 0 0 0 2 1022 
0 0 0 0 0 0 0 1024 0 0 0 0 0 0 0 1024 0 0 0 0 0 0 0 1024 
0 0 0 0 0 0 14 1010 0 0 0 0 0 0 2 1022 0 0 0 0 0 0 2 1022 
0 0 0 0 0 15 9 1000 0 0 0 0 0 10 12 1002 0 0 0 0 0 15 8 1001 
0 0 0 0 0 4 22 998 0 0 0 0 0 0 25 999 0 0 0 0 0 0 25 999 
2 7 3 2 19 78 40 873 2 7 3 2 16 68 50 876 2 7 2 3 14 77 43 876 
0 0 17 116 291 548 51 1 0 0 11 82 250 634 47 0 0 0 6 68 184 560 205 1 
0 0 0 0 22 606 367 29 0 0 0 0 41 657 299 27 0 0 0 1 51 369 576 27 
0 0 0 0 3 494 305 222 0 0 0 0 1 579 222 222 0 0 0 0 0 176 634 214 
0 0 0 0 6 571 447 0 0 0 0 0 5 704 315 0 0 0 0 0 0 172 852 0 
0 0 0 0 21 697 306 0 0 0 0 0 6 757 261 0 0 0 0 0 0 125 899 0 
0 0 0 0 4 694 326 0 0 0 0 0 3 794 227 0 0 0 0 0 0 139 885 0 
0 0 0 1 37 348 638 0 0 0 0 0 26 492 506 0 0 0 0 0 5 187 832 0 
0 0 0 0 56 283 685 0 0 0 0 0 30 358 636 0 0 0 0 0 0 179 845 0 
0 0 0 0 1 270 753 0 0 0 0 0 1 325 698 0 0 0 0 0 0 154 870 0 
0 0 0 0 28 394 602 0 0 0 0 0 20 588 416 0 0 0 0 0 10 171 843 0 
0 0 0 0 45 542 437 0 0 0 0 0 10 733 281 0 0 0 0 0 0 178 846 0 
0 0 0 0 180 677 167 0 0 0 0 0 120 833 71 0 0 0 0 0 0 302 722 0 
0 0 0 169 825 30 0 0 0 0 0 0 604 420 0 0 0 0 0 0 144 806 74 0 
0 0 0 483 493 48 0 0 0 0 0 30 791 203 0 0 0 0 0 0 403 572 49 0 
562 404 23 18 17 0 0 0 189 625 166 16 22 6 0 0 54 445 464 29 21 11 0 0 
674 55 20 23 98 154 0 0 659 70 20 18 80 177 0 0 597 109 33 15 43 195 32 0 
36 106 96 85 562 139 0 0 24 71 121 77 327 404 0 0 14 61 100 85 127 634 3 0 
0 0 0 10 831 183 0 0 0 0 0 0 525 499 0 0 0 0 0 0 56 968 0 0 
0 0 0 26 986 12 0 0 0 0 0 3 793 228 0 0 0 0 0 0 183 841 0 0 
0 0 0 11 983 30 0 0 0 0 0 0 751 273 0 0 0 0 0 0 52 969 3 0 
684 169 16 3 5 15 4 128 516 309 44 3 5 15 4 128 571 272 26 4 7 12 4 128 
935 82 6 1 0 0 0 0 728 250 40 5 1 0 0 0 820 187 13 4 0 0 0 0 
662 309 50 3 0 0 0 0 325 408 242 44 5 0 0 0 634 325 60 5 0 0 0 0 
829 155 40 0 0 0 0 0 693 166 106 59 0 0 0 0 788 179 55 2 0 0 0 0 
664 312 35 6 4 3 0 0 374 418 195 26 5 6 0 0 517 390 95 12 4 6 0 0 
762 240 22 0 0 0 0 0 564 378 73 9 0 0 0 0 718 267 39 0 0 0 0 0 
751 246 19 8 0 0 0 0 555 402 52 11 4 0 0 0 660 324 29 11 0 0 0 0 
603 339 62 15 3 2 0 0 346 494 149 23 9 2 1 0 524 414 66 14 4 2 0 0 
502 461 51 5 3 1 1 0 234 489 286 8 3 3 0 1 425 507 82 5 4 0 1 0 
303 483 195 26 9 6 2 0 132 448 355 65 15 4 5 0 277 505 199 28 7 6 2 0 
406 425 177 10 3 2 0 1 280 298 321 112 7 5 0 1 412 349 226 27 7 2 0 1 
149 396 358 111 8 2 0 0 75 169 433 267 72 8 0 0 144 366 352 129 31 2 0 0 
2 31 154 347 423 61 6 0 0 6 127 113 320 445 13 0 1 27 148 198 291 292 67 0 
0 10 15 130 473 232 131 33 0 0 11 28 179 563 195 48 0 10 12 106 334 289 230 43 
0 0 21 149 242 382 118 112 0 0 0 37 206 469 185 127 0 0 23 140 135 293 300 133 
0 0 0 5 434 386 82 117 0 0 0 0 29 744 122 129 0 0 0 5 86 535 263 135 
0 0 0 0 57 477 285 205 0 0 0 0 36 439 335 214 0 0 0 0 22 196 531 275 
0 0 0 37 91 394 337 165 0 0 0 6 99 292 457 170 0 0 0 24 61 245 492 202 
0 0 0 41 112 203 319 349 0 0 0 12 124 208 325 355 0 0 0 41 106 195 313 369 
0 0 0 2 289 242 211 280 0 0 0 0 81 424 228 291 0 0 0 5 175 333 147 364 
0 0 0 5 170 303 246 300 0 0 0 4 139 278 293 310 0 0 0 2 123 287 225 387 
0 0 2 31 221 434 182 154 0 0 2 13 144 469 220 176 0 0 0 25 181 331 283 204 
0 1 28 138 262 336 201 58 0 0 10 80 220 369 279 66 0 0 13 109 246 273 328 55 
0 0 8 58 285 426 174 73 0 0 4 24 196 442 272 86 0 0 7 56 250 359 282 70 
0 0 8 35 68 218 376 319 0 0 6 23 69 205 392 329 0 0 4 19 107 138 380 376 
8 12 7 70 160 185 236 346 4 13 9 40 168 192 245 353 2 15 9 21 176 174 324 303 
7 8 23 123 114 174 288 287 6 6 18 96 130 179 324 265 5 6 7 48 138 159 266 395 
0 1 35 204 206 236 135 207 0 0 8 98 283 267 145 223 0 0 6 80 241 248 214 235 
0 3 9 160 210 241 228 173 0 0 7 96 227 279 252 163 0 0 11 32 235 215 268 263 
0 0 8 105 165 342 262 142 0 0 1 64 184 359 272 144 0 0 4 20 174 153 414 259 
0 0 5 112 205 303 288 111 0 0 2 79 171 366 317 89 0 0 0 17 164 178 436 229 
0 0 54 104 127 265 349 125 0 0 32 109 118 298 365 102 0 0 5 84 102 137 379 317 
0 0 27 110 96 207 395 189 0 0 18 104 103 212 427 160 0 0 2 39 146 77 363 397 
0 0 15 110 249 170 345 135 0 0 7 66 247 244 352 108 0 0 1 19 147 259 329 269 
0 0 0 199 821 4 0 0 0 0 0 0 650 374 0 0 0 0 0 0 148 874 2 0 
3 9 15 412 469 116 0 0 1 7 10 35 663 308 0 0 1 6 10 13 366 518 110 0 
829 194 1 0 0 0 0 0 491 512 21 0 0 0 0 0 185 702 137 0 0 0 0 0 
597 55 27 61 46 171 67 0 610 42 22 66 47 172 65 0 559 70 31 41 57 81 158 27 
24 69 48 75 108 433 262 5 14 56 63 61 78 477 256 19 7 36 78 49 87 194 471 102 
0 0 123 110 128 393 253 17 0 0 48 168 129 411 249 19 0 0 6 175 96 172 457 118 
3 15 119 95 172 328 258 34 1 12 31 168 174 352 231 55 0 8 15 156 115 137 470 123 
4 17 77 119 236 303 218 50 4 9 33 127 229 351 222 49 1 6 24 99 118 224 451 101 
557 296 42 1 0 0 0 128 271 398 213 14 0 0 0 128 427 389 75 5 0 0 0 128 
771 253 0 0 0 0 0 0 314 553 157 0 0 0 0 0 565 453 6 0 0 0 0 0 
589 386 48 1 0 0 0 0 206 417 348 48 5 0 0 0 431 491 87 15 0 0 0 0 
809 202 13 0 0 0 0 0 563 354 100 7 0 0 0 0 692 305 26 1 0 0 0 0 
721 275 17 8 1 2 0 0 427 437 135 17 5 1 2 0 579 385 48 3 6 1 2 0 
824 186 14 0 0 0 0 0 658 288 67 11 0 0 0 0 766 231 24 3 0 0 0 0 
767 209 22 11 7 6 2 0 486 414 88 14 9 7 6 0 686 274 33 13 6 6 6 0 
672 317 27 7 1 0 0 0 357 488 162 14 2 1 0 0 613 368 37 5 1 0 0 0 
566 395 52 9 2 0 0 0 269 557 175 16 6 1 0 0 552 388 75 5 4 0 0 0 
429 361 154 39 20 12 8 1 202 404 251 109 30 14 11 3 376 352 209 36 25 15 10 1 
267 189 178 127 108 140 15 0 194 155 223 144 115 155 38 0 242 174 167 140 104 87 107 3 
6 59 65 82 101 532 179 0 4 39 84 76 99 323 399 0 8 49 63 66 80 98 502 158 
3 81 89 303 68 112 368 0 0 12 104 72 305 88 441 2 0 34 77 81 271 96 186 279 
0 23 114 225 56 66 540 0 0 0 53 101 213 78 573 6 0 17 104 202 76 45 120 460 
0 6 132 436 348 74 28 0 0 0 7 128 412 384 84 9 0 2 92 364 364 127 62 13 
0 0 38 268 295 173 250 0 0 0 4 55 322 282 337 24 0 0 26 219 264 134 205 176 
0 0 27 325 420 126 126 0 0 0 0 31 353 430 168 42 0 2 30 260 333 198 150 51 
0 0 4 44 413 241 322 0 0 0 0 19 70 547 386 2 0 0 0 29 126 315 306 248 
0 0 0 9 96 128 791 0 0 0 0 1 33 119 862 9 0 0 0 2 69 70 218 665 
0 0 8 83 69 146 715 3 0 0 0 16 98 127 748 35 0 0 46 36 42 96 217 587 
0 0 20 77 138 267 522 0 0 0 0 32 115 199 603 75 0 0 8 36 103 142 342 393 
13 77 134 246 246 231 77 0 0 8 51 143 260 274 241 47 4 34 114 171 242 208 227 24 
0 65 207 271 291 157 33 0 0 0 20 159 308 329 180 28 0 30 177 240 310 168 95 4 
0 30 159 207 239 239 132 18 0 0 6 120 261 281 255 101 0 11 76 205 201 250 214 67 
0 0 7 71 196 276 346 128 0 0 0 23 125 246 463 167 0 0 3 54 140 180 317 330 
0 2 39 48 96 212 216 411 0 0 2 46 69 200 239 468 0 0 19 52 151 191 347 264 
0 4 28 78 137 180 597 0 0 2 10 58 107 175 664 8 0 1 8 48 96 125 238 508 
0 1 3 20 36 85 877 2 0 0 2 11 40 71 896 4 0 0 2 6 35 58 185 738 
0 0 9 6 34 72 903 0 0 0 6 5 20 51 940 2 0 1 6 6 23 25 127 836 
0 0 48 67 112 149 647 1 0 0 3 69 96 126 724 6 0 0 41 50 93 112 201 527 
0 1 8 8 21 80 846 60 0 0 3 10 14 52 891 54 0 0 2 9 11 30 156 816 
0 0 0 0 0 0 1012 12 0 0 0 0 0 0 1011 13 0 0 0 0 0 0 16 1008 
0 0 0 0 0 7 1017 0 0 0 0 0 0 0 1024 0 0 0 0 0 0 0 14 1010 
0 0 0 0 29 46 949 0 0 0 0 0 24 22 978 0 0 0 0 0 0 33 70 921 
0 0 0 221 778 19 6 0 0 0 0 0 882 132 10 0 0 0 0 0 181 821 15 7 
59 19 16 645 281 4 0 0 51 21 16 28 823 85 0 0 49 19 15 16 572 353 0 0 
957 64 3 0 0 0 0 0 765 254 5 0 0 0 0 0 392 602 29 1 0 0 0 0 
508 72 22 10 19 344 49 0 529 54 20 9 19 311 82 0 452 95 41 17 11 17 376 15 
0 0 0 0 0 967 57 0 0 0 0 0 0 745 279 0 0 0 0 0 0 0 953 71 
0 0 0 0 0 1023 1 0 0 0 0 0 0 915 109 0 0 0 0 0 0 0 996 28 
0 0 0 0 1 1018 5 0 0 0 0 0 0 889 135 0 0 0 0 0 0 0 990 34 
0 0 0 0 0 1024 0 0 0 0 0 0 0 970 54 0 0 0 0 0 0 0 1016 8 
760 131 5 0 0 0 0 128 626 238 32 0 0 0 0 128 679 199 18 0 0 0 0 128 
939 85 0 0 0 0 0 0 580 429 15 0 0 0 0 0 786 236 2 0 0 0 0 0 
872 143 9 0 0 0 0 0 717 243 58 6 0 0 0 0 814 183 26 1 0 0 0 0 
967 49 5 2 1 0 0 0 928 80 13 2 1 0 0 0 948 67 6 2 1 0 0 0 
837 149 29 7 2 0 0 0 595 332 69 25 2 1 0 0 688 267 55 12 2 0 0 0 
958 62 4 0 0 0 0 0 853 159 11 1 0 0 0 0 911 104 8 1 0 0 0 0 
715 272 17 8 8 4 0 0 531 332 135 10 7 8 1 0 615 322 64 9 4 8 2 0 
719 232 35 15 17 6 0 0 429 403 131 28 13 17 3 0 675 248 54 17 13 15 2 0 
491 123 93 76 86 101 53 1 356 196 107 82 84 81 115 3 422 132 104 80 73 81 108 24 
368 155 124 89 84 202 2 0 302 153 138 104 86 230 11 0 357 131 106 92 70 92 176 0 
0 4 29 72 120 767 32 0 0 2 20 50 106 712 134 0 0 0 6 38 70 102 780 28 
0 125 89 29 35 657 89 0 0 3 123 95 37 378 388 0 3 134 68 30 27 37 606 119 
0 346 92 34 36 189 327 0 0 3 248 193 36 90 450 4 25 333 72 31 25 46 199 293 
0 0 0 6 63 495 460 0 0 0 0 0 35 255 734 0 0 0 0 0 5 60 334 625 
17 48 75 258 230 299 97 0 0 25 48 88 295 236 332 0 23 37 100 222 175 112 234 121 
20 109 157 263 268 132 75 0 0 9 125 148 260 313 161 8 6 138 195 218 215 134 87 31 
2 113 143 403 201 110 52 0 0 5 121 141 268 334 144 11 5 98 153 420 166 70 100 12 
0 6 54 489 371 80 24 0 0 0 6 55 494 375 82 12 0 13 70 487 321 73 59 1 
0 0 0 86 728 102 108 0 0 0 0 0 161 687 167 9 0 0 0 121 664 76 122 41 
0 0 0 85 320 282 337 0 0 0 0 3 151 362 498 10 0 0 56 62 246 149 258 253 
0 4 69 183 261 273 229 5 0 0 4 89 202 276 369 84 0 3 78 145 204 200 278 116 
12 163 163 148 136 220 156 26 0 1 132 190 166 176 268 91 12 165 130 147 133 165 189 83 
8 207 323 298 152 33 3 0 0 0 108 309 366 189 42 10 11 168 327 321 144 42 11 0 
1 153 253 203 161 110 49 94 0 0 23 307 263 196 109 126 1 101 233 222 164 130 118 55 
0 40 151 216 176 143 132 166 0 0 69 135 233 193 162 232 0 22 156 200 153 149 201 143 
0 1 37 77 193 207 240 269 0 0 12 50 151 209 280 322 0 1 29 109 161 200 378 146 
0 0 0 2 20 95 791 116 0 0 0 1 15 41 840 127 0 0 0 0 8 24 202 790 
0 0 4 29 79 248 649 15 0 0 5 21 70 112 784 32 0 0 3 21 61 96 260 583 
0 0 12 36 98 234 524 120 0 0 4 25 69 152 604 170 0 0 7 39 93 143 415 327 
2 1 66 158 195 297 301 4 1 1 7 91 175 231 492 26 1 1 49 128 169 153 294 229 
0 0 55 134 196 290 294 55 0 0 10 83 166 247 445 73 0 1 22 99 175 175 367 185 
0 0 0 0 2 168 764 90 0 0 0 0 1 49 875 99 0 0 0 0 0 1 181 842 
0 0 7 7 22 368 616 4 0 0 0 12 8 162 831 11 0 0 1 10 6 23 186 798 
0 0 0 0 2 520 502 0 0 0 0 0 2 274 748 0 0 0 0 0 0 2 264 758 
0 0 0 203 609 165 47 0 0 0 0 1 715 132 176 0 0 0 0 0 122 686 110 106 
162 79 315 428 40 0 0 0 151 50 90 479 251 3 0 0 144 40 66 198 553 23 0 0 
941 82 1 0 0 0 0 0 829 190 5 0 0 0 0 0 488 506 30 0 0 0 0 0 
419 81 32 23 21 448 0 0 428 76 29 22 20 443 6 0 364 93 49 27 22 20 448 1 
0 0 0 0 0 1024 0 0 0 0 0 0 0 1007 17 0 0 0 0 0 0 0 1018 6 
0 0 0 0 0 1024 0 0 0 0 0 0 0 1011 13 0 0 0 0 0 0 0 1018 6 
0 0 0 0 12 1012 0 0 0 0 0 0 0 1019 5 0 0 0 0 0 0 0 1024 0 
0 0 0 0 101 923 0 0 0 0 0 0 1 1022 1 0 0 0 0 0 0 3 1021 0 
760 133 2 1 0 10 8 110 654 226 15 1 0 9 9 110 681 201 13 1 0 10 8 110 
929 93 2 0 0 0 0 0 818 201 5 0 0 0 0 0 887 133 4 0 0 0 0 0 
998 24 1 1 0 0 0 0 958 64 1 1 0 0 0 0 976 46 1 1 0 0 0 0 
808 111 47 24 30 4 0 0 665 220 55 38 21 25 0 0 698 186 49 33 20 28 10 0 
783 105 34 23 52 27 0 0 721 142 42 30 34 52 3 0 713 147 40 31 28 54 11 0 
963 61 0 0 0 0 0 0 942 68 14 0 0 0 0 0 953 68 3 0 0 0 0 0 
532 248 94 44 45 54 7 0 380 221 205 80 39 54 45 0 439 250 157 45 34 38 55 6 
924 64 14 9 8 5 0 0 385 567 42 14 3 9 4 0 914 66 20 8 6 8 2 0 
484 221 202 57 23 33 4 0 58 455 191 138 126 32 23 1 483 198 202 63 29 28 20 1 
54 154 252 163 167 225 9 0 24 75 233 209 176 210 96 1 26 91 226 181 144 159 193 4 
4 49 197 130 138 492 14 0 0 30 195 129 144 468 58 0 0 23 174 121 118 121 463 4 
0 7 83 68 76 772 18 0 0 9 92 57 68 748 50 0 0 3 58 63 59 88 749 4 
0 125 64 59 108 649 19 0 0 2 118 110 89 530 175 0 9 113 46 35 68 123 586 44 
0 0 0 7 7 1008 2 0 0 0 0 0 11 953 60 0 0 0 0 0 8 6 995 15 
59 321 162 122 157 203 0 0 2 35 266 224 151 255 91 0 91 267 165 127 140 96 138 0 
131 281 77 120 213 152 43 7 0 24 355 110 182 268 75 10 96 290 100 121 217 148 44 8 
48 231 230 199 93 141 74 8 0 7 232 249 221 111 173 31 23 195 218 236 78 100 147 27 
352 315 264 77 10 6 0 0 11 187 441 240 129 11 5 0 267 410 233 90 16 7 1 0 
20 239 129 225 352 59 0 0 0 0 76 282 246 371 49 0 2 127 237 228 344 43 43 0 
0 0 8 115 379 429 85 8 0 0 0 9 207 433 349 26 0 0 0 70 261 295 345 53 
0 32 99 185 247 202 150 109 0 0 21 117 200 266 218 202 0 27 109 155 201 197 181 154 
0 51 184 140 100 82 92 375 0 1 50 176 162 119 92 424 8 110 145 123 90 85 74 389 
0 60 157 153 99 85 124 346 0 0 69 124 201 113 90 427 1 72 159 140 91 80 119 362 
0 43 119 100 84 87 182 409 0 2 46 135 107 108 170 456 4 79 108 91 75 82 214 371 
0 0 48 141 114 108 159 454 0 0 2 95 165 115 126 521 0 8 74 116 112 100 158 456 
0 2 22 82 118 108 260 432 0 0 9 61 98 125 229 502 0 3 33 100 110 132 246 400 
0 0 29 85 169 221 297 223 0 0 2 50 130 221 334 287 0 0 29 95 155 223 342 180 
3 12 48 118 145 271 351 76 3 1 4 56 146 219 455 140 3 5 40 92 157 227 398 102 
0 20 153 206 186 254 172 33 0 0 2 105 258 261 270 128 0 32 174 193 218 213 185 9 
19 120 316 218 153 113 53 32 0 8 61 253 325 178 125 74 8 94 271 267 181 112 59 32 
25 197 264 192 174 101 52 19 0 1 55 347 267 205 101 48 6 134 263 163 207 142 94 15 
0 8 49 77 195 533 92 70 0 0 13 37 117 373 395 89 0 0 9 42 72 188 539 174 
13 29 56 78 164 650 34 0 6 6 24 59 101 419 403 6 9 13 34 65 71 142 528 162 
0 0 0 5 3 947 57 12 0 0 0 4 2 735 259 24 0 0 0 0 6 4 742 272 
0 0 0 141 184 696 3 0 0 0 0 10 293 560 161 0 0 0 0 0 66 254 565 139 
251 133 71 98 31 440 0 0 212 120 77 88 69 433 25 0 173 128 92 59 103 28 441 0 
971 51 2 0 0 0 0 0 853 169 2 0 0 0 0 0 515 501 8 0 0 0 0 0 
366 76 27 16 27 512 0 0 358 84 24 18 24 516 0 0 302 93 47 24 16 25 517 0 
0 0 0 0 0 1024 0 0 0 0 0 0 0 1023 1 0 0 0 0 0 0 0 1024 0 
0 0 0 0 10 1014 0 0 0 0 0 0 0 1024 0 0 0 0 0 0 0 0 1024 0 
0 0 0 0 93 931 0 0 0 0 0 0 0 1024 0 0 0 0 0 0 0 0 1024 0 
0 0 0 0 327 697 0 0 0 0 0 0 0 1024 0 0 0 0 0 0 0 0 1024 0 
745 134 17 0 4 28 0 96 700 165 31 0 2 30 0 96 695 175 26 0 4 28 0 96 
975 48 1 0 0 0 0 0 858 165 1 0 0 0 0 0 902 121 1 0 0 0 0 0 
1001 23 0 0 0 0 0 0 939 85 0 0 0 0 0 0 948 76 0 0 0 0 0 0 
863 115 12 6 16 12 0 0 761 193 32 8 6 23 1 0 813 157 11 10 7 16 10 0 
848 115 31 12 15 3 0 0 795 135 56 12 8 18 0 0 785 155 50 7 9 16 2 0 
955 62 7 0 0 0 0 0 904 88 31 1 0 0 0 0 923 84 17 0 0 0 0 0 
586 300 110 16 6 6 0 0 332 396 195 75 13 7 6 0 534 313 131 24 13 8 1 0 
495 295 183 30 17 3 1 0 245 377 189 139 57 14 2 1 484 295 193 21 17 12 1 1 
10 97 814 103 0 0 0 0 4 9 89 506 416 0 0 0 10 105 879 30 0 0 0 0 
6 85 314 288 136 163 32 0 2 72 317 261 159 168 45 0 11 135 407 153 86 118 114 0 
0 0 13 54 152 790 15 0 0 5 54 99 114 751 1 0 0 0 9 46 96 192 681 0 
2 19 9 4 50 892 48 0 16 13 5 3 25 960 2 0 2 21 7 6 2 40 946 0 
0 0 5 6 40 807 150 16 0 3 32 83 76 768 29 33 0 0 4 25 57 136 770 32 
0 0 0 11 172 368 221 252 4 107 145 101 70 285 194 118 0 2 24 180 133 99 341 245 
0 4 43 92 193 351 265 76 2 74 207 217 146 203 136 39 2 16 99 217 205 180 211 94 
1 16 87 111 220 308 164 117 6 140 296 220 153 81 75 53 7 47 114 294 268 123 85 86 
8 78 117 186 229 109 88 209 0 34 133 302 198 44 54 259 14 71 177 340 91 35 75 221 
287 247 113 177 76 68 44 12 8 224 300 142 183 74 49 44 293 269 106 165 82 55 31 23 
63 297 395 243 16 10 0 0 0 26 167 287 504 28 12 0 39 179 326 417 52 7 4 0 
10 64 209 197 247 146 140 11 2 14 44 90 406 218 156 94 8 29 127 260 274 132 166 28 
2 78 100 102 198 128 263 153 0 6 94 103 119 236 179 287 2 74 102 100 181 131 207 227 
137 286 283 134 90 60 34 0 13 65 253 283 216 89 73 32 154 308 221 161 75 63 38 4 
32 153 130 102 125 126 213 143 6 17 136 178 121 129 231 206 39 156 142 81 118 110 203 175 
32 97 187 188 155 66 146 153 10 22 89 192 191 184 113 223 32 107 179 159 145 92 112 198 
14 70 209 161 134 95 189 152 0 8 31 197 211 158 180 239 15 120 163 130 137 103 172 184 
5 47 122 121 140 127 245 217 0 1 35 137 155 195 180 321 11 58 126 94 126 138 184 287 
1 11 104 144 122 108 153 381 0 1 22 104 158 148 121 470 1 11 80 147 123 107 124 431 
0 51 130 133 135 122 204 249 0 0 30 150 147 186 157 354 0 39 127 123 147 129 186 273 
22 251 253 162 95 59 60 122 0 4 105 361 200 111 89 154 17 218 252 152 111 78 63 133 
78 265 350 188 42 21 44 36 1 21 179 343 276 101 45 58 29 225 313 251 98 40 37 31 
186 434 229 122 31 9 10 3 1 41 318 373 156 106 19 10 73 314 338 150 90 49 9 1 
6 120 215 206 161 133 101 82 0 0 79 220 219 228 142 136 0 42 185 171 196 175 150 105 
26 78 218 173 192 185 132 20 9 12 61 207 208 240 180 107 11 60 170 155 166 190 199 73 
23 25 57 135 251 348 154 31 9 22 32 72 182 312 286 109 14 21 27 81 200 229 318 134 
70 23 49 38 53 762 29 0 63 20 30 50 25 564 272 0 51 26 29 57 24 48 721 68 
214 243 66 41 56 387 17 0 91 219 177 46 43 330 116 2 44 154 234 83 38 62 398 11 
803 206 14 1 0 0 0 0 638 295 85 5 1 0 0 0 453 392 154 24 1 0 0 0 
376 118 38 27 66 399 0 0 358 115 53 30 38 430 0 0 288 103 96 43 27 40 427 0 
0 0 0 0 65 959 0 0 0 0 0 0 1 1021 2 0 0 0 0 0 0 0 1022 2 
0 0 0 0 86 938 0 0 0 0 0 0 0 1024 0 0 0 0 0 0 0 0 1024 0 
0 0 0 0 366 658 0 0 0 0 0 0 0 1024 0 0 0 0 0 0 0 0 1024 0 
0 1 0 2 603 418 0 0 0 0 1 1 26 996 0 0 0 0 0 1 0 10 1013 0 
683 205 8 7 20 5 0 96 550 321 25 6 19 7 0 96 564 307 25 6 20 6 0 96 
907 112 5 0 0 0 0 0 789 216 17 2 0 0 0 0 781 228 14 1 0 0 0 0 
978 45 1 0 0 0 0 0 931 92 1 0 0 0 0 0 951 72 1 0 0 0 0 0 
959 58 7 0 0 0 0 0 923 89 11 1 0 0 0 0 904 109 10 1 0 0 0 0 
981 37 6 0 0 0 0 0 961 54 9 0 0 0 0 0 958 59 7 0 0 0 0 0 
698 271 37 4 7 6 1 0 492 356 145 15 3 8 5 0 570 341 88 11 3 8 3 0 
428 473 89 22 8 3 1 0 139 486 322 51 17 8 1 0 365 501 113 28 11 5 1 0 
125 376 382 81 40 12 8 0 57 191 375 306 63 24 8 0 115 345 411 93 36 15 9 0 
51 264 527 158 24 0 0 0 14 123 394 408 83 2 0 0 85 357 381 196 5 0 0 0 
36 259 404 251 61 13 0 0 11 177 434 275 111 16 0 0 88 401 359 143 28 5 0 0 
10 64 158 260 238 264 30 0 4 59 269 297 258 124 13 0 22 91 249 326 182 119 35 0 
9 83 235 173 162 261 94 7 4 60 256 352 197 123 27 5 38 231 203 172 170 178 31 1 
45 180 246 193 199 102 37 22 16 93 313 222 245 77 48 10 91 268 191 292 96 41 40 5 
101 220 218 150 256 75 3 1 100 319 315 159 96 22 12 1 105 220 297 328 57 14 3 0 
285 337 163 90 84 57 8 0 99 359 389 132 25 14 5 1 363 321 174 88 55 19 3 1 
49 98 151 159 308 241 18 0 131 386 279 162 54 9 3 0 104 173 207 338 181 18 3 0 
28 62 110 165 330 246 69 14 81 223 261 228 137 80 13 1 70 110 213 312 228 69 22 0 
22 71 90 123 291 204 141 82 38 153 244 209 168 96 71 45 67 103 117 237 225 137 62 76 
30 61 115 404 210 125 65 14 9 126 233 231 329 72 24 0 55 115 286 371 99 71 27 0 
51 242 313 265 86 20 46 1 29 115 227 188 421 36 5 3 89 248 247 296 84 46 14 0 
177 157 139 208 185 111 33 14 134 150 176 163 191 161 40 9 211 138 135 245 202 44 42 7 
151 225 183 105 90 96 138 36 81 161 254 145 94 111 154 24 184 256 149 81 89 114 134 17 
440 256 131 68 23 27 69 10 257 231 220 118 74 28 59 37 486 239 71 71 46 28 66 17 
269 288 155 47 54 171 27 13 192 291 328 160 42 11 0 0 357 288 105 107 123 30 14 0 
297 360 173 104 53 33 4 0 108 182 289 227 125 72 18 3 303 324 169 98 85 43 2 0 
79 225 190 136 154 128 84 28 18 69 223 219 178 172 119 26 65 172 209 146 161 126 124 21 
48 139 271 183 112 73 100 98 13 42 104 213 266 134 98 154 30 149 230 174 147 86 88 120 
5 48 206 181 86 71 118 309 0 2 19 170 226 128 104 375 2 24 119 197 159 78 105 340 
2 44 169 169 127 113 115 285 0 8 50 175 198 128 123 342 8 71 159 152 114 112 103 305 
3 66 169 167 125 90 180 224 0 8 79 177 177 118 157 308 3 90 168 137 115 98 151 262 
26 77 45 66 124 116 176 394 1 49 73 55 105 142 126 473 20 80 48 69 116 106 144 441 
0 25 62 73 78 65 193 528 0 1 47 65 88 71 143 609 0 20 60 62 77 63 122 620 
0 2 49 127 142 131 230 343 0 1 15 82 153 141 185 447 0 1 30 98 147 135 180 433 
10 19 91 122 114 99 191 378 6 15 34 110 123 125 133 478 5 13 83 103 83 116 124 497 
53 32 15 28 44 392 107 353 43 38 17 20 48 329 161 368 17 55 21 12 47 118 377 377 
203 145 93 96 93 167 123 104 140 160 94 91 100 159 163 117 96 222 110 116 140 131 123 86 
807 63 21 8 20 24 28 53 781 86 22 7 16 29 22 61 728 138 25 10 20 21 23 59 
329 45 45 77 186 342 0 0 305 59 24 30 115 478 13 0 299 61 45 65 114 77 363 0 
108 10 1 24 60 813 8 0 103 13 3 18 18 767 102 0 72 39 8 3 22 48 804 28 
43 11 11 6 27 922 4 0 39 12 12 7 10 904 40 0 20 27 9 9 7 7 933 12 
0 0 0 0 251 773 0 0 0 0 0 0 9 1009 6 0 0 0 0 0 0 9 1011 4 
0 0 0 0 262 762 0 0 0 0 0 0 2 1022 0 0 0 0 0 0 0 6 1017 1 
783 118 17 8 2 0 0 96 688 189 37 12 2 0 0 96 703 185 30 8 2 0 0 96 
963 48 7 3 3 0 0 0 928 79 10 3 2 2 0 0 914 89 12 5 2 2 0 0 
960 62 2 0 0 0 0 0 876 145 3 0 0 0 0 0 892 129 3 0 0 0 0 0 
975 49 0 0 0 0 0 0 953 71 0 0 0 0 0 0 964 60 0 0 0 0 0 0 
902 118 4 0 0 0 0 0 814 192 18 0 0 0 0 0 843 174 7 0 0 0 0 0 
769 233 21 1 0 0 0 0 582 281 154 7 0 0 0 0 665 276 79 4 0 0 0 0 
309 435 152 14 10 16 41 47 90 364 394 61 8 20 32 55 223 412 255 17 10 18 25 64 
256 456 199 46 26 17 5 19 90 309 362 162 46 23 16 16 169 399 326 53 29 18 10 20 
194 396 240 111 16 11 24 32 81 159 304 291 114 17 20 38 183 387 276 96 10 16 9 47 
139 338 189 119 154 65 9 11 93 411 307 102 71 17 11 12 206 319 189 179 97 16 7 11 
154 352 269 84 75 36 22 32 102 224 404 208 30 12 24 20 179 351 283 114 38 14 13 32 
64 159 223 119 207 147 44 61 76 295 289 160 121 36 14 33 120 219 335 186 81 32 21 30 
52 84 200 239 216 146 53 34 33 145 392 307 117 26 4 0 74 155 419 255 86 32 3 0 
56 203 236 143 137 218 31 0 75 300 355 237 49 8 0 0 114 327 413 146 21 3 0 0 
182 197 71 43 155 250 97 29 95 192 319 160 142 105 9 2 183 182 229 151 157 103 15 4 
111 158 103 143 268 196 36 9 152 198 235 256 119 53 10 1 154 140 231 325 132 34 7 1 
153 136 91 164 254 159 48 19 139 175 170 193 257 64 14 12 234 120 138 330 134 43 16 9 
7 60 152 156 323 266 60 0 128 301 253 156 133 46 7 0 60 175 287 275 170 52 5 0 
10 74 45 97 218 305 230 45 74 329 270 201 119 27 4 0 61 91 118 182 226 264 82 0 
275 305 142 83 59 56 71 33 253 203 219 170 77 59 43 0 336 227 192 95 44 59 60 11 
240 204 192 103 111 157 15 2 190 329 237 180 63 16 8 1 297 145 165 188 187 30 11 1 
190 208 179 180 146 65 47 9 211 259 199 158 112 52 23 10 294 238 243 95 71 61 19 3 
258 270 108 69 159 116 24 20 343 408 177 29 21 41 5 0 450 179 78 172 87 32 25 1 
205 155 155 96 186 219 8 0 267 320 255 132 24 26 0 0 231 143 203 318 109 20 0 0 
29 53 135 180 295 254 57 21 123 211 326 221 108 22 13 0 46 74 225 302 229 118 18 12 
36 89 79 124 204 274 134 84 61 159 305 239 91 69 31 69 73 88 104 180 231 199 76 73 
10 68 75 55 58 490 211 57 38 337 389 156 50 13 19 22 39 94 173 187 250 220 24 37 
37 65 89 134 151 308 183 57 19 166 276 219 183 86 56 19 30 97 197 250 226 139 37 48 
5 70 93 65 69 330 297 95 29 342 249 116 52 63 130 43 27 138 404 175 67 43 97 73 
0 9 29 29 68 359 323 207 3 84 286 188 109 120 143 91 0 14 161 202 190 168 140 149 
0 0 9 38 57 123 338 459 0 1 74 159 125 118 206 341 0 0 21 130 140 127 208 398 
0 0 4 32 77 220 255 436 0 42 174 129 96 79 109 395 0 8 170 168 94 80 115 389 
0 4 120 157 153 151 220 219 0 1 17 145 198 138 173 352 0 15 183 171 99 100 199 257 
6 53 148 135 120 86 157 319 0 1 45 144 167 137 125 405 0 26 133 150 131 100 106 378 
0 16 142 126 122 93 221 304 0 0 24 146 154 122 163 415 0 31 132 109 116 82 162 392 
0 0 57 75 86 127 237 442 0 0 2 62 110 120 175 555 0 0 32 80 79 113 180 540 
0 6 85 100 83 116 173 461 0 0 2 61 140 134 159 528 0 10 86 85 80 98 111 554 
6 24 212 278 218 95 86 105 5 10 19 97 305 312 102 174 4 50 195 180 240 137 85 133 
53 13 29 59 76 228 356 210 55 10 10 35 77 162 319 356 30 34 26 51 65 102 295 421 
137 65 34 22 50 259 221 236 112 72 43 25 31 246 173 322 45 118 56 25 25 51 276 428 
24 23 20 19 26 378 449 85 22 24 20 16 23 327 482 110 4 30 21 18 20 32 476 423 
122 49 15 9 37 389 389 14 130 38 20 6 30 222 540 38 57 95 25 13 11 49 332 442 
553 308 53 11 3 6 0 90 346 381 177 20 4 1 5 90 425 389 94 17 3 6 0 90 
875 75 31 16 7 19 1 0 846 90 41 18 9 18 2 0 840 94 42 13 14 11 10 0 
678 122 59 14 12 24 111 4 616 153 80 21 13 21 113 7 605 174 77 12 13 15 81 47 
508 137 93 45 37 127 77 0 491 85 73 92 46 105 123 9 482 105 118 49 44 56 139 31 
409 144 123 41 64 111 131 1 365 121 74 120 49 102 188 5 379 124 110 81 35 90 164 41 
141 146 224 163 90 112 101 47 70 105 130 222 168 109 153 67 82 161 220 155 109 85 125 87 
17 38 178 87 104 187 340 73 5 17 43 197 101 143 363 155 7 22 140 116 85 117 253 284 
29 84 85 83 65 71 280 327 21 63 85 73 82 71 250 379 21 60 95 83 64 53 124 524 
72 111 191 149 91 108 195 107 61 43 42 197 187 136 186 172 83 48 181 155 102 107 151 197 
0 11 141 144 117 123 192 296 0 9 26 68 216 139 175 391 0 18 146 111 103 109 138 399 
0 13 206 235 138 90 138 204 0 10 62 156 278 167 158 193 0 21 191 230 146 87 128 221 
2 29 139 167 171 96 125 295 3 38 165 228 130 51 99 310 6 62 258 204 62 39 111 282 
5 90 249 166 168 84 101 161 12 54 259 313 83 42 93 168 16 98 366 191 56 32 79 186 
18 108 243 180 186 231 23 35 46 244 238 244 158 36 19 39 35 237 464 145 78 16 16 33 
3 52 177 188 218 269 34 83 8 143 292 260 185 46 22 68 40 173 468 171 65 17 21 69 
0 17 131 183 251 270 106 66 0 65 329 364 151 73 37 5 29 154 303 284 141 76 32 5 
0 2 29 59 238 629 67 0 61 413 272 173 81 19 5 0 9 170 442 265 112 26 0 0 
67 72 137 162 169 224 142 51 59 146 311 278 157 51 22 0 128 158 298 229 163 27 18 3 
29 72 138 182 198 200 142 63 22 183 395 247 121 53 3 0 82 143 229 196 236 72 62 4 
70 95 109 151 159 250 134 56 90 154 226 218 193 97 43 3 111 99 173 140 210 188 76 27 
114 115 128 172 218 240 28 9 129 303 247 200 121 20 4 0 162 163 167 153 233 126 17 3 
195 115 110 134 132 175 115 48 244 343 145 71 140 67 14 0 251 129 128 121 203 100 78 14 
297 125 105 87 131 215 53 11 338 334 217 79 37 13 6 0 327 149 194 156 149 32 17 0 
28 31 92 126 167 413 144 23 92 365 307 198 59 3 0 0 49 83 314 258 288 31 1 0 
74 133 137 110 86 260 185 39 106 330 296 149 112 28 3 0 142 137 325 267 123 23 7 0 
31 56 67 125 104 297 281 63 55 247 322 189 138 41 24 8 73 102 313 301 168 42 23 2 
0 4 16 8 61 503 338 94 61 572 220 109 41 21 0 0 19 160 562 161 99 23 0 0 
0 5 20 90 171 431 261 46 9 187 367 276 115 55 15 0 17 116 379 361 111 39 1 0 
2 15 95 179 208 401 117 7 90 355 246 228 85 17 3 0 20 354 483 135 28 4 0 0 
20 67 172 148 159 287 153 18 31 174 317 255 174 71 2 0 58 244 346 259 97 20 0 0 
1 20 32 102 249 352 211 57 19 342 296 238 85 30 14 0 11 183 377 259 140 39 15 0 
0 2 6 17 160 614 199 26 12 446 422 106 35 3 0 0 2 102 681 197 37 5 0 0 
2 44 166 134 173 327 160 18 20 182 356 269 124 60 13 0 17 167 415 267 117 41 0 0 
63 137 207 191 163 100 137 26 25 155 269 230 152 65 112 16 62 186 204 182 154 76 114 46 
131 303 199 80 44 30 55 182 15 83 302 196 111 62 49 206 68 294 213 106 70 32 44 197 
39 273 265 97 72 73 171 34 9 45 240 246 151 74 136 123 28 217 255 148 84 54 112 126 
19 141 205 246 99 108 177 29 1 8 126 194 285 124 159 127 12 129 228 209 111 96 148 91 
9 60 138 225 172 132 226 62 1 22 75 141 220 174 205 186 7 50 153 202 176 137 148 151 
1 67 66 135 100 140 341 174 0 0 49 117 135 133 234 356 0 21 89 143 84 101 219 367 
0 6 36 51 40 122 434 335 0 0 9 48 54 95 315 503 0 2 34 48 34 80 213 613 
1 14 28 43 48 84 454 352 1 5 16 40 54 65 387 456 1 8 23 25 49 46 211 661 
8 12 12 28 56 393 314 201 5 13 11 18 42 299 386 250 1 12 12 18 40 93 470 378 
283 419 196 12 9 9 14 82 173 285 348 95 13 8 18 84 244 419 231 15 9 3 21 82 
454 425 104 10 9 12 10 0 332 224 263 165 16 11 13 0 365 304 249 69 11 7 18 1 
11 38 114 120 134 235 371 1 8 25 97 118 99 186 478 13 8 30 91 108 98 131 378 180 
16 127 161 140 152 293 127 8 6 27 125 169 148 219 298 32 6 54 121 145 147 163 309 79 
44 247 185 114 97 136 174 27 1 19 252 216 126 132 184 94 7 155 239 124 110 106 134 149 
0 58 98 67 72 154 425 150 0 5 91 110 52 137 385 244 0 56 99 58 52 100 209 450 
10 135 204 78 69 96 296 136 2 6 119 209 108 99 198 283 2 87 215 110 69 77 171 293 
9 67 172 95 65 80 190 346 1 12 88 168 109 87 161 398 10 70 118 131 66 70 120 439 
20 167 288 83 74 138 158 96 0 20 158 229 169 101 180 167 11 94 294 138 67 84 176 160 
102 149 267 96 97 41 54 218 8 82 176 271 142 59 34 252 114 188 248 116 58 26 56 218 
26 165 327 253 109 39 48 57 0 3 112 327 310 140 42 90 27 199 331 235 82 41 36 73 
2 40 265 220 104 51 88 254 0 2 34 192 285 137 63 311 9 66 186 255 106 49 90 263 
9 8 108 148 106 92 107 446 5 6 19 141 151 107 105 490 10 14 135 111 91 101 100 462 
0 8 45 149 127 67 87 541 0 5 59 68 192 69 62 569 1 25 184 118 52 38 83 523 
1 9 128 103 106 230 208 239 22 128 46 113 152 107 203 253 1 85 259 94 82 97 174 232 
18 206 238 187 157 103 60 55 7 166 373 155 113 87 60 63 122 352 232 99 82 48 53 36 
11 91 230 199 182 116 19 176 20 154 284 237 92 45 24 168 95 275 277 109 62 22 28 156 
9 56 97 176 233 265 179 9 37 284 313 219 123 44 4 0 91 207 417 212 73 24 0 0 
3 55 81 127 186 363 165 44 34 499 280 163 34 11 3 0 40 200 442 215 108 8 11 0 
0 1 18 33 156 500 261 55 24 297 384 215 74 30 0 0 8 56 235 235 318 154 18 0 
72 73 137 171 184 347 40 0 108 306 219 138 162 80 11 0 83 94 139 209 383 105 11 0 
396 158 191 112 105 53 9 0 358 111 152 155 146 86 15 1 395 152 169 157 104 39 7 1 
475 168 93 59 54 75 84 16 396 254 125 128 89 29 3 0 517 145 94 72 94 71 31 0 
154 105 76 89 83 328 179 10 230 299 327 126 38 4 0 0 235 123 329 260 62 15 0 0 
0 0 1 11 93 552 339 28 141 527 274 64 14 4 0 0 3 290 562 144 23 2 0 0 
4 30 94 160 204 314 192 26 32 408 217 196 104 55 11 1 41 166 481 198 83 38 17 0 
44 99 135 175 223 222 88 38 52 280 329 219 105 14 16 9 89 302 341 174 77 17 11 13 
8 12 25 70 208 472 171 58 35 382 241 149 140 68 9 0 44 171 444 163 144 47 11 0 
2 17 58 118 236 433 130 30 120 480 304 105 12 3 0 0 54 407 427 123 10 3 0 0 
19 118 171 203 233 157 92 31 54 257 313 227 136 31 6 0 80 267 326 205 120 22 4 0 
37 119 150 114 137 360 88 19 156 427 192 142 76 30 1 0 101 285 361 157 74 38 8 0 
1 34 99 133 252 411 79 15 109 341 327 165 54 22 6 0 54 291 438 171 54 15 1 0 
0 5 62 153 282 381 120 21 53 336 324 174 96 28 11 2 17 251 413 213 98 22 10 0 
0 2 57 77 226 411 210 41 6 201 452 271 84 10 0 0 10 122 312 380 158 35 7 0 
138 202 166 124 99 122 120 53 88 139 265 205 175 141 11 0 122 207 135 155 146 148 99 12 
482 343 134 49 12 4 0 0 134 574 227 37 24 25 3 0 354 488 114 26 21 18 3 0 
240 320 179 70 33 34 99 49 57 221 336 140 67 44 92 67 151 310 228 96 45 34 55 105 
96 251 135 122 69 84 218 49 10 57 258 129 134 93 158 185 57 234 118 100 130 70 125 190 
276 422 162 74 25 37 28 0 53 202 394 166 100 47 38 24 222 396 170 85 75 28 37 11 
52 279 253 137 110 106 87 0 21 148 265 215 137 92 115 31 58 236 264 172 91 52 121 30 
13 149 202 134 102 142 250 32 0 6 123 195 205 195 249 51 0 64 166 178 130 118 238 130 
9 40 97 123 209 350 129 67 1 126 271 181 147 154 97 47 1 31 99 215 368 131 102 77 
9 102 130 93 75 138 352 125 1 13 144 114 93 110 390 159 1 49 164 95 79 94 237 305 
15 239 167 127 128 137 211 0 1 7 195 227 146 133 300 15 1 87 255 119 129 105 218 110 
14 207 220 60 54 118 320 31 4 34 208 200 71 112 326 69 9 149 240 71 54 63 220 218 
39 341 263 92 81 133 75 0 0 39 256 323 121 108 164 13 2 181 344 163 78 111 120 25 
150 389 251 101 58 14 61 0 56 195 370 226 69 40 68 0 145 381 259 117 24 33 37 28 
42 256 230 57 33 57 202 147 3 51 286 185 76 45 133 245 15 179 226 146 42 38 85 293 
53 377 317 68 32 22 41 114 9 38 222 427 120 40 31 137 37 202 342 217 38 28 24 136 
148 330 450 54 12 16 14 0 37 94 231 356 258 18 20 10 111 242 312 215 103 12 23 6 
43 199 310 151 92 80 100 49 14 31 175 259 238 126 70 111 36 231 277 136 82 99 67 96 
16 188 269 116 75 55 76 229 2 18 114 269 194 88 79 260 15 127 266 159 79 59 70 249 
16 70 143 115 120 92 109 359 8 9 78 147 144 109 107 422 16 74 142 115 117 90 94 376 
24 99 314 238 118 58 73 100 7 15 40 244 314 182 68 154 30 90 262 236 153 78 77 98 
8 44 143 82 77 50 51 569 2 11 61 146 99 65 50 590 11 66 134 93 61 42 46 571 
34 137 220 239 143 66 60 125 2 23 90 259 284 125 66 175 27 170 203 248 119 68 70 119 
69 111 159 144 47 34 100 360 34 103 115 120 126 49 83 394 83 143 144 118 41 34 75 386 
6 20 82 101 132 92 86 505 8 26 49 88 111 121 97 524 15 30 97 79 141 76 83 503 
9 33 41 85 139 208 116 393 9 107 99 123 105 113 134 334 17 37 170 135 105 97 112 351 
24 44 127 216 262 234 66 51 23 198 162 203 212 126 53 47 42 144 278 234 173 81 27 45 
15 61 124 158 284 281 90 11 111 418 242 134 68 41 10 0 85 390 311 146 64 22 6 0 
75 192 180 104 145 240 80 8 40 306 426 196 47 7 2 0 162 302 397 138 17 7 1 0 
2 17 89 114 135 347 245 75 4 178 461 261 78 25 17 0 48 153 335 301 148 21 18 0 
4 25 121 192 281 186 131 84 20 120 238 262 190 134 59 1 29 173 302 233 119 78 76 14 
4 15 59 119 213 348 182 84 54 268 296 226 126 47 7 0 55 135 252 208 180 140 54 0 
10 11 11 34 104 544 259 51 88 621 147 79 57 26 6 0 20 186 543 149 81 28 17 0 
51 137 150 153 173 297 62 1 208 429 223 79 67 18 0 0 173 423 300 87 30 11 0 0 
85 200 181 140 173 175 53 17 135 268 300 171 89 44 14 3 193 266 307 146 77 27 7 1 
134 221 198 163 136 82 83 7 175 304 278 96 97 71 3 0 262 281 234 91 84 64 8 0 
47 96 258 254 175 162 27 5 56 195 241 244 188 87 13 0 70 294 319 178 99 61 3 0 
33 77 145 252 227 192 92 6 31 136 292 263 181 118 3 0 44 157 353 232 142 87 9 0 
12 60 161 248 255 184 79 25 60 137 220 207 263 122 15 0 72 147 259 223 227 77 19 0 
10 38 80 142 235 423 84 12 144 398 256 86 87 47 6 0 55 269 390 159 97 43 11 0 
42 73 143 256 300 174 22 14 64 306 185 168 186 94 17 4 66 207 347 185 147 54 14 4 
14 124 183 116 202 274 92 19 33 351 397 156 64 22 1 0 73 270 393 187 81 19 1 0 
4 43 175 121 248 260 146 27 19 246 459 236 61 3 0 0 26 163 379 330 120 6 0 0 
42 113 194 114 187 239 97 38 17 95 285 310 226 68 22 1 41 113 229 300 219 103 15 4 
109 110 162 155 197 181 82 28 90 249 214 144 237 83 7 0 132 143 189 267 158 77 57 1 
312 254 126 49 36 59 126 62 126 371 234 84 91 101 17 0 283 295 145 46 48 89 106 12 
386 423 148 41 17 4 5 0 116 308 440 138 12 1 6 3 337 436 199 39 3 5 5 0 
595 347 78 4 0 0 0 0 153 406 300 126 39 0 0 0 448 367 152 56 1 0 0 0 
273 342 157 77 139 36 0 0 59 390 381 130 59 5 0 0 160 348 343 145 28 0 0 0 
90 197 154 85 258 212 25 3 116 476 302 62 26 42 0 0 95 234 163 301 156 50 25 0 
217 406 302 68 22 6 3 0 19 177 389 258 156 17 5 3 91 368 275 205 75 7 3 0 
118 578 193 60 8 3 5 59 11 85 493 289 72 9 1 64 75 482 331 60 7 5 20 44 
337 579 73 21 14 0 0 0 28 314 575 77 20 10 0 0 97 637 241 23 16 10 0 0 
132 344 112 63 83 170 119 1 13 158 285 149 85 129 162 43 32 277 203 102 73 102 162 73 
155 380 206 75 48 71 55 34 34 189 309 214 80 65 85 48 104 319 199 164 49 63 72 54 
64 229 106 60 55 67 159 284 10 81 194 122 70 73 114 360 36 189 147 61 48 68 85 390 
96 297 167 97 60 79 91 137 44 63 244 223 105 88 89 168 75 198 225 121 74 70 93 168 
0 49 142 79 40 36 127 551 0 0 3 174 101 45 79 622 0 1 117 129 54 33 64 626 
107 312 268 88 40 44 72 93 35 58 245 268 179 53 62 124 96 256 278 141 43 34 73 103 
134 456 343 43 13 17 17 1 14 93 385 331 155 14 19 13 98 427 356 93 13 21 8 8 
92 209 220 225 114 88 49 27 37 64 173 259 239 134 69 49 75 258 256 186 119 74 38 18 
110 342 165 48 40 22 67 230 1 60 348 197 66 40 35 277 70 357 184 42 46 25 37 263 
68 286 257 195 82 65 53 18 6 40 228 277 204 137 78 54 56 283 252 176 114 56 60 27 
1 36 129 159 93 62 73 471 0 2 35 130 150 137 64 506 3 47 109 117 129 67 64 488 
17 49 87 82 82 79 122 506 7 27 60 90 95 89 125 531 21 60 90 79 75 72 120 507 
52 115 195 226 123 70 69 174 21 57 76 172 286 126 71 215 82 110 226 199 105 56 73 173 
68 87 99 109 100 100 116 345 57 68 83 107 97 129 107 376 91 95 104 104 66 88 138 338 
6 31 63 55 51 53 99 666 3 19 61 60 58 45 79 699 7 33 62 55 54 46 79 688 
6 10 53 154 116 78 117 490 6 16 50 88 156 89 96 523 8 16 86 150 96 72 116 480 
11 23 66 105 131 348 241 99 51 548 241 38 28 17 11 90 58 156 589 73 30 17 10 91 
64 73 114 157 175 269 140 32 91 248 329 172 103 49 28 4 124 192 386 177 89 40 16 0 
18 46 99 193 285 299 67 17 16 271 362 212 90 53 20 0 50 249 496 135 48 32 14 0 
27 50 97 150 191 336 98 75 75 366 236 153 134 43 17 0 91 258 361 161 103 31 19 0 
15 48 75 139 249 399 74 25 216 402 212 117 65 11 1 0 61 378 368 125 78 13 1 0 
11 43 75 80 176 455 163 21 94 527 202 125 63 13 0 0 37 282 501 148 53 3 0 0 
267 201 235 164 73 43 21 20 215 187 203 151 140 82 27 19 295 205 202 150 83 53 18 18 
123 197 231 184 119 147 23 0 136 213 406 178 86 5 0 0 189 253 325 228 29 0 0 0 
355 344 167 54 27 39 32 6 379 336 172 84 47 6 0 0 501 297 108 96 21 1 0 0 
204 194 186 149 162 123 6 0 278 284 184 170 96 12 0 0 306 241 271 135 63 8 0 0 
17 110 225 243 238 168 23 0 36 265 284 227 147 55 10 0 38 316 327 186 98 59 0 0 
26 32 49 63 200 497 141 16 188 504 209 96 25 2 0 0 77 358 448 113 28 0 0 0 
188 180 141 147 152 194 15 7 288 356 158 91 79 50 2 0 307 265 235 104 79 30 4 0 
92 230 243 184 134 80 55 6 75 156 220 210 212 112 32 7 135 201 203 195 179 92 17 2 
116 136 251 220 185 89 22 5 66 170 256 193 192 114 33 0 120 218 304 142 116 75 48 1 
215 326 224 114 83 58 4 0 71 303 295 194 112 45 4 0 162 320 179 145 129 82 7 0 
55 223 211 132 69 313 20 1 28 298 318 235 99 36 8 2 27 139 253 170 299 119 16 1 
105 352 318 160 72 17 0 0 0 38 205 303 337 112 29 0 16 132 255 290 233 82 16 0 
107 218 230 188 110 61 103 7 64 110 238 269 205 120 18 0 63 183 228 234 153 97 65 1 
399 366 168 54 26 9 2 0 184 341 289 129 66 6 8 1 282 350 240 102 39 6 5 0 
391 338 233 45 6 5 6 0 26 214 301 242 206 25 8 2 116 289 225 264 100 23 7 0 
292 288 279 133 32 0 0 0 55 212 263 214 202 76 2 0 107 239 254 207 155 62 0 0 
93 119 169 189 244 194 14 2 103 335 330 163 64 21 7 1 45 123 198 422 212 14 6 4 
434 335 187 38 10 13 4 3 64 285 318 185 147 14 8 3 202 337 223 164 80 11 4 3 
264 455 221 20 0 0 2 62 41 236 445 219 19 0 0 64 197 486 243 34 0 0 8 56 
77 397 203 43 49 71 179 5 8 74 206 365 81 57 186 47 30 141 195 207 152 51 114 134 
122 384 259 71 59 67 52 10 1 35 246 440 112 74 93 23 34 205 386 186 50 53 69 41 
251 470 119 39 41 66 31 7 23 198 477 148 52 42 72 12 76 395 293 100 43 53 48 16 
96 424 210 39 51 69 84 51 24 64 328 305 57 54 119 73 50 262 334 97 38 52 96 95 
158 322 160 37 50 101 132 64 69 169 284 131 52 85 142 92 129 272 217 50 38 70 148 100 
80 291 97 54 39 36 79 348 18 118 290 77 37 40 56 388 37 253 159 66 28 43 40 398 
119 416 236 100 37 33 45 38 24 99 400 254 100 37 58 52 111 399 269 80 35 27 51 52 
190 417 279 57 16 18 33 14 22 165 380 193 185 19 20 40 141 435 177 186 17 16 22 30 
19 148 202 87 34 49 82 403 0 29 163 161 119 41 78 433 16 141 152 100 73 42 69 431 
20 121 221 152 84 51 99 276 0 10 87 189 255 74 56 353 10 83 167 244 81 62 91 286 
161 398 399 58 6 2 0 0 1 81 355 234 333 17 3 0 147 352 230 278 15 2 0 0 
69 340 286 167 45 28 60 29 10 20 205 369 209 96 30 85 49 306 282 154 116 23 35 59 
46 342 279 164 60 32 66 35 3 20 129 373 261 110 54 74 34 282 292 140 121 52 41 62 
8 69 81 117 108 84 67 490 2 5 67 106 130 123 64 527 15 82 93 110 107 68 83 466 
12 29 69 163 190 132 94 335 8 13 28 97 207 214 96 361 15 37 107 130 171 130 91 343 
0 11 56 92 81 61 74 649 0 5 35 62 109 75 64 674 3 24 54 80 92 52 65 654 
7 15 40 56 46 51 91 718 6 18 38 52 53 43 93 721 9 20 44 53 47 44 104 703 
0 0 0 0 0 30 13 981 0 5 16 9 7 7 18 962 0 0 11 17 4 11 15 966 
19 50 79 67 53 125 102 529 18 83 170 83 41 31 82 516 40 70 126 124 37 37 89 501 
23 50 57 87 104 343 105 255 57 267 212 153 73 28 37 197 47 206 328 130 51 20 38 204 
24 80 156 161 176 306 74 47 46 347 272 190 86 36 22 25 80 175 468 163 68 24 16 30 
5 89 172 171 218 295 73 1 70 460 287 134 38 35 0 0 100 246 464 143 41 30 0 0 
111 141 131 142 216 210 70 3 113 250 284 222 115 37 3 0 179 255 337 158 62 30 3 0 
142 290 273 170 92 53 4 0 47 155 233 253 167 131 37 1 152 276 219 179 88 71 39 0 
69 91 200 153 148 305 51 7 135 359 188 169 139 31 3 0 142 191 406 172 95 15 3 0 
21 90 126 169 156 249 199 14 18 299 263 195 179 69 1 0 34 150 474 204 133 29 0 0 
183 150 167 88 67 257 112 0 163 431 259 125 43 3 0 0 212 289 393 102 28 0 0 0 
432 355 161 56 16 3 1 0 259 272 274 132 67 19 1 0 417 300 171 88 39 9 0 0 
253 256 228 181 61 26 18 1 182 157 245 200 182 54 4 0 257 269 214 228 47 8 1 0 
27 187 189 167 201 218 35 0 120 393 289 149 68 5 0 0 44 470 295 159 52 4 0 0 
171 149 124 125 300 119 31 5 107 428 250 91 73 65 10 0 199 345 268 89 73 46 4 0 
171 277 286 177 88 21 4 0 65 215 297 199 140 86 22 0 158 311 252 100 112 73 18 0 
215 307 303 144 45 8 2 0 27 172 249 306 193 63 12 2 92 274 336 195 95 26 5 1 
194 318 266 139 72 34 1 0 27 217 352 164 189 74 1 0 76 250 276 164 200 56 2 0 
363 355 238 67 1 0 0 0 54 241 260 244 179 46 0 0 156 302 272 133 123 37 1 0 
148 290 278 156 104 32 13 3 32 91 269 285 194 128 23 2 78 198 208 208 170 123 35 4 
326 238 211 178 59 9 3 0 166 190 203 202 171 76 16 0 224 178 219 156 124 106 16 1 
578 265 79 54 33 9 6 0 167 451 235 75 50 34 9 3 289 464 123 68 42 31 7 0 
430 359 108 68 59 0 0 0 163 469 233 54 29 66 10 0 253 450 175 39 31 39 37 0 
423 250 163 106 59 23 0 0 295 355 86 81 78 84 44 1 250 376 116 69 63 84 60 6 
225 320 214 137 106 22 0 0 18 112 315 257 152 116 53 1 38 156 323 210 130 91 75 1 
313 553 92 2 0 1 13 50 40 269 529 121 1 0 7 57 187 597 168 8 0 2 12 50 
148 456 98 59 83 98 81 1 7 118 453 126 69 85 133 33 23 397 210 79 79 71 105 60 
127 295 101 50 48 47 139 217 20 182 245 94 46 56 121 260 56 294 136 67 46 40 82 303 
97 293 184 78 81 106 131 54 24 92 264 212 74 108 136 114 49 179 279 128 61 90 105 133 
18 170 130 77 67 29 306 227 2 16 153 173 91 49 185 355 9 46 196 107 81 41 58 486 
15 81 85 51 59 75 285 373 8 55 68 81 55 82 222 453 11 59 101 55 58 63 140 537 
8 123 212 45 40 28 163 405 2 7 120 229 48 39 90 489 4 22 208 141 34 37 56 522 
80 231 125 48 64 128 187 161 39 40 186 154 87 106 206 206 58 86 234 52 75 74 216 229 
131 258 497 88 20 15 15 0 15 55 223 187 469 45 14 16 65 229 228 374 91 16 12 9 
113 279 239 90 40 33 26 204 15 72 290 130 198 66 27 226 75 278 179 144 74 41 18 215 
83 242 239 190 58 39 93 80 13 57 206 205 225 114 75 129 75 257 187 129 151 44 68 113 
112 248 334 89 60 63 63 55 5 69 257 168 268 104 70 83 78 194 195 185 185 60 64 63 
87 331 203 115 37 64 171 16 15 74 354 203 91 61 140 86 99 343 192 87 57 43 134 69 
245 384 151 37 37 53 114 3 97 124 397 136 69 53 122 26 219 397 152 48 33 46 124 5 
146 319 356 172 28 3 0 0 44 84 213 360 266 51 6 0 170 341 310 174 24 4 1 0 
62 228 234 178 104 87 116 15 26 62 218 237 186 116 106 73 64 226 230 180 102 87 112 23 
98 84 208 246 109 94 74 111 62 56 112 188 241 130 110 125 104 94 194 248 116 77 60 131 
4 59 120 153 160 93 103 332 2 14 81 121 174 167 96 369 2 40 95 166 132 141 78 370 
23 117 146 82 69 51 22 514 8 24 98 169 102 74 25 524 28 140 138 84 66 37 33 498 
0 13 47 51 49 62 67 735 0 10 16 62 68 58 66 744 2 15 50 51 56 59 68 723 
0 5 60 186 167 85 94 427 0 7 40 84 188 158 106 441 1 8 83 177 167 76 106 406 
13 95 254 245 135 54 66 162 1 17 86 181 249 207 98 185 13 92 230 233 152 79 51 174 
115 221 394 150 90 23 12 19 23 80 186 352 197 122 39 25 104 241 363 149 98 40 9 20 
285 370 161 63 54 45 20 26 105 266 348 164 58 41 26 16 262 384 185 71 55 31 26 10 
199 256 187 145 77 33 76 51 73 180 261 247 175 85 3 0 158 245 230 154 163 71 3 0 
159 260 307 136 82 55 25 0 48 127 262 327 193 59 8 0 113 162 269 309 127 42 2 0 
262 205 160 106 65 156 70 0 258 404 97 69 142 54 0 0 279 264 242 99 114 26 0 0 
81 145 180 111 133 271 97 6 149 373 185 182 132 2 1 0 80 327 362 203 51 1 0 0 
206 319 396 94 7 2 0 0 64 135 262 196 297 70 0 0 122 193 210 185 257 57 0 0 
78 152 235 104 84 291 67 13 43 346 165 191 197 65 10 7 86 96 443 188 143 59 5 4 
160 134 96 95 91 335 105 8 35 524 256 139 54 14 2 0 88 196 608 102 21 7 2 0 
256 361 218 126 50 11 2 0 84 214 287 211 165 49 14 0 205 317 213 175 85 23 6 0 
488 339 94 46 33 21 3 0 256 358 236 69 40 35 28 2 394 371 132 44 32 31 16 4 
414 328 209 44 23 6 0 0 152 334 258 173 74 25 8 0 298 346 230 105 25 18 2 0 
618 328 48 26 4 0 0 0 131 438 310 96 37 12 0 0 304 418 200 53 42 7 0 0 
740 244 37 3 0 0 0 0 210 485 205 115 9 0 0 0 339 432 136 110 7 0 0 0 
354 327 197 93 49 4 0 0 124 276 302 169 100 47 6 0 144 297 274 161 94 46 8 0 
172 234 297 194 79 33 14 1 8 101 209 283 302 106 14 1 5 52 185 247 296 175 56 8 
113 281 326 197 84 22 1 0 9 64 220 299 285 120 27 0 10 70 217 276 266 148 37 0 
138 443 272 163 8 0 0 0 6 54 357 297 187 123 0 0 8 151 319 254 151 130 11 0 
156 389 288 153 38 0 0 0 0 40 260 329 249 133 13 0 2 46 244 315 217 156 43 1 
210 289 213 202 87 22 1 0 11 137 275 192 192 185 32 0 21 164 234 184 185 159 74 3 
75 482 135 53 44 75 82 78 13 54 355 271 58 54 86 133 27 177 417 96 44 71 64 128 
126 634 139 24 19 15 56 11 3 59 526 302 35 20 39 40 23 326 482 83 16 16 25 53 
159 566 199 13 7 13 65 2 18 98 377 414 31 11 60 15 47 256 482 141 13 10 29 46 
83 402 302 51 41 66 79 0 8 62 276 344 150 56 109 19 29 209 299 261 47 56 93 30 
64 290 282 64 51 85 136 52 1 52 187 349 126 57 132 120 13 160 206 258 76 60 102 149 
143 391 192 74 40 63 95 26 16 101 351 261 83 51 88 73 66 299 205 194 53 53 50 104 
323 359 179 25 22 14 46 56 91 256 301 185 62 16 23 90 245 340 154 140 22 13 26 84 
209 415 255 47 13 16 66 3 45 159 355 226 146 12 62 19 120 355 218 219 23 12 54 23 
134 254 426 96 46 55 13 0 33 116 205 210 335 74 45 6 93 181 235 248 172 51 43 1 
255 375 243 118 15 7 8 3 130 171 339 142 183 43 8 8 240 369 171 119 107 6 7 5 
275 549 133 28 11 4 6 18 128 184 521 132 27 7 6 19 291 541 128 26 9 5 5 19 
53 331 209 81 59 36 24 231 7 39 291 285 80 62 21 239 34 271 271 94 62 38 24 230 
34 59 207 99 51 32 106 436 26 18 68 98 204 54 86 470 33 59 98 135 114 38 56 491 
115 321 283 96 80 61 58 10 25 65 240 284 216 82 73 39 76 256 290 151 120 51 60 20 
108 190 162 77 37 40 42 368 57 46 209 162 80 44 43 383 100 184 146 97 45 33 46 373 
79 219 195 182 77 77 102 93 22 42 219 162 223 116 88 152 57 200 166 206 101 86 71 137 
4 31 122 291 182 92 165 137 1 10 28 79 247 272 163 224 5 25 85 216 249 116 132 196 
69 106 221 265 124 50 65 124 43 39 104 182 237 205 64 150 68 117 189 225 178 60 60 127 
150 245 364 155 48 23 13 26 75 63 157 269 292 108 23 37 132 178 278 264 77 47 21 27 
31 160 269 193 109 66 105 91 9 17 113 302 209 139 79 156 36 122 270 183 146 69 100 98 
13 73 235 261 192 102 105 43 1 8 32 186 317 231 140 109 11 61 225 232 167 138 150 40 
48 238 285 237 134 46 30 6 3 23 100 279 281 205 102 31 44 163 309 222 155 93 25 13 
73 151 226 230 135 83 117 9 34 40 131 121 282 201 141 74 70 130 160 195 185 122 97 65 
298 298 256 110 54 4 3 1 128 193 260 197 205 35 3 3 214 260 235 203 89 19 3 1 
448 252 215 94 13 2 0 0 232 279 150 110 209 43 1 0 415 207 99 149 138 16 0 0 
215 111 93 120 175 291 18 1 209 399 100 78 135 103 0 0 182 411 130 72 123 92 14 0 
191 191 194 146 154 132 10 6 151 330 133 131 119 155 5 0 113 284 232 112 141 105 37 0 
60 202 231 185 158 180 8 0 71 223 279 177 183 87 4 0 45 316 263 157 138 105 0 0 
242 325 318 96 36 6 1 0 32 150 247 224 292 65 14 0 88 226 243 269 160 34 4 0 
310 396 134 81 86 17 0 0 129 275 400 185 18 17 0 0 242 413 291 55 20 3 0 0 
354 294 88 58 132 97 1 0 218 488 242 65 11 0 0 0 325 378 268 52 1 0 0 0 
528 362 116 18 0 0 0 0 202 339 262 178 42 1 0 0 329 364 235 83 13 0 0 0 
200 344 302 108 53 17 0 0 38 167 327 226 167 78 20 1 91 258 293 201 102 65 14 0 
98 353 344 141 85 3 0 0 23 67 298 344 150 125 17 0 57 246 344 187 114 67 9 0 
227 330 298 101 53 15 0 0 91 331 276 182 92 48 4 0 130 354 289 94 89 56 12 0 
179 520 258 48 15 4 0 0 56 409 306 100 126 27 0 0 57 432 303 70 121 41 0 0 
302 369 176 112 64 1 0 0 95 221 310 181 93 114 10 0 79 275 315 139 69 98 49 0 
289 169 200 251 112 3 0 0 38 174 191 146 215 240 20 0 19 185 187 143 144 225 119 2 
190 260 293 204 67 10 0 0 7 117 200 241 263 175 21 0 6 124 183 196 243 212 58 2 
262 240 275 194 52 1 0 0 19 123 192 216 257 204 13 0 2 105 183 177 221 241 94 1 
281 421 230 83 9 0 0 0 24 140 225 273 302 59 1 0 22 119 199 257 294 124 9 0 
478 326 174 41 5 0 0 0 79 306 289 213 115 20 2 0 81 320 267 212 116 26 2 0 
269 575 112 15 18 3 10 22 24 166 443 273 66 18 2 32 69 375 335 175 24 13 1 32 
164 359 149 57 36 64 149 46 42 145 294 172 80 42 138 111 65 266 242 87 77 33 110 144 
209 488 200 34 13 37 43 0 7 145 305 343 127 21 49 27 68 280 321 230 34 18 40 33 
159 328 193 66 34 86 132 26 19 134 202 279 121 50 149 70 39 205 209 229 72 46 119 105 
383 508 84 21 12 14 2 0 24 286 441 203 42 11 15 2 126 537 218 112 15 14 2 0 
274 621 105 9 8 6 1 0 29 195 507 257 22 7 6 1 102 461 397 48 5 9 1 1 
398 463 134 26 3 0 0 0 71 364 373 144 69 3 0 0 262 469 196 88 9 0 0 0 
99 406 362 54 23 15 23 42 25 65 143 432 253 28 21 57 58 121 413 295 49 15 21 52 
83 258 296 35 19 19 28 286 15 60 189 199 216 19 22 304 61 154 214 236 20 21 18 300 
254 528 160 52 12 11 6 1 76 230 472 136 86 13 5 6 179 509 185 112 18 12 7 2 
181 479 163 50 32 51 27 41 21 184 424 186 68 44 51 46 149 477 173 63 33 26 61 42 
218 444 168 33 14 17 15 115 34 152 431 205 48 20 13 121 153 487 195 31 11 18 17 112 
69 125 122 67 37 88 110 406 15 86 109 106 85 69 139 415 61 104 119 92 37 75 114 422 
31 306 350 93 31 43 78 92 0 9 175 358 203 64 65 150 11 154 337 202 89 37 46 148 
44 132 351 245 90 42 106 14 6 30 59 199 390 179 108 53 26 67 213 330 197 56 97 38 
116 333 393 122 32 15 13 0 14 58 176 374 287 78 16 21 86 240 393 197 71 13 16 8 
52 157 259 174 101 77 125 79 20 37 153 218 214 120 101 161 52 111 240 204 100 85 99 133 
52 187 171 96 84 90 227 117 29 27 189 175 117 101 176 210 38 148 183 91 94 94 186 190 
205 409 209 153 40 8 0 0 25 76 334 305 161 108 15 0 129 402 287 116 70 20 0 0 
172 368 222 172 68 8 14 0 6 55 381 211 202 138 27 4 109 397 225 148 106 23 16 0 
10 126 290 267 143 69 81 38 1 3 68 240 291 222 105 94 8 109 226 252 192 107 78 52 
161 296 218 193 115 27 13 1 5 70 246 244 208 181 57 13 105 272 241 170 166 56 12 2 
174 242 258 164 50 29 61 46 46 152 160 148 261 123 42 92 122 236 189 212 114 31 28 92 
536 175 175 71 29 15 23 0 539 155 74 94 88 38 22 14 576 151 122 90 34 18 25 8 
714 220 49 26 15 0 0 0 607 144 199 50 23 1 0 0 665 217 98 38 6 0 0 0 
501 419 70 16 17 1 0 0 284 227 317 174 18 4 0 0 353 316 282 64 9 0 0 0 
531 313 133 40 4 2 1 0 210 288 304 136 80 4 1 1 278 286 285 129 42 3 0 1 
520 327 108 60 9 0 0 0 362 178 250 153 56 25 0 0 436 264 193 51 37 43 0 0 
324 279 290 110 20 1 0 0 244 193 147 117 198 124 1 0 311 216 121 76 193 107 0 0 
378 435 129 79 3 0 0 0 97 225 317 174 127 84 0 0 200 324 200 112 120 68 0 0 
231 350 280 110 36 16 1 0 33 108 339 281 190 57 15 1 72 211 318 249 131 41 2 0 
369 374 165 65 49 2 0 0 45 139 311 220 208 86 15 0 92 283 246 165 149 77 12 0 
177 345 350 134 18 0 0 0 40 115 277 235 268 80 9 0 91 267 244 205 159 56 2 0 
201 466 214 93 46 4 0 0 8 130 406 283 113 72 12 0 47 253 399 167 85 60 13 0 
47 242 439 206 84 6 0 0 7 180 413 283 108 30 3 0 8 221 525 178 74 18 0 0 
20 333 472 183 16 0 0 0 10 312 489 192 21 0 0 0 17 341 472 160 34 0 0 0 
31 343 458 112 45 35 0 0 9 257 510 167 49 32 0 0 12 315 510 112 39 36 0 0 
173 268 320 177 86 0 0 0 34 267 424 151 95 53 0 0 45 256 460 121 88 37 17 0 
218 326 326 141 13 0 0 0 47 119 345 259 172 79 3 0 14 116 316 263 180 94 41 0 
160 398 326 126 14 0 0 0 9 140 356 267 193 57 2 0 1 79 351 265 223 90 15 0 
169 268 335 158 64 30 0 0 6 152 468 235 113 47 3 0 3 100 415 298 128 67 13 0 
165 269 207 117 130 134 2 0 64 80 239 285 215 139 2 0 30 87 212 281 216 162 36 0 
185 604 194 9 0 0 0 32 46 371 421 151 3 0 0 32 50 418 445 78 1 0 0 32 
305 590 128 1 0 0 0 0 36 224 421 329 14 0 0 0 76 329 485 132 2 0 0 0 
127 689 196 8 4 0 0 0 3 41 461 458 56 4 1 0 21 314 544 140 4 1 0 0 
283 570 168 3 0 0 0 0 13 188 545 232 46 0 0 0 77 526 339 80 2 0 0 0 
235 615 144 21 9 0 0 0 14 123 544 297 34 11 1 0 80 488 391 52 8 5 0 0 
324 475 197 25 3 0 0 0 65 291 261 292 109 6 0 0 134 327 310 220 26 7 0 0 
308 481 133 41 51 10 0 0 64 324 421 132 41 35 7 0 122 490 254 56 51 41 10 0 
146 621 194 30 8 3 8 14 74 265 521 120 18 4 9 13 115 532 298 46 6 5 5 17 
212 391 175 41 13 9 16 167 58 318 320 113 19 11 10 175 140 451 177 51 11 7 15 172 
262 506 144 64 27 21 0 0 65 297 461 127 43 26 5 0 160 539 221 56 23 21 4 0 
235 525 160 44 30 27 3 0 31 278 455 130 81 28 20 1 122 532 184 115 30 25 16 0 
308 442 239 33 2 0 0 0 32 221 440 179 149 3 0 0 194 480 195 143 12 0 0 0 
168 252 322 235 46 1 0 0 33 93 221 188 268 219 2 0 101 235 205 248 145 88 2 0 
90 253 431 202 38 9 1 0 5 36 147 306 349 162 14 5 49 165 315 228 224 35 8 0 
135 327 330 83 57 30 42 20 18 78 265 300 218 58 38 49 73 281 287 199 81 35 37 31 
169 314 268 170 93 6 4 0 17 105 253 251 180 187 25 6 122 316 205 144 135 95 7 0 
169 281 231 227 59 21 21 15 23 89 287 159 217 188 26 35 121 288 160 208 171 38 20 18 
118 139 216 220 84 38 101 108 26 70 139 155 216 181 82 155 78 127 176 206 160 51 91 135 
189 387 263 147 38 0 0 0 25 110 285 247 207 144 6 0 126 309 224 189 109 67 0 0 
120 208 312 310 59 10 5 0 5 61 126 213 316 269 29 5 56 157 214 258 226 104 7 2 
174 305 278 145 85 24 7 6 17 76 243 267 220 138 49 14 107 267 239 201 119 74 10 7 
252 323 208 173 63 4 1 0 52 136 299 184 199 137 15 2 215 313 195 185 110 5 1 0 
96 219 308 277 106 17 1 0 22 45 126 230 314 229 56 2 80 169 276 284 139 72 4 0 
108 218 302 275 107 9 5 0 23 93 135 219 268 257 23 6 93 183 252 236 218 39 3 0 
212 382 265 122 29 6 6 2 57 190 239 235 205 80 10 8 132 283 299 193 79 29 9 0 
257 359 333 67 8 0 0 0 59 148 306 287 213 11 0 0 88 223 331 207 167 8 0 0 
299 425 259 37 4 0 0 0 79 157 216 309 254 9 0 0 143 182 192 342 163 2 0 0 
353 404 227 38 2 0 0 0 300 323 206 152 43 0 0 0 355 332 220 115 2 0 0 0 
212 363 328 109 12 0 0 0 273 325 313 103 10 0 0 0 291 367 309 47 10 0 0 0 
379 348 215 75 7 0 0 0 169 266 256 209 119 5 0 0 202 287 265 205 57 8 0 0 
226 354 330 111 3 0 0 0 70 192 198 172 348 44 0 0 97 217 204 235 254 17 0 0 
370 331 248 69 6 0 0 0 75 231 315 134 189 80 0 0 123 336 214 135 157 59 0 0 
311 370 241 88 10 2 2 0 65 257 356 209 113 20 2 2 86 344 319 188 71 13 3 0 
119 395 362 139 9 0 0 0 1 104 374 304 214 27 0 0 23 251 406 221 104 19 0 0 
101 237 245 224 186 30 1 0 5 94 212 254 304 149 6 0 14 105 229 196 210 223 46 1 
223 198 176 176 127 101 23 0 191 184 183 194 123 122 26 1 63 229 208 217 113 120 61 13 
104 133 125 267 182 195 15 3 98 112 153 260 177 198 21 5 21 113 172 272 143 172 121 10 
0 0 16 165 195 647 1 0 0 0 19 177 233 595 0 0 0 0 12 143 175 421 273 0 
110 127 82 83 99 522 1 0 78 146 55 124 113 507 1 0 24 173 66 117 61 362 221 0 
113 51 30 54 342 433 1 0 127 41 27 57 438 334 0 0 37 102 37 29 70 597 152 0 
0 0 8 66 477 473 0 0 0 0 4 48 488 484 0 0 0 0 0 13 87 753 171 0 
116 125 107 56 154 466 0 0 97 132 111 51 154 479 0 0 19 164 135 55 83 360 208 0 
77 603 267 38 7 0 0 32 46 373 385 161 23 4 0 32 36 401 452 80 23 0 0 32 
157 634 213 20 0 0 0 0 43 237 453 220 70 1 0 0 36 273 464 234 17 0 0 0 
102 442 413 66 1 0 0 0 15 173 330 401 104 1 0 0 14 203 411 375 21 0 0 0 
228 428 333 34 1 0 0 0 46 203 260 239 276 0 0 0 80 277 256 274 137 0 0 0 
235 522 230 34 3 0 0 0 53 177 249 446 87 12 0 0 94 226 356 325 23 0 0 0 
169 426 277 126 26 0 0 0 15 196 387 280 122 22 2 0 33 317 370 191 86 24 3 0 
72 379 425 123 23 2 0 0 7 65 349 439 139 21 4 0 19 229 490 203 62 21 0 0 
118 331 421 128 21 5 0 0 37 159 368 360 80 18 2 0 65 245 445 201 44 14 10 0 
123 422 259 99 50 45 26 0 29 247 365 200 98 45 40 0 67 341 265 185 74 34 53 5 
129 432 328 30 27 62 16 0 45 171 196 279 239 52 40 2 72 239 170 394 51 33 60 5 
126 282 535 64 12 2 3 0 27 90 111 317 444 26 5 4 79 120 308 389 122 4 2 0 
105 275 522 109 12 1 0 0 52 150 188 211 379 42 2 0 96 187 286 323 129 3 0 0 
142 422 369 91 0 0 0 0 35 75 236 336 300 42 0 0 86 237 356 252 92 1 0 0 
68 456 434 39 15 11 1 0 5 43 185 478 227 69 15 2 38 223 429 196 104 26 8 0 
77 334 456 149 8 0 0 0 1 19 147 285 390 181 1 0 15 160 278 260 295 16 0 0 
35 372 480 125 12 0 0 0 0 5 134 456 332 96 1 0 16 210 432 281 84 1 0 0 
54 261 378 263 58 7 3 0 5 52 130 194 378 240 22 3 34 181 180 313 225 85 6 0 
101 226 247 338 108 4 0 0 15 55 133 213 234 323 51 0 57 147 230 212 227 108 43 0 
150 325 317 176 51 5 0 0 64 177 319 149 178 134 3 0 121 313 234 126 171 59 0 0 
93 437 350 117 19 8 0 0 24 236 478 222 46 10 8 0 119 507 303 72 11 9 3 0 
152 516 211 73 69 3 0 0 6 104 384 320 88 76 46 0 120 420 280 66 58 76 4 0 
68 283 279 185 138 44 19 8 6 45 216 240 225 179 87 26 39 189 288 211 113 110 55 19 
115 319 261 155 153 21 0 0 35 142 377 185 135 129 21 0 109 375 232 99 120 86 3 0 
22 263 412 188 76 41 22 0 14 109 403 268 121 94 15 0 46 351 355 143 82 45 2 0 
68 287 378 227 58 5 1 0 98 326 397 159 42 2 0 0 139 377 351 128 27 2 0 0 
278 296 265 134 50 1 0 0 198 294 221 146 141 24 0 0 184 282 222 135 151 45 5 0 
194 432 162 34 166 36 0 0 44 250 329 149 219 32 1 0 113 369 162 157 164 46 13 0 
65 199 315 112 325 8 0 0 26 175 307 193 319 4 0 0 47 168 320 145 271 73 0 0 
130 124 228 361 141 34 4 2 124 115 265 340 115 50 10 5 94 131 281 303 109 64 31 11 
422 183 203 133 47 25 11 0 388 186 233 129 41 30 17 0 277 212 248 151 67 31 35 3 
45 151 365 245 205 12 1 0 51 169 428 230 133 12 1 0 39 173 306 250 199 55 2 0 
4 108 348 222 337 5 0 0 7 226 271 253 265 2 0 0 5 157 269 193 296 104 0 0 
280 217 207 107 167 46 0 0 262 280 200 83 196 3 0 0 166 300 221 106 92 139 0 0 
7 33 265 212 265 240 2 0 0 10 252 267 463 32 0 0 1 13 154 282 149 421 4 0 
27 36 4 119 398 440 0 0 22 38 12 103 457 392 0 0 3 40 20 33 152 683 93 0 
488 164 58 35 101 178 0 0 441 190 59 45 97 192 0 0 213 371 75 55 53 204 53 0 
76 94 21 28 106 699 0 0 93 76 27 25 237 566 0 0 17 94 64 26 27 522 274 0 
0 0 0 8 282 734 0 0 0 0 0 9 313 702 0 0 0 0 0 0 58 481 485 0 
149 140 16 16 194 504 5 0 135 148 20 13 194 505 9 0 24 240 36 8 46 252 418 0 
41 43 14 23 163 740 0 0 57 33 10 22 276 626 0 0 2 66 24 11 41 575 305 0 
0 1 20 125 359 518 1 0 0 1 27 115 438 443 0 0 0 0 5 71 150 698 100 0 
195 78 73 95 257 326 0 0 165 80 99 89 276 315 0 0 38 196 90 74 104 426 96 0 
111 632 239 10 0 6 16 10 72 553 262 98 7 2 8 22 36 520 346 87 3 1 14 17 
24 395 542 63 0 0 0 0 18 389 559 58 0 0 0 0 8 334 591 91 0 0 0 0 
139 523 336 26 0 0 0 0 153 516 331 24 0 0 0 0 88 520 390 26 0 0 0 0 
86 567 332 32 7 0 0 0 55 449 384 92 42 2 0 0 24 442 440 96 20 2 0 0 
38 430 468 78 10 0 0 0 19 328 552 100 24 1 0 0 20 326 560 97 17 4 0 0 
42 366 477 122 12 5 0 0 8 54 356 477 112 12 5 0 17 175 515 231 55 25 5 1 
26 381 465 129 14 9 0 0 0 28 471 442 68 13 2 0 5 210 506 196 70 27 10 0 
7 229 510 199 57 21 1 0 2 15 278 511 160 49 9 0 5 132 400 286 136 50 14 1 
36 394 455 98 27 9 5 0 5 72 405 415 86 28 13 0 24 286 512 132 48 11 9 2 
87 403 380 92 22 28 12 0 25 204 370 215 157 33 17 3 60 340 346 182 48 26 22 0 
76 333 408 132 27 35 13 0 34 87 275 288 243 62 31 4 48 158 376 194 186 29 30 3 
42 242 523 180 30 4 3 0 13 86 203 293 354 65 6 4 33 142 326 297 211 9 5 1 
94 325 303 186 85 20 11 0 2 88 403 239 184 91 13 4 41 380 252 148 180 17 6 0 
48 287 340 198 33 37 80 1 10 97 344 191 212 68 92 10 37 178 322 208 153 35 82 9 
57 410 328 148 81 0 0 0 26 91 469 294 135 8 1 0 40 390 370 192 31 1 0 0 
56 420 343 163 42 0 0 0 12 84 409 239 225 55 0 0 21 347 299 202 153 2 0 0 
72 399 416 101 33 3 0 0 12 151 527 242 50 28 14 0 60 406 439 66 25 24 4 0 
103 356 342 160 55 8 0 0 51 188 428 271 30 35 21 0 50 320 429 152 29 41 3 0 
88 301 410 201 22 2 0 0 60 326 469 153 13 3 0 0 68 384 444 119 7 2 0 0 
5 175 582 217 39 6 0 0 17 256 564 154 28 5 0 0 35 321 500 143 20 5 0 0 
50 280 470 179 26 9 7 3 23 127 484 308 54 15 7 6 66 287 451 151 27 22 12 8 
206 335 282 131 45 20 5 0 158 325 336 114 58 20 13 0 67 407 315 110 70 32 18 5 
219 235 264 142 100 42 20 2 203 248 265 140 93 46 25 4 136 250 275 125 122 59 43 14 
0 28 203 167 424 190 12 0 3 66 183 166 447 150 9 0 7 61 170 91 275 355 65 0 
2 20 40 62 463 419 18 0 3 26 41 83 630 228 13 0 2 21 39 61 156 699 46 0 
224 145 44 24 300 259 25 3 231 141 41 38 438 111 21 3 116 214 67 36 151 405 31 4 
0 0 0 0 320 703 1 0 0 0 0 2 941 81 0 0 0 0 0 0 66 954 4 0 
0 0 0 1 659 364 0 0 0 0 0 1 883 140 0 0 0 0 0 1 87 911 25 0 
266 136 57 76 318 171 0 0 239 137 74 61 477 36 0 0 168 155 92 52 136 418 3 0 
382 98 24 43 421 56 0 0 390 92 26 52 445 19 0 0 283 170 38 24 102 404 3 0 
0 0 2 13 683 325 1 0 0 0 3 24 925 71 1 0 0 0 1 2 98 907 15 1 
0 0 0 4 659 361 0 0 0 0 0 10 922 92 0 0 0 0 0 1 71 948 4 0 
200 176 33 23 238 354 0 0 209 175 29 21 479 111 0 0 75 267 58 24 38 543 19 0 
0 0 0 1 379 633 11 0 0 0 0 1 801 217 5 0 0 0 0 0 52 927 43 2 
30 57 37 44 424 432 0 0 25 52 37 45 658 207 0 0 1 44 48 23 114 744 50 0 
393 215 65 49 172 130 0 0 366 217 67 58 135 181 0 0 124 376 110 55 62 198 99 0 
80 144 53 66 367 314 0 0 93 109 66 42 320 394 0 0 11 125 96 50 47 450 245 0 
4 28 5 60 340 587 0 0 1 28 7 54 275 654 5 0 0 15 18 6 130 352 503 0 
59 283 120 37 130 374 21 0 47 241 147 54 155 341 39 0 2 162 182 123 49 242 259 5 
3 90 143 61 114 545 68 0 4 83 150 69 202 444 72 0 0 23 154 88 82 294 368 15 
3 133 199 81 168 399 41 0 2 188 153 92 169 366 54 0 0 64 213 111 113 142 377 4 
70 222 286 119 128 176 23 0 56 257 261 118 118 185 29 0 11 166 325 116 151 69 184 2 
35 447 426 79 8 16 9 4 36 450 419 82 10 14 9 4 26 325 478 147 19 16 9 4 
16 459 476 69 4 0 0 0 12 464 475 69 4 0 0 0 4 304 595 112 9 0 0 0 
77 373 318 190 66 0 0 0 74 383 325 181 61 0 0 0 31 328 389 202 74 0 0 0 
12 189 403 347 72 1 0 0 11 176 432 337 66 2 0 0 3 145 448 347 80 1 0 0 
13 192 354 227 205 33 0 0 3 153 368 254 207 39 0 0 2 156 352 261 198 55 0 0 
4 252 414 233 104 13 4 0 0 35 313 484 175 17 0 0 0 86 424 357 129 21 7 0 
16 368 443 122 53 22 0 0 1 66 524 346 74 13 0 0 5 277 521 141 58 22 0 0 
6 367 573 61 16 1 0 0 1 47 621 311 38 5 1 0 3 201 682 114 17 6 1 0 
36 381 426 115 64 2 0 0 2 144 588 223 65 2 0 0 13 261 549 126 71 4 0 0 
106 483 305 92 32 6 0 0 59 277 428 200 48 10 2 0 50 286 480 161 40 7 0 0 
79 320 388 197 39 1 0 0 86 314 384 206 31 3 0 0 90 362 372 185 14 1 0 0 
39 213 362 248 149 13 0 0 45 208 360 284 122 5 0 0 50 256 386 246 81 5 0 0 
24 122 241 316 128 137 56 0 23 124 313 267 129 146 22 0 27 123 287 407 132 37 11 0 
109 382 238 218 56 14 6 1 48 364 297 205 76 21 8 5 8 260 423 209 58 37 19 10 
91 183 416 305 28 1 0 0 101 252 561 94 16 0 0 0 70 249 546 144 15 0 0 0 
5 62 428 381 89 51 8 0 9 91 493 315 66 48 2 0 10 100 495 337 81 1 0 0 
1 22 541 282 175 3 0 0 2 59 613 272 77 1 0 0 5 50 604 259 106 0 0 0 
106 149 323 269 174 3 0 0 85 177 325 298 135 4 0 0 10 218 311 298 176 11 0 0 
88 110 133 324 272 97 0 0 104 109 243 289 279 0 0 0 23 156 155 313 242 135 0 0 
0 0 27 285 436 276 0 0 0 0 55 346 592 31 0 0 0 0 10 243 356 415 0 0 
9 43 17 98 555 302 0 0 13 39 23 134 712 103 0 0 1 35 25 97 270 593 3 0 
407 213 48 56 141 159 0 0 349 253 61 69 194 98 0 0 148 393 109 47 107 207 13 0 
183 80 30 19 129 583 0 0 202 69 26 25 548 154 0 0 128 115 38 21 60 626 36 0 
0 0 0 0 32 951 41 0 0 0 0 0 574 415 35 0 0 0 0 0 2 892 121 9 
0 0 0 0 60 869 95 0 0 0 0 0 403 542 79 0 0 0 0 0 6 855 153 10 
137 205 49 43 55 516 19 0 163 188 46 39 257 318 13 0 45 249 95 33 23 517 60 2 
0 0 0 0 61 938 25 0 0 0 0 0 435 566 23 0 0 0 0 0 8 896 116 4 
0 0 0 7 355 662 0 0 0 0 0 12 823 189 0 0 0 0 0 2 47 957 18 0 
174 249 92 105 247 157 0 0 129 251 99 91 271 181 2 0 41 239 140 85 90 329 100 0 
326 182 51 210 148 107 0 0 315 186 54 54 332 83 0 0 146 260 114 47 54 367 36 0 
8 21 19 348 407 221 0 0 10 17 11 38 781 167 0 0 0 12 17 11 83 832 69 0 
45 60 28 330 483 78 0 0 10 84 23 38 787 82 0 0 1 40 62 27 63 759 72 0 
146 232 137 170 233 106 0 0 105 229 155 100 295 140 0 0 9 195 156 169 86 301 108 0 
32 102 98 158 536 98 0 0 3 117 123 148 342 291 0 0 0 44 122 134 153 274 297 0 
42 95 215 166 439 67 0 0 12 174 191 157 199 291 0 0 0 61 239 159 157 99 309 0 
109 229 277 332 77 0 0 0 51 356 217 234 154 12 0 0 4 243 251 283 94 105 44 0 
67 222 282 301 138 14 0 0 44 304 249 223 168 35 1 0 6 233 231 289 149 115 1 0 
40 272 495 97 104 16 0 0 42 564 223 110 83 2 0 0 2 391 323 161 117 30 0 0 
0 155 633 129 102 5 0 0 18 432 341 145 88 0 0 0 0 215 480 175 145 9 0 0 
0 144 737 64 62 17 0 0 4 551 326 74 64 5 0 0 0 249 593 97 68 17 0 0 
5 475 528 12 4 0 0 0 27 844 132 14 7 0 0 0 6 630 367 17 4 0 0 0 
3 422 552 44 3 0 0 0 19 679 254 69 3 0 0 0 1 407 508 100 8 0 0 0 
