0 0 0 0 0 0 771 253 0 0 0 0 0 0 0 1024 0 0 0 0 0 0 0 1024 
0 0 0 0 0 0 114 910 0 0 0 0 0 0 0 1024 0 0 0 0 0 0 0 1024 
0 0 0 0 0 0 0 1024 0 0 0 0 0 0 0 1024 0 0 0 0 0 0 0 1024 
0 0 0 0 0 0 0 1024 0 0 0 0 0 0 0 1024 0 0 0 0 0 0 0 1024 
0 0 0 0 0 0 0 1024 0 0 0 0 0 0 0 1024 0 0 0 0 0 0 0 1024 
0 0 0 0 0 0 0 1024 0 0 0 0 0 0 0 1024 0 0 0 0 0 0 0 1024 
0 0 0 0 0 0 0 1024 0 0 0 0 0 0 0 1024 0 0 0 0 0 0 0 1024 
0 0 0 0 0 0 10 1014 0 0 0 0 0 0 0 1024 0 0 0 0 0 0 0 1024 
6 18 30 43 74 113 314 426 0 7 24 33 50 78 124 708 9 24 28 51 64 63 139 646 
23 72 121 150 145 136 205 172 3 30 95 124 154 152 133 333 29 65 106 125 126 150 115 308 
7 8 19 21 20 29 155 765 1 6 10 21 19 22 30 915 1 6 9 21 20 20 31 916 
0 0 0 0 0 0 475 549 0 0 0 0 0 0 0 1024 0 0 0 0 0 0 0 1024 
0 5 12 41 68 117 477 304 0 0 7 18 49 87 138 725 5 9 11 49 70 90 113 677 
107 179 163 109 106 76 186 98 26 113 195 144 107 101 82 256 59 167 178 131 83 74 92 240 
105 145 152 135 138 134 106 109 29 114 157 158 131 138 116 181 74 123 143 129 131 134 119 171 
180 156 155 129 118 106 97 83 62 174 142 138 131 119 104 154 94 174 138 122 112 104 106 174 
166 203 189 134 106 85 85 56 44 145 203 190 139 101 78 124 247 179 165 108 83 74 46 122 
402 238 137 92 62 45 26 22 189 314 188 120 78 56 35 44 380 238 134 104 50 46 28 44 
600 184 72 64 50 26 20 8 368 346 114 65 56 35 22 18 637 164 67 59 41 28 20 8 
863 100 38 12 5 5 1 0 541 390 57 20 7 4 4 1 892 81 30 11 4 5 1 0 
804 154 35 14 10 3 4 0 394 508 74 22 14 6 5 1 872 97 27 13 9 3 3 0 
495 312 100 37 23 23 19 15 141 508 200 71 30 24 23 27 633 187 73 37 17 22 20 35 
271 202 99 71 65 85 180 51 80 226 175 99 70 61 84 229 214 191 92 81 64 62 68 252 
72 144 157 150 145 144 154 58 19 86 135 157 150 144 124 209 23 92 127 143 143 126 126 244 
82 160 162 130 95 146 221 28 22 97 186 140 116 86 75 302 22 100 149 154 118 90 64 327 
35 104 121 96 94 173 381 20 4 41 116 117 81 84 128 453 13 71 97 91 79 58 107 508 
0 0 0 0 0 20 1004 0 0 0 0 0 0 0 0 1024 0 0 0 0 0 0 0 1024 
0 0 0 0 0 127 897 0 0 0 0 0 0 0 0 1024 0 0 0 0 0 0 0 1024 
0 0 0 0 0 533 491 0 0 0 0 0 0 0 0 1024 0 0 0 0 0 0 0 1024 
0 0 0 0 0 733 291 0 0 0 0 0 0 0 0 1024 0 0 0 0 0 0 0 1024 
0 0 0 0 0 937 87 0 0 0 0 0 0 0 254 770 0 0 0 0 0 0 0 1024 
0 0 0 0 11 1013 0 0 0 0 0 0 0 0 859 165 0 0 0 0 0 0 0 1024 
0 0 0 0 0 0 67 957 0 0 0 0 0 0 0 1024 0 0 0 0 0 0 0 1024 
0 0 0 0 0 0 0 1024 0 0 0 0 0 0 0 1024 0 0 0 0 0 0 0 1024 
0 0 0 0 0 0 0 1024 0 0 0 0 0 0 0 1024 0 0 0 0 0 0 0 1024 
0 0 0 0 0 0 0 1024 0 0 0 0 0 0 0 1024 0 0 0 0 0 0 0 1024 
0 0 0 0 0 0 0 1024 0 0 0 0 0 0 0 1024 0 0 0 0 0 0 0 1024 
0 0 0 0 0 0 0 1024 0 0 0 0 0 0 0 1024 0 0 0 0 0 0 0 1024 
0 0 0 0 0 0 0 1024 0 0 0 0 0 0 0 1024 0 0 0 0 0 0 0 1024 
0 0 0 0 0 0 0 1024 0 0 0 0 0 0 0 1024 0 0 0 0 0 0 0 1024 
0 0 5 14 31 25 67 882 0 0 1 7 20 28 29 939 0 0 6 22 25 22 40 909 
5 13 15 33 18 31 76 833 2 5 11 24 29 23 31 899 2 6 17 26 26 21 41 885 
0 0 0 0 0 0 0 1024 0 0 0 0 0 0 0 1024 0 0 0 0 0 0 0 1024 
0 0 0 0 0 0 96 928 0 0 0 0 0 0 0 1024 0 0 0 0 0 0 0 1024 
0 0 0 0 0 0 175 849 0 0 0 0 0 0 0 1024 0 0 0 0 0 0 0 1024 
0 0 2 3 8 6 316 689 0 0 0 2 5 7 5 1005 0 0 0 2 3 9 5 1005 
50 53 26 45 32 36 227 555 25 44 42 30 39 34 41 769 7 37 41 35 40 37 35 792 
59 70 80 113 115 145 245 197 18 59 82 87 108 125 156 389 15 43 72 80 120 109 155 430 
151 245 178 139 119 89 58 45 68 189 229 149 143 102 74 70 298 198 145 131 99 68 47 38 
260 233 181 146 104 69 26 5 142 264 214 169 102 78 41 14 434 233 157 86 65 28 14 7 
328 275 164 113 69 39 20 16 187 297 221 131 89 46 27 26 527 214 113 81 36 33 12 8 
802 168 35 8 7 4 0 0 380 533 74 20 10 4 3 0 911 73 23 8 6 3 0 0 
867 134 18 3 2 0 0 0 438 542 35 7 2 0 0 0 974 36 12 1 1 0 0 0 
788 193 23 9 6 2 3 0 270 651 71 19 5 3 4 1 864 122 21 6 6 3 2 0 
310 204 144 103 84 80 66 33 108 234 195 136 102 87 73 89 177 196 147 131 106 81 75 111 
158 249 172 145 108 91 68 33 48 159 229 156 142 109 91 90 78 182 178 162 123 100 92 109 
55 127 117 143 119 145 240 78 11 38 131 119 136 127 142 320 5 25 101 126 123 120 138 386 
6 14 17 26 20 56 852 33 1 5 15 15 25 19 45 899 0 2 15 14 27 17 31 918 
0 0 0 0 0 0 1024 0 0 0 0 0 0 0 0 1024 0 0 0 0 0 0 0 1024 
0 0 0 0 0 0 1024 0 0 0 0 0 0 0 0 1024 0 0 0 0 0 0 0 1024 
0 0 0 0 0 0 1024 0 0 0 0 0 0 0 0 1024 0 0 0 0 0 0 0 1024 
0 0 0 0 0 0 1024 0 0 0 0 0 0 0 0 1024 0 0 0 0 0 0 0 1024 
0 0 0 0 0 37 987 0 0 0 0 0 0 0 0 1024 0 0 0 0 0 0 0 1024 
0 0 0 0 0 294 730 0 0 0 0 0 0 0 49 975 0 0 0 0 0 0 0 1024 
0 0 0 0 0 0 0 1024 0 0 0 0 0 0 0 1024 0 0 0 0 0 0 0 1024 
0 0 0 0 0 0 1 1023 0 0 0 0 0 0 0 1024 0 0 0 0 0 0 0 1024 
0 0 0 0 0 0 0 1024 0 0 0 0 0 0 0 1024 0 0 0 0 0 0 0 1024 
0 0 0 0 0 0 0 1024 0 0 0 0 0 0 0 1024 0 0 0 0 0 0 0 1024 
50 39 95 68 31 20 26 695 15 40 51 93 62 32 20 711 49 42 100 57 34 21 24 697 
72 55 87 94 22 17 19 658 19 61 52 105 80 22 18 667 74 62 84 87 22 17 18 660 
0 8 45 43 13 18 20 877 0 2 11 54 36 19 18 884 3 11 44 35 16 16 17 882 
0 0 0 0 0 0 0 1024 0 0 0 0 0 0 0 1024 0 0 0 0 0 0 0 1024 
0 0 0 0 0 0 0 1024 0 0 0 0 0 0 0 1024 0 0 0 0 0 0 0 1024 
0 0 0 0 0 0 0 1024 0 0 0 0 0 0 0 1024 0 0 0 0 0 0 0 1024 
0 0 0 0 0 0 0 1024 0 0 0 0 0 0 0 1024 0 0 0 0 0 0 0 1024 
0 0 0 0 0 0 0 1024 0 0 0 0 0 0 0 1024 0 0 0 0 0 0 0 1024 
0 0 0 0 0 0 0 1024 0 0 0 0 0 0 0 1024 0 0 0 0 0 0 0 1024 
0 0 0 0 0 2 27 995 0 0 0 0 0 0 12 1012 0 0 0 0 0 0 12 1012 
0 0 2 13 30 41 91 847 0 0 0 7 24 28 53 912 0 0 2 11 27 29 44 911 
14 29 60 92 139 143 220 327 7 20 39 93 130 134 159 442 26 36 63 92 111 115 146 435 
99 190 162 137 138 123 103 72 56 178 162 152 133 138 104 101 220 173 123 116 123 100 91 78 
123 266 228 159 119 73 35 21 74 246 240 169 133 82 43 37 394 225 145 106 71 47 28 8 
374 317 193 81 45 10 2 2 196 385 243 112 60 23 2 3 640 228 95 41 17 0 2 1 
585 270 100 43 22 3 1 0 307 443 177 61 25 10 0 1 751 172 62 25 11 2 1 0 
588 303 79 24 16 4 6 4 215 574 150 42 23 9 3 8 849 112 33 13 7 8 2 0 
622 292 64 23 8 8 2 5 148 657 150 39 10 7 7 6 815 133 38 16 6 6 4 6 
665 280 40 16 12 6 4 1 113 723 122 35 12 10 5 4 835 115 33 18 11 6 4 2 
216 271 141 72 81 67 96 80 48 243 239 114 78 72 67 163 226 209 142 77 69 70 61 170 
49 104 101 76 69 76 187 362 9 47 104 105 79 68 77 535 14 56 105 104 67 68 70 540 
18 37 42 28 35 26 212 626 1 16 40 44 23 37 26 837 1 17 35 46 26 34 29 836 
4 17 15 29 39 46 474 400 0 4 17 20 28 36 59 860 0 3 16 15 30 38 55 867 
0 0 0 0 0 0 688 336 0 0 0 0 0 0 0 1024 0 0 0 0 0 0 0 1024 
0 0 0 0 0 0 900 124 0 0 0 0 0 0 0 1024 0 0 0 0 0 0 0 1024 
0 0 0 0 0 0 960 64 0 0 0 0 0 0 0 1024 0 0 0 0 0 0 0 1024 
0 0 0 0 0 0 1024 0 0 0 0 0 0 0 0 1024 0 0 0 0 0 0 0 1024 
0 0 0 0 0 0 1024 0 0 0 0 0 0 0 0 1024 0 0 0 0 0 0 0 1024 
0 1 27 165 241 112 60 418 0 0 10 87 218 190 68 451 1 21 140 206 128 53 44 431 
0 5 37 116 172 109 123 462 0 2 24 66 151 151 112 518 7 32 53 132 119 91 85 505 
1 24 108 170 109 95 96 421 0 14 73 171 116 104 92 454 49 171 123 66 57 51 68 439 
20 61 128 216 185 91 57 266 6 35 103 186 218 124 70 282 81 158 253 140 49 45 35 263 
122 167 220 279 172 42 14 8 60 148 189 281 229 88 21 8 159 261 335 199 48 12 7 3 
290 120 155 221 162 64 9 3 195 171 127 242 191 82 13 3 270 232 248 198 67 7 2 0 
444 207 174 148 39 8 3 1 192 338 194 192 84 17 4 3 420 285 193 89 26 6 3 2 
367 164 102 49 33 24 21 264 165 252 144 87 49 28 28 271 306 191 122 59 31 23 26 266 
49 18 36 93 65 45 62 656 14 43 21 59 99 52 62 674 38 27 28 88 68 41 62 672 
0 0 0 0 0 0 0 1024 0 0 0 0 0 0 0 1024 0 0 0 0 0 0 0 1024 
0 0 0 0 0 0 0 1024 0 0 0 0 0 0 0 1024 0 0 0 0 0 0 0 1024 
0 0 0 0 0 0 0 1024 0 0 0 0 0 0 0 1024 0 0 0 0 0 0 0 1024 
0 0 0 0 0 0 0 1024 0 0 0 0 0 0 0 1024 0 0 0 0 0 0 0 1024 
0 0 0 0 0 0 0 1024 0 0 0 0 0 0 0 1024 0 0 0 0 0 0 0 1024 
0 4 25 67 129 186 231 382 0 1 16 50 97 170 177 513 0 6 28 50 81 141 178 540 
1 26 77 228 269 183 146 94 0 16 54 209 244 183 138 180 4 36 135 221 184 130 128 186 
15 93 205 222 235 129 84 41 19 104 197 245 219 126 65 49 163 219 284 188 97 42 21 10 
78 267 265 218 111 52 22 11 59 223 289 214 139 58 30 12 363 264 194 120 46 26 8 3 
116 270 250 185 97 52 39 15 71 236 278 202 116 59 40 22 449 237 143 96 55 37 3 4 
210 312 211 127 88 47 19 10 141 306 245 148 87 61 24 12 526 214 129 88 42 16 9 0 
385 349 162 77 34 16 1 0 178 476 200 93 50 21 5 1 711 187 71 39 11 4 1 0 
535 382 69 19 6 9 3 1 162 643 164 28 12 5 8 2 852 119 29 9 11 3 1 0 
637 320 48 14 2 3 0 0 201 676 108 28 6 3 2 0 880 103 31 5 3 2 0 0 
344 368 115 62 57 31 30 17 77 365 301 95 61 47 35 43 396 297 112 60 56 35 26 42 
163 245 151 83 60 72 91 159 21 187 254 117 71 71 70 233 179 187 143 91 63 61 76 224 
33 56 79 71 61 72 133 519 4 30 56 78 76 64 77 639 3 22 54 78 82 57 88 640 
1 12 9 8 13 28 126 827 0 2 13 7 9 16 31 946 0 1 13 7 9 14 27 953 
0 0 0 0 0 0 135 889 0 0 0 0 0 0 0 1024 0 0 0 0 0 0 0 1024 
0 0 0 0 0 0 90 934 0 0 0 0 0 0 0 1024 0 0 0 0 0 0 0 1024 
0 0 0 0 0 0 321 703 0 0 0 0 0 0 0 1024 0 0 0 0 0 0 0 1024 
0 0 0 0 0 0 550 474 0 0 0 0 0 0 0 1024 0 0 0 0 0 0 0 1024 
0 0 0 0 0 0 479 545 0 0 0 0 0 0 0 1024 0 0 0 0 0 0 0 1024 
220 98 144 309 170 60 22 1 83 185 114 243 274 82 39 4 260 134 254 246 74 40 15 1 
275 215 191 177 106 45 14 1 147 274 199 177 135 65 22 5 329 259 203 143 67 16 7 0 
283 284 223 148 62 16 7 1 160 315 229 202 84 23 8 3 367 281 237 85 38 12 3 1 
92 186 294 249 141 39 17 6 58 142 261 286 189 55 23 10 201 282 278 164 59 29 9 2 
21 95 218 343 246 76 21 4 10 75 190 330 286 97 31 5 118 284 339 196 62 21 3 1 
127 230 308 251 81 23 3 1 65 193 329 292 104 31 9 1 263 348 288 89 30 5 1 0 
422 286 167 103 40 6 0 0 237 378 206 112 76 14 1 0 491 282 143 87 19 2 0 0 
633 171 107 79 31 3 0 0 359 392 118 90 55 9 1 0 576 264 106 66 9 3 0 0 
318 238 187 125 72 45 29 10 171 241 229 161 94 63 42 23 260 245 191 141 76 53 37 21 
135 190 133 121 73 62 58 252 31 186 163 134 104 72 57 277 68 249 134 124 66 62 51 270 
19 18 26 41 50 29 43 798 6 17 23 33 54 40 42 809 18 19 29 44 47 23 44 800 
0 0 18 61 60 60 59 766 0 0 9 52 67 62 58 776 0 0 14 54 62 61 53 780 
0 16 88 118 94 75 52 581 0 4 51 127 107 82 54 599 0 17 85 113 90 74 56 589 
2 14 40 72 78 80 84 654 0 6 29 68 85 76 83 677 0 8 47 69 75 78 73 674 
6 18 44 93 165 169 230 299 1 7 35 83 140 160 180 418 5 14 52 94 138 146 147 428 
12 42 118 153 213 187 172 127 8 20 82 138 208 192 176 200 10 28 105 163 188 170 145 215 
27 68 130 179 195 176 150 99 9 55 102 172 184 172 163 167 24 71 129 150 159 174 148 169 
71 225 192 201 162 106 48 19 63 210 165 216 172 117 55 26 298 184 216 167 88 45 15 11 
50 201 251 184 184 95 41 18 42 175 264 183 197 98 46 19 359 230 208 126 61 31 6 3 
187 354 243 141 66 29 3 1 85 368 270 172 84 36 8 1 560 267 125 48 22 2 0 0 
163 366 283 132 43 14 13 10 84 382 329 133 54 16 13 13 586 264 104 35 13 14 8 0 
298 489 159 54 13 8 1 2 98 562 262 63 24 9 4 2 735 214 47 17 9 0 2 0 
338 474 157 42 10 2 1 0 166 478 276 75 20 8 1 0 661 252 76 24 10 1 0 0 
296 317 146 65 63 43 46 48 81 325 257 120 58 63 42 78 237 322 164 81 54 53 42 71 
26 64 65 74 66 78 158 493 4 40 64 73 73 69 95 606 16 45 50 69 63 63 102 616 
21 49 56 48 71 77 147 555 5 33 44 58 57 71 91 665 6 24 48 57 54 66 91 678 
0 0 0 0 0 0 0 1024 0 0 0 0 0 0 0 1024 0 0 0 0 0 0 0 1024 
0 0 0 0 0 0 0 1024 0 0 0 0 0 0 0 1024 0 0 0 0 0 0 0 1024 
0 0 0 0 0 0 0 1024 0 0 0 0 0 0 0 1024 0 0 0 0 0 0 0 1024 
0 0 0 0 0 0 0 1024 0 0 0 0 0 0 0 1024 0 0 0 0 0 0 0 1024 
0 0 0 0 0 0 0 1024 0 0 0 0 0 0 0 1024 0 0 0 0 0 0 0 1024 
0 0 0 0 0 0 199 825 0 0 0 0 0 0 0 1024 0 0 0 0 0 0 0 1024 
940 72 8 3 1 0 0 0 427 566 24 5 2 0 0 0 880 134 6 4 0 0 0 0 
299 272 187 140 74 35 12 5 154 336 205 169 90 48 15 7 393 237 171 129 62 19 11 2 
332 195 158 163 117 43 12 4 241 226 169 157 143 59 24 5 375 194 162 157 93 32 9 2 
279 247 203 149 81 39 21 5 187 273 221 158 109 41 27 8 379 258 170 126 48 31 10 2 
247 258 245 172 65 28 7 2 174 277 249 194 83 34 11 2 381 258 229 102 35 17 1 1 
529 274 162 45 12 2 0 0 368 367 202 68 17 2 0 0 654 245 94 22 9 0 0 0 
852 109 49 12 0 2 0 0 620 315 63 23 1 2 0 0 856 125 35 6 1 1 0 0 
1016 8 0 0 0 0 0 0 745 277 2 0 0 0 0 0 957 67 0 0 0 0 0 0 
408 344 172 77 20 3 0 0 126 484 256 110 44 4 0 0 559 285 129 45 4 2 0 0 
560 244 127 63 29 1 0 0 281 501 155 62 25 0 0 0 553 327 102 39 3 0 0 0 
276 87 138 233 219 69 2 0 127 194 130 175 257 125 16 0 305 156 225 238 93 7 0 0 
10 47 117 409 358 53 17 13 3 20 93 285 421 162 24 16 33 100 340 397 114 18 11 11 
71 151 245 330 161 47 16 3 24 149 213 309 231 72 20 6 117 228 314 242 86 28 8 1 
46 134 188 211 206 139 55 45 25 111 160 235 240 139 59 55 81 144 237 256 139 75 44 48 
49 90 107 184 224 171 113 86 20 83 112 174 233 186 110 106 77 131 184 208 172 90 91 71 
142 125 118 154 171 140 103 71 85 119 133 154 173 155 107 98 160 129 155 168 152 120 71 69 
99 145 238 234 141 74 57 36 59 128 222 255 160 96 54 50 169 239 227 159 90 66 54 20 
78 173 218 242 165 95 42 11 62 191 205 248 171 90 43 14 289 204 243 145 95 33 9 6 
35 141 223 189 128 119 90 99 35 157 214 194 129 108 99 88 268 202 169 123 116 90 52 4 
130 213 249 171 120 83 42 16 105 215 256 182 120 84 48 14 420 235 173 96 60 32 7 1 
405 298 190 84 33 9 5 0 232 381 250 93 50 11 4 3 623 260 91 34 11 5 0 0 
514 318 115 51 16 9 1 0 280 446 179 73 30 10 5 1 605 272 87 40 13 6 1 0 
571 215 108 51 28 19 17 15 336 376 141 79 29 26 19 18 534 229 114 60 34 14 21 18 
351 169 77 95 102 110 68 52 146 304 109 108 97 92 88 80 333 221 126 100 64 65 58 57 
1 11 28 63 80 98 98 645 0 5 23 43 79 99 95 680 22 32 52 71 61 50 74 662 
0 0 8 64 74 53 50 775 0 0 6 60 78 52 53 775 0 2 33 60 60 52 44 773 
0 0 0 0 0 0 2 1022 0 0 0 0 0 0 2 1022 0 0 0 0 0 0 2 1022 
0 0 0 0 0 0 0 1024 0 0 0 0 0 0 0 1024 0 0 0 0 0 0 0 1024 
0 0 0 0 0 0 0 1024 0 0 0 0 0 0 0 1024 0 0 0 0 0 0 0 1024 
0 0 0 0 0 0 0 1024 0 0 0 0 0 0 0 1024 0 0 0 0 0 0 0 1024 
0 0 0 0 0 0 0 1024 0 0 0 0 0 0 0 1024 0 0 0 0 0 0 0 1024 
0 0 0 0 0 0 0 1024 0 0 0 0 0 0 0 1024 0 0 0 0 0 0 0 1024 
726 216 77 5 0 0 0 0 411 426 168 19 0 0 0 0 663 208 138 15 0 0 0 0 
407 421 122 48 21 5 0 0 67 448 331 112 48 14 4 0 417 472 101 26 8 0 0 0 
297 257 206 122 79 32 25 6 191 274 221 151 102 47 26 12 405 245 166 106 61 25 15 1 
577 220 132 63 27 5 0 0 437 277 168 93 40 8 1 0 636 202 110 57 15 4 0 0 
828 109 57 18 9 3 0 0 692 215 72 27 13 3 2 0 834 126 35 17 9 3 0 0 
1022 2 0 0 0 0 0 0 852 172 0 0 0 0 0 0 1014 10 0 0 0 0 0 0 
1024 0 0 0 0 0 0 0 931 93 0 0 0 0 0 0 1023 1 0 0 0 0 0 0 
1024 0 0 0 0 0 0 0 991 33 0 0 0 0 0 0 1022 2 0 0 0 0 0 0 
736 139 87 44 16 2 0 0 569 267 102 51 27 8 0 0 768 140 70 35 11 0 0 0 
32 126 207 324 263 71 1 0 14 90 174 234 356 144 12 0 94 201 324 312 91 2 0 0 
240 187 183 225 139 50 0 0 106 205 181 212 221 98 1 0 255 211 266 218 73 1 0 0 
409 257 168 108 70 11 1 0 154 337 232 145 106 45 5 0 417 295 163 115 29 5 0 0 
74 119 117 171 304 205 34 0 30 102 116 151 272 265 82 6 163 203 324 274 53 7 0 0 
0 19 97 229 397 231 44 7 0 11 68 198 383 289 67 8 50 186 368 295 112 7 6 0 
66 118 197 315 203 92 30 3 34 106 171 321 229 121 34 8 188 228 333 181 76 16 2 0 
322 306 205 133 46 9 2 1 203 338 232 169 57 21 3 1 465 288 185 56 24 5 1 0 
332 236 170 129 95 48 12 2 169 318 202 153 99 60 18 5 438 266 165 89 46 16 4 0 
137 205 212 179 167 73 34 17 101 180 222 191 189 83 42 16 292 230 199 177 73 41 12 0 
22 194 322 195 108 84 45 54 24 211 301 197 114 84 39 54 398 263 136 99 56 50 22 0 
441 321 152 57 26 11 11 5 271 415 193 80 24 23 12 6 631 240 88 37 18 7 3 0 
814 147 48 13 2 0 0 0 612 310 78 19 5 0 0 0 846 128 38 10 2 0 0 0 
798 144 53 24 4 1 0 0 566 333 76 32 15 1 1 0 814 142 46 18 3 1 0 0 
335 139 51 60 97 125 144 73 172 261 81 59 92 133 152 74 535 288 137 35 18 8 3 0 
18 56 72 119 175 207 197 180 10 47 82 114 157 211 216 187 411 265 209 107 31 1 0 0 
33 87 201 238 186 148 83 48 15 75 201 243 202 147 82 59 448 248 201 94 31 2 0 0 
25 230 342 271 108 30 15 3 1 125 376 320 144 30 22 6 118 377 324 150 28 18 7 2 
18 204 136 160 77 64 63 302 2 107 194 161 110 70 66 314 34 228 155 115 64 63 59 306 
0 39 126 189 87 51 54 478 0 14 91 175 144 51 53 496 16 78 161 124 64 46 52 483 
0 0 24 88 66 41 57 748 0 0 3 47 107 44 52 771 0 2 38 87 52 41 52 752 
0 0 0 3 6 12 15 988 0 0 0 4 5 13 21 981 0 0 0 3 6 12 23 980 
0 0 0 0 0 0 0 1024 0 0 0 0 0 0 0 1024 0 0 0 0 0 0 0 1024 
0 0 0 0 0 0 0 1024 0 0 0 0 0 0 0 1024 0 0 0 0 0 0 0 1024 
189 558 269 8 0 0 0 0 78 359 499 88 0 0 0 0 111 390 447 76 0 0 0 0 
91 541 384 8 0 0 0 0 25 335 583 81 0 0 0 0 60 432 488 44 0 0 0 0 
504 326 158 22 12 2 0 0 249 471 231 54 14 5 0 0 506 321 161 28 7 1 0 0 
803 177 41 3 0 0 0 0 542 391 78 13 0 0 0 0 797 181 44 2 0 0 0 0 
999 18 7 0 0 0 0 0 957 54 13 0 0 0 0 0 993 23 8 0 0 0 0 0 
1024 0 0 0 0 0 0 0 1011 13 0 0 0 0 0 0 1024 0 0 0 0 0 0 0 
1023 1 0 0 0 0 0 0 1000 24 0 0 0 0 0 0 1021 3 0 0 0 0 0 0 
1024 0 0 0 0 0 0 0 1006 18 0 0 0 0 0 0 1024 0 0 0 0 0 0 0 
635 119 75 75 75 31 8 6 445 275 78 75 76 50 18 7 697 122 100 67 26 10 2 0 
168 140 168 173 166 133 57 19 92 148 138 184 170 170 88 34 270 223 259 168 81 21 2 0 
556 153 72 69 83 63 24 4 357 284 111 77 69 81 37 8 569 178 110 94 58 11 4 0 
541 118 79 84 148 43 9 2 423 227 95 121 129 24 5 0 570 161 174 99 16 3 1 0 
10 53 180 308 314 121 24 14 5 28 113 291 336 187 45 19 137 227 333 244 54 25 4 0 
47 107 156 237 193 142 84 58 48 90 152 225 208 142 94 65 164 200 249 168 128 72 37 6 
108 212 243 187 159 75 31 9 64 186 238 218 183 79 43 13 257 267 213 169 72 34 12 0 
241 264 195 145 103 58 15 3 144 240 250 162 121 74 29 4 396 268 164 116 57 20 1 2 
77 128 197 200 205 141 58 18 51 105 192 200 207 160 79 30 227 228 211 196 111 37 14 0 
52 76 134 221 240 180 106 15 37 71 112 206 234 207 127 30 145 167 263 212 160 65 12 0 
143 242 269 130 93 71 46 30 127 269 246 147 89 73 46 27 468 233 112 88 68 39 13 3 
403 192 127 113 91 61 26 11 269 257 147 119 103 76 33 20 512 169 120 116 58 34 13 2 
470 216 108 96 58 45 21 10 310 302 159 98 68 46 28 13 551 210 113 77 38 22 11 2 
660 126 29 29 44 46 50 40 449 318 42 31 45 45 53 41 743 178 63 35 5 0 0 0 
30 23 68 112 169 199 245 178 25 34 61 114 168 205 240 177 467 306 190 51 10 0 0 0 
78 83 93 126 137 153 177 177 75 87 95 117 146 166 167 171 471 202 182 119 46 4 0 0 
223 362 206 68 44 39 24 58 66 300 345 136 47 43 29 58 716 166 50 41 35 16 0 0 
191 447 205 25 11 8 10 127 34 362 357 111 12 9 12 127 510 317 34 13 8 6 13 123 
169 287 121 42 309 47 15 34 23 346 181 60 272 95 13 34 237 237 104 39 300 57 16 34 
38 197 299 290 195 5 0 0 9 117 287 303 287 21 0 0 69 267 274 203 200 11 0 0 
3 55 290 363 274 32 7 0 1 24 171 363 372 80 9 4 11 152 343 286 218 12 2 0 
34 147 118 88 147 68 80 342 2 72 196 85 156 82 99 332 4 37 229 122 132 106 130 264 
7 58 46 90 302 9 0 512 0 20 67 59 318 42 6 512 0 14 69 75 324 28 2 512 
0 2 29 86 350 126 69 362 0 3 17 65 330 147 82 380 0 21 54 150 276 83 57 383 
551 405 68 0 0 0 0 0 368 426 223 7 0 0 0 0 480 355 176 13 0 0 0 0 
116 550 354 4 0 0 0 0 38 350 573 63 0 0 0 0 73 414 486 51 0 0 0 0 
238 511 264 11 0 0 0 0 102 359 504 59 0 0 0 0 171 404 408 41 0 0 0 0 
323 564 128 9 0 0 0 0 100 560 338 25 1 0 0 0 299 472 235 18 0 0 0 0 
516 374 114 20 0 0 0 0 324 472 189 36 3 0 0 0 485 389 125 25 0 0 0 0 
943 79 2 0 0 0 0 0 802 201 21 0 0 0 0 0 915 105 4 0 0 0 0 0 
1010 14 0 0 0 0 0 0 949 75 0 0 0 0 0 0 1013 11 0 0 0 0 0 0 
999 25 0 0 0 0 0 0 903 119 2 0 0 0 0 0 981 43 0 0 0 0 0 0 
592 331 76 14 7 3 1 0 313 527 143 21 12 6 2 0 509 400 98 11 4 2 0 0 
114 619 189 80 21 1 0 0 27 425 402 108 53 9 0 0 134 563 285 35 7 0 0 0 
83 502 209 93 62 54 17 4 18 353 358 116 76 68 25 10 110 479 298 75 43 14 5 0 
16 112 139 208 297 203 45 4 8 92 142 214 336 191 35 6 116 251 308 210 114 25 0 0 
15 55 171 301 303 116 39 24 4 19 122 234 364 182 58 41 209 277 294 162 39 35 8 0 
36 70 114 183 200 154 115 152 31 69 109 177 198 150 122 168 146 152 196 169 150 105 104 2 
35 152 298 200 123 82 63 71 43 153 307 195 123 76 59 68 169 262 247 160 82 52 49 3 
35 187 371 148 112 110 51 10 4 140 430 162 114 108 50 16 74 269 437 156 62 22 4 0 
37 99 133 204 281 181 67 22 13 93 112 178 290 205 96 37 155 186 285 232 125 32 9 0 
19 57 135 228 276 203 80 26 12 41 93 203 281 231 121 42 102 166 261 268 161 60 6 0 
108 120 158 211 179 105 83 60 84 130 177 181 187 116 91 58 263 220 200 165 105 58 11 2 
630 160 82 71 48 22 8 3 458 274 106 81 61 32 9 3 688 136 105 57 27 7 3 1 
779 163 43 28 7 4 0 0 578 313 78 35 15 5 0 0 832 134 41 15 2 0 0 0 
44 42 35 58 89 167 269 320 34 50 35 61 91 171 283 299 336 277 296 90 18 5 0 2 
26 115 141 137 133 156 146 170 17 97 138 138 156 155 162 161 456 214 173 119 54 8 0 0 
143 146 171 136 119 102 80 127 97 155 165 162 131 92 90 132 538 191 110 107 60 17 1 0 
270 302 193 105 66 42 24 22 119 314 268 126 92 50 31 24 733 172 74 37 7 1 0 0 
90 279 196 75 31 29 36 288 33 183 266 138 42 30 35 297 444 146 53 29 27 27 45 253 
17 14 67 117 277 56 28 448 6 16 60 93 297 77 30 445 14 13 60 115 288 59 29 446 
591 206 129 73 24 1 0 0 328 387 158 97 43 11 0 0 554 222 134 84 27 3 0 0 
424 280 199 113 8 0 0 0 199 345 221 199 58 2 0 0 565 300 149 10 0 0 0 0 
50 126 149 245 400 54 0 0 10 87 151 231 486 58 1 0 137 147 213 247 244 36 0 0 
13 126 118 224 520 23 0 0 0 39 154 183 558 90 0 0 1 43 217 359 390 12 2 0 
0 40 55 210 660 43 16 0 0 6 61 120 737 80 20 0 0 7 62 169 694 86 6 0 
294 573 154 3 0 0 0 0 76 588 341 19 0 0 0 0 145 605 259 15 0 0 0 0 
620 377 27 0 0 0 0 0 360 571 91 2 0 0 0 0 537 441 44 2 0 0 0 0 
198 643 180 3 0 0 0 0 60 551 392 21 0 0 0 0 105 612 296 11 0 0 0 0 
132 744 148 0 0 0 0 0 3 554 463 4 0 0 0 0 90 626 307 1 0 0 0 0 
485 425 103 11 0 0 0 0 294 488 222 20 0 0 0 0 491 347 172 14 0 0 0 0 
734 273 17 0 0 0 0 0 467 508 49 0 0 0 0 0 746 258 20 0 0 0 0 0 
333 611 80 0 0 0 0 0 236 517 270 1 0 0 0 0 347 569 108 0 0 0 0 0 
266 690 68 0 0 0 0 0 70 696 258 0 0 0 0 0 167 718 139 0 0 0 0 0 
118 818 88 0 0 0 0 0 39 706 274 5 0 0 0 0 61 790 171 2 0 0 0 0 
79 736 209 0 0 0 0 0 16 492 509 7 0 0 0 0 25 577 421 1 0 0 0 0 
217 531 133 71 53 19 0 0 152 438 267 75 59 31 2 0 249 491 221 47 13 3 0 0 
8 54 117 186 282 275 77 25 4 48 120 186 315 261 67 23 89 185 272 318 123 27 10 0 
102 252 207 177 126 70 54 36 23 194 249 202 154 96 52 54 443 219 148 100 55 38 21 0 
166 336 164 112 102 79 44 21 148 313 166 123 101 98 42 33 497 187 105 112 62 43 17 1 
55 379 368 104 63 32 17 6 72 306 419 113 63 32 16 3 343 418 163 49 30 18 3 0 
14 506 491 10 3 0 0 0 6 239 757 19 2 1 0 0 45 738 237 2 2 0 0 0 
832 122 36 23 9 1 1 0 647 268 59 27 17 5 1 0 865 112 30 14 2 1 0 0 
300 152 143 175 130 93 26 5 237 153 144 173 137 124 45 11 412 172 194 137 86 19 4 0 
17 52 208 364 199 70 60 54 18 70 186 307 237 96 62 48 173 387 255 80 60 42 24 3 
37 121 207 318 250 79 12 0 15 83 201 330 287 94 13 1 290 356 279 78 16 5 0 0 
166 115 156 218 135 83 56 95 121 117 156 228 166 77 60 99 360 274 225 134 28 3 0 0 
9 41 75 129 171 171 202 226 6 35 76 117 175 172 200 243 377 217 238 135 49 8 0 0 
132 140 128 157 113 130 104 120 97 142 141 143 139 123 109 130 510 192 142 110 61 9 0 0 
32 120 131 142 160 148 134 157 23 87 135 160 163 162 140 154 465 194 180 118 66 1 0 0 
200 221 154 106 110 70 81 82 140 210 201 113 115 80 82 83 591 178 118 86 39 10 1 1 
181 413 248 77 42 32 11 20 25 340 369 152 53 45 16 24 691 184 67 40 17 13 9 3 
405 184 101 58 57 49 38 132 255 269 127 87 63 54 39 130 488 170 57 53 54 43 47 112 
992 31 1 0 0 0 0 0 633 384 7 0 0 0 0 0 965 57 2 0 0 0 0 0 
504 161 104 89 57 36 22 51 307 296 103 105 78 44 29 62 547 155 117 59 47 31 34 34 
636 222 111 49 6 0 0 0 375 409 139 76 23 2 0 0 748 172 80 23 1 0 0 0 
143 278 410 145 23 13 11 1 63 146 391 341 50 18 10 5 171 224 468 116 28 11 5 1 
4 244 628 125 23 0 0 0 1 21 561 376 59 6 0 0 10 123 629 255 7 0 0 0 
345 566 112 1 0 0 0 0 117 656 239 12 0 0 0 0 161 641 213 9 0 0 0 0 
237 731 56 0 0 0 0 0 55 721 248 0 0 0 0 0 107 753 164 0 0 0 0 0 
162 712 73 14 9 23 17 14 28 617 300 15 9 18 22 15 63 673 213 13 9 28 13 12 
119 683 76 11 45 35 36 19 13 607 255 10 42 32 41 24 29 692 156 16 44 36 33 18 
86 726 57 23 28 31 36 37 19 583 265 22 26 31 34 44 52 666 152 23 37 28 32 34 
123 713 121 20 25 14 8 0 15 634 300 24 24 15 9 3 53 706 203 21 20 14 7 0 
127 829 68 0 0 0 0 0 20 719 283 2 0 0 0 0 73 819 132 0 0 0 0 0 
138 763 118 5 0 0 0 0 16 641 353 14 0 0 0 0 54 717 242 10 1 0 0 0 
286 551 170 17 0 0 0 0 48 646 281 44 5 0 0 0 128 646 217 32 1 0 0 0 
165 599 243 17 0 0 0 0 29 525 417 53 0 0 0 0 60 565 362 37 0 0 0 0 
265 400 181 87 46 32 10 3 192 378 244 110 52 34 11 3 332 320 219 108 30 12 3 0 
49 95 97 112 191 195 131 154 56 104 97 129 218 177 129 114 169 125 137 205 168 104 101 15 
180 410 185 84 61 43 35 26 148 388 206 110 57 48 36 31 580 188 92 56 43 39 26 0 
168 548 190 33 27 13 12 33 195 530 183 35 22 16 13 30 639 262 39 27 12 14 23 8 
125 709 166 10 5 4 2 3 89 735 173 12 6 3 3 3 636 344 28 5 5 3 2 1 
38 661 314 11 0 0 0 0 7 433 556 28 0 0 0 0 98 765 157 4 0 0 0 0 
993 31 0 0 0 0 0 0 958 66 0 0 0 0 0 0 998 26 0 0 0 0 0 0 
880 52 21 22 23 12 11 3 781 142 23 21 21 20 11 5 923 28 28 19 17 8 1 0 
98 142 305 256 77 38 44 64 91 172 319 218 79 37 51 57 383 322 131 70 34 44 40 0 
296 295 201 149 61 20 2 0 152 362 218 167 90 29 6 0 594 236 139 50 3 2 0 0 
134 154 132 111 90 104 129 170 67 169 145 127 95 103 130 188 427 222 198 136 40 1 0 0 
17 45 75 149 201 204 171 162 10 41 77 144 189 196 190 177 347 248 213 153 57 6 0 0 
34 75 134 196 208 142 120 115 29 65 127 199 215 149 117 123 314 219 231 157 91 11 1 0 
118 162 162 185 114 99 93 91 85 164 164 176 136 101 96 102 453 177 177 119 79 19 0 0 
140 298 286 153 75 31 18 23 65 231 321 227 98 40 16 26 622 207 92 75 21 7 0 0 
383 485 141 10 3 2 0 0 121 460 365 69 5 2 2 0 839 171 12 2 0 0 0 0 
507 297 118 51 20 20 7 4 274 372 225 86 29 22 8 8 639 228 75 38 22 11 9 2 
528 194 94 46 36 27 33 66 283 361 130 60 48 24 32 86 505 221 79 49 45 26 36 63 
314 201 100 69 56 57 81 146 162 245 160 94 55 59 67 182 324 208 105 70 57 62 135 63 
190 268 252 150 87 43 23 11 87 235 265 213 106 63 33 22 236 255 254 124 75 41 32 7 
593 160 119 85 52 11 4 0 366 334 99 124 78 15 8 0 638 160 124 69 22 8 3 0 
400 169 221 192 41 1 0 0 192 318 178 218 112 6 0 0 540 271 177 33 3 0 0 0 
461 555 8 0 0 0 0 0 124 842 58 0 0 0 0 0 195 785 44 0 0 0 0 0 
394 615 15 0 0 0 0 0 101 818 105 0 0 0 0 0 173 770 81 0 0 0 0 0 
77 586 200 103 30 22 6 0 49 560 243 102 40 22 8 0 264 456 178 79 26 18 3 0 
1 604 367 17 20 10 4 1 1 338 630 19 17 14 4 1 60 823 95 16 19 7 4 0 
1 630 379 14 0 0 0 0 0 278 728 18 0 0 0 0 22 892 105 5 0 0 0 0 
147 504 372 1 0 0 0 0 68 330 624 2 0 0 0 0 149 753 122 0 0 0 0 0 
585 397 42 0 0 0 0 0 309 614 100 1 0 0 0 0 517 452 55 0 0 0 0 0 
532 397 27 8 9 16 11 24 302 584 72 11 8 13 23 11 491 432 41 8 13 19 17 3 
432 285 121 17 19 31 69 50 286 375 180 25 17 46 76 19 375 312 167 23 29 72 40 6 
307 329 173 43 27 33 84 28 218 460 131 59 23 54 76 3 380 331 117 51 36 87 22 0 
207 268 197 33 18 53 151 97 164 390 137 25 23 121 129 35 352 293 57 26 86 147 46 17 
45 550 199 27 15 56 90 42 59 471 266 30 41 79 64 14 343 422 59 33 72 75 16 4 
139 685 163 19 16 2 0 0 127 637 230 14 16 0 0 0 420 545 46 13 0 0 0 0 
289 570 118 28 19 0 0 0 315 552 113 30 14 0 0 0 753 210 43 18 0 0 0 0 
301 720 3 0 0 0 0 0 500 518 6 0 0 0 0 0 984 40 0 0 0 0 0 0 
145 838 41 0 0 0 0 0 47 827 150 0 0 0 0 0 469 548 7 0 0 0 0 0 
725 194 81 17 6 1 0 0 645 217 117 35 8 2 0 0 892 114 15 3 0 0 0 0 
767 118 88 33 11 7 0 0 714 140 85 60 15 10 0 0 860 109 33 10 11 1 0 0 
182 43 264 243 99 51 63 79 179 121 321 162 61 65 46 69 466 229 115 54 71 39 41 9 
552 247 105 61 41 16 2 0 380 348 139 76 49 25 6 1 753 141 73 46 8 3 0 0 
35 28 70 100 149 212 223 207 32 29 54 93 149 194 230 243 369 253 196 171 32 3 0 0 
15 35 68 112 155 189 212 238 10 33 74 107 142 188 208 262 383 236 224 142 38 1 0 0 
46 70 159 219 194 158 91 87 38 46 120 221 206 163 124 106 399 222 186 120 73 22 2 0 
104 136 113 153 151 114 130 123 75 119 127 149 145 133 138 138 397 211 171 149 81 9 4 2 
276 339 204 131 47 14 5 8 172 346 259 161 56 17 6 7 617 215 100 59 25 3 5 0 
660 274 36 26 10 4 7 7 427 489 67 22 9 7 3 0 861 107 30 9 8 6 3 0 
343 253 161 149 86 25 7 0 169 344 170 175 114 41 9 2 437 215 190 109 54 15 4 0 
163 205 110 76 72 82 139 177 99 195 149 82 71 75 124 229 209 194 90 86 61 98 166 120 
56 254 146 94 107 141 130 96 19 142 230 115 101 121 138 158 68 218 189 91 132 124 118 84 
166 420 151 91 59 65 46 26 73 333 267 109 74 68 54 46 178 384 170 86 71 62 46 27 
188 208 209 203 137 51 20 8 135 239 206 224 146 45 19 10 377 246 221 124 26 15 11 4 
189 169 176 214 162 99 15 0 166 186 183 228 163 63 35 0 344 181 207 162 79 41 9 1 
768 248 6 2 0 0 0 0 536 432 55 1 0 0 0 0 548 404 70 2 0 0 0 0 
658 236 17 9 11 27 59 7 441 443 26 10 13 49 40 2 488 392 34 15 42 49 4 0 
181 431 94 79 67 80 80 12 164 438 106 72 80 102 58 4 438 233 82 88 118 61 3 1 
254 525 207 14 9 8 7 0 206 514 268 15 6 8 7 0 554 430 18 8 9 4 1 0 
518 464 42 0 0 0 0 0 431 488 105 0 0 0 0 0 714 310 0 0 0 0 0 0 
320 549 127 4 5 4 7 8 266 564 165 6 4 5 6 8 726 258 16 5 3 8 6 2 
151 503 103 20 21 46 103 77 202 455 109 21 22 76 104 35 557 173 52 20 69 103 50 0 
121 576 146 13 21 35 60 52 122 529 196 15 24 53 64 21 405 397 61 23 58 57 22 1 
145 725 137 10 2 2 2 1 70 744 197 8 1 3 1 0 432 558 28 2 2 2 0 0 
85 848 91 0 0 0 0 0 37 834 153 0 0 0 0 0 278 736 10 0 0 0 0 0 
141 592 289 2 0 0 0 0 62 495 449 18 0 0 0 0 245 633 146 0 0 0 0 0 
249 590 178 7 0 0 0 0 133 625 251 15 0 0 0 0 534 449 41 0 0 0 0 0 
268 517 234 5 0 0 0 0 246 472 289 17 0 0 0 0 428 520 75 1 0 0 0 0 
324 564 112 20 4 0 0 0 309 575 115 19 6 0 0 0 707 251 59 7 0 0 0 0 
640 382 2 0 0 0 0 0 508 507 9 0 0 0 0 0 929 95 0 0 0 0 0 0 
418 540 46 16 4 0 0 0 442 528 40 11 2 1 0 0 900 108 13 2 1 0 0 0 
278 518 174 41 7 3 2 1 144 496 289 72 16 3 2 2 806 174 32 6 3 2 1 0 
669 249 84 12 5 4 1 0 616 220 149 25 7 5 2 0 862 133 17 6 4 2 0 0 
208 37 271 273 105 44 52 34 215 136 280 223 59 41 49 21 505 245 141 41 40 37 14 1 
1012 12 0 0 0 0 0 0 1006 18 0 0 0 0 0 0 1021 3 0 0 0 0 0 0 
228 65 61 79 112 149 181 149 181 95 52 77 103 140 177 199 505 191 154 112 52 10 0 0 
34 60 117 169 180 192 155 117 21 47 88 148 194 173 185 168 331 188 193 157 85 44 26 0 
28 64 133 219 192 150 110 128 29 50 113 189 237 137 139 130 129 119 157 176 178 141 93 31 
84 174 183 245 187 83 41 27 67 161 185 237 207 93 45 29 140 174 194 223 171 70 34 18 
41 100 115 165 145 152 148 158 51 119 165 199 208 137 95 50 196 225 216 181 112 65 27 2 
3 38 78 149 219 177 179 181 41 65 144 185 237 189 110 53 129 171 230 221 174 69 27 3 
29 67 124 157 187 207 129 124 22 74 158 191 212 170 125 72 139 144 185 163 149 114 95 35 
61 122 106 169 200 193 104 69 35 120 170 229 176 158 86 50 152 221 230 194 117 55 38 17 
49 182 105 121 163 173 139 92 24 145 167 146 169 166 120 87 84 224 185 166 149 122 71 23 
157 190 109 94 128 139 106 101 97 247 194 138 146 105 50 47 257 226 162 160 92 72 36 19 
120 165 139 131 167 117 108 77 150 211 180 142 139 93 57 52 298 240 197 109 78 49 26 27 
197 141 134 152 120 114 101 65 243 275 178 147 90 56 29 6 433 240 151 95 53 36 12 4 
508 196 50 26 29 47 119 49 502 216 42 27 40 96 91 10 632 119 26 32 59 121 35 0 
573 274 26 15 15 51 67 3 558 289 33 12 21 73 38 0 764 104 19 20 49 64 4 0 
366 506 107 30 6 5 4 0 326 371 261 52 6 4 4 0 530 386 80 19 5 4 0 0 
480 515 22 3 4 0 0 0 347 594 76 3 4 0 0 0 601 390 28 5 0 0 0 0 
499 478 47 0 0 0 0 0 342 568 114 0 0 0 0 0 550 449 25 0 0 0 0 0 
294 687 42 1 0 0 0 0 170 696 157 1 0 0 0 0 482 531 11 0 0 0 0 0 
321 578 89 31 5 0 0 0 129 712 144 34 5 0 0 0 632 330 51 11 0 0 0 0 
101 884 39 0 0 0 0 0 23 739 262 0 0 0 0 0 133 842 49 0 0 0 0 0 
140 847 37 0 0 0 0 0 57 804 163 0 0 0 0 0 235 745 44 0 0 0 0 0 
358 643 23 0 0 0 0 0 151 781 92 0 0 0 0 0 532 487 5 0 0 0 0 0 
561 452 11 0 0 0 0 0 373 596 55 0 0 0 0 0 786 238 0 0 0 0 0 0 
506 363 92 28 11 10 9 5 296 544 106 35 9 12 10 12 737 203 40 21 9 8 3 3 
458 229 116 94 64 33 17 13 231 417 158 98 57 43 15 5 719 182 71 35 13 3 1 0 
163 184 69 101 142 127 94 144 161 212 76 86 146 122 95 126 470 246 162 114 25 7 0 0 
12 86 118 93 98 132 162 323 34 115 92 99 100 131 155 298 518 282 146 65 10 3 0 0 
10 61 59 129 136 153 172 304 39 56 78 135 140 153 176 247 543 266 149 44 14 8 0 0 
69 161 110 102 130 107 118 227 97 181 102 118 111 104 123 188 623 199 119 65 16 2 0 0 
213 160 98 83 96 92 97 185 186 195 115 91 82 90 104 161 663 233 83 37 8 0 0 0 
77 56 347 208 89 66 104 77 82 183 292 171 80 99 64 53 510 219 104 81 70 27 13 0 
435 58 47 56 69 76 107 176 442 72 44 62 69 80 103 152 714 160 96 37 16 1 0 0 
584 108 46 47 47 51 48 93 515 178 55 42 54 46 46 88 760 110 61 51 34 7 1 0 
106 52 61 66 84 97 207 351 107 61 62 74 89 119 230 282 173 65 76 91 129 259 193 38 
7 39 66 59 52 134 339 328 12 54 68 52 72 228 325 213 52 65 60 99 265 281 191 11 
71 128 115 110 103 141 118 238 66 151 126 102 115 134 130 200 181 124 112 108 152 137 170 40 
95 165 120 117 121 176 141 89 84 195 137 105 116 177 133 77 237 166 128 124 161 120 70 18 
31 86 79 100 88 189 247 204 30 74 93 84 102 209 247 185 138 68 94 97 200 229 148 50 
30 68 128 129 157 190 152 170 22 84 128 135 149 193 174 139 138 141 131 143 193 135 118 25 
11 36 112 187 224 163 159 132 4 19 108 173 207 175 172 166 68 116 214 206 163 165 86 6 
48 93 131 192 225 161 98 76 70 121 179 239 171 124 74 46 197 177 231 198 112 54 42 13 
117 159 167 164 149 126 81 61 144 189 187 191 169 96 36 12 393 235 170 121 61 33 10 1 
57 143 186 224 232 119 48 15 221 222 193 167 129 68 15 9 548 254 147 48 25 2 0 0 
136 306 188 134 115 95 34 16 335 278 177 106 92 27 6 3 656 180 109 54 20 3 2 0 
508 483 33 0 0 0 0 0 343 581 100 0 0 0 0 0 726 287 11 0 0 0 0 0 
762 248 13 1 0 0 0 0 660 325 38 1 0 0 0 0 891 123 10 0 0 0 0 0 
326 518 105 68 7 0 0 0 236 474 215 83 16 0 0 0 427 440 97 57 3 0 0 0 
245 687 51 40 1 0 0 0 98 782 86 50 8 0 0 0 407 536 50 30 1 0 0 0 
199 702 123 0 0 0 0 0 160 525 337 2 0 0 0 0 225 753 46 0 0 0 0 0 
533 461 30 0 0 0 0 0 368 558 98 0 0 0 0 0 639 377 8 0 0 0 0 0 
592 344 79 9 0 0 0 0 362 510 136 16 0 0 0 0 742 228 54 0 0 0 0 0 
624 385 15 0 0 0 0 0 449 531 44 0 0 0 0 0 753 270 1 0 0 0 0 0 
585 353 51 27 8 0 0 0 432 461 92 29 10 0 0 0 737 235 33 17 2 0 0 0 
666 227 69 35 20 3 4 0 527 326 86 49 25 5 3 3 747 169 54 35 14 3 2 0 
532 176 73 76 71 48 34 14 299 331 101 68 71 68 47 39 669 144 78 77 27 21 8 0 
690 162 64 52 35 11 6 4 459 298 116 57 50 27 9 8 769 122 66 43 13 10 1 0 
347 190 142 126 155 55 9 0 297 215 154 123 155 69 11 0 461 174 125 151 97 15 1 0 
0 4 29 172 373 256 108 82 0 2 29 155 358 283 127 70 26 72 222 378 238 77 11 0 
0 6 42 106 181 227 196 266 4 12 62 121 190 232 192 211 172 199 233 182 144 82 12 0 
0 12 46 119 201 207 154 285 4 17 45 117 195 209 144 293 396 304 221 79 19 3 2 0 
0 1 14 40 124 169 192 484 0 2 21 47 144 166 209 435 517 316 145 39 6 1 0 0 
1 0 14 44 131 208 228 398 0 1 20 65 148 207 203 380 466 342 179 36 1 0 0 0 
0 0 246 182 123 140 130 203 0 149 237 83 114 147 148 146 477 201 144 87 91 24 0 0 
0 3 33 82 165 201 183 357 0 8 40 88 168 199 180 341 513 309 159 39 4 0 0 0 
0 5 14 46 127 229 210 393 0 6 24 70 154 221 198 351 516 267 175 60 6 0 0 0 
0 0 6 46 123 192 202 455 2 10 32 70 156 199 183 372 336 292 219 116 21 19 20 1 
0 0 3 48 98 161 180 534 19 50 77 108 107 130 183 350 239 237 170 103 45 54 139 37 
0 0 11 28 64 131 135 655 18 44 82 72 86 75 137 510 77 89 98 89 77 109 454 31 
0 0 0 4 44 203 230 543 0 1 7 20 143 184 226 443 4 6 34 149 206 281 344 0 
0 0 4 3 10 59 176 772 0 2 2 4 27 86 199 704 3 1 5 28 84 209 664 30 
0 1 6 23 52 78 120 744 0 1 10 26 61 83 152 691 3 9 35 61 74 196 578 68 
6 18 51 59 70 84 76 660 7 25 51 59 72 88 122 600 25 44 66 69 97 165 490 68 
34 79 78 68 86 76 62 541 31 73 83 81 87 71 84 514 76 109 71 95 73 140 434 26 
8 33 39 43 49 87 177 588 10 25 36 45 70 101 205 532 24 42 42 56 95 208 513 44 
18 73 74 71 82 123 166 417 24 72 79 75 87 132 185 370 80 83 79 84 116 217 321 44 
87 189 98 79 64 103 122 282 151 114 116 83 79 109 122 250 231 123 91 78 101 170 198 32 
283 725 16 0 0 0 0 0 195 652 177 0 0 0 0 0 543 475 6 0 0 0 0 0 
588 393 28 13 2 0 0 0 535 365 107 12 5 0 0 0 780 217 20 6 1 0 0 0 
547 359 97 20 1 0 0 0 451 389 160 20 4 0 0 0 664 306 44 10 0 0 0 0 
715 280 29 0 0 0 0 0 614 346 64 0 0 0 0 0 767 253 4 0 0 0 0 0 
506 469 49 0 0 0 0 0 387 500 137 0 0 0 0 0 647 376 1 0 0 0 0 0 
323 624 77 0 0 0 0 0 182 632 205 5 0 0 0 0 377 609 35 3 0 0 0 0 
425 411 139 40 9 0 0 0 320 464 179 57 4 0 0 0 483 383 114 39 5 0 0 0 
794 136 67 22 5 0 0 0 636 292 63 28 5 0 0 0 795 138 66 19 6 0 0 0 
823 169 26 6 0 0 0 0 522 470 20 10 2 0 0 0 927 85 9 3 0 0 0 0 
778 109 46 37 27 13 9 5 616 234 60 38 37 16 11 12 822 94 42 34 17 10 5 0 
475 211 114 96 79 35 13 1 359 281 127 109 87 43 14 4 593 156 116 90 42 22 5 0 
104 64 109 187 267 235 54 4 89 72 98 166 276 246 72 5 151 101 191 272 236 69 4 0 
8 28 72 163 252 225 143 133 10 28 68 186 268 252 141 71 49 98 185 289 238 127 38 0 
0 6 25 90 144 230 225 304 3 13 56 110 195 225 230 192 86 116 206 245 209 139 23 0 
0 9 39 81 143 181 234 337 0 23 49 111 144 232 217 248 190 174 191 194 161 95 19 0 
0 0 24 82 193 188 174 363 3 9 40 122 181 203 162 304 392 262 191 100 56 19 4 0 
1 6 40 93 99 163 194 428 1 11 62 100 124 157 175 394 553 265 158 44 4 0 0 0 
0 0 16 62 124 173 214 435 0 1 33 77 130 186 192 405 549 282 159 33 1 0 0 0 
0 0 31 93 106 151 195 448 0 5 76 70 113 166 190 404 458 291 164 83 24 4 0 0 
0 4 50 110 169 168 156 367 0 8 54 122 184 170 151 335 528 269 150 63 13 1 0 0 
1 4 32 118 149 148 162 410 1 9 38 134 159 140 165 378 428 288 216 81 11 0 0 0 
4 9 64 116 165 162 135 369 1 19 70 128 169 158 128 351 555 272 144 37 16 0 0 0 
13 54 85 128 152 143 140 309 16 60 98 139 146 134 135 296 569 260 141 45 9 0 0 0 
2 10 36 98 179 163 153 383 10 12 69 133 158 159 160 323 544 291 131 52 6 0 0 0 
18 41 82 113 165 214 142 249 22 91 165 189 198 141 91 127 418 203 197 148 52 6 0 0 
0 2 20 77 216 308 199 202 104 110 125 169 254 116 62 84 151 114 161 228 175 76 108 11 
0 10 34 79 122 95 80 604 5 17 51 135 92 59 116 549 15 28 58 149 93 113 528 40 
0 0 0 0 1 4 18 1001 0 0 0 0 1 4 52 967 0 0 0 1 4 51 930 38 
0 0 0 0 0 2 12 1010 0 0 0 0 0 2 24 998 0 0 0 0 2 18 966 38 
0 0 0 0 0 0 25 999 0 0 0 0 0 0 63 961 0 0 0 0 0 49 944 31 
0 0 0 0 0 0 37 987 0 0 0 0 0 0 73 951 0 0 0 0 0 59 933 32 
0 0 0 0 0 0 18 1006 0 0 0 0 0 2 26 996 0 0 0 0 0 28 910 86 
703 255 66 0 0 0 0 0 506 397 121 0 0 0 0 0 807 196 21 0 0 0 0 0 
329 458 229 8 0 0 0 0 269 371 365 19 0 0 0 0 395 520 108 1 0 0 0 0 
433 394 190 7 0 0 0 0 405 371 243 5 0 0 0 0 588 372 64 0 0 0 0 0 
494 437 89 4 0 0 0 0 393 445 165 21 0 0 0 0 635 335 54 0 0 0 0 0 
759 133 76 54 2 0 0 0 673 224 70 55 2 0 0 0 830 99 79 16 0 0 0 0 
778 123 29 20 25 16 23 10 683 185 44 26 16 23 22 25 800 117 33 25 27 17 5 0 
708 104 85 55 31 25 12 4 553 211 78 77 43 26 23 13 731 128 71 52 27 12 3 0 
650 127 81 82 38 20 16 10 531 308 86 43 27 20 5 4 742 125 73 38 23 14 7 2 
937 58 15 9 5 0 0 0 651 330 21 15 4 3 0 0 966 31 17 7 3 0 0 0 
334 246 185 151 81 26 1 0 238 281 189 181 97 36 2 0 457 228 172 124 36 7 0 0 
399 77 84 97 107 87 77 96 327 147 84 100 130 104 82 50 458 97 122 149 112 61 23 2 
7 23 87 151 203 215 181 157 8 24 84 173 226 218 162 129 94 163 217 224 197 103 26 0 
8 20 44 118 165 182 190 297 7 27 73 147 188 174 182 226 123 179 204 202 179 105 31 1 
0 7 38 90 161 173 221 334 0 13 46 100 169 187 220 289 307 226 238 181 46 22 4 0 
0 16 78 167 185 184 143 251 3 18 66 155 226 191 126 239 510 219 184 81 26 4 0 0 
6 29 97 190 188 144 135 235 7 25 61 194 217 155 135 230 483 251 189 89 12 0 0 0 
5 37 81 157 162 159 146 277 5 41 86 169 159 163 130 271 558 233 146 66 18 3 0 0 
17 31 68 86 174 176 142 330 15 31 65 125 168 155 159 306 506 267 148 66 27 8 1 1 
0 3 42 83 161 149 166 420 0 8 40 98 168 151 177 382 548 294 150 30 2 0 0 0 
1 15 71 139 184 181 165 268 1 22 68 165 191 178 154 245 522 282 152 50 16 2 0 0 
1 16 62 108 132 143 132 430 2 9 62 123 140 142 146 400 505 282 190 45 2 0 0 0 
6 32 65 141 168 149 112 351 9 40 61 129 170 151 116 348 445 242 196 109 30 2 0 0 
0 14 60 95 107 111 141 496 4 34 72 98 99 104 141 472 497 379 119 28 1 0 0 0 
5 27 60 104 132 160 148 388 1 24 65 122 148 167 127 370 466 328 174 46 10 0 0 0 
3 35 92 150 183 158 125 278 1 19 91 162 198 166 124 263 491 270 186 62 13 1 1 0 
0 8 75 142 199 226 181 193 249 209 188 161 112 47 38 20 450 256 178 97 25 15 3 0 
12 69 158 213 192 157 116 107 204 192 214 231 109 55 16 3 234 225 256 172 100 34 3 0 
0 6 18 117 312 258 156 157 3 10 37 188 333 220 152 81 11 31 157 324 253 154 88 6 
0 4 10 28 67 98 105 712 3 7 17 54 91 80 150 622 7 15 47 104 88 150 584 29 
0 0 0 0 0 0 32 992 0 0 0 0 0 0 105 919 0 0 0 0 0 92 904 28 
0 0 0 0 0 0 31 993 0 0 0 0 0 0 110 914 0 0 0 0 0 92 885 47 
0 0 0 0 0 0 24 1000 0 0 0 0 0 0 90 934 0 0 0 0 0 54 930 40 
333 481 144 53 13 0 0 0 345 444 148 64 23 0 0 0 664 279 66 15 0 0 0 0 
426 418 106 51 23 0 0 0 329 610 85 0 0 0 0 0 649 359 16 0 0 0 0 0 
876 148 0 0 0 0 0 0 793 221 10 0 0 0 0 0 998 26 0 0 0 0 0 0 
954 70 0 0 0 0 0 0 937 87 0 0 0 0 0 0 1001 23 0 0 0 0 0 0 
1024 0 0 0 0 0 0 0 1005 19 0 0 0 0 0 0 1024 0 0 0 0 0 0 0 
620 96 50 27 24 42 45 120 464 216 66 36 34 37 54 117 765 119 59 42 25 9 5 0 
264 184 122 76 87 79 78 134 95 246 170 115 95 83 85 135 589 210 106 75 32 7 5 0 
453 100 50 45 42 64 91 179 376 155 76 50 52 63 88 164 689 179 87 42 20 6 1 0 
398 99 90 109 129 75 57 67 366 125 94 97 125 93 56 68 615 139 137 71 39 20 3 0 
168 166 195 242 126 58 16 53 116 180 139 223 192 84 30 60 396 301 188 103 30 6 0 0 
149 111 71 104 143 143 110 193 180 104 82 140 152 139 100 127 544 176 128 95 52 22 7 0 
0 21 68 138 171 158 139 329 11 43 83 140 166 152 137 292 391 281 198 114 28 12 0 0 
2 25 56 117 164 185 175 300 4 25 61 114 174 194 180 272 483 255 175 77 26 8 0 0 
2 25 72 163 190 146 141 285 1 31 87 157 183 147 139 279 448 302 196 62 15 1 0 0 
17 60 120 155 158 156 126 232 5 44 119 172 175 161 127 221 503 265 165 67 17 5 2 0 
31 74 142 145 118 109 102 303 18 63 147 141 137 108 104 306 503 284 137 64 28 8 0 0 
18 76 108 148 148 152 117 257 16 64 86 150 164 154 132 258 453 285 170 80 30 6 0 0 
7 47 121 184 164 136 104 261 4 39 113 193 186 125 114 250 490 290 153 66 22 3 0 0 
9 53 106 139 132 141 123 321 9 60 95 115 145 157 139 304 485 314 159 52 10 3 1 0 
45 109 198 188 146 123 69 146 34 99 163 190 181 115 92 150 495 247 169 79 28 6 0 0 
19 48 84 160 199 178 127 209 7 51 82 158 199 184 135 208 470 265 189 63 30 3 4 0 
12 37 88 115 184 198 126 264 4 32 81 130 179 223 126 249 442 269 211 83 19 0 0 0 
0 7 53 118 163 147 147 389 2 18 53 123 162 148 166 352 482 310 168 59 5 0 0 0 
0 2 35 122 127 184 143 411 0 7 43 106 158 166 154 390 462 302 195 55 10 0 0 0 
5 54 124 156 184 191 116 194 46 107 135 187 179 126 75 169 528 277 158 51 10 0 0 0 
27 65 124 227 212 164 120 85 343 207 200 140 80 28 17 9 535 219 159 75 23 10 3 0 
5 15 56 124 225 216 167 216 246 229 203 169 94 52 22 9 289 230 220 149 77 39 17 3 
0 0 27 180 365 309 108 35 22 37 61 254 376 203 58 13 42 45 185 406 260 68 18 0 
3 12 84 200 204 167 150 204 6 20 122 213 212 138 154 159 13 66 229 252 150 146 145 23 
0 3 45 56 45 75 210 590 0 2 42 61 53 109 281 476 3 23 59 72 107 275 467 18 
0 0 5 22 25 51 153 768 0 2 13 19 34 65 297 594 2 10 22 32 66 299 576 17 
0 0 1 12 31 45 151 784 0 0 5 20 36 65 243 655 0 3 21 34 51 226 667 22 
406 258 143 99 71 28 18 1 352 310 168 98 60 21 14 1 619 179 104 76 26 19 1 0 
825 86 34 33 22 15 5 4 809 106 32 30 24 15 4 4 877 50 36 24 19 11 4 3 
991 20 9 4 0 0 0 0 953 57 9 5 0 0 0 0 1010 13 1 0 0 0 0 0 
984 11 10 11 6 2 0 0 933 60 11 8 10 2 0 0 1005 8 8 3 0 0 0 0 
859 62 22 9 11 6 13 42 721 186 30 11 13 7 10 46 902 63 30 25 4 0 0 0 
118 142 166 193 174 112 54 65 101 124 158 199 200 117 62 63 616 193 124 62 18 8 3 0 
59 150 208 203 167 93 42 102 33 101 183 236 203 111 62 95 484 289 159 68 21 3 0 0 
30 86 99 139 144 133 104 289 26 52 108 137 163 141 137 260 568 234 142 48 22 6 4 0 
52 110 133 170 144 102 88 225 52 102 128 179 150 101 113 199 466 294 163 71 22 8 0 0 
10 58 122 146 158 147 125 258 15 59 122 146 173 159 116 234 510 265 139 74 31 5 0 0 
51 155 174 183 152 140 77 92 49 137 199 196 196 115 69 63 525 219 135 87 35 18 5 0 
2 28 72 114 161 160 151 336 5 20 72 113 176 177 158 303 499 330 117 64 13 1 0 0 
21 46 103 175 182 187 125 185 26 52 100 163 193 196 126 168 492 253 163 71 36 9 0 0 
11 79 127 174 172 126 132 203 17 61 121 178 180 147 137 183 509 294 148 48 20 5 0 0 
5 33 120 229 211 149 129 148 3 40 108 213 229 149 134 148 501 231 173 75 35 8 1 0 
3 16 65 162 248 198 128 204 1 10 57 140 249 232 139 196 375 268 222 102 46 8 3 0 
40 112 144 161 126 104 93 244 14 101 158 169 134 113 92 243 488 286 151 64 29 6 0 0 
20 68 151 211 174 131 94 175 18 67 136 206 193 135 100 169 475 265 154 84 29 11 6 0 
104 190 222 178 131 67 40 92 59 196 231 195 148 60 49 86 581 264 110 39 22 8 0 0 
74 134 203 223 169 75 42 104 42 100 170 237 214 108 52 101 516 252 157 75 18 5 1 0 
37 71 129 199 176 145 84 183 35 64 118 166 217 174 86 164 358 260 241 111 34 12 8 0 
40 100 85 124 167 172 137 199 70 97 118 147 166 147 107 172 486 196 186 105 45 6 0 0 
6 52 142 225 224 148 92 135 49 99 172 239 201 113 80 71 398 260 209 101 40 15 1 0 
46 148 210 241 138 85 73 83 135 197 237 228 152 57 12 6 458 322 144 59 28 9 4 0 
8 51 153 220 179 152 139 122 485 206 144 88 45 28 17 11 589 205 118 63 31 15 3 0 
0 13 89 208 248 209 148 109 471 206 155 100 59 20 11 2 513 212 148 89 43 12 7 0 
4 16 50 211 329 212 128 74 122 90 149 292 273 85 13 0 128 134 306 305 126 24 1 0 
0 4 37 185 363 291 111 33 0 7 55 265 395 221 58 23 14 98 312 331 198 60 11 0 
5 59 279 203 88 78 101 211 38 105 306 140 72 75 110 178 56 157 316 99 81 97 103 115 
90 129 173 175 109 86 105 157 51 132 175 166 119 100 110 171 164 149 220 131 106 104 127 23 
1 7 44 77 115 173 278 329 1 8 36 80 101 179 298 321 9 48 86 110 206 272 249 44 
0 0 7 32 55 118 270 542 0 1 17 44 67 166 342 387 1 12 37 57 157 349 374 37 
885 46 32 15 21 14 4 7 861 72 34 14 20 10 7 6 899 48 27 15 18 10 3 4 
517 226 143 89 31 10 4 4 515 241 127 92 33 7 5 4 766 124 74 41 15 4 0 0 
182 118 98 75 86 101 106 258 182 131 102 81 91 114 99 224 661 193 99 49 18 4 0 0 
82 33 67 102 106 161 139 334 73 50 73 101 134 133 121 339 644 203 120 50 6 1 0 0 
138 124 66 68 138 165 109 216 176 94 73 99 167 126 99 190 691 148 100 64 17 4 0 0 
37 55 88 129 143 125 124 323 31 59 86 117 164 136 107 324 526 288 139 54 12 5 0 0 
108 158 115 116 108 109 84 226 63 145 155 132 133 104 85 207 617 210 121 51 18 6 1 0 
18 44 126 242 216 117 105 156 15 31 109 206 220 163 116 164 465 259 161 86 39 13 1 0 
25 43 79 117 200 147 115 298 36 43 82 139 180 145 113 286 466 263 182 72 26 12 3 0 
0 6 26 87 159 218 180 348 0 10 35 108 164 220 161 326 456 289 205 65 9 0 0 0 
27 70 109 165 172 169 115 197 64 66 123 156 179 146 114 176 521 205 157 94 36 11 0 0 
2 30 78 137 195 210 159 213 0 18 86 123 213 224 161 199 473 262 180 81 27 1 0 0 
13 63 121 186 152 138 105 246 12 67 115 189 167 128 108 238 469 236 181 95 39 4 0 0 
25 70 96 119 133 135 137 309 22 92 107 107 137 128 132 299 562 245 134 55 19 9 0 0 
27 51 76 126 184 177 150 233 24 61 85 152 188 157 139 218 506 256 162 69 25 5 1 0 
12 58 97 138 176 132 118 293 9 41 94 129 203 147 137 264 421 267 201 101 31 3 0 0 
33 73 167 235 232 135 66 83 37 62 128 177 264 196 83 77 348 299 234 94 40 8 1 0 
53 126 161 173 146 82 95 188 58 107 162 172 144 115 90 176 504 232 152 81 42 12 1 0 
9 35 100 199 202 134 121 224 32 79 143 178 223 149 75 145 336 270 225 132 50 8 3 0 
23 61 100 110 182 191 176 181 146 136 162 171 177 121 56 55 328 206 213 165 75 28 9 0 
3 27 109 144 207 201 156 177 272 194 186 159 122 43 29 19 450 209 175 112 59 14 4 1 
0 6 21 120 241 238 188 210 373 243 182 121 63 38 4 0 440 245 154 103 63 19 0 0 
0 11 46 156 218 240 162 191 371 223 165 122 86 53 3 1 409 210 153 128 85 34 5 0 
4 33 74 143 243 221 160 146 216 164 126 174 190 86 47 21 248 177 155 200 159 68 16 1 
6 39 112 150 208 206 156 147 159 121 136 150 178 135 94 51 245 170 216 179 104 69 41 0 
3 33 99 162 229 254 166 78 145 138 160 165 173 137 79 27 211 200 194 215 136 53 13 2 
16 30 92 187 263 252 132 52 35 63 120 218 274 214 83 17 84 160 234 293 183 62 8 0 
4 21 155 409 180 121 68 66 4 24 196 376 165 121 74 64 61 149 337 273 92 65 31 16 
181 340 335 101 53 12 1 1 120 376 367 109 40 11 1 0 282 491 176 60 13 1 1 0 
404 234 117 76 69 60 37 27 261 274 172 88 72 69 50 38 412 260 130 70 66 47 29 10 
16 63 117 161 188 192 147 140 10 51 115 139 186 212 145 166 32 119 170 151 219 147 124 62 
2 7 43 90 125 192 210 355 2 20 62 103 160 179 276 222 15 62 96 167 184 297 202 1 
670 284 34 19 15 2 0 0 574 366 36 23 22 3 0 0 710 248 32 21 12 1 0 0 
775 86 75 59 17 9 3 0 700 121 60 78 41 13 9 2 889 82 37 13 3 0 0 0 
75 131 185 239 124 79 81 110 88 131 175 207 151 92 79 101 639 192 116 50 22 4 1 0 
24 67 78 95 138 157 151 314 18 65 102 117 155 154 149 264 657 211 107 35 14 0 0 0 
142 190 240 182 144 57 29 40 80 150 233 233 159 91 38 40 577 236 136 57 16 2 0 0 
6 21 109 170 217 176 139 186 5 11 78 160 272 173 128 197 527 236 149 85 25 2 0 0 
31 83 141 153 159 138 119 200 28 81 136 156 172 136 129 186 552 227 143 80 19 3 0 0 
141 160 200 207 143 85 44 44 49 137 176 243 213 101 55 50 509 260 167 68 15 5 0 0 
182 166 152 132 117 82 63 130 121 188 158 128 133 95 74 127 585 216 110 68 31 11 3 0 
82 103 133 140 131 90 80 265 63 80 142 128 151 110 98 252 481 256 176 90 20 1 0 0 
40 143 176 147 168 91 96 163 53 115 161 167 171 116 81 160 512 224 147 100 29 9 3 0 
2 28 71 124 133 137 119 410 2 21 68 142 154 137 121 379 482 287 161 67 25 2 0 0 
24 65 129 148 169 132 112 245 3 50 109 190 179 146 112 235 492 260 171 68 26 7 0 0 
55 75 85 130 161 144 121 253 36 86 100 124 176 174 106 222 468 244 173 100 26 13 0 0 
124 188 151 127 134 79 99 122 203 171 114 147 126 82 77 104 618 180 144 75 6 1 0 0 
7 49 96 151 134 183 172 232 335 181 162 131 86 66 35 28 389 202 168 120 79 51 15 0 
52 86 117 193 187 132 108 149 365 198 129 126 94 71 35 6 471 174 135 107 70 52 14 1 
45 55 94 130 165 180 171 184 266 222 167 129 85 91 46 18 363 205 174 110 80 58 27 7 
8 27 90 179 215 175 174 156 103 118 174 261 204 99 46 19 133 165 223 254 156 74 19 0 
0 8 51 196 345 238 109 77 5 30 121 355 296 140 59 18 12 66 216 376 231 92 28 3 
2 36 137 196 257 224 111 61 135 95 175 196 236 118 56 13 226 202 240 204 101 39 11 1 
1 33 78 196 258 228 127 103 72 78 128 208 250 166 90 32 163 210 255 227 106 46 17 0 
0 6 45 143 257 253 155 165 9 16 96 191 276 199 125 112 32 104 194 260 218 119 89 8 
0 27 89 191 197 157 116 247 0 37 95 208 195 146 132 211 49 86 171 194 166 127 178 53 
16 53 120 182 212 183 116 142 32 76 146 216 190 132 117 115 84 153 218 188 152 94 127 8 
2 26 78 120 189 220 257 132 16 46 113 138 162 208 250 91 40 98 175 184 151 214 148 14 
32 109 209 151 241 176 78 28 30 111 265 219 230 120 40 9 169 253 221 230 107 42 2 0 
9 179 463 220 67 44 29 13 41 220 431 214 54 35 19 10 124 297 453 85 33 21 7 4 
576 250 159 39 0 0 0 0 399 362 202 59 2 0 0 0 564 278 148 34 0 0 0 0 
317 176 139 90 73 98 78 53 169 228 162 121 77 90 96 81 355 180 157 94 90 87 61 0 
140 288 221 158 76 71 39 31 87 261 241 190 92 84 34 35 240 312 191 119 79 48 28 7 
1 39 56 40 45 184 327 332 12 48 52 36 95 254 339 188 28 68 52 109 259 341 167 0 
499 525 0 0 0 0 0 0 239 785 0 0 0 0 0 0 556 468 0 0 0 0 0 0 
999 25 0 0 0 0 0 0 829 195 0 0 0 0 0 0 999 25 0 0 0 0 0 0 
627 257 88 19 9 11 8 5 552 398 32 10 7 11 9 5 817 162 7 12 4 10 9 3 
61 213 164 119 158 125 84 100 327 119 90 104 129 123 70 62 596 120 82 88 90 43 4 1 
110 195 147 135 98 127 100 112 192 208 141 169 108 68 62 76 609 182 109 53 45 22 3 1 
13 34 92 161 183 160 165 216 103 93 135 197 172 119 102 103 403 263 181 114 43 17 3 0 
305 128 87 114 141 102 59 88 184 227 110 149 140 86 56 72 640 249 72 29 15 11 7 1 
253 527 100 62 40 28 8 6 73 652 135 56 53 34 13 8 331 571 53 42 21 6 0 0 
83 87 125 219 213 136 77 84 182 128 135 163 193 119 51 53 535 230 138 68 37 14 2 0 
16 61 90 95 145 170 169 278 195 170 131 132 111 81 68 136 503 227 168 72 35 15 4 0 
208 191 135 168 117 74 57 74 217 221 126 135 150 78 45 52 538 189 162 68 51 14 2 0 
68 138 136 136 151 143 93 159 174 246 193 192 107 65 29 18 520 209 140 80 39 19 15 2 
67 149 198 183 166 99 57 105 173 239 217 175 111 74 27 8 477 245 154 76 32 31 9 0 
12 59 67 105 209 198 161 213 431 204 133 90 80 53 27 6 519 184 122 103 67 24 5 0 
17 57 79 123 170 208 171 199 324 223 168 142 95 44 23 5 427 192 165 134 63 34 9 0 
12 61 84 131 199 240 159 138 139 112 164 221 192 118 63 15 160 118 193 230 204 77 32 10 
0 11 64 165 277 261 144 102 26 67 120 247 286 162 88 28 60 85 205 285 219 122 45 3 
15 31 82 168 224 214 124 166 21 51 103 201 223 187 115 123 80 129 180 215 177 119 106 18 
5 18 65 96 153 174 166 347 8 23 71 107 136 173 179 327 43 78 130 140 153 121 162 197 
43 137 199 187 158 84 94 122 127 175 173 177 116 67 84 105 141 183 184 185 84 85 108 54 
18 82 163 178 154 77 125 227 49 110 191 148 119 74 134 199 151 189 164 114 74 73 200 59 
2 71 126 115 102 129 175 304 10 76 130 117 104 134 167 286 66 83 157 120 118 124 225 131 
91 149 188 50 51 81 178 236 84 157 193 57 52 88 207 186 131 177 154 63 74 162 211 52 
4 326 521 40 20 22 31 60 0 250 614 32 20 24 31 53 19 544 316 27 24 23 42 29 
351 369 248 28 20 7 1 0 320 263 382 31 20 7 1 0 399 477 108 23 14 3 0 0 
77 611 151 38 36 52 40 19 28 545 266 37 37 51 41 19 87 691 68 39 41 59 31 8 
491 350 160 22 0 1 0 0 446 359 193 25 0 1 0 0 536 386 92 9 1 0 0 0 
531 376 95 15 7 0 0 0 384 514 91 19 14 2 0 0 659 313 38 13 1 0 0 0 
564 72 38 83 98 76 55 38 482 120 51 66 91 88 71 55 602 60 86 95 78 61 33 9 
100 101 110 125 135 131 160 162 47 117 105 130 150 135 153 187 172 130 130 148 149 164 115 16 
7 55 93 108 120 166 215 260 9 58 107 115 141 201 217 176 53 99 151 155 201 214 137 14 
0 0 1 8 51 164 348 452 0 0 3 31 84 250 381 275 0 2 28 83 250 372 253 36 
945 79 0 0 0 0 0 0 830 194 0 0 0 0 0 0 931 93 0 0 0 0 0 0 
1009 12 3 0 0 0 0 0 997 23 4 0 0 0 0 0 1009 12 3 0 0 0 0 0 
394 131 135 111 111 81 50 11 329 173 131 124 120 86 53 8 363 212 123 122 96 74 31 3 
159 315 284 165 87 12 2 0 97 314 297 194 95 25 2 0 162 344 299 150 59 9 1 0 
334 554 58 26 13 11 13 15 110 724 111 25 22 9 8 15 224 658 83 26 14 7 9 3 
388 130 149 130 88 49 45 45 680 199 56 44 25 10 7 3 777 136 48 40 8 9 6 0 
655 216 52 42 25 18 11 5 625 341 28 15 10 2 2 1 821 173 19 6 4 1 0 0 
165 846 10 2 1 0 0 0 18 986 15 2 3 0 0 0 267 752 2 3 0 0 0 0 
98 173 131 149 143 135 98 97 430 190 160 106 70 41 20 7 481 178 153 106 59 34 9 4 
57 116 123 132 160 169 131 136 508 195 123 79 49 33 22 15 522 198 115 79 39 39 21 11 
7 60 167 191 176 174 106 143 186 133 268 212 112 61 38 14 226 170 251 212 84 55 20 6 
13 89 246 191 170 123 84 108 334 166 209 152 95 49 16 3 361 172 214 171 69 32 5 0 
26 78 123 185 201 189 143 79 154 189 232 212 151 58 25 3 306 304 222 118 52 20 2 0 
30 89 119 198 203 172 106 107 70 117 144 211 186 140 91 65 238 219 214 156 101 68 28 0 
158 336 110 102 114 117 53 34 182 356 191 111 90 58 23 13 378 360 152 75 41 14 4 0 
368 472 55 21 32 33 26 17 323 513 108 30 31 19 0 0 512 381 57 31 32 8 3 0 
181 192 441 94 31 18 14 53 166 242 488 41 17 15 26 29 229 426 260 30 15 17 30 17 
85 308 163 84 72 63 109 140 36 308 195 97 80 79 118 111 121 317 148 98 83 102 109 46 
14 284 262 92 89 79 100 104 12 123 393 120 94 80 119 83 16 121 395 133 97 105 120 37 
2 413 519 42 20 19 6 3 2 136 781 54 21 17 7 6 0 166 745 62 22 19 7 3 
421 447 121 15 8 5 4 3 300 409 280 13 9 6 4 3 416 426 148 14 8 6 3 3 
16 787 221 0 0 0 0 0 8 502 513 1 0 0 0 0 21 809 194 0 0 0 0 0 
365 477 178 4 0 0 0 0 326 363 329 6 0 0 0 0 438 467 115 4 0 0 0 0 
319 582 114 9 0 0 0 0 155 651 208 10 0 0 0 0 245 706 69 4 0 0 0 0 
632 372 18 2 0 0 0 0 531 409 79 5 0 0 0 0 554 444 23 3 0 0 0 0 
806 203 14 1 0 0 0 0 579 409 33 3 0 0 0 0 622 382 19 1 0 0 0 0 
511 129 81 72 71 64 52 44 427 153 112 75 74 69 52 62 538 132 102 84 62 57 48 1 
330 196 122 103 95 74 57 47 176 285 153 106 107 82 59 56 441 189 131 95 69 52 42 5 
242 266 186 138 100 57 25 10 197 271 194 157 102 58 33 12 432 247 172 100 42 22 9 0 
4 48 56 102 191 206 216 201 8 53 75 120 217 226 200 125 79 83 156 201 209 179 110 7 
0 1 5 24 84 201 320 389 0 1 11 47 123 275 298 269 4 7 59 139 279 286 240 10 
0 0 1 17 120 289 325 272 0 0 3 51 196 317 302 155 0 1 45 198 314 304 154 8 
1024 0 0 0 0 0 0 0 1024 0 0 0 0 0 0 0 1024 0 0 0 0 0 0 0 
1024 0 0 0 0 0 0 0 865 159 0 0 0 0 0 0 1003 21 0 0 0 0 0 0 
751 143 22 27 37 34 9 1 446 438 27 30 36 36 10 1 569 324 27 33 42 22 7 0 
224 402 182 108 67 32 8 1 99 446 240 124 68 37 8 2 192 431 218 98 57 21 6 1 
340 666 12 6 0 0 0 0 93 880 44 5 2 0 0 0 215 779 23 5 2 0 0 0 
718 306 0 0 0 0 0 0 554 470 0 0 0 0 0 0 675 349 0 0 0 0 0 0 
476 548 0 0 0 0 0 0 221 803 0 0 0 0 0 0 452 572 0 0 0 0 0 0 
430 582 12 0 0 0 0 0 315 678 31 0 0 0 0 0 456 554 14 0 0 0 0 0 
636 373 15 0 0 0 0 0 268 599 157 0 0 0 0 0 285 521 218 0 0 0 0 0 
498 484 42 0 0 0 0 0 358 348 300 18 0 0 0 0 361 249 360 54 0 0 0 0 
475 402 121 24 2 0 0 0 287 466 208 58 5 0 0 0 366 240 296 97 24 1 0 0 
421 490 87 26 0 0 0 0 295 508 145 69 7 0 0 0 405 292 233 74 20 0 0 0 
461 328 185 34 14 2 0 0 373 400 174 60 13 4 0 0 496 271 146 100 11 0 0 0 
403 437 109 29 27 16 3 0 320 447 176 43 28 9 1 0 403 423 135 52 10 1 0 0 
527 489 8 0 0 0 0 0 441 540 43 0 0 0 0 0 621 403 0 0 0 0 0 0 
618 406 0 0 0 0 0 0 506 512 6 0 0 0 0 0 853 171 0 0 0 0 0 0 
3 410 611 0 0 0 0 0 0 282 742 0 0 0 0 0 56 795 173 0 0 0 0 0 
175 763 86 0 0 0 0 0 41 819 164 0 0 0 0 0 115 877 32 0 0 0 0 0 
237 705 66 7 4 4 1 0 126 731 149 9 4 4 1 0 286 621 100 8 4 4 1 0 
181 542 301 0 0 0 0 0 116 358 548 2 0 0 0 0 174 409 440 1 0 0 0 0 
528 449 37 10 0 0 0 0 287 593 128 14 2 0 0 0 437 531 46 10 0 0 0 0 
531 448 42 3 0 0 0 0 259 624 135 6 0 0 0 0 317 613 88 6 0 0 0 0 
789 170 54 10 1 0 0 0 670 226 99 24 5 0 0 0 724 191 89 16 4 0 0 0 
485 171 108 71 34 42 43 70 296 287 129 100 43 40 41 88 435 203 131 79 42 48 67 19 
287 164 116 113 97 97 74 76 190 207 131 118 104 105 73 96 298 182 138 133 99 71 69 34 
685 180 39 16 20 34 29 21 580 249 71 17 21 36 29 21 715 159 38 35 31 22 16 8 
432 248 84 42 45 72 82 19 285 349 108 68 57 105 44 8 562 171 76 72 103 32 7 1 
90 118 86 71 84 232 216 127 82 125 91 86 154 271 157 58 205 119 74 176 258 154 38 0 
9 24 29 44 98 203 284 333 17 24 40 68 148 248 284 195 39 44 70 150 251 274 191 5 
0 1 11 38 102 216 272 384 0 6 22 58 161 252 295 230 4 21 59 154 250 290 207 39 
0 0 4 16 80 219 334 371 0 0 10 28 143 271 334 238 0 9 23 139 275 330 228 20 
0 0 1 17 77 255 342 332 0 1 3 30 144 308 341 197 1 2 26 119 302 332 229 13 
