0 29 224 515 184 51 19 2 0 0 4 69 440 417 70 24 0 0 49 407 354 143 58 13 
0 0 12 241 356 166 231 18 0 0 0 1 89 485 210 239 0 0 4 160 276 241 259 84 
0 2 15 28 43 103 739 94 0 0 1 6 32 64 136 785 0 1 5 26 43 59 332 558 
0 0 0 0 18 191 604 211 0 0 0 0 0 33 241 750 0 0 0 0 10 102 463 449 
0 0 12 267 495 179 65 6 0 0 0 2 210 541 228 43 0 0 0 33 437 432 121 1 
0 25 135 269 308 185 79 23 0 0 23 110 304 332 204 51 0 19 82 230 312 219 108 54 
0 19 215 240 192 188 141 29 0 0 37 228 236 221 188 114 0 7 109 310 239 182 133 44 
0 60 291 259 164 129 109 12 0 0 62 326 255 175 156 50 0 2 187 346 211 157 100 21 
0 142 314 207 158 146 48 9 0 10 244 160 267 203 119 21 0 68 371 200 109 141 96 39 
4 125 252 319 220 65 31 8 0 14 198 269 321 151 53 18 0 66 239 276 235 133 61 14 
1 74 477 234 116 59 62 1 0 2 138 402 273 116 69 24 0 52 488 214 119 73 52 26 
0 103 448 265 120 67 19 2 0 0 164 412 286 127 29 6 0 23 566 259 122 42 11 1 
0 101 600 141 70 72 30 10 0 0 389 387 111 106 20 11 0 55 641 182 89 29 18 10 
0 168 587 163 61 34 10 1 0 0 585 308 80 32 18 1 0 14 702 191 66 37 12 2 
0 38 358 276 80 77 93 102 0 0 320 301 133 84 97 89 0 1 335 326 96 89 91 86 
0 0 33 51 56 116 402 366 0 0 8 70 51 118 309 468 0 0 9 57 39 100 209 610 
0 0 2 29 76 232 577 108 0 0 0 14 46 175 374 415 0 0 0 8 34 82 301 599 
0 0 0 0 0 122 580 322 0 0 0 0 0 34 264 726 0 0 0 0 0 12 219 793 
0 0 0 0 0 142 741 141 0 0 0 0 0 84 327 613 0 0 0 0 7 38 261 718 
0 0 0 0 0 111 873 40 0 0 0 0 0 88 405 531 0 0 0 0 0 18 169 837 
0 0 0 1 22 179 800 22 0 0 0 0 14 126 549 335 0 0 0 0 7 51 232 734 
0 5 102 233 262 205 191 26 0 0 89 220 236 235 198 46 3 11 102 231 193 207 158 119 
10 169 421 276 90 42 15 1 0 92 106 425 303 81 17 0 13 192 402 312 84 19 2 0 
22 416 363 211 9 2 1 0 1 367 265 356 31 3 1 0 20 365 173 179 273 13 1 0 
1 113 359 327 148 52 17 7 0 0 47 330 365 206 54 22 0 109 236 244 259 119 39 18 
0 28 151 254 196 178 141 76 0 1 19 154 268 234 196 152 0 38 87 263 206 159 156 115 
0 24 111 141 192 219 225 112 0 0 14 148 160 224 234 244 0 18 116 136 199 220 230 105 
0 2 35 72 85 156 371 303 0 0 2 40 96 119 258 509 0 7 38 66 91 130 472 220 
0 13 48 106 233 296 266 62 0 0 22 51 105 292 347 207 0 9 46 81 210 328 273 77 
1 48 226 259 173 143 99 75 0 1 52 214 295 200 136 126 0 27 191 245 185 157 120 99 
0 34 179 271 223 128 117 72 0 4 56 186 281 228 144 125 1 56 206 254 201 109 116 81 
0 10 144 228 169 185 208 80 0 1 8 144 239 206 248 178 0 19 159 214 143 133 227 129 
1 87 213 287 197 125 79 35 0 9 121 235 269 196 121 73 0 42 214 238 255 117 97 61 
0 281 472 235 30 6 0 0 0 16 467 315 200 21 5 0 0 114 543 253 99 11 4 0 
0 66 317 371 165 77 28 0 0 0 104 401 334 119 53 13 0 20 258 380 250 64 51 1 
0 0 186 439 237 111 51 0 0 0 14 281 399 210 108 12 0 2 170 426 233 128 61 4 
0 0 37 405 316 142 119 5 0 0 0 128 394 320 155 27 0 1 58 504 220 93 95 53 
0 0 46 273 366 281 51 7 0 0 10 152 293 430 131 8 0 0 55 683 249 36 1 0 
0 0 0 39 211 422 189 163 0 0 0 18 135 642 210 19 0 0 18 361 513 98 34 0 
0 0 0 0 31 145 394 454 0 0 0 2 46 275 312 389 0 0 0 17 155 179 182 491 
0 0 0 0 105 325 517 77 0 0 0 0 89 302 421 212 0 0 0 2 86 243 335 358 
0 0 0 0 46 208 615 155 0 0 0 0 17 154 446 407 0 0 0 1 27 124 355 517 
0 0 0 1 67 342 552 62 0 0 0 1 34 269 512 208 0 0 0 1 30 212 428 353 
0 0 0 24 145 341 466 48 0 0 0 10 85 293 494 142 0 0 0 16 83 256 407 262 
0 0 0 2 76 299 636 11 0 0 0 0 22 197 640 165 0 0 0 0 27 153 436 408 
0 0 52 150 221 288 298 15 0 0 51 114 168 284 350 57 0 0 73 113 138 256 343 101 
2 237 442 249 74 18 2 0 0 21 178 510 251 51 13 0 0 119 497 287 84 34 3 0 
35 516 219 130 90 28 6 0 2 410 256 129 116 96 14 1 52 515 203 125 102 25 2 0 
4 234 358 192 145 77 14 0 0 5 227 382 191 135 73 11 3 123 341 253 124 116 59 5 
4 129 255 222 166 130 100 18 0 37 137 272 208 163 134 73 0 91 255 203 172 145 80 78 
0 8 203 257 276 228 48 4 0 0 9 153 318 332 184 28 2 14 200 200 229 241 114 24 
1 74 271 219 216 144 91 8 0 6 98 285 236 209 146 44 0 36 212 225 201 188 119 43 
0 40 191 193 226 190 149 35 0 6 82 183 233 220 196 104 0 25 146 187 217 184 172 93 
0 129 303 285 149 87 59 12 0 10 157 312 263 146 78 58 0 45 274 320 172 115 59 39 
2 52 285 255 186 134 98 12 0 2 67 270 274 230 164 17 0 56 215 272 168 175 118 20 
0 91 334 319 184 67 24 5 0 0 124 397 316 128 47 12 0 40 270 327 237 107 38 5 
0 154 264 278 203 95 28 2 0 9 229 257 255 197 69 8 0 65 334 256 186 118 57 8 
0 346 325 204 118 29 2 0 0 14 456 215 203 106 29 1 0 208 440 205 131 37 3 0 
2 79 440 220 93 51 139 0 0 1 100 456 210 74 153 30 1 57 461 212 103 33 107 50 
0 10 275 432 228 78 1 0 0 0 17 239 421 215 130 2 0 8 310 403 243 52 8 0 
0 0 86 293 408 217 20 0 0 0 0 56 304 338 317 9 0 0 122 311 391 148 52 0 
0 0 8 170 330 380 118 18 0 0 0 9 191 459 335 30 0 0 59 247 426 190 83 19 
0 0 0 87 401 395 104 37 0 0 0 0 91 625 296 12 0 0 7 267 445 265 40 0 
0 0 0 86 337 235 267 99 0 0 0 1 179 500 267 77 0 0 1 222 402 167 155 77 
0 0 0 67 290 310 191 166 0 0 0 15 255 520 221 13 0 0 9 164 434 275 120 22 
0 0 0 41 320 281 130 252 0 0 0 7 378 499 137 3 0 0 14 183 396 330 97 4 
0 0 0 144 407 278 138 57 0 0 0 10 398 382 197 37 0 0 2 199 385 255 97 86 
0 0 26 298 351 233 89 27 0 0 0 30 370 387 216 21 0 0 25 217 357 276 114 35 
0 4 79 287 329 159 43 123 0 0 2 79 332 354 230 27 0 1 98 268 381 184 77 15 
2 32 237 286 246 137 66 18 0 12 92 212 295 240 153 20 2 29 211 242 171 140 111 118 
22 185 360 265 129 55 8 0 0 44 159 374 264 133 46 4 21 184 347 276 127 54 14 1 
1 115 348 368 161 24 7 0 0 0 89 290 427 168 33 17 0 51 354 394 158 38 26 3 
0 102 339 304 106 94 43 36 0 1 86 379 324 103 82 49 0 47 187 310 255 80 81 64 
0 63 291 247 277 129 17 0 0 0 109 309 229 251 122 4 0 38 191 257 172 232 125 9 
2 38 158 186 324 207 101 8 0 6 58 166 218 315 215 46 1 31 108 152 207 279 179 67 
1 14 97 177 239 331 123 42 0 3 30 114 200 229 287 161 0 4 87 109 199 332 214 79 
4 69 279 228 149 121 128 46 0 18 137 311 167 140 153 98 0 30 212 272 142 124 143 101 
14 149 253 184 159 122 128 15 1 23 208 245 164 177 154 52 5 45 256 238 152 113 140 75 
0 111 339 195 202 128 43 6 0 3 173 333 199 184 100 32 0 30 254 296 201 140 75 28 
0 140 309 233 187 106 46 3 0 0 210 272 253 175 96 18 0 28 316 239 216 142 70 13 
0 129 390 332 160 13 0 0 0 2 274 327 302 114 5 0 0 40 366 289 256 71 2 0 
0 150 634 173 54 11 2 0 0 0 376 438 153 46 9 2 0 66 658 192 81 25 2 0 
0 139 347 234 242 61 1 0 0 0 156 336 284 214 34 0 0 76 305 324 236 83 0 0 
0 0 89 210 450 237 38 0 0 0 0 77 234 258 436 19 0 0 90 259 522 115 34 4 
0 0 135 454 306 129 0 0 0 0 0 167 423 209 225 0 0 0 137 457 406 24 0 0 
0 0 1 139 380 315 100 89 0 0 0 14 193 456 287 74 2 14 110 341 407 141 9 0 
0 0 2 245 433 217 96 31 0 0 0 0 229 518 225 52 0 0 24 480 434 65 17 4 
0 0 0 342 542 126 12 2 0 0 0 0 246 645 132 1 0 0 29 632 320 43 0 0 
0 0 15 401 467 91 34 16 0 0 0 34 411 458 118 3 0 0 72 645 279 25 3 0 
0 0 1 219 518 165 82 39 0 0 0 43 500 390 82 9 0 0 63 599 320 34 8 0 
0 0 9 283 365 159 140 68 0 0 0 20 413 357 200 34 0 0 6 419 302 124 78 95 
0 0 32 292 355 184 113 48 0 0 0 30 328 407 201 58 0 0 24 282 330 195 133 60 
0 1 223 357 187 140 74 42 0 0 3 268 450 222 79 2 0 0 260 417 185 110 50 2 
1 261 411 225 95 26 5 0 0 2 288 456 219 50 9 0 0 249 504 190 66 13 2 0 
118 497 316 82 9 1 1 0 11 177 434 296 92 12 1 1 44 463 372 126 17 1 1 0 
304 401 155 119 36 8 1 0 63 466 205 169 93 19 8 1 211 457 135 92 103 23 3 0 
2 107 176 168 84 72 72 343 0 12 135 206 144 103 98 326 19 178 265 320 116 69 31 26 
5 127 356 260 195 65 13 3 0 19 187 353 272 142 38 13 0 65 271 315 229 111 30 3 
3 117 317 290 235 51 10 1 0 10 211 317 308 135 37 6 0 54 266 285 280 113 24 2 
1 114 203 282 270 137 16 1 0 9 148 203 306 231 121 6 0 63 218 235 236 184 83 5 
13 126 349 254 131 123 28 0 0 22 254 315 190 138 103 2 6 52 337 290 140 113 84 2 
0 124 400 242 99 80 54 25 0 0 208 370 214 104 76 52 0 21 259 342 202 85 78 37 
1 100 242 215 133 162 164 7 0 17 115 262 195 160 216 59 1 61 190 194 184 143 198 53 
0 181 399 250 127 31 34 2 0 0 349 349 201 69 33 23 0 46 478 294 141 23 26 16 
0 46 221 365 263 127 2 0 0 0 150 194 386 225 67 2 0 13 199 282 383 98 49 0 
0 13 162 239 342 241 27 0 0 0 26 171 264 389 169 5 0 7 100 210 260 352 95 0 
0 9 219 464 240 90 2 0 0 0 29 401 346 200 48 0 0 4 145 552 234 88 1 0 
0 0 197 464 287 75 1 0 0 0 4 246 455 207 112 0 0 0 156 413 376 75 4 0 
0 0 25 348 449 195 6 1 0 0 0 26 402 411 184 1 0 0 31 348 462 170 13 0 
0 0 36 175 382 265 154 12 0 0 0 44 263 433 253 31 0 20 116 233 367 230 56 2 
0 0 0 63 287 503 152 19 0 0 0 0 5 212 724 83 0 0 5 194 507 241 75 2 
0 0 0 88 386 363 181 6 0 0 0 0 44 449 522 9 0 0 1 179 481 309 54 0 
0 0 0 0 710 253 56 5 0 0 0 0 0 87 922 15 0 0 0 30 880 100 14 0 
0 0 1 87 872 64 0 0 0 0 0 2 57 364 601 0 0 0 4 98 895 27 0 0 
0 0 4 162 780 70 8 0 0 0 0 0 112 424 486 2 0 0 10 176 773 55 10 0 
0 0 42 207 530 126 58 61 0 0 0 67 236 408 295 18 0 0 49 323 514 105 25 8 
0 2 178 277 323 145 85 14 0 0 24 234 169 325 209 63 0 1 198 321 287 122 64 31 
0 152 173 381 226 76 16 0 0 0 270 94 156 394 80 30 0 152 302 302 181 51 33 3 
27 215 143 347 243 48 1 0 1 119 179 89 187 382 64 3 14 224 135 329 166 121 35 0 
41 214 81 169 408 101 10 0 3 193 83 103 287 330 24 1 20 201 109 163 230 232 69 0 
0 7 35 38 159 229 239 317 0 0 2 44 52 131 351 444 2 17 139 156 86 154 251 219 
3 128 304 376 152 30 6 25 0 14 209 300 309 123 41 28 0 72 258 334 312 46 2 0 
14 141 290 258 174 48 64 35 0 28 203 282 222 158 56 75 2 84 234 285 204 105 43 67 
19 169 194 249 203 128 62 0 0 51 177 198 244 194 150 10 5 83 179 226 202 171 130 28 
0 294 458 215 34 12 11 0 0 32 321 418 196 37 19 1 0 110 348 390 144 15 13 4 
2 333 288 253 65 56 27 0 0 95 346 203 231 84 58 7 0 187 328 208 185 74 37 5 
1 292 385 192 55 60 33 6 0 5 439 309 136 80 31 24 0 82 430 287 107 68 39 11 
0 47 279 248 214 151 80 5 0 0 177 266 210 243 99 29 0 18 286 240 195 198 82 5 
0 58 476 246 115 122 3 4 0 0 297 322 244 81 75 5 0 8 428 244 198 65 76 5 
0 0 426 388 138 67 5 0 0 0 33 631 267 70 23 0 0 0 222 531 192 74 5 0 
0 0 364 446 188 23 3 0 0 0 48 510 300 143 21 2 0 6 287 452 231 45 2 1 
0 1 234 419 361 8 1 0 0 0 7 291 422 299 5 0 0 0 109 410 447 57 1 0 
0 0 69 371 394 178 12 0 0 0 0 155 456 320 89 4 0 0 58 458 337 166 5 0 
0 0 1 28 232 543 218 2 0 0 0 3 121 329 565 6 0 0 1 81 269 484 189 0 
0 0 0 9 214 457 335 9 0 0 0 0 8 417 574 25 0 0 0 6 238 537 240 3 
0 0 0 276 445 251 52 0 0 0 0 0 183 583 247 11 0 0 1 440 390 164 29 0 
0 0 0 72 688 200 57 7 0 0 0 0 43 613 356 12 0 0 0 226 596 159 43 0 
0 0 0 98 465 412 35 14 0 0 0 0 92 656 265 11 0 0 0 75 499 334 116 0 
0 0 5 337 391 273 18 0 0 0 0 15 324 534 134 17 0 0 3 360 319 251 89 2 
0 0 0 126 490 372 34 2 0 0 0 19 92 579 308 26 0 0 7 132 345 355 175 10 
0 0 10 314 474 197 29 0 0 0 0 27 226 599 156 16 0 0 70 303 389 219 40 3 
0 0 11 203 411 334 64 1 0 0 0 32 226 560 181 25 0 0 68 223 249 338 137 9 
0 0 0 15 370 495 139 5 0 0 0 0 78 652 232 62 0 0 1 26 117 567 279 34 
0 0 12 121 464 364 58 5 0 0 0 21 217 619 150 17 0 9 92 149 257 372 134 11 
0 103 190 76 57 134 209 255 0 0 113 197 91 61 174 388 8 52 293 143 45 46 151 286 
0 109 406 304 25 29 16 135 0 7 251 353 226 30 26 131 7 82 328 324 175 17 8 83 
28 573 343 78 1 1 0 0 1 170 546 241 64 2 0 0 6 388 425 193 11 1 0 0 
6 278 476 148 47 33 36 0 0 72 329 398 113 48 46 18 0 127 425 309 68 37 36 22 
6 672 193 104 48 1 0 0 0 230 526 138 97 33 0 0 0 400 410 117 89 8 0 0 
0 484 193 129 109 104 5 0 0 209 349 148 121 128 68 1 0 282 304 142 109 128 59 0 
0 186 354 248 137 65 32 2 0 7 266 350 217 111 64 9 0 58 288 339 197 88 40 14 
0 13 150 358 324 135 42 2 0 0 44 261 356 276 75 12 0 0 106 311 314 261 32 0 
0 0 218 269 211 158 145 23 0 0 3 280 324 181 146 90 0 0 119 288 307 187 110 13 
0 0 127 256 257 199 167 18 0 0 0 184 308 254 169 109 0 0 53 241 275 250 196 9 
0 0 16 203 312 261 232 0 0 0 0 48 256 326 247 147 0 0 0 182 300 378 164 0 
0 0 81 438 301 137 65 2 0 0 0 196 445 216 137 30 0 0 33 365 438 140 46 2 
0 0 9 428 403 169 14 1 0 0 0 139 605 251 28 1 0 0 4 435 400 177 8 0 
0 0 0 134 541 309 40 0 0 0 0 4 520 425 55 20 0 0 0 409 448 156 11 0 
0 0 0 25 527 369 102 1 0 0 0 0 204 570 196 54 0 0 0 412 401 178 33 0 
0 0 0 54 647 288 31 4 0 0 0 0 168 677 160 19 0 0 5 451 428 131 9 0 
0 0 0 51 773 196 4 0 0 0 0 0 113 790 120 1 0 0 0 348 630 46 0 0 
0 0 0 57 480 462 25 0 0 0 0 0 35 564 402 23 0 0 5 222 683 109 5 0 
0 0 0 30 537 333 117 7 0 0 0 0 67 570 306 81 0 0 2 223 545 185 66 3 
0 0 0 108 481 351 57 27 0 0 0 27 247 567 180 3 0 0 3 382 477 151 10 1 
0 0 5 284 288 154 135 158 0 0 2 81 473 311 130 27 0 1 61 444 265 117 87 49 
0 0 2 83 221 276 225 217 0 0 6 48 283 374 232 81 0 0 60 227 250 286 113 88 
0 0 8 101 382 402 107 24 0 0 0 27 189 497 286 25 0 2 122 335 357 180 26 2 
0 0 1 106 341 385 104 87 0 0 11 35 153 493 306 26 0 0 55 318 427 195 28 1 
0 0 13 42 30 141 248 550 0 0 7 7 43 18 190 759 0 0 8 13 36 33 193 741 
1 85 249 103 202 141 54 189 0 8 96 254 48 43 307 268 1 34 145 400 67 44 116 217 
8 314 375 147 30 27 34 89 0 129 307 282 135 20 39 112 1 159 258 334 116 23 30 103 
33 687 221 40 21 18 4 0 3 308 527 122 35 17 12 0 5 467 393 95 37 15 12 0 
7 213 327 135 255 73 8 6 0 81 264 255 145 251 21 7 0 134 276 197 171 196 40 10 
0 652 255 52 21 33 10 1 0 60 732 140 36 22 31 3 0 201 637 100 34 26 21 5 
0 831 147 20 18 7 1 0 0 32 884 73 15 17 3 0 0 334 610 47 16 11 6 0 
0 604 300 72 30 15 3 0 0 12 758 178 46 22 8 0 0 157 668 138 28 24 9 0 
0 0 326 266 126 127 153 26 0 0 45 441 155 112 170 101 0 0 263 299 155 157 131 19 
0 0 0 24 75 248 594 83 0 0 0 1 50 152 456 365 0 0 0 20 147 492 342 23 
0 0 0 0 33 224 591 176 0 0 0 0 1 124 270 629 0 0 0 5 128 356 495 40 
0 0 0 16 113 250 452 193 0 0 0 0 89 189 420 326 0 0 0 11 227 357 384 45 
0 0 0 56 205 328 190 245 0 0 0 38 389 368 135 94 0 0 0 95 399 232 194 104 
0 0 0 4 428 363 113 116 0 0 2 94 563 292 47 26 0 0 6 375 500 118 17 8 
0 0 0 5 366 327 270 56 0 0 0 0 78 455 289 202 0 0 46 440 393 129 16 0 
0 0 0 279 507 121 106 11 0 0 0 1 312 535 91 85 0 0 83 439 328 141 28 5 
0 0 0 40 681 250 27 26 0 0 0 0 92 810 107 15 0 0 14 431 516 38 23 2 
0 0 0 27 678 301 13 5 0 0 0 0 21 774 225 4 0 0 0 363 614 36 11 0 
0 0 0 1 129 409 270 215 0 0 0 6 107 525 382 4 0 0 1 94 381 346 177 25 
0 0 0 67 275 154 137 391 0 0 1 15 300 502 192 14 0 0 6 171 268 157 251 171 
0 0 13 119 232 138 79 443 0 0 9 68 365 340 157 85 1 9 137 315 207 87 151 117 
0 0 0 31 143 190 173 487 0 0 5 52 305 277 235 150 8 62 316 194 82 123 162 77 
0 0 0 97 301 330 197 99 0 0 0 10 184 513 250 67 0 25 191 335 324 101 28 20 
0 0 0 87 377 249 150 161 0 5 15 21 131 470 199 183 1 4 52 376 321 66 56 148 
30 553 120 90 79 59 58 35 2 152 480 79 88 72 77 74 7 367 306 121 93 49 42 39 
26 162 278 252 214 38 44 10 4 54 175 215 237 117 188 34 11 104 319 361 129 31 33 36 
5 49 199 216 459 60 36 0 0 6 40 193 179 152 415 39 2 29 148 593 151 54 43 4 
26 345 193 173 255 29 3 0 0 79 321 152 76 57 335 4 8 247 281 364 97 21 6 0 
14 550 395 43 19 3 0 0 0 220 500 256 33 14 1 0 1 369 475 142 29 7 1 0 
0 536 418 43 22 4 1 0 0 13 637 328 16 15 13 2 0 144 720 139 18 3 0 0 
0 558 197 119 100 48 2 0 0 71 518 174 118 104 37 2 0 346 379 133 108 51 6 1 
0 382 521 89 29 3 0 0 0 0 327 564 96 35 2 0 0 87 757 124 41 15 0 0 
0 2 141 163 102 362 252 2 0 0 11 211 93 161 431 117 0 0 72 230 205 424 93 0 
0 0 0 0 67 465 474 18 0 0 0 0 0 183 597 244 0 0 0 6 277 593 148 0 
0 0 0 0 189 452 361 22 0 0 0 0 10 336 571 107 0 0 0 84 423 449 68 0 
0 0 0 162 343 216 217 86 0 0 2 35 353 335 260 39 0 0 6 382 284 267 85 0 
0 0 56 174 114 122 177 381 0 0 197 318 147 83 192 87 0 0 213 218 131 153 165 144 
0 0 237 424 253 88 21 1 0 0 379 478 124 26 15 2 0 1 590 323 87 18 5 0 
0 0 46 171 201 255 259 92 0 0 8 243 192 159 269 153 0 0 130 235 223 282 150 4 
0 0 0 3 175 302 419 125 0 0 0 0 94 242 382 306 0 0 1 146 309 219 314 35 
0 0 0 20 271 503 209 21 0 0 0 2 242 535 229 16 0 0 5 331 567 113 8 0 
0 0 0 2 371 263 178 210 0 0 0 0 129 493 287 115 0 0 1 257 509 163 51 43 
0 0 1 307 229 217 151 119 0 0 0 36 515 285 114 74 0 0 93 437 268 117 47 62 
0 0 28 519 379 67 27 4 0 0 0 75 661 272 16 0 0 0 92 678 209 42 3 0 
0 0 34 455 426 90 16 3 0 0 0 169 541 266 47 1 0 26 394 484 115 5 0 0 
0 0 34 312 482 149 38 9 0 0 0 83 443 425 69 4 0 23 304 449 212 36 0 0 
0 0 74 453 328 119 39 11 0 0 0 137 520 296 69 2 0 114 412 348 131 18 1 0 
0 4 110 348 278 129 95 60 0 3 97 284 403 194 41 2 1 52 338 412 185 36 0 0 
113 251 161 355 128 16 0 0 2 175 180 126 153 330 58 0 46 238 385 250 89 15 1 0 
9 71 154 583 166 37 4 0 1 21 68 115 318 414 71 16 7 35 248 390 275 63 6 0 
1 12 109 329 322 217 34 0 0 0 11 48 212 430 293 30 0 6 20 239 256 290 198 15 
0 303 79 118 19 53 178 274 0 8 308 68 124 15 87 414 0 55 274 108 71 17 84 415 
0 204 381 101 85 28 77 148 0 4 201 407 75 68 67 202 0 66 236 354 101 41 60 166 
0 287 265 135 178 118 40 1 0 0 377 215 131 157 114 30 0 74 439 222 171 86 28 4 
0 53 432 257 139 114 27 2 0 0 87 424 247 142 103 21 0 3 407 333 152 99 20 10 
0 140 552 179 82 57 14 0 0 0 95 592 190 79 62 6 0 28 606 229 101 51 9 0 
0 0 28 139 236 396 222 3 0 0 0 47 206 235 443 93 0 0 42 215 317 368 82 0 
0 0 23 201 272 286 221 21 0 0 0 79 234 258 358 95 0 0 111 307 251 269 84 2 
0 0 18 183 524 258 41 0 0 0 0 106 405 347 157 9 0 0 63 450 394 110 7 0 
0 0 17 357 345 236 64 5 0 0 1 315 405 248 53 2 0 0 107 385 283 203 43 3 
0 0 315 478 164 61 6 0 0 0 542 301 142 36 3 0 0 24 655 206 111 28 0 0 
0 0 602 228 123 63 8 0 0 0 447 366 117 85 9 0 0 25 666 196 91 43 3 0 
0 0 101 328 285 186 98 26 0 0 198 295 250 178 100 3 0 0 306 270 223 166 59 0 
0 0 8 102 263 302 271 78 0 0 0 41 223 282 317 161 0 0 10 139 295 244 225 111 
0 0 10 113 200 265 186 250 0 0 3 84 182 303 280 172 0 0 57 282 270 146 170 99 
0 0 0 13 93 176 244 498 0 0 0 0 84 244 349 347 0 1 104 251 171 118 91 288 
0 0 0 335 208 173 219 89 0 0 0 25 395 223 292 89 0 0 183 501 230 72 27 11 
0 4 180 545 148 70 67 10 0 0 20 301 545 125 30 3 0 9 351 476 149 33 6 0 
0 0 105 483 230 84 46 76 0 0 17 228 617 150 12 0 0 23 314 441 187 57 2 0 
0 0 22 345 431 113 62 51 0 0 24 113 440 415 28 4 0 12 292 514 183 19 4 0 
0 1 218 481 222 75 25 2 0 0 11 300 505 162 34 12 1 171 410 339 69 20 14 0 
0 2 91 178 139 167 257 190 0 0 138 378 253 50 104 101 0 11 284 352 132 41 121 83 
39 89 217 546 130 3 0 0 0 51 99 161 216 436 61 0 19 105 520 286 82 12 0 0 
119 222 420 182 61 20 0 0 0 177 134 152 351 162 42 6 89 296 452 155 24 8 0 0 
160 286 181 97 134 63 101 2 0 359 73 107 161 60 148 116 77 353 157 193 71 40 86 47 
11 323 81 93 125 122 118 151 0 154 217 74 69 126 165 219 4 291 119 128 111 66 103 202 
0 116 169 178 91 117 161 192 0 15 177 219 106 66 165 276 0 33 243 175 107 68 132 266 
0 268 217 86 115 171 101 66 0 0 366 148 81 120 186 123 0 85 370 119 130 126 99 95 
0 189 268 179 141 68 63 116 0 0 292 253 162 105 63 149 0 62 303 189 157 105 58 150 
0 325 292 184 155 61 7 0 0 2 463 273 165 88 31 2 0 129 483 225 139 40 8 0 
0 0 175 324 287 207 31 0 0 0 7 226 367 230 182 12 0 0 240 363 282 133 6 0 
0 0 118 469 387 45 4 1 0 0 0 182 521 297 22 2 0 0 247 584 171 20 2 0 
0 0 0 131 475 370 46 2 0 0 0 49 606 306 62 1 0 0 13 319 431 225 31 5 
0 0 68 485 373 92 6 0 0 0 17 457 490 60 0 0 0 0 233 517 229 45 0 0 
0 2 494 242 103 150 33 0 0 0 465 251 136 172 0 0 0 1 564 196 117 146 0 0 
0 139 732 91 22 28 12 0 0 0 874 102 17 31 0 0 0 174 743 64 15 28 0 0 
0 8 660 109 87 141 19 0 0 0 521 234 87 130 52 0 0 10 676 114 80 141 3 0 
0 0 161 222 385 211 45 0 0 0 78 172 286 402 75 11 0 2 180 308 386 131 17 0 
0 0 28 243 217 145 220 171 0 0 0 90 207 272 286 169 0 0 75 308 189 190 213 49 
0 0 15 253 240 176 165 175 0 0 0 77 381 251 172 143 0 18 290 226 137 121 125 107 
0 0 17 259 329 293 118 8 0 0 0 35 333 401 210 45 0 20 333 441 147 57 23 3 
0 0 22 132 152 193 181 344 0 23 270 380 181 97 38 35 0 65 378 238 171 121 31 20 
0 2 120 236 198 180 181 107 0 6 94 326 310 126 106 56 0 62 308 320 164 124 46 0 
0 12 178 338 166 147 113 70 0 15 148 327 372 109 35 18 0 269 383 254 59 27 28 4 
0 44 590 242 68 45 20 15 0 0 80 462 385 67 19 11 1 240 656 81 27 11 6 2 
0 23 328 206 102 116 163 86 0 0 70 361 188 113 166 126 0 37 342 201 89 128 139 88 
25 189 327 269 117 73 24 0 0 64 147 252 262 197 76 26 9 158 307 202 186 91 61 10 
0 0 137 731 144 12 0 0 0 0 0 5 530 445 44 0 0 0 3 307 582 130 2 0 
2 3 168 578 188 85 0 0 0 2 3 13 481 367 157 1 0 3 22 352 383 182 82 0 
1 12 17 672 230 86 5 1 0 4 10 10 32 780 181 7 1 17 541 196 111 89 69 0 
0 76 86 604 217 37 3 1 0 3 110 110 72 505 221 3 1 61 679 188 74 17 4 0 
1 335 231 282 108 37 26 4 0 5 448 133 65 174 182 17 0 197 516 179 63 28 24 17 
0 404 366 221 33 0 0 0 0 6 529 247 209 33 0 0 2 352 421 228 21 0 0 0 
0 195 422 240 104 56 7 0 0 0 286 432 172 91 41 2 0 119 494 275 99 36 1 0 
0 62 445 338 119 54 6 0 0 0 72 467 309 119 52 5 0 45 584 246 117 31 1 0 
0 7 394 324 240 59 0 0 0 0 27 413 371 188 25 0 0 26 494 352 146 6 0 0 
0 0 267 528 171 45 13 0 0 0 18 680 240 61 24 1 0 11 431 414 124 38 6 0 
0 0 80 61 184 407 290 2 0 0 4 127 235 467 191 0 0 0 83 64 335 467 75 0 
0 0 0 0 302 77 443 202 0 0 0 0 312 186 405 121 0 0 0 146 202 198 328 150 
0 0 0 98 109 66 365 386 0 0 0 82 142 200 386 214 0 0 12 158 111 224 337 182 
0 0 5 121 118 92 331 357 0 0 0 110 168 175 343 228 0 0 99 127 130 202 258 208 
0 0 77 212 242 264 175 54 0 0 0 164 301 258 266 35 0 0 169 283 250 245 61 16 
0 60 174 302 167 207 110 4 0 0 90 156 304 173 225 76 1 63 233 280 177 204 65 1 
0 38 401 257 174 122 30 2 0 0 130 454 217 127 79 17 5 359 365 122 73 86 14 0 
0 83 332 423 154 27 5 0 0 2 148 359 404 99 11 1 6 183 518 259 50 8 0 0 
0 29 492 263 113 112 9 6 0 0 85 374 468 56 33 8 9 383 463 93 43 23 8 2 
0 36 295 266 158 105 129 35 0 0 19 254 335 165 136 115 1 152 305 171 164 87 95 49 
0 93 353 295 158 87 37 1 0 1 61 361 392 105 75 29 1 251 435 195 74 63 5 0 
0 53 204 146 174 210 221 16 0 0 66 182 162 197 255 162 0 46 243 134 186 176 194 45 
11 269 330 108 68 76 88 74 1 18 219 357 142 69 95 123 23 319 287 95 82 66 75 77 
0 3 34 97 380 482 28 0 0 0 1 9 72 298 615 29 0 0 4 30 94 351 529 16 
2 10 36 306 378 200 92 0 0 4 10 26 111 550 243 80 0 5 16 53 271 421 227 31 
0 0 29 75 279 465 176 0 0 0 0 2 71 165 634 152 0 0 0 34 76 229 559 126 
1 294 56 11 15 80 563 4 0 27 282 44 12 18 233 408 5 251 93 13 9 21 251 381 
23 568 134 216 56 24 3 0 0 155 498 76 44 204 44 3 24 560 321 74 26 17 2 0 
17 352 109 454 88 4 0 0 0 46 311 106 58 412 90 1 16 298 526 107 72 5 0 0 
6 670 208 114 24 2 0 0 0 55 535 236 114 74 10 0 6 585 315 94 22 2 0 0 
2 438 404 98 43 37 2 0 0 3 277 602 80 46 16 0 0 332 538 95 47 11 1 0 
0 124 363 230 193 90 24 0 0 0 105 457 239 138 85 0 0 124 489 218 135 56 2 0 
0 279 588 57 75 25 0 0 0 0 58 761 104 79 22 0 0 351 521 70 66 16 0 0 
0 173 535 206 62 41 7 0 0 0 181 695 71 43 30 4 0 201 620 131 47 22 3 0 
0 101 313 100 107 369 34 0 0 0 104 303 207 356 54 0 0 41 326 157 145 328 27 0 
0 0 0 37 548 436 3 0 0 0 0 31 539 451 3 0 0 0 0 124 654 246 0 0 
0 0 59 495 447 23 0 0 0 0 33 365 597 29 0 0 0 2 150 602 268 2 0 0 
0 17 607 400 0 0 0 0 0 0 270 748 6 0 0 0 0 98 893 33 0 0 0 0 
0 5 594 247 148 28 2 0 0 0 134 624 107 113 44 2 0 80 680 121 129 13 1 0 
2 182 448 176 139 56 19 2 0 5 152 441 174 138 95 19 2 159 479 167 130 59 26 2 
1 178 478 243 75 37 9 3 0 8 318 409 196 62 23 8 53 558 304 55 28 16 6 4 
0 136 454 324 67 35 6 2 0 13 115 432 377 60 24 3 28 374 425 153 37 7 0 0 
5 207 615 183 11 3 0 0 0 27 79 556 354 7 1 0 25 463 523 8 5 0 0 0 
4 132 399 203 123 71 88 4 0 1 73 397 259 149 109 36 3 233 325 188 103 84 83 5 
0 81 255 344 220 90 32 2 0 0 81 313 384 169 69 8 5 209 330 283 99 56 39 3 
0 95 329 211 163 163 60 3 0 0 111 359 224 186 113 31 3 265 297 149 152 119 32 7 
25 540 167 42 57 122 71 0 0 153 369 201 64 121 114 2 66 540 131 41 68 149 29 0 
9 40 300 236 50 123 266 0 0 11 19 248 223 133 188 202 14 154 279 150 105 31 128 163 
20 37 55 126 34 215 531 6 0 31 26 16 81 114 320 436 20 62 114 30 35 43 350 370 
0 0 18 106 172 206 504 18 0 0 0 0 70 172 362 420 0 0 0 21 117 170 331 385 
1 143 47 143 266 256 168 0 0 20 141 32 62 300 316 153 0 128 112 123 60 219 277 105 
19 655 141 165 30 12 2 0 1 132 537 130 100 117 7 0 24 651 179 130 33 7 0 0 
42 767 140 34 20 21 0 0 0 467 393 80 40 24 20 0 19 810 96 54 26 19 0 0 
3 520 412 89 0 0 0 0 0 253 249 280 238 4 0 0 0 487 210 322 5 0 0 0 
2 445 411 125 28 13 0 0 0 19 334 517 121 23 10 0 0 358 418 202 32 11 3 0 
0 318 291 191 153 60 11 0 0 2 146 535 143 141 50 7 0 306 401 170 109 35 3 0 
1 587 394 40 2 0 0 0 0 0 283 599 128 14 0 0 0 588 388 47 1 0 0 0 
0 595 217 135 60 15 2 0 0 4 527 327 113 34 18 1 0 608 237 133 35 11 0 0 
0 352 209 35 45 107 227 49 0 3 474 114 46 111 242 34 0 217 323 54 47 110 254 19 
0 0 1 113 285 460 165 0 0 0 0 126 283 447 168 0 0 0 28 179 293 396 128 0 
0 0 37 355 587 45 0 0 0 0 5 176 731 108 4 0 0 0 61 333 573 57 0 0 
0 12 479 434 59 36 4 0 0 0 64 715 163 52 30 0 1 76 632 254 56 5 0 0 
0 61 446 267 159 54 33 4 0 1 144 408 176 181 73 41 1 131 442 233 133 47 34 3 
10 320 169 226 161 114 23 1 0 43 326 107 232 160 133 23 15 326 199 214 120 118 24 8 
1 189 606 130 66 31 1 0 0 25 102 477 319 76 24 1 38 390 427 114 32 21 2 0 
4 300 482 163 64 10 1 0 0 120 259 494 140 9 2 0 70 602 311 35 5 1 0 0 
0 258 576 100 68 18 4 0 0 0 94 624 210 72 23 1 41 535 323 77 47 1 0 0 
10 504 370 89 48 3 0 0 0 17 214 581 136 76 0 0 47 467 379 83 48 0 0 0 
5 103 316 224 279 78 10 9 1 37 215 296 353 107 11 4 95 311 290 190 131 7 0 0 
6 266 184 127 136 190 115 0 1 34 347 138 125 169 208 2 48 369 127 96 125 183 76 0 
130 504 188 69 78 39 16 0 6 315 343 186 62 82 27 3 143 540 160 72 72 30 7 0 
34 72 389 438 55 8 12 16 2 42 25 307 454 155 17 22 26 99 387 317 162 8 10 15 
1 3 593 422 5 0 0 0 0 1 2 1 175 842 3 0 1 390 628 5 0 0 0 0 
0 2 160 667 98 32 44 21 0 0 0 6 67 821 65 65 1 136 614 93 59 59 17 45 
0 0 4 63 211 230 454 62 0 0 0 4 10 265 382 363 0 4 45 183 431 198 64 99 
33 511 78 44 112 232 14 0 1 367 208 52 40 88 264 4 26 498 103 66 99 181 51 0 
45 801 85 93 0 0 0 0 0 699 153 106 66 0 0 0 4 772 92 143 13 0 0 0 
34 383 451 102 22 30 2 0 0 120 276 431 108 51 27 11 5 242 434 275 29 32 7 0 
1 311 496 144 44 20 7 1 0 17 308 386 249 43 19 2 2 280 450 222 49 19 2 0 
0 386 403 166 55 14 0 0 0 13 342 499 123 35 12 0 1 425 446 110 37 5 0 0 
2 457 393 131 21 17 3 0 0 4 365 426 183 27 17 2 2 582 317 92 16 15 0 0 
1 460 270 163 65 47 16 2 0 151 297 330 155 53 34 4 11 522 305 96 60 25 5 0 
0 225 92 31 19 26 345 286 0 33 254 44 37 71 560 25 0 181 126 36 36 110 518 17 
0 0 0 0 0 301 533 190 0 0 0 0 0 322 624 78 0 0 0 0 10 415 545 54 
0 0 22 64 465 410 63 0 0 0 0 60 390 513 61 0 0 0 10 71 463 446 34 0 
0 31 175 674 131 12 1 0 0 0 64 444 438 77 1 0 1 39 311 598 67 7 1 0 
0 10 196 454 299 59 6 0 0 0 21 217 448 319 19 0 0 10 257 459 255 42 1 0 
21 220 335 278 83 31 10 46 1 84 215 334 267 88 35 0 64 345 342 186 73 14 0 0 
4 391 420 100 43 16 31 19 6 75 323 396 156 48 19 1 82 530 300 58 46 8 0 0 
15 283 380 141 137 52 11 5 3 91 156 525 204 45 0 0 95 423 384 101 21 0 0 0 
0 364 439 53 37 51 69 11 0 0 259 525 94 96 50 0 38 558 257 105 52 14 0 0 
10 619 158 67 148 22 0 0 0 14 403 366 144 97 0 0 55 673 77 94 120 5 0 0 
5 552 150 76 78 159 4 0 0 133 519 126 39 194 13 0 200 529 49 10 117 119 0 0 
76 821 127 0 0 0 0 0 4 293 610 117 0 0 0 0 319 664 41 0 0 0 0 0 
50 547 160 74 41 66 86 0 1 260 360 158 76 58 102 9 183 462 122 70 49 88 50 0 
0 1 177 794 37 9 3 3 0 0 3 68 750 186 13 4 0 2 30 400 552 30 10 0 
22 61 324 402 213 2 0 0 0 18 63 22 392 503 26 0 35 301 185 113 332 58 0 0 
114 195 109 440 160 6 0 0 15 202 84 46 325 341 11 0 97 233 72 143 352 127 0 0 
4 67 61 209 432 229 21 1 0 15 50 59 136 437 310 17 13 56 50 62 233 408 199 3 
3 3 3 42 248 583 142 0 0 3 3 3 36 211 693 75 0 6 0 7 51 313 554 93 
2 112 228 69 150 280 182 1 0 2 96 234 47 120 409 116 0 30 148 194 119 91 352 90 
3 267 346 212 106 42 46 2 0 4 239 308 192 155 80 46 0 86 370 274 183 53 20 38 
6 306 505 127 72 8 0 0 0 7 282 331 286 81 37 0 5 129 471 314 68 35 2 0 
4 418 398 154 28 20 2 0 0 13 290 431 231 42 17 0 16 401 388 181 29 9 0 0 
1 403 193 272 155 0 0 0 0 2 269 290 103 316 44 0 3 376 223 233 189 0 0 0 
6 787 181 31 7 7 5 0 0 421 357 151 78 9 8 0 21 800 179 9 13 2 0 0 
1 544 191 87 69 46 83 3 0 471 245 65 67 88 86 2 7 609 143 78 62 47 78 0 
0 59 69 90 158 168 394 86 0 45 83 83 142 181 433 57 1 89 45 132 143 197 353 64 
0 0 42 135 174 244 335 94 0 0 11 125 148 231 386 123 0 27 173 269 190 142 210 13 
0 55 246 234 202 190 97 0 0 3 189 226 217 263 121 5 1 153 303 199 165 126 77 0 
19 323 385 188 85 19 1 4 1 103 451 328 116 25 0 0 44 438 384 101 51 6 0 0 
15 177 331 175 97 75 71 83 2 101 167 252 248 144 72 38 51 307 255 212 104 43 48 4 
18 203 518 117 68 36 61 3 1 41 114 410 271 53 76 58 26 344 394 86 52 66 55 1 
2 331 413 113 31 50 82 2 0 7 178 501 161 41 48 88 20 405 330 97 27 41 88 16 
9 390 298 111 68 57 68 23 0 2 256 446 172 70 17 61 154 567 193 28 15 32 33 2 
57 786 109 51 21 0 0 0 0 53 745 145 47 34 0 0 309 613 54 39 9 0 0 0 
59 569 139 166 88 3 0 0 0 266 387 114 126 116 15 0 285 424 100 154 61 0 0 0 
38 754 73 73 76 10 0 0 4 503 382 109 26 0 0 0 591 417 13 3 0 0 0 0 
141 359 136 87 74 138 75 14 23 350 278 93 147 89 41 3 384 403 110 54 45 21 7 0 
0 4 373 531 87 11 8 10 0 0 4 87 661 232 27 13 0 1 42 404 498 60 10 9 
0 15 69 535 337 10 17 41 0 0 3 78 393 485 20 45 0 1 44 87 508 327 18 39 
71 131 50 92 541 122 17 0 4 126 81 42 70 526 173 2 53 157 71 129 133 446 35 0 
9 29 18 74 183 608 103 0 0 30 13 19 40 115 756 51 2 41 34 63 191 198 491 4 
0 5 8 16 67 536 384 8 0 0 5 7 8 80 678 246 0 5 9 15 25 66 680 224 
0 0 0 0 2 60 949 13 0 0 0 0 0 4 363 657 0 0 0 0 0 4 411 609 
0 2 32 72 53 49 730 86 0 0 1 18 76 51 183 695 0 0 20 62 56 46 152 688 
16 203 480 139 47 48 40 51 0 12 152 428 233 42 67 90 10 132 357 321 50 43 36 75 
80 543 172 68 70 83 8 0 2 172 373 234 71 71 68 33 58 495 247 80 72 72 0 0 
24 236 233 321 200 10 0 0 0 38 250 157 238 293 48 0 26 254 254 266 212 12 0 0 
7 395 354 208 60 0 0 0 0 84 280 278 260 122 0 0 13 324 437 221 29 0 0 0 
5 189 450 279 88 8 3 2 0 120 381 173 198 125 25 2 9 298 435 183 86 6 4 3 
0 37 302 228 112 77 264 4 0 15 272 169 127 148 263 30 0 64 291 146 151 79 189 104 
0 6 83 232 289 291 123 0 0 2 96 173 262 332 157 2 2 86 152 220 240 182 142 0 
2 185 315 227 226 52 17 0 0 43 355 199 110 236 80 1 7 341 217 162 220 57 20 0 
19 218 391 202 133 50 10 1 2 88 353 255 164 130 29 3 28 293 312 210 120 53 8 0 
6 151 536 230 55 24 22 0 0 81 287 337 265 54 0 0 48 463 319 181 11 2 0 0 
15 259 411 123 109 65 38 4 0 137 188 257 183 126 85 48 47 374 286 98 109 77 33 0 
7 303 372 150 69 101 22 0 0 5 187 438 135 118 107 34 15 385 278 107 94 82 63 0 
35 532 140 85 60 102 67 3 0 36 536 171 71 47 80 83 207 479 100 57 80 87 14 0 
68 422 276 160 66 31 1 0 1 49 423 259 159 96 36 1 157 431 203 151 63 19 0 0 
95 294 383 213 39 0 0 0 0 102 241 191 377 99 14 0 134 250 244 328 61 7 0 0 
54 334 286 277 70 3 0 0 1 165 282 213 309 54 0 0 197 378 304 123 22 0 0 0 
291 442 142 84 53 11 1 0 96 346 336 101 66 50 28 1 378 432 94 105 15 0 0 0 
12 725 275 10 2 0 0 0 0 10 114 848 51 1 0 0 78 399 530 17 0 0 0 0 
78 279 384 217 55 7 4 0 37 168 61 333 337 87 1 0 171 171 263 282 129 8 0 0 
60 213 300 179 196 72 4 0 3 127 218 107 216 216 132 5 50 258 285 101 150 117 59 4 
46 180 191 390 194 23 0 0 0 131 94 40 196 389 173 1 23 217 177 364 229 14 0 0 
16 204 251 349 71 30 103 0 0 49 196 193 337 105 66 78 18 169 210 422 68 14 62 61 
0 6 162 105 40 90 609 12 0 0 7 92 133 74 150 568 0 3 44 183 59 35 208 492 
0 2 8 4 2 53 850 105 0 0 2 6 7 2 159 848 0 2 1 8 4 2 213 794 
10 81 40 21 37 57 587 191 0 8 78 47 21 30 115 725 0 58 64 29 31 44 131 667 
47 355 341 132 55 54 26 14 0 155 368 235 130 40 62 34 39 379 352 116 48 44 20 26 
3 96 325 425 164 11 0 0 1 75 325 183 130 277 33 0 10 213 331 279 181 10 0 0 
2 269 459 252 32 7 3 0 0 6 158 483 285 90 2 0 0 175 587 234 24 4 0 0 
0 6 338 270 92 76 225 17 0 2 100 270 292 77 205 78 1 42 353 185 107 58 135 143 
0 0 6 61 114 175 620 48 0 0 0 38 100 151 531 204 0 0 0 38 105 142 352 387 
0 0 59 209 265 345 143 3 0 0 63 180 244 351 184 2 3 65 144 214 250 223 123 2 
0 23 247 324 294 129 7 0 0 5 142 341 383 146 7 0 6 115 377 361 130 35 0 0 
0 95 289 356 194 76 14 0 0 22 223 270 314 171 22 2 5 188 328 274 162 60 7 0 
8 103 327 301 196 65 23 1 0 56 178 389 306 71 17 7 47 270 371 194 102 37 3 0 
9 50 269 366 208 57 41 24 1 26 81 136 417 220 119 24 21 102 331 366 154 45 5 0 
10 300 369 105 68 139 19 14 2 24 239 433 95 156 71 4 49 427 206 92 77 60 113 0 
22 789 132 32 32 15 2 0 0 136 696 105 28 35 20 4 192 710 50 44 23 5 0 0 
82 458 200 161 83 37 3 0 0 194 426 152 111 74 48 19 283 418 134 79 62 45 3 0 
55 340 306 212 85 25 1 0 0 139 331 200 154 155 39 6 188 314 203 176 117 23 3 0 
14 378 424 105 44 45 14 0 0 32 184 466 228 44 44 26 38 326 438 137 35 42 8 0 
164 216 280 139 151 61 12 1 53 179 154 276 241 100 21 0 200 242 236 242 102 2 0 0 
1 372 583 54 7 5 1 1 0 0 21 632 353 15 2 1 49 872 79 22 2 0 0 0 
5 90 556 276 86 11 0 0 0 51 168 412 343 49 1 0 28 445 360 164 26 1 0 0 
5 34 132 499 284 62 8 0 0 25 135 226 198 427 12 1 9 87 210 518 171 27 2 0 
4 49 311 439 166 48 7 0 0 18 104 301 392 202 7 0 10 175 375 300 110 52 2 0 
4 146 391 399 67 16 1 0 0 116 230 326 250 96 6 0 5 231 469 239 52 24 4 0 
0 180 610 204 23 6 1 0 0 28 71 536 354 28 3 4 1 279 536 192 9 3 4 0 
0 168 305 302 124 37 82 6 0 110 302 347 125 36 37 67 7 246 385 204 75 11 46 50 
1 33 149 288 184 149 175 45 1 27 109 212 199 112 171 193 3 59 257 190 107 120 121 167 
0 59 440 316 121 83 5 0 0 42 201 445 230 72 34 0 13 164 529 182 101 35 0 0 
0 16 341 409 191 46 20 1 0 11 189 374 281 145 22 2 1 94 408 350 132 35 4 0 
6 574 241 96 49 54 3 1 0 0 245 501 156 42 56 24 0 530 250 139 41 57 7 0 
5 223 363 233 160 32 8 0 0 2 261 491 97 90 78 5 5 282 419 140 134 42 2 0 
1 18 174 355 187 117 162 10 0 14 213 335 154 129 160 19 1 59 317 249 137 111 128 22 
0 64 344 362 178 67 9 0 0 91 399 306 139 80 9 0 1 236 412 244 106 25 0 0 
0 66 537 310 99 12 0 0 0 73 516 315 84 36 0 0 4 234 582 151 53 0 0 0 
0 77 509 310 89 32 7 0 0 76 514 294 94 34 10 2 2 312 505 142 44 17 2 0 
1 63 271 226 196 196 70 1 0 36 127 247 174 162 198 80 9 134 283 201 182 176 39 0 
0 47 191 300 271 103 45 67 0 37 152 169 245 218 172 31 17 112 291 250 262 54 21 17 
5 156 273 313 205 49 20 3 0 19 211 336 284 150 18 6 32 235 311 244 144 34 18 6 
13 541 183 98 22 51 55 61 0 56 495 258 47 52 92 24 130 637 82 40 77 55 3 0 
68 397 212 159 134 48 6 0 0 262 250 134 136 124 112 6 224 320 176 156 115 32 1 0 
39 536 227 126 44 22 29 1 1 204 422 182 112 59 13 31 221 444 187 116 16 19 20 1 
44 355 331 196 73 23 2 0 1 99 260 273 269 79 37 6 87 299 319 245 52 17 5 0 
35 639 121 93 76 35 25 0 2 78 512 243 107 75 7 0 78 690 143 90 23 0 0 0 
4 208 409 167 132 70 32 2 0 33 89 601 179 93 27 2 12 537 184 157 92 39 3 0 
0 61 421 276 172 47 24 23 0 1 60 397 459 54 28 25 1 414 201 270 71 29 27 11 
0 10 241 359 241 112 44 17 0 32 239 276 251 106 82 38 1 132 339 294 135 75 45 3 
0 1 747 172 81 22 1 0 0 0 3 20 811 129 61 0 3 785 95 42 51 42 6 0 
0 0 727 287 10 0 0 0 0 1 22 49 361 590 1 0 0 818 172 33 1 0 0 0 
0 38 600 325 51 10 0 0 0 6 50 601 318 43 6 0 2 377 571 64 10 0 0 0 
0 16 285 400 171 63 57 32 1 62 317 377 151 82 28 6 18 231 443 238 67 27 0 0 
0 12 184 505 258 56 9 0 0 51 357 462 127 25 2 0 2 100 467 356 83 15 1 0 
0 28 230 307 316 126 16 1 0 52 248 406 235 53 27 3 9 110 342 331 185 44 3 0 
0 224 497 193 80 16 13 1 0 8 234 425 287 57 12 1 2 298 439 192 73 16 4 0 
2 621 304 81 11 4 1 0 0 0 257 643 113 9 2 0 8 723 253 39 1 0 0 0 
3 376 288 147 132 69 9 0 0 17 378 300 157 77 82 13 6 463 229 116 137 63 4 6 
0 16 139 402 289 137 32 9 0 7 135 168 199 331 174 10 1 40 184 336 272 121 68 2 
1 41 399 405 134 44 0 0 0 55 440 332 132 55 10 0 3 178 481 272 81 9 0 0 
2 64 419 328 145 53 13 0 0 39 422 332 114 76 38 3 13 213 492 207 97 2 0 0 
0 47 301 302 282 80 10 2 0 29 322 258 130 151 122 12 3 177 390 200 194 48 10 2 
0 28 207 296 298 178 17 0 0 20 102 206 210 285 183 18 5 98 242 255 276 137 11 0 
2 53 309 478 152 27 3 0 0 44 144 165 371 249 51 0 16 148 310 436 104 10 0 0 
0 59 514 316 97 37 1 0 1 75 384 245 292 26 1 0 18 203 555 196 46 6 0 0 
2 165 357 184 143 89 74 10 1 97 288 354 193 81 10 0 44 383 367 122 86 22 0 0 
54 349 241 202 110 41 25 2 15 230 275 192 131 109 49 23 162 357 222 165 72 31 15 0 
52 232 269 192 159 97 23 0 4 120 259 220 125 138 127 31 125 324 200 137 137 80 21 0 
59 321 340 193 103 8 0 0 16 139 212 339 127 149 42 0 75 307 398 99 130 15 0 0 
18 395 234 152 107 89 29 0 1 30 283 247 186 140 96 41 73 546 235 99 31 39 1 0 
4 195 311 247 190 59 15 3 8 91 211 505 158 38 13 0 20 326 303 224 109 30 12 0 
0 94 165 336 226 165 36 2 0 18 117 381 334 140 33 1 0 157 273 294 212 81 7 0 
0 1 77 314 375 191 62 4 0 14 170 382 255 145 55 3 1 35 242 381 231 124 10 0 
3 27 366 480 119 29 0 0 0 28 115 188 526 124 42 1 4 120 192 539 127 39 3 0 
0 2 389 491 125 17 0 0 0 4 20 48 431 520 1 0 0 399 138 204 281 2 0 0 
0 21 200 407 251 116 25 4 0 21 129 309 285 192 88 0 14 227 300 278 181 24 0 0 
0 17 218 352 347 78 12 0 0 69 352 411 177 15 0 0 3 159 363 384 111 4 0 0 
0 16 137 345 372 120 25 9 4 59 279 411 218 38 12 3 8 87 342 400 147 29 10 1 
5 48 208 427 233 63 31 9 8 85 225 219 238 204 39 6 24 122 296 384 141 42 14 1 
3 139 248 356 215 50 13 0 1 21 217 449 189 120 27 0 7 218 336 295 131 37 0 0 
1 592 324 59 27 21 0 0 0 7 277 589 103 22 26 0 10 771 173 45 25 0 0 0 
0 329 476 162 33 23 1 0 0 135 380 345 97 40 25 2 6 570 337 77 29 5 0 0 
3 121 442 350 36 32 28 12 0 87 406 218 202 50 27 34 20 220 402 292 51 22 17 0 
1 133 459 256 116 51 8 0 0 32 199 177 363 206 35 12 25 283 394 201 96 17 8 0 
2 75 325 456 140 22 4 0 0 39 210 221 290 246 17 1 6 174 343 399 89 11 2 0 
1 33 238 358 297 87 10 0 1 27 181 237 226 156 157 39 2 102 261 374 217 65 3 0 
0 11 80 373 387 161 12 0 0 1 37 62 100 219 437 168 0 26 165 352 268 152 60 1 
10 214 257 272 180 72 19 0 0 0 111 267 240 160 133 113 12 233 289 275 129 65 20 1 
0 37 463 384 115 23 2 0 0 33 208 304 432 47 0 0 5 154 621 197 45 2 0 0 
5 120 333 337 200 23 6 0 1 98 348 270 155 118 32 2 51 337 380 210 38 8 0 0 
15 190 278 255 188 86 12 0 1 45 210 216 133 265 124 30 19 203 269 196 216 93 28 0 
90 299 278 222 85 27 23 0 11 187 203 216 200 138 47 22 96 279 276 181 127 42 23 0 
51 423 363 159 19 5 4 0 9 203 327 272 163 50 0 0 109 418 314 145 38 0 0 0 
31 578 280 59 34 24 18 0 0 59 400 406 80 33 28 18 74 576 241 73 30 23 7 0 
0 149 417 127 76 88 80 87 0 6 72 548 135 92 62 109 0 103 392 203 72 74 55 125 
0 131 778 52 34 24 5 0 0 0 34 800 164 18 5 3 0 61 450 459 36 12 3 3 
0 67 612 239 75 31 0 0 0 3 28 512 389 65 27 0 0 20 301 565 104 34 0 0 
0 33 565 398 27 1 0 0 0 0 10 358 611 43 2 0 0 11 148 547 311 7 0 0 
0 0 141 841 42 0 0 0 0 0 0 56 712 256 0 0 0 0 9 208 798 9 0 0 
0 8 109 331 456 71 40 9 0 4 55 122 303 503 34 3 3 16 141 263 321 267 12 1 
1 35 144 287 352 148 43 14 3 51 165 303 289 161 51 1 5 73 223 316 278 100 29 0 
0 9 90 270 360 208 72 15 1 19 96 272 296 248 80 12 2 25 145 317 325 164 40 6 
0 2 53 216 392 292 62 7 0 2 60 231 345 315 63 8 0 12 121 318 374 169 30 0 
0 12 97 206 262 265 165 17 1 14 119 228 168 287 194 13 2 46 180 229 299 207 61 0 
0 312 278 179 126 116 13 0 0 82 498 205 119 114 6 0 15 419 264 127 103 96 0 0 
1 253 565 192 12 1 0 0 0 86 475 394 67 2 0 0 2 432 535 51 4 0 0 0 
0 53 443 346 91 48 32 11 0 64 452 322 85 54 39 8 10 264 493 182 55 18 2 0 
0 57 483 346 113 21 4 0 0 43 273 380 242 79 7 0 4 195 548 190 64 22 1 0 
0 42 596 281 75 27 3 0 0 1 60 380 546 37 0 0 0 89 712 178 35 10 0 0 
0 11 117 306 338 214 37 1 0 18 157 324 302 172 48 3 2 50 252 403 239 55 21 2 
0 7 124 409 369 102 13 0 0 1 68 160 173 378 228 16 2 14 158 267 373 148 61 1 
18 458 157 164 144 72 11 0 0 3 387 312 115 96 83 28 57 483 165 139 72 33 55 20 
1 307 460 229 25 2 0 0 0 8 123 515 278 92 8 0 5 557 311 133 16 2 0 0 
0 310 380 265 54 11 4 0 0 2 159 441 308 101 13 0 5 332 398 221 64 4 0 0 
1 261 440 242 66 12 2 0 1 88 343 423 138 27 4 0 22 334 481 158 28 1 0 0 
19 326 474 109 51 29 12 4 1 153 486 264 65 42 12 1 57 483 348 92 41 3 0 0 
33 191 268 224 154 76 71 7 6 82 217 231 260 109 72 47 78 236 300 233 98 39 36 4 
27 425 338 75 43 64 52 0 3 96 444 242 64 35 69 71 87 522 184 68 65 60 37 1 
4 361 652 5 2 0 0 0 0 0 48 880 94 1 1 0 0 43 657 322 0 2 0 0 
0 31 970 23 0 0 0 0 0 0 1 396 627 0 0 0 0 0 97 915 12 0 0 0 
0 0 736 287 1 0 0 0 0 0 0 136 884 4 0 0 0 0 0 783 241 0 0 0 
0 28 272 673 42 9 0 0 0 0 1 190 776 48 9 0 0 0 93 305 604 22 0 0 
0 0 52 799 173 0 0 0 0 0 0 10 496 518 0 0 0 0 0 70 745 209 0 0 
0 0 79 508 389 40 4 4 0 0 1 12 285 670 56 0 0 3 26 128 451 384 32 0 
0 18 112 194 283 293 112 12 0 0 20 194 352 160 282 16 0 7 141 258 231 154 231 2 
0 10 106 199 351 282 70 6 0 4 95 271 429 167 56 2 0 20 158 337 349 113 47 0 
0 1 167 326 241 150 121 18 0 2 67 278 371 193 106 7 0 7 137 398 248 152 77 5 
0 3 107 355 428 95 30 6 0 1 39 125 300 385 174 0 0 5 72 366 441 126 14 0 
0 20 239 450 252 56 7 0 0 1 150 228 187 304 151 3 0 35 267 338 293 88 3 0 
0 46 265 508 176 29 0 0 0 3 105 182 168 356 193 17 0 45 241 390 227 99 22 0 
1 11 212 470 246 67 14 3 0 1 159 184 100 319 231 30 2 54 394 315 143 96 19 1 
0 14 224 442 249 82 13 0 0 6 219 314 189 168 75 53 2 42 397 327 161 68 25 2 
0 51 457 398 112 6 0 0 0 16 57 382 361 101 103 4 2 179 498 218 85 39 3 0 
0 49 251 338 254 90 34 8 0 33 191 348 244 155 47 6 4 199 354 264 164 24 15 0 
0 30 232 433 259 67 3 0 0 0 46 105 223 419 204 27 1 19 181 351 247 132 88 5 
6 222 309 209 149 116 13 0 0 3 236 295 118 125 174 73 40 274 248 162 116 57 107 20 
11 489 286 67 55 97 19 0 0 0 207 389 218 40 110 60 41 606 172 30 53 101 20 1 
13 701 269 37 3 1 0 0 0 44 521 438 20 1 0 0 43 766 200 12 3 0 0 0 
37 372 360 174 57 21 3 0 9 80 440 365 86 29 14 1 62 455 366 96 32 13 0 0 
37 328 276 199 108 57 18 1 7 80 328 234 233 120 21 1 92 366 270 188 100 8 0 0 
32 613 302 52 10 14 1 0 1 54 624 272 54 11 8 0 109 674 198 33 5 5 0 0 
34 424 184 102 207 59 14 0 1 85 402 163 63 104 197 9 90 470 98 69 162 133 2 0 
0 83 855 69 14 3 0 0 0 2 6 699 308 8 1 0 1 14 256 732 19 2 0 0 
0 158 603 156 60 29 14 4 0 5 92 512 371 29 10 5 0 78 258 566 91 18 11 2 
0 0 456 566 2 0 0 0 0 0 0 71 904 49 0 0 0 0 0 499 525 0 0 0 
0 0 11 986 27 0 0 0 0 0 0 9 623 386 6 0 0 0 2 15 987 20 0 0 
0 0 31 736 255 2 0 0 0 0 0 9 326 673 16 0 0 0 0 28 577 418 1 0 
1 9 12 164 790 48 0 0 0 0 13 40 33 776 162 0 0 10 28 35 89 847 15 0 
1 167 156 153 111 337 96 3 0 1 111 258 187 66 389 12 3 189 185 148 66 54 377 2 
0 53 207 140 152 265 205 2 0 0 32 287 212 140 314 39 0 74 206 158 148 129 301 8 
0 25 186 211 334 159 86 23 0 0 37 362 356 167 86 16 0 16 178 357 284 113 64 12 
0 9 183 349 318 129 35 1 0 6 85 277 414 189 52 1 0 18 180 470 270 79 7 0 
0 19 460 475 68 2 0 0 0 0 0 50 347 564 63 0 0 2 452 471 98 1 0 0 
0 0 229 446 251 74 21 3 0 0 23 244 476 207 55 19 0 1 289 492 181 43 16 2 
0 6 142 400 402 73 1 0 0 0 1 43 225 283 395 77 0 2 67 301 457 161 32 4 
0 8 151 383 347 116 18 1 0 0 9 75 272 344 272 52 0 10 133 458 311 103 9 0 
0 91 394 345 171 21 2 0 0 47 310 391 169 64 43 0 3 239 551 179 44 7 1 0 
4 175 327 252 156 90 19 1 0 66 291 214 147 145 129 32 21 248 322 153 116 76 74 14 
9 108 407 333 125 42 0 0 0 9 84 103 271 422 125 10 6 88 176 338 281 102 33 0 
0 131 375 267 199 50 2 0 0 0 65 237 259 223 221 19 0 130 260 241 191 145 54 3 
17 411 164 215 142 59 16 0 0 0 295 300 57 84 248 40 35 441 150 172 103 95 27 1 
29 269 244 262 185 31 4 0 0 48 227 257 127 104 197 64 31 262 244 253 158 47 28 1 
34 592 260 92 31 15 0 0 3 189 572 200 29 21 10 0 97 658 209 29 25 6 0 0 
65 566 362 31 0 0 0 0 5 257 514 230 18 0 0 0 109 609 297 9 0 0 0 0 
24 379 309 119 70 85 22 16 23 250 355 187 75 47 69 18 130 435 242 92 66 57 2 0 
54 559 237 124 47 3 0 0 1 295 472 204 52 0 0 0 130 604 238 50 2 0 0 0 
0 551 468 4 1 0 0 0 0 0 2 813 208 1 0 0 0 49 625 345 5 0 0 0 
6 198 292 163 177 105 66 17 1 23 66 469 259 103 74 29 10 42 332 336 164 85 48 7 
2 38 116 481 262 90 32 3 2 37 126 195 250 382 29 3 8 67 130 207 463 136 12 1 
0 6 16 790 184 28 0 0 1 10 18 30 76 887 2 0 1 10 21 33 446 513 0 0 
0 2 2 260 760 0 0 0 0 0 2 2 35 966 19 0 0 0 2 5 122 895 0 0 
2 68 92 311 527 18 6 0 0 0 105 132 80 597 110 0 2 101 95 69 262 495 0 0 
0 420 359 152 52 33 8 0 0 2 120 617 241 42 2 0 4 504 275 174 49 18 0 0 
0 70 297 246 217 144 40 10 0 1 72 492 349 85 21 4 0 177 233 343 194 59 14 4 
0 0 28 161 367 361 89 18 0 1 68 282 464 168 37 4 0 3 93 296 455 138 35 4 
0 1 17 226 421 293 60 6 0 0 28 286 343 194 173 0 0 2 77 360 386 181 18 0 
0 20 139 610 221 31 3 0 0 0 14 205 438 336 31 0 0 6 180 680 145 13 0 0 
0 0 297 518 172 32 5 0 0 0 18 216 613 175 2 0 0 76 369 456 110 11 2 0 
0 3 341 545 120 13 2 0 0 0 0 95 507 327 95 0 0 2 185 504 245 66 22 0 
0 1 88 546 300 80 8 1 0 0 6 199 230 360 187 42 0 1 176 387 259 167 34 0 
0 9 290 492 206 27 0 0 0 1 195 435 157 125 111 0 0 55 401 350 92 104 22 0 
0 10 181 415 312 97 9 0 0 5 117 202 162 260 237 41 1 61 235 369 272 66 20 0 
0 24 395 470 124 11 0 0 0 1 36 122 441 319 99 6 0 21 217 496 192 84 14 0 
2 40 373 446 148 15 0 0 0 8 194 370 276 134 40 2 5 106 421 321 123 48 0 0 
21 236 349 252 133 32 1 0 0 11 125 263 242 207 142 34 14 241 288 248 98 79 53 3 
52 346 298 188 108 25 7 0 0 145 342 171 112 124 113 17 112 424 189 86 71 95 38 9 
50 629 250 44 17 22 8 4 21 368 444 122 28 17 19 5 190 629 148 21 21 14 1 0 
92 508 319 49 20 11 22 3 71 578 263 51 19 14 19 9 238 599 121 18 20 23 5 0 
19 325 538 113 26 3 0 0 31 518 380 75 15 5 0 0 110 680 184 42 7 1 0 0 
11 350 226 187 152 88 10 0 31 390 237 216 115 35 0 0 142 416 257 183 24 2 0 0 
0 218 806 0 0 0 0 0 0 0 0 591 433 0 0 0 0 0 196 817 11 0 0 0 
2 630 336 36 14 5 1 0 1 9 216 682 112 4 0 0 3 241 593 172 11 4 0 0 
5 74 431 344 120 36 14 0 0 4 82 391 450 73 19 5 0 56 248 454 217 41 8 0 
0 47 471 439 67 0 0 0 0 2 13 323 613 73 0 0 0 7 149 494 341 33 0 0 
1 78 247 458 202 38 0 0 2 99 247 206 310 84 76 0 11 145 238 341 136 135 18 0 
6 112 470 216 139 65 14 2 2 116 432 245 83 72 73 1 15 323 420 123 48 78 17 0 
0 321 524 129 33 15 2 0 0 237 439 302 41 5 0 0 17 602 342 42 19 2 0 0 
0 97 423 345 115 44 0 0 0 19 333 319 163 112 68 10 0 214 372 216 168 48 6 0 
0 2 78 498 361 75 10 0 0 0 18 94 240 328 301 43 0 2 38 236 416 278 54 0 
0 1 31 188 451 287 66 0 0 1 32 123 109 299 434 26 0 5 51 184 320 340 124 0 
0 14 259 426 248 63 8 6 0 7 151 236 218 369 38 5 0 46 263 433 232 39 11 0 
0 26 462 370 143 21 2 0 0 0 92 299 527 103 3 0 0 70 405 465 74 8 2 0 
0 2 276 596 128 21 1 0 0 0 0 36 337 479 156 16 0 1 93 483 316 125 6 0 
0 2 137 648 216 21 0 0 0 0 0 16 164 608 220 16 0 4 47 357 451 121 43 1 
0 0 77 419 472 53 3 0 0 0 24 182 214 326 275 3 0 0 107 283 187 374 73 0 
0 104 326 380 172 38 4 0 0 0 11 279 350 288 92 4 0 2 327 292 208 176 19 0 
0 39 473 389 97 26 0 0 0 0 106 268 403 142 88 17 0 21 369 358 149 85 41 1 
0 25 162 377 326 113 21 0 0 0 28 57 157 235 402 145 1 24 111 315 330 153 79 11 
18 116 214 352 275 49 0 0 0 24 67 119 225 203 320 66 4 77 139 268 324 156 48 8 
38 352 342 151 97 41 3 0 4 179 239 227 125 132 106 12 82 401 267 105 104 54 11 0 
20 313 470 173 38 9 1 0 13 353 441 120 43 31 21 2 48 480 338 88 47 14 9 0 
56 345 375 171 65 12 0 0 68 400 355 149 50 2 0 0 140 468 274 102 39 1 0 0 
44 414 298 140 66 55 6 1 61 478 294 113 40 10 24 4 184 518 209 64 11 15 18 5 
28 266 374 238 83 34 1 0 15 216 250 245 208 81 9 0 97 369 305 206 39 6 2 0 
0 144 838 42 0 0 0 0 0 0 60 167 788 9 0 0 0 81 68 747 126 2 0 0 
0 873 151 0 0 0 0 0 0 0 262 761 1 0 0 0 0 534 489 1 0 0 0 0 
0 641 343 40 0 0 0 0 0 0 27 919 78 0 0 0 0 110 791 92 31 0 0 0 
0 622 180 190 30 2 0 0 0 0 302 436 257 29 0 0 0 502 183 208 119 12 0 0 
0 71 374 327 189 48 14 1 0 23 242 472 256 24 7 0 1 85 379 429 103 21 6 0 
2 48 496 357 84 31 4 2 4 125 590 227 59 15 4 0 7 267 545 156 37 9 3 0 
0 119 489 293 95 24 4 0 0 238 498 202 71 13 2 0 4 394 403 157 53 13 0 0 
0 91 500 365 67 1 0 0 0 132 461 320 107 4 0 0 0 237 494 253 40 0 0 0 
0 10 271 534 175 34 0 0 0 12 328 454 189 41 0 0 0 48 440 437 83 16 0 0 
0 6 148 380 320 156 14 0 0 1 26 136 143 316 296 106 0 7 81 217 393 238 88 0 
0 26 276 538 159 25 0 0 0 0 103 192 191 307 224 7 0 45 322 158 345 149 5 0 
0 32 268 286 348 90 0 0 0 0 105 150 134 91 420 124 1 57 197 256 283 144 86 0 
0 34 189 437 346 15 3 0 0 0 1 23 133 310 504 53 0 0 66 230 456 262 10 0 
0 20 526 400 72 6 0 0 0 0 0 31 474 379 137 3 0 0 200 512 219 79 13 1 
0 18 208 544 233 21 0 0 0 0 0 17 198 482 318 9 0 7 108 291 290 272 56 0 
0 17 273 498 172 43 13 8 0 0 25 214 235 231 268 51 0 4 178 335 322 141 43 1 
7 243 412 219 100 42 1 0 0 0 22 360 340 174 104 24 1 148 312 293 133 68 61 8 
0 19 150 409 393 37 16 0 0 0 7 85 135 327 432 38 0 8 89 224 288 299 111 5 
4 113 276 377 196 53 5 0 0 6 199 228 181 219 150 41 2 84 252 287 180 122 87 10 
3 71 194 412 232 90 22 0 0 4 19 53 192 336 291 129 1 23 99 245 270 212 143 31 
2 59 369 331 154 95 9 5 1 40 167 172 253 170 163 58 18 83 336 247 185 116 37 2 
17 113 365 204 128 43 53 101 29 142 337 132 208 118 29 29 105 260 341 191 82 19 26 0 
6 95 209 168 179 235 127 5 4 82 201 169 112 135 236 85 18 131 195 142 106 151 193 88 
11 176 223 185 216 164 49 0 6 74 252 124 134 196 178 60 17 213 161 145 143 149 153 43 
0 578 442 4 0 0 0 0 0 0 203 501 320 0 0 0 0 381 220 408 15 0 0 0 
0 952 72 0 0 0 0 0 0 0 141 883 0 0 0 0 0 514 510 0 0 0 0 0 
0 788 199 24 12 1 0 0 0 0 20 967 37 0 0 0 0 178 796 43 7 0 0 0 
0 347 274 265 97 27 12 2 0 3 148 740 101 22 8 2 0 227 484 227 57 21 6 2 
0 7 223 486 217 67 16 8 1 24 354 462 129 37 12 5 1 40 406 407 120 33 13 4 
0 53 364 443 114 39 8 3 1 76 392 354 169 24 7 1 3 108 421 380 86 21 4 1 
0 48 329 432 171 35 9 0 0 67 330 384 196 40 7 0 1 118 391 331 155 24 4 0 
0 7 302 543 153 11 6 2 0 14 248 299 140 206 108 9 0 25 337 275 267 112 8 0 
0 4 201 516 249 47 7 0 0 6 213 479 232 76 17 1 0 23 339 430 188 36 8 0 
0 10 140 500 334 39 1 0 0 2 94 256 195 209 200 68 0 20 182 328 368 105 17 4 
0 0 143 617 229 35 0 0 0 0 4 62 137 464 303 54 0 2 33 281 526 132 31 19 
0 4 141 365 448 61 5 0 0 0 2 56 150 262 507 47 0 0 70 201 288 332 127 6 
3 17 164 401 333 96 10 0 0 0 3 11 142 302 413 153 0 7 111 149 340 290 102 25 
2 60 582 207 134 38 1 0 0 0 12 140 438 274 152 8 0 4 262 433 235 83 7 0 
0 40 209 459 236 43 26 11 0 0 7 94 186 429 277 31 0 3 136 225 332 259 59 10 
2 164 376 325 149 7 1 0 0 0 66 340 291 115 199 13 0 99 302 310 192 117 4 0 
1 145 406 350 84 31 7 0 0 0 27 298 305 283 96 15 1 62 368 282 227 75 9 0 
0 45 198 319 343 119 0 0 0 0 33 135 154 280 350 72 0 28 151 223 261 259 93 9 
5 46 226 412 311 24 0 0 0 0 14 80 189 315 396 30 1 16 90 334 371 182 30 0 
0 35 315 491 154 29 0 0 0 9 155 315 264 169 90 22 0 37 273 415 226 49 24 0 
0 41 321 454 188 20 0 0 0 41 262 369 245 80 26 1 2 87 431 355 123 26 0 0 
3 60 359 326 209 66 1 0 1 62 308 261 172 86 132 2 7 130 452 225 111 97 2 0 
5 108 255 234 227 136 53 6 0 45 127 244 276 174 119 39 6 113 245 191 189 130 99 51 
1 96 405 247 176 57 38 4 0 3 40 194 379 294 70 44 0 96 340 231 129 132 66 30 
0 628 281 83 24 6 2 0 0 12 123 775 106 7 1 0 1 118 690 200 10 5 0 0 
0 482 542 0 0 0 0 0 0 0 0 1014 10 0 0 0 0 8 831 185 0 0 0 0 
2 287 401 117 85 107 22 3 0 19 137 550 198 94 23 3 6 140 577 110 65 75 49 2 
0 7 149 427 278 112 37 14 1 31 302 390 193 82 20 5 1 35 336 374 174 79 23 2 
0 16 216 420 270 77 22 3 0 36 281 455 189 53 9 1 0 44 337 414 172 48 9 0 
0 62 415 402 127 15 3 0 0 12 192 554 222 40 4 0 0 16 373 481 141 11 2 0 
5 110 329 436 121 20 3 0 0 1 140 229 243 366 43 2 0 35 203 376 324 85 1 0 
0 35 461 397 110 20 1 0 0 0 35 183 352 411 38 5 0 5 144 502 330 42 1 0 
0 51 447 387 121 18 0 0 0 9 131 245 285 278 69 7 0 19 248 450 172 129 6 0 
0 5 391 548 65 14 1 0 0 0 4 72 343 511 90 4 0 2 33 319 550 115 5 0 
0 48 328 485 155 8 0 0 0 0 10 133 359 436 86 0 0 2 131 380 378 125 8 0 
2 381 228 156 228 27 2 0 0 1 73 387 180 123 249 11 0 229 268 122 54 231 118 2 
10 177 388 292 142 15 0 0 0 0 27 237 384 252 116 8 1 46 291 365 198 113 10 0 
5 82 453 315 152 17 0 0 0 0 20 91 457 199 221 36 0 19 177 400 194 214 20 0 
3 97 384 417 110 13 0 0 0 0 2 122 334 351 189 26 0 9 153 511 229 94 26 2 
0 39 167 501 262 55 0 0 0 0 7 93 122 231 488 83 0 7 92 219 441 231 34 0 
3 80 410 387 129 15 0 0 0 0 48 209 289 311 160 7 5 65 247 357 269 80 1 0 
0 50 312 432 209 21 0 0 0 0 5 75 269 456 212 7 0 25 232 340 302 121 4 0 
4 53 229 433 251 44 10 0 0 4 147 159 123 285 253 53 1 72 215 344 243 112 31 6 
1 62 222 462 234 43 0 0 1 34 130 193 240 339 81 6 2 88 251 357 239 77 10 0 
0 58 163 389 331 74 9 0 2 80 239 449 197 20 32 5 4 98 276 459 141 24 21 1 
0 37 213 376 253 110 27 8 3 68 274 347 186 98 45 3 4 99 332 352 135 87 12 3 
7 123 342 346 109 93 4 0 6 99 178 154 312 233 41 1 11 151 343 289 126 75 29 0 
10 182 491 202 95 36 8 0 4 61 189 226 410 86 48 0 22 217 371 180 129 55 36 14 
2 181 523 239 61 14 4 0 3 228 507 195 74 14 3 0 9 315 475 183 25 14 3 0 
12 458 471 74 8 1 0 0 14 463 363 168 16 0 0 0 62 555 337 65 5 0 0 0 
7 305 504 130 46 26 6 0 8 175 416 318 86 18 3 0 15 328 541 91 36 13 0 0 
0 107 393 351 110 36 16 11 0 81 427 377 85 29 16 9 1 125 478 300 74 24 14 8 
4 202 435 217 102 34 22 8 5 99 464 314 88 33 18 3 5 214 494 189 72 33 14 3 
0 44 263 396 260 51 9 1 0 58 269 316 227 114 35 5 1 79 276 316 246 95 11 0 
0 34 214 565 169 38 4 0 0 17 87 222 207 255 224 12 0 19 113 301 326 192 66 7 
0 53 283 465 191 29 3 0 0 0 19 177 368 355 103 2 0 0 91 365 327 175 64 2 
19 179 249 459 81 24 9 4 0 3 101 218 124 482 90 6 0 69 199 204 333 202 15 2 
1 118 347 462 88 6 1 1 0 2 34 172 237 385 178 16 0 27 186 415 268 112 16 0 
0 146 501 335 35 5 2 0 0 7 42 238 367 322 48 0 0 37 235 384 198 155 15 0 
10 323 416 214 53 8 0 0 0 3 94 353 364 179 31 0 0 97 441 306 158 22 0 0 
16 289 525 151 42 1 0 0 0 0 45 302 408 188 70 11 0 58 356 317 197 91 5 0 
18 234 402 222 126 22 0 0 0 3 104 162 261 279 175 40 0 91 200 299 302 117 15 0 
3 84 194 534 200 9 0 0 0 0 3 47 145 461 356 12 0 8 78 185 387 315 51 0 
7 171 327 377 134 8 0 0 0 1 95 126 169 432 189 12 0 90 221 339 238 110 26 0 
24 169 276 312 188 54 1 0 0 5 137 107 148 343 252 32 4 145 242 147 227 197 61 1 
12 66 415 409 109 10 3 0 0 2 18 120 423 356 99 6 4 32 232 407 251 82 14 2 
2 87 226 484 188 35 2 0 0 6 40 113 187 459 189 30 2 48 186 237 400 111 35 5 
0 136 362 270 201 53 2 0 0 27 160 398 175 129 111 24 1 156 346 225 142 124 30 0 
5 184 387 296 123 29 0 0 7 90 259 335 220 96 16 1 12 214 423 246 106 23 0 0 
23 87 246 264 231 107 50 16 11 115 258 194 155 144 125 22 46 183 315 188 157 115 20 0 
40 296 378 216 66 25 3 0 33 336 299 161 116 58 19 2 85 415 295 161 44 22 2 0 
13 492 449 53 15 2 0 0 12 275 336 323 76 2 0 0 43 636 302 34 9 0 0 0 
3 421 521 74 4 1 0 0 1 176 617 216 12 2 0 0 7 189 616 194 16 2 0 0 
26 485 418 83 12 0 0 0 23 328 478 181 14 0 0 0 36 352 481 140 12 3 0 0 
6 493 422 93 6 4 0 0 6 300 614 95 5 4 0 0 17 541 403 54 5 4 0 0 
12 517 393 89 12 1 0 0 0 150 572 266 35 1 0 0 13 577 345 74 15 0 0 0 
3 180 427 296 98 15 4 1 0 67 432 335 170 17 3 0 0 243 396 315 55 13 2 0 
0 111 325 357 181 45 5 0 0 55 212 447 217 92 1 0 2 100 281 372 193 75 1 0 
0 141 237 284 237 115 10 0 0 48 203 379 284 103 7 0 0 56 263 349 237 107 12 0 
0 13 357 366 213 64 8 3 0 5 87 274 298 340 20 0 0 10 117 421 361 107 8 0 
0 83 394 416 118 13 0 0 0 4 21 99 145 465 237 53 0 12 114 323 385 155 34 1 
20 278 598 117 11 0 0 0 0 0 23 251 505 220 24 1 0 49 343 484 135 13 0 0 
7 253 517 200 44 3 0 0 0 5 75 319 397 205 23 0 0 30 284 434 218 58 0 0 
14 175 485 245 102 3 0 0 0 17 70 212 419 247 59 0 2 47 182 411 260 122 0 0 
39 242 362 319 55 4 3 0 0 35 72 159 255 375 121 7 13 94 259 347 256 51 4 0 
66 214 512 185 44 3 0 0 0 22 99 175 474 212 37 5 1 133 207 458 184 27 14 0 
13 147 542 312 10 0 0 0 0 0 23 152 424 414 11 0 1 34 134 421 399 35 0 0 
22 148 339 368 134 13 0 0 0 3 44 114 232 402 220 9 2 61 172 274 386 108 21 0 
40 94 350 464 58 14 4 0 0 18 45 68 216 531 134 12 9 47 205 302 343 98 18 2 
7 116 317 312 216 55 1 0 0 1 7 94 281 290 308 43 0 47 250 238 232 214 38 5 
70 202 300 274 164 14 0 0 2 108 106 148 274 251 133 2 60 188 238 282 179 77 0 0 
9 152 300 274 184 55 45 5 0 115 267 244 163 125 95 15 20 225 296 265 129 61 27 1 
5 125 241 310 223 95 22 3 6 140 262 221 247 107 30 11 26 211 373 243 126 42 3 0 
0 38 339 363 141 69 33 41 1 65 359 331 150 76 40 2 1 147 423 281 107 58 6 1 
0 96 308 361 145 69 25 20 2 107 299 441 112 37 26 0 16 286 342 292 73 15 0 0 
11 274 363 240 82 31 22 1 9 199 229 314 176 79 18 0 52 409 270 203 85 5 0 0 
30 583 403 6 2 0 0 0 3 205 580 234 2 0 0 0 2 229 532 259 2 0 0 0 
10 480 486 31 11 6 0 0 2 249 568 190 12 3 0 0 7 232 541 230 14 0 0 0 
37 352 399 197 37 2 0 0 41 414 390 164 15 0 0 0 80 438 356 138 12 0 0 0 
6 446 306 210 50 6 0 0 1 150 634 209 28 2 0 0 24 603 299 75 22 1 0 0 
9 491 306 154 58 4 2 0 1 168 601 230 19 3 2 0 21 592 270 127 9 3 2 0 
26 234 420 254 73 13 3 1 18 254 367 220 139 24 2 0 29 312 344 254 60 22 3 0 
12 202 448 282 67 7 6 0 1 45 61 231 373 253 58 2 5 44 175 433 303 58 6 0 
0 49 357 267 202 104 45 0 0 21 210 415 270 96 12 0 2 32 293 410 210 73 4 0 
0 32 589 384 19 0 0 0 0 2 14 60 633 315 0 0 0 5 36 485 486 12 0 0 
2 187 614 192 28 1 0 0 0 0 12 159 540 212 94 7 0 10 180 601 153 70 10 0 
10 187 452 338 37 0 0 0 0 0 9 88 332 486 109 0 0 28 153 333 321 184 5 0 
32 302 180 382 122 6 0 0 0 0 98 192 221 319 194 0 0 105 270 135 285 210 19 0 
23 197 331 388 76 9 0 0 0 2 39 190 240 434 119 0 0 45 207 268 379 124 1 0 
52 501 379 80 12 0 0 0 0 25 92 520 280 86 20 1 8 120 492 306 68 30 0 0 
153 571 211 76 13 0 0 0 0 101 296 316 237 67 7 0 43 447 286 150 90 8 0 0 
72 175 156 361 248 12 0 0 0 76 65 120 125 258 369 11 17 104 143 158 289 248 63 2 
16 82 217 427 243 39 0 0 0 21 20 45 192 357 356 33 0 26 89 218 322 247 112 10 
8 112 443 341 84 30 6 0 0 0 6 51 332 432 160 43 1 19 219 328 280 121 44 12 
22 121 293 320 223 42 3 0 1 21 29 68 215 285 338 67 10 71 226 160 260 204 92 1 
54 88 187 300 200 92 65 38 4 95 100 86 109 226 269 135 48 111 205 194 209 117 108 32 
24 122 150 246 200 175 89 18 3 107 76 88 119 269 227 135 38 127 232 199 134 150 131 13 
0 45 310 307 174 95 54 39 0 58 331 310 130 89 50 56 0 69 360 301 142 81 45 26 
1 25 372 431 162 26 6 1 2 113 483 327 77 20 2 0 3 134 494 309 65 17 2 0 
1 139 432 283 145 21 3 0 5 235 437 184 79 81 3 0 15 279 417 218 87 7 1 0 
