102 279 328 278 31 6 0 0 24 135 231 273 296 52 11 2 236 481 172 37 29 30 29 10 
27 151 217 230 118 64 72 145 1 66 148 192 205 159 90 163 104 266 184 88 66 60 86 170 
0 0 2 30 46 23 42 881 0 0 0 2 38 51 34 899 0 6 23 37 16 22 29 891 
0 0 0 0 0 0 1 1023 0 0 0 0 0 0 1 1023 0 0 0 0 0 0 0 1024 
0 0 0 0 0 109 73 842 0 0 0 0 0 0 70 954 0 0 0 0 0 0 0 1024 
0 0 2 21 60 230 165 546 0 1 10 33 99 84 158 639 0 6 23 54 106 49 48 738 
14 42 38 71 157 424 154 124 47 80 210 108 309 168 72 30 71 145 165 220 264 108 13 38 
166 108 49 52 171 398 55 25 247 138 495 57 47 24 16 0 261 236 408 52 42 23 2 0 
97 259 187 46 153 254 10 18 149 443 392 11 7 5 9 8 158 464 367 8 11 7 9 0 
38 158 128 137 210 201 62 90 78 273 276 204 73 62 51 7 94 269 307 181 94 51 25 3 
185 261 267 288 22 1 0 0 66 211 215 221 283 28 0 0 380 494 146 3 1 0 0 0 
109 143 179 340 132 53 30 38 39 126 123 185 313 141 43 54 165 330 240 72 54 62 39 62 
0 0 17 135 223 100 192 357 0 0 0 16 173 244 146 445 5 60 131 128 68 76 65 491 
2 80 74 43 41 28 289 467 0 23 84 61 44 43 154 615 55 104 37 28 25 24 31 720 
4 92 248 236 123 62 79 180 0 32 160 261 184 92 83 212 77 309 229 61 48 43 52 205 
138 146 138 157 154 159 91 41 242 239 121 177 153 47 27 18 316 246 140 194 76 32 9 11 
221 82 34 62 398 192 33 2 303 281 368 37 29 4 2 0 321 414 236 36 12 5 0 0 
47 18 34 18 324 504 77 2 62 103 715 81 63 0 0 0 62 226 628 78 30 0 0 0 
34 72 41 41 656 180 0 0 57 410 557 0 0 0 0 0 75 863 86 0 0 0 0 0 
233 267 114 230 175 5 0 0 290 587 138 7 2 0 0 0 302 642 72 6 2 0 0 0 
286 237 205 267 29 0 0 0 132 257 161 174 262 38 0 0 452 385 182 5 0 0 0 0 
176 283 284 262 19 0 0 0 61 220 230 237 254 22 0 0 367 488 165 4 0 0 0 0 
197 298 248 194 58 24 5 0 93 223 243 238 192 34 1 0 383 446 152 37 6 0 0 0 
24 191 320 263 91 24 24 87 0 84 251 321 185 65 28 90 203 442 205 38 18 12 23 83 
26 151 332 394 113 8 0 0 3 93 199 360 270 89 10 0 182 530 283 28 1 0 0 0 
56 199 286 291 75 39 23 55 157 528 107 88 120 24 0 0 353 507 118 46 0 0 0 0 
26 267 378 219 134 0 0 0 162 851 11 0 0 0 0 0 492 530 2 0 0 0 0 0 
130 555 115 166 58 0 0 0 97 808 119 0 0 0 0 0 230 774 20 0 0 0 0 0 
446 360 33 122 63 0 0 0 301 694 29 0 0 0 0 0 549 467 8 0 0 0 0 0 
346 157 64 321 54 6 28 48 491 424 28 75 6 0 0 0 545 392 79 8 0 0 0 0 
399 338 179 58 43 7 0 0 293 365 155 117 70 23 1 0 634 322 63 5 0 0 0 0 
364 339 195 99 19 7 1 0 338 324 146 124 84 7 1 0 587 332 83 15 7 0 0 0 
52 165 296 300 129 38 27 17 65 205 244 229 187 56 34 4 236 394 243 79 35 26 10 1 
11 120 326 337 157 51 19 3 2 37 153 317 302 189 23 1 178 480 265 71 26 4 0 0 
14 128 321 356 176 26 3 0 0 14 96 291 361 224 36 2 255 493 221 43 9 3 0 0 
33 235 415 243 66 29 3 0 1 58 206 406 239 73 39 2 389 416 164 44 9 2 0 0 
108 189 226 342 111 11 8 29 98 711 74 73 56 11 1 0 448 489 40 32 6 5 4 0 
165 407 184 182 64 14 7 1 163 474 286 39 29 24 6 3 307 565 122 19 10 1 0 0 
695 215 28 44 42 0 0 0 621 391 11 1 0 0 0 0 790 228 6 0 0 0 0 0 
203 105 131 355 136 20 49 25 330 584 38 71 1 0 0 0 535 414 70 5 0 0 0 0 
42 129 144 142 433 133 1 0 10 72 137 146 121 447 91 0 179 243 524 74 3 1 0 0 
0 10 24 72 417 468 29 4 0 8 21 54 80 477 383 1 22 113 578 294 11 5 0 1 
1 3 56 165 314 353 120 12 0 6 36 145 324 322 176 15 55 224 409 216 91 27 2 0 
6 63 142 223 275 213 84 18 0 21 79 192 343 277 95 17 125 295 290 196 86 29 3 0 
44 184 181 132 78 80 64 261 8 93 226 203 149 116 151 78 241 226 129 73 64 79 123 89 
23 85 135 195 156 111 91 228 25 52 121 167 210 179 176 94 187 224 183 112 75 91 72 80 
8 42 134 201 217 189 102 131 30 77 78 167 248 208 142 74 179 283 225 153 69 40 37 38 
23 175 236 309 169 92 19 1 51 272 190 164 164 108 67 8 317 349 211 102 44 1 0 0 
277 414 144 103 59 15 7 5 253 510 158 53 31 12 3 4 524 395 79 16 7 3 0 0 
691 284 23 22 4 0 0 0 680 309 35 0 0 0 0 0 916 107 1 0 0 0 0 0 
34 111 83 215 581 0 0 0 3 55 87 82 91 653 53 0 95 308 604 17 0 0 0 0 
0 12 26 47 526 384 27 2 3 7 17 34 114 385 464 0 23 65 672 250 13 1 0 0 
121 162 136 149 123 193 121 19 69 140 166 171 197 179 87 15 333 224 177 246 43 1 0 0 
19 96 157 197 186 191 89 89 4 48 118 160 252 250 138 54 226 232 207 152 87 78 33 9 
21 63 86 93 82 114 181 384 40 108 140 137 176 193 152 78 111 122 146 140 122 145 150 88 
5 34 88 105 155 166 142 329 6 72 127 152 196 214 150 107 70 152 172 171 118 130 104 107 
26 142 226 252 177 101 60 40 8 146 237 270 215 103 25 20 268 346 248 102 19 11 8 22 
97 396 212 191 102 25 1 0 84 317 271 137 132 68 15 0 402 388 174 51 8 1 0 0 
196 698 77 18 16 18 1 0 422 442 109 21 19 11 0 0 808 202 11 3 0 0 0 0 
778 229 6 7 4 0 0 0 699 302 23 0 0 0 0 0 913 103 8 0 0 0 0 0 
1 80 42 259 635 7 0 0 0 3 73 38 78 781 51 0 60 205 757 2 0 0 0 0 
0 2 10 61 651 269 30 1 0 0 12 26 86 620 279 1 57 133 669 160 5 0 0 0 
0 7 9 52 122 403 377 54 0 6 9 38 170 625 125 51 41 117 138 331 355 39 3 0 
32 89 132 126 120 189 139 197 45 118 147 126 163 249 121 55 124 192 125 168 176 95 77 67 
216 162 108 119 92 84 59 184 117 267 112 88 122 163 124 31 367 190 104 94 60 92 68 49 
160 171 130 133 97 88 83 162 92 198 146 178 170 138 86 16 345 201 136 82 93 76 52 39 
248 304 167 157 78 26 23 21 231 353 187 88 90 50 18 7 515 274 155 42 20 17 1 0 
325 585 86 25 3 0 0 0 178 705 130 8 3 0 0 0 672 320 31 1 0 0 0 0 
84 363 120 102 163 178 14 0 263 418 299 43 1 0 0 0 368 233 208 202 13 0 0 0 
294 161 116 176 202 74 1 0 347 523 145 9 0 0 0 0 386 252 296 90 0 0 0 0 
