  7.5717053e+00 -8.7562601e+00
 -8.9629064e+00  4.5906457e-01
  9.4453562e+00 -7.1700818e+00
  1.9187166e-01  2.2111266e+00
 -8.8077162e+00 -1.5480334e+00
  1.1413161e+01 -4.2543838e+00
 -5.8470156e+00 -8.1782129e+00
 -2.3568494e+00 -1.0171497e+00
 -8.6662161e+00 -1.1460212e+00
 -6.2919877e+00  5.8905586e+00
  6.0844489e+00 -1.5703396e+00
 -2.6270949e+00  7.6860831e+00
 -2.0989352e+00  1.5485690e+00
 -7.0873859e+00  5.3726287e+00
  1.6228351e+00  7.9116990e+00
 -2.4482369e+00  5.7944376e-01
  1.0854076e+00 -3.9614999e+00
  6.6597538e+00  3.3224215e+00
  1.2809337e+01  1.1436856e-01
  7.5616207e+00 -9.3726648e+00
 -1.9603179e+00 -2.3703677e+00
  4.3716250e+00 -2.9823545e+00
  1.1003261e+01 -4.7819378e+00
  2.8221668e-01 -1.0365151e+01
 -8.2064255e+00 -2.8757774e+00
 -8.6277456e+00  1.6184423e+00
 -7.0269157e+00  4.7973479e+00
  1.6003003e+00  8.1563689e+00
 -7.8369694e+00 -5.4151138e+00
 -4.5433499e-01 -4.2978923e+00
  1.0904981e+00  1.8290217e+00
  1.3204414e+01  2.1502901e-01
  1.2874589e+01 -2.1395089e+00
 -9.0508870e-01 -1.0753668e+01
 -2.4076483e-01  8.7170301e+00
  1.6211756e-01  2.5806338e+00
 -8.1597125e+00 -3.3759012e+00
 -2.7634576e+00  8.0315598e+00
  1.3621466e+00 -1.0516556e+01
 -1.9549315e+00 -1.0269318e+01
  4.7856917e+00  6.6171541e+00
 -8.3764267e+00 -2.5677093e+00
 -5.8187484e+00 -7.8842575e+00
  7.1010496e+00  1.1580717e+00
  1.2811607e+01  2.5723661e-01
  1.8906392e-01 -4.5348491e+00
  8.0199016e-03  2.6511639e+00
 -5.3706979e+00  7.0453574e+00
  5.8498891e+00  5.3623248e+00
 -8.4511355e+00  1.6878998e+00
  5.5728117e+00 -3.0990847e+00
 -8.2751620e-02 -1.0568092e+01
 -2.2144083e+00 -2.3779339e+00
  5.9689963e+00 -9.7222778e+00
  6.6662271e+00  4.0926839e+00
 -8.6493313e+00  1.3139214e+00
  1.1849757e+01 -4.4774779e+00
 -2.6114134e+00 -2.2932836e+00
 -1.9295391e+00 -9.6737879e+00
  5.7062078e+00 -2.0019094e+00
  4.4610593e+00 -1.0292886e+01
 -2.7642539e+00 -3.5482935e-01
  3.9914050e+00 -3.5464410e+00
  1.7447588e+00 -1.0455208e+01
  2.7196980e+00 -4.4031965e+00
 -1.3201768e+00 -1.0154614e+01
  4.8273894e-01 -1.0547897e+01
 -2.9052792e+00 -9.6342655e+00
 -7.4936065e-01  8.4360482e+00
 -2.2184553e+00 -2.7343186e+00
  4.9283948e+00 -9.8356154e+00
  6.0720699e+00 -2.1157020e+00
 -2.1061828e+00  2.1928281e+00
  2.5381084e+00 -4.0216994e+00
 -8.7446084e+00 -3.2360235e+00
 -4.8495354e+00  7.7372262e+00
 -9.2824177e+00  7.4230632e-01
  4.2784676e+00 -1.0121396e+01
  8.5010051e-01 -1.0898572e+01
 -1.7984405e+00 -3.4799714e+00
  6.7897493e+00  9.7602285e-01
  5.9028179e+00 -1.9599329e+00
  5.9328225e+00  4.9281289e+00
 -8.6262233e+00 -3.4793830e+00
 -9.1207778e+00 -2.8747270e+00
 -3.1131657e+00  3.8690663e-01
 -2.8621261e+00  3.9584408e-01
 -4.8886041e-01  8.5112536e+00
  4.1561614e+00 -3.0674322e+00
 -2.3993050e+00  7.6605639e+00
 -3.4691062e+00 -9.8580714e+00
  3.9848023e+00 -1.0006635e+01
 -1.6265806e+00 -3.1490569e+00
 -7.9342549e+00 -4.8078102e+00
 -1.5696785e+00  1.6636307e+00
 -2.6808889e+00  1.0512915e+00
  1.3000959e-01 -1.0437253e+01
 -7.9370001e+00  3.6506617e+00
  4.6795243e+00 -2.7605734e+00
 -5.8005899e-01  2.7459732e+00
  1.1524246e+01 -5.4335400e+00
  6.7345981e+00 -7.5002568e-01
  1.2994539e-01  2.6251919e+00
 -2.9815340e+00 -9.5033323e-02
 -2.0945463e+00 -1.0041130e+01
  6.3448321e-01  1.8867053e+00
  7.3291079e+00  1.9695617e+00
 -6.4734915e+00  5.8411260e+00
  6.0415065e+00  5.2030101e+00
 -7.8938502e+00 -6.0495917e+00
 -8.8134393e+00  1.5377857e+00
 -1.9418415e+00  9.6031718e-01
 -8.9272132e+00 -1.6615575e+00
 -2.5149574e+00  7.9418775e-01
  6.6364567e+00 -9.4514424e+00
  5.8886715e+00 -2.4118485e+00
  4.0862888e+00  7.3093368e+00
  6.6297558e+00  3.6266736e-01
  2.4911079e+00 -4.4171782e+00
  6.0105189e-02 -4.3581950e+00
  4.9265321e-01  1.8023211e+00
  6.3049530e+00 -1.2307110e-01
 -9.2347128e+00  1.3758287e+00
  6.3008735e+00  4.2838797e+00
 -6.9880881e+00  4.7290495e+00
 -2.6455591e+00 -5.4664290e-01
  2.8113055e+00 -1.0449128e+01
  7.1565251e+00  4.0895697e-01
  7.7263511e+00 -8.2389685e+00
 -4.7524301e+00 -8.3710436e+00
  6.1340937e+00 -9.4268354e+00
  1.3047017e+01 -1.8736558e+00
 -9.0584296e+00  7.7918306e-01
  1.1728531e+00  2.1128142e+00
 -3.3766763e-01  2.4615112e+00
 -1.1378796e+00  8.2460189e+00
 -8.2743836e-01 -3.2297327e+00
  6.1868416e+00  4.5178302e+00
  8.0389348e+00 -8.8245646e+00
 -2.9895709e+00  5.9947526e-01
  6.3486361e+00  1.1547302e-01
 -8.3728167e+00  3.4511723e+00
  1.0163624e+01 -6.8640809e+00
  2.6202117e-01 -4.1455070e+00
  6.3521926e+00 -1.1404031e+00
  1.0293294e+01 -6.0429122e+00
  2.5359343e+00 -4.1450018e+00
 -1.9835795e+00  5.8034697e-01
 -1.2064664e+00 -3.3113867e+00
  1.2048020e+01 -2.0303318e+00
  3.8729513e+00 -1.0334505e+01
 -3.0438125e+00 -7.1930445e-01
 -2.3554838e+00 -2.3862304e+00
 -1.9848716e+00  1.4624302e+00
 -2.0498553e+00  8.1692034e+00
 -8.6039620e+00  2.4892350e-01
 -4.3971809e-01 -1.0089787e+01
  1.8918661e+00 -4.4462500e+00
  1.2997737e+00  1.8507524e+00
  5.5901943e+00 -2.2043496e+00
 -2.5331337e+00 -9.8755450e+00
  6.3054673e+00 -9.2909002e+00
  6.6352879e+00  2.7936812e+00
  5.8669351e+00  5.4575196e+00
  7.4756520e-01 -4.5457603e+00
  7.3133598e+00 -8.9776529e+00
 -1.6980627e+00 -2.9304216e+00
  4.5333052e+00 -3.0709249e+00
  1.2101934e+01 -3.7372059e+00
 -1.7453318e-01 -1.0022216e+01
 -2.3205536e+00 -1.6250706e+00
 -1.0451512e+00  1.9191052e+00
  2.7574779e+00 -4.0821491e+00
  1.1258370e+01 -4.6375898e+00
 -2.2328968e+00  1.9161211e+00
 -2.2802898e+00 -2.2694400e-01
  3.8079431e+00 -1.0572539e+01
  6.1240305e+00 -1.0065198e+01
  4.9333861e+00 -2.9687812e+00
  1.0581820e+00  2.3128041e+00
  8.0938481e+00 -9.0332587e+00
 -5.6144051e+00  6.4896205e+00
  2.7671461e-02  8.8465302e+00
  1.0678330e+01 -5.4793283e+00
 -1.2050930e+00 -3.1252853e+00
 -2.4856731e+00  1.9499306e+00
 -1.3933016e+00  2.1627906e+00
  1.8659667e+00  7.7555303e+00
 -1.5070972e+00  2.1312949e+00
 -1.5387690e+00  1.3470965e+00
  6.1833545e+00 -1.4384226e+00
  5.9039967e+00 -1.5570296e+00
  5.8768461e+00 -1.7919015e+00
  5.3052372e+00 -2.9862247e+00
 -8.7916379e+00 -1.3337270e-01
 -3.1048447e+00 -2.8498007e-01
 -1.5044109e+00 -1.0190952e+01
 -2.3013848e+00  6.6022853e-01
  5.3762543e+00  5.6766779e+00
 -1.9892974e-01  2.1377378e+00
  2.2232567e+00 -1.0099860e+01
  5.5128430e+00 -3.0190498e+00
  1.2238245e+01 -1.7170983e+00
 -5.0205246e-01  8.5883772e+00
  6.5313655e+00 -4.8803814e-01
  4.0576662e+00  6.4722255e+00
  3.6474369e+00  7.3395595e+00
  2.9350514e-01  1.7086621e+00
 -7.1359773e+00 -5.2464443e+00
  1.6571757e-02  1.9013686e+00
 -1.4061589e+00 -3.1685724e+00
 -2.7988050e+00  3.6282110e-01
 -8.7745088e+00  3.8261650e-01
 -2.6920060e+00 -1.2957072e+00
  2.4528391e-01  2.6621001e+00
  6.5616094e+00  7.5932193e-01
  1.3100989e+00 -4.1361653e+00
 -4.0186393e-01 -9.9535424e+00
 -8.1702074e+00 -3.6392061e+00
 -1.5234915e+00  8.8811879e+00
  7.1967342e+00  8.8908014e-01
  1.0711095e+01 -6.0065205e+00
 -4.2149268e-01 -4.3936057e+00
 -8.7473090e+00  1.7634273e+00
 -2.9658366e+00 -8.8770575e-01
 -7.1123054e-02  8.7254997e+00
 -2.7716476e+00  5.3966041e-01
  5.7397498e+00  5.1137277e+00
  4.1609210e-01  2.3759154e+00
  7.0300970e+00  3.1269060e+00
 -8.4623140e+00  1.3908347e+00
 -7.3711546e+00  4.6159706e+00
 -8.7845059e+00  2.7865557e+00
 -8.4413173e+00  1.1915026e+00
  3.2335254e+00  7.7185305e+00
  3.8527881e+00  7.4084065e+00
  4.3641108e+00  6.3743727e+00
 -3.5588729e-01  1.8307270e+00
  3.7165529e+00  7.7366535e+00
  1.2922969e+01 -1.0849580e+00
  6.7166328e+00 -9.0182019e+00
 -5.2421306e-01  8.7614385e+00
  3.7031112e-01 -1.0163783e+01
  6.3613187e+00 -1.3875729e+00
  2.2641116e+00  8.0029768e+00
 -7.2976072e-01 -3.9639950e+00
 -2.1682560e-01  2.4906140e+00
 -7.1436254e+00 -5.7201154e+00
  4.8325296e+00 -9.8744049e+00
  1.0865313e+01 -5.1736645e+00
  6.8899649e+00  3.9425386e+00
 -2.5989756e+00 -3.4586419e-01
 -3.9854199e+00 -8.7515714e+00
  4.7564278e-01 -4.4787924e+00
  4.4086947e+00  7.3282395e+00
 -8.4103018e+00 -4.5805836e+00
 -5.1340560e+00  6.8812775e+00
 -8.5833399e+00 -1.0482383e+00
  3.1460469e+00  7.1297077e+00
  4.1780666e+00 -3.9978164e+00
  6.5804975e+00  9.7891170e-01
 -1.9504040e+00 -2.5129819e+00
  7.0389460e-01 -3.7962259e+00
 -7.6608329e-02 -3.7123183e+00
  3.1464666e-01 -1.0363014e+01
 -2.3475292e+00 -1.3184870e+00
 -8.1707199e+00  4.0263478e+00
 -7.0949028e+00  4.2510271e+00
  4.2769509e+00 -1.0166645e+01
  5.9236439e+00 -2.5179080e+00
  6.4689738e+00  4.6434343e+00
  5.1325458e+00  5.9748295e+00
 -1.8135863e+00  1.6780723e+00
  1.0806414e+00  1.9492044e+00
 -8.5530197e+00 -3.0658493e+00
 -1.1924193e+00 -3.9218546e+00
 -4.3024748e+00  7.4206797e+00
 -1.5316135e+00  1.5390622e+00
  6.8323517e+00  8.8323854e-01
 -1.9069513e-01  2.0895532e+00
  5.5367134e-01  1.7516166e+00
 -1.0960466e+00 -3.3952547e+00
  7.3238776e+00  1.6209061e+00
 -1.4912432e+00  1.5735263e+00
 -7.7458932e-01  2.6630034e+00
 -1.5834172e+00  1.6223197e+00
 -8.4638679e+00 -2.9919714e+00
 -5.6110548e+00  6.6718497e+00
 -3.0143640e+00  8.0395402e+00
  5.4335640e+00 -2.6440540e+00
 -4.5348555e+00  7.0004655e+00
  7.1635713e+00  7.6089702e-01
  4.7367517e+00 -3.1567948e+00
 -5.9531252e+00 -8.2988851e+00
  8.5510220e+00 -8.2228605e+00
 -2.4845900e+00 -1.6142238e+00
  1.1199027e+01 -5.0925176e+00
 -8.5359732e-02  2.2642113e+00
 -2.4034762e+00  1.4864255e+00
 -5.4712145e+00  6.4522320e+00
 -1.5137127e+00  2.4379306e+00
 -9.2836100e+00 -1.1842252e+00
 -8.1449707e+00  3.6414250e+00
 -2.4557844e+00  1.2789353e+00
 -3.1076226e+00 -3.4133397e-01
  2.7071811e+00  8.1666638e+00
 -6.8461272e+00  5.4794597e+00
 -1.6523557e+00  7.7905595e+00
 -6.8441502e+00 -7.1947244e+00
  1.2082178e+00 -4.6319939e+00
 -7.5399766e+00  3.9905917e+00
  9.9790992e+00 -7.2338399e+00
 -8.6693480e+00  3.1108198e+00
 -5.3108368e+00  7.1982311e+00
  1.1359967e+00  1.9152307e+00
  6.8796761e+00  1.4320169e+00
  6.9689443e-01  1.7799766e+00
  5.9121195e+00 -9.1897080e+00
 -4.8865701e-01  2.0067362e+00
  6.7068772e-01 -4.1104413e+00
  4.1705966e+00  6.6491390e+00
 -2.9553551e+00 -1.7025651e+00
  1.2763379e+01 -2.6692840e+00
  4.8225228e+00  5.5270312e+00
  1.2186483e+01 -2.6954562e+00
  2.1136585e+00  8.2699058e+00
  5.1984888e-01 -4.1484298e+00
 -1.5996639e+00  8.1093918e+00
  8.5467156e+00 -7.9254832e+00
  9.9949274e-01 -4.6745719e+00
 -1.9146019e+00 -2.4872574e+00
  6.9744612e+00  2.3348838e+00
  6.4530303e-01 -4.4461817e+00
  2.1860783e+00  7.6220277e+00
  6.2733248e+00 -1.8330432e+00
 -2.3719231e+00 -3.2883755e-01
 -5.2453850e+00 -7.6942040e+00
  1.0279786e+00  7.9403704e+00
  3.3901281e+00 -9.8785955e+00
  1.2775549e+01 -7.7256036e-01
 -2.8924974e+00 -1.1563007e+00
  1.6109790e-02 -1.0838541e+01
 -2.0916988e+00 -2.6032839e+00
  1.4757123e-01  2.1327262e+00
 -5.3501962e+00  6.5982451e+00
  6.7180843e+00  3.0906416e+00
 -1.8030898e+00  1.4822052e+00
  1.3148788e+00 -4.0249040e+00
  5.1336330e+00  5.0326609e+00
 -6.8020188e+00  5.7107901e+00
  6.2599287e-02  2.3525609e+00
 -1.2753600e+00  1.8252500e+00
 -1.7976526e+00  2.0980427e+00
  6.9171005e+00  1.6295388e+00
  4.3684560e+00 -1.0416235e+01
  8.6010874e+00 -8.0030953e+00
  3.1803103e+00 -3.5374815e+00
  5.9263881e+00 -1.5820942e+00
 -1.9847583e+00  1.7547321e+00
 -8.7882574e+00 -3.4299805e+00
 -9.2308318e+00 -1.9156570e+00
  4.9874072e+00 -2.6356672e+00
 -2.8700535e+00  2.0161079e-01
  7.1437827e+00 -3.9719138e-01
  1.0694756e+01 -4.9817053e+00
  5.0963687e+00 -2.5977942e+00
  4.8301613e+00  6.4979270e+00
  2.8836223e+00 -4.1526091e+00
 -3.6172806e+00 -9.2493496e+00
 -8.7502118e+00 -1.2214405e+00
  3.0274085e+00  8.1330648e+00
  5.6857497e+00  4.7115705e+00
 -8.6110194e+00 -3.1652365e+00
  1.1203947e+01 -5.1792733e+00
 -2.6763068e+00  6.7428374e-01
  1.0694596e+00 -4.5536835e+00
 -5.7313347e+00 -7.6282925e+00
  1.2861856e+01 -1.0821473e+00
  3.0670743e+00 -9.9374302e+00
  5.7078736e+00  5.5743397e+00
  6.1769614e-01  1.9601490e+00
  5.0301462e+00 -3.4987160e+00
  1.3986851e+00 -3.8378974e+00
  2.2815825e-01  2.5905034e+00
 -4.2864523e+00  7.3173107e+00
  6.9638601e+00  2.3497455e+00
 -1.6411984e+00 -3.1187235e+00
 -2.8430727e+00 -1.1253064e+00
  6.4702091e+00  1.5274791e+00
 -1.3475878e+00  1.7665904e+00
  7.7032952e-01  8.5475575e+00
  6.1740972e+00 -5.3678684e-01
  1.2408005e-01  2.0913109e+00
 -1.8152509e+00 -3.1423949e+00
 -5.6812401e+00  5.8274327e+00
  6.5393616e-01  2.4222266e+00
  6.7818939e+00  1.1035133e+00
 -1.9251557e+00 -1.9691295e+00
 -4.3293023e+00 -9.4567434e+00
 -8.1717872e+00 -5.4109312e+00
  8.3461748e-01 -4.2159412e+00
 -2.3130410e+00  1.3641481e+00
  6.0306948e+00 -2.5801267e+00
  6.3465541e+00  2.4332768e-01
  6.2347156e+00  3.8003134e+00
  1.1363026e+01 -4.5722411e+00
  5.4075381e+00  5.5503901e+00
  1.3053417e+01 -9.9932019e-01
 -5.3456785e+00 -8.1812681e+00
 -9.2965427e+00  9.4519793e-01
 -4.7765722e-01 -3.5561443e+00
  1.9932936e+00 -3.8778406e+00
 -4.7668583e+00 -8.1148019e+00
 -7.4907661e+00 -4.8944711e+00
  4.1186296e-01  2.4724442e+00
  1.4587506e-01  1.9210674e+00
 -9.2214599e+00 -7.3677872e-01
  1.2782916e-01  2.6323752e+00
  7.2917889e+00  1.1638007e+00
  5.9195783e+00 -2.8068590e+00
 -1.7938637e+00  2.3072992e+00
 -2.7762708e+00 -2.0113449e+00
  1.5307684e+00 -4.8026885e+00
  4.6612258e+00 -3.5412358e+00
 -2.1700269e+00 -2.7947624e+00
  6.5529527e-01  2.4946407e+00
  7.0238305e+00  3.6321302e-01
 -1.9923860e+00  1.3647363e+00
 -7.0190175e+00 -7.0837245e+00
  4.2862907e+00 -1.0498468e+01
 -3.3328022e+00 -9.2030881e+00
  4.6873534e-01  1.8094724e+00
 -5.3175071e+00 -7.9429405e+00
 -1.3745321e+00  1.9918103e+00
 -6.8904819e+00  5.2876830e+00
 -3.4075333e+00 -9.5078924e+00
  1.2183468e+01 -1.9679783e+00
 -3.2373289e+00 -8.6126435e-01
 -6.9284783e+00 -6.6142135e+00
  4.3678494e+00  6.9491558e+00
 -2.9640414e+00 -2.2842446e+00
 -3.4065364e+00 -8.8995076e+00
 -4.8418770e+00  7.3998805e+00
  6.2958511e+00 -2.1913685e+00
  6.7654879e+00  3.5153393e+00
  6.3683501e+00  4.5337297e+00
  5.9874868e-01 -3.8260692e+00
 -8.7905811e+00 -2.3959301e+00
 -2.9826506e+00  5.9474345e-01
  6.5407320e+00  1.9162177e+00
  5.4014683e+00  6.1144615e+00
 -2.3695396e+00 -4.9795976e-01
  2.6011225e+00  7.9260646e+00
  8.2401216e-01 -4.0192276e+00
 -2.7043836e+00  6.1541282e-01
 -3.0851540e+00  7.5535476e+00
  3.0502777e+00 -1.0522793e+01
  1.1066053e+01 -4.7354908e+00
  4.0001725e+00 -1.0384660e+01
  1.8194710e-02  2.5496246e+00
  6.2978804e+00  8.1915627e-01
  5.4460055e+00  4.7593821e+00
  1.2564632e+00  8.0957451e+00
  6.6204559e+00  3.4383409e+00
  1.4751151e+00  8.1621810e+00
 -2.2136085e+00  8.1431731e+00
 -5.6104100e+00  6.4548470e+00
  5.9694225e+00 -2.6576465e+00
  1.3141147e+00  7.7554539e+00
 -5.3196861e+00  7.0687377e+00
  2.7111511e+00 -3.7770653e+00
 -9.2004850e+00 -2.0030597e+00
 -4.9587273e+00 -8.5850319e+00
  6.3322221e+00  1.2064110e+00
 -4.6331229e+00  7.0610569e+00
 -6.6401099e+00 -7.4137248e+00
 -4.7436100e+00  6.8764620e+00
  5.8193447e+00 -2.4279195e+00
  4.7194682e+00 -3.4548392e+00
 -3.6897605e+00 -8.9522243e+00
  4.5583403e+00 -2.9732466e+00
  1.6378345e+00 -4.1826978e+00
  2.4918125e+00 -4.6482839e+00
 -2.7611818e+00 -9.7481643e+00
 -7.8269991e+00  4.2816508e+00
  5.7581525e-01  2.0322575e+00
  4.0752508e+00  6.9202228e+00
 -2.3413222e+00 -8.4923293e-01
 -2.7492136e+00 -5.0414720e-01
 -8.5709830e+00 -1.5117051e-01
  3.1951248e-01  1.9580238e+00
  1.0182520e+01 -6.7922540e+00
  1.3393615e+01  6.0829779e-01
  5.8174844e+00 -1.7012980e+00
  6.0499935e+00 -1.0955766e-01
 -7.8430530e+00 -5.7202353e+00
 -2.4739149e+00 -9.4029152e+00
 -1.2679563e+00 -3.8919806e+00
  5.3924394e+00  4.7918990e+00
 -2.3409066e+00 -1.4681382e+00
  4.7840073e+00 -3.0315256e+00
 -4.8692341e+00 -8.2262619e+00
 -1.8625280e+00  1.4035700e+00
 -7.8846719e-01 -3.3713368e+00
 -7.8629328e+00  4.9395303e+00
  6.1520006e+00 -1.9671354e+00
  3.7416901e+00  7.3722571e+00
 -2.3780101e+00  1.2317668e+00
 -1.8780496e+00 -1.0290107e+01
  2.9280342e+00  7.2304075e+00
  5.4944365e+00  5.6060836e+00
 -3.1193930e-01  2.0249487e+00
 -5.3492856e+00 -7.8039341e+00
 -2.5362147e+00 -9.8016658e+00
  5.7894729e+00 -2.0093799e+00
 -8.9198226e+00  1.2074765e-01
  6.4720523e+00  4.7649082e-01
 -1.3319665e+00 -3.3285310e+00
 -8.9455105e-01  1.9379840e+00
 -7.7664929e+00 -5.7499161e+00
 -8.4999156e+00 -4.1999208e+00
  6.5731405e+00  1.6126870e+00
  1.2411570e+01 -2.2409669e+00
 -2.4763250e+00 -2.3973346e+00
  9.3681183e+00 -7.9257469e+00
 -8.5723811e+00 -2.9370440e+00
  1.4878686e+00  7.9823314e+00
  3.6439109e+00 -4.2373517e+00
  1.1965691e+01 -3.6061681e+00
  2.2407585e-01  1.8048618e+00
 -2.3778818e+00 -1.2300289e+00
  2.1855467e-02  1.8086613e+00
 -1.3026031e+00  2.0275648e+00
  6.6998254e+00  1.3383316e+00
 -1.2617909e+00 -3.8430545e+00
  4.8872976e+00  6.4647201e+00
  1.0504517e+01 -6.9624956e+00
 -2.6183161e+00  1.8916618e-01
  1.3160314e+01 -1.4044885e+00
  6.4326936e+00 -1.2727980e-01
 -6.9378879e-01 -3.8579550e+00
  1.2681091e-01  2.5201280e+00
  5.7969453e+00 -1.9372531e+00
 -7.9568193e+00  3.4114484e+00
 -4.1758815e-01  2.2896142e+00
 -2.8001076e+00 -1.4784050e+00
  5.1052656e+00 -3.6233351e+00
 -2.9370179e+00 -3.0492842e-01
 -1.3267487e+00 -2.8159621e+00
 -2.2332541e+00  1.3299726e+00
  6.7092049e+00  5.9655328e-01
  8.6787548e-01  2.1115249e+00
  5.4220304e+00 -1.0043496e+01
 -7.9285381e+00 -4.6559768e+00
 -3.2573904e+00  7.9646646e-02
 -1.7709867e-01  2.7082676e+00
 -5.2127913e-01 -1.0426598e+01
  2.2419685e-01  1.7629711e+00
  9.3289884e-01  1.7493881e+00
  4.8378298e-01  2.6359067e+00
  9.9382010e-01 -1.0043329e+01
  7.9749019e+00 -8.3438019e+00
  1.2139352e+01 -3.7053987e+00
  1.1973393e+00  1.7581915e+00
  9.7330014e+00 -6.9743221e+00
 -2.2141784e+00  6.3546682e-01
 -2.8196637e+00 -1.5005521e-01
 -2.4670019e+00  4.4857263e-01
 -1.6704904e+00  1.6358009e+00
  1.0990399e+01 -5.8462997e+00
 -9.3383414e-01 -4.0793412e+00
 -1.6339371e+00  2.2227925e+00
 -8.7458115e+00  1.2151582e+00
  8.6477223e+00 -8.3334906e+00
 -1.1508403e+00  8.5299013e+00
  6.7280078e+00 -6.8619890e-01
  4.6636701e+00 -2.8803766e+00
  7.1416215e+00 -9.1285159e+00
 -2.4754906e+00 -1.9362488e+00
 -4.7582030e+00 -8.5174708e+00
 -4.3180514e+00  7.7206861e+00
  6.7469632e+00  1.1138113e+00
 -4.8121233e+00 -8.1807460e+00
 -8.9097882e+00 -1.6752276e+00
  3.8489939e+00 -3.8506854e+00
  4.4946259e+00 -4.0284481e+00
 -7.9561133e+00  4.6187795e+00
 -7.2322652e-01 -1.0589174e+01
 -8.0054464e+00  2.7522709e+00
  1.2857483e+00 -4.5592322e+00
  7.1124896e+00  3.8947281e-01
 -8.3647413e-02  2.7476323e+00
  6.5451846e-02  1.8092613e+00
 -2.6999437e-01  2.1857251e+00
 -9.6952842e-01  2.4842756e+00
  4.5500012e+00 -2.7439944e+00
 -1.3841821e+00  1.4600052e+00
 -3.5805876e+00  7.7619758e+00
  6.6801608e+00 -8.0205003e-01
 -2.4564990e+00 -1.1924312e+00
  1.3702255e-01  1.8038120e+00
 -4.4325973e+00 -8.8503235e+00
  2.7812708e+00  8.0774515e+00
 -5.4362484e+00  7.1606899e+00
  2.2139656e+00 -4.1758942e+00
  5.3811391e+00  5.3666531e+00
 -3.6705890e+00  7.4660419e+00
 -8.7879409e+00 -1.3890526e+00
  1.4453173e+00 -4.2825410e+00
 -1.9905377e+00  1.8668327e+00
 -8.6431149e+00  3.3457121e-01
 -3.2155752e+00 -1.2500835e+00
  2.7671963e+00  8.3519719e+00
  1.9967419e+00  8.0558570e+00
  9.6822829e+00 -6.9489741e+00
 -2.5137108e+00  1.0467508e+00
 -6.0750444e+00  6.2071405e+00
  4.6652653e+00  6.7628757e+00
 -8.2012934e+00  2.1178466e+00
 -5.5316525e+00  6.7728685e+00
  4.2331010e+00  6.3137359e+00
  5.2038434e+00  5.0138694e+00
 -5.8447241e+00 -8.1563752e+00
 -2.1977661e+00 -2.4909001e+00
  4.2058659e+00 -3.4760199e+00
  1.0831338e+01 -5.8778983e+00
 -5.0473108e+00  6.8583677e+00
  2.5129306e+00  8.0484329e+00
  2.5863611e-01 -1.0546134e+01
 -9.1389921e+00 -1.9672325e+00
  8.4339172e-01  8.0423241e+00
 -6.8124102e+00 -6.5529240e+00
 -5.9846524e+00 -7.8586507e+00
 -1.1459938e+00  2.1470472e+00
  2.5512485e-01 -4.3155212e+00
 -1.6138105e+00  2.3240808e+00
 -8.9327076e+00 -9.7198968e-02
 -2.0482312e+00 -1.7158814e+00
  1.2848231e+01 -2.3347602e+00
  1.3154521e+00 -1.0897025e+01
  8.0863261e+00 -9.4675628e+00
 -1.0370816e+01  4.8095423e-01
  9.9936597e+00 -7.9865818e+00
  2.9705035e-01  3.4416236e+00
  1.9876499e+00  2.0591330e+00
 -9.9965052e+00 -1.5621661e+00
  1.2782284e+01 -4.0222111e+00
 -6.5240172e+00 -8.1726626e+00
 -3.2564309e+00 -1.4146127e+00
 -9.8052868e+00 -1.7355460e+00
 -7.1900491e+00  5.8926457e+00
  7.4991907e+00 -1.6903270e+00
 -2.8472682e+00  9.1375586e+00
 -2.1294956e+00  2.6282607e+00
 -7.8567506e+00  6.6180795e+00
  2.3068266e+00  8.7556677e+00
 -3.4591817e+00  4.4880508e-01
  1.2060321e+00 -5.4593980e+00
  7.3775572e+00  4.0129975e+00
  1.3503609e+01 -2.1786036e-01
  7.9007651e+00 -9.6246368e+00
 -2.5960461e+00 -3.1104611e+00
  5.3777234e+00 -4.2495508e+00
  1.2533573e+01 -5.6277485e+00
  3.5662571e-01 -1.1963751e+01
 -9.7488066e+00 -3.6582122e+00
 -9.9168691e+00  1.5482328e+00
 -7.9028602e+00  5.5206532e+00
  2.1782820e+00  8.6134230e+00
 -7.9088790e+00 -6.4358981e+00
 -6.3420248e-01 -4.4984209e+00
  8.8468325e-01  2.2701964e+00
  1.4199710e+01  2.6249791e-01
  1.3928640e+01 -1.8787448e+00
 -6.0736968e-01 -1.1694534e+01
 -5.7164927e-01  9.3911133e+00
 -6.6592058e-01  3.2340227e+00
 -9.2509286e+00 -3.0111520e+00
 -3.1839595e+00  8.7365336e+00
  4.6364536e-01 -1.1831460e+01
 -2.2137019e+00 -1.0584880e+01
  5.1698201e+00  7.0441188e+00
 -9.6081823e+00 -2.4843455e+00
 -6.2329943e+00 -8.8617104e+00
  7.3676040e+00  1.4353188e+00
  1.3743965e+01 -1.6099063e-01
  3.7599732e-01 -4.6968632e+00
 -2.3102827e-02  3.6310222e+00
 -6.1596937e+00  7.2641657e+00
  6.6043929e+00  6.4091589e+00
 -9.6555892e+00  2.2479499e+00
  5.6782109e+00 -3.7286907e+00
  8.8533814e-02 -1.1631863e+01
 -2.7047328e+00 -3.2244207e+00
  6.5812022e+00 -1.0722652e+01
  7.4623418e+00  4.8781936e+00
 -9.9170683e+00  1.7714983e+00
  1.2510115e+01 -5.4023452e+00
 -3.2421050e+00 -3.1838185e+00
 -1.9632789e+00 -1.0632034e+01
  6.7197418e+00 -2.6339065e+00
  5.1398859e+00 -1.1386915e+01
 -3.2704621e+00 -5.9351871e-01
  4.7867160e+00 -3.7400657e+00
  1.3868970e+00 -1.1393525e+01
  3.0125819e+00 -5.5484588e+00
 -2.4050909e+00 -1.1455986e+01
  9.9485944e-01 -1.1178495e+01
 -3.7412591e+00 -1.0202507e+01
 -1.1009292e+00  9.4235418e+00
 -2.9972323e+00 -4.0207784e+00
  4.9229034e+00 -1.0578612e+01
  6.0569742e+00 -3.1539700e+00
 -2.2863890e+00  2.3651097e+00
  2.5551108e+00 -4.6682548e+00
 -9.4687570e+00 -3.4391796e+00
 -4.7662939e+00  8.5420983e+00
 -9.8481597e+00 -9.5649398e-02
  4.0540566e+00 -1.1014911e+01
  1.0912834e+00 -1.1158699e+01
 -2.6099623e+00 -3.7355536e+00
  7.3720709e+00  7.5249703e-01
  6.4678052e+00 -3.3919574e+00
  6.3954957e+00  5.8082912e+00
 -9.7340856e+00 -3.0818518e+00
 -9.8597553e+00 -2.6516471e+00
 -3.5069130e+00 -1.3227185e-01
 -3.8206343e+00  6.9813225e-01
 -1.1923120e+00  8.9690855e+00
  5.2235679e+00 -4.5092024e+00
 -3.1298828e+00  8.8233662e+00
 -3.8693028e+00 -1.0830657e+01
  3.9901516e+00 -1.0826029e+01
 -2.1580325e+00 -3.2246407e+00
 -8.6007625e+00 -5.3749466e+00
 -1.6318309e+00  2.4409486e+00
 -3.0982987e+00  1.5968536e+00
  3.6167543e-01 -1.1077020e+01
 -9.2452495e+00  4.2523482e+00
  5.1734483e+00 -3.4187569e+00
 -9.9478894e-01  2.9002736e+00
  1.1948899e+01 -5.7289651e+00
  7.4703019e+00 -5.7955673e-01
 -3.0292202e-01  3.5927908e+00
  1.7171725e+00  1.8447723e+00
 -3.8586055e+00  8.1407006e-02
 -1.8680799e+00 -1.0841017e+01
 -2.0150653e-01  3.0333390e+00
  7.6467728e+00  2.1892004e+00
 -7.0063998e+00  6.6207689e+00
  6.1683882e+00  6.0546548e+00
 -8.5744384e+00 -6.1134589e+00
 -9.4994197e+00  9.6693516e-01
 -2.6264437e+00  2.0079109e+00
  1.5708031e+00  2.2351128e+00
 -1.0207222e+01 -1.3112216e+00
 -3.7428654e+00  6.9302529e-01
  6.9833484e+00 -1.0108264e+01
  6.3737060e+00 -3.1105568e+00
  4.0835700e+00  8.4586775e+00
  7.8769971e+00  2.8981169e-01
  2.4270482e+00 -5.1524086e+00
  3.2114181e-01 -5.6085653e+00
  3.8561943e-01  3.0166432e+00
  7.6714847e+00 -2.0267146e-01
  1.5099348e+00  2.3936640e+00
 -1.0239036e+01  8.6594641e-01
  6.8212075e+00  4.7981828e+00
 -8.4478797e+00  5.8463901e+00
 -3.3756399e+00 -1.8413642e+00
  2.0194778e+00 -1.1757067e+01
  7.7434566e+00 -1.9355013e-01
  8.2522570e+00 -9.4063983e+00
 -4.8200597e+00 -9.1859747e+00
  7.0540718e+00 -1.0086917e+01
  1.4132253e+01 -1.6822498e+00
 -9.7768657e+00  1.4676452e+00
  8.3701311e-01  2.6173477e+00
 -4.4822426e-01  3.2952212e+00
 -9.9358351e-01  9.1593250e+00
 -1.5913661e+00 -4.0865816e+00
  6.8424502e+00  4.8608283e+00
  7.7744041e+00 -9.3170456e+00
 -3.2849505e+00  1.0946159e+00
  7.7247548e+00 -4.6252095e-01
 -9.2483553e+00  4.1157789e+00
  1.0434217e+01 -7.7683986e+00
  1.3324747e+00  2.4439560e+00
  1.2102554e-01 -5.1175378e+00
  6.7832869e+00 -1.4926102e+00
  1.1242870e+01 -7.1218195e+00
  2.6908316e+00 -4.9364436e+00
  2.0379995e+00  1.8082013e+00
 -3.0534992e+00  1.3031907e+00
 -1.9761798e+00 -3.9868555e+00
  1.3796590e+01 -2.2288425e+00
  4.7075222e+00 -1.0934015e+01
 -4.0501872e+00 -1.0869317e+00
 -2.4289065e+00 -2.6877244e+00
 -3.1138435e+00  1.6987144e+00
 -1.9541975e+00  9.7421007e+00
 -9.5394110e+00 -1.7897501e-01
  1.6693113e-01 -1.1232825e+01
  2.1917851e+00 -5.5988409e+00
  1.0553581e+00  2.7119392e+00
  6.3414993e+00 -3.0924958e+00
 -3.1323385e+00 -1.0324045e+01
  7.1916513e+00 -1.0097903e+01
  7.7489328e+00  3.2217246e+00
  6.2181916e+00  5.6075089e+00
  7.0239255e-01 -5.3468962e+00
  7.4513119e+00 -9.9829138e+00
 -2.6855797e+00 -3.5457370e+00
  5.3093807e+00 -3.5871417e+00
  1.3126582e+01 -4.8188250e+00
 -5.5647644e-01 -1.1327978e+01
 -2.9877373e+00 -2.1454928e+00
 -2.3471881e+00  2.5818586e+00
  1.4165804e+00  2.7224560e+00
  2.3234941e+00 -4.9009425e+00
  1.2501612e+01 -5.4307518e+00
 -3.1658647e+00  2.2169337e+00
 -3.5258270e+00 -4.1704728e-01
  4.2854918e+00 -1.1099308e+01
  6.4039309e+00 -1.0422825e+01
  5.8492217e+00 -3.3483976e+00
  1.0705883e+00  2.6481552e+00
  8.7572283e+00 -9.2890214e+00
 -7.2117474e+00  6.7780602e+00
  8.7438770e-02  9.5294326e+00
  1.1356059e+01 -6.3155464e+00
 -1.4625199e+00 -4.1908022e+00
 -3.2056360e+00  1.5399551e+00
 -2.0972517e+00  3.1064132e+00
  1.7472696e+00  8.7487254e+00
 -2.3139346e+00  1.7819222e+00
 -2.5723102e+00  2.2522430e+00
  6.5293226e+00 -1.9746421e+00
  6.8278921e+00 -1.9445178e+00
  6.2598180e+00 -2.4589325e+00
  5.6200534e+00 -3.4886298e+00
 -9.6245409e+00 -1.8451823e-01
 -4.2127899e+00 -1.0221481e+00
 -1.4129809e+00 -1.1149731e+01
 -3.7874404e+00  4.8440759e-01
  6.4865476e+00  6.0105809e+00
 -1.4925654e-01  3.5355632e+00
  2.7053017e+00 -1.1460140e+01
  6.0651651e+00 -3.0279846e+00
  1.3359804e+01 -2.0498691e+00
 -6.0726515e-01  9.7528804e+00
  7.5249455e+00 -1.3238705e+00
  4.5120101e+00  7.2866370e+00
  3.5997964e+00  7.9759129e+00
  3.1687966e-01  3.4107886e+00
 -8.2600238e+00 -6.2123448e+00
 -9.1209604e-01  3.6851668e+00
 -1.1016887e+00 -4.0722346e+00
 -3.6974642e+00  1.2214586e+00
 -9.8874667e+00  9.4187226e-01
 -3.8362489e+00 -1.6004869e+00
  2.3159748e-02  2.8633206e+00
  8.1321037e+00  1.5850804e+00
  1.1940039e+00 -5.0428562e+00
 -5.2876265e-01 -1.1365375e+01
 -9.1428901e+00 -3.5926233e+00
 -9.7562421e-01  9.1584730e+00
  7.8789446e+00  1.5543728e+00
  1.1113957e+01 -7.3419549e+00
 -7.8039667e-01 -5.1839537e+00
 -9.5276008e+00  1.3572463e+00
 -3.6250128e+00 -4.0822530e-01
  7.2878988e-01  9.8447243e+00
 -3.7551323e+00  1.2742924e+00
  6.9444943e+00  4.7972464e+00
 -1.7376526e-01  3.1675441e+00
  7.6175471e+00  3.8301206e+00
 -9.5804835e+00  1.7094768e+00
 -8.6849414e+00  4.3876962e+00
 -9.5463731e+00  3.0422946e+00
 -1.0265473e+01  1.8766797e+00
  3.6801509e+00  7.9027903e+00
  3.5545550e+00  7.6839931e+00
  4.7448629e+00  7.2238371e+00
 -1.1284411e+00  3.2029584e+00
  4.0161642e+00  7.8977433e+00
  1.3531840e+01 -4.3960691e-01
  7.1435883e+00 -9.8051413e+00
 -4.8994571e-01  8.9814028e+00
  6.9250678e-01 -1.1115923e+01
  6.9067477e+00 -1.6611218e+00
  3.2396819e+00  9.1112740e+00
 -4.3460038e-01 -5.0433303e+00
 -1.0753095e+00  2.7935813e+00
 -7.9105912e+00 -6.2217500e+00
  4.8998816e+00 -1.0679405e+01
  1.8386398e+00  1.9773012e+00
  1.2007542e+01 -5.8715328e+00
  7.4907672e+00  4.1073234e+00
 -3.7894870e+00  3.0420107e-01
 -4.3811293e+00 -1.0561865e+01
  6.5622916e-01 -4.7420390e+00
  4.3451775e+00  7.5415117e+00
 -8.6424845e+00 -5.4546032e+00
 -5.2806858e+00  8.2190648e+00
 -9.7941556e+00 -1.0960273e+00
  3.0417947e+00  8.7025951e+00
  4.2870520e+00 -4.7639555e+00
  7.7738496e+00  9.0805604e-01
 -2.3173434e+00 -3.3575348e+00
  5.7760423e-01 -4.9174597e+00
 -9.6654227e-01 -4.4190834e+00
  2.8002183e-01 -1.1047347e+01
 -3.5029475e+00 -1.7267111e+00
 -8.7785780e+00  4.1041162e+00
 -8.5609860e+00  5.5946134e+00
  5.0671489e+00 -1.0530225e+01
  5.9465860e+00 -3.3027618e+00
  6.6848033e+00  5.2490549e+00
  5.9345029e+00  6.7520841e+00
 -1.7658229e+00  2.3131199e+00
  6.6315036e-01  2.7056261e+00
 -9.6783159e+00 -4.1616681e+00
 -1.0533610e+00 -4.2437071e+00
 -4.2403168e+00  8.6554316e+00
 -2.6718484e+00  2.5414133e+00
  7.5286672e+00  6.6608748e-01
 -7.3171962e-01  3.2687898e+00
  4.3363896e-01  3.4487020e+00
 -1.5880386e+00 -4.4167627e+00
  8.2834000e+00  1.8373056e+00
 -2.7645993e+00  2.7119064e+00
 -1.4448774e+00  3.4567160e+00
 -2.5589537e+00  2.2380523e+00
 -9.3705977e+00 -3.9309908e+00
 -5.9663633e+00  7.1224154e+00
 -3.3805629e+00  9.4030847e+00
  6.2075889e+00 -3.1019065e+00
 -5.3543576e+00  7.5307827e+00
  7.3836799e+00  1.0886315e+00
  5.8070533e+00 -3.7015738e+00
 -6.0946314e+00 -8.6301061e+00
  8.8900231e+00 -8.8571029e+00
 -3.5643504e+00 -1.6891713e+00
  1.2290213e+01 -4.6639019e+00
  6.0383573e-01  2.7713649e+00
 -3.5149930e+00  1.5565946e+00
 -6.3464199e+00  7.0999700e+00
 -2.0801186e+00  3.0453378e+00
 -9.8885575e+00 -1.4222739e+00
 -9.0609254e+00  4.6606357e+00
 -2.9078541e+00  1.0716730e+00
 -3.5976719e+00 -4.7123105e-01
  2.6247688e+00  8.2283797e+00
 -7.6215096e+00  5.9693293e+00
 -1.8590665e+00  9.6651053e+00
  1.5243638e+00  2.4150338e+00
  1.8185504e+00  1.8981099e+00
 -7.4016021e+00 -7.5212414e+00
  1.0126264e+00 -4.7935823e+00
 -8.8764334e+00  3.8191561e+00
  1.1010949e+01 -7.6478721e+00
 -9.5669639e+00  2.7991358e+00
 -5.3767984e+00  8.4299923e+00
  1.0474124e+00  2.5157464e+00
  8.1267599e+00  1.4618896e+00
  1.1198177e+00  2.7397285e+00
  6.7313125e+00 -1.0019604e+01
 -9.0028717e-01  3.0312626e+00
  8.2655414e-01 -5.4201635e+00
  4.3984694e+00  7.7124514e+00
 -3.0983605e+00 -1.5578254e+00
  1.3233479e+01 -2.5954710e+00
  6.1496268e+00  6.3685171e+00
  1.3793530e+01 -2.6570419e+00
  2.2896581e+00  9.4993633e+00
  4.9727455e-01 -5.7553874e+00
 -2.5657961e+00  9.3885695e+00
  9.3373701e+00 -8.7770839e+00
  1.1644236e+00 -5.7300957e+00
 -2.4729746e+00 -4.1468432e+00
  7.9021464e+00  3.0289583e+00
  8.3002502e-01 -5.5562071e+00
  1.5948065e+00  8.8004868e+00
  7.0742657e+00 -2.4159282e+00
 -3.6476599e+00 -1.0306951e+00
 -6.0032406e+00 -8.7819060e+00
  1.1888882e+00  9.5388405e+00
  4.5639686e+00 -1.0754516e+01
  1.3597883e+01 -3.5693479e-01
 -3.7551730e+00 -1.3563942e+00
  6.8305145e-02 -1.1094632e+01
 -2.9626750e+00 -3.7817378e+00
  9.4300850e-01  2.9410039e+00
 -6.3528113e+00  7.2776200e+00
  7.6814370e+00  3.0249502e+00
 -2.8910597e+00  2.4174425e+00
  1.6287801e+00 -5.1879346e+00
  5.9764935e+00  6.1071477e+00
 -7.3811981e+00  6.6531286e+00
  3.2691073e-01  3.0256207e+00
 -2.2556384e+00  2.3155562e+00
 -2.9941888e+00  2.0553458e+00
  8.0525036e+00  1.9490589e+00
  4.2077268e+00 -1.1204874e+01
  9.4857013e+00 -8.2225649e+00
  1.9560401e+00  1.7447356e+00
  4.4304832e+00 -4.5580984e+00
  6.8600582e+00 -1.8850256e+00
 -3.3199522e+00  1.2036710e+00
 -9.4903118e+00 -4.3632770e+00
 -9.6813528e+00 -1.3232048e+00
  6.4289603e+00 -3.3817008e+00
 -3.6849871e+00 -2.6514440e-01
  7.5977073e+00 -3.1828000e-01
  1.1908025e+01 -5.2156379e+00
  6.4629316e+00 -3.5139116e+00
  5.3803605e+00  7.2631106e+00
  3.1765363e+00 -4.7793493e+00
 -4.8024550e+00 -1.0205832e+01
 -9.5827717e+00 -2.0375114e+00
  2.4833355e+00  8.4721587e+00
  6.4530060e+00  5.2606906e+00
 -1.0106659e+01 -3.1267954e+00
  2.0826261e+00  1.9786251e+00
  1.2492929e+01 -5.6403952e+00
 -3.2285816e+00  4.9038670e-01
  1.3720884e+00 -5.4344542e+00
 -6.3023180e+00 -8.5133350e+00
  1.4043382e+01 -5.9698700e-01
  4.1540731e+00 -1.1762264e+01
  5.5596513e+00  6.5690283e+00
  5.9106078e-01  3.0146940e+00
  5.9024348e+00 -3.2629240e+00
  7.6839327e-01 -4.8527434e+00
 -1.0042823e+00  3.1432876e+00
 -5.5421417e+00  7.7872529e+00
  7.5656377e+00  2.1082485e+00
 -2.2775460e+00 -4.4280785e+00
 -3.5550405e+00 -1.7314192e+00
  8.0592745e+00  2.5491983e+00
 -2.7847524e+00  2.7820765e+00
  1.9791199e-01  9.2022890e+00
  7.2716297e+00 -9.0619326e-01
 -2.0294718e-01  3.0904974e+00
 -1.7784834e+00 -4.1028364e+00
 -6.2427585e+00  6.6048326e+00
 -4.4143461e-01  3.6468808e+00
  8.0828909e+00  1.4584135e+00
 -2.5093373e+00 -3.1397044e+00
 -4.6113701e+00 -1.0312088e+01
 -9.0220821e+00 -6.0732081e+00
  1.5545371e+00 -4.9010297e+00
  1.6677835e+00  2.3476840e+00
 -3.0474454e+00  1.0790644e+00
  6.6138201e+00 -2.6129894e+00
  8.0878344e+00  7.9039009e-01
  7.2660603e+00  3.7972940e+00
  1.2191671e+01 -5.3108162e+00
  5.8517111e+00  6.7389050e+00
  1.4217172e+01 -1.8131846e+00
 -6.1850826e+00 -9.3305400e+00
 -9.8686334e+00  1.1761803e+00
 -8.9504943e-01 -5.1147393e+00
  2.0179701e+00 -5.0610910e+00
 -6.2738527e+00 -9.1392157e+00
 -8.9482547e+00 -5.7276337e+00
  9.9327188e-01  3.2099691e+00
 -1.9611336e-01  3.5228976e+00
 -1.0104153e+01 -1.7301689e+00
  3.2293583e-01  3.1877194e+00
  7.7396639e+00  1.2722881e+00
  6.5805939e+00 -2.3966965e+00
 -2.9654669e+00  2.5103291e+00
 -2.9766581e+00 -2.8952696e+00
  1.7618569e+00 -5.1108662e+00
  4.8962015e+00 -4.3293304e+00
 -2.3614206e+00 -2.9867606e+00
 -4.8936949e-02  3.4545745e+00
  7.6150076e+00 -1.6224179e-01
 -3.9662134e+00  1.0839888e+00
 -7.6767089e+00 -7.5024617e+00
  4.8558831e+00 -1.0672742e+01
 -3.4128577e+00 -1.0672397e+01
  4.3586734e-01  3.4266541e+00
 -6.4588399e+00 -8.4073359e+00
 -1.9289842e+00  3.2630452e+00
 -7.7873972e+00  5.7698440e+00
 -4.3807883e+00 -1.0104782e+01
  1.3228242e+01 -2.6132829e+00
 -4.1856177e+00 -3.5279214e-01
 -7.3758100e+00 -7.5077604e+00
  4.8137951e+00  7.1155491e+00
 -3.0679245e+00 -2.1926242e+00
 -4.4836334e+00 -9.5455352e+00
 -5.8466020e+00  7.4140273e+00
  6.7433311e+00 -2.6094406e+00
  7.4228882e+00  3.9663901e+00
  7.1654279e+00  4.8287573e+00
  6.8845209e-01 -5.4843160e+00
 -9.1645979e+00 -3.3168464e+00
 -3.5112655e+00  2.9071679e-01
  8.0370675e+00  2.3997988e+00
  6.2270136e+00  5.9773591e+00
 -3.8723721e+00 -7.9805084e-01
  2.6168817e+00  8.6857330e+00
 -5.4781007e-02 -4.9992681e+00
 -3.0197477e+00  1.3077700e+00
 -3.6770166e+00  8.7869960e+00
  3.0072576e+00 -1.1434615e+01
  1.1813785e+01 -5.4514719e+00
  3.7735028e+00 -1.1209104e+01
 -1.2964756e+00  3.2822208e+00
  7.8929732e+00  8.7556329e-02
  7.0756432e+00  5.1987678e+00
  1.7327062e+00  9.5948011e+00
  7.6960940e+00  3.4323949e+00
  6.8033717e-01  9.4002701e+00
 -2.5346590e+00  9.2692871e+00
 -6.5505655e+00  6.5370733e+00
  6.3398464e+00 -2.4515501e+00
  1.6797679e+00  8.7858257e+00
 -6.6642485e+00  7.7597719e+00
  3.0692115e+00 -4.5782432e+00
 -9.5930829e+00 -1.6036479e+00
 -5.6468206e+00 -8.7720898e+00
  7.4646750e+00  1.2205795e+00
 -5.6853172e+00  7.5439325e+00
 -6.4839729e+00 -7.8021992e+00
 -4.8717562e+00  8.0747719e+00
  6.3585291e+00 -3.1494791e+00
  5.7561612e+00 -3.7157889e+00
 -3.2947960e+00 -1.0169975e+01
  6.0676597e+00 -3.3532196e+00
  2.2830572e+00 -5.7556226e+00
  3.1143992e+00 -4.6573204e+00
 -2.9444558e+00 -1.0285210e+01
 -8.8448274e+00  5.3291801e+00
 -4.9576201e-02  3.5137047e+00
  4.6023597e+00  8.2204234e+00
 -3.9412505e+00 -1.5458387e+00
 -4.0039408e+00 -1.5324059e+00
 -9.8669573e+00 -7.5985174e-01
  1.6172816e+00  1.7801946e+00
 -5.5156991e-01  3.5273427e+00
  1.1095139e+01 -7.5884855e+00
  1.4524063e+01  3.0219561e-01
  7.0838617e+00 -2.7230628e+00
  7.4424354e+00 -4.1963899e-01
 -8.6271285e+00 -5.7833683e+00
 -2.5243265e+00 -1.0583358e+01
 -1.3319305e+00 -4.4411100e+00
  6.3077829e+00  6.2092082e+00
 -3.6268248e+00 -1.6842513e+00
  5.4730058e+00 -4.3891141e+00
 -4.9403762e+00 -9.4716904e+00
  1.4777370e+00  1.7202827e+00
 -3.3278370e+00  2.4112090e+00
 -1.0118222e+00 -4.3147038e+00
 -8.7257567e+00  5.3257465e+00
  7.2489104e+00 -2.0349316e+00
  3.9562005e+00  7.6873778e+00
 -2.6067169e+00  1.6519744e+00
 -2.4989840e+00 -1.1296351e+01
  3.0612449e+00  8.6485825e+00
  6.6744190e+00  6.4514467e+00
 -2.7452564e-01  3.0205432e+00
 -6.4086159e+00 -8.9706400e+00
 -2.7692448e+00 -1.0950493e+01
  6.5729822e+00 -1.6187479e+00
 -1.0366916e+01 -2.2621521e-01
  7.6555869e+00  5.7334912e-01
  2.2049356e+00  1.8339639e+00
 -1.9146301e+00 -4.3720446e+00
 -1.2931647e+00  3.0953515e+00
 -8.0958404e+00 -6.8167417e+00
 -9.3083306e+00 -5.1084106e+00
  7.4609474e+00  1.3007204e+00
  1.3668016e+01 -2.5172697e+00
 -2.3243732e+00 -3.5234559e+00
  9.1955853e+00 -8.3930783e+00
 -9.0604480e+00 -3.3153574e+00
  7.7856859e-01  8.7752702e+00
  3.6843989e+00 -4.5916092e+00
  1.3188580e+01 -3.5081552e+00
  6.8961531e-01  3.2085352e+00
 -4.0149092e+00 -1.5595161e+00
  3.1572148e-02  2.8273193e+00
 -2.0469669e+00  2.1872751e+00
  8.1794506e+00  2.0944349e+00
 -1.1139862e+00 -4.4341338e+00
  5.9729278e+00  7.1375173e+00
  1.0397561e+01 -7.7105022e+00
 -3.4579132e+00  7.5821836e-01
  1.3326883e+01 -1.6918817e+00
  7.5057386e+00  1.9793054e-01
 -1.2494413e-01 -4.5429301e+00
  1.1902140e-01  3.2262965e+00
  6.3002604e+00 -2.1612533e+00
 -9.6035694e+00  3.7609106e+00
 -8.3488233e-01  3.5320831e+00
 -3.6008793e+00 -1.6196376e+00
  5.0439258e+00 -3.8156378e+00
 -3.4957122e+00 -1.0418178e+00
 -2.3246439e+00 -4.0403204e+00
 -2.5945837e+00  2.0594201e+00
  7.7023356e+00  1.4060512e+00
  6.6519833e-01  2.5205262e+00
  4.9522133e+00 -1.0939097e+01
 -9.2568873e+00 -5.1232764e+00
 -3.9754826e+00 -9.9156119e-01
 -9.7456963e-01  3.5785692e+00
 -7.7329670e-01 -1.1005380e+01
  7.2932356e-01  2.8134081e+00
  1.6791739e+00  2.6210771e+00
 -7.1174809e-01  3.2586309e+00
  1.1782319e+00 -1.1923396e+01
  9.3888367e+00 -9.0042887e+00
  1.2401833e+01 -4.2489863e+00
  1.1338787e+00  2.6810425e+00
  1.0202974e+01 -8.5341978e+00
 -3.7632133e+00  1.1807814e+00
 -3.6100099e+00 -2.4634045e-01
 -3.9153329e+00  9.7622176e-01
 -2.4769348e+00  2.8395234e+00
  1.1355492e+01 -5.8882235e+00
 -1.7275875e+00 -5.0833822e+00
 -2.2867199e+00  2.9172613e+00
 -9.5374060e+00  1.8840800e+00
  9.4415889e+00 -8.7757600e+00
 -6.5438698e-01  9.5046242e+00
  7.0167620e+00 -8.0796544e-01
  5.6729218e+00 -3.9410851e+00
  1.5209747e+00  2.0967312e+00
  7.9617677e+00 -9.3943755e+00
 -3.0844858e+00 -2.7165441e+00
 -5.9513780e+00 -8.6655790e+00
 -4.8192355e+00  8.0731878e+00
  7.7021069e+00  1.8472954e+00
 -5.4587751e+00 -8.8838764e+00
  1.7820653e-01  2.6274590e+00
 -1.0318480e+01 -9.7797177e-01
  4.7996750e+00 -4.3298480e+00
  4.6610329e+00 -3.8862832e+00
 -8.6486184e+00  4.9149118e+00
 -1.2439056e+00 -1.1279049e+01
 -9.1661527e+00  2.7223113e+00
  1.2957126e+00 -5.7687514e+00
  7.5528195e+00  9.3444298e-01
 -1.6786844e-01  3.5623141e+00
  1.0898480e-01  2.7877049e+00
 -1.2322547e+00  3.3041692e+00
 -8.9191062e-01  3.1957657e+00
  5.4783148e+00 -3.2620593e+00
 -2.1083072e+00  2.3939998e+00
 -3.4504364e+00  8.7833923e+00
  7.1977502e+00 -1.6340592e-01
 -3.0365790e+00 -2.0558903e+00
 -3.0738085e-01  3.0184583e+00
 -5.0856814e+00 -9.1139434e+00
  2.6170982e+00  9.1883211e+00
 -6.0907010e+00  7.5678814e+00
  2.0128939e+00 -4.9077239e+00
  6.3286896e+00  6.1439411e+00
 -4.2371515e+00  8.5400035e+00
 -1.0306166e+01 -9.3044083e-01
  1.6874824e+00 -5.3983503e+00
 -2.1249919e+00  2.6427838e+00
 -1.0017835e+01  3.6527831e-01
 -3.2408067e+00 -1.8117396e+00
  2.9698342e+00  8.4050356e+00
  5.7117456e-01  3.2164284e+00
  1.9709744e+00  9.5294685e+00
  1.5919248e+00  2.6088294e+00
  1.0997429e+01 -7.8091398e+00
 -3.6455560e+00  8.9042672e-01
 -6.9292840e+00  6.0769129e+00
  5.3372918e+00  7.1918898e+00
 -9.7744567e+00  1.9699640e+00
 -6.4350260e+00  7.1324175e+00
  5.2351736e+00  7.0005562e+00
  6.8327444e+00  6.2853876e+00
 -6.3691335e+00 -8.4599404e+00
 -2.9895674e+00 -2.9645113e+00
  4.4184536e+00 -3.9589206e+00
  1.2024055e+01 -6.2441689e+00
 -5.9757299e+00  7.9047268e+00
  2.2611258e+00  9.2375345e+00
  3.9939727e-01 -1.1379535e+01
  1.2761983e+00  1.7803387e+00
 -9.5687511e+00 -1.8690699e+00
  7.1475576e-01  9.4940643e+00
  1.8495122e+00  2.7064977e+00
 -7.4618535e+00 -6.8836394e+00
 -6.9544257e+00 -8.5103171e+00
 -1.9199972e+00  2.1237871e+00
  6.2909421e-02 -4.9151189e+00
  1.5883176e+00  2.2474839e+00
 -2.2113493e+00  2.7945413e+00
 -1.0054155e+01 -3.0711266e-01
 -3.1932285e+00 -2.3562643e+00
  1.3402359e+01 -1.7576875e+00
  1.3564388e+00 -1.1286082e+01