0 32 2 6 0 0 0 0 0 0 38 0 0 6 0 0 0 0 0 1 3 4 0 0 0 12 2 0 0 2 0 0 
0 6 11 0 0 0 0 2 0 0 18 0 0 4 0 0 0 0 1 1 6 0 0 0 0 19 2 0 0 0 0 0 
25 44 58 29 5 2 3 15 0 0 27 0 0 28 17 4 0 6 53 1 78 38 0 0 31 354 103 0 12 39 0 0 
0 19 0 4 1 0 0 4 0 0 16 0 0 3 0 1 0 0 0 5 0 8 0 0 0 3 3 0 1 1 0 1 
39 127 562 37 99 307 10 182 0 29 745 517 27 235 44 238 3 40 40 12 275 159 5 17 17 800 138 0 62 7 86 1 
56 574 186 158 0 0 11 110 0 0 811 45 0 96 95 1 14 8 4 105 250 171 0 1 8 228 48 6 4 64 4 14 
0 205 0 17 7 0 0 61 0 0 216 8 0 77 0 0 151 0 0 51 0 0 24 0 0 11 3 0 17 55 0 7 
0 17 0 20 1 0 0 0 0 0 7 0 0 5 0 0 0 0 0 6 1 2 0 0 0 4 6 0 3 0 0 0 
2 155 11 50 0 0 0 0 0 0 156 9 1 59 12 0 2 0 1 98 17 32 17 0 0 12 70 0 0 27 0 37 
4 186 118 34 142 55 1 27 3 0 112 46 0 37 0 48 0 11 8 141 24 26 0 0 34 122 0 21 12 8 8 198 
0 4 0 1 0 0 0 0 0 0 31 1 0 2 0 0 1 0 0 0 8 0 0 0 0 11 0 0 0 11 0 0 
0 386 463 314 10 4 0 329 1 0 645 172 0 196 4 9 106 2 35 84 236 43 62 1 20 434 16 0 221 344 14 49 
6 219 427 18 0 11 2 185 6 10 435 89 7 72 0 2 0 21 1 29 81 14 3 36 14 494 21 0 9 10 2 2 
0 10 0 0 0 0 0 0 0 0 16 0 0 0 0 0 0 0 0 1 0 0 0 0 0 29 0 0 24 0 0 0 
0 234 9 19 0 8 0 36 16 20 102 17 0 24 0 0 0 0 0 81 6 0 0 58 0 39 0 0 22 63 1 13 
0 33 5 1 0 3 0 2 0 0 49 0 0 6 0 0 0 0 0 5 1 3 9 0 0 12 6 0 0 0 0 0 
994 16 1003 86 0 2 241 450 6 37 464 91 185 132 484 34 0 543 169 5 1024 194 4 27 165 1391 10 0 0 0 19 0 
10 38 59 62 11 6 0 18 0 0 167 5 0 14 0 34 0 0 27 0 0 88 0 0 1 215 2 8 1 0 2 0 
5 9 175 1 0 0 10 96 0 0 120 26 1 12 1 0 2 0 0 0 82 8 13 1 1 201 0 0 4 0 0 0 
0 619 101 496 0 0 0 21 0 0 198 4 0 30 23 0 0 0 55 281 246 186 0 0 0 360 2 0 18 111 0 210 
0 213 317 43 0 0 0 334 0 0 120 33 0 14 0 0 0 0 0 238 55 32 0 0 0 132 0 0 15 131 1 172 
17 157 63 60 2 2 3 54 15 0 373 40 29 118 8 8 0 27 14 93 18 63 0 1 29 45 52 0 0 12 77 60 
8 36 60 38 46 6 2 16 0 0 103 7 0 30 15 21 0 1 18 25 147 61 0 0 8 172 11 0 0 0 4 15 
15 216 242 107 9 2 0 120 0 1 298 56 5 17 28 6 0 6 66 78 59 142 2 0 75 461 0 0 22 18 5 16 
0 44 35 1 0 0 0 29 0 0 107 17 0 7 1 0 0 0 0 6 6 4 0 1 0 41 0 0 0 0 0 1 
17 69 2 90 0 0 3 4 0 0 92 8 0 42 9 0 0 5 43 8 193 62 0 1 0 92 151 0 0 44 0 1 
0 146 1 66 0 0 0 17 0 0 182 0 0 93 0 0 0 0 0 26 23 0 0 0 0 36 0 0 16 132 0 30 
35 1745 57 106 0 0 9 28 0 1 571 46 4 1032 5 2 17 27 2 848 29 111 190 32 3 98 672 6 0 26 0 106 
0 290 16 76 1 1 0 16 0 0 325 7 0 21 0 1 0 0 0 156 4 2 0 0 0 43 0 0 0 79 0 162 
7 316 79 366 5 56 7 146 36 0 225 62 95 89 98 15 139 25 15 392 82 223 65 0 9 176 60 0 13 362 39 686 
0 151 38 13 1 3 0 32 0 0 135 12 0 39 0 0 0 0 0 125 19 31 0 0 0 76 40 0 9 10 0 34 
11 43 116 17 2 1 0 42 0 0 141 4 1 7 14 0 0 28 4 8 67 50 0 0 8 178 0 0 19 5 2 0 
4 151 2 30 0 0 0 0 0 0 104 1 0 46 4 0 0 1 3 109 24 44 0 0 1 38 9 0 1 37 0 159 
1 45 48 13 0 2 0 66 2 3 99 18 4 7 0 0 19 1 1 7 11 11 27 0 0 38 19 0 0 3 3 2 
72 184 108 263 1 21 23 46 0 2 89 2 52 39 1 1 0 34 15 111 32 53 2 0 0 75 289 0 18 146 0 171 
0 265 6 68 4 0 0 0 0 0 233 0 0 1 0 0 0 0 7 71 67 22 1 0 58 155 0 0 12 80 0 246 
0 149 12 112 0 8 0 0 0 0 36 0 0 28 0 0 0 0 0 190 0 0 0 0 0 30 5 0 0 97 0 101 
0 13 0 3 0 0 0 0 0 0 33 0 0 0 0 0 0 0 0 2 0 0 0 0 0 2 0 0 0 1 0 0 
0 79 12 1 0 0 1 53 0 0 71 7 0 1 0 0 17 0 0 18 16 2 0 0 3 27 0 0 0 4 0 3 
3 614 105 74 0 0 8 99 0 0 930 73 0 259 0 0 1 0 0 257 541 26 0 0 0 596 28 0 0 73 0 76 
3 160 22 2 0 1 0 88 0 32 204 55 4 70 0 0 6 0 0 81 82 19 15 17 0 99 20 0 0 0 0 28 
27 145 223 317 67 25 15 67 14 17 317 39 41 419 5 8 3 71 33 59 115 41 453 89 68 260 1125 5 1892 908 26 18 
0 143 71 100 0 0 0 62 0 0 231 19 0 81 0 11 0 0 2 73 70 14 0 0 0 153 89 0 13 29 0 39 
0 26 3 0 0 0 0 1 0 0 6 0 0 2 0 0 3 0 0 2 3 0 2 1 0 5 0 0 0 0 0 0 
9 105 36 38 6 0 6 23 3 0 156 23 1 65 0 0 132 0 0 13 3 21 165 4 0 50 1 2 21 36 1 5 
15 45 62 18 0 0 14 17 0 0 64 1 4 24 18 0 0 5 18 8 219 84 3 0 17 263 228 0 4 69 0 0 
0 7 8 0 0 1 0 3 0 0 15 1 0 0 0 0 0 1 0 0 2 0 0 0 0 16 0 0 14 4 0 0 
0 0 8 0 0 0 1 11 0 0 11 0 0 2 0 0 0 0 0 0 10 0 0 0 0 16 1 0 3 6 1 0 
0 45 42 0 12 5 0 12 0 1 269 20 2 69 0 0 0 0 0 2 30 9 0 0 0 223 123 0 0 0 0 0 
6 151 31 43 31 11 7 3 0 0 417 2 0 85 1 3 0 1 15 19 38 12 0 0 3 130 4 0 14 163 0 10 
0 2 3 12 48 6 0 4 10 0 24 8 0 16 0 34 0 2 6 0 0 0 0 0 24 11 2 13 1 55 19 0 
15 16 0 0 0 0 0 0 0 0 0 0 0 2 0 3 0 0 3 12 0 0 0 0 2 7 0 0 0 0 0 10 
1 1 2 0 0 0 2 3 0 6 1 7 0 1 0 0 1 0 0 0 5 0 0 4 0 1 1 0 0 0 0 0 
76 2 5 2 15 0 0 2 13 0 4 8 0 0 8 15 0 13 43 2 6 14 0 0 52 13 0 0 0 0 6 1 
5 32 2 73 0 2 0 10 0 2 14 0 1 7 1 21 0 0 6 20 2 33 0 0 3 3 1 0 0 0 0 28 
28 125 50 308 575 101 0 64 40 170 73 71 487 41 36 273 0 16 372 159 44 160 11 182 235 101 93 86 1 11 176 395 
31 6 19 1 0 1 0 11 0 20 8 9 12 4 30 2 0 6 2 0 16 21 0 13 9 30 1 0 0 0 0 0 
25 8 6 4 0 0 17 5 5 10 4 14 2 10 8 0 0 37 0 21 48 11 0 23 6 4 0 0 0 0 3 29 
18 23 30 0 0 4 13 3 4 0 8 8 6 12 0 1 0 26 0 10 13 3 0 0 15 9 1 0 0 0 13 0 
10 22 288 0 0 4 657 34 0 32 12 0 76 0 0 0 0 3 0 8 14 0 0 0 0 38 0 0 2 0 0 0 
0 25 2 6 4 0 0 0 0 0 11 0 0 2 0 14 0 0 5 16 0 3 0 0 3 6 0 0 0 0 0 7 
10 8 4 0 20 1 0 3 1 14 30 12 5 7 0 36 0 6 15 6 3 5 0 43 2 3 3 6 15 190 0 2 
86 14 71 33 3 2 6 37 23 66 5 12 343 38 438 22 4 262 18 36 29 82 2 20 31 21 63 0 0 0 52 31 
0 37 21 2 0 2 17 22 4 3 26 24 8 16 0 0 0 10 0 30 6 1 0 13 1 2 7 0 0 0 3 5 
2 47 15 12 35 11 0 3 0 0 49 5 0 25 0 11 0 2 0 33 0 18 0 0 6 13 0 8 0 1 10 78 
5 58 7 15 0 3 0 16 6 11 12 10 16 48 3 30 1 46 5 52 0 16 1 16 0 11 333 0 0 0 2 317 
0 6 0 0 0 0 0 3 0 2 11 34 0 14 0 0 0 0 0 8 0 0 0 12 0 2 0 0 0 0 0 7 
27 17 18 1 0 1 0 8 1 0 14 2 0 26 6 10 0 5 4 7 8 30 0 0 10 24 41 0 0 0 5 1 
0 22 31 2 7 24 0 26 0 22 26 12 24 33 0 11 0 25 2 17 7 17 0 0 0 20 2 0 0 1 2 3 
13 0 12 0 40 17 0 22 10 9 17 9 11 10 0 54 0 2 31 0 1 0 0 0 5 23 8 0 0 0 6 0 
7 0 3 0 7 12 0 2 0 0 0 0 0 0 0 8 0 1 0 0 0 1 0 0 0 3 0 0 0 0 4 0 
29 16 20 5 2 5 4 5 1 1 2 4 14 3 1 7 0 30 1 44 1 13 0 0 8 3 3 0 0 7 17 6 
0 17 18 0 15 0 0 25 0 0 14 1 0 1 0 2 0 0 11 1 0 4 0 0 9 19 0 1 0 2 10 0 
81 160 121 11 55 7 11 71 1 35 100 18 32 17 18 55 288 45 150 99 134 105 361 217 254 296 103 0 77 0 69 24 
2 15 9 1 0 0 1 2 0 2 14 4 1 2 0 6 0 0 2 0 0 3 0 2 0 6 0 0 0 7 2 0 
25 17 21 12 4 21 6 6 20 2 13 13 21 2 2 0 0 23 1 18 0 17 0 3 0 8 0 0 0 0 9 36 
1 7 1 3 0 1 0 0 0 0 3 0 0 7 0 0 0 0 1 9 0 3 0 0 0 2 10 0 0 0 1 21 
7 4 3 9 0 0 0 7 0 0 4 0 0 9 4 0 0 0 7 12 12 3 0 0 9 14 11 0 0 3 0 8 
3 10 11 2 4 7 0 6 2 1 5 1 2 14 14 2 0 4 15 12 0 11 0 0 1 30 44 0 0 0 3 0 
418 63 45 298 157 44 28 30 9 2 47 14 13 57 751 186 0 104 410 211 161 498 0 1 378 140 240 10 0 0 105 284 
0 16 0 19 1 1 0 4 0 0 31 20 0 66 3 4 0 0 1 4 0 14 0 0 0 3 4 0 0 0 0 1 
35 13 13 1 2 19 7 8 0 3 5 14 2 1 7 0 0 47 4 13 7 20 0 0 0 9 0 0 0 0 5 65 
20 10 44 267 2 23 0 48 38 6 12 70 6 26 26 18 0 5 140 41 0 41 10 16 152 45 20 1 0 0 58 55 
7 17 15 0 14 0 0 6 0 0 12 0 0 25 3 17 6 8 10 21 5 13 33 0 18 24 22 0 0 0 20 4 
490 141 231 128 194 44 11 161 14 53 190 65 98 130 93 148 8 757 198 68 92 219 0 4 222 424 315 57 0 23 110 112 
0 0 7 0 52 29 0 16 0 8 3 4 23 2 0 6 0 10 0 0 0 0 0 0 11 2 0 0 0 0 61 0 
0 7 0 0 41 16 0 0 2 0 2 2 0 0 0 0 0 0 0 3 0 0 0 0 5 1 0 11 2 26 44 3 
2 3 10 0 0 0 12 11 0 0 15 7 0 2 0 0 0 5 1 0 0 0 0 0 0 19 0 0 1 0 0 0 
11 18 44 10 0 1 3 15 0 0 7 2 8 4 2 0 0 27 6 18 11 14 0 0 2 19 0 0 0 0 8 22 
0 5 3 0 48 12 0 2 11 0 7 0 0 1 0 0 0 0 0 3 0 1 0 0 3 2 0 1 1 0 26 0 
19 26 8 0 30 33 4 6 4 6 8 9 14 4 4 1 0 23 0 18 9 4 0 2 8 21 2 0 0 0 14 23 
6 12 5 6 2 3 1 2 0 0 2 7 0 3 1 0 0 1 0 8 1 4 0 1 0 8 8 0 0 0 2 25 
0 0 0 0 8 0 0 3 0 0 11 8 0 19 0 1 0 0 1 0 0 0 0 0 0 5 0 0 0 0 0 0 
10 23 6 1 0 1 12 7 0 3 18 8 2 5 0 0 1 0 0 17 8 5 0 0 0 15 1 0 0 0 0 7 
6 8 1 0 0 0 0 1 1 0 12 0 0 3 1 4 0 4 0 3 3 8 0 0 1 14 0 0 0 0 0 0 
4 2 15 0 2 1 2 3 0 0 10 6 0 25 9 6 0 5 1 0 10 24 0 8 4 13 0 0 0 0 0 0 
0 1 26 0 6 8 5 16 0 17 14 9 2 4 5 4 5 5 0 4 1 6 5 8 2 3 2 0 0 0 2 5 
5 17 0 48 1 0 0 0 0 0 13 1 0 16 7 4 0 2 5 16 7 26 0 0 0 8 0 5 0 6 0 17 
340 179 200 315 101 0 98 526 0 0 306 43 23 45 1084 0 0 92 26 229 127 129 0 4 1 115 15 6 53 6 24 2057 
0 16 1 19 15 18 0 2 10 0 10 13 6 17 14 19 0 0 36 17 1 14 0 0 0 0 0 7 0 8 0 17 
116 18 93 9 71 93 2 110 66 46 36 74 355 6 3 73 0 142 30 6 12 29 0 9 155 39 28 16 0 6 206 1 
0 34 2 8 13 8 0 1 0 1 44 30 0 51 0 9 0 0 0 15 0 12 0 2 0 1 16 1 0 0 2 2 
57 46 30 37 1 2 5 63 0 3 94 47 27 10 11 19 0 43 6 44 21 66 2 7 8 48 12 0 0 0 6 53 
0 3 6 0 0 0 0 18 1 2 10 15 2 0 0 0 0 0 0 0 0 0 0 2 0 0 0 0 0 0 1 0 
0 33 3 0 0 0 0 1 0 0 11 5 0 0 0 0 0 0 3 5 0 6 0 0 0 2 0 0 0 0 0 1 
0 4 2 0 0 12 0 3 0 0 17 18 0 17 0 2 0 0 0 2 0 0 0 3 0 1 0 0 0 0 0 0 
0 13 4 2 0 0 0 14 3 5 3 6 3 2 0 0 0 2 0 0 1 1 0 0 2 4 0 0 0 0 4 1 
31 196 76 5 47 26 4 113 2 24 161 104 8 16 2 10 0 33 20 31 16 18 0 18 23 103 0 4 2 82 23 2 
323 67 345 18 55 29 30 273 1 347 40 20 746 0 86 135 9 531 111 55 59 77 0 14 110 152 0 0 6 27 50 47 
0 0 9 0 0 0 0 5 0 0 8 2 7 4 0 0 0 0 0 0 0 2 0 3 0 10 0 0 0 0 4 0 
7 11 59 0 2 0 0 39 0 8 10 1 10 0 0 2 0 9 4 13 1 0 0 0 13 27 0 0 0 6 27 3 
0 7 3 2 1 1 0 6 1 0 15 3 0 17 0 0 0 0 1 0 0 1 0 0 0 4 1 0 0 0 0 0 
10 25 9 4 0 0 6 9 0 2 9 1 1 0 1 1 0 0 6 2 35 14 0 0 1 28 0 0 0 0 0 1 
0 6 2 0 0 0 0 30 0 6 39 34 0 23 0 0 0 0 0 1 2 2 3 16 0 1 0 0 0 0 0 0 
5 182 72 101 3 3 3 204 19 90 135 19 20 5 43 9 2 4 11 32 5 75 4 1 3 51 2 1 0 4 19 13 
1 8 34 0 0 0 7 24 0 6 69 3 7 2 0 0 0 9 1 0 11 4 0 2 3 53 0 0 2 0 1 0 
62 52 75 79 0 0 0 40 0 4 19 2 10 0 48 22 0 11 77 42 17 123 0 0 16 53 0 0 0 0 3 20 
0 10 1 0 0 2 0 4 0 1 12 9 3 9 0 0 0 1 1 1 0 0 0 8 0 2 1 0 0 0 4 1 
358 66 477 23 77 109 393 659 119 1024 175 487 785 128 218 86 76 555 64 80 163 270 76 818 53 193 220 0 0 0 77 102 
0 17 3 0 0 0 0 6 0 2 19 9 0 0 1 0 0 0 1 9 1 1 0 1 0 1 0 0 0 1 0 0 
0 5 2 1 0 0 0 6 2 0 19 16 0 15 0 0 0 0 0 1 1 1 0 0 0 1 0 0 0 0 0 0 
402 15 303 1 174 9 237 226 34 724 29 50 612 7 682 132 37 533 121 5 141 262 1 40 384 252 1 1 3 30 380 0 
0 3 1 0 10 0 0 3 0 0 31 10 0 2 0 2 0 0 0 0 0 0 0 0 1 5 0 0 1 1 2 0 
0 5 0 4 1 0 0 7 0 0 19 3 0 5 0 3 0 0 1 8 0 0 0 0 1 10 0 0 0 2 0 1 
50 126 92 16 4 1 8 101 54 9 153 46 33 91 9 3 3 40 17 14 76 63 3 4 34 92 17 0 1 6 34 0 
0 12 0 1 0 0 0 0 0 0 6 1 0 4 5 0 0 0 3 8 0 6 0 0 3 4 0 0 0 0 0 1 
12 0 30 0 66 46 2 81 0 133 111 186 3 16 0 21 0 2 0 0 0 0 28 141 14 12 0 0 0 0 8 0 
12 146 21 42 23 134 0 7 1 1 23 7 7 6 120 23 0 1 19 187 36 50 0 15 2 21 0 5 0 1 80 210 
0 0 0 0 0 0 0 6 0 1 16 7 5 23 0 0 0 0 0 0 0 0 8 5 0 0 6 0 0 0 0 0 
1 25 0 1 0 0 0 0 0 0 5 0 0 2 0 7 0 13 0 5 0 0 0 0 0 4 0 0 0 0 0 0 
0 15 4 0 0 0 0 3 0 0 23 4 0 0 0 0 0 0 0 3 1 2 0 0 1 6 0 0 0 0 0 1 
0 0 1 0 1 0 0 1 0 0 36 0 0 3 0 0 0 0 1 0 3 3 0 0 0 21 0 0 0 0 0 0 
0 4 5 0 0 1 0 7 0 0 5 1 2 0 0 0 0 0 0 3 0 1 0 0 0 7 0 0 0 0 5 1 
0 8 0 0 0 0 0 0 1 0 21 1 0 9 0 0 0 0 0 1 0 0 0 0 0 0 0 0 0 0 1 0 
161 247 297 151 89 400 59 415 967 1184 238 363 451 249 241 166 26 253 102 822 104 538 28 183 46 214 124 56 9 99 240 1279 
0 5 13 1 0 0 0 8 2 1 4 2 4 0 0 0 0 2 0 2 0 0 0 0 7 1 0 0 0 0 11 0 
2 9 2 3 0 0 0 3 0 0 18 1 0 5 0 0 0 0 0 1 2 1 0 0 0 4 0 0 0 0 0 3 
107 383 463 46 31 129 37 364 16 160 412 295 183 69 39 123 79 190 261 115 289 136 63 169 91 215 46 108 4 26 108 43 
0 8 5 0 0 0 0 14 0 1 18 11 0 6 0 0 0 1 0 0 0 0 0 1 0 2 1 0 0 0 2 0 
47 149 215 5 23 230 91 371 150 348 297 357 151 340 7 28 19 86 1 56 66 61 0 149 21 64 357 0 11 0 179 9 
13 21 68 4 21 4 0 35 0 6 84 23 15 11 8 43 0 40 34 5 19 48 1 2 75 129 1 0 0 25 33 0 
0 23 1 0 0 0 0 3 0 0 21 2 0 4 0 0 0 2 0 12 0 0 1 3 0 2 0 0 0 0 0 6 
0 34 3 8 5 3 0 6 1 2 77 8 0 9 0 6 0 0 2 8 9 0 0 2 4 10 19 1 10 20 0 5 
1 138 137 178 150 32 0 371 953 126 343 664 31 474 28 99 83 1 221 12 31 81 0 52 79 153 289 483 1 172 398 47 
4 8 4 0 2 0 0 7 0 2 20 0 1 0 0 0 0 0 0 0 4 1 0 0 0 5 0 0 0 0 5 0 
21 23 198 5 47 20 7 115 32 4 150 99 10 36 19 76 0 11 14 7 53 32 24 135 13 129 120 1 0 0 21 4 
0 19 0 17 2 0 0 1 0 0 27 1 0 0 0 0 0 0 0 1 0 0 0 0 0 0 0 8 0 3 0 1 
0 24 90 8 303 306 0 242 101 2 104 131 0 78 1 25 0 0 7 6 1 5 0 5 24 26 52 1 3 19 86 0 
155 90 213 10 152 195 49 312 26 494 90 53 705 10 232 86 14 219 28 677 70 206 16 116 49 89 44 2 53 0 94 251 
22 84 77 12 4 2 1 89 5 52 63 23 105 35 0 10 4 98 4 72 4 15 2 23 45 33 56 4 0 2 71 47 
