0 32 2 6 0 0 0 0 0 0 38 0 0 6 0 0 0 0 0 1 3 4 0 0 0 12 2 0 0 2 0 0 
0 6 11 0 0 0 0 2 0 0 18 0 0 4 0 0 0 0 1 1 6 0 0 0 0 19 2 0 0 0 0 0 
25 44 58 29 5 2 3 15 0 0 27 0 0 28 17 4 0 6 53 1 78 38 0 0 31 354 103 0 12 39 0 0 
0 19 0 4 1 0 0 4 0 0 16 0 0 3 0 1 0 0 0 5 0 8 0 0 0 3 3 0 1 1 0 1 
39 127 562 37 99 307 10 182 0 29 745 517 27 235 44 238 3 40 40 12 275 159 5 17 17 800 138 0 62 7 86 1 
56 574 186 158 0 0 11 110 0 0 811 45 0 96 95 1 14 8 4 105 250 171 0 1 8 228 48 6 4 64 4 14 
0 205 0 17 7 0 0 61 0 0 216 8 0 77 0 0 151 0 0 51 0 0 24 0 0 11 3 0 17 55 0 7 
0 17 0 20 1 0 0 0 0 0 7 0 0 5 0 0 0 0 0 6 1 2 0 0 0 4 6 0 3 0 0 0 
2 155 11 50 0 0 0 0 0 0 156 9 1 59 12 0 2 0 1 98 17 32 17 0 0 12 70 0 0 27 0 37 
4 186 118 34 142 55 1 27 3 0 112 46 0 37 0 48 0 11 8 141 24 26 0 0 34 122 0 21 12 8 8 198 
0 4 0 1 0 0 0 0 0 0 31 1 0 2 0 0 1 0 0 0 8 0 0 0 0 11 0 0 0 11 0 0 
0 386 463 314 10 4 0 329 1 0 645 172 0 196 4 9 106 2 35 84 236 43 62 1 20 434 16 0 221 344 14 49 
6 219 427 18 0 11 2 185 6 10 435 89 7 72 0 2 0 21 1 29 81 14 3 36 14 494 21 0 9 10 2 2 
0 10 0 0 0 0 0 0 0 0 16 0 0 0 0 0 0 0 0 1 0 0 0 0 0 29 0 0 24 0 0 0 
0 234 9 19 0 8 0 36 16 20 102 17 0 24 0 0 0 0 0 81 6 0 0 58 0 39 0 0 22 63 1 13 
0 33 5 1 0 3 0 2 0 0 49 0 0 6 0 0 0 0 0 5 1 3 9 0 0 12 6 0 0 0 0 0 
994 16 1003 86 0 2 241 450 6 37 464 91 185 132 484 34 0 543 169 5 1024 194 4 27 165 1391 10 0 0 0 19 0 
10 38 59 62 11 6 0 18 0 0 167 5 0 14 0 34 0 0 27 0 0 88 0 0 1 215 2 8 1 0 2 0 
5 9 175 1 0 0 10 96 0 0 120 26 1 12 1 0 2 0 0 0 82 8 13 1 1 201 0 0 4 0 0 0 
0 619 101 496 0 0 0 21 0 0 198 4 0 30 23 0 0 0 55 281 246 186 0 0 0 360 2 0 18 111 0 210 
0 213 317 43 0 0 0 334 0 0 120 33 0 14 0 0 0 0 0 238 55 32 0 0 0 132 0 0 15 131 1 172 
17 157 63 60 2 2 3 54 15 0 373 40 29 118 8 8 0 27 14 93 18 63 0 1 29 45 52 0 0 12 77 60 
8 36 60 38 46 6 2 16 0 0 103 7 0 30 15 21 0 1 18 25 147 61 0 0 8 172 11 0 0 0 4 15 
15 216 242 107 9 2 0 120 0 1 298 56 5 17 28 6 0 6 66 78 59 142 2 0 75 461 0 0 22 18 5 16 
0 44 35 1 0 0 0 29 0 0 107 17 0 7 1 0 0 0 0 6 6 4 0 1 0 41 0 0 0 0 0 1 
17 69 2 90 0 0 3 4 0 0 92 8 0 42 9 0 0 5 43 8 193 62 0 1 0 92 151 0 0 44 0 1 
0 146 1 66 0 0 0 17 0 0 182 0 0 93 0 0 0 0 0 26 23 0 0 0 0 36 0 0 16 132 0 30 
35 1745 57 106 0 0 9 28 0 1 571 46 4 1032 5 2 17 27 2 848 29 111 190 32 3 98 672 6 0 26 0 106 
0 290 16 76 1 1 0 16 0 0 325 7 0 21 0 1 0 0 0 156 4 2 0 0 0 43 0 0 0 79 0 162 
7 316 79 366 5 56 7 146 36 0 225 62 95 89 98 15 139 25 15 392 82 223 65 0 9 176 60 0 13 362 39 686 
0 151 38 13 1 3 0 32 0 0 135 12 0 39 0 0 0 0 0 125 19 31 0 0 0 76 40 0 9 10 0 34 
11 43 116 17 2 1 0 42 0 0 141 4 1 7 14 0 0 28 4 8 67 50 0 0 8 178 0 0 19 5 2 0 
4 151 2 30 0 0 0 0 0 0 104 1 0 46 4 0 0 1 3 109 24 44 0 0 1 38 9 0 1 37 0 159 
1 45 48 13 0 2 0 66 2 3 99 18 4 7 0 0 19 1 1 7 11 11 27 0 0 38 19 0 0 3 3 2 
72 184 108 263 1 21 23 46 0 2 89 2 52 39 1 1 0 34 15 111 32 53 2 0 0 75 289 0 18 146 0 171 
0 265 6 68 4 0 0 0 0 0 233 0 0 1 0 0 0 0 7 71 67 22 1 0 58 155 0 0 12 80 0 246 
0 149 12 112 0 8 0 0 0 0 36 0 0 28 0 0 0 0 0 190 0 0 0 0 0 30 5 0 0 97 0 101 
0 13 0 3 0 0 0 0 0 0 33 0 0 0 0 0 0 0 0 2 0 0 0 0 0 2 0 0 0 1 0 0 
0 79 12 1 0 0 1 53 0 0 71 7 0 1 0 0 17 0 0 18 16 2 0 0 3 27 0 0 0 4 0 3 
3 614 105 74 0 0 8 99 0 0 930 73 0 259 0 0 1 0 0 257 541 26 0 0 0 596 28 0 0 73 0 76 
3 160 22 2 0 1 0 88 0 32 204 55 4 70 0 0 6 0 0 81 82 19 15 17 0 99 20 0 0 0 0 28 
27 145 223 317 67 25 15 67 14 17 317 39 41 419 5 8 3 71 33 59 115 41 453 89 68 260 1125 5 1892 908 26 18 
0 143 71 100 0 0 0 62 0 0 231 19 0 81 0 11 0 0 2 73 70 14 0 0 0 153 89 0 13 29 0 39 
0 26 3 0 0 0 0 1 0 0 6 0 0 2 0 0 3 0 0 2 3 0 2 1 0 5 0 0 0 0 0 0 
9 105 36 38 6 0 6 23 3 0 156 23 1 65 0 0 132 0 0 13 3 21 165 4 0 50 1 2 21 36 1 5 
15 45 62 18 0 0 14 17 0 0 64 1 4 24 18 0 0 5 18 8 219 84 3 0 17 263 228 0 4 69 0 0 
0 7 8 0 0 1 0 3 0 0 15 1 0 0 0 0 0 1 0 0 2 0 0 0 0 16 0 0 14 4 0 0 
0 0 8 0 0 0 1 11 0 0 11 0 0 2 0 0 0 0 0 0 10 0 0 0 0 16 1 0 3 6 1 0 
0 45 42 0 12 5 0 12 0 1 269 20 2 69 0 0 0 0 0 2 30 9 0 0 0 223 123 0 0 0 0 0 
6 151 31 43 31 11 7 3 0 0 417 2 0 85 1 3 0 1 15 19 38 12 0 0 3 130 4 0 14 163 0 10 
