0 2 3 12 48 6 0 4 10 0 24 8 0 16 0 34 0 2 6 0 0 0 0 0 24 11 2 13 1 55 19 0 
15 16 0 0 0 0 0 0 0 0 0 0 0 2 0 3 0 0 3 12 0 0 0 0 2 7 0 0 0 0 0 10 
1 1 2 0 0 0 2 3 0 6 1 7 0 1 0 0 1 0 0 0 5 0 0 4 0 1 1 0 0 0 0 0 
76 2 5 2 15 0 0 2 13 0 4 8 0 0 8 15 0 13 43 2 6 14 0 0 52 13 0 0 0 0 6 1 
5 32 2 73 0 2 0 10 0 2 14 0 1 7 1 21 0 0 6 20 2 33 0 0 3 3 1 0 0 0 0 28 
28 125 50 308 575 101 0 64 40 170 73 71 487 41 36 273 0 16 372 159 44 160 11 182 235 101 93 86 1 11 176 395 
31 6 19 1 0 1 0 11 0 20 8 9 12 4 30 2 0 6 2 0 16 21 0 13 9 30 1 0 0 0 0 0 
25 8 6 4 0 0 17 5 5 10 4 14 2 10 8 0 0 37 0 21 48 11 0 23 6 4 0 0 0 0 3 29 
18 23 30 0 0 4 13 3 4 0 8 8 6 12 0 1 0 26 0 10 13 3 0 0 15 9 1 0 0 0 13 0 
10 22 288 0 0 4 657 34 0 32 12 0 76 0 0 0 0 3 0 8 14 0 0 0 0 38 0 0 2 0 0 0 
0 25 2 6 4 0 0 0 0 0 11 0 0 2 0 14 0 0 5 16 0 3 0 0 3 6 0 0 0 0 0 7 
10 8 4 0 20 1 0 3 1 14 30 12 5 7 0 36 0 6 15 6 3 5 0 43 2 3 3 6 15 190 0 2 
86 14 71 33 3 2 6 37 23 66 5 12 343 38 438 22 4 262 18 36 29 82 2 20 31 21 63 0 0 0 52 31 
0 37 21 2 0 2 17 22 4 3 26 24 8 16 0 0 0 10 0 30 6 1 0 13 1 2 7 0 0 0 3 5 
2 47 15 12 35 11 0 3 0 0 49 5 0 25 0 11 0 2 0 33 0 18 0 0 6 13 0 8 0 1 10 78 
5 58 7 15 0 3 0 16 6 11 12 10 16 48 3 30 1 46 5 52 0 16 1 16 0 11 333 0 0 0 2 317 
0 6 0 0 0 0 0 3 0 2 11 34 0 14 0 0 0 0 0 8 0 0 0 12 0 2 0 0 0 0 0 7 
27 17 18 1 0 1 0 8 1 0 14 2 0 26 6 10 0 5 4 7 8 30 0 0 10 24 41 0 0 0 5 1 
0 22 31 2 7 24 0 26 0 22 26 12 24 33 0 11 0 25 2 17 7 17 0 0 0 20 2 0 0 1 2 3 
13 0 12 0 40 17 0 22 10 9 17 9 11 10 0 54 0 2 31 0 1 0 0 0 5 23 8 0 0 0 6 0 
7 0 3 0 7 12 0 2 0 0 0 0 0 0 0 8 0 1 0 0 0 1 0 0 0 3 0 0 0 0 4 0 
29 16 20 5 2 5 4 5 1 1 2 4 14 3 1 7 0 30 1 44 1 13 0 0 8 3 3 0 0 7 17 6 
0 17 18 0 15 0 0 25 0 0 14 1 0 1 0 2 0 0 11 1 0 4 0 0 9 19 0 1 0 2 10 0 
81 160 121 11 55 7 11 71 1 35 100 18 32 17 18 55 288 45 150 99 134 105 361 217 254 296 103 0 77 0 69 24 
2 15 9 1 0 0 1 2 0 2 14 4 1 2 0 6 0 0 2 0 0 3 0 2 0 6 0 0 0 7 2 0 
25 17 21 12 4 21 6 6 20 2 13 13 21 2 2 0 0 23 1 18 0 17 0 3 0 8 0 0 0 0 9 36 
1 7 1 3 0 1 0 0 0 0 3 0 0 7 0 0 0 0 1 9 0 3 0 0 0 2 10 0 0 0 1 21 
7 4 3 9 0 0 0 7 0 0 4 0 0 9 4 0 0 0 7 12 12 3 0 0 9 14 11 0 0 3 0 8 
3 10 11 2 4 7 0 6 2 1 5 1 2 14 14 2 0 4 15 12 0 11 0 0 1 30 44 0 0 0 3 0 
418 63 45 298 157 44 28 30 9 2 47 14 13 57 751 186 0 104 410 211 161 498 0 1 378 140 240 10 0 0 105 284 
0 16 0 19 1 1 0 4 0 0 31 20 0 66 3 4 0 0 1 4 0 14 0 0 0 3 4 0 0 0 0 1 
35 13 13 1 2 19 7 8 0 3 5 14 2 1 7 0 0 47 4 13 7 20 0 0 0 9 0 0 0 0 5 65 
20 10 44 267 2 23 0 48 38 6 12 70 6 26 26 18 0 5 140 41 0 41 10 16 152 45 20 1 0 0 58 55 
7 17 15 0 14 0 0 6 0 0 12 0 0 25 3 17 6 8 10 21 5 13 33 0 18 24 22 0 0 0 20 4 
490 141 231 128 194 44 11 161 14 53 190 65 98 130 93 148 8 757 198 68 92 219 0 4 222 424 315 57 0 23 110 112 
0 0 7 0 52 29 0 16 0 8 3 4 23 2 0 6 0 10 0 0 0 0 0 0 11 2 0 0 0 0 61 0 
0 7 0 0 41 16 0 0 2 0 2 2 0 0 0 0 0 0 0 3 0 0 0 0 5 1 0 11 2 26 44 3 
2 3 10 0 0 0 12 11 0 0 15 7 0 2 0 0 0 5 1 0 0 0 0 0 0 19 0 0 1 0 0 0 
11 18 44 10 0 1 3 15 0 0 7 2 8 4 2 0 0 27 6 18 11 14 0 0 2 19 0 0 0 0 8 22 
0 5 3 0 48 12 0 2 11 0 7 0 0 1 0 0 0 0 0 3 0 1 0 0 3 2 0 1 1 0 26 0 
19 26 8 0 30 33 4 6 4 6 8 9 14 4 4 1 0 23 0 18 9 4 0 2 8 21 2 0 0 0 14 23 
6 12 5 6 2 3 1 2 0 0 2 7 0 3 1 0 0 1 0 8 1 4 0 1 0 8 8 0 0 0 2 25 
0 0 0 0 8 0 0 3 0 0 11 8 0 19 0 1 0 0 1 0 0 0 0 0 0 5 0 0 0 0 0 0 
10 23 6 1 0 1 12 7 0 3 18 8 2 5 0 0 1 0 0 17 8 5 0 0 0 15 1 0 0 0 0 7 
6 8 1 0 0 0 0 1 1 0 12 0 0 3 1 4 0 4 0 3 3 8 0 0 1 14 0 0 0 0 0 0 
4 2 15 0 2 1 2 3 0 0 10 6 0 25 9 6 0 5 1 0 10 24 0 8 4 13 0 0 0 0 0 0 
0 1 26 0 6 8 5 16 0 17 14 9 2 4 5 4 5 5 0 4 1 6 5 8 2 3 2 0 0 0 2 5 
5 17 0 48 1 0 0 0 0 0 13 1 0 16 7 4 0 2 5 16 7 26 0 0 0 8 0 5 0 6 0 17 
340 179 200 315 101 0 98 526 0 0 306 43 23 45 1084 0 0 92 26 229 127 129 0 4 1 115 15 6 53 6 24 2057 
0 16 1 19 15 18 0 2 10 0 10 13 6 17 14 19 0 0 36 17 1 14 0 0 0 0 0 7 0 8 0 17 
