116 18 93 9 71 93 2 110 66 46 36 74 355 6 3 73 0 142 30 6 12 29 0 9 155 39 28 16 0 6 206 1 
0 34 2 8 13 8 0 1 0 1 44 30 0 51 0 9 0 0 0 15 0 12 0 2 0 1 16 1 0 0 2 2 
57 46 30 37 1 2 5 63 0 3 94 47 27 10 11 19 0 43 6 44 21 66 2 7 8 48 12 0 0 0 6 53 
0 3 6 0 0 0 0 18 1 2 10 15 2 0 0 0 0 0 0 0 0 0 0 2 0 0 0 0 0 0 1 0 
0 33 3 0 0 0 0 1 0 0 11 5 0 0 0 0 0 0 3 5 0 6 0 0 0 2 0 0 0 0 0 1 
0 4 2 0 0 12 0 3 0 0 17 18 0 17 0 2 0 0 0 2 0 0 0 3 0 1 0 0 0 0 0 0 
0 13 4 2 0 0 0 14 3 5 3 6 3 2 0 0 0 2 0 0 1 1 0 0 2 4 0 0 0 0 4 1 
31 196 76 5 47 26 4 113 2 24 161 104 8 16 2 10 0 33 20 31 16 18 0 18 23 103 0 4 2 82 23 2 
323 67 345 18 55 29 30 273 1 347 40 20 746 0 86 135 9 531 111 55 59 77 0 14 110 152 0 0 6 27 50 47 
0 0 9 0 0 0 0 5 0 0 8 2 7 4 0 0 0 0 0 0 0 2 0 3 0 10 0 0 0 0 4 0 
7 11 59 0 2 0 0 39 0 8 10 1 10 0 0 2 0 9 4 13 1 0 0 0 13 27 0 0 0 6 27 3 
0 7 3 2 1 1 0 6 1 0 15 3 0 17 0 0 0 0 1 0 0 1 0 0 0 4 1 0 0 0 0 0 
10 25 9 4 0 0 6 9 0 2 9 1 1 0 1 1 0 0 6 2 35 14 0 0 1 28 0 0 0 0 0 1 
0 6 2 0 0 0 0 30 0 6 39 34 0 23 0 0 0 0 0 1 2 2 3 16 0 1 0 0 0 0 0 0 
5 182 72 101 3 3 3 204 19 90 135 19 20 5 43 9 2 4 11 32 5 75 4 1 3 51 2 1 0 4 19 13 
1 8 34 0 0 0 7 24 0 6 69 3 7 2 0 0 0 9 1 0 11 4 0 2 3 53 0 0 2 0 1 0 
62 52 75 79 0 0 0 40 0 4 19 2 10 0 48 22 0 11 77 42 17 123 0 0 16 53 0 0 0 0 3 20 
0 10 1 0 0 2 0 4 0 1 12 9 3 9 0 0 0 1 1 1 0 0 0 8 0 2 1 0 0 0 4 1 
358 66 477 23 77 109 393 659 119 1024 175 487 785 128 218 86 76 555 64 80 163 270 76 818 53 193 220 0 0 0 77 102 
0 17 3 0 0 0 0 6 0 2 19 9 0 0 1 0 0 0 1 9 1 1 0 1 0 1 0 0 0 1 0 0 
0 5 2 1 0 0 0 6 2 0 19 16 0 15 0 0 0 0 0 1 1 1 0 0 0 1 0 0 0 0 0 0 
402 15 303 1 174 9 237 226 34 724 29 50 612 7 682 132 37 533 121 5 141 262 1 40 384 252 1 1 3 30 380 0 
0 3 1 0 10 0 0 3 0 0 31 10 0 2 0 2 0 0 0 0 0 0 0 0 1 5 0 0 1 1 2 0 
0 5 0 4 1 0 0 7 0 0 19 3 0 5 0 3 0 0 1 8 0 0 0 0 1 10 0 0 0 2 0 1 
50 126 92 16 4 1 8 101 54 9 153 46 33 91 9 3 3 40 17 14 76 63 3 4 34 92 17 0 1 6 34 0 
0 12 0 1 0 0 0 0 0 0 6 1 0 4 5 0 0 0 3 8 0 6 0 0 3 4 0 0 0 0 0 1 
12 0 30 0 66 46 2 81 0 133 111 186 3 16 0 21 0 2 0 0 0 0 28 141 14 12 0 0 0 0 8 0 
12 146 21 42 23 134 0 7 1 1 23 7 7 6 120 23 0 1 19 187 36 50 0 15 2 21 0 5 0 1 80 210 
0 0 0 0 0 0 0 6 0 1 16 7 5 23 0 0 0 0 0 0 0 0 8 5 0 0 6 0 0 0 0 0 
1 25 0 1 0 0 0 0 0 0 5 0 0 2 0 7 0 13 0 5 0 0 0 0 0 4 0 0 0 0 0 0 
0 15 4 0 0 0 0 3 0 0 23 4 0 0 0 0 0 0 0 3 1 2 0 0 1 6 0 0 0 0 0 1 
0 0 1 0 1 0 0 1 0 0 36 0 0 3 0 0 0 0 1 0 3 3 0 0 0 21 0 0 0 0 0 0 
0 4 5 0 0 1 0 7 0 0 5 1 2 0 0 0 0 0 0 3 0 1 0 0 0 7 0 0 0 0 5 1 
0 8 0 0 0 0 0 0 1 0 21 1 0 9 0 0 0 0 0 1 0 0 0 0 0 0 0 0 0 0 1 0 
161 247 297 151 89 400 59 415 967 1184 238 363 451 249 241 166 26 253 102 822 104 538 28 183 46 214 124 56 9 99 240 1279 
0 5 13 1 0 0 0 8 2 1 4 2 4 0 0 0 0 2 0 2 0 0 0 0 7 1 0 0 0 0 11 0 
2 9 2 3 0 0 0 3 0 0 18 1 0 5 0 0 0 0 0 1 2 1 0 0 0 4 0 0 0 0 0 3 
107 383 463 46 31 129 37 364 16 160 412 295 183 69 39 123 79 190 261 115 289 136 63 169 91 215 46 108 4 26 108 43 
0 8 5 0 0 0 0 14 0 1 18 11 0 6 0 0 0 1 0 0 0 0 0 1 0 2 1 0 0 0 2 0 
47 149 215 5 23 230 91 371 150 348 297 357 151 340 7 28 19 86 1 56 66 61 0 149 21 64 357 0 11 0 179 9 
13 21 68 4 21 4 0 35 0 6 84 23 15 11 8 43 0 40 34 5 19 48 1 2 75 129 1 0 0 25 33 0 
0 23 1 0 0 0 0 3 0 0 21 2 0 4 0 0 0 2 0 12 0 0 1 3 0 2 0 0 0 0 0 6 
0 34 3 8 5 3 0 6 1 2 77 8 0 9 0 6 0 0 2 8 9 0 0 2 4 10 19 1 10 20 0 5 
1 138 137 178 150 32 0 371 953 126 343 664 31 474 28 99 83 1 221 12 31 81 0 52 79 153 289 483 1 172 398 47 
4 8 4 0 2 0 0 7 0 2 20 0 1 0 0 0 0 0 0 0 4 1 0 0 0 5 0 0 0 0 5 0 
21 23 198 5 47 20 7 115 32 4 150 99 10 36 19 76 0 11 14 7 53 32 24 135 13 129 120 1 0 0 21 4 
0 19 0 17 2 0 0 1 0 0 27 1 0 0 0 0 0 0 0 1 0 0 0 0 0 0 0 8 0 3 0 1 
0 24 90 8 303 306 0 242 101 2 104 131 0 78 1 25 0 0 7 6 1 5 0 5 24 26 52 1 3 19 86 0 
155 90 213 10 152 195 49 312 26 494 90 53 705 10 232 86 14 219 28 677 70 206 16 116 49 89 44 2 53 0 94 251 
22 84 77 12 4 2 1 89 5 52 63 23 105 35 0 10 4 98 4 72 4 15 2 23 45 33 56 4 0 2 71 47 
