764 122 138 0 0 0 0 0 799 218 7 0 0 0 0 0 824 200 0 0 0 0 0 0 
639 122 260 3 0 0 0 0 678 130 216 0 0 0 0 0 711 223 90 0 0 0 0 0 
533 68 414 9 0 0 0 0 556 82 386 0 0 0 0 0 585 186 253 0 0 0 0 0 
530 29 311 154 0 0 0 0 542 27 443 12 0 0 0 0 550 43 431 0 0 0 0 0 
456 130 123 315 0 0 0 0 537 86 295 106 0 0 0 0 572 68 382 2 0 0 0 0 
404 104 131 383 2 0 0 0 448 91 301 183 1 0 0 0 457 182 367 18 0 0 0 0 
214 61 45 689 15 0 0 0 245 60 66 651 2 0 0 0 258 65 645 56 0 0 0 0 
165 235 271 322 31 0 0 0 326 245 187 257 9 0 0 0 423 265 275 60 1 0 0 0 
160 169 300 342 53 0 0 0 230 255 199 320 20 0 0 0 359 177 334 153 1 0 0 0 
548 24 40 350 60 0 1 1 562 17 50 350 43 1 1 0 566 19 79 341 17 1 1 0 
1005 19 0 0 0 0 0 0 1016 8 0 0 0 0 0 0 1019 5 0 0 0 0 0 0 
830 23 38 76 57 0 0 0 829 28 38 98 31 0 0 0 841 23 40 113 7 0 0 0 
437 113 61 182 226 5 0 0 545 61 29 334 53 2 0 0 558 56 37 346 27 0 0 0 
469 111 87 91 254 12 0 0 583 69 52 243 69 8 0 0 615 50 52 270 32 5 0 0 
672 78 45 52 158 19 0 0 686 77 40 124 79 18 0 0 699 75 45 169 25 11 0 0 
602 127 72 86 124 13 0 0 699 47 60 93 117 8 0 0 705 42 64 133 61 19 0 0 
600 116 88 86 95 39 0 0 684 78 50 91 90 31 0 0 687 83 46 128 60 20 0 0 
604 122 129 92 55 22 0 0 698 86 69 80 72 19 0 0 704 73 75 77 83 12 0 0 
684 102 68 85 73 10 2 0 724 66 67 75 77 14 1 0 716 79 61 69 86 12 1 0 
277 228 153 232 123 9 1 1 520 119 86 142 145 12 0 0 565 86 76 126 152 19 0 0 
283 175 154 243 148 21 0 0 486 113 117 150 144 14 0 0 547 75 99 179 113 11 0 0 
203 202 162 220 211 26 0 0 434 119 83 125 250 13 0 0 517 52 75 129 232 19 0 0 
219 146 205 272 163 19 0 0 427 69 88 199 214 27 0 0 430 62 88 155 250 38 1 0 
485 86 125 201 123 4 0 0 531 82 103 140 165 3 0 0 550 68 115 146 140 5 0 0 
947 77 0 0 0 0 0 0 1020 4 0 0 0 0 0 0 1024 0 0 0 0 0 0 0 
520 117 92 207 88 0 0 0 558 80 78 142 165 1 0 0 562 70 78 149 164 1 0 0 
287 189 163 245 108 19 13 0 406 92 144 260 90 29 3 0 427 93 143 271 64 26 0 0 
287 101 193 238 180 9 16 0 377 120 94 222 188 22 1 0 394 117 96 293 110 14 0 0 
370 177 145 254 78 0 0 0 478 97 124 244 81 0 0 0 477 109 133 251 54 0 0 0 
270 204 146 307 97 0 0 0 405 124 125 308 62 0 0 0 435 122 144 308 15 0 0 0 
364 118 178 273 89 2 0 0 402 101 155 184 182 0 0 0 409 99 163 179 173 1 0 0 
353 160 180 299 32 0 0 0 390 125 152 259 98 0 0 0 397 121 135 260 111 0 0 0 
229 145 218 387 43 1 1 0 341 117 165 350 51 0 0 0 377 115 191 313 27 1 0 0 
278 155 283 289 16 1 2 0 401 136 157 284 45 1 0 0 425 125 158 254 61 1 0 0 
350 197 236 229 4 2 2 4 422 151 184 247 12 4 1 3 446 156 175 233 6 4 0 4 
441 146 215 212 3 3 0 4 483 132 169 226 8 1 2 3 491 147 166 209 2 1 3 5 
323 209 281 210 1 0 0 0 461 185 202 170 6 0 0 0 523 173 191 130 7 0 0 0 
420 231 258 114 1 0 0 0 552 175 185 112 0 0 0 0 610 163 160 91 0 0 0 0 
560 259 180 25 0 0 0 0 744 134 101 45 0 0 0 0 776 127 87 34 0 0 0 0 
505 278 193 48 0 0 0 0 663 193 113 55 0 0 0 0 719 198 85 22 0 0 0 0 
51 296 677 0 0 0 0 0 83 586 355 0 0 0 0 0 166 674 184 0 0 0 0 0 
136 330 475 83 0 0 0 0 147 320 557 0 0 0 0 0 205 404 415 0 0 0 0 0 
0 316 631 77 0 0 0 0 49 453 516 6 0 0 0 0 191 554 279 0 0 0 0 0 
18 354 559 93 0 0 0 0 120 540 352 12 0 0 0 0 308 491 225 0 0 0 0 0 
18 267 339 400 0 0 0 0 98 304 493 129 0 0 0 0 242 263 514 5 0 0 0 0 
3 20 482 519 0 0 0 0 7 114 884 19 0 0 0 0 25 506 493 0 0 0 0 0 
11 195 422 393 3 0 0 0 62 299 376 287 0 0 0 0 151 300 413 160 0 0 0 0 
5 161 435 421 2 0 0 0 41 384 576 23 0 0 0 0 248 529 244 3 0 0 0 0 
2 101 510 368 43 0 0 0 55 338 382 238 11 0 0 0 218 295 307 204 0 0 0 0 
320 42 64 432 166 0 0 0 358 5 78 531 52 0 0 0 360 4 83 566 11 0 0 0 
1012 12 0 0 0 0 0 0 1024 0 0 0 0 0 0 0 1024 0 0 0 0 0 0 0 
823 63 54 82 2 0 0 0 831 55 55 74 9 0 0 0 833 57 45 80 9 0 0 0 
490 162 97 203 70 2 0 0 522 153 73 174 102 0 0 0 521 142 84 162 113 2 0 0 
293 195 165 223 141 6 0 1 446 175 78 162 156 6 1 0 508 109 81 157 159 9 0 1 
463 112 120 208 106 15 0 0 481 92 121 170 132 28 0 0 483 93 113 184 123 28 0 0 
298 100 204 319 91 5 3 4 422 109 102 225 148 15 2 1 479 55 87 224 163 13 1 2 
411 130 149 171 132 22 1 8 512 80 114 150 135 26 4 3 522 90 112 159 110 24 2 5 
422 192 157 164 72 13 1 3 601 145 95 82 90 8 3 0 647 107 82 88 91 7 2 0 
652 121 64 127 54 3 1 2 703 77 60 98 78 6 0 2 702 75 68 89 84 3 1 2 
427 188 180 131 85 9 0 4 623 117 94 76 100 10 4 0 646 105 79 73 108 9 4 0 
504 142 101 162 109 6 0 0 615 165 56 91 91 6 0 0 684 107 57 117 54 5 0 0 
566 82 102 141 113 14 0 6 671 116 50 83 82 17 3 2 739 51 51 76 93 10 1 3 
604 85 106 133 83 10 2 1 721 94 60 74 70 4 0 1 778 40 65 67 68 5 1 0 
528 252 91 87 55 8 1 2 722 143 82 53 20 3 1 0 787 115 55 48 15 1 2 1 
528 496 0 0 0 0 0 0 1020 4 0 0 0 0 0 0 1017 7 0 0 0 0 0 0 
656 268 42 26 21 2 1 8 912 37 33 15 19 0 0 8 903 40 36 17 18 2 0 8 
642 169 100 60 36 9 3 5 866 64 35 37 10 8 2 2 908 29 39 31 7 5 3 2 
470 366 78 55 37 8 8 2 881 48 22 45 15 8 4 1 883 47 29 44 9 7 3 2 
441 487 46 34 15 1 0 0 923 54 10 23 14 0 0 0 940 42 12 22 8 0 0 0 
451 457 55 45 15 1 0 0 914 80 23 6 1 0 0 0 978 33 11 1 1 0 0 0 
484 472 59 2 3 1 1 2 938 69 10 1 2 2 0 2 941 66 10 1 2 2 0 2 
572 439 7 3 2 1 0 0 926 91 4 2 1 0 0 0 958 59 5 1 1 0 0 0 
519 463 23 14 0 2 1 2 920 75 19 5 0 1 2 2 924 71 18 5 1 1 2 2 
732 243 13 8 17 11 0 0 948 37 7 13 19 0 0 0 949 36 9 20 10 0 0 0 
762 194 6 17 22 23 0 0 943 17 4 21 38 1 0 0 948 12 14 30 20 0 0 0 
757 171 12 14 69 1 0 0 915 14 16 15 64 0 0 0 919 12 16 71 6 0 0 0 
772 126 14 15 97 0 0 0 880 22 19 19 84 0 0 0 872 34 18 100 0 0 0 0 
790 74 26 15 119 0 0 0 852 22 21 50 79 0 0 0 849 30 21 124 0 0 0 0 
763 70 20 19 152 0 0 0 808 32 20 93 71 0 0 0 812 34 18 160 0 0 0 0 
777 28 15 35 169 0 0 0 791 17 20 181 15 0 0 0 795 17 24 188 0 0 0 0 
166 160 698 0 0 0 0 0 198 546 280 0 0 0 0 0 229 753 42 0 0 0 0 0 
186 140 382 316 0 0 0 0 206 175 600 43 0 0 0 0 229 241 554 0 0 0 0 0 
246 207 537 34 0 0 0 0 282 339 399 4 0 0 0 0 426 434 164 0 0 0 0 0 
322 223 422 54 3 0 0 0 415 343 255 11 0 0 0 0 544 360 113 7 0 0 0 0 
392 161 212 259 0 0 0 0 448 167 290 119 0 0 0 0 537 157 319 11 0 0 0 0 
449 83 210 282 0 0 0 0 483 106 399 36 0 0 0 0 545 206 273 0 0 0 0 0 
497 77 157 291 2 0 0 0 513 117 171 223 0 0 0 0 558 138 251 77 0 0 0 0 
567 84 153 220 0 0 0 0 596 182 227 19 0 0 0 0 688 250 85 1 0 0 0 0 
618 46 181 168 11 0 0 0 642 127 141 109 5 0 0 0 698 153 67 104 2 0 0 0 
747 49 11 115 100 2 0 0 789 7 13 164 49 2 0 0 793 3 15 199 14 0 0 0 
886 138 0 0 0 0 0 0 1024 0 0 0 0 0 0 0 1024 0 0 0 0 0 0 0 
905 102 5 2 7 3 0 0 993 18 3 2 8 0 0 0 1003 8 3 6 4 0 0 0 
731 184 21 9 59 16 3 1 909 25 10 21 55 2 2 0 902 31 10 51 27 1 2 0 
635 239 13 10 102 25 0 0 863 21 7 34 99 0 0 0 868 15 9 102 30 0 0 0 
658 159 8 17 157 25 0 0 801 23 10 35 155 0 0 0 801 24 11 152 36 0 0 0 
594 166 12 8 216 28 0 0 734 34 10 13 226 7 0 0 741 27 11 204 41 0 0 0 
550 156 10 8 269 31 0 0 684 29 7 8 289 7 0 0 698 16 8 254 48 0 0 0 
462 194 3 8 320 37 0 0 653 6 8 13 338 6 0 0 653 6 9 285 71 0 0 0 
438 165 12 7 343 57 2 0 591 20 10 2 387 14 0 0 598 12 11 275 116 12 0 0 
384 170 7 9 354 97 3 0 544 16 6 12 424 22 0 0 545 14 7 276 176 6 0 0 
380 125 11 10 360 135 3 0 503 14 8 4 475 20 0 0 501 16 8 233 261 5 0 0 
353 109 6 7 352 197 0 0 459 7 8 9 521 20 0 0 461 6 7 205 343 2 0 0 
327 83 13 6 334 255 6 0 402 18 8 8 568 20 0 0 397 22 9 144 439 13 0 0 
321 85 9 27 303 274 5 0 396 18 28 10 529 43 0 0 398 16 28 118 453 11 0 0 
98 926 0 0 0 0 0 0 960 64 0 0 0 0 0 0 1004 20 0 0 0 0 0 0 
55 429 11 6 280 242 1 0 381 112 6 10 489 26 0 0 433 60 6 107 414 4 0 0 
24 118 5 11 476 387 3 0 119 24 11 10 839 21 0 0 107 35 14 129 734 5 0 0 
24 86 8 9 482 412 3 0 76 38 9 9 870 22 0 0 70 43 10 148 744 9 0 0 
22 55 12 4 499 432 0 0 63 19 10 9 906 17 0 0 50 32 11 208 723 0 0 0 
23 31 9 1 536 424 0 0 49 7 8 7 935 18 0 0 44 15 5 215 745 0 0 0 
9 18 5 10 729 253 0 0 17 15 4 11 969 8 0 0 17 15 6 306 680 0 0 0 
0 0 9 14 863 138 0 0 0 2 16 12 982 12 0 0 0 7 13 384 620 0 0 0 
0 0 0 0 933 91 0 0 0 0 0 0 1024 0 0 0 0 0 0 652 372 0 0 0 
0 0 0 0 1007 17 0 0 0 0 0 0 1023 1 0 0 0 0 0 874 150 0 0 0 
0 0 0 0 1024 0 0 0 0 0 0 0 1024 0 0 0 0 0 0 996 28 0 0 0 
0 0 0 0 1024 0 0 0 0 0 0 0 1024 0 0 0 0 0 0 1021 3 0 0 0 
0 0 0 0 1024 0 0 0 0 0 0 3 1021 0 0 0 0 0 0 1021 3 0 0 0 
0 0 0 0 1024 0 0 0 0 0 0 16 1008 0 0 0 0 0 0 1024 0 0 0 0 
0 0 0 0 1024 0 0 0 0 0 0 153 871 0 0 0 0 0 0 1024 0 0 0 0 
0 0 0 5 1019 0 0 0 0 0 0 633 391 0 0 0 0 0 0 1024 0 0 0 0 
731 69 220 4 0 0 0 0 774 44 206 0 0 0 0 0 779 62 183 0 0 0 0 0 
550 56 315 103 0 0 0 0 565 66 391 2 0 0 0 0 571 76 377 0 0 0 0 0 
506 73 97 348 0 0 0 0 540 47 364 73 0 0 0 0 557 40 424 3 0 0 0 0 
438 73 121 387 5 0 0 0 473 88 167 296 0 0 0 0 496 101 417 10 0 0 0 0 
373 89 94 461 7 0 0 0 424 111 49 440 0 0 0 0 453 97 449 25 0 0 0 0 
322 139 76 453 34 0 0 0 401 114 34 470 5 0 0 0 445 90 383 106 0 0 0 0 
269 169 195 356 34 1 0 0 361 191 116 346 10 0 0 0 421 189 210 202 2 0 0 0 
225 64 96 563 66 7 1 2 280 90 402 227 23 0 2 0 315 370 139 190 8 2 0 0 
132 140 291 340 121 0 0 0 212 335 108 337 32 0 0 0 388 249 59 324 4 0 0 0 
325 139 97 408 54 1 0 0 451 63 313 167 30 0 0 0 466 169 317 68 4 0 0 0 
858 166 0 0 0 0 0 0 1024 0 0 0 0 0 0 0 1024 0 0 0 0 0 0 0 
619 89 4 9 301 2 0 0 702 8 5 192 117 0 0 0 700 10 6 298 10 0 0 0 
0 0 0 0 1024 0 0 0 0 0 0 247 777 0 0 0 0 0 0 1024 0 0 0 0 
0 0 0 0 1024 0 0 0 0 0 0 42 982 0 0 0 0 0 0 1024 0 0 0 0 
0 0 0 0 1022 2 0 0 0 0 0 6 1018 0 0 0 0 0 0 1019 5 0 0 0 
0 0 0 0 1018 6 0 0 0 0 0 2 1022 0 0 0 0 0 0 1019 5 0 0 0 
0 0 0 0 1007 17 0 0 0 0 0 0 1024 0 0 0 0 0 0 947 77 0 0 0 
0 0 0 0 939 85 0 0 0 0 0 0 1020 4 0 0 0 0 0 832 192 0 0 0 
0 1 0 1 779 243 0 0 0 1 1 0 999 23 0 0 1 1 0 627 395 0 0 0 
18 1 6 10 592 388 9 0 18 5 9 4 965 23 0 0 19 6 9 504 484 2 0 0 
58 5 4 4 451 498 4 0 60 4 4 8 922 26 0 0 62 5 3 316 634 4 0 0 
79 9 4 7 358 560 7 0 85 5 3 11 889 29 2 0 87 5 6 276 643 7 0 0 
112 23 5 16 315 549 4 0 126 12 6 13 837 30 0 0 121 18 12 131 735 7 0 0 
119 74 22 30 283 491 5 0 151 54 32 12 715 60 0 0 171 40 27 148 628 10 0 0 
27 985 12 0 0 0 0 0 867 157 0 0 0 0 0 0 992 32 0 0 0 0 0 0 
183 377 12 8 164 266 14 0 483 84 9 18 376 54 0 0 511 58 8 76 357 14 0 0 
210 15 11 8 226 547 7 0 218 11 10 7 729 48 1 0 218 14 10 120 642 20 0 0 
192 34 14 9 217 556 2 0 208 23 12 8 722 51 0 0 207 31 7 126 641 12 0 0 
200 82 8 3 176 550 5 0 228 55 7 3 678 52 1 0 223 62 7 82 634 16 0 0 
290 31 17 10 210 464 2 0 302 24 15 13 629 41 0 0 299 29 16 99 567 14 0 0 
271 59 9 7 291 383 4 0 317 15 11 9 628 44 0 0 322 13 10 158 516 5 0 0 
256 47 14 12 430 263 2 0 294 13 10 21 640 46 0 0 298 11 15 226 468 6 0 0 
272 29 18 13 558 134 0 0 286 18 17 11 656 36 0 0 287 26 11 304 392 4 0 0 
295 28 12 20 576 93 0 0 309 17 10 24 637 27 0 0 313 14 17 499 180 1 0 0 
270 41 14 12 635 52 0 0 282 25 20 19 670 8 0 0 288 26 20 586 104 0 0 0 
413 36 15 14 534 12 0 0 426 15 23 14 542 4 0 0 426 23 15 513 47 0 0 0 
410 65 16 17 498 18 0 0 455 28 10 27 501 3 0 0 459 28 9 496 32 0 0 0 
350 39 32 32 559 12 0 0 356 42 25 43 556 2 0 0 366 41 27 572 18 0 0 0 
331 43 33 41 573 3 0 0 338 34 29 136 487 0 0 0 344 40 37 592 11 0 0 0 
386 40 41 69 488 0 0 0 386 40 41 349 208 0 0 0 392 48 50 532 2 0 0 0 
54 188 767 14 1 0 0 0 145 784 94 1 0 0 0 0 609 410 4 1 0 0 0 0 
74 803 146 1 0 0 0 0 311 678 35 0 0 0 0 0 506 511 7 0 0 0 0 0 
33 678 158 155 0 0 0 0 246 590 116 72 0 0 0 0 515 342 163 4 0 0 0 0 
0 160 697 167 0 0 0 0 40 528 456 0 0 0 0 0 134 736 154 0 0 0 0 0 
11 383 486 142 2 0 0 0 191 584 138 111 0 0 0 0 431 442 135 16 0 0 0 0 
6 396 524 88 10 0 0 0 197 628 118 81 0 0 0 0 421 503 56 44 0 0 0 0 
0 78 802 144 0 0 0 0 6 433 585 0 0 0 0 0 152 740 132 0 0 0 0 0 
15 93 228 604 84 0 0 0 17 94 393 519 1 0 0 0 25 257 439 303 0 0 0 0 
1 93 508 318 103 1 0 0 65 478 320 146 15 0 0 0 376 479 14 155 0 0 0 0 
215 150 124 524 11 0 0 0 358 79 348 239 0 0 0 0 373 192 435 24 0 0 0 0 
787 231 3 3 0 0 0 0 1016 4 3 1 0 0 0 0 1015 5 3 1 0 0 0 0 
770 84 19 16 125 10 0 0 836 26 19 69 73 1 0 0 841 24 12 117 29 1 0 0 
503 96 34 35 326 30 0 0 576 36 39 53 315 5 0 0 584 35 42 326 37 0 0 0 
299 223 99 73 286 44 0 0 566 69 38 40 302 9 0 0 602 42 26 295 59 0 0 0 
294 207 112 101 253 57 0 0 580 80 41 26 286 11 0 0 596 71 42 229 84 2 0 0 
561 85 70 58 185 65 0 0 619 45 64 70 206 20 0 0 623 50 46 231 73 1 0 0 
509 185 53 69 128 80 0 0 658 65 29 64 185 23 0 0 651 75 27 134 122 15 0 0 
453 195 74 94 131 73 4 0 643 47 37 101 167 28 1 0 645 48 35 119 167 10 0 0 
495 160 55 83 140 86 5 0 634 35 45 72 210 27 1 0 625 50 39 118 144 48 0 0 
379 185 64 168 123 101 4 0 570 60 42 131 199 22 0 0 586 42 53 142 188 13 0 0 
523 102 47 103 149 95 5 0 584 62 31 61 257 29 0 0 581 64 30 46 255 47 1 0 
343 242 95 122 144 75 3 0 588 60 45 113 184 34 0 0 599 47 46 102 196 33 1 0 
248 225 141 183 119 93 15 0 492 87 119 128 145 53 0 0 512 79 107 163 133 30 0 0 
358 200 125 156 120 59 6 0 517 80 109 108 172 36 2 0 515 81 84 111 190 42 1 0 
3 1007 14 0 0 0 0 0 762 262 0 0 0 0 0 0 952 72 0 0 0 0 0 0 
260 410 92 144 107 8 3 0 557 129 87 150 93 7 1 0 608 84 101 143 81 7 0 0 
295 192 80 173 183 79 22 0 448 61 65 132 258 52 8 0 445 57 66 109 295 52 0 0 
131 199 163 221 203 87 20 0 298 135 89 162 266 70 4 0 293 129 80 113 320 86 3 0 
285 197 81 203 217 40 1 0 412 83 61 183 252 33 0 0 370 113 53 154 258 76 0 0 
256 202 111 249 187 18 1 0 387 60 112 133 318 14 0 0 378 50 106 108 317 64 1 0 
103 140 197 286 259 39 0 0 360 54 68 207 315 20 0 0 368 43 43 191 358 21 0 0 
63 228 207 365 147 13 1 0 392 70 96 355 102 9 0 0 419 43 94 365 100 3 0 0 
262 152 142 356 99 12 1 0 403 77 94 292 150 8 0 0 410 62 100 266 182 4 0 0 
270 156 105 394 91 7 1 0 374 89 86 307 164 4 0 0 374 73 79 259 236 3 0 0 
248 137 164 333 132 10 0 0 318 90 139 278 197 2 0 0 323 69 132 264 224 12 0 0 
120 269 194 406 34 1 0 0 346 90 151 421 15 1 0 0 348 79 172 398 26 1 0 0 
102 260 145 463 54 0 0 0 274 72 120 396 162 0 0 0 260 64 102 291 306 1 0 0 
381 109 139 376 19 0 0 0 403 59 111 328 123 0 0 0 390 56 83 223 272 0 0 0 
170 221 285 342 6 0 0 0 279 126 233 350 36 0 0 0 273 111 218 304 118 0 0 0 
164 247 260 348 5 0 0 0 290 146 201 330 57 0 0 0 277 123 185 290 149 0 0 0 
0 84 902 38 0 0 0 0 14 766 244 0 0 0 0 0 388 636 0 0 0 0 0 0 
20 675 329 0 0 0 0 0 231 719 74 0 0 0 0 0 484 533 7 0 0 0 0 0 
26 485 360 153 0 0 0 0 159 664 138 63 0 0 0 0 396 462 166 0 0 0 0 0 
0 15 725 284 0 0 0 0 0 208 816 0 0 0 0 0 11 806 207 0 0 0 0 0 
4 227 470 315 8 0 0 0 95 456 352 121 0 0 0 0 294 496 208 26 0 0 0 0 
1 311 531 173 8 0 0 0 123 489 318 94 0 0 0 0 305 605 78 36 0 0 0 0 
0 34 648 342 0 0 0 0 6 294 722 2 0 0 0 0 109 592 323 0 0 0 0 0 
36 32 216 651 89 0 0 0 47 98 523 343 13 0 0 0 60 413 370 181 0 0 0 0 
385 159 253 211 16 0 0 0 456 287 214 64 3 0 0 0 561 375 51 37 0 0 0 0 
711 149 62 102 0 0 0 0 776 135 84 29 0 0 0 0 809 138 70 7 0 0 0 0 
856 97 54 17 0 0 0 0 907 54 50 13 0 0 0 0 900 53 55 16 0 0 0 0 
440 83 188 229 67 17 0 0 462 70 160 234 79 19 0 0 453 76 125 215 139 16 0 0 
270 196 180 313 58 5 0 2 495 68 137 200 119 4 1 0 510 67 134 107 191 15 0 0 
18 124 221 456 194 5 2 4 305 216 121 293 85 0 3 1 500 84 65 259 111 1 3 1 
163 132 204 345 168 6 3 3 461 143 117 129 171 0 0 3 563 46 135 69 202 6 0 3 
389 190 99 268 72 2 2 2 518 92 93 272 45 0 3 1 519 95 81 281 42 2 0 4 
413 200 77 238 88 5 1 2 578 64 51 171 157 2 0 1 573 69 43 134 198 5 1 1 
184 349 141 227 118 3 0 2 548 106 66 152 148 2 1 1 561 95 57 125 181 3 0 2 
252 165 142 244 189 25 4 3 543 91 108 106 160 13 1 2 589 72 77 114 135 35 1 1 
196 146 221 288 143 21 4 5 482 170 88 168 104 7 4 1 603 65 88 146 113 5 3 1 
467 189 110 124 116 17 0 1 655 61 60 67 166 14 1 0 652 65 43 68 148 47 1 0 
116 131 91 194 365 121 1 5 269 187 264 136 159 7 1 1 652 74 45 88 148 16 1 0 
151 156 125 322 205 22 39 4 502 173 69 142 82 50 4 2 665 44 42 128 109 33 0 3 
302 422 89 97 100 8 3 3 733 89 18 42 123 15 1 3 740 83 17 38 117 23 2 4 
0 823 201 0 0 0 0 0 593 431 0 0 0 0 0 0 830 194 0 0 0 0 0 0 
248 492 113 108 51 8 0 4 709 228 28 19 35 2 1 2 834 113 26 23 23 1 1 3 
167 355 126 223 117 13 22 1 558 315 26 26 72 13 13 1 711 176 13 35 65 18 6 0 
174 347 86 187 178 21 24 7 498 318 49 62 67 7 21 2 687 167 19 61 59 24 3 4 
126 380 73 143 281 15 1 5 430 421 84 35 49 0 2 3 747 182 16 26 48 0 2 3 
158 468 200 110 72 10 3 3 692 204 16 31 61 16 3 1 731 167 12 29 64 17 2 2 
151 380 87 252 133 13 2 6 521 362 45 32 56 2 3 3 723 196 11 42 43 2 3 4 
92 434 126 240 126 1 2 3 470 450 44 38 18 2 0 2 732 222 15 43 8 1 1 2 
340 473 87 99 21 0 2 2 662 304 13 24 17 0 3 1 745 217 26 14 18 0 1 3 
364 467 72 105 16 0 0 0 756 233 8 17 10 0 0 0 810 179 9 17 9 0 0 0 
227 445 108 186 50 5 2 1 645 299 29 32 14 4 0 1 785 165 35 25 10 3 0 1 
238 362 155 254 9 2 1 3 693 283 39 4 1 1 2 1 821 188 7 2 2 1 1 2 
237 430 198 147 4 3 1 4 845 158 12 3 1 0 1 4 936 68 9 5 1 0 1 4 
607 267 72 71 2 0 2 3 945 66 4 3 1 2 0 3 996 14 4 4 1 2 0 3 
439 312 205 68 0 0 0 0 972 43 8 1 0 0 0 0 1007 11 6 0 0 0 0 0 
438 316 212 43 4 5 2 4 963 42 4 2 5 3 3 2 988 15 6 2 5 3 3 2 
442 61 471 50 0 0 0 0 470 310 243 1 0 0 0 0 587 417 20 0 0 0 0 0 
466 280 278 0 0 0 0 0 532 385 107 0 0 0 0 0 599 369 56 0 0 0 0 0 
487 297 160 80 0 0 0 0 570 304 117 33 0 0 0 0 649 258 115 2 0 0 0 0 
482 157 315 70 0 0 0 0 546 214 247 17 0 0 0 0 602 318 104 0 0 0 0 0 
188 508 252 71 5 0 0 0 305 472 197 50 0 0 0 0 357 465 177 25 0 0 0 0 
512 439 52 19 2 0 0 0 607 366 33 18 0 0 0 0 642 334 41 7 0 0 0 0 
425 339 252 8 0 0 0 0 448 389 186 1 0 0 0 0 458 493 72 1 0 0 0 0 
354 268 269 133 0 0 0 0 381 301 170 165 7 0 0 0 344 309 138 206 27 0 0 0 
275 412 302 35 0 0 0 0 289 397 276 61 1 0 0 0 252 385 294 85 8 0 0 0 
806 215 3 0 0 0 0 0 831 189 4 0 0 0 0 0 732 281 11 0 0 0 0 0 
1020 4 0 0 0 0 0 0 1021 3 0 0 0 0 0 0 1019 5 0 0 0 0 0 0 
1024 0 0 0 0 0 0 0 1024 0 0 0 0 0 0 0 1024 0 0 0 0 0 0 0 
999 20 2 1 0 0 0 2 1015 6 1 0 0 0 2 0 1016 5 1 0 0 0 2 0 
408 313 25 23 222 33 0 0 616 124 18 69 197 0 0 0 691 56 24 220 33 0 0 0 
336 292 18 9 334 34 0 1 436 208 10 8 360 1 1 0 550 96 11 325 40 1 1 0 
307 295 17 8 358 39 0 0 380 236 9 8 372 19 0 0 451 167 7 356 40 3 0 0 
267 308 7 14 360 67 1 0 355 229 12 5 412 11 0 0 415 170 11 368 60 0 0 0 
230 317 9 10 329 127 2 0 316 240 7 13 432 16 0 0 384 172 11 342 114 1 0 0 
196 306 31 11 232 248 0 0 274 257 11 3 461 18 0 0 342 192 10 326 153 1 0 0 
135 359 18 0 130 381 1 0 264 248 0 8 484 20 0 0 332 180 2 274 234 2 0 0 
116 341 26 11 88 441 1 0 221 260 12 9 499 23 0 0 260 221 12 232 291 8 0 0 
93 352 20 11 36 488 24 0 214 246 12 8 515 29 0 0 248 214 12 178 351 21 0 0 
113 318 13 5 36 532 7 0 199 245 4 5 547 24 0 0 240 207 1 157 414 5 0 0 
125 314 33 15 40 477 20 0 235 238 13 13 482 43 0 0 286 187 13 156 366 16 0 0 
45 606 373 0 0 0 0 0 574 450 0 0 0 0 0 0 770 254 0 0 0 0 0 0 
606 285 57 24 18 19 13 2 819 116 19 25 19 21 5 0 870 70 20 23 24 13 4 0 
737 272 7 3 4 1 0 0 979 33 5 4 2 1 0 0 983 31 4 3 2 1 0 0 
509 278 37 19 70 98 12 1 700 108 22 23 127 39 5 0 735 84 20 69 95 19 2 0 
59 256 6 36 79 576 12 0 144 173 31 16 618 42 0 0 216 104 34 140 515 15 0 0 
1 255 0 1 32 735 0 0 54 202 0 7 726 35 0 0 130 126 0 148 615 5 0 0 
0 248 8 0 117 647 4 0 31 225 0 0 719 49 0 0 135 121 0 127 632 9 0 0 
2 222 19 13 155 594 19 0 37 196 23 0 736 32 0 0 105 133 18 173 577 18 0 0 
2 222 0 27 261 501 11 0 41 183 14 18 736 32 0 0 117 107 22 245 526 7 0 0 
4 220 0 0 508 291 1 0 56 168 0 24 753 23 0 0 164 60 0 370 430 0 0 0 
0 218 6 0 639 161 0 0 42 182 0 3 790 7 0 0 137 87 0 562 238 0 0 0 
10 182 32 0 743 57 0 0 49 162 13 0 797 3 0 0 136 84 4 668 132 0 0 0 
6 186 31 1 767 33 0 0 77 116 31 2 794 4 0 0 123 75 26 749 51 0 0 0 
6 186 1 31 769 31 0 0 87 105 18 15 797 2 0 0 154 38 27 768 37 0 0 0 
11 180 1 22 793 17 0 0 106 86 0 36 796 0 0 0 146 46 10 803 19 0 0 0 
24 159 9 0 830 2 0 0 129 63 0 44 788 0 0 0 142 50 0 832 0 0 0 0 
386 38 297 303 0 0 0 0 392 38 587 7 0 0 0 0 402 35 587 0 0 0 0 0 
0 3 109 912 0 0 0 0 0 16 861 147 0 0 0 0 0 24 1000 0 0 0 0 0 
39 55 146 784 0 0 0 0 40 73 549 362 0 0 0 0 44 85 891 4 0 0 0 0 
416 242 135 231 0 0 0 0 441 218 259 106 0 0 0 0 451 232 338 3 0 0 0 0 
572 231 138 83 0 0 0 0 607 202 186 29 0 0 0 0 607 246 164 7 0 0 0 0 
816 137 55 16 0 0 0 0 837 128 48 11 0 0 0 0 875 125 24 0 0 0 0 0 
755 248 21 0 0 0 0 0 752 226 46 0 0 0 0 0 740 190 92 2 0 0 0 0 
306 366 266 86 0 0 0 0 311 296 261 156 0 0 0 0 285 289 261 166 23 0 0 0 
61 278 521 164 0 0 0 0 67 248 506 198 5 0 0 0 57 219 441 275 32 0 0 0 
309 624 84 7 0 0 0 0 381 546 82 15 0 0 0 0 359 529 108 28 0 0 0 0 
1019 5 0 0 0 0 0 0 1018 6 0 0 0 0 0 0 1006 18 0 0 0 0 0 0 
1024 0 0 0 0 0 0 0 1024 0 0 0 0 0 0 0 1024 0 0 0 0 0 0 0 
1024 0 0 0 0 0 0 0 1024 0 0 0 0 0 0 0 1024 0 0 0 0 0 0 0 
727 29 26 57 184 1 0 0 744 21 41 103 115 0 0 0 751 26 50 195 2 0 0 0 
0 1 2 26 990 5 0 0 0 2 6 176 840 0 0 0 1 1 21 1001 0 0 0 0 
0 0 0 0 968 56 0 0 0 0 0 0 1024 0 0 0 0 0 0 1019 5 0 0 0 
0 0 0 0 836 188 0 0 0 0 0 0 1024 0 0 0 0 0 0 986 38 0 0 0 
0 0 0 0 577 447 0 0 0 0 0 0 1024 0 0 0 0 0 0 929 95 0 0 0 
0 0 0 0 274 750 0 0 0 0 0 0 1024 0 0 0 0 0 0 797 227 0 0 0 
0 0 0 0 158 866 0 0 0 0 0 0 1024 0 0 0 0 0 0 603 421 0 0 0 
0 0 0 0 68 956 0 0 0 0 0 0 1024 0 0 0 0 0 0 548 476 0 0 0 
0 0 0 0 30 994 0 0 0 0 0 0 1023 1 0 0 0 0 0 349 675 0 0 0 
0 0 0 0 34 990 0 0 0 0 0 0 1024 0 0 0 0 0 0 311 713 0 0 0 
0 42 52 2 39 888 1 0 41 55 0 0 903 25 0 0 69 27 0 221 707 0 0 0 
589 200 235 0 0 0 0 0 765 259 0 0 0 0 0 0 811 213 0 0 0 0 0 0 
560 193 55 94 120 2 0 0 696 149 179 0 0 0 0 0 733 231 60 0 0 0 0 0 
83 192 195 128 347 79 0 0 247 289 407 81 0 0 0 0 338 347 339 0 0 0 0 0 
416 193 94 193 128 0 0 0 604 223 197 0 0 0 0 0 658 318 48 0 0 0 0 0 
561 28 16 18 60 341 0 0 577 16 16 22 389 4 0 0 583 12 23 155 251 0 0 0 
0 0 0 0 17 1007 0 0 0 0 0 0 1023 1 0 0 0 0 0 183 841 0 0 0 
0 0 0 0 41 983 0 0 0 0 0 0 1024 0 0 0 0 0 0 202 822 0 0 0 
0 0 0 0 86 938 0 0 0 0 0 0 1024 0 0 0 0 0 0 356 668 0 0 0 
0 0 0 0 88 936 0 0 0 0 0 0 1017 7 0 0 0 0 0 215 809 0 0 0 
0 0 0 0 204 820 0 0 0 0 0 0 1018 6 0 0 0 0 0 265 759 0 0 0 
0 0 0 0 421 603 0 0 0 0 0 0 1023 1 0 0 0 0 0 501 523 0 0 0 
0 0 0 0 515 509 0 0 0 0 0 0 1024 0 0 0 0 0 0 457 567 0 0 0 
0 0 0 0 653 371 0 0 0 0 0 0 1024 0 0 0 0 0 0 668 356 0 0 0 
0 0 0 0 929 95 0 0 0 0 0 0 1024 0 0 0 0 0 0 803 221 0 0 0 
0 0 0 0 1012 12 0 0 0 0 0 1 1023 0 0 0 0 0 0 944 80 0 0 0 
0 0 0 0 1024 0 0 0 0 0 0 9 1015 0 0 0 0 0 0 1023 1 0 0 0 
240 163 259 362 0 0 0 0 279 150 574 21 0 0 0 0 300 191 533 0 0 0 0 0 
37 115 169 703 0 0 0 0 59 104 726 135 0 0 0 0 66 128 830 0 0 0 0 0 
214 533 252 25 0 0 0 0 239 487 281 17 0 0 0 0 210 477 314 23 0 0 0 0 
777 244 3 0 0 0 0 0 842 180 2 0 0 0 0 0 783 238 3 0 0 0 0 0 
1024 0 0 0 0 0 0 0 1024 0 0 0 0 0 0 0 1024 0 0 0 0 0 0 0 
1024 0 0 0 0 0 0 0 1024 0 0 0 0 0 0 0 1024 0 0 0 0 0 0 0 
960 54 10 0 0 0 0 0 967 50 7 0 0 0 0 0 941 61 22 0 0 0 0 0 
706 181 136 1 0 0 0 0 672 196 136 20 0 0 0 0 605 257 116 46 0 0 0 0 
218 401 359 46 0 0 0 0 229 372 310 113 0 0 0 0 160 374 321 159 10 0 0 0 
186 561 256 21 0 0 0 0 165 557 259 43 0 0 0 0 106 564 286 68 0 0 0 0 
907 117 0 0 0 0 0 0 939 85 0 0 0 0 0 0 799 225 0 0 0 0 0 0 
1024 0 0 0 0 0 0 0 1024 0 0 0 0 0 0 0 1023 1 0 0 0 0 0 0 
1024 0 0 0 0 0 0 0 1024 0 0 0 0 0 0 0 1024 0 0 0 0 0 0 0 
835 164 24 1 0 0 0 0 944 74 6 0 0 0 0 0 961 60 3 0 0 0 0 0 
195 131 40 80 577 1 0 0 302 43 46 237 396 0 0 0 322 36 98 567 1 0 0 0 
13 4 6 11 827 163 0 0 16 2 15 5 972 14 0 0 17 5 12 953 37 0 0 0 
14 4 14 6 589 395 2 0 17 7 10 8 968 14 0 0 18 12 6 911 77 0 0 0 
26 16 2 10 271 696 3 0 39 4 4 10 945 22 0 0 39 5 10 816 153 1 0 0 
0 1 0 0 133 890 0 0 1 0 0 1 1022 0 0 0 1 0 0 793 230 0 0 0 
0 0 0 0 62 962 0 0 0 0 0 0 1024 0 0 0 0 0 0 665 359 0 0 0 
0 0 0 0 24 1000 0 0 0 0 0 0 1024 0 0 0 0 0 0 455 569 0 0 0 
0 0 0 0 10 1014 0 0 0 0 0 0 1016 8 0 0 0 0 0 341 683 0 0 0 
0 0 0 0 9 1015 0 0 0 0 0 0 1000 24 0 0 0 0 0 259 765 0 0 0 
6 29 60 4 43 870 12 0 36 59 4 17 864 44 0 0 46 50 8 230 686 4 0 0 
596 129 193 30 47 29 0 0 725 218 61 20 0 0 0 0 753 217 47 7 0 0 0 0 
41 74 151 346 384 28 0 0 115 365 457 87 0 0 0 0 170 577 240 37 0 0 0 0 
0 5 41 136 358 484 0 0 7 38 392 566 21 0 0 0 6 95 712 203 8 0 0 0 
6 84 185 382 347 20 0 0 78 350 493 102 1 0 0 0 143 507 343 31 0 0 0 0 
497 131 133 44 52 167 0 0 615 156 29 26 185 13 0 0 682 96 37 83 126 0 0 0 
148 37 13 2 8 806 10 0 161 33 5 3 784 37 1 0 154 40 6 167 645 12 0 0 
61 3 4 7 23 920 6 0 61 4 3 7 923 23 3 0 64 3 2 279 670 6 0 0 
66 30 13 7 34 867 7 0 78 22 12 5 873 31 3 0 77 27 8 246 658 6 2 0 
51 19 2 1 104 843 4 0 57 14 1 2 916 34 0 0 57 13 3 272 674 5 0 0 
55 12 9 5 80 859 4 0 64 9 5 3 921 20 2 0 65 9 6 257 681 6 0 0 
166 44 28 13 350 422 0 1 170 44 27 12 737 33 0 1 162 47 29 466 313 5 1 1 
47 15 5 3 348 606 0 0 47 17 5 3 939 13 0 0 51 15 3 434 521 0 0 0 
44 4 2 7 510 457 0 0 44 4 2 5 957 12 0 0 43 6 2 538 435 0 0 0 
106 18 7 12 821 59 1 0 109 17 6 13 871 8 0 0 113 16 8 786 100 1 0 0 
51 18 6 5 887 57 0 0 45 17 14 6 940 2 0 0 46 22 11 811 134 0 0 0 
62 11 9 11 925 6 0 0 64 7 11 18 924 0 0 0 64 12 10 916 22 0 0 0 
7 150 569 298 0 0 0 0 27 249 665 83 0 0 0 0 85 421 508 10 0 0 0 0 
619 293 100 12 0 0 0 0 712 238 72 2 0 0 0 0 789 211 24 0 0 0 0 0 
344 227 427 26 0 0 0 0 360 172 442 50 0 0 0 0 332 158 407 124 3 0 0 0 
167 513 299 45 0 0 0 0 174 454 325 71 0 0 0 0 133 463 319 108 1 0 0 0 
693 274 52 5 0 0 0 0 753 208 47 16 0 0 0 0 703 250 48 21 2 0 0 0 
980 44 0 0 0 0 0 0 979 45 0 0 0 0 0 0 942 82 0 0 0 0 0 0 
1024 0 0 0 0 0 0 0 1024 0 0 0 0 0 0 0 1024 0 0 0 0 0 0 0 
979 45 0 0 0 0 0 0 972 52 0 0 0 0 0 0 936 86 2 0 0 0 0 0 
214 355 432 23 0 0 0 0 213 322 414 75 0 0 0 0 182 281 411 149 1 0 0 0 
41 778 198 7 0 0 0 0 52 739 220 13 0 0 0 0 29 695 250 50 0 0 0 0 
357 667 0 0 0 0 0 0 397 624 3 0 0 0 0 0 294 718 12 0 0 0 0 0 
1000 24 0 0 0 0 0 0 1001 23 0 0 0 0 0 0 990 34 0 0 0 0 0 0 
1009 12 3 0 0 0 0 0 1009 11 4 0 0 0 0 0 1006 14 4 0 0 0 0 0 
551 433 36 4 0 0 0 0 855 146 21 2 0 0 0 0 900 107 15 2 0 0 0 0 
209 434 104 101 157 19 0 0 605 106 76 173 63 1 0 0 643 84 111 172 14 0 0 0 
211 220 132 187 205 68 1 0 414 70 84 190 233 31 2 0 438 45 63 257 182 32 7 0 
281 149 94 158 230 101 11 0 406 61 77 151 242 78 9 0 418 52 76 169 201 89 19 0 
245 198 85 156 196 143 1 0 392 74 65 145 304 39 5 0 409 57 65 207 226 45 15 0 
34 132 89 120 290 336 15 8 175 67 92 206 433 35 13 3 200 86 171 408 135 11 10 3 
5 171 96 83 166 488 15 0 88 177 78 113 535 30 3 0 137 176 102 426 170 13 0 0 
30 172 101 38 44 616 21 2 119 146 65 31 624 36 1 2 147 161 40 395 270 6 3 2 
29 84 68 116 176 542 9 0 89 58 83 159 590 45 0 0 113 82 104 385 336 4 0 0 
4 11 34 137 291 540 6 1 7 19 79 190 669 59 0 1 13 38 135 470 363 4 1 0 
46 79 122 173 316 275 13 0 122 107 144 359 259 33 0 0 171 137 393 200 122 1 0 0 
70 66 131 177 291 284 5 0 137 252 244 377 14 0 0 0 162 295 290 272 5 0 0 0 
9 40 35 185 421 331 3 0 53 71 455 407 34 2 2 0 59 280 491 183 7 1 3 0 
0 1 7 246 534 217 15 4 1 168 586 239 17 9 3 1 20 436 463 79 13 8 4 1 
11 42 58 272 448 187 4 2 60 133 540 280 5 4 2 0 68 261 530 155 3 3 4 0 
26 74 134 365 312 113 0 0 91 245 424 242 22 0 0 0 105 380 350 178 11 0 0 0 
89 252 116 100 265 168 32 2 404 49 81 248 173 58 11 0 416 68 197 191 113 35 3 1 
54 169 70 116 102 508 5 0 221 67 93 87 497 59 0 0 254 98 102 236 333 1 0 0 
143 168 141 202 250 111 7 2 441 65 96 220 159 40 2 1 473 88 115 225 108 13 0 2 
75 116 115 170 153 371 18 6 271 65 67 127 406 72 10 6 279 68 109 212 320 20 11 5 
77 125 98 182 240 302 0 0 246 40 96 165 413 64 0 0 256 54 130 282 299 3 0 0 
62 111 165 254 307 123 0 2 302 19 116 244 280 61 0 2 307 24 149 261 240 41 0 2 
148 175 45 82 174 381 18 1 318 36 66 127 405 66 5 1 321 43 97 228 321 11 2 1 
129 150 45 112 277 309 2 0 268 42 101 104 491 18 0 0 273 62 125 270 294 0 0 0 
415 146 76 157 181 39 8 2 535 63 101 218 85 16 4 2 561 79 212 119 37 14 0 2 
368 147 102 114 219 72 2 0 410 132 112 71 285 13 1 0 435 149 95 240 98 7 0 0 
450 117 137 121 196 3 0 0 479 123 132 119 171 0 0 0 504 157 144 209 10 0 0 0 
219 279 292 233 1 0 0 0 293 232 401 98 0 0 0 0 387 249 372 16 0 0 0 0 
999 25 0 0 0 0 0 0 1013 11 0 0 0 0 0 0 1023 1 0 0 0 0 0 0 
569 408 47 0 0 0 0 0 550 412 62 0 0 0 0 0 487 451 84 2 0 0 0 0 
280 465 265 14 0 0 0 0 285 431 281 27 0 0 0 0 226 424 314 60 0 0 0 0 
19 434 479 90 2 0 0 0 11 401 492 107 13 0 0 0 3 322 509 164 26 0 0 0 
591 367 61 5 0 0 0 0 589 351 71 13 0 0 0 0 535 392 80 16 1 0 0 0 
1016 8 0 0 0 0 0 0 1015 9 0 0 0 0 0 0 1011 13 0 0 0 0 0 0 
924 98 2 0 0 0 0 0 917 101 6 0 0 0 0 0 893 118 13 0 0 0 0 0 
209 315 446 51 3 0 0 0 232 273 420 96 3 0 0 0 208 248 411 150 7 0 0 0 
2 521 492 9 0 0 0 0 14 527 466 17 0 0 0 0 11 454 502 56 1 0 0 0 
271 744 9 0 0 0 0 0 412 599 12 1 0 0 0 0 331 634 56 3 0 0 0 0 
903 64 20 13 11 13 0 0 977 24 11 12 0 0 0 0 973 31 13 7 0 0 0 0 
987 35 2 0 0 0 0 0 1004 19 1 0 0 0 0 0 1004 18 2 0 0 0 0 0 
608 202 121 91 2 0 0 0 755 209 60 0 0 0 0 0 815 195 14 0 0 0 0 0 
112 214 292 187 151 68 0 0 303 315 196 83 126 1 0 0 394 296 144 141 49 0 0 0 
178 78 190 316 163 64 13 22 391 105 75 250 135 39 10 19 470 55 46 208 187 26 13 19 
199 114 94 198 311 73 15 20 343 18 74 175 309 66 19 20 350 11 63 149 334 73 21 23 
234 101 105 276 171 105 13 19 293 52 109 233 255 46 15 21 309 37 112 191 304 32 13 26 
127 101 107 180 383 78 22 26 203 87 190 355 127 22 19 21 247 180 319 169 51 22 23 13 
30 106 30 271 498 77 10 2 109 71 212 447 145 38 2 0 166 179 263 316 81 17 2 0 
135 333 183 219 96 40 12 6 328 273 215 130 34 29 12 3 465 247 181 63 36 17 12 3 
55 183 154 191 291 138 12 0 190 167 129 196 287 53 2 0 308 135 143 279 150 9 0 0 
8 111 36 108 363 387 11 0 96 53 45 150 536 141 3 0 111 41 94 352 387 39 0 0 
25 103 235 151 230 262 17 1 119 204 125 255 262 56 3 0 167 198 258 251 134 16 0 0 
319 245 220 40 71 128 1 0 485 324 66 148 1 0 0 0 538 286 171 29 0 0 0 0 
0 2 27 252 559 184 0 0 1 85 578 358 2 0 0 0 3 263 614 144 0 0 0 0 
0 4 24 269 681 45 1 0 8 122 705 159 22 8 0 0 8 222 646 117 23 8 0 0 
0 0 23 331 582 88 0 0 4 164 604 251 1 0 0 0 8 334 599 82 1 0 0 0 
67 120 185 331 182 129 9 1 267 264 306 31 123 32 1 0 370 294 182 76 93 9 0 0 
73 150 99 188 303 165 27 19 286 226 94 160 186 52 6 14 497 87 125 155 128 16 3 13 
96 171 114 140 123 365 14 1 303 138 73 87 350 72 1 0 384 106 82 206 228 17 1 0 
88 88 119 279 319 70 19 42 240 260 111 173 149 45 9 37 426 123 129 188 86 28 7 37 
76 59 76 229 274 268 21 21 182 114 83 209 352 49 23 12 268 55 142 324 193 10 23 9 
117 69 126 262 266 162 17 5 274 74 97 247 275 52 5 0 305 61 159 336 151 10 2 0 
99 56 84 269 423 70 9 14 263 303 104 141 164 36 3 10 550 68 95 154 126 18 5 8 
101 122 82 123 398 150 26 22 233 48 80 216 355 56 21 15 250 43 156 392 125 31 20 7 
118 109 87 139 472 97 2 0 234 52 115 193 406 24 0 0 241 76 176 460 70 1 0 0 
66 111 269 271 213 42 30 22 363 114 128 266 75 31 24 23 409 112 230 164 39 34 12 24 
134 164 209 179 271 63 3 1 169 175 199 195 258 24 4 0 193 228 188 296 105 11 3 0 
188 169 249 298 120 0 0 0 304 128 250 285 57 0 0 0 320 198 352 142 12 0 0 0 
311 79 428 206 0 0 0 0 348 262 399 15 0 0 0 0 582 86 354 2 0 0 0 0 
699 163 154 8 0 0 0 0 733 171 120 0 0 0 0 0 793 197 34 0 0 0 0 0 
916 108 0 0 0 0 0 0 912 106 6 0 0 0 0 0 895 120 9 0 0 0 0 0 
995 29 0 0 0 0 0 0 971 53 0 0 0 0 0 0 927 97 0 0 0 0 0 0 
213 390 311 110 0 0 0 0 216 381 279 146 2 0 0 0 156 403 250 202 13 0 0 0 
741 247 36 0 0 0 0 0 801 191 32 0 0 0 0 0 708 277 34 5 0 0 0 0 
1020 4 0 0 0 0 0 0 1017 7 0 0 0 0 0 0 1013 10 1 0 0 0 0 0 
999 25 0 0 0 0 0 0 993 31 0 0 0 0 0 0 945 79 0 0 0 0 0 0 
241 265 383 133 2 0 0 0 267 260 368 125 4 0 0 0 228 264 327 187 18 0 0 0 
52 594 330 48 0 0 0 0 208 494 254 68 0 0 0 0 183 469 271 99 2 0 0 0 
427 316 50 27 18 21 35 130 622 182 36 26 45 61 49 3 619 172 51 30 59 67 23 3 
6 12 12 18 26 78 315 557 19 17 30 113 412 371 62 0 23 17 57 304 450 158 15 0 
217 205 118 90 82 110 101 101 387 186 97 97 132 125 0 0 440 167 116 139 137 25 0 0 
3 57 87 138 173 425 141 0 41 154 165 428 236 0 0 0 76 219 239 469 21 0 0 0 
24 50 96 217 325 312 0 0 86 111 236 465 125 1 0 0 134 163 354 368 5 0 0 0 
137 85 2 35 643 122 0 0 217 7 24 21 744 11 0 0 224 6 33 724 37 0 0 0 
99 124 1 32 472 294 2 0 222 2 32 0 751 17 0 0 224 12 20 728 40 0 0 0 
79 144 8 25 197 571 0 0 221 15 20 0 765 3 0 0 217 38 1 668 100 0 0 0 
73 153 25 16 150 607 0 0 221 29 14 8 745 7 0 0 233 29 5 649 108 0 0 0 
24 205 27 1 101 656 10 0 226 30 0 20 716 32 0 0 240 16 1 599 159 9 0 0 
55 194 9 14 32 697 23 0 241 15 10 23 703 32 0 0 243 15 25 408 314 19 0 0 
23 215 27 28 7 700 24 0 208 54 31 4 570 157 0 0 224 44 26 234 477 19 0 0 
27 217 27 17 1 714 21 0 216 56 16 0 559 177 0 0 220 62 6 147 584 5 0 0 
43 237 100 1 52 584 7 0 259 121 1 22 579 42 0 0 280 100 4 269 367 4 0 0 
71 372 569 12 0 0 0 0 427 580 17 0 0 0 0 0 540 481 3 0 0 0 0 0 
254 111 152 259 248 0 0 0 331 228 461 4 0 0 0 0 364 377 283 0 0 0 0 0 
0 0 0 123 756 145 0 0 0 27 603 394 0 0 0 0 0 144 717 163 0 0 0 0 
0 6 184 354 478 2 0 0 5 278 703 38 0 0 0 0 21 514 482 7 0 0 0 0 
520 219 149 75 18 37 6 0 677 245 52 3 27 19 1 0 730 219 25 14 27 9 0 0 
239 158 53 26 41 466 41 0 324 98 44 24 454 77 3 0 316 105 54 193 330 25 1 0 
109 192 40 8 55 606 14 0 186 125 34 4 640 35 0 0 186 129 30 261 403 15 0 0 
116 182 45 16 54 589 22 0 211 95 45 23 619 31 0 0 195 119 46 296 360 8 0 0 
107 206 52 19 49 558 33 0 183 153 45 3 543 95 2 0 192 155 35 106 508 28 0 0 
77 221 85 1 3 624 13 0 156 203 25 0 504 136 0 0 160 202 22 10 624 6 0 0 
51 252 69 24 17 588 23 0 180 180 29 23 542 70 0 0 199 168 34 40 581 2 0 0 
100 271 41 4 2 601 5 0 204 191 21 0 559 49 0 0 229 183 4 23 585 0 0 0 
94 291 16 14 30 563 16 0 245 153 3 27 564 32 0 0 251 149 8 79 524 13 0 0 
125 287 11 20 136 437 8 0 305 111 22 10 544 32 0 0 306 110 27 158 419 4 0 0 
209 210 22 2 342 239 0 0 331 104 6 2 558 23 0 0 324 114 3 205 378 0 0 0 
221 219 3 26 508 47 0 0 391 49 11 23 521 29 0 0 394 48 22 379 181 0 0 0 
1 288 396 339 0 0 0 0 154 511 335 24 0 0 0 0 635 36 353 0 0 0 0 0 
97 144 324 459 0 0 0 0 129 163 709 23 0 0 0 0 202 250 572 0 0 0 0 0 
930 74 20 0 0 0 0 0 954 64 6 0 0 0 0 0 987 37 0 0 0 0 0 0 
1002 22 0 0 0 0 0 0 1002 22 0 0 0 0 0 0 973 51 0 0 0 0 0 0 
343 295 210 173 3 0 0 0 377 256 185 179 27 0 0 0 332 277 165 183 67 0 0 0 
71 334 354 242 23 0 0 0 126 303 313 218 64 0 0 0 102 269 317 240 84 12 0 0 
903 113 8 0 0 0 0 0 917 98 9 0 0 0 0 0 894 118 12 0 0 0 0 0 
481 364 174 5 0 0 0 0 517 316 177 14 0 0 0 0 473 336 155 60 0 0 0 0 
49 403 550 22 0 0 0 0 121 328 516 59 0 0 0 0 72 316 518 118 0 0 0 0 
13 445 303 139 55 69 0 0 119 539 243 97 26 0 0 0 117 567 232 108 0 0 0 0 
0 1 16 32 143 309 244 279 0 25 115 235 390 245 14 0 7 63 144 316 318 173 3 0 
0 0 0 0 0 15 155 854 0 0 0 18 238 527 239 2 0 0 3 104 430 467 20 0 
0 0 0 0 0 11 362 651 0 0 0 19 387 453 165 0 0 0 1 203 445 375 0 0 
0 0 0 0 0 103 635 286 0 0 0 95 867 62 0 0 0 0 6 390 628 0 0 0 
0 15 117 292 285 181 98 36 28 101 270 390 176 26 10 23 46 147 318 380 85 18 9 21 
0 99 98 112 511 204 0 0 69 122 92 155 584 2 0 0 121 112 147 587 57 0 0 0 
0 2 48 40 484 414 8 28 8 52 32 228 666 12 8 18 43 35 124 740 51 4 12 15 
0 99 94 79 196 535 10 11 45 129 67 118 613 41 1 10 105 100 113 612 72 10 3 9 
0 51 106 29 144 692 2 0 41 109 31 86 728 29 0 0 92 79 49 624 180 0 0 0 
0 17 35 37 56 867 4 8 19 34 34 22 883 24 4 4 33 35 27 654 264 3 4 4 
0 9 42 30 111 809 8 15 16 38 16 67 841 30 12 4 34 29 20 415 510 3 13 0 
2 24 35 35 162 765 1 0 29 36 20 87 811 41 0 0 52 20 36 482 434 0 0 0 
3 13 20 42 113 802 12 19 15 20 22 79 821 46 8 13 20 16 41 314 603 10 7 13 
0 34 94 7 35 843 11 0 41 87 2 30 831 33 0 0 56 72 19 336 536 5 0 0 
1 293 718 12 0 0 0 0 342 673 9 0 0 0 0 0 465 556 3 0 0 0 0 0 
440 217 308 29 13 15 2 0 615 346 28 12 11 12 0 0 655 316 17 13 11 11 1 0 
0 15 152 581 272 4 0 0 26 211 746 41 0 0 0 0 51 447 513 13 0 0 0 0 
34 30 74 307 579 0 0 0 73 87 854 10 0 0 0 0 82 267 674 1 0 0 0 0 
944 18 11 51 0 0 0 0 962 28 34 0 0 0 0 0 963 59 2 0 0 0 0 0 
1024 0 0 0 0 0 0 0 1024 0 0 0 0 0 0 0 1024 0 0 0 0 0 0 0 
789 6 7 10 29 173 10 0 791 5 9 11 173 35 0 0 791 7 11 61 137 17 0 0 
162 10 4 4 87 755 2 0 164 8 4 5 811 32 0 0 166 10 3 428 412 5 0 0 
0 0 0 0 46 978 0 0 0 0 0 0 792 232 0 0 0 0 0 212 812 0 0 0 
0 0 0 0 0 1024 0 0 0 0 0 0 682 342 0 0 0 0 0 0 1024 0 0 0 
0 0 0 0 0 1024 0 0 0 0 0 0 900 124 0 0 0 0 0 4 1020 0 0 0 
0 0 0 0 1 1023 0 0 0 0 0 0 996 28 0 0 0 0 0 18 1006 0 0 0 
0 0 0 0 2 1022 0 0 0 0 0 0 1017 7 0 0 0 0 0 32 992 0 0 0 
0 0 0 0 77 947 0 0 0 0 0 0 1024 0 0 0 0 0 0 147 877 0 0 0 
0 0 0 0 365 659 0 0 0 0 0 0 1024 0 0 0 0 0 0 291 733 0 0 0 
0 0 0 0 866 158 0 0 0 0 0 0 1024 0 0 0 0 0 0 749 275 0 0 0 
3 523 460 38 0 0 0 0 298 680 44 2 0 0 0 0 957 36 31 0 0 0 0 0 
5 257 334 423 5 0 0 0 155 272 539 56 2 0 0 0 248 295 470 11 0 0 0 0 
479 269 267 9 0 0 0 0 592 237 195 0 0 0 0 0 710 275 39 0 0 0 0 0 
950 71 3 0 0 0 0 0 992 25 7 0 0 0 0 0 959 57 6 2 0 0 0 0 
931 88 4 1 0 0 0 0 935 82 7 0 0 0 0 0 899 114 10 1 0 0 0 0 
165 446 284 127 2 0 0 0 222 376 281 133 12 0 0 0 176 372 292 156 28 0 0 0 
518 355 150 1 0 0 0 0 610 257 152 5 0 0 0 0 584 260 172 8 0 0 0 0 
230 517 259 18 0 0 0 0 322 532 149 21 0 0 0 0 309 503 158 54 0 0 0 0 
22 661 222 84 33 2 0 0 333 540 125 26 0 0 0 0 341 523 144 16 0 0 0 0 
0 64 107 109 181 438 125 0 13 176 150 376 292 17 0 0 28 200 279 376 140 1 0 0 
0 0 0 0 63 379 322 260 0 0 43 288 390 280 21 2 0 10 133 352 339 187 1 2 
0 0 0 0 0 34 182 808 0 0 0 9 276 470 261 8 0 0 0 123 359 445 90 7 
0 0 0 0 0 0 0 1024 0 0 0 0 0 853 171 0 0 0 0 0 250 774 0 0 
0 0 0 0 0 0 72 952 0 0 0 0 96 928 0 0 0 0 0 0 790 234 0 0 
0 0 6 31 399 211 321 56 0 4 21 352 491 116 30 10 0 6 81 508 352 38 30 9 
0 11 79 359 561 14 0 0 3 86 292 604 39 0 0 0 63 163 499 299 0 0 0 0 
4 45 36 94 677 112 25 31 32 50 75 686 113 23 23 22 52 70 283 524 31 18 25 21 
0 25 80 217 535 95 43 29 5 83 158 558 119 42 31 28 37 130 388 326 54 33 29 27 
0 2 79 167 732 31 13 0 0 64 168 654 119 19 0 0 37 141 413 407 26 0 0 0 
2 24 41 87 333 452 20 65 18 51 39 282 542 18 18 56 29 54 164 624 68 13 16 56 
1 5 30 60 368 532 15 13 4 21 56 201 691 35 10 6 10 30 73 415 468 16 10 2 
0 14 79 117 487 325 2 0 8 74 124 314 500 4 0 0 34 97 156 619 117 1 0 0 
14 126 89 97 264 338 31 65 38 125 118 189 432 55 11 56 48 137 146 410 188 30 9 56 
8 52 125 39 164 586 27 23 83 104 27 143 572 71 1 23 107 92 41 360 379 21 2 22 
520 236 267 1 0 0 0 0 760 263 1 0 0 0 0 0 796 228 0 0 0 0 0 0 
480 15 131 119 78 138 52 11 504 204 57 23 66 161 9 0 494 216 43 27 60 161 23 0 
0 0 13 219 627 61 88 16 0 44 478 355 11 56 75 5 0 164 677 36 12 43 88 4 
394 63 21 22 436 9 59 20 468 17 331 123 6 8 68 3 469 20 436 13 6 8 67 5 
1024 0 0 0 0 0 0 0 1024 0 0 0 0 0 0 0 1024 0 0 0 0 0 0 0 
1024 0 0 0 0 0 0 0 1024 0 0 0 0 0 0 0 1023 1 0 0 0 0 0 0 
1024 0 0 0 0 0 0 0 1024 0 0 0 0 0 0 0 1024 0 0 0 0 0 0 0 
868 10 8 6 18 113 1 0 871 8 9 5 102 29 0 0 873 6 10 58 69 8 0 0 
0 1 18 8 32 964 1 0 1 13 13 2 901 94 0 0 4 19 5 403 591 2 0 0 
0 1 2 2 21 998 0 0 1 1 1 3 625 393 0 0 1 2 2 102 917 0 0 0 
0 0 0 0 75 949 0 0 0 0 0 0 847 177 0 0 0 0 0 172 852 0 0 0 
0 0 0 0 210 814 0 0 0 0 0 0 979 45 0 0 0 0 0 352 672 0 0 0 
0 0 0 0 84 940 0 0 0 0 0 0 1008 16 0 0 0 0 0 152 872 0 0 0 
0 0 0 0 196 828 0 0 0 0 0 0 1023 1 0 0 0 0 0 247 777 0 0 0 
0 0 0 0 356 668 0 0 0 0 0 0 1023 1 0 0 0 0 0 354 670 0 0 0 
0 6 26 22 891 79 0 0 1 25 23 13 962 0 0 0 8 39 6 880 91 0 0 0 
0 241 782 1 0 0 0 0 54 884 86 0 0 0 0 0 767 249 8 0 0 0 0 0 
3 275 557 189 0 0 0 0 132 364 482 46 0 0 0 0 265 462 285 12 0 0 0 0 
451 345 227 1 0 0 0 0 652 299 73 0 0 0 0 0 770 252 2 0 0 0 0 0 
1016 8 0 0 0 0 0 0 1024 0 0 0 0 0 0 0 1024 0 0 0 0 0 0 0 
777 208 37 2 0 0 0 0 784 184 55 1 0 0 0 0 756 181 79 8 0 0 0 0 
372 280 279 93 0 0 0 0 386 257 246 125 10 0 0 0 372 245 254 118 35 0 0 0 
85 372 320 97 132 18 0 0 155 430 333 100 6 0 0 0 142 415 403 64 0 0 0 0 
0 3 105 252 395 161 108 0 0 127 343 397 153 4 0 0 22 210 431 312 49 0 0 0 
0 0 11 59 110 208 449 187 0 31 72 174 524 223 0 0 0 64 115 349 468 28 0 0 
0 0 0 0 0 64 259 701 0 0 0 19 211 614 180 0 0 0 0 96 410 518 0 0 
0 0 0 0 0 33 295 696 0 0 0 50 285 624 65 0 0 0 12 168 435 409 0 0 
0 0 0 0 0 0 41 983 0 0 0 3 46 924 51 0 0 0 0 22 507 495 0 0 
0 0 0 0 0 0 0 1024 0 0 0 0 0 1024 0 0 0 0 0 0 460 564 0 0 
0 0 6 49 100 152 266 451 0 2 38 175 323 486 0 0 0 9 102 224 650 39 0 0 
0 0 49 240 562 155 17 1 0 26 150 506 311 28 3 0 11 84 286 484 142 16 1 0 
3 101 170 234 490 26 0 0 9 191 245 528 51 0 0 0 78 244 349 349 4 0 0 0 
21 98 250 149 387 109 10 0 11 101 267 391 230 21 3 0 37 130 338 397 99 22 1 0 
0 18 84 227 548 138 9 0 0 66 177 544 198 39 0 0 17 130 396 350 114 17 0 0 
0 72 154 185 580 33 0 0 10 135 207 597 75 0 0 0 67 162 520 271 4 0 0 0 
2 114 263 162 160 296 23 4 6 135 257 210 364 41 10 1 21 176 258 408 121 34 5 1 
0 30 239 197 276 279 3 0 0 29 211 289 458 37 0 0 0 55 268 329 362 10 0 0 
4 156 327 119 318 100 0 0 20 166 332 294 212 0 0 0 42 208 358 347 69 0 0 0 
11 153 295 233 153 139 20 20 31 117 367 256 181 45 8 19 44 146 401 272 97 37 9 18 
674 76 38 39 146 40 3 8 747 37 33 133 62 3 2 7 757 38 52 158 7 3 2 7 
1022 1 1 0 0 0 0 0 1022 2 0 0 0 0 0 0 1022 1 1 0 0 0 0 0 
548 73 58 53 80 134 75 3 672 133 21 19 10 126 43 0 645 129 48 18 13 61 110 0 
13 4 7 20 7 388 584 1 22 13 9 6 5 566 403 0 20 9 14 6 4 208 763 0 
819 45 22 20 23 12 76 7 883 14 20 14 7 13 73 0 874 15 22 15 8 10 77 3 
890 27 18 18 21 27 14 9 923 35 14 13 12 15 8 4 909 40 19 14 11 16 6 9 
1024 0 0 0 0 0 0 0 1024 0 0 0 0 0 0 0 1021 3 0 0 0 0 0 0 
1024 0 0 0 0 0 0 0 1024 0 0 0 0 0 0 0 987 37 0 0 0 0 0 0 
1024 0 0 0 0 0 0 0 1024 0 0 0 0 0 0 0 1024 0 0 0 0 0 0 0 
198 180 148 150 59 262 20 7 406 181 98 31 234 65 5 4 502 140 67 141 156 11 4 3 
55 119 86 67 95 595 7 0 216 62 44 18 563 121 0 0 248 56 25 290 402 3 0 0 
76 185 46 50 110 545 8 4 272 31 49 26 559 84 1 2 276 49 35 313 342 5 1 3 
172 295 102 53 146 247 4 5 488 93 34 29 335 40 1 4 529 65 32 270 122 1 2 3 
94 80 26 13 385 426 0 0 168 26 11 11 785 23 0 0 184 15 11 462 350 2 0 0 
18 114 114 36 431 310 0 1 135 115 29 16 723 6 0 0 171 97 17 458 280 1 0 0 
166 31 109 57 527 134 0 0 179 90 79 26 647 3 0 0 196 117 50 567 94 0 0 0 
2 76 520 206 191 22 4 3 12 198 495 117 193 4 2 3 53 400 325 219 19 2 3 3 
706 60 102 156 0 0 0 0 743 47 221 13 0 0 0 0 763 35 224 2 0 0 0 0 
340 108 87 489 0 0 0 0 398 73 470 83 0 0 0 0 427 61 534 2 0 0 0 0 
386 131 118 389 0 0 0 0 465 88 276 195 0 0 0 0 506 102 414 2 0 0 0 0 
867 118 39 0 0 0 0 0 913 89 22 0 0 0 0 0 838 185 1 0 0 0 0 0 
824 157 25 18 0 0 0 0 826 174 24 0 0 0 0 0 768 228 27 1 0 0 0 0 
383 105 79 133 226 78 20 0 525 185 161 150 3 0 0 0 531 194 242 57 0 0 0 0 
9 15 13 41 271 293 228 154 49 180 372 338 85 0 0 0 64 234 378 340 8 0 0 0 
0 0 0 0 8 66 804 146 0 0 6 82 808 128 0 0 0 0 10 295 719 0 0 0 
0 0 0 0 0 0 144 880 0 0 0 0 199 825 0 0 0 0 0 24 919 81 0 0 
0 0 0 0 0 0 0 1024 0 0 0 0 0 717 307 0 0 0 0 0 303 721 0 0 
0 0 0 0 0 23 337 664 0 0 0 59 322 434 209 0 0 0 45 134 505 340 0 0 
0 0 0 0 0 0 286 738 0 0 0 0 329 695 0 0 0 0 0 15 964 45 0 0 
0 0 0 4 16 95 349 560 0 0 11 55 350 608 0 0 0 1 13 203 766 41 0 0 
117 204 66 74 295 107 113 48 281 98 75 259 250 61 0 0 310 84 119 343 168 0 0 0 
135 280 67 187 322 33 0 0 360 87 146 253 172 6 0 0 378 129 160 278 79 0 0 0 
53 328 89 199 336 19 0 0 330 130 98 384 81 1 0 0 360 125 186 334 19 0 0 0 
32 290 26 41 356 276 1 2 289 53 29 121 522 7 2 1 298 52 40 333 297 1 2 1 
15 327 123 161 327 69 2 0 256 142 144 340 128 14 0 0 336 135 256 219 74 4 0 0 
14 265 143 143 401 58 0 0 214 161 137 340 171 1 0 0 266 205 195 314 44 0 0 0 
1 205 82 53 191 488 1 3 175 98 40 139 528 41 1 2 194 87 74 310 343 13 1 2 
1 187 42 3 177 599 15 0 151 78 4 44 495 251 1 0 184 46 3 94 596 101 0 0 
2 159 95 76 448 244 0 0 140 129 73 323 356 3 0 0 179 113 249 292 190 1 0 0 
190 161 77 48 287 242 19 0 335 75 47 146 375 43 3 0 349 77 55 326 193 22 2 0 
1023 1 0 0 0 0 0 0 1024 0 0 0 0 0 0 0 1024 0 0 0 0 0 0 0 
1024 0 0 0 0 0 0 0 1024 0 0 0 0 0 0 0 1024 0 0 0 0 0 0 0 
748 76 43 40 36 75 6 0 891 128 5 0 0 0 0 0 877 110 37 0 0 0 0 0 
545 68 49 67 54 156 79 6 685 63 16 14 10 176 59 1 650 90 20 16 6 77 162 3 
860 45 33 18 27 27 10 4 879 39 30 15 18 18 19 6 856 49 30 26 13 19 21 10 
792 63 27 26 29 41 28 18 838 43 39 24 18 41 16 5 788 90 39 22 14 34 27 10 
1024 0 0 0 0 0 0 0 1024 0 0 0 0 0 0 0 1024 0 0 0 0 0 0 0 
1024 0 0 0 0 0 0 0 1024 0 0 0 0 0 0 0 993 31 0 0 0 0 0 0 
1024 0 0 0 0 0 0 0 1024 0 0 0 0 0 0 0 1024 0 0 0 0 0 0 0 
357 122 154 314 66 8 3 0 597 161 178 72 8 6 2 0 684 197 118 13 8 4 0 0 
12 88 187 182 346 199 6 4 212 107 166 285 213 37 3 1 262 144 215 291 108 0 2 2 
139 41 120 223 272 221 8 0 197 45 159 235 321 67 0 0 206 73 217 339 160 29 0 0 
132 84 241 387 145 33 1 1 334 198 258 163 62 9 0 0 454 226 221 65 56 2 0 0 
62 193 267 215 179 107 1 0 292 268 164 60 206 34 0 0 394 302 64 172 91 1 0 0 
38 356 266 134 170 58 2 0 348 254 162 51 204 5 0 0 441 287 63 179 52 2 0 0 
411 345 217 26 9 12 2 2 607 355 30 9 14 5 1 3 767 210 16 10 15 2 1 3 
3 334 570 49 68 0 0 0 3 510 412 42 57 0 0 0 30 651 267 72 4 0 0 0 
584 12 97 331 0 0 0 0 589 17 406 12 0 0 0 0 589 19 413 3 0 0 0 0 
0 0 20 1004 0 0 0 0 0 0 905 119 0 0 0 0 0 0 1024 0 0 0 0 0 
90 215 148 571 0 0 0 0 138 189 481 216 0 0 0 0 89 322 613 0 0 0 0 0 
841 183 0 0 0 0 0 0 833 191 0 0 0 0 0 0 481 543 0 0 0 0 0 0 
309 715 0 0 0 0 0 0 268 756 0 0 0 0 0 0 36 987 1 0 0 0 0 0 
4 1006 7 5 2 0 0 0 8 1012 4 0 0 0 0 0 0 961 63 0 0 0 0 0 
0 762 38 27 34 85 33 45 16 798 41 151 18 0 0 0 9 678 178 146 13 0 0 0 
0 311 34 27 23 48 150 431 46 321 30 439 183 5 0 0 17 333 44 350 277 3 0 0 
0 2 4 4 4 6 575 429 5 6 9 226 726 52 0 0 3 8 7 253 753 0 0 0 
0 0 0 0 0 0 481 543 0 0 0 0 565 459 0 0 0 0 0 136 821 67 0 0 
0 0 0 0 7 149 585 283 0 0 0 96 623 305 0 0 0 0 12 417 545 50 0 0 
0 0 2 48 284 410 280 0 0 4 90 491 439 0 0 0 0 6 278 671 69 0 0 0 
0 9 35 167 592 162 59 0 9 26 278 484 227 0 0 0 16 35 478 484 11 0 0 0 
0 0 2 23 976 23 0 0 0 1 11 149 861 2 0 0 0 4 54 952 14 0 0 0 
3 9 8 9 929 65 1 0 11 9 8 9 970 17 0 0 17 7 7 954 39 0 0 0 
13 29 5 14 806 154 3 0 45 3 10 6 944 16 0 0 45 9 9 933 28 0 0 0 
20 44 15 8 594 331 12 0 67 9 9 9 901 29 0 0 70 11 7 870 59 7 0 0 
2 97 8 9 387 516 5 0 101 5 7 7 882 22 0 0 103 7 8 790 114 2 0 0 
10 120 5 6 266 614 3 0 129 6 8 4 849 28 0 0 131 8 5 758 122 0 0 0 
19 141 4 7 143 690 20 0 152 14 5 10 814 29 0 0 159 9 8 651 189 8 0 0 
23 165 8 10 90 709 19 0 184 12 8 4 780 36 0 0 189 10 7 524 287 7 0 0 
20 202 6 9 46 721 20 0 201 26 6 6 757 24 4 0 215 15 8 502 270 14 0 0 
501 137 24 16 58 275 13 0 605 51 21 26 308 10 3 0 637 26 21 159 174 7 0 0 
1024 0 0 0 0 0 0 0 1024 0 0 0 0 0 0 0 1020 4 0 0 0 0 0 0 
1024 0 0 0 0 0 0 0 1024 0 0 0 0 0 0 0 1018 6 0 0 0 0 0 0 
750 80 41 37 47 66 3 0 907 114 3 0 0 0 0 0 872 123 29 0 0 0 0 0 
744 70 47 62 69 29 3 0 903 89 20 4 6 1 1 0 867 119 26 6 4 1 1 0 
1024 0 0 0 0 0 0 0 1024 0 0 0 0 0 0 0 1020 4 0 0 0 0 0 0 
1024 0 0 0 0 0 0 0 1024 0 0 0 0 0 0 0 1022 2 0 0 0 0 0 0 
1024 0 0 0 0 0 0 0 1024 0 0 0 0 0 0 0 1024 0 0 0 0 0 0 0 
1024 0 0 0 0 0 0 0 1024 0 0 0 0 0 0 0 1024 0 0 0 0 0 0 0 
1024 0 0 0 0 0 0 0 1024 0 0 0 0 0 0 0 1024 0 0 0 0 0 0 0 
497 218 59 29 28 184 9 0 660 119 23 2 180 37 3 0 686 93 23 107 102 12 1 0 
188 340 100 38 125 205 27 1 428 192 43 15 308 37 1 0 452 173 42 245 99 13 0 0 
246 314 60 51 136 196 21 0 399 205 33 65 280 42 0 0 404 203 50 273 76 18 0 0 
211 323 67 137 156 113 11 6 420 278 37 32 217 36 1 3 555 159 35 195 72 6 2 0 
217 329 127 115 155 59 18 4 515 223 48 16 181 39 2 0 601 181 10 167 49 16 0 0 
267 297 131 119 153 57 0 0 476 150 169 23 176 30 0 0 520 230 61 162 51 0 0 0 
605 265 12 10 99 30 3 0 830 46 11 8 106 23 0 0 838 43 10 100 28 5 0 0 
467 320 109 21 72 35 0 0 547 296 61 21 77 22 0 0 617 246 52 71 35 3 0 0 
381 268 181 194 0 0 0 0 459 256 306 3 0 0 0 0 543 219 262 0 0 0 0 0 
140 115 175 594 0 0 0 0 208 59 732 25 0 0 0 0 219 80 725 0 0 0 0 0 
785 180 42 17 0 0 0 0 796 174 54 0 0 0 0 0 508 478 38 0 0 0 0 0 
470 554 0 0 0 0 0 0 289 735 0 0 0 0 0 0 12 1012 0 0 0 0 0 0 
175 849 0 0 0 0 0 0 171 853 0 0 0 0 0 0 16 1006 2 0 0 0 0 0 
16 1008 0 0 0 0 0 0 9 1015 0 0 0 0 0 0 0 989 35 0 0 0 0 0 
1 1023 0 0 0 0 0 0 0 1024 0 0 0 0 0 0 0 913 111 0 0 0 0 0 
1 1023 0 0 0 0 0 0 1 1023 0 0 0 0 0 0 0 917 107 0 0 0 0 0 
8 777 29 19 16 16 21 138 171 688 33 123 9 0 0 0 31 811 32 122 28 0 0 0 
14 255 28 23 21 98 431 154 154 186 53 144 487 0 0 0 50 281 38 510 145 0 0 0 
70 57 35 66 170 478 148 0 129 38 80 404 373 0 0 0 139 44 150 683 8 0 0 0 
606 152 61 118 87 0 0 0 750 74 102 74 24 0 0 0 769 78 94 83 0 0 0 0 
5 38 45 79 857 0 0 0 32 36 57 282 617 0 0 0 39 48 84 853 0 0 0 0 
0 0 0 0 1014 10 0 0 0 0 0 25 999 0 0 0 0 0 0 1024 0 0 0 0 
0 0 0 0 927 97 0 0 0 0 0 4 1020 0 0 0 0 0 0 1023 1 0 0 0 
0 0 0 0 727 297 0 0 0 0 0 2 1022 0 0 0 0 0 0 1023 1 0 0 0 
0 0 0 0 489 535 0 0 0 0 0 0 1024 0 0 0 0 0 0 1012 12 0 0 0 
0 0 0 0 238 786 0 0 0 0 0 0 1024 0 0 0 0 0 0 996 28 0 0 0 
0 0 0 0 194 830 0 0 0 0 0 0 1024 0 0 0 0 0 0 972 52 0 0 0 
0 0 0 0 120 904 0 0 0 0 0 0 1024 0 0 0 0 0 0 910 114 0 0 0 
0 0 0 0 35 989 0 0 0 0 0 0 1024 0 0 0 0 0 0 726 298 0 0 0 
0 0 0 0 60 964 0 0 0 0 0 0 1024 0 0 0 0 0 0 689 335 0 0 0 
528 74 21 23 76 302 0 0 598 18 23 32 353 0 0 0 607 21 29 214 153 0 0 0 
1024 0 0 0 0 0 0 0 1024 0 0 0 0 0 0 0 1024 0 0 0 0 0 0 0 
1024 0 0 0 0 0 0 0 1024 0 0 0 0 0 0 0 1020 4 0 0 0 0 0 0 
761 73 43 46 45 56 0 0 904 118 2 0 0 0 0 0 889 122 13 0 0 0 0 0 
755 84 47 35 53 50 0 0 923 99 2 0 0 0 0 0 892 124 8 0 0 0 0 0 
827 52 27 49 69 0 0 0 885 86 53 0 0 0 0 0 889 135 0 0 0 0 0 0 
531 41 29 107 316 0 0 0 568 155 301 0 0 0 0 0 581 420 23 0 0 0 0 0 
805 39 12 43 125 0 0 0 844 19 161 0 0 0 0 0 841 155 28 0 0 0 0 0 
1024 0 0 0 0 0 0 0 1024 0 0 0 0 0 0 0 1024 0 0 0 0 0 0 0 
1024 0 0 0 0 0 0 0 1024 0 0 0 0 0 0 0 1024 0 0 0 0 0 0 0 
355 9 5 8 293 354 0 0 355 10 4 8 626 21 0 0 358 9 5 477 169 6 0 0 
0 0 0 0 466 558 0 0 0 0 0 0 1024 0 0 0 0 0 0 881 143 0 0 0 
0 0 0 0 550 474 0 0 0 0 0 0 1024 0 0 0 0 0 0 851 173 0 0 0 
0 0 0 0 814 210 0 0 0 0 0 0 1024 0 0 0 0 0 0 988 36 0 0 0 
0 0 0 0 994 30 0 0 0 0 0 0 1024 0 0 0 0 0 0 1004 20 0 0 0 
0 0 0 0 1021 3 0 0 0 0 0 1 1023 0 0 0 0 0 0 1018 6 0 0 0 
0 0 0 0 1024 0 0 0 0 0 0 0 1024 0 0 0 0 0 0 1023 1 0 0 0 
0 0 0 1 1023 0 0 0 0 0 0 46 978 0 0 0 0 0 0 1024 0 0 0 0 
181 330 421 92 0 0 0 0 304 329 388 3 0 0 0 0 420 420 183 1 0 0 0 0 
861 95 57 11 0 0 0 0 906 64 52 2 0 0 0 0 870 110 44 0 0 0 0 0 
769 255 0 0 0 0 0 0 748 276 0 0 0 0 0 0 401 623 0 0 0 0 0 0 
436 588 0 0 0 0 0 0 393 631 0 0 0 0 0 0 23 1001 0 0 0 0 0 0 
1 1023 0 0 0 0 0 0 2 1022 0 0 0 0 0 0 0 1010 14 0 0 0 0 0 
8 1016 0 0 0 0 0 0 0 1024 0 0 0 0 0 0 0 980 44 0 0 0 0 0 
1 1023 0 0 0 0 0 0 0 1024 0 0 0 0 0 0 0 952 72 0 0 0 0 0 
5 1019 0 0 0 0 0 0 3 1020 1 0 0 0 0 0 0 867 157 0 0 0 0 0 
2 1022 0 0 0 0 0 0 6 1018 0 0 0 0 0 0 0 982 42 0 0 0 0 0 
36 988 0 0 0 0 0 0 94 930 0 0 0 0 0 0 11 1001 12 0 0 0 0 0 
167 643 43 49 76 27 19 0 406 529 48 41 0 0 0 0 133 788 72 31 0 0 0 0 
287 313 76 56 228 32 32 0 655 130 47 154 38 0 0 0 533 235 64 192 0 0 0 0 
0 0 8 82 926 7 1 0 0 0 37 552 432 3 0 0 0 7 38 939 37 2 1 0 
0 0 0 44 892 88 0 0 0 0 6 109 909 0 0 0 0 0 19 972 33 0 0 0 
0 0 0 0 769 255 0 0 0 0 0 0 1024 0 0 0 0 0 0 1024 0 0 0 0 
0 0 0 0 642 382 0 0 0 0 0 1 1023 0 0 0 0 0 0 1022 2 0 0 0 
0 0 0 0 452 572 0 0 0 0 0 1 1023 0 0 0 0 0 0 1021 3 0 0 0 
0 0 0 0 354 670 0 0 0 0 0 0 1024 0 0 0 0 0 0 1011 13 0 0 0 
0 0 0 0 241 783 0 0 0 0 0 0 1024 0 0 0 0 0 0 998 26 0 0 0 
0 3 71 190 233 527 0 0 33 128 189 22 650 2 0 0 238 108 18 574 86 0 0 0 
0 1 75 270 219 386 73 0 7 244 287 105 366 15 0 0 219 290 72 338 105 0 0 0 
0 0 6 104 228 638 48 0 1 82 157 91 689 4 0 0 26 177 88 543 190 0 0 0 
378 80 36 96 321 112 1 0 470 75 308 27 144 0 0 0 486 188 192 114 44 0 0 0 
472 49 14 31 210 248 0 0 526 35 279 184 0 0 0 0 534 105 385 0 0 0 0 0 
422 50 19 48 281 204 0 0 479 58 319 168 0 0 0 0 493 169 362 0 0 0 0 0 
217 62 40 59 470 176 0 0 314 108 467 135 0 0 0 0 325 230 469 0 0 0 0 0 
45 41 31 68 729 108 2 0 108 147 693 76 0 0 0 0 123 353 548 0 0 0 0 0 
0 0 0 17 997 10 0 0 0 28 988 8 0 0 0 0 1 416 607 0 0 0 0 0 
0 0 0 64 960 0 0 0 0 0 1023 1 0 0 0 0 0 802 222 0 0 0 0 0 
40 23 22 666 273 0 0 0 64 310 650 0 0 0 0 0 65 897 62 0 0 0 0 0 
917 42 40 19 1 1 4 0 954 57 4 3 2 0 4 0 958 54 3 3 2 0 4 0 
1024 0 0 0 0 0 0 0 1024 0 0 0 0 0 0 0 1024 0 0 0 0 0 0 0 
417 11 14 7 337 238 0 0 419 15 10 9 547 24 0 0 422 13 10 461 116 2 0 0 
0 10 218 15 307 474 0 0 0 195 46 8 763 12 0 0 6 223 14 680 100 1 0 0 
0 19 236 6 362 401 0 0 4 234 20 14 736 16 0 0 20 235 12 609 148 0 0 0 
0 90 95 10 662 166 1 0 16 166 10 9 811 12 0 0 33 151 10 770 59 1 0 0 
0 19 21 6 928 50 0 0 7 33 4 7 966 7 0 0 15 26 5 947 31 0 0 0 
0 204 114 88 578 40 0 0 130 185 76 33 597 3 0 0 205 176 31 585 27 0 0 0 
4 71 259 61 586 29 7 7 15 282 70 88 549 9 4 7 71 276 70 559 36 5 7 0 
33 94 62 50 780 5 0 0 63 110 31 173 647 0 0 0 94 95 45 776 14 0 0 0 
224 371 427 2 0 0 0 0 322 491 211 0 0 0 0 0 459 527 38 0 0 0 0 0 
991 33 0 0 0 0 0 0 963 61 0 0 0 0 0 0 703 321 0 0 0 0 0 0 
744 280 0 0 0 0 0 0 747 277 0 0 0 0 0 0 133 891 0 0 0 0 0 0 
103 921 0 0 0 0 0 0 44 980 0 0 0 0 0 0 3 1019 2 0 0 0 0 0 
0 1024 0 0 0 0 0 0 0 1024 0 0 0 0 0 0 0 1002 22 0 0 0 0 0 
0 1024 0 0 0 0 0 0 0 1023 1 0 0 0 0 0 0 734 290 0 0 0 0 0 
0 1021 3 0 0 0 0 0 0 1021 3 0 0 0 0 0 0 650 374 0 0 0 0 0 
0 1020 4 0 0 0 0 0 2 1018 4 0 0 0 0 0 0 613 411 0 0 0 0 0 
10 1010 4 0 0 0 0 0 20 1003 1 0 0 0 0 0 0 837 187 0 0 0 0 0 
75 949 0 0 0 0 0 0 153 871 0 0 0 0 0 0 9 1010 5 0 0 0 0 0 
163 861 0 0 0 0 0 0 263 761 0 0 0 0 0 0 8 1016 0 0 0 0 0 0 
173 826 8 9 8 0 0 0 304 701 6 13 0 0 0 0 34 968 11 11 0 0 0 0 
63 321 51 361 202 25 1 0 123 283 80 438 93 7 0 0 11 390 171 373 71 8 0 0 
0 0 1 390 460 120 53 0 0 0 16 568 354 86 0 0 0 0 117 542 281 84 0 0 
0 0 0 138 705 119 62 0 0 0 26 404 530 57 7 0 0 0 133 752 75 63 1 0 
0 6 33 63 570 299 53 0 29 14 34 69 791 87 0 0 34 31 33 774 84 68 0 0 
0 3 46 203 333 308 129 2 9 45 123 287 403 144 13 0 24 57 158 472 197 107 9 0 
0 7 31 53 341 454 117 21 18 21 67 130 740 11 35 2 27 48 68 732 107 9 32 1 
44 34 31 31 279 437 151 17 84 25 101 164 591 59 0 0 98 41 150 573 142 20 0 0 
19 13 29 48 213 534 162 6 33 26 224 418 268 50 5 0 38 117 335 364 149 17 4 0 
0 0 0 4 57 431 532 0 0 2 52 237 731 2 0 0 0 25 86 477 436 0 0 0 
0 0 0 7 137 482 398 0 0 0 141 288 595 0 0 0 0 78 128 667 151 0 0 0 
0 0 0 304 549 170 1 0 0 83 636 286 19 0 0 0 0 472 442 110 0 0 0 0 
0 0 0 0 10 1014 0 0 0 0 6 1018 0 0 0 0 0 0 587 437 0 0 0 0 
0 0 0 0 32 992 0 0 0 0 0 1024 0 0 0 0 0 0 591 433 0 0 0 0 
0 0 0 0 164 860 0 0 0 0 3 1021 0 0 0 0 0 0 754 270 0 0 0 0 
0 0 0 0 775 249 0 0 0 0 184 840 0 0 0 0 0 0 1010 14 0 0 0 0 
0 0 0 37 979 8 0 0 0 0 803 221 0 0 0 0 0 20 1004 0 0 0 0 0 
0 0 0 370 654 0 0 0 0 1 1023 0 0 0 0 0 0 342 682 0 0 0 0 0 
256 52 105 582 29 0 0 0 295 305 424 0 0 0 0 0 300 560 164 0 0 0 0 0 
988 11 2 4 3 5 5 6 994 6 2 5 2 3 6 6 991 7 3 3 4 2 6 8 
1024 0 0 0 0 0 0 0 1024 0 0 0 0 0 0 0 1024 0 0 0 0 0 0 0 
427 70 23 19 370 115 0 0 482 29 20 15 456 22 0 0 492 25 18 395 94 0 0 0 
0 183 513 327 1 0 0 0 248 617 159 0 0 0 0 0 630 390 4 0 0 0 0 0 
0 3 272 354 391 4 0 0 0 193 504 323 4 0 0 0 16 489 501 18 0 0 0 0 
0 7 344 607 66 0 0 0 0 414 545 65 0 0 0 0 53 774 197 0 0 0 0 0 
4 82 541 53 339 5 0 0 137 519 14 23 331 0 0 0 446 220 11 331 16 0 0 0 
0 10 118 470 404 22 0 0 3 63 218 600 140 0 0 0 14 127 666 206 11 0 0 0 
0 1 7 253 758 4 1 0 2 5 20 988 5 3 1 0 6 9 655 349 4 1 0 0 
24 64 125 415 396 0 0 0 27 105 372 301 219 0 0 0 40 213 346 425 0 0 0 0 
855 168 1 0 0 0 0 0 930 94 0 0 0 0 0 0 748 276 0 0 0 0 0 0 
907 117 0 0 0 0 0 0 917 107 0 0 0 0 0 0 481 543 0 0 0 0 0 0 
361 663 0 0 0 0 0 0 203 821 0 0 0 0 0 0 21 1003 0 0 0 0 0 0 
79 945 0 0 0 0 0 0 31 993 0 0 0 0 0 0 3 1021 0 0 0 0 0 0 
2 1018 4 0 0 0 0 0 0 1020 4 0 0 0 0 0 0 725 299 0 0 0 0 0 
0 1010 14 0 0 0 0 0 0 999 25 0 0 0 0 0 0 269 755 0 0 0 0 0 
0 944 80 0 0 0 0 0 0 917 107 0 0 0 0 0 0 103 921 0 0 0 0 0 
0 941 83 0 0 0 0 0 0 949 75 0 0 0 0 0 0 109 915 0 0 0 0 0 
0 958 66 0 0 0 0 0 0 968 56 0 0 0 0 0 0 86 938 0 0 0 0 0 
1 993 30 0 0 0 0 0 2 999 23 0 0 0 0 0 0 579 445 0 0 0 0 0 
48 976 0 0 0 0 0 0 66 958 0 0 0 0 0 0 2 973 49 0 0 0 0 0 
426 598 0 0 0 0 0 0 533 491 0 0 0 0 0 0 68 954 2 0 0 0 0 0 
222 777 8 5 6 6 0 0 303 703 6 6 4 2 0 0 87 906 19 6 2 4 0 0 
19 109 39 38 46 429 344 0 39 178 74 27 165 540 1 0 13 171 86 38 144 562 10 0 
0 0 0 0 45 664 315 0 0 0 15 97 247 665 0 0 0 0 74 41 249 660 0 0 
0 0 0 1 90 818 115 0 0 0 13 394 423 194 0 0 0 0 192 314 325 193 0 0 
0 0 0 1 28 211 494 290 0 0 15 208 567 234 0 0 0 1 75 320 467 161 0 0 
0 0 0 0 6 218 589 211 0 0 9 259 505 251 0 0 0 1 50 351 414 208 0 0 
0 0 0 0 42 272 625 85 0 0 28 255 533 208 0 0 0 0 110 328 466 120 0 0 
0 0 0 6 288 359 339 32 0 3 129 364 269 196 62 1 0 34 272 312 219 125 62 0 
0 0 0 1 153 647 208 15 0 0 75 390 515 21 23 0 0 26 144 498 316 12 28 0 
0 0 0 0 51 640 333 0 0 0 16 308 700 0 0 0 0 3 54 467 500 0 0 0 
44 39 18 199 245 324 94 61 87 90 197 464 26 45 99 16 88 147 257 361 11 41 109 10 
298 93 21 11 382 148 32 39 396 17 10 511 19 6 46 19 401 18 85 437 14 6 51 12 
474 38 7 53 398 54 0 0 512 12 140 360 0 0 0 0 512 14 364 134 0 0 0 0 
402 46 44 141 367 23 1 0 456 82 310 176 0 0 0 0 445 102 469 8 0 0 0 0 
374 47 71 241 287 4 0 0 431 125 431 37 0 0 0 0 427 206 391 0 0 0 0 0 
508 30 68 367 51 0 0 0 532 133 359 0 0 0 0 0 535 365 124 0 0 0 0 0 
740 36 111 137 0 0 0 0 760 152 112 0 0 0 0 0 760 231 33 0 0 0 0 0 
983 11 25 5 0 0 0 0 989 21 14 0 0 0 0 0 988 32 4 0 0 0 0 0 
1024 0 0 0 0 0 0 0 1024 0 0 0 0 0 0 0 1024 0 0 0 0 0 0 0 
1024 0 0 0 0 0 0 0 1024 0 0 0 0 0 0 0 1024 0 0 0 0 0 0 0 
513 100 10 14 324 63 0 0 608 8 15 16 355 22 0 0 610 6 18 302 88 0 0 0 
1 297 591 135 0 0 0 0 575 447 2 0 0 0 0 0 899 125 0 0 0 0 0 0 
2 21 177 432 349 43 0 0 49 255 416 153 150 1 0 0 114 410 231 185 84 0 0 0 
0 4 235 678 101 6 0 0 47 728 158 50 41 0 0 0 383 528 30 66 17 0 0 0 
24 95 507 20 378 0 0 0 428 199 9 16 372 0 0 0 603 29 9 371 12 0 0 0 
1 24 129 336 516 18 0 0 3 93 183 657 88 0 0 0 16 120 373 509 6 0 0 0 
1 28 147 300 548 0 0 0 3 96 164 753 8 0 0 0 25 152 392 455 0 0 0 0 
257 106 198 384 79 0 0 0 297 161 339 200 27 0 0 0 322 248 343 111 0 0 0 0 
1008 16 0 0 0 0 0 0 986 38 0 0 0 0 0 0 672 352 0 0 0 0 0 0 
756 268 0 0 0 0 0 0 658 366 0 0 0 0 0 0 283 741 0 0 0 0 0 0 
248 776 0 0 0 0 0 0 137 887 0 0 0 0 0 0 7 1017 0 0 0 0 0 0 
11 1013 0 0 0 0 0 0 7 1016 1 0 0 0 0 0 0 823 201 0 0 0 0 0 
0 1020 4 0 0 0 0 0 0 1007 17 0 0 0 0 0 0 271 753 0 0 0 0 0 
0 1011 13 0 0 0 0 0 0 985 39 0 0 0 0 0 0 185 839 0 0 0 0 0 
0 885 139 0 0 0 0 0 0 862 162 0 0 0 0 0 0 127 897 0 0 0 0 0 
0 721 303 0 0 0 0 0 0 683 341 0 0 0 0 0 0 21 1003 0 0 0 0 0 
0 804 220 0 0 0 0 0 0 830 194 0 0 0 0 0 0 52 972 0 0 0 0 0 
0 905 119 0 0 0 0 0 0 932 92 0 0 0 0 0 0 136 888 0 0 0 0 0 
0 1017 7 0 0 0 0 0 0 1013 10 1 0 0 0 0 0 781 242 1 0 0 0 0 
10 1014 0 0 0 0 0 0 19 1005 0 0 0 0 0 0 0 873 151 0 0 0 0 0 
1 1022 1 0 0 0 0 0 1 1022 1 0 0 0 0 0 0 921 103 0 0 0 0 0 
2 809 29 15 28 108 33 0 37 866 59 30 13 19 0 0 6 852 99 35 6 26 0 0 
0 66 22 14 50 522 328 22 7 108 24 367 372 146 0 0 0 104 155 419 288 58 0 0 
0 0 0 0 5 185 710 124 0 0 0 52 539 376 52 5 0 0 21 156 545 238 57 7 
0 0 0 29 118 195 512 170 0 14 82 172 571 185 0 0 0 57 90 287 446 143 1 0 
0 0 0 131 148 199 346 200 0 27 190 177 372 258 0 0 0 116 162 213 348 185 0 0 
0 0 0 78 337 224 285 100 0 0 286 287 217 105 127 2 0 57 346 259 149 82 130 1 
0 0 0 0 40 71 595 318 0 0 15 56 36 200 717 0 0 0 30 52 27 166 748 1 
0 0 0 0 91 17 537 379 0 0 49 51 12 181 731 0 0 23 60 25 9 122 780 5 
0 0 0 0 109 184 359 372 0 0 29 178 86 111 616 4 0 7 72 169 49 96 626 5 
0 0 0 0 0 30 534 460 0 0 0 0 2 160 860 2 0 0 0 0 3 119 902 0 
0 1 1 1 1 86 673 261 1 1 1 1 12 229 769 10 2 1 0 1 12 169 829 10 
347 109 30 16 34 94 327 67 467 19 12 20 37 164 286 19 459 24 16 10 40 80 377 18 
890 53 22 18 23 10 3 5 937 44 14 12 6 3 3 5 926 57 13 10 7 3 3 5 
975 22 7 9 5 3 0 3 1004 9 3 1 1 3 0 3 990 22 4 1 1 2 1 3 
1024 0 0 0 0 0 0 0 1024 0 0 0 0 0 0 0 1023 1 0 0 0 0 0 0 
1024 0 0 0 0 0 0 0 1024 0 0 0 0 0 0 0 1021 3 0 0 0 0 0 0 
1024 0 0 0 0 0 0 0 1024 0 0 0 0 0 0 0 1022 2 0 0 0 0 0 0 
1024 0 0 0 0 0 0 0 1024 0 0 0 0 0 0 0 1024 0 0 0 0 0 0 0 
1024 0 0 0 0 0 0 0 1024 0 0 0 0 0 0 0 1024 0 0 0 0 0 0 0 
774 128 16 18 42 46 0 0 881 28 16 12 64 23 0 0 883 27 22 40 47 5 0 0 
4 128 677 215 0 0 0 0 280 734 10 0 0 0 0 0 880 144 0 0 0 0 0 0 
15 61 116 491 312 29 0 0 13 117 164 490 230 10 0 0 21 132 178 531 161 1 0 0 
2 6 309 622 82 3 0 0 9 514 289 157 55 0 0 0 318 442 57 188 19 0 0 0 
14 67 500 15 421 7 0 0 157 414 16 51 386 0 0 0 547 31 15 419 12 0 0 0 
44 192 156 341 282 9 0 0 6 232 233 495 58 0 0 0 25 273 320 405 1 0 0 0 
36 343 155 152 338 0 0 0 12 235 282 455 40 0 0 0 17 284 347 376 0 0 0 0 
442 181 139 262 0 0 0 0 433 240 224 126 1 0 0 0 477 263 272 12 0 0 0 0 
933 91 0 0 0 0 0 0 887 137 0 0 0 0 0 0 618 406 0 0 0 0 0 0 
693 331 0 0 0 0 0 0 542 482 0 0 0 0 0 0 143 881 0 0 0 0 0 0 
168 856 0 0 0 0 0 0 133 891 0 0 0 0 0 0 6 809 209 0 0 0 0 0 
15 1007 2 0 0 0 0 0 6 1014 4 0 0 0 0 0 0 733 291 0 0 0 0 0 
0 1021 3 0 0 0 0 0 0 1016 8 0 0 0 0 0 0 302 722 0 0 0 0 0 
0 996 28 0 0 0 0 0 0 969 55 0 0 0 0 0 0 143 881 0 0 0 0 0 
0 856 168 0 0 0 0 0 0 824 200 0 0 0 0 0 0 98 926 0 0 0 0 0 
0 691 333 0 0 0 0 0 0 560 464 0 0 0 0 0 0 12 1012 0 0 0 0 0 
0 596 428 0 0 0 0 0 0 587 437 0 0 0 0 0 0 6 1018 0 0 0 0 0 
0 900 124 0 0 0 0 0 0 890 134 0 0 0 0 0 0 74 950 0 0 0 0 0 
0 992 32 0 0 0 0 0 0 996 28 0 0 0 0 0 0 397 627 0 0 0 0 0 
0 1022 2 0 0 0 0 0 0 1024 0 0 0 0 0 0 0 580 444 0 0 0 0 0 
0 1021 3 0 0 0 0 0 0 1019 5 0 0 0 0 0 0 620 404 0 0 0 0 0 
0 1022 2 0 0 0 0 0 0 1022 2 0 0 0 0 0 0 881 143 0 0 0 0 0 
0 714 37 20 19 37 155 42 9 745 26 24 61 159 0 0 1 726 47 24 74 152 0 0 
0 3 8 29 149 264 409 162 0 8 59 138 298 343 83 95 1 21 80 139 302 265 101 115 
0 0 0 5 84 64 338 533 0 0 44 38 36 120 692 94 0 30 44 23 25 102 659 141 
0 0 0 0 42 7 259 716 0 0 15 29 5 35 930 10 0 16 28 4 8 30 896 42 
0 0 0 0 0 4 466 554 0 0 0 0 0 69 946 9 0 0 0 0 0 47 965 12 
0 0 0 0 0 3 510 511 0 0 0 0 0 55 968 1 0 0 0 0 0 26 965 33 
0 0 0 0 0 53 742 229 0 0 0 0 0 135 888 1 0 0 0 0 0 36 941 47 
0 0 0 0 2 89 896 37 0 0 0 0 3 163 858 0 0 0 0 0 1 74 914 35 
0 0 0 0 0 58 966 0 0 0 0 0 0 128 896 0 0 0 0 0 0 41 965 18 
0 0 4 4 29 83 782 122 2 4 3 6 36 132 824 17 1 3 5 3 32 69 871 40 
729 96 33 9 9 13 125 10 797 57 13 5 8 13 127 4 775 77 11 7 8 7 121 18 
688 98 147 37 9 5 7 33 734 101 134 12 7 4 7 25 729 161 84 6 6 5 7 26 
988 13 18 3 2 0 0 0 994 14 13 2 1 0 0 0 997 16 9 1 1 0 0 0 
1024 0 0 0 0 0 0 0 1024 0 0 0 0 0 0 0 1019 5 0 0 0 0 0 0 
1024 0 0 0 0 0 0 0 1024 0 0 0 0 0 0 0 1023 1 0 0 0 0 0 0 
1024 0 0 0 0 0 0 0 1024 0 0 0 0 0 0 0 1022 2 0 0 0 0 0 0 
1024 0 0 0 0 0 0 0 1024 0 0 0 0 0 0 0 1024 0 0 0 0 0 0 0 
1024 0 0 0 0 0 0 0 1024 0 0 0 0 0 0 0 1024 0 0 0 0 0 0 0 
859 165 0 0 0 0 0 0 879 145 0 0 0 0 0 0 924 100 0 0 0 0 0 0 
26 899 64 35 0 0 0 0 334 686 4 0 0 0 0 0 542 482 0 0 0 0 0 0 
0 573 203 79 147 22 0 0 73 707 29 91 121 3 0 0 251 538 35 151 49 0 0 0 
0 628 185 174 36 1 0 0 202 664 104 42 12 0 0 0 470 484 27 40 3 0 0 0 
33 901 89 1 0 0 0 0 413 607 4 0 0 0 0 0 761 258 5 0 0 0 0 0 
26 439 61 184 314 0 0 0 110 366 96 383 69 0 0 0 247 250 130 391 6 0 0 0 
4 237 32 196 540 7 4 4 30 224 41 566 148 8 4 3 100 163 130 611 12 4 4 0 
423 266 121 207 7 0 0 0 529 203 176 115 1 0 0 0 574 187 236 27 0 0 0 0 
887 137 0 0 0 0 0 0 744 280 0 0 0 0 0 0 317 707 0 0 0 0 0 0 
464 560 0 0 0 0 0 0 428 596 0 0 0 0 0 0 138 816 70 0 0 0 0 0 
97 927 0 0 0 0 0 0 40 984 0 0 0 0 0 0 0 911 113 0 0 0 0 0 
18 1006 0 0 0 0 0 0 4 1020 0 0 0 0 0 0 1 547 476 0 0 0 0 0 
0 1013 11 0 0 0 0 0 0 1015 9 0 0 0 0 0 0 349 675 0 0 0 0 0 
0 930 94 0 0 0 0 0 0 896 128 0 0 0 0 0 0 64 960 0 0 0 0 0 
0 849 175 0 0 0 0 0 0 697 327 0 0 0 0 0 0 88 936 0 0 0 0 0 
0 621 403 0 0 0 0 0 0 480 544 0 0 0 0 0 0 19 1005 0 0 0 0 0 
0 333 691 0 0 0 0 0 0 269 755 0 0 0 0 0 0 1 1023 0 0 0 0 0 
0 714 310 0 0 0 0 0 0 587 437 0 0 0 0 0 0 37 987 0 0 0 0 0 
0 950 74 0 0 0 0 0 0 919 105 0 0 0 0 0 0 79 945 0 0 0 0 0 
0 996 28 0 0 0 0 0 0 1009 15 0 0 0 0 0 0 334 690 0 0 0 0 0 
0 1021 3 0 0 0 0 0 0 1022 2 0 0 0 0 0 0 428 596 0 0 0 0 0 
0 1018 6 0 0 0 0 0 0 1021 3 0 0 0 0 0 0 689 335 0 0 0 0 0 
0 1023 1 0 0 0 0 0 2 1022 0 0 0 0 0 0 0 854 170 0 0 0 0 0 
96 719 49 16 15 11 84 34 156 706 18 11 6 11 55 61 120 714 43 6 13 10 8 110 
412 305 53 11 10 10 96 127 525 249 7 8 10 6 93 126 441 324 14 5 8 9 26 197 
409 293 10 7 9 6 49 241 601 113 8 7 5 28 126 136 564 145 9 9 5 19 120 153 
385 221 18 5 6 10 138 241 467 145 19 6 5 41 260 81 431 101 96 6 5 35 232 118 
299 152 35 18 7 48 366 99 348 89 65 5 9 56 390 62 312 81 99 13 4 45 331 139 
135 36 31 39 9 69 522 183 180 51 13 7 9 84 523 157 158 41 38 10 6 57 442 272 
2 8 18 16 6 48 738 188 12 24 9 4 9 59 757 150 6 17 19 5 5 43 478 451 
0 0 0 0 0 27 798 199 0 0 0 0 2 54 905 63 0 0 0 0 0 26 594 404 
199 56 53 27 15 47 259 368 293 32 16 9 31 44 521 78 287 32 17 10 29 45 409 195 
1016 8 0 0 0 0 0 0 1020 4 0 0 0 0 0 0 1020 4 0 0 0 0 0 0 
888 95 14 11 10 2 3 1 905 80 13 13 7 2 3 1 908 77 13 14 7 1 3 1 
955 49 19 1 0 0 0 0 943 45 28 8 0 0 0 0 934 51 31 8 0 0 0 0 
970 38 16 0 0 0 0 0 936 48 37 3 0 0 0 0 910 74 35 5 0 0 0 0 
967 27 29 1 0 0 0 0 933 49 30 11 1 0 0 0 909 69 30 16 0 0 0 0 
961 32 23 7 1 0 0 0 915 66 23 17 3 0 0 0 882 99 19 20 4 0 0 0 
954 28 17 24 1 0 0 0 866 101 17 22 17 1 0 0 837 127 19 25 15 1 0 0 
940 38 14 15 14 3 0 0 785 184 11 14 15 15 0 0 781 185 13 12 17 16 0 0 
682 242 46 15 11 12 13 3 645 268 51 16 7 14 10 13 677 221 67 14 6 13 14 12 
66 559 281 81 32 5 0 0 335 407 200 43 32 7 0 0 439 367 154 32 30 2 0 0 
132 656 158 61 17 0 0 0 417 396 138 49 23 1 0 0 547 309 107 46 15 0 0 0 
83 777 129 28 7 0 0 0 392 509 83 32 8 0 0 0 552 360 76 28 8 0 0 0 
136 674 162 44 8 0 0 0 382 470 124 43 5 0 0 0 574 312 111 24 3 0 0 0 
157 695 153 19 0 0 0 0 387 514 117 6 0 0 0 0 621 327 75 1 0 0 0 0 
153 778 84 9 0 0 0 0 500 441 82 1 0 0 0 0 653 319 52 0 0 0 0 0 
550 428 46 0 0 0 0 0 809 178 37 0 0 0 0 0 880 138 6 0 0 0 0 0 
844 180 0 0 0 0 0 0 766 258 0 0 0 0 0 0 309 715 0 0 0 0 0 0 
262 762 0 0 0 0 0 0 170 854 0 0 0 0 0 0 50 947 27 0 0 0 0 0 
72 952 0 0 0 0 0 0 27 997 0 0 0 0 0 0 0 944 80 0 0 0 0 0 
2 1022 0 0 0 0 0 0 0 1024 0 0 0 0 0 0 0 756 268 0 0 0 0 0 
0 1017 7 0 0 0 0 0 0 1008 16 0 0 0 0 0 0 272 752 0 0 0 0 0 
0 956 68 0 0 0 0 0 0 861 163 0 0 0 0 0 0 51 973 0 0 0 0 0 
0 848 176 0 0 0 0 0 0 683 341 0 0 0 0 0 0 98 926 0 0 0 0 0 
0 722 302 0 0 0 0 0 0 605 419 0 0 0 0 0 0 20 1004 0 0 0 0 0 
0 455 569 0 0 0 0 0 0 398 626 0 0 0 0 0 0 3 1021 0 0 0 0 0 
0 291 733 0 0 0 0 0 0 228 796 0 0 0 0 0 0 13 1010 1 0 0 0 0 
0 964 60 0 0 0 0 0 0 926 98 0 0 0 0 0 0 146 878 0 0 0 0 0 
0 966 58 0 0 0 0 0 0 952 72 0 0 0 0 0 0 229 795 0 0 0 0 0 
0 1013 11 0 0 0 0 0 0 1009 15 0 0 0 0 0 0 552 472 0 0 0 0 0 
0 1024 0 0 0 0 0 0 0 1024 0 0 0 0 0 0 0 901 123 0 0 0 0 0 
4 1012 8 0 0 0 0 0 2 1020 2 0 0 0 0 0 0 655 369 0 0 0 0 0 
0 1024 0 0 0 0 0 0 0 1024 0 0 0 0 0 0 0 902 122 0 0 0 0 0 
534 490 0 0 0 0 0 0 536 488 0 0 0 0 0 0 385 627 12 0 0 0 0 0 
968 56 0 0 0 0 0 0 851 173 0 0 0 0 0 0 682 342 0 0 0 0 0 0 
748 276 0 0 0 0 0 0 604 416 4 0 0 0 0 0 513 461 50 0 0 0 0 0 
565 406 51 2 0 0 0 0 543 358 116 7 0 0 0 0 485 298 220 19 2 0 0 0 
1024 0 0 0 0 0 0 0 1024 0 0 0 0 0 0 0 1024 0 0 0 0 0 0 0 
604 71 309 26 2 1 1 10 652 211 148 1 2 0 3 7 638 300 71 2 2 1 1 9 
237 247 283 43 5 6 7 196 418 296 95 6 6 7 29 167 467 276 60 10 5 5 11 190 
715 135 37 12 7 2 41 75 854 40 6 7 1 8 76 32 840 46 13 5 3 6 38 73 
1021 3 0 0 0 0 0 0 1021 3 0 0 0 0 0 0 1017 7 0 0 0 0 0 0 
883 95 46 0 0 0 0 0 1013 11 0 0 0 0 0 0 992 32 0 0 0 0 0 0 
1014 10 0 0 0 0 0 0 1012 12 0 0 0 0 0 0 1013 11 0 0 0 0 0 0 
1009 15 0 0 0 0 0 0 1007 17 0 0 0 0 0 0 999 25 0 0 0 0 0 0 
1015 9 0 0 0 0 0 0 1008 16 0 0 0 0 0 0 1000 24 0 0 0 0 0 0 
1024 0 0 0 0 0 0 0 1024 0 0 0 0 0 0 0 1024 0 0 0 0 0 0 0 
1024 0 0 0 0 0 0 0 1024 0 0 0 0 0 0 0 1024 0 0 0 0 0 0 0 
1019 5 0 0 0 0 0 0 1008 16 0 0 0 0 0 0 994 30 0 0 0 0 0 0 
545 247 191 41 0 0 0 0 669 152 187 16 0 0 0 0 725 165 133 1 0 0 0 0 
63 83 317 409 152 0 0 0 99 59 572 294 0 0 0 0 122 151 744 7 0 0 0 0 
14 123 439 370 76 2 0 0 47 346 363 262 6 0 0 0 222 347 416 37 2 0 0 0 
304 472 153 84 11 0 0 0 432 386 171 35 0 0 0 0 572 365 87 0 0 0 0 0 
79 178 767 0 0 0 0 0 161 111 752 0 0 0 0 0 205 685 134 0 0 0 0 0 
301 328 395 0 0 0 0 0 526 139 359 0 0 0 0 0 568 416 40 0 0 0 0 0 
331 599 94 0 0 0 0 0 414 538 72 0 0 0 0 0 605 418 1 0 0 0 0 0 
283 684 57 0 0 0 0 0 318 702 4 0 0 0 0 0 501 518 5 0 0 0 0 0 
748 276 0 0 0 0 0 0 687 337 0 0 0 0 0 0 406 616 2 0 0 0 0 0 
472 552 0 0 0 0 0 0 265 759 0 0 0 0 0 0 43 979 2 0 0 0 0 0 
155 869 0 0 0 0 0 0 28 996 0 0 0 0 0 0 0 1007 17 0 0 0 0 0 
1 1023 0 0 0 0 0 0 0 1024 0 0 0 0 0 0 0 734 290 0 0 0 0 0 
0 1022 2 0 0 0 0 0 0 1004 20 0 0 0 0 0 0 248 776 0 0 0 0 0 
0 883 141 0 0 0 0 0 0 768 256 0 0 0 0 0 0 35 989 0 0 0 0 0 
0 865 159 0 0 0 0 0 0 738 286 0 0 0 0 0 0 110 914 0 0 0 0 0 
0 801 223 0 0 0 0 0 0 636 388 0 0 0 0 0 0 24 1000 0 0 0 0 0 
0 596 428 0 0 0 0 0 0 405 619 0 0 0 0 0 0 5 1019 0 0 0 0 0 
0 457 567 0 0 0 0 0 0 329 695 0 0 0 0 0 0 0 1024 0 0 0 0 0 
0 776 248 0 0 0 0 0 0 732 292 0 0 0 0 0 0 138 886 0 0 0 0 0 
0 1008 16 0 0 0 0 0 0 1010 14 0 0 0 0 0 0 121 903 0 0 0 0 0 
0 1011 13 0 0 0 0 0 0 1012 12 0 0 0 0 0 0 640 384 0 0 0 0 0 
25 999 0 0 0 0 0 0 11 1013 0 0 0 0 0 0 0 1019 5 0 0 0 0 0 
15 999 10 0 0 0 0 0 11 1005 8 0 0 0 0 0 0 481 543 0 0 0 0 0 
0 1023 1 0 0 0 0 0 0 1024 0 0 0 0 0 0 0 791 233 0 0 0 0 0 
25 999 0 0 0 0 0 0 22 1001 1 0 0 0 0 0 16 928 80 0 0 0 0 0 
603 399 12 5 4 0 1 0 493 508 13 5 4 0 1 0 389 606 19 5 4 1 0 0 
759 247 13 3 1 1 0 0 524 455 38 3 3 1 0 0 366 562 90 4 2 0 0 0 
518 403 92 3 5 1 0 2 449 460 87 21 4 1 0 2 421 464 80 50 6 1 0 2 
990 17 6 3 4 1 0 3 994 12 7 3 2 3 0 3 995 12 6 4 1 3 0 3 
710 103 180 31 0 0 0 0 748 91 185 0 0 0 0 0 779 155 90 0 0 0 0 0 
2 399 596 27 0 0 0 0 197 567 260 0 0 0 0 0 360 624 40 0 0 0 0 0 
755 269 0 0 0 0 0 0 996 28 0 0 0 0 0 0 1005 19 0 0 0 0 0 0 
1024 0 0 0 0 0 0 0 1024 0 0 0 0 0 0 0 1024 0 0 0 0 0 0 0 
890 131 3 0 0 0 0 0 1010 10 4 0 0 0 0 0 1005 16 3 0 0 0 0 0 
1024 0 0 0 0 0 0 0 1024 0 0 0 0 0 0 0 1022 2 0 0 0 0 0 0 
1024 0 0 0 0 0 0 0 1024 0 0 0 0 0 0 0 1024 0 0 0 0 0 0 0 
1016 8 0 0 0 0 0 0 1010 14 0 0 0 0 0 0 1012 12 0 0 0 0 0 0 
980 42 2 0 0 0 0 0 968 49 7 0 0 0 0 0 967 52 5 0 0 0 0 0 
983 40 1 0 0 0 0 0 970 51 3 0 0 0 0 0 964 55 5 0 0 0 0 0 
976 42 6 0 0 0 0 0 967 49 8 0 0 0 0 0 969 48 7 0 0 0 0 0 
226 31 728 39 0 0 0 0 225 31 758 10 0 0 0 0 228 439 356 1 0 0 0 0 
0 0 999 25 0 0 0 0 0 0 1023 1 0 0 0 0 0 629 395 0 0 0 0 0 
0 10 1012 2 0 0 0 0 0 17 1007 0 0 0 0 0 8 773 243 0 0 0 0 0 
0 44 978 2 0 0 0 0 14 45 965 0 0 0 0 0 30 870 124 0 0 0 0 0 
0 0 1017 7 0 0 0 0 0 24 1000 0 0 0 0 0 0 869 155 0 0 0 0 0 
0 1 990 33 0 0 0 0 0 39 985 0 0 0 0 0 0 898 126 0 0 0 0 0 
41 161 822 0 0 0 0 0 84 232 708 0 0 0 0 0 143 854 27 0 0 0 0 0 
287 437 293 7 0 0 0 0 325 558 120 5 10 6 0 0 420 561 17 9 8 9 0 0 
698 326 0 0 0 0 0 0 597 427 0 0 0 0 0 0 248 776 0 0 0 0 0 0 
836 188 0 0 0 0 0 0 656 368 0 0 0 0 0 0 147 877 0 0 0 0 0 0 
290 734 0 0 0 0 0 0 104 920 0 0 0 0 0 0 3 1017 4 0 0 0 0 0 
3 1021 0 0 0 0 0 0 0 1024 0 0 0 0 0 0 0 781 243 0 0 0 0 0 
0 1019 5 0 0 0 0 0 0 1008 16 0 0 0 0 0 0 283 741 0 0 0 0 0 
0 860 164 0 0 0 0 0 0 629 395 0 0 0 0 0 0 19 1005 0 0 0 0 0 
0 892 132 0 0 0 0 0 0 740 284 0 0 0 0 0 0 132 892 0 0 0 0 0 
0 858 166 0 0 0 0 0 0 740 284 0 0 0 0 0 0 61 963 0 0 0 0 0 
0 537 487 0 0 0 0 0 0 381 643 0 0 0 0 0 0 12 1012 0 0 0 0 0 
0 673 351 0 0 0 0 0 0 479 545 0 0 0 0 0 0 2 1022 0 0 0 0 0 
0 631 393 0 0 0 0 0 0 521 503 0 0 0 0 0 0 39 985 0 0 0 0 0 
0 1010 14 0 0 0 0 0 0 1002 22 0 0 0 0 0 0 193 831 0 0 0 0 0 
0 1022 2 0 0 0 0 0 1 1020 3 0 0 0 0 0 0 571 453 0 0 0 0 0 
82 942 0 0 0 0 0 0 51 973 0 0 0 0 0 0 0 1011 13 0 0 0 0 0 
12 1006 6 0 0 0 0 0 6 1012 6 0 0 0 0 0 0 534 490 0 0 0 0 0 
0 1024 0 0 0 0 0 0 0 1024 0 0 0 0 0 0 0 670 354 0 0 0 0 0 
0 1024 0 0 0 0 0 0 0 1024 0 0 0 0 0 0 0 945 79 0 0 0 0 0 
169 829 13 5 3 2 3 0 264 729 18 5 3 2 3 0 254 701 53 7 4 2 2 1 
362 287 58 30 278 7 0 2 432 200 90 65 234 1 2 0 412 220 131 240 17 2 1 1 
518 191 112 12 174 17 0 0 567 120 136 18 180 3 0 0 567 118 119 195 25 0 0 0 
907 50 24 14 18 3 6 2 928 36 21 16 12 4 5 2 930 33 21 16 13 5 1 5 
987 36 0 1 0 0 0 0 1021 2 0 1 0 0 0 0 1022 1 0 1 0 0 0 0 
208 646 170 0 0 0 0 0 684 340 0 0 0 0 0 0 883 141 0 0 0 0 0 0 
854 170 0 0 0 0 0 0 1000 24 0 0 0 0 0 0 1008 16 0 0 0 0 0 0 
1019 5 0 0 0 0 0 0 1019 5 0 0 0 0 0 0 1019 5 0 0 0 0 0 0 
859 153 12 0 0 0 0 0 1005 19 0 0 0 0 0 0 993 30 1 0 0 0 0 0 
989 21 4 2 2 3 1 2 1001 10 3 2 3 3 0 2 985 23 6 2 0 5 1 2 
1022 2 0 0 0 0 0 0 1022 2 0 0 0 0 0 0 1022 2 0 0 0 0 0 0 
1024 0 0 0 0 0 0 0 1024 0 0 0 0 0 0 0 1023 1 0 0 0 0 0 0 
1024 0 0 0 0 0 0 0 1024 0 0 0 0 0 0 0 1024 0 0 0 0 0 0 0 
1021 3 0 0 0 0 0 0 1018 6 0 0 0 0 0 0 1015 9 0 0 0 0 0 0 
1013 10 1 0 0 0 0 0 1004 19 1 0 0 0 0 0 1002 21 1 0 0 0 0 0 
306 113 604 1 0 0 0 0 339 118 567 0 0 0 0 0 371 636 17 0 0 0 0 0 
93 165 763 3 0 0 0 0 142 147 734 1 0 0 0 0 195 763 66 0 0 0 0 0 
0 179 838 7 0 0 0 0 1 196 827 0 0 0 0 0 41 674 309 0 0 0 0 0 
2 108 914 0 0 0 0 0 5 124 895 0 0 0 0 0 65 819 140 0 0 0 0 0 
0 40 984 0 0 0 0 0 1 55 968 0 0 0 0 0 6 850 168 0 0 0 0 0 
0 1 1023 0 0 0 0 0 0 34 990 0 0 0 0 0 0 903 121 0 0 0 0 0 
0 2 1022 0 0 0 0 0 0 100 924 0 0 0 0 0 0 1011 13 0 0 0 0 0 
211 263 503 34 12 1 0 0 251 356 356 12 23 25 1 0 288 658 14 15 10 36 3 0 
716 308 0 0 0 0 0 0 563 461 0 0 0 0 0 0 317 707 0 0 0 0 0 0 
803 221 0 0 0 0 0 0 714 310 0 0 0 0 0 0 298 726 0 0 0 0 0 0 
564 460 0 0 0 0 0 0 264 760 0 0 0 0 0 0 14 1010 0 0 0 0 0 0 
30 994 0 0 0 0 0 0 5 1019 0 0 0 0 0 0 0 928 96 0 0 0 0 0 
1 1020 3 0 0 0 0 0 0 1018 6 0 0 0 0 0 0 417 607 0 0 0 0 0 
0 883 141 0 0 0 0 0 0 696 328 0 0 0 0 0 0 15 1009 0 0 0 0 0 
0 924 100 0 0 0 0 0 0 759 265 0 0 0 0 0 0 133 891 0 0 0 0 0 
0 774 250 0 0 0 0 0 0 584 440 0 0 0 0 0 0 38 986 0 0 0 0 0 
0 876 148 0 0 0 0 0 0 821 203 0 0 0 0 0 0 49 975 0 0 0 0 0 
0 483 541 0 0 0 0 0 0 356 668 0 0 0 0 0 0 2 1022 0 0 0 0 0 
0 901 123 0 0 0 0 0 0 802 222 0 0 0 0 0 0 39 985 0 0 0 0 0 
0 980 44 0 0 0 0 0 0 954 70 0 0 0 0 0 0 205 819 0 0 0 0 0 
2 1020 2 0 0 0 0 0 0 1024 0 0 0 0 0 0 0 603 421 0 0 0 0 0 
37 987 0 0 0 0 0 0 34 990 0 0 0 0 0 0 0 1013 11 0 0 0 0 0 
26 998 0 0 0 0 0 0 16 1003 5 0 0 0 0 0 0 585 439 0 0 0 0 0 
3 1020 1 0 0 0 0 0 1 1022 1 0 0 0 0 0 0 784 240 0 0 0 0 0 
76 948 0 0 0 0 0 0 52 972 0 0 0 0 0 0 1 929 94 0 0 0 0 0 
32 780 30 58 117 6 1 0 74 758 39 135 15 2 1 0 53 790 155 21 2 3 0 0 
155 222 132 148 311 49 6 1 247 217 95 288 155 20 2 0 369 151 204 198 88 13 1 0 
620 156 91 33 68 43 11 2 683 144 54 43 78 11 8 3 721 118 60 66 38 14 4 3 
913 66 21 13 4 3 1 3 937 48 15 13 3 5 1 2 930 49 18 15 4 4 1 3 
748 97 179 0 0 0 0 0 769 212 43 0 0 0 0 0 780 242 2 0 0 0 0 0 
27 107 873 17 0 0 0 0 125 807 92 0 0 0 0 0 268 754 2 0 0 0 0 0 
607 206 211 0 0 0 0 0 779 245 0 0 0 0 0 0 839 185 0 0 0 0 0 0 
885 54 85 0 0 0 0 0 913 111 0 0 0 0 0 0 951 73 0 0 0 0 0 0 
820 171 33 0 0 0 0 0 1015 9 0 0 0 0 0 0 984 40 0 0 0 0 0 0 
760 207 57 0 0 0 0 0 912 112 0 0 0 0 0 0 822 202 0 0 0 0 0 0 
985 39 0 0 0 0 0 0 996 28 0 0 0 0 0 0 977 47 0 0 0 0 0 0 
995 29 0 0 0 0 0 0 989 35 0 0 0 0 0 0 993 31 0 0 0 0 0 0 
1004 12 8 0 0 0 0 0 1002 13 9 0 0 0 0 0 999 14 11 0 0 0 0 0 
981 12 7 9 8 3 2 2 985 8 7 9 7 4 2 2 978 15 8 9 6 3 3 2 
1023 1 0 0 0 0 0 0 1022 2 0 0 0 0 0 0 1023 1 0 0 0 0 0 0 
997 27 0 0 0 0 0 0 1018 6 0 0 0 0 0 0 1024 0 0 0 0 0 0 0 
724 300 0 0 0 0 0 0 898 126 0 0 0 0 0 0 963 61 0 0 0 0 0 0 
166 858 0 0 0 0 0 0 436 588 0 0 0 0 0 0 775 249 0 0 0 0 0 0 
642 382 0 0 0 0 0 0 878 146 0 0 0 0 0 0 1000 24 0 0 0 0 0 0 
409 615 0 0 0 0 0 0 735 289 0 0 0 0 0 0 946 78 0 0 0 0 0 0 
385 620 19 0 0 0 0 0 743 271 10 0 0 0 0 0 933 91 0 0 0 0 0 0 
362 588 74 0 0 0 0 0 660 332 32 0 0 0 0 0 788 236 0 0 0 0 0 0 
399 505 119 1 0 0 0 0 609 295 112 8 0 0 0 0 707 220 78 19 0 0 0 0 
965 59 0 0 0 0 0 0 855 169 0 0 0 0 0 0 519 505 0 0 0 0 0 0 
784 240 0 0 0 0 0 0 567 457 0 0 0 0 0 0 375 649 0 0 0 0 0 0 
873 151 0 0 0 0 0 0 659 365 0 0 0 0 0 0 122 902 0 0 0 0 0 0 
104 920 0 0 0 0 0 0 29 994 1 0 0 0 0 0 0 1006 18 0 0 0 0 0 
7 1002 15 0 0 0 0 0 0 997 27 0 0 0 0 0 0 650 374 0 0 0 0 0 
0 943 81 0 0 0 0 0 0 827 197 0 0 0 0 0 0 46 978 0 0 0 0 0 
0 937 87 0 0 0 0 0 0 776 248 0 0 0 0 0 0 156 868 0 0 0 0 0 
0 765 259 0 0 0 0 0 0 585 439 0 0 0 0 0 0 9 1015 0 0 0 0 0 
0 1016 8 0 0 0 0 0 0 987 37 0 0 0 0 0 0 198 826 0 0 0 0 0 
0 769 255 0 0 0 0 0 0 601 423 0 0 0 0 0 0 128 896 0 0 0 0 0 
0 779 245 0 0 0 0 0 0 681 343 0 0 0 0 0 0 28 996 0 0 0 0 0 
0 1014 10 0 0 0 0 0 0 1011 13 0 0 0 0 0 0 270 754 0 0 0 0 0 
11 1012 1 0 0 0 0 0 4 1020 0 0 0 0 0 0 0 844 180 0 0 0 0 0 
138 886 0 0 0 0 0 0 94 930 0 0 0 0 0 0 6 1005 13 0 0 0 0 0 
12 1009 3 0 0 0 0 0 9 1015 0 0 0 0 0 0 0 628 396 0 0 0 0 0 
18 1006 0 0 0 0 0 0 19 1005 0 0 0 0 0 0 0 911 113 0 0 0 0 0 
330 694 0 0 0 0 0 0 372 652 0 0 0 0 0 0 23 999 2 0 0 0 0 0 
168 763 65 28 0 0 0 0 203 814 7 0 0 0 0 0 168 847 9 0 0 0 0 0 
448 138 239 189 9 1 0 0 570 383 62 6 3 0 0 0 671 313 32 5 3 0 0 0 
463 107 167 260 16 9 0 2 552 304 133 13 16 4 1 1 663 226 101 21 7 4 1 1 
578 62 31 345 8 0 0 0 627 186 180 31 0 0 0 0 667 176 171 10 0 0 0 0 
482 144 67 297 34 0 0 0 555 164 154 151 0 0 0 0 577 183 212 52 0 0 0 0 
281 232 286 198 27 0 0 0 445 320 103 156 0 0 0 0 521 283 165 55 0 0 0 0 
631 283 43 51 16 0 0 0 829 111 22 61 1 0 0 0 867 78 48 31 0 0 0 0 
723 254 43 2 2 0 0 0 807 199 14 2 2 0 0 0 856 155 9 2 2 0 0 0 
855 159 8 1 1 0 0 0 980 35 5 3 1 0 0 0 975 40 5 3 1 0 0 0 
888 131 5 0 0 0 0 0 982 37 5 0 0 0 0 0 981 38 5 0 0 0 0 0 
868 90 55 9 1 1 0 0 928 64 29 2 0 1 0 0 931 81 9 1 1 1 0 0 
574 34 355 61 0 0 0 0 587 306 131 0 0 0 0 0 600 421 3 0 0 0 0 0 
674 126 224 0 0 0 0 0 682 336 6 0 0 0 0 0 727 297 0 0 0 0 0 0 
1024 0 0 0 0 0 0 0 1024 0 0 0 0 0 0 0 1024 0 0 0 0 0 0 0 
905 119 0 0 0 0 0 0 911 113 0 0 0 0 0 0 935 89 0 0 0 0 0 0 
161 723 140 0 0 0 0 0 328 626 70 0 0 0 0 0 485 537 2 0 0 0 0 0 
120 642 260 2 0 0 0 0 423 573 28 0 0 0 0 0 606 414 4 0 0 0 0 0 
39 663 322 0 0 0 0 0 217 576 231 0 0 0 0 0 477 546 1 0 0 0 0 0 
197 505 322 0 0 0 0 0 432 505 87 0 0 0 0 0 557 467 0 0 0 0 0 0 
72 780 172 0 0 0 0 0 439 522 63 0 0 0 0 0 679 343 2 0 0 0 0 0 
419 548 50 7 0 0 0 0 660 334 25 5 0 0 0 0 794 209 17 4 0 0 0 0 
429 587 8 0 0 0 0 0 688 330 6 0 0 0 0 0 856 163 5 0 0 0 0 0 
277 606 141 0 0 0 0 0 573 285 160 6 0 0 0 0 750 113 147 14 0 0 0 0 
1010 14 0 0 0 0 0 0 984 40 0 0 0 0 0 0 669 355 0 0 0 0 0 0 
1010 14 0 0 0 0 0 0 1003 21 0 0 0 0 0 0 718 306 0 0 0 0 0 0 
955 69 0 0 0 0 0 0 882 142 0 0 0 0 0 0 409 615 0 0 0 0 0 0 
331 693 0 0 0 0 0 0 172 852 0 0 0 0 0 0 1 1023 0 0 0 0 0 0 
13 1008 3 0 0 0 0 0 4 1011 9 0 0 0 0 0 0 710 314 0 0 0 0 0 
0 1016 8 0 0 0 0 0 0 1005 19 0 0 0 0 0 0 466 558 0 0 0 0 0 
0 949 75 0 0 0 0 0 0 793 231 0 0 0 0 0 0 177 847 0 0 0 0 0 
1 933 90 0 0 0 0 0 0 763 261 0 0 0 0 0 0 137 886 1 0 0 0 0 
0 901 123 0 0 0 0 0 0 808 216 0 0 0 0 0 0 188 836 0 0 0 0 0 
0 930 94 0 0 0 0 0 0 721 303 0 0 0 0 0 0 177 846 1 0 0 0 0 
0 937 87 0 0 0 0 0 1 784 239 0 0 0 0 0 0 125 899 0 0 0 0 0 
1 1011 12 0 0 0 0 0 0 996 28 0 0 0 0 0 0 338 686 0 0 0 0 0 
104 920 0 0 0 0 0 0 55 967 2 0 0 0 0 0 6 848 170 0 0 0 0 0 
310 714 0 0 0 0 0 0 253 771 0 0 0 0 0 0 16 971 37 0 0 0 0 0 
0 1024 0 0 0 0 0 0 0 1024 0 0 0 0 0 0 0 713 311 0 0 0 0 0 
166 857 1 0 0 0 0 0 166 858 0 0 0 0 0 0 3 992 29 0 0 0 0 0 
121 903 0 0 0 0 0 0 96 928 0 0 0 0 0 0 7 1003 14 0 0 0 0 0 
100 790 52 25 39 18 0 0 202 728 24 16 45 9 0 0 115 811 31 13 52 2 0 0 
0 354 381 42 58 189 0 0 375 347 33 29 128 112 0 0 589 145 30 32 147 81 0 0 
85 398 397 25 60 59 0 0 478 400 20 21 58 47 0 0 651 235 23 21 66 28 0 0 
298 224 418 80 4 0 0 0 623 351 45 5 0 0 0 0 748 247 27 2 0 0 0 0 
180 201 398 233 12 0 0 0 427 516 74 7 0 0 0 0 623 363 33 5 0 0 0 0 
74 199 378 366 7 0 0 0 356 487 176 4 1 0 0 0 523 394 104 3 0 0 0 0 
0 90 401 499 34 0 0 0 150 561 254 59 0 0 0 0 306 505 199 14 0 0 0 0 
72 155 359 418 20 0 0 0 243 547 217 17 0 0 0 0 401 470 148 5 0 0 0 0 
208 114 261 434 7 0 0 0 299 446 242 37 0 0 0 0 411 437 167 9 0 0 0 0 
323 178 187 313 23 0 0 0 475 312 203 34 0 0 0 0 534 322 166 2 0 0 0 0 
387 180 166 239 51 1 0 0 507 302 195 19 0 1 0 0 601 294 123 5 0 1 0 0 
375 203 185 222 38 1 0 0 498 329 177 18 1 1 0 0 557 347 109 8 2 0 1 0 
449 196 145 160 73 1 0 0 523 282 187 32 0 0 0 0 566 351 102 5 0 0 0 0 
738 61 76 121 25 3 0 0 739 92 170 22 1 0 0 0 752 174 91 7 0 0 0 0 
818 129 54 23 0 0 0 0 838 126 57 3 0 0 0 0 856 129 36 3 0 0 0 0 
652 306 66 0 0 0 0 0 695 312 16 1 0 0 0 0 721 293 9 1 0 0 0 0 
395 464 165 0 0 0 0 0 439 541 43 1 0 0 0 0 474 542 8 0 0 0 0 0 
294 416 306 5 1 1 1 0 336 485 195 5 1 1 1 0 405 602 9 5 1 1 1 0 
318 474 232 0 0 0 0 0 371 609 44 0 0 0 0 0 499 520 5 0 0 0 0 0 
255 620 149 0 0 0 0 0 369 620 35 0 0 0 0 0 640 384 0 0 0 0 0 0 
348 636 40 0 0 0 0 0 458 566 0 0 0 0 0 0 659 365 0 0 0 0 0 0 
316 599 109 0 0 0 0 0 398 597 29 0 0 0 0 0 599 424 1 0 0 0 0 0 
63 571 390 0 0 0 0 0 110 658 256 0 0 0 0 0 302 478 244 0 0 0 0 0 
