0 0 4 35 11 18 704 252 0 0 0 31 16 19 583 375 0 0 35 11 9 16 187 766 
27 63 196 30 24 167 401 116 32 39 57 192 24 160 400 120 36 161 112 19 19 142 362 173 
0 0 0 0 0 366 547 111 0 0 0 0 0 358 479 187 0 0 0 0 0 341 298 385 
0 0 0 22 38 15 930 19 19 22 11 12 6 11 925 18 14 26 12 10 8 10 771 173 
0 0 36 89 51 67 777 4 31 50 54 39 10 41 795 4 14 73 53 34 10 40 792 8 
1 14 95 97 69 150 597 1 105 78 46 40 20 121 614 0 81 110 56 22 23 107 625 0 
9 76 165 59 145 304 265 1 186 140 34 73 51 201 339 0 158 154 50 69 56 176 361 0 
211 130 53 47 205 354 9 15 241 114 43 47 198 336 44 1 210 144 42 44 180 302 102 0 
62 207 212 49 150 161 22 161 247 218 28 30 145 177 94 85 325 144 23 36 146 179 165 6 
5 165 41 55 307 418 7 26 150 50 12 46 265 472 22 7 182 23 10 20 254 506 28 1 
1 6 26 74 69 95 220 533 5 34 64 45 114 57 210 495 5 66 70 63 105 96 138 481 
3 19 33 40 20 31 454 424 11 19 14 48 21 45 480 386 8 31 45 19 29 178 323 391 
5 62 117 212 136 87 253 152 263 120 120 72 34 23 174 218 219 164 120 81 34 15 154 237 
17 85 163 352 258 95 46 8 418 228 204 86 27 19 41 1 361 253 228 95 28 17 42 0 
6 128 380 337 130 40 3 0 582 319 81 27 7 5 3 0 550 307 127 28 5 6 1 0 
67 247 460 158 79 12 1 0 617 308 57 29 8 5 0 0 503 406 81 23 6 5 0 0 
358 366 212 53 31 4 0 0 831 132 48 13 0 0 0 0 741 213 58 12 0 0 0 0 
372 414 206 24 6 0 2 0 887 95 22 11 6 1 2 0 846 130 23 16 6 3 0 0 
480 273 214 23 16 7 11 0 887 74 33 15 13 2 0 0 906 84 22 9 2 1 0 0 
404 104 25 489 2 0 0 0 477 35 23 487 2 0 0 0 467 45 22 316 174 0 0 0 
195 95 118 92 115 308 86 15 190 67 128 198 248 153 34 6 198 75 136 179 228 145 58 5 
470 135 97 83 87 65 76 11 605 99 78 71 67 37 60 7 567 123 93 96 45 32 59 9 
100 49 95 158 320 210 71 21 165 128 304 225 107 54 37 4 171 165 301 211 82 56 32 6 
184 120 206 327 177 8 2 0 267 215 248 185 94 15 0 0 237 182 244 202 125 32 2 0 
1 61 231 477 108 110 36 0 23 349 120 319 131 73 9 0 9 294 202 289 196 34 0 0 
0 120 433 242 119 92 18 0 33 371 159 279 140 41 1 0 0 359 159 361 134 11 0 0 
157 232 370 202 56 7 0 0 260 437 160 137 29 1 0 0 301 490 105 116 11 1 0 0 
68 63 125 257 309 149 52 1 106 92 206 265 262 81 12 0 129 142 263 272 151 59 8 0 
142 137 245 171 185 85 50 9 410 203 152 108 92 46 13 0 518 238 110 83 53 20 2 0 
339 95 83 507 0 0 0 0 443 46 36 497 2 0 0 0 443 41 20 510 10 0 0 0 
143 25 56 142 155 152 177 174 156 29 68 172 194 156 102 147 154 46 102 152 178 152 105 135 
452 158 93 56 90 126 41 8 617 103 55 104 98 41 6 0 582 130 76 108 113 15 0 0 
53 54 70 125 255 226 199 42 100 81 159 253 178 155 81 17 112 118 188 239 175 120 66 6 
42 88 184 179 222 152 55 102 62 91 227 326 101 70 48 99 73 114 227 298 122 56 43 91 
0 18 104 363 305 154 71 9 8 61 329 229 198 119 72 8 15 129 339 198 202 117 24 0 
0 0 179 465 337 43 0 0 0 97 152 380 330 65 0 0 0 106 109 393 331 85 0 0 
170 76 229 459 86 4 0 0 220 496 158 126 24 0 0 0 228 513 138 114 31 0 0 0 
378 110 179 186 134 33 4 0 459 142 207 156 46 13 1 0 489 160 224 106 36 9 0 0 
303 143 286 113 90 57 26 6 540 126 81 102 111 54 10 0 541 122 93 103 115 41 8 1 
288 84 109 542 1 0 0 0 439 37 5 542 1 0 0 0 410 66 1 495 52 0 0 0 
157 52 34 43 85 114 163 376 170 33 53 81 104 158 88 337 171 45 45 78 120 126 101 338 
342 101 123 161 145 100 37 15 406 115 138 126 90 74 58 17 423 90 156 98 75 66 53 63 
123 97 77 109 170 206 141 101 180 66 85 154 197 151 93 98 169 84 110 161 176 138 93 93 
11 82 87 99 158 218 231 138 16 101 98 110 181 149 203 166 26 128 98 152 159 88 147 226 
4 13 118 231 370 179 73 36 3 47 197 313 157 149 87 71 3 73 232 247 164 91 121 93 
4 20 19 22 481 427 47 4 9 17 15 22 233 633 90 5 12 13 15 22 168 435 348 11 
133 75 116 423 234 42 1 0 187 361 215 105 126 29 1 0 199 387 208 96 106 26 2 0 
194 82 86 236 266 119 35 6 236 76 113 265 207 93 30 4 248 111 144 241 159 92 26 3 
401 141 241 79 93 46 22 1 671 77 65 86 72 29 23 1 646 122 67 80 58 31 18 2 
293 144 59 528 0 0 0 0 439 22 39 524 0 0 0 0 427 40 21 524 12 0 0 0 
117 163 103 92 87 126 72 264 237 97 73 48 63 120 99 287 231 102 70 34 68 97 129 293 
242 165 91 73 142 141 85 85 368 111 52 99 124 133 78 59 396 109 89 99 128 83 60 60 
149 102 117 126 133 132 127 138 207 100 105 124 97 130 114 147 203 117 112 120 102 115 76 179 
90 99 106 160 292 201 69 7 139 125 190 182 160 194 28 6 155 172 153 156 199 142 40 7 
12 67 207 288 347 91 12 0 67 238 300 209 138 68 4 0 182 271 229 142 146 43 11 0 
35 49 224 294 289 131 2 0 148 119 109 212 130 306 0 0 171 100 103 177 102 128 243 0 
297 93 324 252 51 7 0 0 587 269 57 84 23 4 0 0 666 211 48 66 29 3 1 0 
473 127 135 14 128 145 2 0 533 84 122 11 124 148 2 0 538 111 90 9 73 177 26 0 
330 387 122 15 89 78 3 0 657 158 30 16 87 74 2 0 695 131 22 14 57 100 5 0 
359 112 55 498 0 0 0 0 448 24 58 494 0 0 0 0 448 16 48 512 0 0 0 0 
149 129 110 135 226 215 42 18 249 265 108 61 124 165 37 15 230 157 180 73 117 155 94 18 
54 25 69 145 257 276 143 55 97 163 187 162 178 143 71 23 115 126 193 152 164 161 69 44 
108 133 155 155 166 166 88 53 206 166 159 118 132 129 77 37 204 166 143 139 128 137 55 52 
296 171 123 140 159 87 37 11 430 132 141 138 112 52 15 4 455 145 122 139 98 38 18 9 
62 241 241 243 154 66 14 3 243 245 197 165 124 42 8 0 417 244 104 124 95 27 11 2 
301 160 232 185 133 13 0 0 458 124 140 156 130 16 0 0 473 90 135 153 150 23 0 0 
242 223 330 132 79 18 0 0 571 235 126 70 20 2 0 0 667 204 72 55 24 2 0 0 
756 183 40 20 14 5 4 2 837 105 37 18 17 4 4 2 848 98 34 18 17 4 3 2 
841 166 17 0 0 0 0 0 947 77 0 0 0 0 0 0 968 56 0 0 0 0 0 0 
462 48 407 107 0 0 0 0 464 48 467 45 0 0 0 0 465 44 363 152 0 0 0 0 
28 81 145 221 201 197 138 13 104 130 167 132 187 170 126 8 84 96 166 125 145 199 149 60 
4 28 85 191 210 193 201 112 26 77 111 131 215 150 214 100 10 52 97 96 207 202 182 178 
29 105 140 189 299 149 46 67 121 165 213 127 176 98 56 68 172 177 204 101 110 129 55 76 
118 89 121 228 364 69 19 16 164 210 380 121 87 31 20 11 226 374 262 64 30 38 16 14 
507 143 67 95 169 16 20 7 605 106 223 31 23 15 16 5 612 174 157 24 25 12 13 7 
747 132 62 23 22 32 5 1 829 90 39 11 21 31 2 1 828 95 35 10 22 26 7 1 
801 133 56 13 10 8 2 1 932 52 12 9 8 10 0 1 932 56 12 7 7 8 1 1 
280 221 58 61 50 16 19 319 455 64 51 40 59 22 17 316 420 94 46 45 54 28 20 317 
984 40 0 0 0 0 0 0 1009 15 0 0 0 0 0 0 999 25 0 0 0 0 0 0 
527 83 414 0 0 0 0 0 533 111 380 0 0 0 0 0 522 86 416 0 0 0 0 0 
