0 7 72 464 292 39 33 117 0 7 93 515 222 37 33 117 0 20 104 601 116 32 34 117 
0 0 27 233 764 0 0 0 0 0 80 220 724 0 0 0 0 32 202 287 503 0 0 0 
0 0 9 204 811 0 0 0 0 0 41 202 781 0 0 0 0 11 200 113 700 0 0 0 
0 0 13 55 600 246 34 76 0 0 34 46 807 34 32 71 0 20 45 25 805 29 58 42 
0 0 0 0 11 156 146 711 0 0 0 0 49 121 154 700 0 0 0 0 114 78 167 665 
0 0 0 0 0 510 227 287 0 0 0 0 4 582 160 278 0 0 0 0 6 656 93 269 
0 0 0 1 266 394 176 187 0 0 0 2 345 363 180 134 0 0 0 5 393 346 206 74 
0 1 96 158 330 248 154 37 0 8 126 132 372 237 118 31 1 61 131 86 390 242 86 27 
0 4 142 149 452 277 0 0 0 22 165 118 481 238 0 0 11 69 184 57 403 300 0 0 
0 0 2 244 560 47 58 113 0 0 2 311 500 43 56 112 0 0 8 736 76 45 54 105 
0 0 0 5 778 31 40 170 0 0 0 7 777 33 36 171 0 0 0 546 249 33 35 161 
0 0 0 0 978 35 8 3 0 0 0 0 960 51 9 4 0 0 0 26 932 51 11 4 
0 0 0 0 881 143 0 0 0 0 0 0 1001 23 0 0 0 0 0 0 1020 4 0 0 
0 0 0 0 493 512 13 6 0 0 0 1 810 205 2 6 0 0 0 106 843 68 3 4 
0 0 1 18 25 187 193 600 0 1 13 14 68 204 190 534 0 1 18 12 126 230 188 449 
0 0 0 0 3 3 152 866 0 0 0 1 4 2 390 627 0 0 0 3 3 6 692 320 
0 0 32 157 49 50 661 75 0 0 29 178 41 65 711 0 0 6 117 102 34 155 610 0 
0 8 427 400 77 41 71 0 0 36 436 388 66 76 22 0 11 243 511 143 33 65 18 0 
0 6 37 315 505 40 44 77 0 9 33 356 465 40 44 77 1 8 58 686 129 26 45 71 
0 0 0 86 845 44 24 25 0 0 13 97 822 40 27 25 0 1 37 578 325 35 24 24 
0 0 0 4 553 188 85 194 0 0 0 4 539 191 84 206 0 0 3 46 569 119 80 207 
0 0 17 40 142 222 165 438 0 6 27 31 143 217 166 434 0 5 28 46 197 172 152 424 
0 0 57 276 167 276 223 25 0 26 268 144 160 273 133 20 0 34 282 137 225 227 104 15 
0 0 22 225 272 99 320 86 0 19 265 233 78 141 279 9 0 23 287 217 89 281 123 4 
0 0 0 9 4 4 455 552 0 0 0 12 2 21 927 62 0 0 10 3 7 21 983 0 
0 8 36 28 30 65 857 0 3 21 38 25 22 169 746 0 6 27 32 26 26 266 641 0 
19 69 102 145 165 336 188 0 38 109 105 183 107 454 28 0 46 138 183 98 77 400 82 0 
0 0 12 317 292 233 137 33 0 0 6 248 348 217 167 38 0 0 15 427 212 216 131 23 
0 12 213 180 476 87 47 9 0 4 221 157 488 95 50 9 0 26 218 481 206 70 19 4 
0 0 19 60 135 372 284 154 0 0 22 58 134 371 274 165 0 2 47 88 148 393 195 151 
0 7 104 343 169 169 220 12 2 43 292 228 115 193 148 3 20 78 315 173 119 252 65 2 
0 5 175 190 124 189 341 0 0 103 210 134 93 313 171 0 3 165 208 115 132 401 0 0 
4 75 225 146 77 44 427 26 7 246 150 88 56 68 409 0 44 295 114 75 37 356 103 0 
4 94 317 109 65 115 268 52 10 313 181 53 64 117 285 1 57 379 106 43 61 196 182 0 
0 181 510 277 40 6 10 0 20 433 398 149 13 10 1 0 77 612 259 60 10 6 0 0 
2 26 219 150 233 196 193 5 19 197 153 148 228 172 107 0 9 159 112 147 171 161 136 129 
12 37 117 186 226 427 19 0 13 32 123 206 203 403 44 0 17 37 144 177 236 393 20 0 
1 19 381 183 153 282 5 0 1 14 379 186 161 280 3 0 1 32 416 184 226 165 0 0 
0 63 108 222 461 155 15 0 6 83 157 179 455 138 6 0 19 114 190 399 239 62 1 0 
6 184 442 281 102 9 0 0 3 219 475 213 110 4 0 0 19 417 373 195 20 0 0 0 
11 407 224 246 134 2 0 0 12 493 157 264 97 1 0 0 107 474 145 280 18 0 0 0 
11 170 262 284 290 7 0 0 11 173 266 283 281 10 0 0 50 222 264 354 134 0 0 0 
6 180 292 400 95 51 0 0 15 183 302 373 104 47 0 0 72 220 298 325 87 22 0 0 
8 139 285 461 128 3 0 0 10 134 293 455 129 3 0 0 38 169 266 457 93 1 0 0 
63 255 494 104 108 0 0 0 68 238 490 118 110 0 0 0 95 182 447 218 82 0 0 0 
7 66 281 262 203 135 57 13 6 71 288 388 227 44 0 0 20 99 295 260 201 120 25 4 
58 96 437 339 94 0 0 0 37 99 396 379 113 0 0 0 59 124 500 307 34 0 0 0 
15 287 264 251 198 9 0 0 85 224 258 280 173 4 0 0 112 308 241 279 84 0 0 0 
5 98 184 322 348 62 5 0 6 134 243 391 239 11 0 0 22 182 266 425 123 6 0 0 
0 32 119 265 419 161 28 0 1 71 162 320 355 107 8 0 13 134 160 364 290 62 1 0 
0 20 203 310 402 83 6 0 0 22 237 435 300 28 2 0 1 63 342 450 151 16 1 0 
59 185 177 216 280 98 9 0 30 173 223 279 251 66 2 0 48 121 201 367 209 75 3 0 
37 104 189 324 266 96 8 0 30 106 217 369 252 47 3 0 19 75 243 383 235 64 5 0 
4 220 420 326 53 1 0 0 8 199 441 341 35 0 0 0 4 178 439 369 32 2 0 0 
