0 215 310 206 172 72 42 7 0 220 289 252 142 73 46 2 2 317 326 212 82 59 26 0 
0 45 250 198 231 191 97 12 0 44 262 236 214 152 97 19 3 134 305 226 163 117 68 8 
0 12 279 145 160 181 165 82 0 37 279 175 136 156 168 73 0 79 334 163 157 154 126 11 
0 41 400 175 101 112 122 73 0 97 360 163 102 112 121 69 0 155 415 97 115 117 113 12 
0 343 490 72 34 19 32 34 0 478 373 58 36 21 26 32 9 634 258 39 16 32 33 3 
0 156 593 75 50 39 36 75 0 291 477 79 50 37 41 49 7 404 400 84 35 49 37 8 
0 25 323 360 79 99 48 90 0 31 313 373 94 79 61 73 1 69 436 272 80 65 80 21 
0 68 379 197 37 44 122 177 0 63 444 142 38 50 166 121 0 108 505 72 115 144 77 3 
0 91 511 92 152 129 49 0 0 65 550 74 163 122 50 0 0 138 527 121 150 81 7 0 
0 69 143 51 630 131 0 0 0 22 180 49 228 544 1 0 0 40 174 84 559 167 0 0 
0 109 232 194 126 210 142 11 0 108 226 253 159 140 126 12 4 154 264 242 121 121 103 15 
0 3 115 198 228 217 219 44 0 7 127 184 236 183 218 69 0 68 162 238 180 139 201 36 
0 5 70 108 188 178 182 293 0 3 94 141 208 159 143 276 3 40 164 192 149 115 191 170 
0 1 37 104 183 198 211 290 0 1 70 160 217 154 146 276 0 36 146 207 154 125 173 183 
0 41 404 190 61 61 113 154 0 67 390 184 66 71 132 114 0 157 386 135 53 87 173 33 
0 161 246 104 93 81 113 226 0 178 223 117 90 91 139 186 2 263 175 113 101 98 178 94 
0 4 58 103 143 174 244 298 0 22 64 110 184 210 181 253 1 55 89 174 202 172 138 193 
0 39 309 124 136 154 145 117 0 77 289 128 156 158 108 108 3 122 288 167 175 120 83 66 
0 46 301 141 123 185 159 69 0 27 352 226 176 187 52 4 1 94 394 318 167 44 6 0 
0 13 432 309 192 73 5 0 0 0 345 365 207 101 6 0 0 5 399 410 159 47 4 0 
0 56 175 268 201 184 118 22 0 62 163 268 205 181 126 19 0 112 190 253 214 161 81 13 
0 2 78 118 193 280 293 60 0 5 90 147 219 226 263 74 0 44 143 191 194 219 197 36 
0 2 38 106 82 134 257 405 0 1 48 123 111 122 262 357 0 19 110 149 89 178 266 213 
0 0 30 97 110 143 217 427 0 0 41 108 119 180 194 382 0 14 117 106 155 178 196 258 
0 39 223 282 199 110 91 80 0 33 226 283 213 108 81 80 0 113 252 272 160 96 90 41 
0 164 142 199 143 86 99 191 0 171 161 185 136 101 96 174 0 200 146 205 129 100 128 116 
0 0 29 95 112 131 225 432 0 5 33 98 111 150 244 383 0 17 75 102 172 187 220 251 
0 19 289 108 100 127 197 184 0 72 248 106 117 153 177 151 0 98 281 131 148 169 136 61 
0 82 263 172 118 173 121 95 0 86 257 181 137 188 110 65 0 173 255 265 161 115 47 8 
0 84 263 149 294 182 33 19 0 69 254 111 249 258 60 23 0 138 215 189 267 163 42 10 
0 80 273 270 265 83 51 2 0 104 324 234 179 138 42 3 3 177 344 194 170 108 27 1 
0 31 198 324 224 150 61 36 0 41 331 325 125 125 57 20 1 131 396 265 79 120 32 0 
0 8 93 265 221 189 159 89 0 13 190 297 226 130 126 42 2 78 316 320 168 81 41 18 
0 2 79 177 221 334 131 80 0 6 142 355 304 67 63 87 0 49 280 446 100 27 64 58 
0 17 156 134 213 331 145 28 0 23 230 396 185 120 57 13 1 90 331 377 105 54 46 20 
0 50 90 138 240 344 131 31 0 51 187 383 245 96 50 12 0 51 355 393 126 47 44 8 
0 1 71 159 248 273 196 76 0 10 110 293 341 148 65 57 0 33 257 372 215 71 49 27 
0 32 60 156 287 259 119 111 0 59 76 266 289 160 100 74 0 80 247 328 185 88 85 11 
0 59 148 146 136 185 178 172 0 45 172 147 149 200 160 151 0 108 202 170 141 192 184 27 
0 156 337 221 195 62 24 29 0 165 348 208 177 71 24 31 4 305 308 215 108 43 30 11 
0 20 305 250 272 59 60 58 0 56 377 173 127 177 67 47 0 201 347 122 109 176 49 20 
0 45 223 424 163 63 50 56 0 107 410 289 59 79 37 43 0 194 535 130 63 50 38 14 
0 1 49 189 293 171 131 190 0 9 145 287 171 114 170 128 0 53 311 234 118 176 127 5 
0 9 89 299 283 205 42 97 0 33 374 365 106 27 42 77 1 69 519 277 37 40 65 16 
0 2 100 334 377 174 32 5 0 14 406 399 153 39 10 3 0 80 572 286 61 20 5 0 
0 0 5 265 410 264 65 15 0 5 299 454 176 66 24 0 0 44 524 333 105 18 0 0 
0 4 67 233 304 313 85 18 0 22 243 348 282 101 26 2 1 67 396 384 133 37 6 0 
0 0 203 406 293 109 13 0 0 23 452 358 157 34 0 0 0 142 610 229 40 3 0 0 
0 2 196 251 139 165 194 77 0 111 312 153 135 131 137 45 0 150 386 148 129 147 58 6 
0 11 215 211 163 146 156 122 0 94 293 121 157 138 130 91 1 154 300 173 189 136 60 11 
0 22 99 153 249 208 157 136 0 41 104 189 266 173 194 57 0 77 255 244 188 185 57 18 
0 113 429 143 82 71 77 109 0 279 349 99 74 80 114 29 23 403 329 114 83 53 16 3 
0 41 222 236 214 211 82 18 0 89 291 243 199 139 58 5 1 228 320 268 143 54 10 0 
0 47 115 197 275 200 92 98 0 89 245 204 190 160 99 37 6 202 333 218 145 101 18 1 
0 4 85 235 254 239 191 16 0 48 296 277 255 112 28 8 2 147 431 296 108 35 5 0 
0 4 106 128 219 197 238 132 0 46 196 245 275 131 99 32 5 158 295 318 172 69 7 0 
0 32 215 135 162 202 219 59 0 125 256 206 224 139 66 8 1 217 352 282 142 26 4 0 
0 112 342 239 156 127 47 1 0 212 385 199 167 54 7 0 3 306 431 239 38 5 2 0 
0 212 279 191 184 118 37 3 0 330 327 153 112 66 33 3 2 393 319 145 83 64 17 1 
0 284 343 148 131 91 20 7 0 322 345 118 139 85 15 0 1 424 297 136 109 51 6 0 
0 69 411 215 184 87 41 17 0 211 394 185 104 80 46 4 0 431 355 108 74 46 10 0 
0 44 431 212 158 74 36 69 0 262 395 173 73 46 50 25 4 462 364 117 67 10 0 0 
0 30 552 186 84 96 75 1 0 322 424 98 103 77 0 0 4 491 399 113 17 0 0 0 
0 5 341 167 139 105 142 125 0 127 343 112 118 110 137 77 4 251 350 124 88 85 112 10 
0 69 608 89 63 58 111 26 0 355 366 76 67 91 62 7 3 509 275 106 73 47 11 0 
0 86 288 127 98 122 172 131 0 97 329 123 130 137 166 42 7 214 314 189 206 82 9 3 
0 228 447 92 80 89 61 27 0 359 373 99 84 70 33 6 1 456 326 115 79 37 9 1 
0 219 442 101 115 84 58 5 0 394 285 129 107 64 43 2 4 493 264 132 77 42 12 0 
0 240 406 110 99 97 69 3 0 385 282 106 101 111 39 0 1 486 232 122 127 53 3 0 
0 283 426 151 74 66 23 1 0 369 351 147 79 66 12 0 5 511 300 142 52 14 0 0 
