0 0 27 369 47 38 118 425 0 0 75 350 34 55 114 396 0 51 368 62 27 41 368 107 
0 0 41 243 18 20 64 638 0 0 49 240 17 22 52 644 0 47 237 24 16 44 300 356 
0 0 17 47 14 16 52 878 0 0 17 49 13 15 53 877 0 23 42 13 16 23 140 767 
0 0 0 20 51 98 351 504 0 0 11 71 142 282 252 266 0 3 169 147 212 214 139 140 
0 0 0 0 37 50 272 665 0 0 0 36 88 216 497 187 0 5 63 123 253 402 66 112 
0 0 0 0 16 2 85 921 0 0 0 0 15 28 417 564 0 0 5 13 40 423 329 214 
0 0 0 30 456 46 17 475 0 0 0 164 350 22 15 473 0 0 386 128 14 24 48 424 
0 0 0 16 448 96 19 445 0 0 0 125 419 16 24 440 0 0 310 236 19 14 59 386 
0 0 41 46 92 51 152 642 0 0 46 73 84 104 166 551 0 54 93 55 95 134 150 443 
2 9 19 140 251 122 230 251 0 0 0 131 189 122 189 393 0 0 159 131 46 126 248 314 
0 0 0 106 87 110 327 394 0 0 0 99 79 111 296 439 0 0 106 63 77 187 404 187 
0 0 61 213 96 181 160 313 0 0 75 226 146 122 145 310 0 139 118 54 96 120 288 209 
0 3 72 189 153 210 233 164 0 0 32 142 119 261 312 158 0 94 127 90 189 270 170 84 
0 21 94 272 66 75 136 360 0 0 27 286 72 88 143 408 0 53 226 58 63 78 236 310 
5 16 31 195 127 64 121 465 0 0 0 134 151 151 133 455 0 2 138 85 70 181 189 359 
0 0 0 77 132 114 146 555 0 0 0 87 121 122 148 546 0 14 92 120 85 142 147 424 
0 0 0 72 84 188 147 533 0 0 0 91 54 174 151 554 0 4 111 54 116 148 173 418 
0 0 27 155 66 234 329 213 0 0 113 86 55 297 309 164 0 124 74 44 191 356 170 65 
0 0 74 333 229 121 137 130 0 0 72 376 176 108 134 158 0 68 415 129 71 89 140 112 
0 19 67 282 291 120 102 143 8 18 38 286 224 199 92 159 15 55 307 148 222 63 138 76 
50 411 402 83 24 6 9 39 97 627 199 40 7 7 10 37 437 448 69 14 6 6 17 27 
72 171 222 205 59 141 124 30 143 229 194 119 42 110 155 32 316 221 139 43 68 123 97 17 
55 93 124 227 214 163 73 75 14 117 130 246 196 171 70 80 5 90 248 259 241 70 63 48 
75 154 106 70 53 55 181 330 20 229 108 47 54 38 202 326 9 80 136 180 61 158 293 107 
0 0 15 58 482 289 75 105 0 12 26 89 490 254 53 100 0 43 286 373 168 43 35 76 
0 0 0 0 369 325 145 185 0 0 0 19 380 307 187 131 0 0 139 330 263 141 54 97 
1 8 32 59 120 262 305 237 0 6 50 83 125 321 295 144 7 70 123 113 240 285 170 16 
0 9 27 219 279 217 245 28 2 12 32 298 363 158 107 52 17 31 488 225 44 84 105 30 
1 3 58 168 99 115 286 294 1 2 41 198 133 142 325 182 38 59 171 81 141 153 351 30 
2 20 63 116 227 561 22 13 8 109 295 541 35 15 8 13 101 263 565 47 18 14 10 6 
1 31 118 124 227 398 105 20 10 77 300 289 80 158 108 2 91 308 279 58 112 126 50 0 
0 14 194 355 234 187 40 0 4 25 203 331 233 192 36 0 0 155 325 236 212 93 3 0 
4 40 167 378 130 158 60 87 15 63 169 378 212 68 43 76 16 117 403 253 80 63 53 39 
82 213 267 231 73 28 60 70 222 197 334 101 49 38 42 41 363 384 101 44 32 36 62 2 
244 142 49 211 94 34 101 149 337 78 41 218 70 46 100 134 399 62 234 50 47 75 111 46 
0 0 41 213 146 180 204 240 0 0 99 178 167 215 210 155 3 127 211 161 137 178 166 41 
0 1 38 25 133 337 460 30 0 20 35 28 640 226 47 28 26 40 561 171 124 54 36 12 
0 10 22 80 85 172 264 391 0 10 25 106 155 272 261 195 26 52 74 134 224 253 133 128 
57 98 148 281 310 57 15 58 81 129 400 297 35 13 17 52 151 341 346 91 17 13 15 50 
1 8 90 208 488 214 15 0 3 21 258 181 389 163 9 0 10 229 188 365 216 16 0 0 
0 0 36 151 336 281 209 11 0 23 19 137 423 246 169 7 13 25 118 363 240 214 51 0 
6 57 149 183 418 203 7 1 0 43 90 159 469 242 21 0 9 74 162 439 241 96 3 0 
3 71 164 200 142 118 167 159 0 42 91 313 232 181 165 0 6 114 281 299 147 127 50 0 
109 189 262 157 77 104 112 14 109 50 170 349 175 105 60 6 126 85 360 280 92 61 19 1 
0 0 1 41 34 72 485 391 0 0 28 109 116 116 464 191 90 72 76 55 56 366 227 82 
244 490 87 135 55 13 0 0 166 578 71 103 104 2 0 0 679 240 40 33 32 0 0 0 
148 620 154 63 29 10 0 0 85 691 90 155 3 0 0 0 543 232 77 99 73 0 0 0 
26 330 108 214 326 20 0 0 7 363 90 307 245 12 0 0 276 161 264 296 27 0 0 0 
97 401 61 144 241 80 0 0 105 379 68 208 245 19 0 0 378 171 167 215 92 1 0 0 
21 394 136 139 271 63 0 0 27 381 121 154 249 92 0 0 371 137 162 166 187 1 0 0 
2 316 136 109 269 192 0 0 10 399 62 110 312 131 0 0 400 76 107 223 218 0 0 0 
0 78 715 35 128 68 0 0 3 344 458 32 115 72 0 0 325 482 31 92 94 0 0 0 
0 18 261 127 77 366 175 0 0 75 302 54 128 443 22 0 77 330 135 387 95 0 0 0 
0 34 53 74 131 264 289 179 19 74 91 121 147 377 123 72 177 135 142 166 216 109 77 2 
81 179 140 243 186 190 5 0 0 10 263 356 282 113 0 0 112 392 341 73 98 8 0 0 
387 209 156 82 50 103 37 0 0 94 396 309 107 118 0 0 32 105 115 308 460 4 0 0 
3 18 49 101 253 548 52 0 0 0 17 102 376 529 0 0 12 28 59 357 557 11 0 0 
0 0 0 24 341 572 87 0 0 0 0 64 633 327 0 0 114 102 104 204 479 21 0 0 
0 0 0 21 106 808 89 0 0 0 0 24 198 801 1 0 3 19 42 112 789 59 0 0 
0 0 0 0 85 641 298 0 0 0 0 2 274 748 0 0 54 163 263 376 151 17 0 0 
0 22 274 87 75 354 212 0 5 60 305 49 160 445 0 0 196 348 171 201 80 28 0 0 
0 3 37 184 91 548 161 0 0 10 114 127 151 622 0 0 11 160 135 633 85 0 0 0 
25 62 124 235 212 237 116 13 44 90 153 236 250 242 9 0 198 219 241 253 111 2 0 0 
