0 40 94 384 52 151 269 34 0 0 158 328 86 233 219 0 73 522 59 175 54 136 5 0 
0 0 3 155 132 266 450 18 0 0 15 180 100 503 214 12 49 174 213 394 111 79 4 0 
0 16 20 121 321 215 303 28 0 0 17 305 162 326 195 19 10 188 233 227 148 186 30 2 
0 3 2 82 257 141 361 178 1 2 13 266 94 179 417 52 4 186 143 97 205 366 23 0 
0 0 0 263 688 49 24 0 0 0 12 951 32 24 5 0 29 353 605 17 16 4 0 0 
0 0 0 30 651 142 191 10 0 0 0 243 564 75 142 0 38 100 699 134 40 13 0 0 
0 11 127 735 23 69 56 3 1 15 629 233 57 40 49 0 156 768 51 33 11 5 0 0 
0 0 25 461 49 464 25 0 0 0 285 223 432 80 4 0 433 518 69 4 0 0 0 0 
0 0 0 57 466 466 35 0 0 0 1 107 829 84 3 0 848 121 55 0 0 0 0 0 
0 2 254 150 215 137 164 102 0 6 264 64 260 143 223 64 1 241 59 226 208 182 107 0 
0 0 7 61 157 240 484 75 0 0 16 72 88 413 411 24 0 15 110 284 246 325 44 0 
0 0 117 372 36 78 199 222 0 0 292 206 32 154 146 194 7 456 41 121 79 93 223 4 
0 0 92 558 76 44 146 108 0 0 334 365 43 120 69 93 0 681 57 118 10 43 115 0 
0 0 79 560 208 70 107 0 0 0 317 500 76 109 22 0 31 594 288 111 0 0 0 0 
0 0 0 203 222 242 321 36 0 0 17 334 214 322 127 10 51 192 417 159 143 62 0 0 
3 30 94 286 88 294 207 22 7 38 167 221 93 338 154 6 254 306 191 100 105 60 8 0 
0 0 2 188 333 253 225 23 0 0 33 276 242 246 218 9 39 355 202 123 241 64 0 0 
0 0 19 406 138 204 256 1 0 0 77 350 150 205 242 0 125 376 151 221 149 2 0 0 
7 74 73 321 69 179 225 76 0 4 162 227 131 299 130 71 2 171 262 174 231 87 97 0 
13 60 93 186 225 185 243 19 0 0 61 216 274 391 82 0 25 103 212 427 198 59 0 0 
0 5 11 157 24 87 418 322 0 5 26 148 30 287 247 281 6 134 56 240 114 127 302 45 
0 0 7 113 31 67 462 344 0 2 10 123 35 169 428 257 0 99 42 150 78 267 369 19 
0 1 9 207 149 162 333 163 0 2 25 276 85 256 260 120 1 62 200 229 161 224 146 1 
0 0 0 14 59 233 471 247 0 0 0 27 104 278 450 165 0 3 120 188 157 447 109 0 
0 1 164 98 157 279 237 88 0 13 210 46 195 286 216 58 24 200 207 273 116 193 11 0 
0 0 133 250 139 164 290 48 0 1 265 141 139 195 261 22 33 301 173 170 268 79 0 0 
0 0 92 118 210 329 271 4 0 8 121 161 246 256 230 2 161 220 276 244 106 17 0 0 
0 0 16 193 361 87 223 144 0 0 46 229 328 69 223 129 42 99 137 163 190 172 177 44 
0 0 0 25 81 154 400 364 0 0 0 70 68 278 277 331 0 0 16 153 169 232 404 50 
0 0 3 198 275 49 312 187 0 0 28 198 260 219 182 137 2 128 110 322 169 85 183 25 
0 0 0 259 674 22 19 50 0 0 0 308 629 22 27 38 0 106 232 599 22 16 43 6 
0 77 47 329 534 13 17 7 19 101 60 547 270 13 9 5 102 190 260 443 8 12 9 0 
0 0 0 89 584 203 79 69 0 0 0 195 613 84 82 50 0 48 144 629 52 78 73 0 
0 8 12 590 77 278 50 9 0 12 190 450 88 265 14 5 32 414 384 165 15 9 5 0 
0 1 8 644 200 128 38 5 0 5 69 700 98 125 26 1 11 196 737 41 32 7 0 0 
1 16 117 204 286 305 93 2 0 15 145 202 373 229 60 0 49 247 536 116 55 21 0 0 
0 0 24 50 97 122 489 242 0 6 33 69 81 201 432 202 42 204 144 144 198 57 182 53 
0 0 3 28 144 56 665 128 0 0 5 70 122 152 587 88 198 318 106 222 166 7 2 5 
0 0 0 0 22 69 599 334 0 0 0 0 14 338 335 337 0 0 0 2 288 168 372 194 
0 0 0 13 67 136 444 364 2 28 28 38 88 169 413 258 14 41 48 106 95 247 387 86 
1 112 131 127 148 175 253 77 43 172 129 123 103 231 156 67 166 144 144 184 143 139 83 21 
0 5 25 70 121 185 358 260 0 13 50 120 62 232 326 221 29 112 67 130 91 273 283 39 
0 11 81 156 265 335 151 25 2 60 103 280 100 371 87 21 206 376 198 188 35 10 11 0 
0 10 83 237 321 233 104 36 0 41 104 406 131 228 93 21 244 514 153 43 23 42 5 0 
0 0 7 347 240 267 156 7 0 3 44 470 88 258 157 4 32 487 174 161 155 15 0 0 
0 0 1 38 517 83 140 245 0 0 1 155 411 90 131 236 0 0 1 245 346 102 196 134 
0 0 10 32 404 210 93 275 8 19 14 121 367 169 74 252 1 18 29 518 109 61 160 128 
0 87 110 168 334 60 265 0 0 6 222 198 280 265 53 0 17 83 414 235 275 0 0 0 
0 57 156 97 552 81 81 0 0 0 192 297 379 130 26 0 23 112 522 118 156 84 9 0 
14 22 20 48 852 49 19 0 18 19 34 222 691 25 15 0 49 163 752 24 4 27 5 0 
0 0 0 0 1014 10 0 0 0 0 0 437 587 0 0 0 0 975 49 0 0 0 0 0 
0 2 4 8 904 86 20 0 0 4 4 565 397 53 1 0 6 918 32 28 39 1 0 0 
13 22 37 91 753 90 17 1 16 27 35 618 252 60 14 2 39 647 223 85 22 8 0 0 
139 118 110 77 537 35 8 0 139 122 118 449 177 9 10 0 208 674 108 22 10 2 0 0 
0 12 87 151 198 187 224 165 1 21 74 177 205 225 199 122 0 14 92 238 237 195 208 40 
4 59 112 159 140 161 223 166 2 62 122 185 133 259 107 154 0 20 126 303 226 156 152 41 
2 102 24 59 161 268 364 44 0 12 122 122 185 452 130 1 1 10 110 569 229 77 28 0 
0 145 49 44 46 97 521 122 0 4 81 166 59 330 360 24 4 20 24 198 517 100 161 0 
17 72 109 113 292 211 183 27 29 85 117 157 303 111 210 12 91 177 291 143 40 132 135 15 
26 163 233 109 133 313 47 0 55 207 220 89 335 92 26 0 198 496 182 50 88 10 0 0 
52 68 226 207 204 250 17 0 55 103 237 170 200 253 6 0 66 403 165 81 152 131 26 0 
10 30 92 239 414 130 105 4 13 28 82 273 331 179 106 12 41 235 361 126 130 104 27 0 
66 146 267 430 111 2 2 0 74 148 381 381 37 1 2 0 153 738 115 15 1 2 0 0 
0 2 22 63 295 544 98 0 0 9 59 136 293 525 2 0 33 82 71 234 397 207 0 0 
0 0 6 167 669 180 2 0 0 1 15 485 379 144 0 0 1 19 372 368 240 24 0 0 
1 11 24 31 212 330 344 71 0 14 40 88 309 432 140 1 14 31 85 468 259 139 28 0 
129 126 27 52 64 235 285 106 50 26 213 82 131 312 189 21 40 43 82 339 282 139 99 0 
66 255 207 110 107 149 111 19 68 193 280 92 71 159 161 0 109 313 87 78 126 179 130 2 
14 33 70 545 358 4 0 0 21 35 202 693 71 2 0 0 58 734 227 5 0 0 0 0 
0 0 12 314 684 14 0 0 0 0 50 619 353 2 0 0 2 517 410 87 8 0 0 0 
0 0 6 378 639 1 0 0 0 1 38 654 331 0 0 0 5 564 390 61 4 0 0 0 
0 0 111 708 167 38 0 0 0 5 356 556 104 3 0 0 35 734 255 0 0 0 0 0 
