121 230 458 185 30 0 0 0 121 120 455 258 70 0 0 0 241 481 168 132 2 0 0 0 
87 206 329 318 84 0 0 0 93 105 203 503 120 0 0 0 153 364 323 138 46 0 0 0 
157 94 113 503 157 0 0 0 150 60 86 508 220 0 0 0 174 131 468 147 104 0 0 0 
158 60 53 672 81 0 0 0 155 53 46 677 89 4 0 0 177 97 643 61 46 0 0 0 
114 74 51 702 76 7 0 0 103 78 44 704 85 10 0 0 132 73 707 44 63 5 0 0 
46 45 28 853 52 0 0 0 37 46 25 850 66 0 0 0 68 42 842 35 37 0 0 0 
8 6 15 956 38 1 0 0 2 12 7 958 44 1 0 0 9 121 832 36 26 0 0 0 
0 0 132 875 17 0 0 0 0 0 1 1003 20 0 0 0 0 485 515 8 16 0 0 0 
0 0 720 304 0 0 0 0 0 0 0 1024 0 0 0 0 0 957 67 0 0 0 0 0 
19 26 916 39 24 0 0 0 20 19 195 760 30 0 0 0 37 903 43 35 6 0 0 0 
150 113 500 178 83 0 0 0 139 90 446 252 97 0 0 0 238 532 158 88 8 0 0 0 
175 130 243 387 89 0 0 0 167 65 194 493 105 0 0 0 240 323 328 133 0 0 0 0 
129 59 539 252 45 0 0 0 127 27 541 244 85 0 0 0 147 319 373 185 0 0 0 0 
3 640 322 59 0 0 0 0 2 290 667 65 0 0 0 0 7 937 76 4 0 0 0 0 
198 106 494 86 111 29 0 0 196 58 429 195 109 37 0 0 211 157 483 61 108 4 0 0 
192 161 418 107 54 91 1 0 166 63 148 491 50 105 1 0 171 139 538 42 111 22 1 0 
186 152 288 193 100 105 0 0 169 55 131 436 108 125 0 0 165 124 466 109 126 34 0 0 
153 85 74 318 297 97 0 0 128 62 77 326 327 104 0 0 134 93 191 384 182 40 0 0 
132 265 237 181 115 94 0 0 126 44 232 324 190 108 0 0 123 129 307 251 178 36 0 0 
195 213 244 215 117 40 0 0 199 87 177 328 194 39 0 0 222 174 334 174 101 19 0 0 
205 232 216 244 121 6 0 0 200 88 201 337 190 8 0 0 242 183 328 199 67 5 0 0 
169 243 227 293 91 1 0 0 143 93 241 394 152 1 0 0 179 172 402 173 98 0 0 0 
123 204 243 332 120 2 0 0 110 80 216 438 178 2 0 0 146 293 347 160 77 1 0 0 
113 191 301 266 153 0 0 0 108 93 176 418 229 0 0 0 168 245 320 228 63 0 0 0 
49 115 369 291 199 1 0 0 47 83 306 349 239 0 0 0 72 225 483 239 5 0 0 0 
17 39 866 36 66 0 0 0 19 31 859 41 74 0 0 0 25 353 567 78 1 0 0 0 
0 0 1012 8 4 0 0 0 0 0 972 47 5 0 0 0 0 909 115 0 0 0 0 0 
3 211 493 225 91 1 0 0 0 46 588 257 124 9 0 0 48 865 46 52 13 0 0 0 
1 19 254 739 11 0 0 0 0 20 79 330 595 0 0 0 0 19 451 554 0 0 0 0 
0 0 168 578 278 0 0 0 0 0 0 423 601 0 0 0 0 0 417 607 0 0 0 0 
0 0 36 536 452 0 0 0 0 0 0 501 523 0 0 0 0 0 477 547 0 0 0 0 
0 2 9 630 260 123 0 0 0 1 10 614 261 138 0 0 0 0 111 627 156 130 0 0 
4 102 147 525 174 72 0 0 1 84 132 560 156 91 0 0 0 81 209 536 99 99 0 0 
5 24 361 381 141 112 0 0 0 26 196 446 237 119 0 0 0 4 474 345 144 57 0 0 
55 36 604 165 95 68 1 0 59 33 502 192 132 105 1 0 53 37 665 120 114 34 0 1 
119 46 618 126 83 32 0 0 110 35 476 249 113 41 0 0 103 45 712 53 106 5 0 0 
152 151 551 50 106 14 0 0 137 110 564 85 122 6 0 0 147 158 572 45 100 2 0 0 
28 87 659 155 92 3 0 0 23 36 691 154 115 5 0 0 28 247 570 148 26 5 0 0 
2 10 498 241 208 65 0 0 0 11 379 352 201 81 0 0 1 77 611 170 118 47 0 0 
12 158 380 231 234 9 0 0 1 159 303 259 280 22 0 0 18 594 220 130 61 1 0 0 
1 37 151 399 422 14 0 0 0 22 108 352 521 21 0 0 16 323 122 353 209 1 0 0 
3 72 171 263 514 1 0 0 0 32 170 239 558 25 0 0 4 67 189 373 389 2 0 0 
30 106 138 304 267 176 3 0 37 124 103 238 342 180 0 0 41 112 261 333 143 134 0 0 
31 148 91 242 298 205 9 0 39 154 84 158 370 219 0 0 46 147 144 361 178 147 1 0 
54 149 133 158 333 186 11 0 81 179 86 135 351 192 0 0 123 148 136 323 150 144 0 0 
27 103 91 179 465 143 16 0 31 112 90 192 457 142 0 0 28 115 142 355 271 112 1 0 
11 163 113 262 357 118 0 0 27 163 124 299 313 98 0 0 46 149 234 351 168 76 0 0 
16 98 92 244 284 290 0 0 11 99 97 169 396 249 3 0 20 65 180 365 237 152 5 0 
42 121 131 338 306 86 0 0 72 95 145 213 431 68 0 0 55 141 257 370 146 55 0 0 
41 77 41 669 135 61 0 0 70 59 32 108 682 73 0 0 79 51 494 267 90 43 0 0 
37 104 195 587 72 29 0 0 47 88 177 540 135 37 0 0 59 87 684 116 50 28 0 0 
16 64 216 314 176 238 0 0 14 52 219 330 197 212 0 0 13 108 396 186 215 106 0 0 
20 56 114 322 420 92 0 0 22 48 97 331 449 77 0 0 28 70 203 376 327 20 0 0 
0 10 415 144 397 58 0 0 0 3 344 205 347 125 0 0 0 0 455 182 382 5 0 0 
0 3 804 56 152 9 0 0 0 2 736 119 120 47 0 0 0 0 810 67 144 3 0 0 
0 0 850 172 2 0 0 0 0 0 725 295 4 0 0 0 0 2 1019 2 1 0 0 0 
0 16 85 376 295 232 20 0 0 9 53 393 210 334 25 0 0 17 357 343 79 211 17 0 
0 0 1 433 571 19 0 0 0 0 0 386 336 302 0 0 0 0 269 715 27 13 0 0 
0 0 0 429 575 20 0 0 0 0 0 375 261 388 0 0 0 0 215 775 16 18 0 0 
0 0 8 291 238 453 34 0 0 0 1 269 241 478 35 0 0 0 193 241 131 448 11 0 
0 58 158 344 349 115 0 0 0 38 125 384 350 127 0 0 0 84 390 418 25 107 0 0 
0 13 18 430 430 128 5 0 0 18 13 424 429 134 6 0 1 7 414 438 32 123 9 0 
1 39 297 188 253 236 10 0 2 44 82 391 254 236 15 0 3 44 446 236 77 217 1 0 
7 65 375 125 296 156 0 0 23 71 152 310 312 154 2 0 29 66 433 298 82 116 0 0 
0 120 373 243 178 109 1 0 2 110 317 233 262 100 0 0 18 147 460 249 73 77 0 0 
4 19 229 223 240 304 5 0 1 18 199 193 298 306 9 0 0 70 273 200 192 284 5 0 
11 40 187 215 136 356 79 0 18 28 163 251 129 341 94 0 30 45 214 177 132 344 82 0 
18 86 319 287 119 127 63 5 30 58 309 319 105 140 63 0 42 111 481 87 89 165 49 0 
20 46 167 423 72 202 88 6 39 37 104 418 151 182 93 0 55 56 475 117 67 186 68 0 
0 0 4 349 165 393 113 0 0 0 1 336 156 386 145 0 0 2 315 54 160 357 136 0 
12 22 27 38 296 571 58 0 14 20 14 47 322 573 34 0 16 18 26 79 271 583 31 0 
0 0 0 37 944 43 0 0 0 0 0 25 896 103 0 0 0 0 0 907 83 34 0 0 
0 0 0 29 731 232 32 0 0 0 0 29 697 268 30 0 0 0 9 682 110 205 18 0 
0 0 10 70 282 513 149 0 0 0 2 56 299 531 136 0 0 0 7 158 196 568 95 0 
0 4 15 53 329 503 120 0 0 0 19 47 388 473 97 0 0 0 19 269 158 515 63 0 
0 0 0 38 348 582 56 0 0 0 0 37 348 578 61 0 0 0 0 201 180 609 34 0 
0 0 0 24 242 705 53 0 0 0 0 22 274 687 41 0 0 0 0 8 276 694 46 0 
31 26 16 176 373 388 14 0 34 21 18 42 519 377 13 0 46 13 43 214 299 390 19 0 
0 18 117 468 134 275 12 0 0 7 108 150 493 258 8 0 3 24 388 220 134 247 8 0 
18 24 16 210 202 510 44 0 22 23 23 95 334 489 38 0 35 28 154 75 236 472 24 0 
13 39 36 90 201 466 177 2 28 54 70 84 198 466 124 0 68 52 43 86 196 451 128 0 
0 10 17 36 157 480 323 1 10 23 13 41 165 516 255 1 21 11 18 46 220 463 245 0 
0 12 24 135 133 521 198 1 18 17 8 133 127 523 198 0 26 9 121 28 153 474 213 0 
0 0 4 225 173 485 137 0 0 0 11 267 100 507 139 0 0 2 270 15 150 413 174 0 
0 32 52 164 397 267 112 0 0 34 45 154 200 469 122 0 0 30 45 256 415 170 108 0 
0 0 0 159 575 194 96 0 0 0 0 129 254 545 96 0 0 0 18 468 371 80 87 0 
0 0 0 165 558 195 106 0 0 0 0 135 338 440 111 0 0 0 59 567 206 151 41 0 
0 0 4 180 530 218 92 0 0 0 2 176 405 344 97 0 0 0 98 562 95 235 34 0 
0 42 103 169 392 235 83 0 0 23 112 160 361 300 68 0 0 48 158 465 45 251 57 0 
0 0 0 163 571 260 30 0 0 0 0 163 480 348 33 0 0 0 159 516 54 273 22 0 
0 0 0 184 532 291 17 0 0 0 0 172 512 318 22 0 0 0 162 514 33 278 37 0 
23 37 11 202 529 207 15 0 39 23 12 189 535 207 19 0 46 14 179 494 72 198 21 0 
0 46 154 171 367 263 23 0 0 34 133 162 412 267 16 0 4 76 196 392 72 273 11 0 
3 33 37 349 403 175 24 0 23 13 12 356 394 207 19 0 28 14 365 332 145 133 7 0 
22 11 47 726 81 125 12 0 5 29 36 673 138 132 11 0 7 26 716 68 171 27 9 0 
117 64 236 363 217 27 0 0 3 167 194 278 352 30 0 0 2 90 584 126 215 7 0 0 
0 41 160 707 109 7 0 0 0 3 51 420 544 6 0 0 0 7 566 371 80 0 0 0 
0 0 7 298 419 273 27 0 0 95 167 224 527 11 0 0 187 82 489 249 17 0 0 0 
72 90 81 106 529 82 46 18 0 0 70 168 319 369 70 28 0 12 53 148 470 136 144 61 
0 6 12 36 570 276 100 24 0 6 17 25 391 471 86 28 0 9 17 376 235 211 137 39 
70 52 74 136 633 58 1 0 64 67 102 115 626 50 0 0 71 69 103 632 94 54 1 0 
99 52 52 126 611 81 3 0 100 63 90 113 594 63 1 0 103 78 69 563 140 70 1 0 
78 57 121 192 557 19 0 0 67 68 103 175 588 23 0 0 85 60 112 653 86 28 0 0 
23 37 58 106 678 112 10 0 30 41 135 110 617 89 2 0 28 71 133 548 147 94 3 0 
96 47 89 137 584 66 5 0 96 74 132 127 547 48 0 0 106 90 112 531 131 51 3 0 
85 60 44 110 619 105 1 0 89 83 121 117 546 67 1 0 96 113 119 439 179 77 1 0 
84 55 79 184 523 97 2 0 102 75 144 155 470 78 0 0 100 117 159 387 180 79 2 0 
91 50 65 323 431 64 0 0 96 63 147 234 444 40 0 0 106 114 323 267 173 41 0 0 
91 73 31 778 41 10 0 0 23 134 57 748 54 8 0 0 29 131 791 36 26 11 0 0 
186 228 87 287 236 0 0 0 0 355 131 179 359 0 0 0 3 175 431 327 88 0 0 0 
0 0 31 839 154 0 0 0 0 0 29 90 905 0 0 0 0 0 822 172 30 0 0 0 
0 0 0 980 44 0 0 0 0 0 0 9 1015 0 0 0 0 0 983 41 0 0 0 0 
7 50 91 47 625 69 118 17 0 16 65 79 118 587 139 20 0 7 69 171 518 67 154 38 
0 0 1 13 707 138 160 5 0 0 1 8 73 771 166 5 0 0 2 459 291 79 186 7 
6 18 15 21 751 188 25 0 6 17 16 18 117 830 20 0 4 20 15 697 77 146 64 1 
5 10 12 31 852 112 2 0 6 9 11 19 703 275 1 0 5 10 11 815 64 117 2 0 
10 38 110 90 664 112 0 0 10 35 92 97 676 114 0 0 7 47 113 722 24 111 0 0 
8 7 6 38 866 99 0 0 8 7 6 23 877 103 0 0 6 9 7 885 20 97 0 0 
7 6 13 12 876 110 0 0 8 6 12 6 883 109 0 0 7 7 12 870 32 96 0 0 
0 4 12 32 880 96 0 0 0 6 10 24 888 96 0 0 0 7 18 902 5 92 0 0 
0 12 55 72 797 88 0 0 0 11 50 52 823 88 0 0 0 19 277 610 38 80 0 0 
0 0 0 280 653 91 0 0 0 0 0 184 744 96 0 0 0 0 706 222 24 72 0 0 
73 51 31 845 10 14 0 0 25 97 27 355 500 20 0 0 30 75 895 1 16 7 0 0 
62 97 52 169 301 342 1 0 0 125 102 135 322 339 0 1 15 74 151 165 319 299 1 0 
0 0 0 365 511 148 0 0 0 0 0 50 856 118 0 0 0 0 467 312 168 77 0 0 
0 0 0 791 233 0 0 0 0 0 0 0 1024 0 0 0 0 0 1006 18 0 0 0 0 
0 4 51 41 928 0 0 0 0 0 50 26 234 714 0 0 0 0 25 795 201 3 0 0 
0 0 0 23 725 263 13 0 0 0 0 11 107 891 15 0 0 0 0 555 311 147 11 0 
0 0 0 0 1024 0 0 0 0 0 0 0 7 1017 0 0 0 0 0 1024 0 0 0 0 
0 0 0 0 1024 0 0 0 0 0 0 0 479 545 0 0 0 0 0 1024 0 0 0 0 
0 0 30 59 935 0 0 0 0 0 28 55 881 60 0 0 0 0 35 988 1 0 0 0 
0 0 0 0 1024 0 0 0 0 0 0 0 1024 0 0 0 0 0 0 1024 0 0 0 0 
0 0 0 69 932 6 8 9 0 0 0 30 938 39 8 9 0 0 58 932 11 5 6 12 
0 0 0 437 582 5 0 0 0 0 0 269 705 50 0 0 0 0 431 578 13 2 0 0 
0 0 1 268 751 4 0 0 0 0 0 189 822 13 0 0 0 0 527 477 19 1 0 0 
0 0 0 291 729 4 0 0 0 0 0 59 884 81 0 0 0 0 736 271 15 2 0 0 
10 29 83 516 141 243 2 0 99 105 128 191 305 196 0 0 149 163 371 81 153 107 0 0 
0 7 34 76 297 609 1 0 0 38 56 79 294 557 0 0 2 48 61 88 432 392 1 0 
0 0 3 141 639 241 0 0 0 0 2 111 665 246 0 0 0 7 153 582 277 5 0 0 
0 0 25 124 875 0 0 0 0 0 20 24 980 0 0 0 0 26 874 124 0 0 0 0 
38 41 20 65 788 62 10 0 47 26 34 64 678 169 6 0 62 48 50 775 59 28 2 0 
16 39 81 67 264 529 27 1 22 61 103 79 283 463 13 0 47 143 143 241 188 259 3 0 
0 4 49 144 484 293 50 0 0 26 41 123 242 550 42 0 10 39 48 403 212 275 37 0 
4 65 20 85 507 300 43 0 0 1 63 61 238 614 47 0 0 1 8 455 199 324 37 0 
5 72 36 59 497 293 62 0 17 17 72 88 349 421 60 0 33 19 62 465 173 234 38 0 
40 118 101 232 396 137 0 0 84 77 68 239 394 162 0 0 146 81 222 341 129 105 0 0 
21 61 36 258 541 88 11 8 40 49 22 188 509 197 9 10 66 38 281 455 97 66 6 15 
0 0 48 785 142 35 12 2 0 0 104 513 351 40 14 2 0 117 653 166 50 27 8 3 
0 7 72 501 365 73 6 0 0 7 85 423 423 81 5 0 0 72 314 424 158 55 1 0 
0 0 7 551 400 66 0 0 0 0 7 331 588 97 1 0 0 22 533 281 130 58 0 0 
56 111 123 240 354 140 0 0 41 118 166 223 354 122 0 0 36 199 132 337 260 60 0 0 
35 75 56 211 446 199 2 0 23 80 61 214 469 177 0 0 15 52 105 370 390 90 2 0 
48 95 168 297 325 58 33 0 20 103 172 296 349 45 39 0 0 150 222 390 194 36 32 0 
5 104 150 316 277 122 50 0 3 111 113 282 345 113 57 0 8 109 359 241 154 104 49 0 
16 4 18 145 617 193 31 0 16 5 15 93 588 285 22 0 17 16 136 620 42 181 12 0 
9 11 26 54 154 691 76 3 9 17 23 69 236 626 44 0 25 94 142 85 120 520 38 0 
0 0 0 5 209 743 67 0 0 0 1 6 215 735 67 0 0 0 3 62 229 678 52 0 
0 0 0 2 211 789 22 0 0 0 0 1 208 793 22 0 0 0 0 76 211 722 15 0 
0 0 0 23 183 818 0 0 0 0 0 15 201 808 0 0 0 0 25 92 146 761 0 0 
0 0 0 72 102 850 0 0 0 0 0 48 128 848 0 0 0 0 56 74 105 789 0 0 
0 0 0 22 639 363 0 0 0 0 0 22 649 353 0 0 0 0 7 229 691 97 0 0 
0 14 136 176 671 27 0 0 17 35 124 147 683 18 0 0 18 57 110 123 702 14 0 0 
1 22 81 149 612 159 0 0 37 36 64 123 641 123 0 0 32 56 64 109 639 124 0 0 
4 21 59 120 564 256 0 0 1 18 63 86 641 215 0 0 9 31 104 84 559 237 0 0 
44 83 259 186 239 212 1 0 0 34 200 289 282 218 1 0 0 32 102 356 334 200 0 0 
296 113 161 159 254 41 0 0 2 70 284 351 277 40 0 0 0 21 167 348 428 60 0 0 
389 96 70 128 98 194 49 0 15 126 241 284 81 237 40 0 13 84 173 316 256 148 34 0 
269 172 112 70 150 251 0 0 231 207 113 82 195 196 0 0 206 187 190 207 220 14 0 0 
0 0 0 120 684 212 8 0 0 0 0 83 652 284 5 0 0 0 84 615 129 189 7 0 
21 68 48 190 373 305 19 0 71 81 110 176 335 234 17 0 69 57 105 177 343 262 11 0 
12 46 43 30 175 713 5 0 0 63 43 31 185 698 4 0 0 16 65 51 180 704 8 0 
0 0 0 51 316 640 17 0 0 0 13 81 323 606 1 0 0 7 21 77 296 611 12 0 
0 0 0 0 91 927 6 0 0 0 0 1 97 924 2 0 0 0 0 1 107 916 0 0 
5 17 11 7 102 881 1 0 11 18 5 7 105 878 0 0 13 17 4 7 129 854 0 0 
0 0 0 1 707 316 0 0 0 0 0 3 759 262 0 0 0 0 0 190 696 138 0 0 
455 114 195 110 67 83 0 0 567 92 138 84 81 62 0 0 567 94 160 80 123 0 0 0 
621 80 141 138 43 0 1 0 698 60 104 134 28 0 0 0 701 58 135 111 19 0 0 0 
18 12 34 127 355 467 11 0 17 14 32 123 358 470 10 0 4 20 43 122 353 464 18 0 
183 190 84 71 200 296 0 0 0 150 227 103 265 279 0 0 0 0 201 157 394 265 7 0 
195 152 136 112 277 152 0 0 48 193 165 144 276 196 2 0 3 170 120 173 274 266 18 0 
3 15 40 51 662 253 0 0 2 11 31 52 672 256 0 0 2 8 21 57 486 450 0 0 
30 5 38 142 432 377 0 0 29 5 34 134 411 411 0 0 32 6 105 105 551 225 0 0 
1 85 23 179 599 137 0 0 0 90 17 153 660 104 0 0 1 83 144 472 289 35 0 0 
36 17 30 227 353 348 13 0 46 57 84 233 309 288 7 0 39 32 93 234 331 289 6 0 
150 149 119 195 219 187 5 0 74 220 123 208 216 177 6 0 0 28 230 312 267 178 9 0 
0 6 14 116 469 409 10 0 0 1 27 154 472 370 0 0 0 7 37 173 432 375 0 0 
30 21 47 111 355 460 0 0 2 27 45 114 394 442 0 0 0 6 48 122 465 383 0 0 
47 90 54 237 426 167 3 0 97 64 47 252 412 149 3 0 104 39 79 240 419 140 3 0 
15 4 26 210 592 175 2 0 0 1 14 206 623 178 2 0 0 2 9 244 590 177 2 0 
98 24 80 219 520 83 0 0 100 27 84 259 482 72 0 0 101 26 114 327 430 26 0 0 
0 43 278 138 442 123 0 0 0 50 276 152 424 122 0 0 0 88 292 120 501 23 0 0 
238 43 35 66 511 131 0 0 258 27 41 101 473 124 0 0 258 27 44 139 499 57 0 0 
242 157 66 82 302 175 0 0 38 280 117 77 336 176 0 0 43 19 279 214 285 184 0 0 
207 165 164 163 242 83 0 0 20 173 222 220 284 105 0 0 7 113 117 250 392 141 4 0 
0 0 17 83 871 53 0 0 0 0 16 74 883 51 0 0 0 4 19 109 731 161 0 0 
0 5 89 301 600 29 0 0 0 4 84 282 636 18 0 0 0 6 102 351 549 16 0 0 
0 34 57 616 315 2 0 0 0 25 36 419 544 0 0 0 0 48 642 149 185 0 0 0 
28 43 66 121 718 48 0 0 53 78 61 117 703 12 0 0 25 79 70 126 706 18 0 0 
185 72 83 147 493 44 0 0 196 80 77 143 510 18 0 0 183 51 97 140 528 25 0 0 
419 30 56 100 376 43 0 0 415 28 60 101 404 16 0 0 407 28 59 94 420 16 0 0 
84 33 26 180 683 18 0 0 87 31 26 192 676 12 0 0 82 32 26 179 684 21 0 0 
72 45 27 186 510 184 0 0 81 34 30 169 538 172 0 0 75 39 30 158 541 181 0 0 
24 13 38 517 371 61 0 0 25 14 42 510 367 66 0 0 24 14 81 509 327 69 0 0 
666 38 14 52 203 51 0 0 674 34 11 54 206 45 0 0 676 31 19 81 187 30 0 0 
702 65 42 46 150 18 1 0 705 66 40 52 140 20 1 0 704 65 44 71 123 15 2 0 
1002 14 5 3 0 0 0 0 1003 13 5 3 0 0 0 0 1005 11 5 3 0 0 0 0 
175 72 50 180 518 29 0 0 128 83 81 193 510 29 0 0 127 28 107 241 488 33 0 0 
157 86 350 134 297 0 0 0 48 145 416 107 308 0 0 0 3 379 140 190 310 2 0 0 
0 3 459 238 324 0 0 0 0 122 382 178 342 0 0 0 0 458 64 271 231 0 0 0 
0 79 408 346 191 0 0 0 0 337 154 304 229 0 0 0 0 423 89 380 132 0 0 0 
0 37 128 720 139 0 0 0 0 32 83 680 229 0 0 0 2 69 790 46 117 0 0 0 
352 86 148 220 217 1 0 0 366 145 197 111 204 1 0 0 421 145 155 107 195 1 0 0 
440 97 78 320 86 3 0 0 515 48 76 302 83 0 0 0 504 56 72 303 88 1 0 0 
459 177 144 190 51 3 0 0 603 231 112 76 2 0 0 0 745 163 56 47 13 0 0 0 
232 253 167 268 101 3 0 0 344 214 189 207 63 7 0 0 467 177 202 111 62 5 0 0 
149 151 108 304 303 9 0 0 183 128 128 317 254 14 0 0 183 141 232 322 133 13 0 0 
112 110 182 214 406 0 0 0 144 78 198 233 370 1 0 0 138 97 268 337 180 4 0 0 
91 22 173 485 249 4 0 0 90 96 444 197 195 2 0 0 515 117 121 134 136 1 0 0 
103 19 91 603 197 10 1 0 99 72 383 318 149 2 1 0 541 76 145 144 117 0 1 0 
251 27 97 483 165 1 0 0 250 72 326 241 135 0 0 0 631 49 131 101 112 0 0 0 
30 58 71 264 482 119 0 0 28 63 84 399 426 24 0 0 58 173 175 272 345 1 0 0 
25 59 60 429 420 31 0 0 1 77 57 640 249 0 0 0 0 183 206 508 127 0 0 0 
0 17 238 544 218 7 0 0 0 34 213 449 328 0 0 0 0 114 143 348 419 0 0 0 
0 69 272 599 84 0 0 0 0 180 153 594 97 0 0 0 0 296 152 485 91 0 0 0 
0 50 384 539 51 0 0 0 0 42 136 799 47 0 0 0 2 197 753 42 30 0 0 0 
264 45 134 402 179 0 0 0 266 81 142 383 152 0 0 0 290 98 245 362 29 0 0 0 
516 49 38 299 122 0 0 0 516 49 37 300 122 0 0 0 513 63 132 251 65 0 0 0 
460 30 45 365 124 0 0 0 460 35 42 365 122 0 0 0 461 44 146 278 95 0 0 0 
640 33 16 225 110 0 0 0 643 29 18 223 111 0 0 0 639 31 34 238 82 0 0 0 
863 43 34 73 11 0 0 0 873 36 31 75 9 0 0 0 869 34 36 72 13 0 0 0 
374 230 209 54 157 0 0 0 372 229 208 74 141 0 0 0 374 291 157 202 0 0 0 0 
0 0 56 684 280 4 0 0 0 23 498 412 89 2 0 0 662 143 81 133 5 0 0 0 
0 0 21 683 306 11 3 0 0 11 493 445 67 8 0 0 758 107 72 67 16 4 0 0 
0 1 66 725 216 14 2 0 0 55 543 368 53 5 0 0 789 129 44 52 10 0 0 0 
68 6 61 722 166 1 0 0 69 16 112 690 137 0 0 0 136 32 170 667 19 0 0 0 
20 17 32 566 389 0 0 0 22 15 22 584 381 0 0 0 20 22 38 915 29 0 0 0 
0 33 107 849 35 0 0 0 0 26 46 839 113 0 0 0 0 12 52 781 179 0 0 0 
0 14 217 774 19 0 0 0 0 20 115 866 23 0 0 0 0 18 96 837 73 0 0 0 
5 64 858 97 0 0 0 0 0 60 606 358 0 0 0 0 24 749 243 8 0 0 0 0 
596 76 171 180 1 0 0 0 614 79 108 222 1 0 0 0 608 81 117 217 1 0 0 0 
681 116 167 60 0 0 0 0 707 104 133 80 0 0 0 0 695 103 133 91 2 0 0 0 
578 126 168 146 6 0 0 0 664 112 88 157 3 0 0 0 648 119 93 153 11 0 0 0 
621 105 158 137 3 0 0 0 667 82 125 150 0 0 0 0 658 97 109 150 10 0 0 0 
518 110 165 213 18 0 0 0 544 110 115 238 17 0 0 0 537 122 224 125 16 0 0 0 
197 73 178 531 45 0 0 0 214 84 152 560 14 0 0 0 214 99 238 451 22 0 0 0 
0 0 82 797 144 1 0 0 0 26 380 580 38 0 0 0 329 120 185 384 6 0 0 0 
0 0 40 838 129 15 2 0 0 10 523 449 37 4 1 0 503 149 223 134 11 3 1 0 
0 0 89 772 150 9 4 0 0 39 633 286 55 8 3 0 552 171 170 108 14 8 1 0 
443 54 101 421 5 0 0 0 454 60 130 379 1 0 0 0 484 95 193 252 0 0 0 0 
885 32 38 69 0 0 0 0 885 34 40 65 0 0 0 0 884 32 51 57 0 0 0 0 
345 15 27 579 58 0 0 0 345 15 24 532 108 0 0 0 344 16 139 499 26 0 0 0 
40 122 547 314 1 0 0 0 29 149 524 316 6 0 0 0 19 458 258 279 10 0 0 0 
