56 254 48 43 166 457 0 0 0 272 64 49 156 483 0 0 0 1 308 64 318 333 0 0 
0 28 24 164 706 102 0 0 0 18 27 159 678 142 0 0 0 0 37 275 708 4 0 0 
104 95 37 50 298 440 0 0 0 21 63 169 259 512 0 0 0 0 61 43 558 362 0 0 
0 0 1 20 280 723 0 0 0 0 0 16 286 722 0 0 0 0 2 52 452 518 0 0 
0 0 1 52 309 659 3 0 0 0 1 49 339 633 2 0 0 0 8 123 509 384 0 0 
0 27 101 138 326 431 1 0 0 10 108 136 308 461 1 0 1 34 88 182 390 329 0 0 
0 19 34 41 122 808 0 0 0 7 40 40 108 828 1 0 0 24 37 50 290 623 0 0 
0 446 376 26 93 83 0 0 0 417 405 24 89 89 0 0 0 602 225 28 150 19 0 0 
0 813 51 7 14 139 0 0 0 789 75 5 11 144 0 0 0 814 51 7 23 129 0 0 
26 998 0 0 0 0 0 0 1 1020 3 0 0 0 0 0 36 988 0 0 0 0 0 0 
4 1020 0 0 0 0 0 0 4 1020 0 0 0 0 0 0 48 976 0 0 0 0 0 0 
4 994 16 10 0 0 0 0 2 990 20 12 0 0 0 0 13 989 13 9 0 0 0 0 
305 486 109 109 15 0 0 0 206 573 113 116 16 0 0 0 311 495 116 88 14 0 0 0 
298 230 343 153 0 0 0 0 283 241 345 155 0 0 0 0 332 287 328 77 0 0 0 0 
158 489 123 167 87 0 0 0 90 598 69 136 130 1 0 0 155 534 71 179 84 1 0 0 
0 159 865 0 0 0 0 0 0 730 294 0 0 0 0 0 178 846 0 0 0 0 0 0 
17 59 862 49 37 0 0 0 6 398 547 29 42 2 0 0 54 847 63 29 31 0 0 0 
70 244 74 416 220 0 0 0 257 56 61 346 304 0 0 0 292 37 107 535 53 0 0 0 
53 967 4 0 0 0 0 0 717 307 0 0 0 0 0 0 988 36 0 0 0 0 0 0 
0 234 696 94 0 0 0 0 47 319 634 24 0 0 0 0 158 746 120 0 0 0 0 0 
0 0 1016 8 0 0 0 0 0 0 1024 0 0 0 0 0 0 1024 0 0 0 0 0 0 
0 0 935 89 0 0 0 0 0 0 1024 0 0 0 0 0 0 1009 15 0 0 0 0 0 
0 0 298 726 0 0 0 0 0 0 995 29 0 0 0 0 0 602 422 0 0 0 0 0 
0 0 4 531 212 152 125 0 0 0 211 344 173 131 151 14 0 37 390 212 141 117 127 0 
0 0 3 235 455 155 176 0 0 0 24 220 382 189 139 70 0 0 156 158 405 141 164 0 
0 0 0 242 228 213 341 0 0 0 12 261 189 177 222 163 0 0 166 205 164 166 323 0 
0 0 0 252 184 247 341 0 0 0 28 239 156 196 268 137 0 0 218 113 176 189 328 0 
0 0 0 340 132 193 359 0 0 0 70 286 102 160 310 96 0 0 301 110 89 197 327 0 
0 0 0 399 142 199 284 0 0 0 102 311 110 149 352 0 0 0 347 124 88 239 226 0 
0 0 0 194 219 410 201 0 0 0 6 197 131 344 346 0 0 0 150 108 220 400 146 0 
0 0 0 573 165 99 187 0 0 0 286 307 129 88 154 60 0 0 514 141 110 77 182 0 
111 160 82 169 315 187 0 0 87 164 99 129 311 234 0 0 62 162 131 137 365 167 0 0 
144 98 69 216 350 147 0 0 63 165 74 197 376 149 0 0 68 134 101 251 398 72 0 0 
77 246 36 194 140 320 11 0 21 233 95 180 156 331 8 0 28 93 215 219 223 246 0 0 
0 27 26 170 305 489 7 0 0 10 37 150 353 467 7 0 0 0 47 196 499 282 0 0 
0 0 0 36 501 481 6 0 0 0 0 49 558 414 3 0 0 0 1 171 631 219 2 0 
3 51 48 175 288 452 7 0 0 0 43 180 306 493 2 0 0 0 54 278 363 329 0 0 
0 0 3 21 148 852 0 0 0 0 0 18 145 861 0 0 0 0 1 25 400 598 0 0 
72 274 70 200 285 123 0 0 86 264 63 173 285 153 0 0 180 182 76 214 337 35 0 0 
0 66 194 209 312 243 0 0 0 16 190 217 351 250 0 0 0 102 209 240 295 178 0 0 
0 117 53 52 265 533 4 0 0 105 65 49 235 566 4 0 0 124 53 65 489 291 2 0 
1 233 400 32 97 261 0 0 9 229 390 31 73 292 0 0 51 205 381 30 260 97 0 0 
13 303 653 21 30 4 0 0 42 262 668 21 25 6 0 0 141 222 613 24 22 2 0 0 
124 355 426 21 73 25 0 0 84 386 438 20 59 37 0 0 274 298 339 31 74 8 0 0 
184 531 304 5 0 0 0 0 130 689 194 11 0 0 0 0 443 427 154 0 0 0 0 0 
199 634 158 20 13 0 0 0 146 701 135 20 22 0 0 0 227 650 117 19 11 0 0 0 
0 0 1019 5 0 0 0 0 0 464 560 0 0 0 0 0 3 1021 0 0 0 0 0 0 
0 96 814 114 0 0 0 0 0 207 807 10 0 0 0 0 41 919 64 0 0 0 0 0 
46 503 227 74 174 0 0 0 69 565 143 103 144 0 0 0 216 561 155 90 2 0 0 0 
29 601 394 0 0 0 0 0 55 936 33 0 0 0 0 0 512 512 0 0 0 0 0 0 
0 0 1013 11 0 0 0 0 0 257 767 0 0 0 0 0 17 990 17 0 0 0 0 0 
0 0 1024 0 0 0 0 0 0 1 1023 0 0 0 0 0 0 1021 3 0 0 0 0 0 
0 0 992 32 0 0 0 0 0 0 1024 0 0 0 0 0 0 1024 0 0 0 0 0 0 
0 0 671 353 0 0 0 0 0 0 1024 0 0 0 0 0 0 1024 0 0 0 0 0 0 
0 0 91 933 0 0 0 0 0 0 1023 1 0 0 0 0 0 832 192 0 0 0 0 0 
0 0 136 600 288 0 0 0 0 0 659 74 291 0 0 0 0 420 269 47 288 0 0 0 
0 0 0 1024 0 0 0 0 0 0 1013 11 0 0 0 0 0 658 366 0 0 0 0 0 
0 0 0 1024 0 0 0 0 0 0 988 36 0 0 0 0 0 243 781 0 0 0 0 0 
0 0 0 1017 7 0 0 0 0 0 686 338 0 0 0 0 0 36 987 1 0 0 0 0 
0 0 0 861 163 0 0 0 0 0 387 582 55 0 0 0 0 2 885 137 0 0 0 0 
0 0 0 481 398 145 0 0 0 0 125 429 117 353 0 0 0 0 471 137 365 51 0 0 
0 0 0 962 62 0 0 0 0 0 396 609 19 0 0 0 0 3 976 45 0 0 0 0 
95 388 110 292 49 90 0 0 91 398 102 281 56 96 0 0 76 419 123 254 76 76 0 0 
296 200 100 275 38 115 0 0 192 292 106 268 42 124 0 0 258 247 102 253 65 99 0 0 
259 158 65 211 205 126 0 0 202 206 67 192 186 171 0 0 211 205 72 167 330 39 0 0 
241 136 64 177 144 262 0 0 65 300 68 166 129 296 0 0 158 219 60 165 214 208 0 0 
118 78 60 206 325 237 0 0 93 94 60 180 302 295 0 0 98 95 63 197 471 100 0 0 
257 118 66 295 144 142 2 0 118 202 91 282 171 160 0 0 197 129 40 332 187 139 0 0 
45 27 39 233 156 520 4 0 9 60 33 207 171 537 7 0 37 38 34 209 224 482 0 0 
0 282 110 295 191 146 0 0 0 282 94 255 234 159 0 0 119 180 109 255 311 50 0 0 
0 9 99 303 290 323 0 0 0 0 88 320 330 286 0 0 0 12 172 358 302 180 0 0 
0 12 63 131 449 368 1 0 0 3 40 136 474 370 1 0 0 33 85 274 480 152 0 0 
0 17 127 344 404 131 1 0 0 24 71 357 400 172 0 0 1 30 135 403 409 46 0 0 
0 0 38 253 511 222 0 0 0 0 32 242 467 283 0 0 0 0 54 307 563 100 0 0 
0 34 70 215 669 36 0 0 0 73 63 142 663 83 0 0 19 74 76 225 621 9 0 0 
8 100 618 88 169 41 0 0 12 641 85 76 127 83 0 0 85 625 42 91 175 6 0 0 
536 444 21 9 13 1 0 0 217 774 8 6 14 5 0 0 379 614 8 10 12 1 0 0 
0 0 988 36 0 0 0 0 0 591 433 0 0 0 0 0 25 996 3 0 0 0 0 0 
0 112 853 59 0 0 0 0 55 264 705 0 0 0 0 0 115 909 0 0 0 0 0 0 
0 1021 3 0 0 0 0 0 214 810 0 0 0 0 0 0 1003 21 0 0 0 0 0 0 
0 683 341 0 0 0 0 0 8 1006 10 0 0 0 0 0 523 501 0 0 0 0 0 0 
0 43 981 0 0 0 0 0 0 328 696 0 0 0 0 0 20 1004 0 0 0 0 0 0 
0 0 1024 0 0 0 0 0 0 0 1024 0 0 0 0 0 0 1024 0 0 0 0 0 0 
0 0 1020 4 0 0 0 0 0 0 1024 0 0 0 0 0 0 1024 0 0 0 0 0 0 
0 0 974 50 0 0 0 0 0 0 1024 0 0 0 0 0 0 1024 0 0 0 0 0 0 
0 0 553 471 0 0 0 0 0 0 1024 0 0 0 0 0 0 1024 0 0 0 0 0 0 
4 25 320 409 266 0 0 0 1 27 645 78 273 0 0 0 7 621 89 45 262 0 0 0 
0 0 136 888 0 0 0 0 0 0 989 35 0 0 0 0 0 914 110 0 0 0 0 0 
0 0 51 783 176 14 0 0 0 0 492 389 143 0 0 0 0 66 745 162 51 0 0 0 
0 0 0 313 502 209 0 0 0 0 23 395 531 75 0 0 0 0 289 388 347 0 0 0 
0 0 0 438 539 47 0 0 0 0 102 408 514 0 0 0 0 0 413 440 171 0 0 0 
0 0 0 339 573 112 0 0 0 0 136 228 314 346 0 0 0 21 282 271 380 70 0 0 
0 0 0 544 416 64 0 0 0 0 347 262 396 19 0 0 0 149 372 327 176 0 0 0 
22 1002 0 0 0 0 0 0 31 993 0 0 0 0 0 0 407 617 0 0 0 0 0 0 
37 987 0 0 0 0 0 0 11 1013 0 0 0 0 0 0 437 587 0 0 0 0 0 0 
9 920 83 12 0 0 0 0 2 929 78 15 0 0 0 0 313 630 81 0 0 0 0 0 
34 733 147 110 0 0 0 0 21 752 132 119 0 0 0 0 260 561 111 92 0 0 0 0 
133 604 101 182 4 0 0 0 113 616 105 184 4 2 0 0 200 560 92 167 4 1 0 0 
318 385 102 168 43 8 0 0 219 482 99 173 32 19 0 0 297 417 120 138 44 8 0 0 
324 240 116 172 117 55 0 0 214 346 115 169 73 107 0 0 276 296 128 142 148 34 0 0 
241 132 138 223 281 9 0 0 167 187 135 229 233 73 0 0 207 171 153 195 284 14 0 0 
649 40 43 204 46 42 0 0 545 138 44 205 39 53 0 0 640 46 56 206 39 37 0 0 
414 33 34 192 102 247 2 0 337 106 26 182 109 261 3 0 409 35 36 204 195 144 1 0 
57 76 161 373 207 150 0 0 28 71 143 364 234 184 0 0 50 63 111 445 282 73 0 0 
17 35 111 407 314 140 0 0 2 21 120 409 316 156 0 0 6 20 155 448 335 60 0 0 
0 8 21 215 762 18 0 0 0 0 21 177 781 45 0 0 0 0 25 292 702 5 0 0 
0 10 79 445 436 54 0 0 0 29 45 420 434 96 0 0 6 31 82 500 380 25 0 0 
394 424 23 119 64 0 0 0 224 591 22 93 92 2 0 0 322 497 23 140 42 0 0 0 
0 0 749 275 0 0 0 0 0 193 831 0 0 0 0 0 0 1017 7 0 0 0 0 0 
0 80 552 392 0 0 0 0 46 103 875 0 0 0 0 0 84 932 8 0 0 0 0 0 
31 992 1 0 0 0 0 0 405 619 0 0 0 0 0 0 968 56 0 0 0 0 0 0 
6 991 27 0 0 0 0 0 146 878 0 0 0 0 0 0 833 191 0 0 0 0 0 0 
1 395 628 0 0 0 0 0 48 700 276 0 0 0 0 0 271 753 0 0 0 0 0 0 
42 386 596 0 0 0 0 0 20 508 496 0 0 0 0 0 177 847 0 0 0 0 0 0 
101 482 441 0 0 0 0 0 55 553 416 0 0 0 0 0 254 770 0 0 0 0 0 0 
0 319 700 5 0 0 0 0 2 359 663 0 0 0 0 0 115 909 0 0 0 0 0 0 
0 18 868 138 0 0 0 0 0 28 996 0 0 0 0 0 9 1015 0 0 0 0 0 0 
58 298 387 180 101 0 0 0 33 315 393 135 148 0 0 0 80 600 109 128 107 0 0 0 
0 442 351 231 0 0 0 0 0 439 180 405 0 0 0 0 0 444 436 144 0 0 0 0 
0 741 283 0 0 0 0 0 0 734 290 0 0 0 0 0 0 749 275 0 0 0 0 0 
1 327 512 184 0 0 0 0 0 332 688 4 0 0 0 0 122 409 493 0 0 0 0 0 
0 91 207 726 0 0 0 0 3 159 862 0 0 0 0 0 83 746 195 0 0 0 0 0 
0 3 35 643 343 0 0 0 0 4 531 124 282 83 0 0 3 408 182 145 286 0 0 0 
0 0 0 1024 0 0 0 0 0 0 1024 0 0 0 0 0 0 1023 1 0 0 0 0 0 
0 1024 0 0 0 0 0 0 135 889 0 0 0 0 0 0 479 545 0 0 0 0 0 0 
0 1024 0 0 0 0 0 0 147 877 0 0 0 0 0 0 375 649 0 0 0 0 0 0 
2 1022 0 0 0 0 0 0 137 887 0 0 0 0 0 0 242 782 0 0 0 0 0 0 
0 1024 0 0 0 0 0 0 1 1023 0 0 0 0 0 0 133 891 0 0 0 0 0 0 
15 1009 0 0 0 0 0 0 2 1022 0 0 0 0 0 0 263 761 0 0 0 0 0 0 
56 968 0 0 0 0 0 0 8 1016 0 0 0 0 0 0 566 458 0 0 0 0 0 0 
79 945 0 0 0 0 0 0 24 1000 0 0 0 0 0 0 321 703 0 0 0 0 0 0 
257 710 36 21 0 0 0 0 59 909 33 23 0 0 0 0 639 334 35 16 0 0 0 0 
384 442 67 131 0 0 0 0 212 612 61 139 0 0 0 0 628 204 73 119 0 0 0 0 
598 234 74 118 0 0 0 0 515 312 70 127 0 0 0 0 659 181 90 94 0 0 0 0 
470 230 119 105 100 0 0 0 422 270 116 100 116 0 0 0 494 220 113 88 109 0 0 0 
607 179 108 127 3 0 0 0 487 296 102 136 3 0 0 0 620 183 137 82 2 0 0 0 
305 126 189 197 194 13 0 0 239 180 163 205 218 19 0 0 300 147 209 179 186 3 0 0 
95 111 125 336 334 23 0 0 69 78 128 347 360 42 0 0 84 76 184 417 263 0 0 0 
331 413 67 136 75 2 0 0 230 504 58 129 95 8 0 0 302 451 83 134 54 0 0 0 
0 25 710 289 0 0 0 0 0 191 833 0 0 0 0 0 4 1015 5 0 0 0 0 0 
0 15 574 435 0 0 0 0 1 130 885 8 0 0 0 0 8 953 61 2 0 0 0 0 
0 472 231 239 74 6 2 0 0 500 208 228 80 6 2 0 307 237 221 202 51 4 2 0 
20 544 336 91 33 0 0 0 36 783 76 64 65 0 0 0 322 535 58 99 10 0 0 0 
436 512 76 0 0 0 0 0 391 630 3 0 0 0 0 0 741 283 0 0 0 0 0 0 
899 125 0 0 0 0 0 0 839 185 0 0 0 0 0 0 955 69 0 0 0 0 0 0 
717 307 0 0 0 0 0 0 673 351 0 0 0 0 0 0 886 138 0 0 0 0 0 0 
131 893 0 0 0 0 0 0 111 913 0 0 0 0 0 0 345 679 0 0 0 0 0 0 
154 585 281 4 0 0 0 0 139 665 220 0 0 0 0 0 427 597 0 0 0 0 0 0 
107 254 420 243 0 0 0 0 71 492 216 245 0 0 0 0 166 533 149 176 0 0 0 0 
1 483 76 459 5 0 0 0 0 469 77 457 21 0 0 0 20 469 81 446 8 0 0 0 
0 986 38 0 0 0 0 0 0 981 43 0 0 0 0 0 0 992 32 0 0 0 0 0 
10 452 415 147 0 0 0 0 6 451 408 159 0 0 0 0 63 445 501 15 0 0 0 0 
0 208 276 533 7 0 0 0 13 213 361 412 25 0 0 0 120 345 391 168 0 0 0 0 
233 184 325 273 7 2 0 0 203 208 459 143 9 2 0 0 290 390 300 39 5 0 0 0 
182 105 251 486 0 0 0 0 152 130 710 32 0 0 0 0 198 756 63 7 0 0 0 0 
5 680 339 0 0 0 0 0 348 676 0 0 0 0 0 0 584 440 0 0 0 0 0 0 
5 791 228 0 0 0 0 0 478 546 0 0 0 0 0 0 707 317 0 0 0 0 0 0 
24 871 129 0 0 0 0 0 564 460 0 0 0 0 0 0 785 239 0 0 0 0 0 0 
58 842 110 14 0 0 0 0 342 614 62 6 0 0 0 0 630 344 48 2 0 0 0 0 
0 767 221 28 5 3 0 0 0 777 213 26 6 2 0 0 2 827 167 21 7 0 0 0 
60 888 76 0 0 0 0 0 387 571 66 0 0 0 0 0 530 454 40 0 0 0 0 0 
196 828 0 0 0 0 0 0 674 350 0 0 0 0 0 0 849 175 0 0 0 0 0 0 
373 651 0 0 0 0 0 0 621 403 0 0 0 0 0 0 921 103 0 0 0 0 0 0 
689 335 0 0 0 0 0 0 577 447 0 0 0 0 0 0 1004 20 0 0 0 0 0 0 
953 71 0 0 0 0 0 0 806 218 0 0 0 0 0 0 1003 21 0 0 0 0 0 0 
900 106 18 0 0 0 0 0 877 147 0 0 0 0 0 0 982 42 0 0 0 0 0 0 
732 210 82 0 0 0 0 0 648 372 4 0 0 0 0 0 928 96 0 0 0 0 0 0 
432 342 250 0 0 0 0 0 336 617 71 0 0 0 0 0 692 319 13 0 0 0 0 0 
213 348 424 32 7 0 0 0 199 633 153 30 9 0 0 0 392 537 75 16 4 0 0 0 
333 500 134 42 15 0 0 0 251 576 129 45 23 0 0 0 356 504 111 46 7 0 0 0 
0 51 660 313 0 0 0 0 0 263 761 0 0 0 0 0 0 980 44 0 0 0 0 0 
0 39 494 491 0 0 0 0 0 152 872 0 0 0 0 0 15 959 50 0 0 0 0 0 
299 678 40 7 0 0 0 0 524 483 11 6 0 0 0 0 838 171 10 5 0 0 0 0 
491 402 72 34 25 0 0 0 596 314 55 33 26 0 0 0 763 174 48 31 8 0 0 0 
851 173 0 0 0 0 0 0 838 186 0 0 0 0 0 0 981 43 0 0 0 0 0 0 
503 464 57 0 0 0 0 0 507 508 9 0 0 0 0 0 713 309 2 0 0 0 0 0 
887 133 4 0 0 0 0 0 891 132 1 0 0 0 0 0 976 48 0 0 0 0 0 0 
606 418 0 0 0 0 0 0 532 492 0 0 0 0 0 0 820 204 0 0 0 0 0 0 
661 363 0 0 0 0 0 0 594 430 0 0 0 0 0 0 871 153 0 0 0 0 0 0 
227 175 225 353 44 0 0 0 211 234 183 384 12 0 0 0 315 225 192 276 15 1 0 0 
2 281 146 187 188 31 36 153 0 302 136 280 85 34 37 150 35 360 204 191 11 33 35 155 
0 422 131 139 187 22 23 100 0 447 128 275 30 23 26 95 23 486 284 68 17 24 26 96 
0 381 376 118 149 0 0 0 3 503 266 252 0 0 0 0 107 536 372 9 0 0 0 0 
0 290 343 249 142 0 0 0 4 542 106 344 28 0 0 0 115 510 306 93 0 0 0 0 
102 281 409 80 152 0 0 0 96 401 301 216 10 0 0 0 184 393 441 6 0 0 0 0 
121 271 546 74 12 0 0 0 122 372 463 67 0 0 0 0 182 439 403 0 0 0 0 0 
0 0 1024 0 0 0 0 0 0 1024 0 0 0 0 0 0 0 1024 0 0 0 0 0 0 
0 0 995 6 14 9 0 0 0 988 8 6 18 4 0 0 0 993 6 6 19 0 0 0 
0 11 849 6 8 132 18 0 0 835 29 3 13 143 1 0 0 839 25 5 32 123 0 0 
0 11 780 163 22 48 0 0 0 709 131 126 10 48 0 0 0 758 118 92 23 33 0 0 
0 0 483 493 39 9 0 0 0 0 736 255 23 10 0 0 0 0 759 238 19 8 0 0 
0 154 807 63 0 0 0 0 0 496 528 0 0 0 0 0 50 456 518 0 0 0 0 0 
0 608 416 0 0 0 0 0 14 1010 0 0 0 0 0 0 144 880 0 0 0 0 0 0 
14 1010 0 0 0 0 0 0 104 920 0 0 0 0 0 0 676 348 0 0 0 0 0 0 
155 869 0 0 0 0 0 0 261 763 0 0 0 0 0 0 1001 23 0 0 0 0 0 0 
304 667 53 0 0 0 0 0 313 658 53 0 0 0 0 0 619 376 29 0 0 0 0 0 
81 323 607 13 0 0 0 0 76 603 345 0 0 0 0 0 125 868 31 0 0 0 0 0 
0 0 955 69 0 0 0 0 0 230 794 0 0 0 0 0 20 999 5 0 0 0 0 0 
0 58 964 2 0 0 0 0 0 747 277 0 0 0 0 0 105 919 0 0 0 0 0 0 
0 0 1008 16 0 0 0 0 0 578 446 0 0 0 0 0 25 999 0 0 0 0 0 0 
553 369 102 0 0 0 0 0 406 579 39 0 0 0 0 0 554 439 31 0 0 0 0 0 
0 77 665 282 0 0 0 0 0 417 607 0 0 0 0 0 37 932 55 0 0 0 0 0 
0 31 808 185 0 0 0 0 0 306 713 5 0 0 0 0 39 968 17 0 0 0 0 0 
101 880 20 10 13 0 0 0 150 835 17 11 11 0 0 0 771 221 11 12 9 0 0 0 
34 986 4 0 0 0 0 0 154 870 0 0 0 0 0 0 844 180 0 0 0 0 0 0 
195 598 231 0 0 0 0 0 281 743 0 0 0 0 0 0 548 476 0 0 0 0 0 0 
4 139 877 4 0 0 0 0 17 769 238 0 0 0 0 0 71 932 21 0 0 0 0 0 
97 244 660 23 0 0 0 0 131 597 296 0 0 0 0 0 230 749 45 0 0 0 0 0 
599 319 106 0 0 0 0 0 613 409 2 0 0 0 0 0 807 217 0 0 0 0 0 0 
704 138 179 3 0 0 0 0 672 306 46 0 0 0 0 0 807 211 6 0 0 0 0 0 
372 143 287 212 10 0 0 0 335 176 322 181 10 0 0 0 439 127 311 135 12 0 0 0 
0 0 78 293 188 113 95 257 0 0 149 226 170 111 103 265 0 0 185 192 151 116 99 281 
0 0 467 246 94 58 45 114 0 93 433 188 92 54 48 116 0 222 315 171 92 57 48 119 
0 0 1024 0 0 0 0 0 0 727 297 0 0 0 0 0 0 879 145 0 0 0 0 0 
0 134 890 0 0 0 0 0 0 1024 0 0 0 0 0 0 0 1024 0 0 0 0 0 0 
0 41 813 170 0 0 0 0 0 356 519 149 0 0 0 0 0 389 633 2 0 0 0 0 
0 26 998 0 0 0 0 0 0 314 710 0 0 0 0 0 0 339 685 0 0 0 0 0 
0 0 593 24 15 109 283 0 0 575 34 9 17 193 196 0 0 580 33 9 29 373 0 0 
0 0 605 79 104 180 56 0 0 546 85 65 109 169 50 0 0 578 72 67 127 180 0 0 
0 0 0 7 67 698 249 3 0 0 0 13 79 747 182 3 0 0 0 27 131 854 11 1 
0 8 396 107 76 335 102 0 0 302 125 82 61 351 103 0 0 353 109 64 127 371 0 0 
0 0 268 739 17 0 0 0 0 0 667 357 0 0 0 0 0 0 724 300 0 0 0 0 
0 47 895 82 0 0 0 0 0 404 620 0 0 0 0 0 0 415 609 0 0 0 0 0 
0 453 571 0 0 0 0 0 0 1024 0 0 0 0 0 0 0 1024 0 0 0 0 0 0 
0 916 28 37 43 0 0 0 0 925 21 40 38 0 0 0 310 621 24 39 30 0 0 0 
0 267 27 45 439 244 2 0 0 274 22 54 406 266 2 0 178 103 22 85 495 140 1 0 
9 196 28 76 432 283 0 0 7 199 26 68 403 321 0 0 91 121 28 117 511 156 0 0 
8 81 104 54 337 435 5 0 8 158 29 44 260 519 6 0 23 163 17 97 435 285 4 0 
0 0 470 145 174 235 0 0 0 67 457 83 133 282 2 0 0 483 77 91 215 158 0 0 
0 8 757 112 147 0 0 0 0 615 169 92 148 0 0 0 28 714 51 138 93 0 0 0 
0 8 718 76 216 6 0 0 0 594 148 53 214 15 0 0 41 678 32 93 180 0 0 0 
487 336 72 15 111 3 0 0 205 674 16 8 92 29 0 0 365 519 12 20 108 0 0 0 
0 133 851 40 0 0 0 0 0 700 324 0 0 0 0 0 51 973 0 0 0 0 0 0 
0 14 951 59 0 0 0 0 0 593 431 0 0 0 0 0 25 997 2 0 0 0 0 0 
0 171 163 372 317 1 0 0 0 190 171 288 363 12 0 0 131 80 218 316 279 0 0 0 
14 676 81 219 34 0 0 0 15 685 75 180 69 0 0 0 625 117 57 196 29 0 0 0 
33 947 44 0 0 0 0 0 69 955 0 0 0 0 0 0 755 269 0 0 0 0 0 0 
9 472 521 22 0 0 0 0 41 776 207 0 0 0 0 0 241 762 21 0 0 0 0 0 
0 110 817 97 0 0 0 0 5 566 453 0 0 0 0 0 43 888 93 0 0 0 0 0 
0 149 875 0 0 0 0 0 0 1012 12 0 0 0 0 0 48 976 0 0 0 0 0 0 
518 97 403 4 1 1 0 0 547 385 87 4 0 1 0 0 590 429 4 0 1 0 0 0 
472 293 80 179 0 0 0 0 376 365 95 188 0 0 0 0 439 271 164 150 0 0 0 0 
77 273 671 3 0 0 0 0 2 732 290 0 0 0 0 0 36 717 271 0 0 0 0 0 
0 12 1006 4 2 0 0 0 0 675 342 5 2 0 0 0 0 980 38 6 0 0 0 0 
0 285 555 160 24 0 0 0 0 517 318 135 54 0 0 0 0 578 271 156 19 0 0 0 
0 84 886 50 4 0 0 0 0 865 103 46 10 0 0 0 0 901 75 42 6 0 0 0 
0 317 348 359 0 0 0 0 0 549 123 352 0 0 0 0 0 600 404 20 0 0 0 0 
0 540 272 160 52 0 0 0 0 673 140 125 86 0 0 0 0 743 81 181 19 0 0 0 
0 0 0 0 20 556 448 0 0 0 0 0 35 652 337 0 0 0 0 1 67 869 87 0 
0 0 39 64 287 500 134 0 0 9 36 72 284 473 150 0 0 15 42 119 360 487 1 0 
0 0 1 19 57 480 465 2 0 0 0 22 65 631 304 2 0 0 1 30 95 781 117 0 
1 16 85 66 204 639 13 0 0 46 46 73 191 655 13 0 0 51 43 97 288 545 0 0 
0 3 178 269 116 434 24 0 0 9 233 212 128 425 17 0 0 13 265 198 174 374 0 0 
0 125 332 191 163 213 0 0 0 212 409 132 82 189 0 0 43 300 344 99 98 140 0 0 
0 270 35 34 117 503 65 0 0 304 128 287 69 228 8 0 7 635 66 37 94 182 3 0 
0 238 54 74 241 413 3 1 0 266 47 68 226 413 2 2 28 260 46 73 310 303 3 1 
0 1 9 183 580 251 0 0 0 0 10 190 562 262 0 0 0 1 35 319 582 87 0 0 
0 0 5 96 546 377 0 0 0 0 5 107 525 386 1 0 0 0 13 242 546 223 0 0 
0 126 132 335 407 24 0 0 0 20 272 333 378 21 0 0 129 58 322 307 208 0 0 0 
0 214 142 284 384 0 0 0 0 50 249 320 390 15 0 0 0 14 388 378 244 0 0 0 
0 0 55 227 557 185 0 0 0 0 49 230 495 250 0 0 0 2 92 291 563 76 0 0 
0 3 35 274 677 35 0 0 0 1 39 247 661 76 0 0 0 13 79 365 566 1 0 0 
382 163 46 71 326 36 0 0 167 371 38 59 323 66 0 0 319 238 43 151 255 18 0 0 
0 267 757 0 0 0 0 0 0 1010 14 0 0 0 0 0 226 798 0 0 0 0 0 0 
0 52 969 3 0 0 0 0 0 898 124 2 0 0 0 0 149 872 3 0 0 0 0 0 
382 212 202 167 55 6 0 0 385 215 192 169 54 9 0 0 493 158 188 145 40 0 0 0 
628 276 87 28 5 0 0 0 643 265 86 23 7 0 0 0 783 142 75 22 2 0 0 0 
172 753 99 0 0 0 0 0 251 737 36 0 0 0 0 0 749 255 20 0 0 0 0 0 
0 210 786 28 0 0 0 0 9 797 218 0 0 0 0 0 124 870 30 0 0 0 0 0 
0 42 948 34 0 0 0 0 2 877 145 0 0 0 0 0 20 972 32 0 0 0 0 0 
0 291 733 0 0 0 0 0 0 1024 0 0 0 0 0 0 7 1017 0 0 0 0 0 0 
186 674 149 15 0 0 0 0 243 743 30 8 0 0 0 0 425 572 27 0 0 0 0 0 
136 549 57 280 2 0 0 0 131 457 131 240 65 0 0 0 231 329 178 286 0 0 0 0 
56 275 693 0 0 0 0 0 3 499 522 0 0 0 0 0 52 887 84 1 0 0 0 0 
0 3 928 52 41 0 0 0 0 120 809 49 46 0 0 0 0 467 470 53 34 0 0 0 
0 0 5 319 700 0 0 0 0 0 1 160 863 0 0 0 0 0 5 294 725 0 0 0 
0 1 647 153 223 0 0 0 0 77 576 86 285 0 0 0 0 640 21 157 206 0 0 0 
0 30 605 202 187 0 0 0 0 105 540 161 218 0 0 0 0 559 135 240 90 0 0 0 
0 0 9 272 743 0 0 0 0 0 2 166 856 0 0 0 0 0 14 452 558 0 0 0 
0 3 28 65 233 683 12 0 0 0 1 41 311 670 1 0 0 0 31 79 389 525 0 0 
0 55 100 318 261 284 6 0 0 0 64 321 430 209 0 0 0 25 224 428 236 111 0 0 
0 6 3 56 336 461 162 0 0 8 11 77 374 518 36 0 0 7 7 189 380 441 0 0 
0 39 58 304 346 259 18 0 0 34 86 323 322 258 1 0 0 28 100 394 309 193 0 0 
0 7 51 130 275 432 129 0 0 6 59 132 281 441 105 0 0 3 61 165 344 434 17 0 
0 12 66 230 342 349 25 0 0 15 75 241 383 270 40 0 1 19 106 300 407 191 0 0 
0 0 0 46 230 702 46 0 0 0 4 63 308 601 48 0 0 0 12 138 419 442 13 0 
0 0 46 171 372 433 2 0 0 0 43 173 364 440 4 0 0 1 82 257 451 233 0 0 
8 10 100 304 505 97 0 0 0 21 110 310 493 90 0 0 0 17 157 579 245 26 0 0 
0 3 108 267 424 222 0 0 0 1 99 275 453 196 0 0 0 10 188 368 456 2 0 0 
0 96 276 200 380 72 0 0 0 14 340 209 382 79 0 0 0 7 325 341 329 22 0 0 
0 136 219 286 311 72 0 0 0 40 294 291 333 66 0 0 0 13 349 370 267 25 0 0 
4 17 187 389 406 21 0 0 0 15 158 405 412 34 0 0 3 22 247 404 337 11 0 0 
55 57 142 324 441 5 0 0 40 68 110 318 472 16 0 0 63 51 174 344 392 0 0 0 
311 154 164 215 173 7 0 0 128 322 153 215 185 21 0 0 254 214 182 214 155 5 0 0 
0 298 726 0 0 0 0 0 0 1021 3 0 0 0 0 0 345 679 0 0 0 0 0 0 
0 327 697 0 0 0 0 0 0 1022 2 0 0 0 0 0 434 590 0 0 0 0 0 0 
583 229 155 57 0 0 0 0 589 271 96 68 0 0 0 0 673 209 104 38 0 0 0 0 
51 735 232 6 0 0 0 0 160 804 60 0 0 0 0 0 663 316 45 0 0 0 0 0 
0 719 289 16 0 0 0 0 3 963 58 0 0 0 0 0 516 457 51 0 0 0 0 0 
0 698 326 0 0 0 0 0 24 999 1 0 0 0 0 0 309 715 0 0 0 0 0 0 
0 511 513 0 0 0 0 0 3 1021 0 0 0 0 0 0 170 854 0 0 0 0 0 0 
0 634 390 0 0 0 0 0 4 1020 0 0 0 0 0 0 277 747 0 0 0 0 0 0 
2 312 410 300 0 0 0 0 6 637 112 269 0 0 0 0 70 618 303 33 0 0 0 0 
53 198 138 440 195 0 0 0 18 171 235 440 160 0 0 0 46 181 370 424 3 0 0 0 
21 229 705 20 49 0 0 0 0 225 732 25 42 0 0 0 23 877 56 68 0 0 0 0 
0 0 843 117 64 0 0 0 0 126 715 111 72 0 0 0 0 366 481 113 64 0 0 0 
0 0 0 100 924 0 0 0 0 0 0 25 999 0 0 0 0 0 0 100 924 0 0 0 
0 0 672 56 296 0 0 0 0 0 672 32 320 0 0 0 0 667 10 50 297 0 0 0 
0 0 622 144 258 0 0 0 0 41 571 127 285 0 0 0 0 554 120 188 162 0 0 0 
0 0 0 104 920 0 0 0 0 0 0 23 1001 0 0 0 0 0 0 287 737 0 0 0 
0 0 4 39 154 796 31 0 0 0 6 45 191 782 0 0 0 0 7 55 230 732 0 0 
0 0 25 132 290 571 6 0 0 0 10 203 328 483 0 0 0 0 32 266 370 356 0 0 
0 5 3 52 221 692 51 0 0 2 2 82 240 681 17 0 0 2 5 145 294 576 2 0 
21 120 74 100 130 539 40 0 0 19 147 115 151 588 4 0 0 7 19 178 279 540 1 0 
0 1 45 161 362 431 24 0 0 3 66 177 346 428 4 0 0 1 79 197 374 373 0 0 
0 1 33 230 332 412 16 0 0 0 61 251 305 403 4 0 0 13 94 298 337 282 0 0 
0 49 41 202 204 528 0 0 0 43 48 204 216 513 0 0 0 54 64 263 235 408 0 0 
28 63 66 249 366 252 0 0 16 71 63 231 381 262 0 0 24 71 75 348 403 103 0 0 
57 111 100 411 240 105 0 0 34 114 91 403 279 103 0 0 50 101 93 446 299 34 1 0 
155 68 103 338 217 143 0 0 120 99 72 339 245 149 0 0 150 76 95 352 276 75 0 0 
251 111 139 356 132 35 0 0 217 135 93 375 165 39 0 0 249 114 142 345 148 26 0 0 
289 228 181 244 82 0 0 0 288 219 127 260 130 0 0 0 352 174 197 266 35 0 0 0 
384 324 139 132 45 0 0 0 504 198 115 138 69 0 0 0 565 154 134 145 26 0 0 0 
533 245 110 131 5 0 0 0 557 215 108 122 22 0 0 0 669 124 93 136 2 0 0 0 
624 282 57 60 1 0 0 0 496 408 50 67 3 0 0 0 696 224 46 58 0 0 0 0 
54 624 346 0 0 0 0 0 52 972 0 0 0 0 0 0 801 223 0 0 0 0 0 0 
0 596 428 0 0 0 0 0 0 1024 0 0 0 0 0 0 756 268 0 0 0 0 0 0 
14 409 427 171 3 0 0 0 15 577 245 180 7 0 0 0 105 464 328 125 2 0 0 0 
3 318 663 40 0 0 0 0 119 778 119 8 0 0 0 0 100 807 117 0 0 0 0 0 
18 191 665 150 0 0 0 0 57 513 437 17 0 0 0 0 97 528 398 1 0 0 0 0 
14 205 772 33 0 0 0 0 17 359 643 5 0 0 0 0 72 477 475 0 0 0 0 0 
175 820 29 0 0 0 0 0 243 757 24 0 0 0 0 0 605 406 13 0 0 0 0 0 
4 677 326 17 0 0 0 0 11 937 65 11 0 0 0 0 191 805 28 0 0 0 0 0 
0 52 377 594 1 0 0 0 0 89 408 527 0 0 0 0 7 248 733 36 0 0 0 0 
0 0 75 691 258 0 0 0 0 0 134 809 81 0 0 0 0 19 540 465 0 0 0 0 
0 0 78 203 743 0 0 0 0 8 76 346 594 0 0 0 0 77 74 871 2 0 0 0 
0 24 597 161 242 0 0 0 0 124 513 174 213 0 0 0 1 588 130 303 2 0 0 0 
0 335 609 54 26 0 0 0 0 559 381 31 53 0 0 0 0 924 24 49 27 0 0 0 
0 52 940 22 10 0 0 0 0 131 861 11 21 0 0 0 0 981 13 17 13 0 0 0 
0 29 604 227 164 0 0 0 0 181 450 140 253 0 0 0 0 569 115 301 39 0 0 0 
0 439 95 354 136 0 0 0 0 457 90 329 148 0 0 0 2 483 119 373 47 0 0 0 
0 0 7 207 302 428 80 0 0 0 10 211 316 462 25 0 0 0 20 280 271 453 0 0 
0 76 41 319 207 375 6 0 0 73 41 298 211 399 2 0 0 74 52 346 208 344 0 0 
100 134 56 328 208 190 8 0 40 188 60 322 223 186 5 0 82 156 69 381 174 162 0 0 
125 151 44 328 224 151 1 0 73 199 44 313 232 162 1 0 92 184 51 346 232 119 0 0 
453 98 41 291 101 40 0 0 375 167 44 293 100 45 0 0 431 115 60 340 73 5 0 0 
231 135 69 281 296 12 0 0 196 161 60 269 280 58 0 0 202 168 47 287 312 8 0 0 
305 142 131 225 216 5 0 0 250 189 128 221 227 9 0 0 292 161 150 187 231 3 0 0 
298 164 163 110 289 0 0 0 278 171 152 119 304 0 0 0 290 173 172 90 299 0 0 0 
492 122 152 119 139 0 0 0 478 129 134 119 159 5 0 0 506 115 136 101 166 0 0 0 
734 90 120 40 40 0 0 0 713 103 123 40 45 0 0 0 733 95 133 23 40 0 0 0 
889 62 61 12 0 0 0 0 884 64 61 15 0 0 0 0 900 54 67 3 0 0 0 0 
790 234 0 0 0 0 0 0 850 174 0 0 0 0 0 0 882 142 0 0 0 0 0 0 
311 630 83 0 0 0 0 0 509 502 13 0 0 0 0 0 751 272 1 0 0 0 0 0 
11 770 243 0 0 0 0 0 35 968 21 0 0 0 0 0 766 251 7 0 0 0 0 0 
737 287 0 0 0 0 0 0 673 351 0 0 0 0 0 0 971 53 0 0 0 0 0 0 
152 750 122 0 0 0 0 0 116 908 0 0 0 0 0 0 947 77 0 0 0 0 0 0 
0 705 319 0 0 0 0 0 0 1024 0 0 0 0 0 0 800 224 0 0 0 0 0 0 
117 467 394 44 2 0 0 0 124 709 149 40 2 0 0 0 277 623 99 24 1 0 0 0 
317 390 226 91 0 0 0 0 391 351 221 61 0 0 0 0 456 328 240 0 0 0 0 0 
0 21 698 305 0 0 0 0 0 36 954 34 0 0 0 0 9 93 922 0 0 0 0 0 
133 70 626 195 0 0 0 0 119 105 777 23 0 0 0 0 166 171 687 0 0 0 0 0 
32 513 436 43 0 0 0 0 29 695 295 5 0 0 0 0 52 727 245 0 0 0 0 0 
111 180 314 418 1 0 0 0 74 302 321 327 0 0 0 0 161 300 540 23 0 0 0 0 
0 0 157 820 47 0 0 0 0 0 208 816 0 0 0 0 0 81 801 142 0 0 0 0 
0 0 6 797 221 0 0 0 0 0 22 979 23 0 0 0 0 0 527 497 0 0 0 0 
0 0 75 418 531 0 0 0 0 0 163 594 267 0 0 0 0 8 357 659 0 0 0 0 
0 0 140 505 379 0 0 0 0 13 227 453 331 0 0 0 0 66 504 450 4 0 0 0 
0 29 549 274 172 0 0 0 0 43 532 305 144 0 0 0 21 480 177 346 0 0 0 0 
0 53 941 30 0 0 0 0 0 82 914 24 4 0 0 0 31 958 11 24 0 0 0 0 
0 40 658 325 1 0 0 0 0 141 560 189 134 0 0 0 26 609 99 290 0 0 0 0 
0 270 630 124 0 0 0 0 0 477 407 140 0 0 0 0 34 808 78 104 0 0 0 0 
516 191 47 96 79 95 0 0 522 184 50 93 75 100 0 0 475 235 51 93 161 9 0 0 
11 168 77 194 304 270 0 0 0 171 72 167 273 341 0 0 4 170 70 113 574 93 0 0 
113 189 122 139 157 304 0 0 73 221 131 125 116 358 0 0 138 168 125 108 455 30 0 0 
171 444 75 125 138 71 0 0 159 452 73 116 125 99 0 0 390 229 86 75 225 19 0 0 
219 520 76 121 28 60 0 0 254 483 74 123 30 60 0 0 465 283 76 108 52 40 0 0 
39 835 106 44 0 0 0 0 35 839 104 46 0 0 0 0 39 850 103 32 0 0 0 0 
817 176 19 12 0 0 0 0 863 130 19 12 0 0 0 0 879 117 21 7 0 0 0 0 
1023 1 0 0 0 0 0 0 1024 0 0 0 0 0 0 0 1024 0 0 0 0 0 0 0 
820 204 0 0 0 0 0 0 780 244 0 0 0 0 0 0 911 113 0 0 0 0 0 0 
243 604 148 29 0 0 0 0 165 684 147 28 0 0 0 0 428 453 118 25 0 0 0 0 
59 492 382 91 0 0 0 0 50 496 389 89 0 0 0 0 84 535 334 71 0 0 0 0 
0 493 404 127 0 0 0 0 0 470 423 131 0 0 0 0 0 579 333 112 0 0 0 0 
1 453 444 115 11 0 0 0 0 425 471 111 17 0 0 0 0 549 370 105 0 0 0 0 
14 920 89 1 0 0 0 0 17 966 38 3 0 0 0 0 565 432 27 0 0 0 0 0 
681 343 0 0 0 0 0 0 600 424 0 0 0 0 0 0 1014 10 0 0 0 0 0 0 
172 544 243 62 3 0 0 0 119 763 137 3 2 0 0 0 714 261 45 4 0 0 0 0 
0 762 262 0 0 0 0 0 0 1024 0 0 0 0 0 0 839 185 0 0 0 0 0 0 
312 491 163 58 0 0 0 0 215 621 124 64 0 0 0 0 450 416 124 34 0 0 0 0 
0 246 645 133 0 0 0 0 36 267 679 42 0 0 0 0 62 336 626 0 0 0 0 0 
0 0 749 275 0 0 0 0 0 1 933 90 0 0 0 0 0 64 960 0 0 0 0 0 
107 127 601 189 0 0 0 0 100 151 738 35 0 0 0 0 166 172 686 0 0 0 0 0 
132 155 597 140 0 0 0 0 97 266 586 75 0 0 0 0 186 308 530 0 0 0 0 0 
0 4 468 552 0 0 0 0 0 38 771 215 0 0 0 0 0 197 824 3 0 0 0 0 
0 6 142 837 39 0 0 0 0 16 276 725 7 0 0 0 2 74 881 67 0 0 0 0 
0 0 84 919 21 0 0 0 0 0 148 876 0 0 0 0 0 29 754 241 0 0 0 0 
0 2 760 247 15 0 0 0 0 17 831 176 0 0 0 0 0 166 757 101 0 0 0 0 
0 0 562 359 95 8 0 0 56 112 603 166 82 5 0 0 25 175 672 84 68 0 0 0 
0 57 464 475 27 1 0 0 23 199 520 257 24 1 0 0 39 279 653 35 18 0 0 0 
0 161 863 0 0 0 0 0 0 714 310 0 0 0 0 0 62 962 0 0 0 0 0 0 
0 52 551 402 19 0 0 0 0 269 350 126 279 0 0 0 17 563 65 379 0 0 0 0 
0 180 844 0 0 0 0 0 0 791 233 0 0 0 0 0 80 944 0 0 0 0 0 0 
87 690 71 176 0 0 0 0 161 621 69 173 0 0 0 0 694 94 83 153 0 0 0 0 
0 916 79 29 0 0 0 0 430 491 81 22 0 0 0 0 852 75 95 2 0 0 0 0 
0 1022 2 0 0 0 0 0 55 968 1 0 0 0 0 0 976 48 0 0 0 0 0 0 
0 1024 0 0 0 0 0 0 9 1015 0 0 0 0 0 0 930 94 0 0 0 0 0 0 
144 880 0 0 0 0 0 0 301 723 0 0 0 0 0 0 799 225 0 0 0 0 0 0 
0 939 38 47 0 0 0 0 0 946 39 39 0 0 0 0 0 951 41 32 0 0 0 0 
360 301 40 149 174 0 0 0 391 276 35 192 130 0 0 0 412 261 39 310 2 0 0 0 
710 284 22 8 0 0 0 0 799 196 21 8 0 0 0 0 966 33 17 8 0 0 0 0 
291 277 286 170 0 0 0 0 362 229 276 157 0 0 0 0 447 226 222 129 0 0 0 0 
0 209 527 288 0 0 0 0 0 193 537 294 0 0 0 0 0 267 505 252 0 0 0 0 
0 221 525 276 2 0 0 0 0 197 538 285 4 0 0 0 0 282 514 228 0 0 0 0 
0 202 619 198 5 0 0 0 0 145 656 212 11 0 0 0 0 294 558 169 3 0 0 0 
0 175 522 259 68 0 0 0 0 129 532 286 77 0 0 0 0 224 514 239 47 0 0 0 
3 670 135 141 75 0 0 0 4 642 160 127 91 0 0 0 367 346 130 141 40 0 0 0 
260 517 142 79 26 0 0 0 200 689 36 63 36 0 0 0 513 396 36 71 8 0 0 0 
8 97 249 232 166 269 3 0 11 230 256 119 147 257 4 0 55 290 184 152 153 188 2 0 
0 478 164 152 114 108 8 0 0 536 85 218 75 100 10 0 472 132 160 133 64 60 3 0 
0 219 388 317 100 0 0 0 0 309 325 281 109 0 0 0 189 246 307 210 72 0 0 0 
0 131 789 104 0 0 0 0 1 172 815 34 2 0 0 0 39 379 596 10 0 0 0 0 
0 105 781 138 0 0 0 0 0 208 784 32 0 0 0 0 14 485 525 0 0 0 0 0 
236 151 488 149 0 0 0 0 169 279 529 47 0 0 0 0 281 347 396 0 0 0 0 0 
55 47 463 459 0 0 0 0 42 91 505 386 0 0 0 0 77 375 571 1 0 0 0 0 
0 0 117 907 0 0 0 0 0 2 170 852 0 0 0 0 0 79 923 22 0 0 0 0 
0 0 55 969 0 0 0 0 0 0 146 878 0 0 0 0 0 14 1008 2 0 0 0 0 
0 0 557 467 0 0 0 0 0 2 706 316 0 0 0 0 0 242 777 5 0 0 0 0 
0 1 496 527 0 0 0 0 0 41 843 140 0 0 0 0 0 117 907 0 0 0 0 0 
0 0 307 620 96 1 0 0 9 49 519 359 88 0 0 0 8 54 830 74 58 0 0 0 
0 0 410 608 6 0 0 0 40 150 355 475 4 0 0 0 31 284 701 4 4 0 0 0 
0 0 1024 0 0 0 0 0 0 865 159 0 0 0 0 0 0 1024 0 0 0 0 0 0 
0 0 618 406 0 0 0 0 0 482 139 368 35 0 0 0 0 584 67 373 0 0 0 0 
0 0 1024 0 0 0 0 0 0 964 60 0 0 0 0 0 0 1024 0 0 0 0 0 0 
0 1024 0 0 0 0 0 0 9 1015 0 0 0 0 0 0 602 422 0 0 0 0 0 0 
0 1024 0 0 0 0 0 0 483 541 0 0 0 0 0 0 1024 0 0 0 0 0 0 0 
2 1022 0 0 0 0 0 0 454 570 0 0 0 0 0 0 1024 0 0 0 0 0 0 0 
0 1024 0 0 0 0 0 0 568 456 0 0 0 0 0 0 1024 0 0 0 0 0 0 0 
62 849 81 32 0 0 0 0 419 530 55 20 0 0 0 0 730 233 52 9 0 0 0 0 
0 219 321 483 1 0 0 0 0 252 351 421 0 0 0 0 0 290 384 350 0 0 0 0 
0 0 0 307 717 0 0 0 0 0 2 400 622 0 0 0 0 0 10 868 146 0 0 0 
0 164 293 548 19 0 0 0 0 183 284 532 25 0 0 0 67 154 315 488 0 0 0 0 
0 14 325 604 81 0 0 0 0 24 309 560 131 0 0 0 0 53 348 593 30 0 0 0 
0 0 186 646 192 0 0 0 0 0 173 589 262 0 0 0 0 0 256 688 80 0 0 0 
0 0 240 583 201 0 0 0 0 0 198 560 266 0 0 0 0 1 302 608 113 0 0 0 
0 0 121 405 494 4 0 0 0 0 92 373 555 4 0 0 0 2 141 470 411 0 0 0 
0 7 133 413 471 0 0 0 0 6 105 399 511 3 0 0 0 10 128 509 377 0 0 0 
0 97 196 358 371 2 0 0 0 93 190 341 388 12 0 0 0 128 208 408 280 0 0 0 
8 243 382 318 72 1 0 0 34 501 89 309 90 1 0 0 143 398 163 295 25 0 0 0 
0 199 731 87 7 0 0 0 36 785 180 23 0 0 0 0 188 734 89 13 0 0 0 0 
1 118 481 221 190 13 0 0 15 320 405 105 177 2 0 0 83 506 189 103 143 0 0 0 
0 123 824 77 0 0 0 0 1 631 390 2 0 0 0 0 90 888 46 0 0 0 0 0 
0 4 1013 7 0 0 0 0 0 353 671 0 0 0 0 0 5 992 27 0 0 0 0 0 
0 0 864 160 0 0 0 0 0 126 849 49 0 0 0 0 0 462 562 0 0 0 0 0 
149 209 589 77 0 0 0 0 159 272 568 25 0 0 0 0 239 433 352 0 0 0 0 0 
0 0 322 702 0 0 0 0 0 4 515 505 0 0 0 0 0 159 862 3 0 0 0 0 
0 0 78 927 19 0 0 0 0 8 170 844 2 0 0 0 0 55 870 99 0 0 0 0 
0 0 55 875 94 0 0 0 0 0 122 880 22 0 0 0 0 16 750 258 0 0 0 0 
0 1 310 633 80 0 0 0 0 9 479 465 71 0 0 0 0 146 772 80 26 0 0 0 
0 2 592 264 165 1 0 0 0 31 713 115 165 0 0 0 0 176 670 50 128 0 0 0 
0 1 502 511 10 0 0 0 0 31 686 303 4 0 0 0 0 152 845 24 3 0 0 0 
0 1 459 564 0 0 0 0 0 200 554 270 0 0 0 0 0 305 719 0 0 0 0 0 
0 0 1024 0 0 0 0 0 0 956 68 0 0 0 0 0 0 1016 8 0 0 0 0 0 
0 0 654 370 0 0 0 0 0 557 98 369 0 0 0 0 0 608 81 335 0 0 0 0 
0 0 1024 0 0 0 0 0 0 1022 2 0 0 0 0 0 0 1024 0 0 0 0 0 0 
0 1021 3 0 0 0 0 0 0 1024 0 0 0 0 0 0 414 610 0 0 0 0 0 0 
0 920 104 0 0 0 0 0 289 735 0 0 0 0 0 0 770 254 0 0 0 0 0 0 
0 622 402 0 0 0 0 0 212 812 0 0 0 0 0 0 464 560 0 0 0 0 0 0 
0 371 653 0 0 0 0 0 8 1016 0 0 0 0 0 0 152 872 0 0 0 0 0 0 
150 332 502 40 0 0 0 0 0 945 51 28 0 0 0 0 37 929 49 9 0 0 0 0 
210 291 191 332 0 0 0 0 0 332 383 309 0 0 0 0 4 533 233 254 0 0 0 0 
31 60 32 131 770 0 0 0 0 42 93 162 727 0 0 0 0 98 43 790 93 0 0 0 
0 0 152 768 104 0 0 0 0 23 166 776 59 0 0 0 0 29 339 655 1 0 0 0 
0 11 81 726 206 0 0 0 0 2 77 711 234 0 0 0 0 2 94 838 90 0 0 0 
0 1 77 860 86 0 0 0 0 0 52 855 117 0 0 0 0 2 127 881 14 0 0 0 
0 0 19 759 246 0 0 0 0 1 18 763 242 0 0 0 0 2 78 854 90 0 0 0 
0 1 61 517 442 3 0 0 0 3 51 526 438 6 0 0 0 8 102 609 304 1 0 0 
28 114 148 370 347 17 0 0 0 67 204 372 360 21 0 0 0 53 232 455 281 3 0 0 
77 109 347 330 161 0 0 0 55 70 356 354 189 0 0 0 61 86 409 350 118 0 0 0 
272 211 363 166 12 0 0 0 241 222 344 199 18 0 0 0 318 214 374 115 3 0 0 0 
564 373 66 9 4 1 7 0 658 340 11 4 3 3 5 0 820 181 11 3 2 5 2 0 
151 691 180 2 0 0 0 0 472 520 32 0 0 0 0 0 687 337 0 0 0 0 0 0 
37 819 168 0 0 0 0 0 182 842 0 0 0 0 0 0 597 427 0 0 0 0 0 0 
13 755 256 0 0 0 0 0 72 952 0 0 0 0 0 0 545 479 0 0 0 0 0 0 
10 381 589 23 9 8 2 2 54 749 181 26 4 7 2 1 263 697 30 21 4 7 2 0 
2 90 782 66 39 26 11 8 6 243 640 53 36 27 11 8 36 750 130 38 37 18 9 6 
0 0 731 293 0 0 0 0 0 65 759 200 0 0 0 0 0 464 558 2 0 0 0 0 
0 3 423 585 13 0 0 0 0 15 588 420 1 0 0 0 0 230 753 41 0 0 0 0 
0 1 105 905 13 0 0 0 0 5 197 822 0 0 0 0 0 68 914 42 0 0 0 0 
0 17 312 466 229 0 0 0 0 37 324 398 265 0 0 0 0 135 340 484 65 0 0 0 
0 0 31 165 465 363 0 0 0 108 22 64 523 307 0 0 0 110 40 62 800 12 0 0 
0 0 102 446 332 144 0 0 0 299 83 214 298 130 0 0 0 306 125 241 352 0 0 0 
0 10 586 350 78 0 0 0 0 362 336 268 58 0 0 0 0 413 341 258 12 0 0 0 
0 0 1005 19 0 0 0 0 0 952 53 19 0 0 0 0 0 981 42 1 0 0 0 0 
0 0 655 369 0 0 0 0 0 611 55 358 0 0 0 0 0 642 42 340 0 0 0 0 
0 0 1024 0 0 0 0 0 0 1024 0 0 0 0 0 0 0 1024 0 0 0 0 0 0 
0 153 871 0 0 0 0 0 0 1024 0 0 0 0 0 0 0 1024 0 0 0 0 0 0 
0 2 1022 0 0 0 0 0 0 1024 0 0 0 0 0 0 0 1024 0 0 0 0 0 0 
0 3 1021 0 0 0 0 0 0 1024 0 0 0 0 0 0 3 1021 0 0 0 0 0 0 
0 139 885 0 0 0 0 0 0 1024 0 0 0 0 0 0 0 1024 0 0 0 0 0 0 
72 228 282 162 280 0 0 0 0 492 102 158 272 0 0 0 13 519 87 180 225 0 0 0 
59 104 16 16 140 689 0 0 0 4 168 18 138 696 0 0 0 155 23 19 356 471 0 0 
0 229 56 177 425 137 0 0 23 205 58 155 389 194 0 0 0 213 92 311 322 86 0 0 
36 723 46 138 57 24 0 0 92 672 45 134 59 22 0 0 19 559 270 118 50 8 0 0 
0 0 52 320 421 231 0 0 0 0 42 318 404 260 0 0 0 1 114 318 510 81 0 0 
0 1 62 268 503 190 0 0 0 1 52 262 479 230 0 0 0 3 93 306 542 80 0 0 
0 3 368 380 242 31 0 0 0 0 303 436 240 45 0 0 0 5 454 351 205 9 0 0 
0 0 267 480 273 4 0 0 0 0 201 543 276 4 0 0 0 0 416 402 206 0 0 0 
132 96 411 250 135 0 0 0 129 93 378 293 131 0 0 0 146 113 458 253 54 0 0 0 
460 295 213 56 0 0 0 0 415 325 207 77 0 0 0 0 523 266 212 23 0 0 0 0 
598 260 165 1 0 0 0 0 572 271 180 1 0 0 0 0 680 232 111 1 0 0 0 0 
761 263 0 0 0 0 0 0 1005 19 0 0 0 0 0 0 1024 0 0 0 0 0 0 0 
257 767 0 0 0 0 0 0 743 281 0 0 0 0 0 0 1012 12 0 0 0 0 0 0 
17 1007 0 0 0 0 0 0 179 845 0 0 0 0 0 0 788 236 0 0 0 0 0 0 
46 425 551 2 0 0 0 0 73 461 490 0 0 0 0 0 183 613 228 0 0 0 0 0 
103 441 462 9 5 3 1 0 137 502 368 8 5 3 1 0 270 516 224 5 5 4 0 0 
13 626 385 0 0 0 0 0 51 864 109 0 0 0 0 0 517 507 0 0 0 0 0 0 
0 107 917 0 0 0 0 0 0 487 537 0 0 0 0 0 52 972 0 0 0 0 0 0 
0 1 960 63 0 0 0 0 0 212 795 17 0 0 0 0 0 873 150 1 0 0 0 0 
0 31 820 173 0 0 0 0 3 123 764 134 0 0 0 0 15 623 385 1 0 0 0 0 
0 42 386 443 153 0 0 0 0 84 317 484 139 0 0 0 0 224 305 460 35 0 0 0 
0 0 16 258 521 229 0 0 0 156 17 115 582 154 0 0 0 156 43 212 605 8 0 0 
0 0 49 748 219 8 0 0 0 736 37 50 201 0 0 0 0 745 39 123 117 0 0 0 
0 78 566 226 154 0 0 0 0 618 33 209 164 0 0 0 6 625 90 230 73 0 0 0 
0 0 983 41 0 0 0 0 0 925 51 48 0 0 0 0 0 953 40 31 0 0 0 0 
0 0 715 309 0 0 0 0 0 680 38 306 0 0 0 0 0 691 60 273 0 0 0 0 
0 0 1024 0 0 0 0 0 0 1024 0 0 0 0 0 0 0 1024 0 0 0 0 0 0 
0 122 902 0 0 0 0 0 0 1018 6 0 0 0 0 0 12 1007 5 0 0 0 0 0 
0 54 970 0 0 0 0 0 0 857 167 0 0 0 0 0 3 858 163 0 0 0 0 0 
0 92 929 3 0 0 0 0 0 848 176 0 0 0 0 0 8 858 158 0 0 0 0 0 
88 161 744 31 0 0 0 0 0 827 170 26 1 0 0 0 1 892 107 24 0 0 0 0 
121 286 167 316 132 2 0 0 0 134 449 315 126 0 0 0 0 429 221 301 73 0 0 0 
0 19 10 124 362 509 0 0 0 10 22 137 367 488 0 0 0 16 46 210 747 5 0 0 
87 132 108 189 490 18 0 0 106 124 126 170 484 14 0 0 129 132 133 310 319 1 0 0 
312 290 98 97 225 2 0 0 431 183 87 116 205 2 0 0 473 169 128 106 148 0 0 0 
5 88 164 254 427 86 0 0 26 41 169 266 437 85 0 0 40 119 216 226 394 29 0 0 
16 69 148 350 412 29 0 0 7 24 163 372 414 44 0 0 0 40 218 376 363 27 0 0 
87 67 376 373 115 6 0 0 49 68 231 530 133 13 0 0 54 32 593 216 128 1 0 0 
234 154 421 215 0 0 0 0 206 164 338 316 0 0 0 0 252 178 461 133 0 0 0 0 
708 232 83 1 0 0 0 0 687 243 93 1 0 0 0 0 752 223 48 1 0 0 0 0 
252 772 0 0 0 0 0 0 938 86 0 0 0 0 0 0 1020 4 0 0 0 0 0 0 
426 542 42 14 0 0 0 0 739 230 31 24 0 0 0 0 945 28 45 6 0 0 0 0 
494 530 0 0 0 0 0 0 942 82 0 0 0 0 0 0 1024 0 0 0 0 0 0 0 
45 979 0 0 0 0 0 0 539 485 0 0 0 0 0 0 1024 0 0 0 0 0 0 0 
188 836 0 0 0 0 0 0 458 566 0 0 0 0 0 0 1024 0 0 0 0 0 0 0 
185 455 384 0 0 0 0 0 244 439 341 0 0 0 0 0 421 495 108 0 0 0 0 0 
2 222 695 105 0 0 0 0 2 221 671 130 0 0 0 0 4 251 687 82 0 0 0 0 
12 213 758 41 0 0 0 0 26 320 669 9 0 0 0 0 133 388 499 4 0 0 0 0 
23 752 247 2 0 0 0 0 60 788 176 0 0 0 0 0 679 213 132 0 0 0 0 0 
0 433 591 0 0 0 0 0 0 960 64 0 0 0 0 0 225 799 0 0 0 0 0 0 
0 75 949 0 0 0 0 0 0 615 409 0 0 0 0 0 5 1019 0 0 0 0 0 0 
0 53 959 9 3 0 0 0 0 671 342 10 1 0 0 0 27 981 6 10 0 0 0 0 
0 181 577 34 232 0 0 0 6 696 67 61 194 0 0 0 46 683 45 105 145 0 0 0 
46 357 49 117 436 19 0 0 106 323 50 98 437 10 0 0 291 158 40 248 287 0 0 0 
0 174 664 165 21 0 0 0 0 802 44 149 29 0 0 0 23 790 69 142 0 0 0 0 
0 1 947 76 0 0 0 0 0 885 63 76 0 0 0 0 0 916 61 47 0 0 0 0 
0 16 770 238 0 0 0 0 0 722 65 237 0 0 0 0 0 751 110 163 0 0 0 0 
0 0 1024 0 0 0 0 0 0 1024 0 0 0 0 0 0 0 1024 0 0 0 0 0 0 
11 656 298 59 0 0 0 0 560 197 242 25 0 0 0 0 5 759 243 17 0 0 0 0 
0 107 648 230 39 0 0 0 1 303 546 142 32 0 0 0 0 301 596 116 11 0 0 0 
0 90 492 402 40 0 0 0 0 139 409 460 16 0 0 0 0 142 420 462 0 0 0 0 
396 74 105 425 24 0 0 0 269 167 131 453 4 0 0 0 295 167 118 444 0 0 0 0 
587 357 20 16 44 0 0 0 266 424 274 18 42 0 0 0 422 525 19 37 21 0 0 0 
53 68 90 199 434 180 0 0 50 76 97 208 425 168 0 0 84 72 103 294 460 11 0 0 
0 18 126 172 286 418 4 0 0 9 121 184 301 404 5 0 0 24 142 223 525 110 0 0 
0 40 242 368 373 1 0 0 4 120 259 320 321 0 0 0 119 190 273 285 157 0 0 0 
1 31 201 450 297 44 0 0 5 130 171 406 263 49 0 0 121 149 213 265 268 8 0 0 
76 95 190 526 101 36 0 0 55 110 165 543 100 51 0 0 81 98 222 509 98 16 0 0 
408 173 220 218 4 1 0 0 379 180 230 228 5 2 0 0 420 188 215 196 5 0 0 0 
485 433 104 2 0 0 0 0 355 552 112 5 0 0 0 0 647 295 81 1 0 0 0 0 
19 266 642 97 0 0 0 0 12 258 637 116 1 0 0 0 64 277 639 44 0 0 0 0 
2 369 315 334 4 0 0 0 248 111 315 345 5 0 0 0 297 111 344 268 4 0 0 0 
68 142 271 525 18 0 0 0 93 82 270 553 26 0 0 0 117 106 335 461 5 0 0 0 
541 483 0 0 0 0 0 0 998 26 0 0 0 0 0 0 1024 0 0 0 0 0 0 0 
0 1024 0 0 0 0 0 0 580 444 0 0 0 0 0 0 1016 8 0 0 0 0 0 0 
290 734 0 0 0 0 0 0 415 609 0 0 0 0 0 0 939 85 0 0 0 0 0 0 
463 259 302 0 0 0 0 0 411 349 264 0 0 0 0 0 569 356 99 0 0 0 0 0 
1 99 735 189 0 0 0 0 2 203 617 202 0 0 0 0 9 383 495 137 0 0 0 0 
0 0 471 553 0 0 0 0 0 0 1021 3 0 0 0 0 0 11 1013 0 0 0 0 0 
4 64 861 95 0 0 0 0 28 86 910 0 0 0 0 0 49 277 698 0 0 0 0 0 
35 622 367 0 0 0 0 0 65 626 333 0 0 0 0 0 574 315 135 0 0 0 0 0 
39 955 30 0 0 0 0 0 61 953 10 0 0 0 0 0 696 325 3 0 0 0 0 0 
0 884 140 0 0 0 0 0 0 1024 0 0 0 0 0 0 139 885 0 0 0 0 0 0 
0 940 84 0 0 0 0 0 2 1022 0 0 0 0 0 0 428 596 0 0 0 0 0 0 
0 993 31 0 0 0 0 0 4 1003 17 0 0 0 0 0 671 346 7 0 0 0 0 0 
0 407 617 0 0 0 0 0 0 1024 0 0 0 0 0 0 101 923 0 0 0 0 0 0 
0 96 826 102 0 0 0 0 0 846 58 120 0 0 0 0 0 872 133 19 0 0 0 0 
0 214 661 149 0 0 0 0 0 780 53 191 0 0 0 0 0 789 224 11 0 0 0 0 
0 315 709 0 0 0 0 0 0 1024 0 0 0 0 0 0 2 1022 0 0 0 0 0 0 
25 489 112 172 187 39 0 0 356 132 133 164 195 44 0 0 37 468 131 238 149 1 0 0 
0 122 355 402 145 0 0 0 32 88 433 336 135 0 0 0 0 106 511 356 51 0 0 0 
0 0 122 475 397 30 0 0 0 11 149 442 386 36 0 0 0 15 200 555 244 10 0 0 
99 75 198 458 181 13 0 0 96 74 179 457 200 18 0 0 112 66 270 436 139 1 0 0 
37 81 35 236 635 0 0 0 32 86 46 202 658 0 0 0 67 55 59 297 546 0 0 0 
0 1 158 475 373 17 0 0 0 4 204 472 339 5 0 0 0 17 337 470 200 0 0 0 
53 57 152 277 348 137 0 0 0 99 198 253 399 75 0 0 2 54 261 301 402 4 0 0 
43 249 317 213 202 0 0 0 119 350 142 230 183 0 0 0 253 243 192 244 92 0 0 0 
304 180 230 251 59 0 0 0 321 158 193 257 95 0 0 0 370 134 233 279 8 0 0 0 
142 551 161 169 1 0 0 0 134 552 161 160 17 0 0 0 202 511 149 162 0 0 0 0 
266 457 147 154 0 0 0 0 256 464 155 149 0 0 0 0 379 364 151 130 0 0 0 0 
30 237 461 288 8 0 0 0 26 238 460 285 15 0 0 0 53 304 430 236 1 0 0 0 
0 36 318 564 106 0 0 0 0 32 307 576 109 0 0 0 0 63 406 528 27 0 0 0 
0 17 402 566 39 0 0 0 0 8 374 601 41 0 0 0 0 11 496 503 14 0 0 0 
89 115 432 388 0 0 0 0 84 109 443 388 0 0 0 0 94 157 472 301 0 0 0 0 
426 533 65 0 0 0 0 0 827 124 73 0 0 0 0 0 862 103 59 0 0 0 0 0 
0 1024 0 0 0 0 0 0 827 197 0 0 0 0 0 0 1024 0 0 0 0 0 0 0 
424 600 0 0 0 0 0 0 732 292 0 0 0 0 0 0 683 341 0 0 0 0 0 0 
62 230 725 7 0 0 0 0 89 269 666 0 0 0 0 0 48 656 320 0 0 0 0 0 
0 3 970 51 0 0 0 0 0 47 975 2 0 0 0 0 0 379 645 0 0 0 0 0 
0 4 519 501 0 0 0 0 0 56 925 43 0 0 0 0 0 139 885 0 0 0 0 0 
0 1 614 409 0 0 0 0 0 8 955 61 0 0 0 0 0 140 884 0 0 0 0 0 
0 10 1004 10 0 0 0 0 0 80 944 0 0 0 0 0 0 341 683 0 0 0 0 0 
36 62 919 7 0 0 0 0 54 70 900 0 0 0 0 0 79 624 321 0 0 0 0 0 
31 615 378 0 0 0 0 0 82 740 202 0 0 0 0 0 428 533 63 0 0 0 0 0 
0 660 341 23 0 0 0 0 3 699 317 5 0 0 0 0 318 534 172 0 0 0 0 0 
58 627 264 75 0 0 0 0 48 679 276 21 0 0 0 0 238 555 231 0 0 0 0 0 
241 572 211 0 0 0 0 0 217 807 0 0 0 0 0 0 385 639 0 0 0 0 0 0 
80 452 456 36 0 0 0 0 60 799 89 76 0 0 0 0 174 703 147 0 0 0 0 0 
2 443 547 32 0 0 0 0 4 859 84 77 0 0 0 0 34 848 141 1 0 0 0 0 
0 910 114 0 0 0 0 0 0 1024 0 0 0 0 0 0 72 952 0 0 0 0 0 0 
0 113 61 58 279 513 0 0 0 123 60 58 272 511 0 0 0 123 65 91 654 91 0 0 
0 2 751 66 187 18 0 0 0 2 744 63 196 19 0 0 0 3 766 106 147 2 0 0 
0 2 216 196 377 233 0 0 0 2 223 195 405 199 0 0 0 5 243 249 448 79 0 0 
9 42 326 262 192 193 0 0 0 26 247 338 202 211 0 0 1 48 345 257 282 91 0 0 
53 42 187 551 191 0 0 0 31 49 51 450 443 0 0 0 47 46 203 592 136 0 0 0 
37 160 236 499 92 0 0 0 23 229 172 512 88 0 0 0 59 229 291 382 63 0 0 0 
227 122 99 400 122 54 0 0 181 94 128 409 147 65 0 0 196 60 138 432 151 47 0 0 
276 212 211 252 73 0 0 0 237 242 192 254 99 0 0 0 316 183 223 275 27 0 0 0 
14 722 176 105 7 0 0 0 6 721 181 104 12 0 0 0 95 660 171 98 0 0 0 0 
0 843 150 31 0 0 0 0 0 840 146 38 0 0 0 0 5 846 172 1 0 0 0 0 
0 459 274 291 0 0 0 0 0 459 273 291 1 0 0 0 10 470 458 86 0 0 0 0 
0 1 324 695 4 0 0 0 0 2 327 691 4 0 0 0 0 5 509 510 0 0 0 0 
0 4 260 736 24 0 0 0 0 4 250 747 23 0 0 0 0 7 444 570 3 0 0 0 
33 135 387 446 23 0 0 0 25 104 417 451 27 0 0 0 31 104 500 381 8 0 0 0 
566 255 190 13 0 0 0 0 575 227 209 13 0 0 0 0 625 208 184 7 0 0 0 0 
626 397 1 0 0 0 0 0 998 25 1 0 0 0 0 0 1002 21 1 0 0 0 0 0 
0 1024 0 0 0 0 0 0 967 57 0 0 0 0 0 0 1024 0 0 0 0 0 0 0 
531 490 3 0 0 0 0 0 887 134 3 0 0 0 0 0 512 511 1 0 0 0 0 0 
19 148 857 0 0 0 0 0 15 311 698 0 0 0 0 0 3 776 245 0 0 0 0 0 
0 25 957 42 0 0 0 0 0 95 925 4 0 0 0 0 0 444 580 0 0 0 0 0 
0 28 838 158 0 0 0 0 0 125 878 21 0 0 0 0 0 434 590 0 0 0 0 0 
0 0 303 721 0 0 0 0 0 0 953 71 0 0 0 0 0 18 1006 0 0 0 0 0 
0 0 887 137 0 0 0 0 0 0 1000 24 0 0 0 0 0 87 937 0 0 0 0 0 
0 0 812 212 0 0 0 0 0 1 1013 10 0 0 0 0 0 158 866 0 0 0 0 0 
0 5 989 30 0 0 0 0 0 75 947 2 0 0 0 0 0 373 651 0 0 0 0 0 
0 1 950 73 0 0 0 0 0 3 1018 3 0 0 0 0 0 80 944 0 0 0 0 0 
14 337 596 77 0 0 0 0 30 338 648 8 0 0 0 0 180 313 531 0 0 0 0 0 
30 936 58 0 0 0 0 0 37 987 0 0 0 0 0 0 549 475 0 0 0 0 0 0 
221 559 244 0 0 0 0 0 226 621 170 7 0 0 0 0 478 387 159 0 0 0 0 0 
328 618 78 0 0 0 0 0 307 640 77 0 0 0 0 0 765 202 57 0 0 0 0 0 
480 538 6 0 0 0 0 0 483 541 0 0 0 0 0 0 802 222 0 0 0 0 0 0 
2 309 139 188 286 100 0 0 0 299 148 190 334 53 0 0 0 291 143 222 368 0 0 0 
0 33 754 159 78 0 0 0 0 7 752 174 91 0 0 0 0 40 764 166 54 0 0 0 
0 0 355 236 342 91 0 0 0 0 366 247 371 40 0 0 0 4 401 283 334 2 0 0 
55 25 112 248 433 151 0 0 36 42 97 240 468 141 0 0 55 32 152 289 493 3 0 0 
224 200 161 439 0 0 0 0 156 262 134 471 1 0 0 0 312 115 299 298 0 0 0 0 
113 233 185 426 67 0 0 0 66 221 205 445 87 0 0 0 83 213 297 406 25 0 0 0 
292 387 217 87 41 0 0 0 271 403 211 83 56 0 0 0 444 251 213 105 11 0 0 0 
87 877 52 5 3 0 0 0 79 887 50 5 3 0 0 0 323 649 45 6 1 0 0 0 
0 144 281 577 22 0 0 0 0 145 277 578 24 0 0 0 0 173 360 483 8 0 0 0 
0 108 182 258 476 0 0 0 0 93 192 265 474 0 0 0 0 148 188 331 357 0 0 0 
0 0 47 384 587 6 0 0 0 0 38 383 597 6 0 0 0 0 109 532 382 1 0 0 
0 5 193 756 70 0 0 0 0 3 162 773 86 0 0 0 0 14 451 531 28 0 0 0 
36 29 658 298 3 0 0 0 33 24 662 305 0 0 0 0 48 71 815 90 0 0 0 0 
514 185 250 74 1 0 0 0 524 162 261 76 1 0 0 0 555 169 236 64 0 0 0 0 
489 524 11 0 0 0 0 0 1002 11 11 0 0 0 0 0 1007 7 10 0 0 0 0 0 
703 321 0 0 0 0 0 0 1019 5 0 0 0 0 0 0 1022 2 0 0 0 0 0 0 
0 1024 0 0 0 0 0 0 1012 12 0 0 0 0 0 0 1024 0 0 0 0 0 0 0 
190 627 207 0 0 0 0 0 598 290 136 0 0 0 0 0 563 443 18 0 0 0 0 0 
0 270 754 0 0 0 0 0 5 435 584 0 0 0 0 0 24 913 87 0 0 0 0 0 
0 62 913 49 0 0 0 0 0 183 841 0 0 0 0 0 0 717 307 0 0 0 0 0 
0 13 709 302 0 0 0 0 0 60 964 0 0 0 0 0 0 223 801 0 0 0 0 0 
0 0 427 597 0 0 0 0 0 0 967 57 0 0 0 0 0 45 979 0 0 0 0 0 
0 0 623 401 0 0 0 0 0 39 882 103 0 0 0 0 0 340 684 0 0 0 0 0 
0 18 799 207 0 0 0 0 0 247 757 20 0 0 0 0 0 470 554 0 0 0 0 0 
0 0 555 469 0 0 0 0 0 6 1007 11 0 0 0 0 0 44 980 0 0 0 0 0 
0 0 771 253 0 0 0 0 0 7 972 45 0 0 0 0 0 105 919 0 0 0 0 0 
159 166 633 66 0 0 0 0 176 150 688 10 0 0 0 0 250 213 561 0 0 0 0 0 
0 1024 0 0 0 0 0 0 0 1024 0 0 0 0 0 0 834 190 0 0 0 0 0 0 
0 708 316 0 0 0 0 0 0 717 307 0 0 0 0 0 354 402 268 0 0 0 0 0 
0 928 96 0 0 0 0 0 0 950 74 0 0 0 0 0 430 534 60 0 0 0 0 0 
168 856 0 0 0 0 0 0 186 838 0 0 0 0 0 0 638 386 0 0 0 0 0 0 
6 464 101 185 259 9 0 0 0 494 123 163 244 0 0 0 10 481 136 194 203 0 0 0 
1 61 530 295 137 0 0 0 0 28 514 339 143 0 0 0 0 0 636 324 64 0 0 0 
0 0 279 557 130 58 0 0 0 0 277 567 130 50 0 0 0 0 364 495 165 0 0 0 
50 152 105 466 159 92 0 0 31 166 94 472 180 81 0 0 64 141 130 470 210 9 0 0 
368 133 194 187 142 0 0 0 339 159 179 177 170 0 0 0 371 136 207 270 40 0 0 0 
42 768 194 17 3 0 0 0 28 689 287 15 5 0 0 0 90 636 277 20 1 0 0 0 
0 697 318 9 0 0 0 0 0 731 287 6 0 0 0 0 51 783 190 0 0 0 0 0 
0 282 717 25 0 0 0 0 0 342 672 10 0 0 0 0 1 558 464 1 0 0 0 0 
6 54 284 520 159 1 0 0 2 69 275 518 159 1 0 0 3 53 408 480 80 0 0 0 
0 0 27 501 491 5 0 0 0 0 26 463 530 5 0 0 0 0 71 618 334 1 0 0 
24 59 296 497 148 0 0 0 1 72 296 518 137 0 0 0 8 38 423 520 35 0 0 0 
43 68 411 451 51 0 0 0 19 75 398 483 49 0 0 0 22 69 547 368 18 0 0 0 
261 241 488 34 0 0 0 0 224 256 494 50 0 0 0 0 289 267 465 3 0 0 0 0 
165 395 358 106 0 0 0 0 139 377 388 120 0 0 0 0 214 319 398 93 0 0 0 0 
228 305 343 148 0 0 0 0 358 113 356 194 3 0 0 0 377 103 404 140 0 0 0 0 
751 273 0 0 0 0 0 0 1004 20 0 0 0 0 0 0 1016 8 0 0 0 0 0 0 
1 1023 0 0 0 0 0 0 1013 11 0 0 0 0 0 0 1024 0 0 0 0 0 0 0 
13 687 324 0 0 0 0 0 521 298 205 0 0 0 0 0 554 459 11 0 0 0 0 0 
0 33 991 0 0 0 0 0 0 111 913 0 0 0 0 0 0 923 101 0 0 0 0 0 
0 62 959 3 0 0 0 0 0 237 787 0 0 0 0 0 0 937 87 0 0 0 0 0 
0 64 875 85 0 0 0 0 0 340 682 2 0 0 0 0 0 589 435 0 0 0 0 0 
0 0 878 146 0 0 0 0 0 2 1022 0 0 0 0 0 0 122 902 0 0 0 0 0 
0 47 805 172 0 0 0 0 0 99 875 50 0 0 0 0 32 406 586 0 0 0 0 0 
0 40 396 588 0 0 0 0 0 48 688 288 0 0 0 0 30 123 871 0 0 0 0 0 
0 2 591 431 0 0 0 0 0 22 822 180 0 0 0 0 0 150 874 0 0 0 0 0 
0 0 711 313 0 0 0 0 0 30 907 87 0 0 0 0 0 244 780 0 0 0 0 0 
0 279 656 89 0 0 0 0 0 338 673 13 0 0 0 0 5 478 541 0 0 0 0 0 
0 1024 0 0 0 0 0 0 0 1024 0 0 0 0 0 0 33 991 0 0 0 0 0 0 
0 889 135 0 0 0 0 0 0 889 135 0 0 0 0 0 61 836 127 0 0 0 0 0 
0 1001 23 0 0 0 0 0 0 1007 17 0 0 0 0 0 448 568 8 0 0 0 0 0 
0 1024 0 0 0 0 0 0 0 1024 0 0 0 0 0 0 684 340 0 0 0 0 0 0 
67 571 76 80 199 31 0 0 11 614 84 90 197 28 0 0 12 594 78 111 229 0 0 0 
3 81 65 522 342 11 0 0 0 76 66 503 365 14 0 0 1 77 80 561 305 0 0 0 
464 108 84 306 62 0 0 0 455 133 55 315 66 0 0 0 467 131 63 355 8 0 0 0 
130 246 437 161 50 0 0 0 140 453 225 141 65 0 0 0 241 378 225 166 14 0 0 0 
721 180 94 13 16 0 0 0 651 247 96 12 18 0 0 0 806 102 89 23 4 0 0 0 
155 775 94 0 0 0 0 0 79 832 113 0 0 0 0 0 360 655 9 0 0 0 0 0 
0 66 762 196 0 0 0 0 0 80 790 154 0 0 0 0 0 171 805 48 0 0 0 0 
0 1 949 51 23 0 0 0 0 0 946 52 26 0 0 0 0 35 928 54 7 0 0 0 
0 11 413 397 203 0 0 0 0 6 419 396 202 1 0 0 0 64 456 426 78 0 0 0 
0 1 122 417 476 8 0 0 0 2 137 405 472 8 0 0 0 11 215 585 212 1 0 0 
5 14 226 460 317 2 0 0 4 13 221 487 297 2 0 0 6 16 439 348 215 0 0 0 
248 219 378 93 86 0 0 0 207 246 378 102 91 0 0 0 301 199 362 131 31 0 0 0 
420 289 294 21 0 0 0 0 399 289 313 23 0 0 0 0 440 329 242 13 0 0 0 0 
0 100 597 324 3 0 0 0 0 94 553 372 5 0 0 0 0 137 689 197 1 0 0 0 
22 107 550 319 26 0 0 0 17 101 544 332 30 0 0 0 26 163 632 195 8 0 0 0 
597 348 79 0 0 0 0 0 747 185 92 0 0 0 0 0 776 198 50 0 0 0 0 0 
7 1017 0 0 0 0 0 0 1020 4 0 0 0 0 0 0 1024 0 0 0 0 0 0 0 
61 646 317 0 0 0 0 0 624 104 296 0 0 0 0 0 653 365 6 0 0 0 0 0 
0 206 818 0 0 0 0 0 0 355 669 0 0 0 0 0 0 951 73 0 0 0 0 0 
0 244 769 11 0 0 0 0 0 399 625 0 0 0 0 0 0 857 167 0 0 0 0 0 
0 175 804 45 0 0 0 0 0 410 614 0 0 0 0 0 0 748 276 0 0 0 0 0 
0 105 891 28 0 0 0 0 0 338 686 0 0 0 0 0 0 705 319 0 0 0 0 0 
0 1 914 109 0 0 0 0 0 98 925 1 0 0 0 0 0 488 536 0 0 0 0 0 
0 0 511 513 0 0 0 0 0 47 957 20 0 0 0 0 0 361 663 0 0 0 0 0 
0 0 217 807 0 0 0 0 0 0 994 30 0 0 0 0 0 0 1024 0 0 0 0 0 
0 0 435 589 0 0 0 0 0 15 858 151 0 0 0 0 0 284 740 0 0 0 0 0 
0 123 746 155 0 0 0 0 0 138 880 6 0 0 0 0 0 414 610 0 0 0 0 0 
0 1024 0 0 0 0 0 0 0 1024 0 0 0 0 0 0 0 1024 0 0 0 0 0 0 
0 1023 1 0 0 0 0 0 0 1021 3 0 0 0 0 0 0 1024 0 0 0 0 0 0 
0 1024 0 0 0 0 0 0 0 1021 3 0 0 0 0 0 0 1024 0 0 0 0 0 0 
0 1024 0 0 0 0 0 0 0 1024 0 0 0 0 0 0 0 1024 0 0 0 0 0 0 
375 524 47 78 0 0 0 0 146 753 45 79 1 0 0 0 154 743 56 71 0 0 0 0 
13 167 207 512 125 0 0 0 2 172 167 473 210 0 0 0 8 174 149 560 133 0 0 0 
155 431 267 73 98 0 0 0 144 431 254 87 108 0 0 0 403 196 263 121 41 0 0 0 
61 932 31 0 0 0 0 0 58 918 48 0 0 0 0 0 233 765 26 0 0 0 0 0 
1 864 159 0 0 0 0 0 0 448 572 4 0 0 0 0 131 844 49 0 0 0 0 0 
13 410 372 183 46 0 0 0 0 79 719 193 33 0 0 0 108 539 164 189 24 0 0 0 
0 2 724 100 193 5 0 0 0 0 724 104 192 4 0 0 0 126 614 204 80 0 0 0 
0 1 394 243 383 3 0 0 0 1 393 235 392 3 0 0 0 24 396 327 277 0 0 0 
0 7 109 449 399 60 0 0 0 7 112 431 382 92 0 0 0 26 184 437 356 21 0 0 
4 11 228 503 273 5 0 0 4 11 207 528 269 5 0 0 6 22 410 487 99 0 0 0 
193 193 447 163 28 0 0 0 173 205 439 182 25 0 0 0 214 211 514 75 10 0 0 0 
58 229 306 419 12 0 0 0 50 232 295 421 26 0 0 0 62 262 332 368 0 0 0 0 
0 9 515 500 0 0 0 0 0 6 503 515 0 0 0 0 0 29 664 331 0 0 0 0 
0 45 414 547 18 0 0 0 0 41 404 557 22 0 0 0 0 65 554 402 3 0 0 0 
325 297 303 99 0 0 0 0 302 304 313 105 0 0 0 0 339 335 300 50 0 0 0 0 
885 136 3 0 0 0 0 0 983 38 3 0 0 0 0 0 999 24 1 0 0 0 0 0 
32 992 0 0 0 0 0 0 1024 0 0 0 0 0 0 0 1024 0 0 0 0 0 0 0 
387 609 28 0 0 0 0 0 951 45 28 0 0 0 0 0 782 240 2 0 0 0 0 0 
260 507 257 0 0 0 0 0 267 554 203 0 0 0 0 0 256 762 6 0 0 0 0 0 
32 751 241 0 0 0 0 0 50 791 183 0 0 0 0 0 106 885 33 0 0 0 0 0 
30 250 737 7 0 0 0 0 76 280 668 0 0 0 0 0 108 495 421 0 0 0 0 0 
2 49 965 8 0 0 0 0 2 187 835 0 0 0 0 0 4 503 517 0 0 0 0 0 
0 25 982 17 0 0 0 0 0 378 646 0 0 0 0 0 0 899 125 0 0 0 0 0 
0 0 941 83 0 0 0 0 0 22 1000 2 0 0 0 0 0 278 746 0 0 0 0 0 
0 0 411 613 0 0 0 0 0 0 1006 18 0 0 0 0 0 28 996 0 0 0 0 0 
0 0 573 451 0 0 0 0 0 0 869 155 0 0 0 0 0 153 871 0 0 0 0 0 
335 126 508 55 0 0 0 0 334 193 496 1 0 0 0 0 361 369 294 0 0 0 0 0 
73 951 0 0 0 0 0 0 72 949 3 0 0 0 0 0 77 947 0 0 0 0 0 0 
0 1024 0 0 0 0 0 0 0 1022 2 0 0 0 0 0 0 1024 0 0 0 0 0 0 
0 1024 0 0 0 0 0 0 0 1024 0 0 0 0 0 0 0 1024 0 0 0 0 0 0 
0 1024 0 0 0 0 0 0 0 1024 0 0 0 0 0 0 0 1024 0 0 0 0 0 0 
