0 12 18 41 278 568 95 12 18 25 27 25 201 522 179 27 9 17 39 42 168 551 166 32 
0 0 2 31 213 335 310 133 0 0 4 26 158 262 396 178 5 25 33 49 94 290 334 194 
0 0 5 26 56 297 594 46 0 0 1 20 38 154 703 108 0 0 8 34 53 516 360 53 
0 0 0 0 1 71 823 129 0 0 0 0 0 10 810 204 0 0 0 0 2 398 497 127 
0 0 5 4 21 175 704 115 0 0 2 6 20 44 815 137 0 2 5 7 25 489 407 89 
1 5 18 21 27 97 654 201 0 2 12 19 23 50 693 225 1 15 9 20 41 473 342 123 
0 0 0 1 25 38 449 511 0 0 0 0 9 44 505 466 0 0 0 1 11 370 407 235 
0 0 0 0 2 159 436 427 0 0 0 0 2 40 609 373 0 0 0 1 32 476 276 239 
0 2 1 1 0 69 253 698 0 2 1 1 1 33 361 625 0 0 0 8 17 341 440 218 
0 1 0 1 1 22 215 784 1 0 0 1 1 16 263 742 0 1 0 1 8 214 383 417 
0 0 1 1 8 67 316 631 0 0 1 1 8 93 307 614 0 0 3 16 167 188 157 493 
0 1 0 1 37 231 354 400 0 1 1 0 15 243 364 400 0 1 2 37 303 220 179 282 
0 2 3 56 163 374 283 143 0 2 2 44 114 408 297 157 1 8 34 124 343 292 78 144 
0 5 22 54 567 343 24 9 0 2 15 52 469 449 25 12 0 5 43 321 504 111 17 23 
0 0 0 0 305 509 84 126 0 0 0 0 203 602 85 134 0 8 24 60 426 298 81 127 
0 11 19 73 159 690 71 1 13 11 26 70 95 460 349 0 4 7 20 82 99 519 291 2 
0 0 3 6 107 465 432 11 0 3 13 62 80 375 489 2 1 19 60 55 59 328 490 12 
10 4 19 88 142 254 295 212 5 10 26 115 123 192 297 256 3 56 95 150 153 234 255 78 
16 22 47 180 130 131 170 328 0 0 18 148 174 162 174 348 0 16 68 135 189 232 217 167 
4 12 18 57 116 348 457 12 0 2 5 66 88 323 526 14 2 50 37 68 145 593 127 2 
0 3 7 45 167 366 390 46 1 3 13 49 107 337 456 58 11 68 71 64 151 468 173 18 
0 0 3 37 163 109 269 443 0 0 3 32 182 128 251 428 0 15 56 123 100 209 329 192 
0 0 9 51 138 362 391 73 0 0 8 81 91 331 425 88 2 32 54 85 155 466 213 17 
0 12 59 60 145 317 264 167 0 5 28 42 143 348 295 163 0 7 55 89 183 380 258 52 
6 6 16 114 161 358 204 159 0 8 19 84 170 338 242 163 1 32 45 171 161 375 176 63 
6 19 44 75 172 219 129 360 8 39 42 110 162 208 131 324 23 66 111 128 177 158 181 180 
0 5 16 105 240 448 155 55 6 1 17 59 186 530 171 54 7 31 33 75 411 372 73 22 
0 0 12 42 230 418 226 96 0 0 0 10 80 449 354 131 0 0 0 8 156 540 224 96 
0 0 9 36 147 455 377 0 0 0 11 51 82 478 402 0 0 0 6 22 357 579 60 0 
0 0 4 58 157 609 108 88 2 5 8 54 125 552 198 80 5 8 38 65 192 540 134 42 
0 5 13 64 314 491 129 8 132 59 41 87 215 441 48 1 107 93 43 110 175 444 51 1 
0 1 4 19 291 406 244 59 147 82 33 29 239 360 114 20 93 159 44 35 118 462 97 16 
0 7 30 196 203 258 190 140 31 52 54 207 240 222 192 26 156 150 189 246 85 139 58 1 
3 10 36 314 171 239 118 133 29 33 41 302 153 226 170 70 30 82 246 295 181 173 17 0 
0 0 9 152 128 301 426 8 14 4 10 130 113 259 484 10 7 12 24 140 148 373 320 0 
0 1 10 46 161 301 471 34 0 3 5 35 115 307 530 29 3 5 33 99 122 364 382 16 
0 13 37 90 334 182 181 187 39 96 53 50 250 189 189 158 70 104 95 266 272 141 74 2 
0 2 5 31 265 442 225 54 6 10 48 29 243 423 227 38 26 40 60 100 342 395 61 0 
2 45 115 130 166 312 222 32 8 40 128 173 129 277 235 34 52 66 116 148 186 331 115 10 
0 45 65 202 199 242 220 51 4 43 173 203 207 294 81 19 117 232 211 134 159 143 28 0 
0 8 31 92 181 332 240 140 1 8 53 149 196 353 179 85 21 101 169 306 253 166 8 0 
74 110 44 110 184 343 113 46 91 85 39 128 219 354 84 24 139 82 126 162 316 196 3 0 
45 126 67 23 101 332 234 96 72 137 30 19 55 207 408 96 156 83 21 29 123 334 212 66 
0 0 21 45 113 530 315 0 0 2 25 56 102 446 393 0 0 0 5 31 340 562 85 1 
0 0 1 41 181 648 137 16 0 1 25 76 138 354 408 22 41 59 32 48 194 504 137 9 
1 8 42 32 343 547 50 1 27 36 58 59 230 557 57 0 16 38 66 73 173 615 43 0 
0 1 5 31 226 561 186 14 52 36 32 38 133 511 212 10 33 53 37 50 85 489 255 22 
3 34 62 135 119 294 334 43 27 54 101 151 143 153 365 30 99 199 156 150 74 123 202 21 
1 8 64 190 222 329 187 23 6 16 102 285 234 238 143 0 84 234 283 238 136 45 4 0 
0 0 3 101 212 438 262 8 0 1 15 87 158 450 312 1 2 14 52 135 206 498 117 0 
0 0 7 76 177 430 318 16 10 10 19 113 150 409 300 13 25 65 100 100 174 421 135 4 
0 4 29 165 330 207 201 88 36 54 78 235 238 126 236 21 59 206 327 245 91 68 26 2 
0 0 21 98 251 484 158 12 0 6 26 95 240 440 217 0 0 11 76 173 329 420 15 0 
0 0 12 83 170 271 199 289 13 8 61 108 111 231 225 267 57 94 46 82 130 249 241 125 
5 47 73 70 140 177 286 226 3 56 93 115 245 223 112 177 56 158 205 114 153 97 158 83 
24 73 135 110 138 231 207 106 24 88 166 153 174 208 190 21 64 249 318 220 122 40 11 0 
3 12 56 125 144 289 308 87 10 15 62 165 216 417 112 27 25 171 316 187 184 96 41 4 
343 227 62 46 40 44 167 95 486 127 52 40 33 44 157 85 563 104 45 35 32 56 157 32 
165 47 32 76 115 363 191 35 165 58 45 80 130 305 225 16 181 115 80 149 172 239 78 10 
4 7 18 53 174 621 141 6 3 14 35 87 175 545 160 5 52 64 49 141 192 421 99 6 
3 49 238 145 273 306 10 0 64 77 179 141 193 359 11 0 33 92 135 177 196 386 5 0 
2 17 37 64 263 371 192 78 20 98 100 85 163 420 120 18 38 91 100 94 158 404 119 20 
0 7 39 107 94 180 234 363 0 64 311 108 140 194 188 19 105 421 115 64 78 108 115 18 
6 24 214 243 112 112 310 3 12 23 175 195 194 297 128 0 63 567 309 77 8 0 0 0 
0 0 3 179 137 378 313 14 17 19 18 166 154 402 248 0 37 58 108 178 200 407 36 0 
0 1 29 41 95 426 394 38 14 21 41 74 129 375 364 6 38 67 98 104 123 470 120 4 
0 5 56 198 309 260 191 5 6 12 66 229 293 264 152 2 9 78 256 433 177 34 37 0 
3 11 53 173 294 377 112 1 4 31 67 179 285 343 115 0 23 69 100 289 295 243 5 0 
1 3 9 34 55 127 342 453 1 5 16 24 80 108 361 429 6 23 31 46 63 298 295 262 
8 15 3 1 24 56 193 724 3 20 3 6 40 71 182 699 8 27 42 28 39 89 353 438 
27 31 118 163 141 189 245 110 30 41 137 154 173 304 156 29 33 154 304 235 130 90 62 16 
11 9 57 89 141 184 125 408 16 19 102 117 127 172 108 363 28 100 158 146 121 69 169 233 
0 0 0 0 2 12 639 371 0 0 0 0 3 10 621 390 0 0 0 0 6 17 764 237 
6 7 8 54 130 390 414 15 5 21 33 55 109 326 457 18 29 24 37 113 172 449 185 15 
3 24 89 105 135 349 287 32 9 30 128 155 125 324 245 8 69 117 114 152 273 209 88 2 
2 9 55 175 314 430 34 5 32 21 64 183 258 434 32 0 10 35 58 163 253 463 42 0 
0 7 128 82 134 239 251 183 50 105 157 185 209 240 75 3 186 275 80 118 125 175 63 2 
0 2 13 27 80 89 259 554 34 127 95 386 209 129 41 3 267 496 106 63 48 32 9 3 
3 12 67 157 139 113 294 239 226 127 104 216 219 119 12 1 120 419 160 229 91 5 0 0 
3 38 72 156 258 364 132 1 16 56 88 159 211 390 104 0 62 151 135 164 244 264 4 0 
33 27 68 51 209 201 184 251 0 5 38 94 207 233 169 278 48 155 81 68 153 140 161 218 
2 6 20 90 79 109 248 470 2 7 24 70 91 217 319 294 117 105 180 164 110 70 117 161 
0 0 36 115 117 281 315 160 0 10 68 85 129 293 296 143 2 82 91 134 232 152 280 51 
0 0 7 15 10 60 647 285 0 2 18 7 8 82 581 326 1 17 9 8 26 223 685 55 
0 0 0 0 12 153 514 345 0 0 0 0 12 147 479 386 0 0 4 20 70 190 633 107 
0 0 0 10 43 206 544 221 3 8 10 22 76 122 578 205 4 25 31 85 115 241 463 60 
0 0 0 0 50 168 313 493 0 1 5 24 51 137 344 462 2 15 28 38 66 187 460 228 
0 0 0 0 0 8 958 58 0 0 0 0 0 4 952 68 0 0 0 0 0 102 915 7 
0 0 0 0 0 576 448 0 0 0 0 0 0 248 776 0 0 0 0 0 1 964 59 0 
20 127 82 67 54 628 46 0 3 69 124 88 32 603 105 0 3 22 130 102 496 271 0 0 
1 8 12 17 43 204 460 279 28 44 74 64 93 186 509 26 200 173 106 75 81 111 188 90 
0 1 5 6 82 219 431 280 91 88 80 113 158 286 188 20 164 270 95 77 114 157 127 20 
10 36 33 36 59 105 262 483 95 186 222 192 133 133 61 2 334 516 68 35 29 24 14 4 
45 25 32 40 79 160 346 297 241 133 143 106 169 98 94 40 173 363 70 92 107 65 120 34 
31 64 50 99 142 424 101 113 11 44 48 71 130 442 180 98 13 19 23 77 223 440 161 68 
0 0 0 13 72 328 302 309 0 0 0 2 40 352 386 244 42 108 75 88 145 179 213 174 
2 10 22 29 68 76 163 654 6 8 16 18 64 148 153 611 27 40 64 34 64 102 222 471 
0 0 0 20 24 48 342 590 0 0 1 12 25 70 332 584 34 22 23 40 68 24 478 335 
0 0 0 0 2 2 995 25 0 0 0 0 2 2 979 41 0 0 0 2 2 4 1016 0 
0 0 0 0 1 3 751 269 0 0 0 0 0 4 526 494 0 0 0 0 3 4 1006 11 
58 34 29 72 92 59 669 11 79 59 38 50 79 48 656 15 38 55 90 63 75 103 585 15 
75 236 66 74 142 141 290 0 9 264 96 60 149 133 310 3 8 116 237 87 138 223 213 2 
30 241 175 8 17 55 496 2 2 86 317 46 17 44 505 7 1 51 135 268 15 95 447 12 
0 0 0 0 0 764 260 0 0 0 0 0 0 549 475 0 0 0 0 1 10 1010 3 0 
38 66 83 133 129 569 6 0 5 101 117 130 102 549 20 0 16 121 137 130 443 176 1 0 
10 51 85 114 151 236 289 88 87 141 129 144 169 180 174 0 194 374 181 124 67 48 27 9 
0 0 3 8 10 87 423 493 52 63 80 73 69 149 338 200 130 199 97 82 104 84 159 169 
21 83 73 34 39 61 239 474 68 165 109 120 116 110 153 183 279 328 61 34 30 62 120 110 
1 18 45 39 86 120 270 445 88 108 87 150 112 82 130 267 145 291 84 58 58 47 160 181 
0 0 9 40 58 98 318 501 0 0 8 35 41 123 201 616 6 7 38 36 74 84 250 529 
0 0 0 0 16 8 545 455 0 0 0 0 14 12 136 862 0 0 0 9 11 9 267 728 
0 0 0 0 0 0 454 570 0 0 0 0 0 0 187 837 0 0 0 0 0 0 428 596 
0 0 0 0 16 17 756 235 0 0 0 0 5 25 225 769 0 0 0 0 5 29 944 46 
0 0 0 0 0 0 1024 0 0 0 0 0 0 0 1024 0 0 0 0 0 0 0 1024 0 
0 0 0 0 0 0 994 30 0 0 0 0 0 0 993 31 0 0 0 0 0 12 1012 0 
0 3 75 99 109 344 391 3 50 35 73 78 83 260 442 3 109 117 43 20 66 348 318 3 
324 306 154 89 115 35 1 0 38 631 182 70 79 24 0 0 141 593 192 44 37 16 1 0 
239 291 55 14 24 98 303 0 8 371 187 20 30 79 329 0 2 204 297 114 36 362 9 0 
15 141 19 15 11 548 275 0 0 0 0 56 133 480 355 0 0 19 136 23 54 774 18 0 
0 0 1 118 313 567 25 0 0 34 116 108 265 493 8 0 19 80 101 190 374 252 8 0 
1 10 32 133 155 81 493 119 2 17 97 131 123 55 423 176 41 217 117 38 17 25 319 250 
0 0 0 0 2 4 672 346 0 0 0 1 2 15 481 525 4 16 4 6 15 43 358 578 
0 0 0 0 0 0 859 165 0 0 0 0 0 0 617 407 0 0 0 0 0 7 461 556 
3 15 33 58 82 128 540 165 5 13 45 61 120 201 486 93 128 311 147 66 54 41 161 116 
0 0 0 1 14 12 962 35 0 0 0 8 16 11 191 798 0 0 0 13 8 8 142 853 
0 0 3 63 198 82 388 290 0 0 4 113 142 67 72 626 0 0 6 116 123 76 110 593 
0 0 2 136 385 69 244 188 0 0 0 116 191 263 211 243 0 0 9 113 167 284 237 214 
0 0 0 0 283 281 440 20 0 0 0 0 17 516 421 70 0 0 0 2 14 551 453 4 
0 0 0 0 0 0 1024 0 0 0 0 0 0 0 1024 0 0 0 0 0 0 371 653 0 
0 0 0 0 0 0 1024 0 0 0 0 0 0 0 1024 0 0 0 0 0 0 39 985 0 
0 12 167 272 194 208 171 0 0 5 103 300 251 204 161 0 19 228 236 261 108 67 105 0 
322 307 125 97 74 98 1 0 77 487 166 99 84 111 0 0 130 407 193 128 82 83 1 0 
437 465 22 15 33 28 24 0 3 559 19 97 270 38 38 0 4 263 631 41 31 39 15 0 
8 287 27 12 67 592 31 0 0 0 0 102 293 549 80 0 1 36 294 64 147 482 0 0 
0 0 0 0 37 982 5 0 0 0 0 0 38 974 12 0 0 0 0 16 152 856 0 0 
0 0 0 2 11 37 383 591 0 5 222 456 27 93 199 22 107 640 32 27 17 16 86 99 
0 0 0 0 0 0 1024 0 0 0 0 0 0 0 1023 1 0 0 0 0 0 0 904 120 
17 95 20 15 20 19 818 20 23 110 15 14 13 9 802 38 8 32 91 29 9 5 567 283 
39 512 20 14 9 18 378 34 8 470 75 21 18 14 347 71 3 9 35 338 195 29 296 119 
9 312 184 205 163 61 71 19 1 248 174 283 156 76 52 34 10 16 78 366 337 94 83 40 
3 13 127 261 417 179 23 1 0 5 62 339 368 219 30 1 4 19 45 217 407 275 55 2 
6 10 26 113 190 323 352 4 0 0 3 75 176 228 534 8 0 0 0 47 128 228 593 28 
1 6 16 84 291 171 449 6 0 0 0 50 218 255 493 8 0 0 0 22 232 317 439 14 
0 0 0 0 2 457 565 0 0 0 0 0 2 214 808 0 0 0 0 0 4 978 42 0 
12 2 2 5 4 42 957 0 0 0 0 7 12 31 974 0 0 2 9 4 10 471 528 0 
326 43 39 45 85 191 292 3 0 3 129 208 131 154 392 7 29 206 115 109 74 322 164 5 
518 164 111 96 83 52 0 0 188 286 231 135 97 65 22 0 260 306 157 128 100 54 19 0 
676 68 14 10 54 199 3 0 166 573 14 12 53 187 19 0 37 582 142 44 65 153 1 0 
0 0 0 0 46 860 118 0 0 0 0 0 24 679 321 0 0 0 0 2 103 915 4 0 
0 0 0 0 7 894 123 0 0 0 0 0 4 662 358 0 0 0 0 0 19 970 35 0 
0 0 2 20 31 51 249 671 18 31 281 502 26 103 61 2 125 793 35 37 21 4 5 4 
1 22 89 203 407 72 214 16 76 104 65 111 421 38 184 25 38 178 120 74 330 69 166 49 
0 228 100 361 282 50 3 0 21 300 65 258 315 65 0 0 8 134 99 221 457 100 5 0 
595 419 7 3 0 0 0 0 0 240 751 32 1 0 0 0 1 3 16 34 636 334 0 0 
110 402 352 61 42 48 9 0 0 180 552 184 59 43 6 0 1 13 317 392 169 124 8 0 
3 137 535 239 47 34 29 0 0 69 252 524 142 23 14 0 9 41 444 351 163 14 2 0 
0 29 149 161 210 267 205 3 0 0 0 163 301 334 226 0 2 49 180 217 136 252 188 0 
0 4 6 30 168 254 562 0 0 0 0 0 117 194 713 0 0 0 0 1 113 222 688 0 
0 0 0 0 0 1021 3 0 0 0 0 0 0 901 123 0 0 0 0 0 0 1024 0 0 
69 18 15 18 5 288 611 0 0 0 0 63 44 98 819 0 0 16 61 23 22 757 145 0 
339 74 66 64 170 211 98 2 0 3 52 328 233 227 170 11 20 167 195 138 210 187 93 14 
133 21 94 137 200 438 1 0 47 53 135 123 218 438 10 0 29 120 124 174 248 329 0 0 
457 27 20 18 45 389 68 0 169 314 18 19 40 354 110 0 34 472 19 36 66 377 20 0 
0 0 0 4 27 450 543 0 0 0 0 1 26 327 670 0 0 0 0 9 59 847 109 0 
0 0 0 0 11 851 162 0 0 0 0 0 6 433 585 0 0 0 0 0 18 938 68 0 
