0 0 192 249 12 11 10 550 0 0 386 55 12 10 10 551 30 404 18 11 6 11 31 513 
0 0 138 224 16 14 19 613 0 0 305 57 17 12 20 613 51 308 17 14 15 20 43 556 
0 1 207 578 16 16 18 188 0 12 732 46 14 19 11 190 94 688 17 18 13 22 49 123 
0 0 434 590 0 0 0 0 0 2 1022 0 0 0 0 0 51 973 0 0 0 0 0 0 
0 0 154 870 0 0 0 0 0 10 1014 0 0 0 0 0 60 964 0 0 0 0 0 0 
0 0 59 956 4 2 3 0 0 0 1010 7 4 3 0 0 19 995 3 4 3 0 0 0 
0 0 19 530 109 29 29 308 0 0 370 271 29 29 31 294 32 456 152 36 28 39 51 230 
0 0 0 238 98 15 11 662 0 0 33 291 13 12 15 660 4 268 64 12 10 11 50 605 
0 0 1 118 190 19 14 682 0 0 1 293 17 18 15 680 7 183 127 9 16 20 45 617 
0 0 13 168 461 23 24 335 0 0 36 587 25 24 25 327 26 412 201 19 26 24 66 250 
0 0 2 479 515 11 3 14 0 0 88 899 13 8 5 11 10 675 291 32 5 11 0 0 
0 0 0 383 515 126 0 0 71 30 51 851 15 6 0 0 99 676 224 17 8 0 0 0 
2 64 23 70 415 369 67 14 82 44 66 421 297 114 0 0 110 99 516 280 19 0 0 0 
0 35 12 218 384 360 15 0 146 74 82 358 361 3 0 0 221 368 218 217 0 0 0 0 
0 0 0 982 42 0 0 0 0 0 28 996 0 0 0 0 0 1024 0 0 0 0 0 0 
0 0 0 886 138 0 0 0 0 0 88 936 0 0 0 0 0 1023 1 0 0 0 0 0 
0 0 0 493 389 113 6 23 0 0 63 788 135 11 5 22 17 749 150 82 6 16 4 0 
0 0 37 174 399 413 1 0 71 262 127 226 338 0 0 0 362 138 365 159 0 0 0 0 
0 0 12 355 477 175 5 0 211 221 195 185 212 0 0 0 523 171 295 35 0 0 0 0 
0 0 31 565 316 112 0 0 233 374 204 160 53 0 0 0 674 181 151 18 0 0 0 0 
0 0 12 374 595 43 0 0 18 289 248 434 35 0 0 0 359 282 380 3 0 0 0 0 
0 0 56 247 721 0 0 0 0 24 103 896 1 0 0 0 23 732 269 0 0 0 0 0 
0 0 53 457 513 1 0 0 0 8 131 884 1 0 0 0 12 883 128 1 0 0 0 0 
0 0 0 103 351 38 90 442 0 0 7 471 149 397 0 0 5 615 375 29 0 0 0 0 
29 130 71 56 66 69 96 507 186 87 76 219 313 126 17 0 502 369 139 14 0 0 0 0 
8 73 234 150 183 60 68 248 81 71 321 403 128 20 0 0 259 429 193 138 5 0 0 0 
0 292 101 142 409 32 26 22 0 293 127 559 33 11 1 0 20 562 425 12 5 0 0 0 
0 44 68 67 842 3 0 0 0 47 74 859 44 0 0 0 12 94 881 37 0 0 0 0 
0 0 0 19 786 211 8 0 0 0 0 693 295 36 0 0 0 0 685 291 48 0 0 0 
0 0 0 27 839 113 45 0 0 0 0 690 264 67 3 0 0 0 689 251 71 13 0 0 
0 0 0 58 693 185 83 5 0 0 0 482 402 104 36 0 0 3 398 456 117 50 0 0 
0 0 0 48 752 172 52 0 0 0 0 646 299 77 2 0 0 0 512 412 73 27 0 0 
0 50 52 134 762 24 2 0 3 62 64 847 46 2 0 0 48 198 722 53 3 0 0 0 
0 67 195 156 590 16 0 0 175 98 87 613 48 3 0 0 247 328 370 78 1 0 0 0 
7 80 792 119 26 0 0 0 747 200 24 53 0 0 0 0 927 33 54 10 0 0 0 0 
0 258 699 67 0 0 0 0 951 70 3 0 0 0 0 0 1018 5 1 0 0 0 0 0 
0 112 406 70 312 46 46 32 511 47 30 211 123 48 24 30 563 30 167 162 37 34 21 10 
0 0 0 1 644 64 38 277 0 0 0 451 236 40 24 273 0 0 325 342 44 32 24 257 
0 0 0 7 601 26 13 377 0 0 0 473 150 14 15 372 0 0 423 186 22 12 14 367 
0 0 0 12 511 24 16 461 0 0 0 389 153 8 18 456 0 0 351 180 14 12 17 450 
0 0 714 101 23 16 20 150 0 39 756 26 20 16 20 147 191 627 23 16 20 29 42 76 
0 0 1022 2 0 0 0 0 0 209 815 0 0 0 0 0 418 606 0 0 0 0 0 0 
0 18 982 24 0 0 0 0 0 243 773 8 0 0 0 0 221 785 13 5 0 0 0 0 
0 14 954 56 0 0 0 0 0 199 823 2 0 0 0 0 331 676 16 1 0 0 0 0 
0 0 771 253 0 0 0 0 0 52 972 0 0 0 0 0 53 971 0 0 0 0 0 0 
0 107 304 613 0 0 0 0 0 142 882 0 0 0 0 0 55 969 0 0 0 0 0 0 
0 42 124 858 0 0 0 0 0 57 966 1 0 0 0 0 6 1015 3 0 0 0 0 0 
0 0 220 713 14 8 11 58 0 0 504 414 34 7 8 57 0 494 136 95 232 9 21 37 
0 0 159 731 93 2 9 30 0 0 44 462 477 2 9 30 0 304 113 65 501 5 6 30 
0 0 2 563 243 30 29 157 0 0 254 537 31 28 24 150 17 550 227 40 27 27 47 89 
0 0 0 375 167 25 32 425 0 0 77 430 43 23 32 419 13 366 121 54 23 23 41 383 
0 0 3 281 128 87 30 495 46 43 59 323 27 23 15 488 88 262 144 18 10 23 64 415 
0 0 275 298 347 97 7 0 0 99 350 506 69 0 0 0 207 372 414 31 0 0 0 0 
0 4 113 214 448 204 31 10 50 47 265 440 208 14 0 0 149 381 390 97 7 0 0 0 
0 68 99 332 525 0 0 0 0 0 76 930 16 2 0 0 0 365 544 96 14 5 0 0 
0 50 113 369 461 8 8 15 0 0 2 914 66 24 7 11 0 410 348 173 61 25 7 0 
0 21 22 190 438 120 31 202 0 0 80 651 46 25 24 198 75 218 426 65 23 26 55 136 
0 52 189 261 256 263 3 0 36 275 375 284 54 0 0 0 310 480 214 20 0 0 0 0 
0 1 14 129 708 172 0 0 65 238 222 403 96 0 0 0 365 200 443 16 0 0 0 0 
0 0 114 213 625 72 0 0 17 409 335 250 13 0 0 0 475 365 181 3 0 0 0 0 
0 0 13 96 907 8 0 0 2 138 250 602 32 0 0 0 188 480 356 0 0 0 0 0 
0 0 57 364 603 0 0 0 0 0 23 988 13 0 0 0 0 310 701 13 0 0 0 0 
1 32 654 209 68 18 42 0 0 31 44 651 244 54 0 0 53 832 90 49 0 0 0 0 
2 7 354 114 60 55 234 198 9 9 13 20 478 394 100 1 31 449 121 400 22 1 0 0 
75 159 198 234 67 67 71 153 206 84 78 93 399 79 82 3 414 406 161 26 16 1 0 0 
22 130 195 390 151 42 31 63 97 150 304 258 159 45 11 0 254 300 256 209 5 0 0 0 
0 735 99 82 102 6 0 0 1 748 103 101 71 0 0 0 9 802 104 109 0 0 0 0 
0 162 280 284 215 83 0 0 0 167 329 315 204 9 0 0 4 256 450 301 13 0 0 0 
0 77 158 96 225 382 36 50 0 99 155 113 454 145 11 47 96 275 220 267 113 8 17 28 
0 0 0 0 48 450 81 445 0 0 0 1 437 95 56 435 0 0 54 375 105 52 46 392 
0 0 0 0 0 307 198 519 0 0 0 0 167 273 93 491 0 0 0 119 281 120 44 460 
0 0 0 0 5 317 216 486 0 0 0 0 214 286 53 471 0 0 2 205 271 49 62 435 
0 0 39 157 615 192 12 9 122 101 74 513 188 13 5 8 219 95 582 105 9 7 5 2 
0 0 292 134 596 2 0 0 355 64 58 547 0 0 0 0 413 117 494 0 0 0 0 0 
0 0 865 159 0 0 0 0 874 150 0 0 0 0 0 0 1024 0 0 0 0 0 0 0 
0 0 910 114 0 0 0 0 966 58 0 0 0 0 0 0 1024 0 0 0 0 0 0 0 
0 1 403 72 302 230 16 0 405 44 28 38 477 32 0 0 452 33 38 447 54 0 0 0 
0 0 0 0 563 387 26 48 0 0 0 0 898 62 16 48 0 0 0 871 94 12 22 25 
0 0 0 0 715 123 21 165 0 0 0 0 818 20 19 167 0 0 15 817 20 17 27 128 
0 0 0 0 471 407 18 128 0 0 0 0 848 32 15 129 0 0 23 773 89 15 28 96 
118 115 681 110 0 0 0 0 102 138 784 0 0 0 0 0 278 746 0 0 0 0 0 0 
59 101 862 2 0 0 0 0 66 108 850 0 0 0 0 0 134 880 10 0 0 0 0 0 
0 78 469 442 34 1 0 0 15 96 498 339 75 1 0 0 66 471 105 296 75 11 0 0 
0 0 48 680 295 1 0 0 0 6 18 536 459 5 0 0 0 8 38 547 400 26 5 0 
6 6 252 521 185 54 0 0 2 19 186 483 299 34 1 0 6 126 170 445 229 48 0 0 
0 315 255 327 106 21 0 0 0 291 124 441 160 8 0 0 10 308 137 439 130 0 0 0 
0 151 200 669 4 0 0 0 0 149 36 226 613 0 0 0 0 147 35 52 777 13 0 0 
7 167 394 413 30 3 2 8 2 107 124 316 448 17 1 9 38 73 132 127 615 32 6 1 
0 9 272 599 112 8 2 22 0 1 57 248 662 32 2 22 7 35 105 187 622 46 10 12 
0 0 135 850 6 6 3 24 0 1 469 515 5 6 4 24 29 393 539 35 5 6 13 4 
0 0 117 873 34 0 0 0 0 0 509 515 0 0 0 0 0 507 502 15 0 0 0 0 
0 0 24 715 175 99 11 0 71 39 507 389 18 0 0 0 112 528 377 7 0 0 0 0 
0 0 107 64 517 329 7 0 309 66 136 351 160 2 0 0 404 267 341 12 0 0 0 0 
0 0 55 312 390 252 15 0 268 60 158 436 102 0 0 0 327 158 504 35 0 0 0 0 
14 632 169 188 13 2 6 0 0 3 282 621 78 29 3 8 0 47 363 451 105 46 1 11 
12 380 465 136 21 4 6 0 0 0 16 651 255 85 3 14 0 0 64 596 241 96 13 14 
31 301 80 131 263 33 32 153 0 55 93 640 54 10 20 152 90 64 406 264 37 9 23 131 
0 31 98 104 312 266 39 174 0 277 106 253 187 22 16 163 271 156 256 146 14 18 58 105 
62 22 27 154 514 211 14 20 0 248 247 327 174 12 9 7 223 290 381 105 18 4 3 0 
394 179 123 84 206 38 0 0 0 224 674 98 28 0 0 0 164 130 407 260 50 13 0 0 
363 115 65 103 342 36 0 0 17 234 335 319 119 0 0 0 37 206 449 272 47 13 0 0 
308 113 77 66 107 31 18 304 294 100 64 155 70 19 21 301 379 110 111 79 24 15 60 246 
2 40 448 279 146 103 6 0 7 21 36 558 286 114 2 0 13 376 162 135 285 53 0 0 
100 134 287 288 95 73 47 0 0 2 27 407 434 101 53 0 2 198 120 223 408 72 1 0 
221 70 203 320 94 64 52 0 0 0 137 253 482 84 68 0 38 347 175 141 303 20 0 0 
0 0 100 596 166 131 31 0 0 3 160 173 503 142 43 0 0 254 379 235 155 1 0 0 
7 311 394 235 76 1 0 0 0 286 289 254 195 0 0 0 11 404 258 291 60 0 0 0 
2 94 442 211 167 107 1 0 0 89 438 260 218 19 0 0 11 204 517 263 29 0 0 0 
0 35 117 202 381 257 32 0 0 45 134 262 468 115 0 0 15 129 311 483 86 0 0 0 
0 2 24 96 258 382 130 132 0 0 30 163 398 254 50 129 1 30 163 335 228 125 23 119 
0 0 0 0 5 409 314 296 0 0 0 0 51 577 117 279 0 0 0 38 395 275 40 276 
0 0 4 3 48 286 447 236 0 1 4 39 69 556 170 185 0 3 35 45 370 320 69 182 
0 0 70 87 857 10 0 0 21 15 100 878 10 0 0 0 32 62 910 12 8 0 0 0 
0 2 302 151 538 25 6 0 265 92 99 530 21 17 0 0 312 96 563 13 20 16 4 0 
0 15 615 294 43 25 23 9 664 180 91 23 21 19 26 0 761 95 77 24 15 20 32 0 
0 8 470 278 188 13 54 13 503 123 284 15 30 43 26 0 582 222 107 14 30 40 29 0 
0 0 128 161 318 354 40 23 152 81 97 31 574 48 35 6 215 78 74 429 151 41 31 5 
0 0 0 0 38 986 0 0 0 0 0 0 854 170 0 0 0 0 0 296 728 0 0 0 
0 0 0 0 91 840 23 70 0 0 0 0 561 376 20 67 0 0 0 384 542 26 28 44 
0 0 0 4 51 511 140 318 0 0 1 4 281 353 70 315 0 0 4 192 304 184 53 287 
173 370 431 50 0 0 0 0 55 380 545 44 0 0 0 0 186 530 305 3 0 0 0 0 
34 533 444 13 0 0 0 0 91 436 473 24 0 0 0 0 308 441 275 0 0 0 0 0 
5 272 299 345 87 16 0 0 147 254 252 260 108 3 0 0 304 296 119 175 71 59 0 0 
0 0 249 215 229 91 37 203 0 0 87 345 255 84 49 204 0 0 101 330 228 80 52 233 
0 29 248 239 202 65 46 195 0 42 174 243 247 71 51 196 2 104 145 212 125 148 63 225 
1 304 404 148 148 19 0 0 0 151 363 302 172 36 0 0 33 174 220 332 240 25 0 0 
0 28 510 349 52 21 20 44 0 0 39 394 460 54 15 62 0 0 0 127 686 102 38 71 
30 238 656 91 9 0 0 0 0 77 123 650 166 8 0 0 0 52 135 120 707 10 0 0 
7 22 588 379 16 6 4 2 12 24 32 658 272 14 6 6 23 39 134 156 611 40 11 10 
83 315 454 131 32 6 2 1 5 61 285 425 198 30 16 4 11 63 296 384 163 81 17 9 
92 239 453 144 49 30 17 0 0 20 162 541 215 57 10 19 0 2 188 530 183 79 19 23 
27 238 327 180 103 72 76 1 11 18 111 525 170 148 24 17 15 10 153 537 189 86 14 20 
10 95 271 209 139 133 165 2 102 19 97 394 150 238 20 4 108 17 93 429 297 66 9 5 
0 32 277 134 242 196 143 0 83 28 23 439 173 141 137 0 95 23 170 384 105 206 41 0 
121 391 121 64 58 77 191 1 0 38 399 216 65 103 166 37 7 103 389 156 65 188 73 43 
50 385 345 115 45 33 51 0 0 8 145 563 161 39 40 68 0 4 284 447 128 43 41 77 
263 155 116 112 224 153 1 0 0 104 213 280 333 46 12 36 20 95 289 421 117 30 10 42 
207 193 76 68 191 289 0 0 0 3 253 208 442 61 19 38 0 15 288 353 282 20 18 48 
144 284 115 244 74 134 27 2 13 163 385 194 173 71 25 0 45 365 277 151 157 20 9 0 
268 288 253 94 44 29 12 36 0 165 513 186 44 27 37 52 37 59 376 328 96 29 39 60 
506 293 165 42 15 3 0 0 36 392 409 127 29 20 9 2 4 214 262 411 76 25 20 12 
668 235 106 13 1 1 0 0 634 231 138 16 3 2 0 0 658 244 103 13 4 2 0 0 
423 262 131 155 29 12 12 0 454 266 102 153 29 12 8 0 629 252 59 49 33 1 1 0 
291 191 157 156 64 99 66 0 239 153 227 172 95 104 34 0 498 116 103 133 154 19 1 0 
339 252 157 132 73 44 27 0 245 230 187 231 83 42 6 0 556 94 86 104 162 22 0 0 
140 72 110 344 280 66 12 0 152 80 87 189 488 21 7 0 500 95 82 216 131 0 0 0 
139 402 250 120 39 59 15 0 132 115 188 357 175 51 6 0 344 105 142 401 32 0 0 0 
189 227 186 231 121 67 3 0 151 83 127 429 188 46 0 0 401 139 186 258 40 0 0 0 
116 186 239 332 116 35 0 0 90 107 121 237 424 45 0 0 293 212 337 154 28 0 0 0 
163 300 193 132 50 44 55 87 0 117 90 452 172 46 65 82 345 377 101 45 34 40 26 56 
0 23 14 28 64 50 113 732 0 23 16 32 84 28 219 622 27 24 32 75 29 37 387 413 
0 0 0 1 376 64 117 466 0 0 0 21 394 44 241 324 0 0 81 352 25 41 334 191 
0 0 0 0 249 197 200 378 0 0 0 10 375 95 533 11 0 0 45 342 75 82 480 0 
0 0 0 27 197 102 301 397 0 0 0 51 217 97 429 230 0 5 163 144 17 93 442 160 
0 0 0 0 27 102 171 724 0 0 0 0 91 51 327 555 0 0 0 92 42 45 335 510 
0 0 2 40 181 100 210 491 0 1 146 77 83 65 314 338 0 3 54 196 72 107 285 307 
0 7 47 108 205 168 437 52 0 21 169 130 161 284 242 17 16 73 197 242 143 240 108 5 
0 0 27 113 126 476 95 187 0 0 15 119 151 474 105 160 0 5 92 166 286 227 118 130 
0 4 5 7 144 560 300 4 0 6 3 20 147 677 170 1 0 5 5 132 235 575 72 0 
0 183 578 154 26 65 18 0 5 346 481 90 25 74 3 0 0 453 428 47 35 58 3 0 
166 268 349 193 35 13 0 0 184 398 315 92 35 0 0 0 583 363 62 16 0 0 0 0 
61 286 338 222 57 60 0 0 306 247 304 100 67 0 0 0 486 351 119 68 0 0 0 0 
11 110 260 302 283 52 6 0 23 256 238 293 194 20 0 0 273 267 215 187 79 3 0 0 
0 0 141 361 294 122 60 46 0 0 69 466 287 100 57 45 0 13 149 474 240 78 26 44 
0 8 86 240 297 189 139 65 0 19 81 293 323 135 106 67 24 124 126 268 251 109 54 68 
17 180 195 236 223 128 39 6 16 45 247 350 253 89 24 0 18 74 265 474 158 35 0 0 
0 5 291 368 146 135 31 48 0 0 29 369 435 109 23 59 0 0 59 265 485 112 36 67 
4 43 228 86 167 290 166 40 11 33 38 305 203 309 110 15 12 28 84 190 483 153 71 3 
21 23 134 188 163 158 232 105 109 73 72 207 157 193 185 28 71 100 85 120 254 251 119 24 
2 42 35 75 156 266 378 70 88 76 70 51 146 393 192 8 70 89 82 113 347 222 99 2 
0 0 12 89 146 244 456 77 81 49 36 51 150 310 344 3 71 52 41 58 285 291 223 3 
0 2 24 100 162 196 407 133 160 72 53 61 128 157 387 6 146 76 60 82 151 297 210 2 
0 2 19 78 137 259 459 70 72 36 40 43 140 259 432 2 67 36 41 66 189 407 218 0 
0 8 66 166 154 290 254 86 191 74 76 91 120 255 216 1 175 91 81 100 133 335 109 0 
0 8 83 114 171 304 280 64 178 56 58 91 156 314 170 1 173 60 59 114 161 380 77 0 
0 85 330 143 69 231 160 6 0 0 61 364 190 227 126 56 0 0 84 385 157 282 59 57 
188 75 115 87 51 208 298 2 2 113 164 121 122 375 112 15 1 91 173 121 357 257 8 16 
85 142 124 69 66 299 215 24 31 17 178 195 85 442 59 17 34 22 209 174 236 315 15 19 
45 155 46 69 100 336 254 19 36 47 141 100 127 485 88 0 33 48 160 120 301 358 4 0 
8 56 101 127 148 337 206 41 71 47 125 123 144 435 74 5 78 49 92 181 249 341 25 9 
59 98 96 122 167 268 167 47 144 112 156 108 142 290 69 3 141 100 88 230 181 220 54 10 
96 136 110 111 246 209 105 11 202 339 161 73 87 120 42 0 325 296 112 87 92 99 13 0 
330 281 133 62 103 75 32 8 421 428 87 35 10 26 17 0 615 300 48 24 32 5 0 0 
235 143 113 112 137 173 109 2 200 180 126 118 134 205 61 0 318 172 151 144 149 76 14 0 
148 111 136 195 147 175 112 0 159 142 163 157 149 205 49 0 380 156 139 164 108 74 3 0 
419 167 73 105 76 131 53 0 417 139 100 127 73 149 19 0 573 103 113 116 94 25 0 0 
127 94 124 161 199 263 56 0 131 75 113 193 231 255 26 0 240 129 239 236 146 34 0 0 
234 111 160 172 197 133 17 0 253 139 201 135 191 104 1 0 645 107 116 113 40 3 0 0 
327 184 123 104 123 148 15 0 335 159 119 144 138 124 5 0 570 175 135 98 40 6 0 0 
206 157 210 157 141 146 7 0 250 228 161 136 155 91 3 0 654 148 125 56 38 3 0 0 
207 114 110 76 220 231 65 1 245 145 78 88 305 129 34 0 478 49 199 238 56 4 0 0 
0 0 0 1 499 524 0 0 0 0 0 71 915 38 0 0 0 0 210 814 0 0 0 0 
5 7 8 16 320 548 120 0 5 10 6 59 700 242 2 0 15 7 180 720 102 0 0 0 
0 0 4 22 190 465 343 0 0 0 15 46 327 636 0 0 0 15 134 650 225 0 0 0 
7 23 38 21 170 698 67 0 8 35 35 64 486 395 1 0 47 40 372 177 388 0 0 0 
53 88 68 135 237 417 26 0 57 124 209 117 292 225 0 0 113 81 243 249 334 4 0 0 
196 273 158 129 143 82 42 1 15 447 237 163 118 44 0 0 38 424 268 245 49 0 0 0 
26 114 193 300 369 22 0 0 2 134 216 365 290 17 0 0 8 180 298 475 54 9 0 0 
143 269 127 101 259 125 0 0 34 377 139 111 303 60 0 0 55 365 177 324 101 2 0 0 
0 315 251 96 239 105 18 0 8 320 239 142 247 68 0 0 20 332 265 321 80 6 0 0 
75 266 267 81 308 27 0 0 261 313 87 273 75 15 0 0 541 118 276 68 21 0 0 0 
0 24 171 164 643 22 0 0 31 256 74 559 102 2 0 0 296 83 598 47 0 0 0 0 
0 29 132 162 172 466 63 0 446 564 14 0 0 0 0 0 964 60 0 0 0 0 0 0 
0 9 185 155 343 326 6 0 34 290 77 216 382 25 0 0 212 170 257 381 4 0 0 0 
0 0 3 75 592 326 28 0 0 0 8 153 799 63 1 0 0 12 441 540 31 0 0 0 
0 0 7 34 297 587 89 10 0 0 14 69 648 237 50 6 0 14 69 634 232 64 10 1 
0 0 2 14 30 113 851 14 0 0 4 16 64 82 844 14 0 0 7 36 69 143 755 14 
0 0 7 60 167 313 476 1 1 5 14 87 177 321 419 0 0 13 60 151 264 254 282 0 
0 0 16 89 168 306 408 37 37 52 67 62 123 276 407 0 16 65 60 72 149 362 300 0 
0 0 40 86 130 359 351 58 66 46 63 73 110 320 346 0 32 71 59 77 131 380 274 0 
0 2 10 38 191 372 403 8 0 7 18 51 207 349 391 1 0 10 27 51 229 475 231 1 
0 3 34 72 156 300 443 16 28 44 63 53 122 280 433 1 26 41 65 69 138 493 192 0 
0 8 13 31 154 368 439 11 9 7 16 31 169 370 420 2 8 9 18 45 206 538 198 2 
0 3 29 86 185 339 369 13 47 44 34 65 158 375 301 0 41 34 47 80 197 473 152 0 
1 29 27 57 212 354 344 0 40 19 35 55 215 349 311 0 38 22 32 77 224 487 144 0 
0 9 53 73 95 362 358 74 105 41 44 36 111 388 296 3 101 66 68 68 138 424 159 0 
0 9 67 85 174 406 217 66 126 53 42 98 181 443 81 0 139 85 85 169 247 265 34 0 
0 5 24 33 142 533 256 31 43 17 13 25 185 595 146 0 42 27 26 49 276 576 28 0 
0 4 54 64 166 555 120 61 117 43 52 65 204 518 25 0 165 83 80 87 252 347 10 0 
0 1 13 19 98 734 150 9 19 11 8 15 137 803 31 0 24 22 30 76 235 630 7 0 
0 3 7 26 148 714 124 2 7 9 13 42 227 677 49 0 56 71 50 77 342 428 0 0 
0 0 18 58 150 531 227 40 32 46 22 49 116 514 211 34 14 56 45 69 192 495 114 39 
351 121 28 57 108 216 118 25 398 152 33 39 84 210 91 17 390 162 36 49 104 248 30 5 
317 263 147 136 155 6 0 0 526 188 135 94 81 0 0 0 605 173 124 106 16 0 0 0 
468 163 127 134 112 20 0 0 419 226 184 125 70 0 0 0 444 252 201 90 37 0 0 0 
765 132 52 45 24 6 0 0 761 117 66 48 21 9 2 0 804 103 57 43 13 4 0 0 
302 161 138 158 208 51 6 0 356 163 235 208 39 21 2 0 437 272 194 95 16 10 0 0 
524 165 119 112 52 38 14 0 497 170 139 126 44 42 6 0 565 166 139 98 36 20 0 0 
313 206 151 235 64 48 7 0 417 306 131 77 44 45 4 0 700 167 76 45 32 4 0 0 
216 254 168 198 115 67 6 0 305 196 166 180 110 65 2 0 523 246 127 92 33 3 0 0 
124 116 150 196 351 82 5 0 132 114 194 391 165 28 0 0 216 145 510 132 21 0 0 0 
0 13 33 272 653 53 0 0 1 14 60 494 455 0 0 0 103 70 624 211 16 0 0 0 
4 38 56 223 416 245 42 0 8 52 93 281 467 120 3 0 115 101 426 332 50 0 0 0 
0 0 4 35 395 462 127 1 0 0 12 115 505 382 10 0 48 36 296 526 113 5 0 0 
72 40 27 90 265 368 158 4 90 34 24 136 369 358 13 0 108 41 241 503 128 3 0 0 
378 420 124 72 28 2 0 0 262 209 446 25 80 2 0 0 269 122 437 154 42 0 0 0 
107 316 252 162 157 30 0 0 0 193 391 241 168 31 0 0 0 91 408 378 136 11 0 0 
17 342 324 233 86 22 0 0 0 165 386 308 142 23 0 0 2 102 381 357 175 7 0 0 
72 403 320 113 116 0 0 0 0 257 534 161 72 0 0 0 3 178 575 246 22 0 0 0 
0 16 96 292 333 287 0 0 1 66 193 324 391 49 0 0 0 88 190 608 136 2 0 0 
42 38 385 234 210 105 6 4 54 274 276 195 143 75 6 1 348 251 182 148 88 6 1 0 
0 2 32 76 714 200 0 0 70 250 23 302 378 1 0 0 318 32 485 189 0 0 0 0 
0 0 0 0 336 628 60 0 691 333 0 0 0 0 0 0 1024 0 0 0 0 0 0 0 
0 0 64 114 415 431 0 0 192 250 39 276 264 3 0 0 342 116 261 296 9 0 0 0 
0 0 0 2 55 951 16 0 0 0 0 19 876 129 0 0 0 0 26 942 56 0 0 0 
0 0 0 43 161 783 32 5 0 0 0 100 649 255 17 3 0 0 51 841 100 27 5 0 
0 0 0 0 18 78 927 1 0 0 0 0 50 55 918 1 0 0 0 33 63 42 885 1 
0 1 47 170 124 167 472 43 13 6 78 167 132 129 489 10 11 17 193 96 118 184 395 10 
0 0 31 172 158 183 344 136 164 89 76 77 107 181 315 15 133 99 94 80 128 236 249 5 
0 7 56 129 178 223 303 128 169 72 68 85 143 204 276 7 151 85 67 94 159 276 188 4 
0 5 14 65 212 232 440 56 79 41 29 36 203 237 397 2 70 41 32 46 217 361 257 0 
0 5 50 167 160 240 273 129 173 103 111 91 98 221 223 4 146 108 129 101 108 274 158 0 
0 6 32 86 105 279 436 80 109 40 38 58 96 279 400 4 87 49 48 60 114 472 194 0 
0 0 61 145 174 213 316 115 196 101 87 83 93 197 253 14 176 92 111 95 89 265 195 1 
1 11 89 135 125 284 261 118 195 94 79 78 118 292 165 3 182 99 79 90 124 330 120 0 
0 5 65 55 70 342 399 88 92 42 38 50 60 364 367 11 90 43 42 52 116 549 132 0 
0 11 66 85 133 306 344 79 146 39 53 56 137 366 226 1 138 50 49 86 145 512 44 0 
0 1 46 67 119 406 323 62 81 44 40 49 114 491 205 0 84 43 37 66 175 537 82 0 
0 5 53 116 139 372 256 83 133 61 57 87 141 416 129 0 135 64 59 113 165 465 23 0 
0 7 49 69 130 468 245 56 80 50 44 58 131 550 111 0 87 48 49 75 223 520 22 0 
0 1 63 111 169 356 207 117 122 68 68 104 147 413 78 24 137 61 71 151 234 363 7 0 
0 1 26 43 75 429 253 197 19 23 38 45 85 516 147 151 20 23 43 56 151 493 128 110 
327 49 41 27 62 67 128 323 356 222 101 108 84 49 64 40 514 120 104 102 70 79 35 0 
88 259 268 259 131 19 0 0 278 366 264 101 15 0 0 0 475 348 154 46 1 0 0 0 
473 182 142 149 78 0 0 0 428 222 209 119 46 0 0 0 498 176 217 121 12 0 0 0 
685 134 88 77 38 2 0 0 749 126 85 33 30 1 0 0 799 113 54 32 25 1 0 0 
295 230 152 174 163 10 0 0 369 248 261 121 25 0 0 0 494 332 107 87 4 0 0 0 
600 152 120 119 33 0 0 0 593 158 120 122 31 0 0 0 678 126 123 90 7 0 0 0 
218 172 227 204 140 63 0 0 413 294 116 98 91 12 0 0 661 130 87 112 32 2 0 0 
277 231 255 252 9 0 0 0 398 372 157 94 3 0 0 0 729 161 97 37 0 0 0 0 
235 179 327 200 65 14 4 0 239 174 389 179 35 6 2 0 276 220 371 116 31 6 4 0 
3 81 395 431 99 15 0 0 10 90 540 343 41 0 0 0 88 253 587 86 10 0 0 0 
5 63 297 551 84 24 0 0 10 77 397 485 55 0 0 0 109 201 619 94 1 0 0 0 
0 16 37 193 358 223 195 2 3 26 108 250 376 251 10 0 68 73 453 360 70 0 0 0 
54 210 109 285 171 115 80 0 0 89 256 256 270 152 1 0 9 173 443 301 98 0 0 0 
257 395 190 96 83 2 1 0 0 239 471 208 103 2 1 0 31 295 314 379 3 2 0 0 
37 327 267 112 160 113 8 0 0 1 376 478 114 53 2 0 0 12 268 570 167 7 0 0 
4 270 316 131 190 104 9 0 0 0 357 430 221 16 0 0 0 13 307 522 148 34 0 0 
26 373 258 199 155 13 0 0 0 0 702 322 0 0 0 0 0 135 515 366 8 0 0 0 
0 0 167 490 251 116 0 0 0 2 286 537 163 36 0 0 0 4 280 631 109 0 0 0 
0 11 72 135 374 431 1 0 0 53 89 142 633 107 0 0 64 139 575 170 76 0 0 0 
0 0 6 31 455 530 2 0 79 147 80 81 623 14 0 0 158 162 410 279 15 0 0 0 
0 0 0 11 63 613 337 0 562 461 1 0 0 0 0 0 875 149 0 0 0 0 0 0 
0 0 11 77 446 426 64 0 159 270 88 272 228 7 0 0 313 166 289 242 14 0 0 0 
0 0 0 0 12 993 19 0 0 0 0 0 927 97 0 0 0 0 9 973 42 0 0 0 
0 3 47 72 98 750 50 4 0 13 54 78 581 263 32 3 2 55 57 766 92 21 29 2 
0 0 0 0 21 96 907 0 0 0 0 0 69 59 896 0 0 0 0 17 81 38 888 0 
0 0 12 214 200 192 406 0 0 0 16 322 90 181 415 0 0 3 102 287 72 220 340 0 
0 0 8 15 112 424 438 27 4 4 21 17 91 446 440 1 2 4 19 23 154 519 303 0 
0 2 9 33 68 267 623 22 3 12 23 16 82 303 578 7 3 10 30 32 125 500 323 1 
0 0 0 5 35 203 772 9 0 0 1 3 42 220 751 7 0 0 1 8 71 764 177 3 
0 1 10 21 90 374 518 10 0 3 15 28 103 413 461 1 0 3 17 31 195 526 252 0 
0 0 3 18 73 265 646 19 0 1 9 17 83 277 630 7 0 2 14 27 135 625 221 0 
0 0 0 2 39 305 678 0 0 0 0 2 45 336 641 0 0 0 0 4 85 748 178 9 
0 0 2 27 98 305 576 16 0 0 6 31 112 355 516 4 0 1 13 46 165 630 166 3 
0 0 0 3 38 359 623 1 0 0 1 4 74 417 527 1 1 29 15 38 134 773 34 0 
0 0 2 15 89 473 436 9 0 0 2 27 117 571 307 0 33 34 36 91 294 529 7 0 
0 0 0 1 32 410 579 2 0 0 0 2 46 579 397 0 4 9 14 38 136 786 37 0 
0 0 0 9 119 589 281 26 0 0 0 28 181 656 150 9 44 36 46 75 403 383 37 0 
0 0 0 4 55 588 362 15 0 0 0 10 107 764 143 0 14 10 22 67 252 640 19 0 
0 0 2 15 140 433 336 98 0 0 2 23 203 495 294 7 55 20 23 52 499 372 3 0 
0 0 13 55 181 273 321 181 0 0 19 65 218 356 307 59 0 3 43 123 371 400 74 10 
0 1 42 84 129 266 336 166 0 0 41 114 224 338 229 78 0 0 57 196 425 282 64 0 
36 90 91 150 257 274 122 4 37 130 83 197 230 330 17 0 70 134 125 210 251 230 4 0 
370 138 80 44 62 138 183 9 371 138 89 53 74 216 83 0 418 119 89 89 202 84 23 0 
328 104 115 53 86 222 116 0 323 112 126 62 97 260 44 0 362 139 96 41 303 58 25 0 
582 40 31 17 92 184 78 0 601 33 53 21 76 205 35 0 617 60 29 11 236 68 3 0 
511 122 65 45 62 137 82 0 517 120 62 57 77 146 45 0 556 128 54 82 145 54 5 0 
389 156 132 57 90 157 43 0 326 152 132 114 118 146 36 0 451 166 97 79 172 56 3 0 
559 163 46 44 47 93 72 0 448 124 80 133 101 110 28 0 584 173 55 70 103 39 0 0 
218 150 278 171 73 92 42 0 216 145 294 162 101 92 14 0 232 181 326 142 103 40 0 0 
22 116 327 374 101 49 35 0 17 123 391 330 91 62 10 0 37 177 547 181 67 15 0 0 
1 99 207 559 83 52 23 0 2 109 275 514 63 55 6 0 91 171 562 131 55 14 0 0 
42 105 324 461 56 23 13 0 33 111 436 375 47 22 0 0 65 249 561 126 23 0 0 0 
124 327 308 239 26 0 0 0 27 251 555 178 13 0 0 0 63 367 550 44 0 0 0 0 
237 339 193 142 112 1 0 0 0 416 356 144 106 2 0 0 245 534 189 45 11 0 0 0 
0 7 397 80 136 258 146 0 0 67 372 54 194 290 47 0 54 195 251 277 247 0 0 0 
0 17 372 45 133 258 199 0 0 89 311 45 190 290 99 0 93 156 213 257 303 2 0 0 
0 49 312 71 177 176 239 0 0 128 237 76 222 267 94 0 84 220 164 255 300 1 0 0 
0 109 163 53 245 246 208 0 0 144 140 94 274 293 79 0 102 182 112 311 317 0 0 0 
0 0 0 22 676 326 0 0 0 0 0 97 894 33 0 0 0 91 784 121 28 0 0 0 
0 0 0 47 342 635 0 0 0 14 237 38 669 66 0 0 17 260 383 289 75 0 0 0 
0 0 0 55 286 621 62 0 449 476 99 0 0 0 0 0 672 352 0 0 0 0 0 0 
0 0 0 82 415 319 208 0 4 323 191 310 191 5 0 0 23 446 343 205 7 0 0 0 
0 0 0 0 70 946 8 0 0 0 0 3 960 59 2 0 0 0 68 922 33 1 0 0 
0 2 19 39 107 666 187 4 0 11 19 52 328 580 30 4 0 26 44 308 485 156 1 4 
0 0 0 0 1 283 740 0 0 0 0 0 8 287 729 0 0 0 0 2 231 83 708 0 
13 50 27 221 304 61 348 0 8 58 24 265 261 57 351 0 20 50 62 254 234 95 309 0 
14 273 81 53 432 107 64 0 64 279 37 58 403 113 70 0 93 256 34 89 370 181 1 0 
1 154 250 109 303 112 95 0 38 266 145 106 274 99 96 0 42 306 108 107 269 173 19 0 
0 137 281 147 126 230 103 0 12 166 259 173 73 245 96 0 16 201 227 169 67 339 5 0 
11 121 187 206 134 266 99 0 26 133 181 218 118 257 91 0 25 158 156 235 101 349 0 0 
0 90 281 207 215 135 96 0 11 136 280 161 199 151 86 0 11 141 278 186 170 238 0 0 
0 128 340 121 266 74 95 0 76 175 292 62 276 51 92 0 28 247 269 68 264 148 0 0 
0 54 388 173 248 49 112 0 180 175 182 79 254 58 96 0 211 229 112 65 278 123 6 0 
6 206 154 204 292 53 109 0 193 267 51 84 272 63 94 0 298 164 75 59 307 121 0 0 
7 224 95 103 424 58 113 0 67 202 72 61 464 75 83 0 211 91 44 84 451 143 0 0 
10 186 236 125 280 57 130 0 75 246 125 111 293 72 102 0 113 273 82 99 306 151 0 0 
8 94 285 215 227 75 120 0 18 178 194 187 256 124 67 0 47 217 136 198 271 155 0 0 
16 161 173 275 209 94 96 0 85 172 127 217 236 134 53 0 139 135 137 232 227 154 0 0 
15 182 139 291 171 211 15 0 49 222 95 322 121 215 0 0 157 131 154 277 178 127 0 0 
0 0 2 51 243 276 446 6 0 0 10 131 247 338 298 0 0 15 111 193 264 434 7 0 
0 55 47 59 138 337 387 1 3 63 45 69 181 528 135 0 50 45 58 153 264 454 0 0 
6 103 179 143 178 261 154 0 16 102 175 167 184 359 21 0 55 103 151 222 270 222 1 0 
0 183 84 439 33 239 46 0 0 176 90 445 39 263 11 0 135 73 68 460 221 67 0 0 
7 178 89 421 13 94 222 0 5 180 98 416 21 290 14 0 165 64 99 400 279 17 0 0 
1 190 118 363 30 171 151 0 1 186 138 347 41 310 1 0 162 107 107 330 313 5 0 0 
0 195 99 364 17 258 91 0 0 198 97 367 34 322 6 0 136 93 128 336 330 1 0 0 
0 170 109 361 16 199 169 0 0 171 105 364 21 363 0 0 110 97 102 361 354 0 0 0 
0 165 123 322 49 302 63 0 0 165 122 325 111 298 3 0 72 120 135 401 293 3 0 0 
4 157 72 351 115 277 48 0 1 163 67 353 164 274 2 0 104 89 58 425 343 5 0 0 
7 125 55 391 104 226 116 0 0 134 52 400 138 288 12 0 96 70 69 492 292 5 0 0 
8 79 47 417 183 214 74 2 7 80 54 430 209 215 29 0 76 54 60 605 208 21 0 0 
7 76 71 352 147 326 45 0 15 74 67 360 215 286 7 0 70 42 85 560 264 3 0 0 
0 113 81 285 103 319 123 0 14 117 69 293 141 390 0 0 67 114 95 373 369 6 0 0 
0 120 122 204 215 314 49 0 1 130 115 261 209 300 8 0 62 134 153 409 259 7 0 0 
0 66 574 155 181 36 12 0 0 85 611 156 140 32 0 0 2 201 579 196 37 9 0 0 
87 339 598 0 0 0 0 0 113 364 547 0 0 0 0 0 117 531 376 0 0 0 0 0 
92 262 670 0 0 0 0 0 135 275 614 0 0 0 0 0 170 631 223 0 0 0 0 0 
0 0 1024 0 0 0 0 0 0 4 1020 0 0 0 0 0 0 530 494 0 0 0 0 0 
0 0 0 42 849 133 0 0 0 0 0 126 896 2 0 0 0 84 848 92 0 0 0 0 
0 0 0 155 257 612 0 0 0 0 115 91 729 89 0 0 4 184 426 314 96 0 0 0 
0 0 0 131 186 540 167 0 194 284 530 16 0 0 0 0 402 620 2 0 0 0 0 0 
0 0 112 222 439 221 30 0 36 257 196 351 177 7 0 0 245 213 360 200 6 0 0 0 
0 0 0 0 101 919 4 0 0 0 0 1 987 35 1 0 0 0 122 892 10 0 0 0 
0 0 0 1 268 686 69 0 0 0 0 10 711 299 4 0 0 0 99 661 263 1 0 0 
0 0 0 0 74 287 663 0 0 0 0 0 112 259 653 0 0 0 0 98 137 149 640 0 
7 19 46 80 507 28 337 0 10 29 52 55 510 30 338 0 15 29 57 66 500 43 314 0 
25 188 616 157 36 1 1 0 409 269 229 115 1 1 0 0 386 299 221 115 2 1 0 0 
2 101 506 288 101 25 1 0 516 227 162 115 4 0 0 0 511 234 156 121 2 0 0 0 
0 10 104 327 244 133 107 99 595 108 50 41 40 54 129 7 559 144 45 32 48 68 122 6 
0 12 47 153 263 253 177 119 363 136 81 98 66 100 174 6 404 111 108 63 56 135 146 1 
33 54 160 231 240 160 93 53 343 334 114 83 44 37 68 1 252 302 174 160 35 47 54 0 
228 142 160 170 95 51 140 38 295 291 110 98 38 101 88 3 221 196 264 248 35 23 35 2 
0 19 118 115 220 280 142 130 492 111 61 65 68 77 143 7 538 106 39 57 62 108 112 2 
1 8 77 149 290 225 163 111 434 80 145 92 80 87 105 1 504 107 106 45 71 108 82 1 
1 306 374 140 199 4 0 0 322 188 240 111 163 0 0 0 326 166 248 128 156 0 0 0 
0 85 584 218 115 22 0 0 626 103 189 95 11 0 0 0 610 116 189 97 12 0 0 0 
1 36 105 265 292 115 161 49 510 106 69 60 83 130 66 0 562 74 57 60 89 154 28 0 
3 14 79 350 309 149 105 15 539 132 101 68 47 116 21 0 611 110 69 56 56 112 10 0 
1 27 72 374 258 141 132 19 609 64 41 43 68 174 25 0 601 67 45 39 81 175 16 0 
3 33 102 235 301 198 135 17 395 97 93 101 103 218 17 0 459 74 75 100 116 193 7 0 
1 40 140 293 219 194 117 20 371 135 111 113 122 148 20 4 451 89 78 126 105 159 9 7 
2 68 260 383 124 144 33 10 285 148 220 170 88 105 4 4 284 159 218 162 94 98 5 4 
11 41 133 435 279 124 1 0 24 69 131 679 92 28 1 0 314 102 114 427 62 5 0 0 
64 185 215 383 151 26 0 0 136 225 231 302 124 6 0 0 369 146 120 328 59 2 0 0 
36 35 46 151 403 351 2 0 62 33 201 592 128 8 0 0 734 118 119 37 13 3 0 0 
107 198 141 136 271 170 1 0 210 161 178 289 166 20 0 0 555 90 119 178 71 11 0 0 
74 301 167 378 73 31 0 0 63 71 354 479 47 10 0 0 233 271 147 356 16 1 0 0 
91 175 226 399 104 29 0 0 2 137 335 462 81 7 0 0 247 314 177 281 5 0 0 0 
109 159 215 380 134 27 0 0 2 134 344 416 121 7 0 0 352 295 141 232 4 0 0 0 
233 395 206 150 40 0 0 0 37 407 364 201 15 0 0 0 443 391 107 83 0 0 0 0 
114 416 269 182 43 0 0 0 48 444 297 196 39 0 0 0 510 385 114 15 0 0 0 0 
192 349 313 109 61 0 0 0 43 618 189 124 50 0 0 0 384 546 92 2 0 0 0 0 
219 287 329 111 78 0 0 0 11 520 307 125 61 0 0 0 353 550 121 0 0 0 0 0 
132 158 295 225 188 25 1 0 31 325 367 226 75 0 0 0 322 360 200 142 0 0 0 0 
33 177 200 302 221 82 9 0 83 306 305 263 66 1 0 0 140 338 338 207 1 0 0 0 
3 289 235 484 13 0 0 0 77 318 236 393 0 0 0 0 89 324 262 349 0 0 0 0 
0 59 312 456 190 7 0 0 98 360 360 202 4 0 0 0 185 436 346 57 0 0 0 0 
0 71 367 400 177 9 0 0 184 317 352 160 11 0 0 0 262 382 329 51 0 0 0 0 
0 0 0 80 861 83 0 0 0 0 0 219 804 1 0 0 0 106 904 14 0 0 0 0 
0 0 0 0 294 730 0 0 0 0 0 1 937 86 0 0 0 0 388 541 95 0 0 0 
0 0 5 196 446 377 0 0 0 0 131 304 589 0 0 0 9 222 438 355 0 0 0 0 
0 0 124 324 523 53 0 0 0 51 174 582 216 1 0 0 28 203 576 217 0 0 0 0 
0 0 0 0 131 893 0 0 0 0 0 0 994 30 0 0 0 0 95 918 11 0 0 0 
0 0 0 0 312 712 0 0 0 0 0 1 1023 0 0 0 0 0 0 1024 0 0 0 0 
0 0 0 0 142 284 598 0 0 0 0 0 174 290 560 0 0 0 0 161 69 274 520 0 
0 5 116 272 129 133 369 0 186 48 101 204 99 29 357 0 174 67 160 179 65 74 305 0 
0 12 64 144 284 246 132 142 543 70 62 43 61 78 156 11 537 78 64 41 55 93 147 9 
1 16 28 126 349 220 151 133 403 94 105 111 81 81 140 9 463 129 83 58 66 98 119 8 
0 0 3 88 465 398 49 21 836 94 55 30 9 0 0 0 825 103 53 31 12 0 0 0 
0 4 8 103 493 316 85 15 788 70 89 41 29 7 0 0 785 62 98 52 19 7 1 0 
19 28 59 208 415 224 57 14 664 139 58 61 51 50 1 0 567 137 105 103 60 48 4 0 
254 190 101 122 212 115 29 1 517 201 76 94 99 33 4 0 221 190 232 260 79 32 10 0 
0 0 3 87 470 371 75 18 799 65 82 57 21 0 0 0 796 61 77 59 31 0 0 0 
0 0 11 118 525 277 78 15 696 87 99 41 58 43 0 0 687 84 111 37 59 46 0 0 
3 188 440 245 126 19 3 0 565 95 159 130 72 3 0 0 560 87 157 136 81 3 0 0 
0 58 408 301 186 54 17 0 673 72 129 118 32 0 0 0 654 88 125 127 30 0 0 0 
0 0 6 224 558 166 68 2 725 70 70 76 76 7 0 0 860 109 47 8 0 0 0 0 
0 2 20 267 506 173 54 2 686 127 46 54 82 29 0 0 784 125 59 21 28 7 0 0 
109 77 77 212 366 146 35 2 607 188 87 94 35 13 0 0 655 118 136 103 12 0 0 0 
0 0 10 239 526 189 59 1 584 101 114 137 88 0 0 0 887 77 41 13 6 0 0 0 
0 5 42 215 368 326 55 13 315 95 114 124 272 88 7 9 373 123 98 83 204 125 8 10 
0 2 119 260 302 246 77 18 139 119 197 173 152 216 17 11 181 117 182 175 198 153 6 12 
12 15 51 195 460 284 7 0 23 24 246 528 172 29 2 0 664 72 84 130 68 6 0 0 
27 95 105 167 445 181 4 0 90 98 288 408 120 19 1 0 606 160 88 101 55 14 0 0 
17 18 17 90 217 650 15 0 31 27 110 482 352 21 1 0 802 66 85 51 14 6 0 0 
17 106 109 140 300 340 12 0 110 101 155 425 190 41 2 0 614 79 80 148 87 15 1 0 
143 357 242 124 127 29 2 0 46 95 465 327 80 11 0 0 376 412 192 29 13 2 0 0 
189 390 206 110 111 18 0 0 16 105 579 227 89 8 0 0 368 520 120 16 0 0 0 0 
223 379 197 112 98 15 0 0 7 202 544 190 79 2 0 0 468 438 112 6 0 0 0 0 
380 414 157 39 33 1 0 0 0 316 541 131 36 0 0 0 441 478 104 1 0 0 0 0 
306 370 152 106 86 4 0 0 1 547 345 94 37 0 0 0 512 419 87 6 0 0 0 0 
376 310 157 111 69 1 0 0 27 519 295 141 42 0 0 0 272 566 168 18 0 0 0 0 
484 281 155 57 47 0 0 0 137 612 228 45 2 0 0 0 217 492 291 23 1 0 0 0 
350 206 187 224 57 0 0 0 130 408 227 222 37 0 0 0 199 208 443 153 21 0 0 0 
95 260 323 279 65 2 0 0 73 361 383 205 2 0 0 0 93 393 496 42 0 0 0 0 
0 46 335 629 11 3 0 0 41 104 276 602 1 0 0 0 31 122 354 517 0 0 0 0 
0 20 128 513 313 50 0 0 16 119 336 369 184 0 0 0 52 177 538 257 0 0 0 0 
0 5 131 397 444 47 0 0 0 115 274 342 293 0 0 0 75 166 300 481 2 0 0 0 
0 0 0 138 817 69 0 0 0 0 0 290 734 0 0 0 0 131 890 3 0 0 0 0 
0 0 0 0 613 411 0 0 0 0 0 19 928 77 0 0 0 0 355 568 101 0 0 0 
0 0 0 0 87 937 0 0 0 0 0 0 1019 5 0 0 0 0 180 844 0 0 0 0 
0 0 0 11 338 675 0 0 0 0 0 98 913 13 0 0 0 0 233 791 0 0 0 0 
0 0 0 0 98 925 1 0 0 0 0 1 997 26 0 0 0 0 80 938 6 0 0 0 
0 0 0 0 234 790 0 0 0 0 0 0 1024 0 0 0 0 0 2 1022 0 0 0 0 
0 0 0 0 121 262 641 0 0 0 0 0 193 295 536 0 0 0 0 171 88 281 484 0 
3 33 104 220 161 86 416 1 246 54 105 141 63 22 393 0 240 68 144 123 45 57 347 0 
0 1 24 149 344 295 106 105 630 104 60 59 41 32 87 11 625 113 64 50 37 41 81 13 
1 10 37 136 259 314 175 92 406 125 128 117 88 61 94 5 491 136 106 69 64 63 81 14 
0 5 38 272 262 204 99 144 635 73 48 56 45 42 115 10 635 79 50 45 47 51 111 6 
2 17 37 75 241 324 167 161 465 67 82 81 66 76 173 14 529 69 61 48 60 105 141 11 
2 7 18 185 350 204 150 108 478 123 100 140 41 51 90 1 482 159 94 112 39 60 75 3 
172 191 151 142 121 89 117 41 403 163 111 90 70 115 68 4 309 226 281 160 23 11 11 3 
0 23 41 93 277 299 136 155 535 67 59 58 63 81 151 10 579 53 46 49 61 92 140 4 
0 9 28 130 334 258 148 117 517 79 80 95 53 82 115 3 620 76 37 52 45 111 79 4 
1 19 118 220 282 157 121 106 542 110 73 55 60 71 107 6 572 111 50 53 61 83 88 6 
0 5 63 211 373 168 121 83 457 97 167 86 54 73 85 5 552 120 95 54 52 89 60 2 
2 28 42 141 357 210 163 81 455 81 84 69 134 117 83 1 570 100 64 41 67 132 50 0 
3 12 45 244 333 182 162 43 418 64 88 113 134 164 43 0 511 121 73 85 96 111 27 0 
85 158 203 269 151 106 36 16 337 204 145 135 140 50 12 1 271 259 270 130 56 22 16 0 
1 23 48 207 296 210 186 53 356 91 69 133 188 147 40 0 508 172 65 57 80 121 21 0 
0 5 46 177 319 283 160 34 226 160 109 74 220 208 27 0 255 140 153 94 173 196 13 0 
0 9 112 331 441 95 36 0 355 245 218 127 45 34 0 0 454 226 187 84 46 26 1 0 
5 28 63 141 283 487 17 0 21 37 172 545 202 47 0 0 645 107 114 98 57 3 0 0 
20 85 136 142 299 336 6 0 72 117 245 428 133 29 0 0 540 239 114 89 39 3 0 0 
10 15 19 133 262 564 21 0 21 18 162 430 330 63 0 0 664 121 90 121 28 0 0 0 
16 96 52 80 275 478 27 0 86 63 139 554 110 72 0 0 656 145 90 70 57 6 0 0 
66 271 196 152 218 108 13 0 17 27 372 363 168 77 0 0 350 344 176 73 74 7 0 0 
136 330 151 128 152 94 33 0 0 42 481 205 210 86 0 0 335 399 77 92 107 14 0 0 
102 268 172 156 196 114 16 0 0 73 388 236 228 99 0 0 389 288 104 113 130 0 0 0 
143 302 157 94 209 119 0 0 0 103 375 209 265 72 0 0 331 292 101 147 153 0 0 0 
199 288 112 61 203 161 0 0 0 268 305 113 298 40 0 0 282 331 71 244 96 0 0 0 
152 240 136 139 198 155 4 0 23 298 203 191 234 75 0 0 197 307 148 246 126 0 0 0 
122 197 303 275 78 30 19 0 432 387 108 88 9 0 0 0 376 354 223 64 7 0 0 0 
101 206 326 282 109 0 0 0 226 385 160 190 63 0 0 0 241 361 285 95 42 0 0 0 
84 159 123 354 261 43 0 0 221 298 193 283 15 14 0 0 398 232 293 85 16 0 0 0 
99 352 314 150 58 50 1 0 97 315 392 138 49 33 0 0 118 264 426 175 41 0 0 0 
0 38 278 457 167 67 17 0 107 274 366 161 65 51 0 0 171 288 413 98 54 0 0 0 
2 147 304 332 157 47 35 0 28 221 336 288 96 55 0 0 15 156 403 396 54 0 0 0 
0 0 39 451 518 16 0 0 0 2 54 659 309 0 0 0 24 281 703 16 0 0 0 0 
0 0 4 88 797 135 0 0 0 0 12 119 817 76 0 0 0 16 324 579 104 1 0 0 
0 0 0 0 565 459 0 0 0 0 0 0 1016 8 0 0 0 0 170 852 2 0 0 0 
0 0 0 0 342 682 0 0 0 0 0 2 1001 21 0 0 0 0 20 998 6 0 0 0 
0 0 0 0 291 732 1 0 0 0 0 0 975 49 0 0 0 0 68 936 20 0 0 0 
0 0 0 0 126 898 0 0 0 0 0 0 1024 0 0 0 0 0 0 1024 0 0 0 0 
0 0 0 0 152 358 514 0 0 0 0 0 226 343 455 0 0 0 0 191 101 296 436 0 
2 46 128 162 142 123 420 1 181 79 165 109 56 18 416 0 198 84 173 119 26 37 387 0 
0 6 41 109 285 336 138 109 536 81 86 70 50 103 88 10 495 108 82 84 57 110 86 2 
0 10 43 152 254 231 242 92 403 79 109 60 76 162 122 13 388 84 113 70 89 186 91 3 
0 0 12 151 266 439 136 20 680 59 29 31 31 150 42 2 675 63 29 38 28 182 9 0 
0 0 4 112 329 331 221 27 478 106 95 49 46 160 89 1 473 101 96 52 58 213 31 0 
0 0 14 197 283 323 188 19 419 83 63 67 106 204 82 0 379 119 72 80 116 221 37 0 
175 95 111 106 162 256 117 2 232 167 91 92 134 231 77 0 118 127 168 191 92 276 51 1 
0 0 32 156 322 273 213 28 351 92 91 95 123 133 135 4 340 93 99 113 133 159 87 0 
0 0 26 136 175 407 269 11 295 78 72 40 57 286 196 0 286 77 80 45 60 474 2 0 
0 0 12 82 182 421 320 7 188 87 59 68 132 345 145 0 302 105 35 58 116 404 4 0 
0 0 13 118 207 369 301 16 135 64 66 75 152 393 139 0 201 91 68 89 166 396 13 0 
0 1 68 94 184 470 205 2 182 75 61 48 109 482 67 0 211 79 49 54 197 432 2 0 
0 0 33 109 179 609 93 1 184 70 43 38 79 588 22 0 206 56 39 59 147 517 0 0 
93 51 32 62 113 582 91 0 128 87 30 40 121 599 19 0 32 48 92 128 218 505 1 0 
3 23 34 88 152 453 257 14 87 65 79 72 127 501 93 0 94 78 70 110 233 420 19 0 
45 44 24 59 131 505 210 6 92 65 47 31 140 593 56 0 114 61 40 54 356 391 8 0 
66 92 26 34 121 538 147 0 95 68 29 42 172 583 35 0 142 41 44 99 497 201 0 0 
52 115 42 58 139 510 108 0 85 85 43 79 168 551 13 0 143 56 75 126 513 111 0 0 
76 89 42 133 93 506 85 0 97 70 41 139 118 555 4 0 150 38 50 178 575 33 0 0 
91 75 44 184 111 453 66 0 90 75 44 188 179 437 11 0 148 44 49 246 464 73 0 0 
44 161 79 103 149 472 16 0 112 138 115 95 125 438 1 0 402 33 26 78 480 5 0 0 
100 246 119 29 85 415 30 0 243 145 87 34 140 366 9 0 425 43 38 103 400 15 0 0 
75 139 213 148 28 418 3 0 124 117 299 43 55 386 0 0 521 27 29 43 404 0 0 0 
61 129 392 64 27 351 0 0 70 141 400 38 60 315 0 0 545 45 52 65 317 0 0 0 
77 148 276 212 59 252 0 0 82 130 299 205 108 200 0 0 229 123 230 219 223 0 0 0 
32 264 205 289 57 177 0 0 38 286 247 223 193 37 0 0 434 146 130 219 95 0 0 0 
0 157 276 393 138 60 0 0 0 217 260 400 130 17 0 0 215 233 157 371 48 0 0 0 
122 141 288 295 131 36 11 0 330 283 211 176 24 0 0 0 423 265 215 111 10 0 0 0 
244 243 235 283 19 0 0 0 327 230 214 234 19 0 0 0 355 260 232 162 15 0 0 0 
0 56 335 156 279 191 7 0 99 167 382 108 217 51 0 0 283 146 322 210 61 2 0 0 
0 92 483 26 201 221 1 0 0 123 454 40 349 58 0 0 91 127 407 361 38 0 0 0 
0 104 525 24 265 106 0 0 0 122 512 27 338 25 0 0 83 203 386 342 10 0 0 0 
0 186 500 24 175 139 0 0 48 485 162 22 288 19 0 0 500 197 36 283 8 0 0 0 
0 0 0 438 586 0 0 0 0 0 0 293 731 0 0 0 0 50 246 728 0 0 0 0 
0 0 0 401 613 10 0 0 0 0 0 106 918 0 0 0 0 0 38 986 0 0 0 0 
0 0 0 0 912 112 0 0 0 0 0 0 1022 2 0 0 0 0 7 1016 1 0 0 0 
0 0 0 0 425 599 0 0 0 0 0 0 984 40 0 0 0 0 11 1004 9 0 0 0 
0 0 0 10 223 578 185 28 127 96 101 48 606 46 0 0 304 49 65 578 28 0 0 0 
0 0 0 0 206 682 116 20 154 115 50 32 672 1 0 0 219 99 51 655 0 0 0 0 
0 0 0 23 105 409 420 67 122 31 24 23 186 348 281 9 253 40 8 167 92 187 276 1 
0 0 20 314 92 137 402 59 35 22 39 345 55 139 387 2 79 36 172 231 45 199 261 1 
43 117 13 12 35 326 478 0 51 109 13 13 33 336 469 0 99 67 12 12 47 664 123 0 
14 193 33 41 92 220 430 1 21 188 33 42 92 232 415 1 78 135 36 45 113 359 257 1 
24 178 36 40 100 87 558 1 28 173 38 38 99 110 537 1 56 151 39 39 103 504 131 1 
40 84 38 66 143 249 403 1 44 79 36 66 134 278 385 2 62 66 34 57 147 415 241 2 
40 47 60 113 177 133 452 2 38 49 45 104 160 200 427 1 44 44 49 93 161 413 220 0 
41 58 89 183 127 156 366 4 44 48 84 173 149 191 331 4 50 43 77 164 178 401 107 4 
51 38 75 227 183 119 331 0 48 39 73 199 202 135 328 0 54 39 62 194 219 317 139 0 
60 50 106 220 178 123 287 0 52 54 101 201 194 143 279 0 59 47 86 201 206 423 2 0 
64 40 106 200 251 141 222 0 63 41 89 188 259 214 170 0 69 40 78 185 264 377 11 0 
54 61 106 233 202 209 151 8 53 57 100 232 210 262 103 7 64 48 88 243 219 318 35 9 
54 61 120 284 183 285 34 3 53 56 109 287 186 308 22 3 61 53 101 284 207 289 26 3 
69 85 132 239 225 258 13 3 66 83 126 245 229 262 10 3 76 79 123 241 247 239 15 4 
2 33 86 203 375 309 11 5 2 34 86 202 349 334 10 7 3 41 84 204 309 360 16 7 
12 80 47 48 169 617 48 3 13 80 46 48 172 613 49 3 18 84 38 49 198 584 50 3 
7 68 41 161 282 438 26 1 7 69 38 156 287 442 24 1 13 61 43 157 325 412 11 2 
0 61 87 368 107 285 112 4 4 58 88 366 109 308 87 4 12 66 91 363 183 291 14 4 
5 92 59 864 4 0 0 0 27 84 53 859 1 0 0 0 100 30 51 842 1 0 0 0 
5 70 124 606 127 92 0 0 29 73 170 679 73 0 0 0 262 74 122 549 17 0 0 0 
78 219 121 389 112 101 4 0 188 140 119 444 105 27 1 0 336 99 122 399 55 13 0 0 
29 67 106 269 383 170 0 0 50 67 248 499 158 2 0 0 542 103 144 200 34 1 0 0 
72 143 116 226 292 175 0 0 149 137 192 396 138 12 0 0 563 110 129 160 59 3 0 0 
17 139 447 120 208 93 0 0 58 261 429 241 35 0 0 0 877 30 42 64 11 0 0 0 
61 236 588 65 50 23 1 0 124 342 443 72 37 6 0 0 796 67 84 59 17 1 0 0 
25 218 224 240 284 33 0 0 107 169 258 346 144 0 0 0 719 111 122 70 2 0 0 0 
2 79 129 269 508 37 0 0 3 104 226 509 182 0 0 0 892 57 26 48 1 0 0 0 
0 90 167 453 314 0 0 0 7 172 286 514 45 0 0 0 1006 18 0 0 0 0 0 0 
57 195 125 218 363 64 2 0 278 248 137 307 54 0 0 0 800 151 51 22 0 0 0 0 
330 298 207 167 22 0 0 0 451 363 161 49 0 0 0 0 800 161 52 11 0 0 0 0 
0 15 864 65 57 23 0 0 0 29 875 47 65 8 0 0 37 52 843 48 44 0 0 0 
0 34 975 15 0 0 0 0 8 50 966 0 0 0 0 0 28 107 889 0 0 0 0 0 
0 55 969 0 0 0 0 0 22 87 915 0 0 0 0 0 57 437 530 0 0 0 0 0 
6 464 533 21 0 0 0 0 73 788 163 0 0 0 0 0 309 650 65 0 0 0 0 0 
0 0 139 506 344 35 0 0 0 0 144 459 421 0 0 0 0 215 575 234 0 0 0 0 
0 0 0 222 699 103 0 0 0 0 0 14 1010 0 0 0 0 96 204 724 0 0 0 0 
0 0 0 143 699 182 0 0 0 0 0 8 1008 8 0 0 0 89 131 796 8 0 0 0 
0 0 0 0 412 612 0 0 0 0 0 1 954 69 0 0 0 0 50 948 26 0 0 0 
0 0 13 80 207 382 143 199 565 64 54 31 48 40 169 53 517 130 35 31 54 68 162 27 
0 7 14 63 133 264 221 322 285 96 111 104 118 47 155 108 378 126 100 60 56 67 178 59 
0 2 14 69 102 216 317 304 124 70 95 94 160 191 189 101 450 92 79 41 34 53 235 40 
0 31 25 80 357 260 156 115 267 61 84 67 342 127 47 29 373 107 48 76 322 33 51 14 
18 59 31 39 859 18 0 0 18 59 31 37 859 20 0 0 17 59 31 38 862 17 0 0 
7 6 13 17 979 2 0 0 7 6 12 14 972 13 0 0 7 6 12 14 967 18 0 0 
19 9 13 28 952 3 0 0 19 9 13 25 951 7 0 0 19 8 14 25 951 7 0 0 
30 34 68 169 374 315 23 11 27 37 61 162 358 340 27 12 37 29 66 143 331 366 40 12 
1 20 79 184 275 454 11 0 1 20 79 176 273 463 12 0 1 22 80 170 272 465 14 0 
0 8 28 150 343 410 76 9 0 8 27 145 345 414 76 9 0 8 29 156 343 403 76 9 
0 0 1 36 218 613 150 6 0 0 1 34 219 599 165 6 0 0 1 37 227 625 128 6 
0 30 71 208 339 351 25 0 0 32 79 193 333 360 27 0 0 35 79 193 341 369 7 0 
8 26 23 79 220 463 199 6 8 25 23 78 224 470 190 6 8 25 27 91 246 546 75 6 
1 3 7 33 174 495 296 15 2 3 7 34 173 509 282 14 2 4 6 37 181 670 114 10 
0 0 3 63 209 590 145 14 0 2 7 63 227 600 109 16 0 2 8 75 273 586 66 14 
0 0 9 92 227 593 92 11 0 9 22 93 251 584 54 11 1 14 36 115 277 516 55 10 
0 11 29 154 364 451 14 1 29 16 93 178 337 368 3 0 28 24 107 196 404 263 2 0 
0 0 13 52 168 501 263 27 181 32 44 67 79 469 152 0 220 34 26 72 90 548 34 0 
0 0 0 21 95 425 451 32 35 88 56 26 137 625 57 0 111 55 21 50 199 561 27 0 
0 11 38 153 208 371 219 24 184 95 169 158 110 227 81 0 255 135 155 117 120 231 11 0 
50 81 146 101 268 342 36 0 94 151 160 385 188 44 2 0 661 125 65 93 71 9 0 0 
59 82 89 176 310 294 14 0 96 79 243 392 205 9 0 0 629 124 149 78 43 1 0 0 
46 129 114 171 246 307 10 1 149 143 201 423 97 9 2 0 796 86 75 48 14 4 1 0 
17 52 50 115 381 401 8 0 57 60 220 516 162 9 0 0 752 90 93 64 23 2 0 0 
50 207 138 168 309 145 7 0 224 152 190 264 152 38 4 0 620 104 75 135 82 8 0 0 
25 89 56 106 468 280 0 0 87 70 166 589 108 4 0 0 746 83 88 88 18 1 0 0 
59 157 144 192 393 79 0 0 186 142 216 349 125 6 0 0 628 100 140 137 19 0 0 0 
12 86 94 184 605 43 0 0 57 92 232 440 203 0 0 0 885 48 51 37 3 0 0 0 
1 58 93 269 586 17 0 0 1 91 162 602 168 0 0 0 1011 13 0 0 0 0 0 0 
2 59 152 404 396 11 0 0 3 119 249 573 80 0 0 0 1016 8 0 0 0 0 0 0 
0 51 177 323 454 19 0 0 145 147 210 486 36 0 0 0 982 30 10 2 0 0 0 0 
47 172 413 282 95 15 0 0 144 268 496 112 4 0 0 0 444 260 286 33 1 0 0 0 
9 238 497 247 28 5 0 0 206 125 511 163 17 2 0 0 245 106 560 108 5 0 0 0 
0 187 311 391 129 6 0 0 412 169 201 219 23 0 0 0 485 144 259 136 0 0 0 0 
0 69 305 435 197 18 0 0 384 267 171 175 27 0 0 0 566 201 194 63 0 0 0 0 
0 37 357 449 177 4 0 0 192 337 383 105 7 0 0 0 374 324 300 26 0 0 0 0 
0 0 304 635 85 0 0 0 0 0 222 597 205 0 0 0 0 42 540 441 1 0 0 0 
0 0 0 618 375 31 0 0 0 0 0 168 856 0 0 0 0 17 159 800 48 0 0 0 
0 0 0 121 903 0 0 0 0 0 0 7 1017 0 0 0 0 0 4 734 286 0 0 0 
0 0 0 162 782 80 0 0 0 0 0 33 978 13 0 0 0 0 61 618 345 0 0 0 
0 0 0 24 142 487 233 138 608 79 87 58 31 45 75 41 712 81 53 29 19 36 79 15 
0 0 3 52 122 410 183 254 478 69 57 59 66 58 187 50 597 161 120 31 12 16 62 25 
0 0 20 47 98 477 145 237 515 57 57 52 65 82 169 27 610 113 112 49 40 32 57 11 
4 33 153 131 150 310 159 84 601 154 49 33 44 50 87 6 621 157 68 42 48 42 42 4 
2 117 276 135 194 178 63 59 371 358 86 44 57 53 48 7 550 234 53 28 41 62 49 7 
14 79 141 141 304 152 115 78 279 253 108 102 148 41 86 7 406 220 72 48 133 63 77 5 
24 30 107 76 701 73 13 0 45 40 105 62 659 110 3 0 40 51 99 62 661 109 2 0 
26 46 180 279 310 147 35 1 66 52 189 272 278 166 1 0 62 75 161 265 289 169 3 0 
3 29 67 168 243 377 119 18 61 72 113 179 226 342 31 0 60 62 114 176 251 333 28 0 
0 0 11 83 199 404 268 59 61 24 48 76 194 389 223 9 58 31 46 107 236 456 83 7 
0 0 13 55 130 404 346 76 65 32 48 75 111 431 253 9 56 39 53 70 148 514 136 8 
34 52 101 186 241 317 85 8 27 118 150 210 238 264 17 0 181 145 123 164 201 201 9 0 
25 51 39 149 239 316 194 11 3 76 146 279 235 198 81 6 189 191 174 104 128 178 52 8 
32 42 14 68 251 374 240 3 4 51 81 156 378 314 40 0 192 152 82 104 215 239 37 3 
12 17 26 131 301 312 176 49 199 102 171 204 234 107 7 0 384 180 123 162 111 59 5 0 
0 0 33 135 298 309 227 22 301 121 139 173 166 105 19 0 383 160 160 154 76 82 9 0 
0 7 47 246 311 308 103 2 174 178 166 198 266 41 1 0 282 177 152 188 219 5 1 0 
0 0 13 94 228 366 241 82 393 82 132 196 125 95 1 0 446 83 142 194 91 68 0 0 
0 0 5 112 293 462 110 42 117 62 80 163 205 389 8 0 139 71 108 167 198 340 1 0 
0 4 42 191 360 298 102 27 383 137 221 194 85 4 0 0 515 176 187 129 17 0 0 0 
34 80 74 150 313 362 10 1 102 98 177 431 183 30 3 0 657 158 81 71 46 10 1 0 
39 61 80 119 325 398 2 0 86 64 207 440 213 14 0 0 709 129 88 58 36 4 0 0 
40 83 87 140 347 322 5 0 90 91 171 464 181 25 2 0 587 163 96 117 57 4 0 0 
16 39 28 155 382 364 40 0 33 49 226 439 209 66 2 0 609 126 102 100 80 7 0 0 
27 16 20 124 462 323 52 0 33 44 160 488 180 113 6 0 598 87 91 118 129 1 0 0 
0 0 5 117 467 418 17 0 0 36 250 353 192 193 0 0 584 61 37 112 229 1 0 0 
0 0 6 83 510 398 27 0 0 27 128 385 251 233 0 0 475 36 49 195 269 0 0 0 
0 18 9 70 489 428 10 0 0 18 129 237 332 308 0 0 391 34 36 240 323 0 0 0 
3 105 57 109 440 309 1 0 12 129 62 274 406 141 0 0 380 65 53 373 153 0 0 0 
0 167 146 154 391 166 0 0 0 285 69 228 376 66 0 0 305 159 95 435 30 0 0 0 
135 205 81 64 287 252 0 0 138 240 47 107 434 58 0 0 225 188 117 440 54 0 0 0 
56 241 221 297 198 11 0 0 106 276 264 244 134 0 0 0 179 263 314 225 43 0 0 0 
240 212 319 246 7 0 0 0 283 218 350 172 1 0 0 0 283 217 412 110 2 0 0 0 
21 58 260 425 260 0 0 0 75 173 310 448 18 0 0 0 105 228 479 212 0 0 0 0 
0 20 164 513 323 4 0 0 61 133 371 438 21 0 0 0 123 256 493 152 0 0 0 0 
0 52 501 385 84 2 0 0 145 290 514 75 0 0 0 0 165 301 506 52 0 0 0 0 
0 117 524 315 62 6 0 0 0 19 423 487 95 0 0 0 3 157 655 209 0 0 0 0 
0 0 23 505 474 22 0 0 0 0 0 432 592 0 0 0 2 25 38 888 71 0 0 0 
0 0 0 136 833 47 8 0 0 0 0 37 986 1 0 0 0 42 58 648 276 0 0 0 
0 0 0 212 630 171 11 0 0 0 0 12 975 37 0 0 0 54 139 433 398 0 0 0 
0 0 0 3 24 62 494 441 0 0 1 5 42 87 746 143 0 0 3 6 64 317 589 45 
0 0 0 0 16 63 294 651 0 0 0 4 33 93 581 313 0 0 2 7 73 299 615 28 
0 0 0 0 4 19 395 606 0 0 0 1 4 35 663 321 0 0 0 1 17 274 732 0 
0 0 2 66 142 206 435 173 312 66 39 18 9 7 515 58 262 126 30 15 10 44 522 15 
0 10 38 151 242 286 181 116 476 85 80 73 78 109 114 9 451 87 87 77 88 115 114 5 
1 1 15 144 327 295 127 114 503 91 112 71 69 75 91 12 537 101 113 55 55 76 76 11 
0 9 111 221 292 219 100 72 526 110 162 48 42 34 96 6 519 175 110 37 47 47 83 6 
1 17 34 89 191 426 134 132 428 83 89 114 68 76 153 13 477 81 86 79 61 111 119 10 
0 2 19 159 284 334 140 86 203 74 67 199 198 186 94 3 216 90 58 148 204 228 79 1 
0 0 0 87 304 476 139 18 0 0 0 111 316 495 102 0 0 0 3 161 376 399 85 0 
0 0 4 69 194 411 322 24 1 2 3 83 187 461 287 0 2 1 6 80 212 626 97 0 
28 46 85 195 178 306 185 1 7 65 128 213 330 272 9 0 194 133 113 229 237 111 7 0 
43 37 54 122 224 325 219 0 4 47 127 318 431 89 8 0 496 221 147 67 42 40 11 0 
44 30 20 63 151 281 435 0 2 59 58 106 407 245 147 0 288 107 100 70 146 250 63 0 
4 18 24 94 201 381 270 32 190 66 97 174 175 185 137 0 397 152 66 81 122 201 5 0 
0 0 11 56 131 326 475 25 185 55 49 76 115 303 241 0 302 82 47 52 256 233 52 0 
0 0 23 103 167 376 344 11 42 37 64 141 197 387 156 0 102 68 77 158 338 274 7 0 
2 35 42 104 263 404 146 28 31 49 90 151 390 275 38 0 58 82 148 175 387 153 21 0 
11 49 121 138 396 272 36 1 4 52 134 264 412 147 11 0 5 29 189 373 280 133 15 0 
6 81 115 171 190 405 49 7 2 105 138 213 198 352 16 0 5 100 172 194 343 200 10 0 
0 0 54 100 300 495 75 0 0 5 119 227 282 357 34 0 167 98 85 177 427 70 0 0 
0 4 153 55 172 534 106 0 0 6 181 137 176 492 32 0 61 168 99 118 529 49 0 0 
0 7 167 172 159 442 77 0 0 8 169 214 196 420 17 0 0 129 109 273 469 44 0 0 
0 17 171 302 84 439 11 0 0 18 171 307 120 408 0 0 0 115 100 351 449 9 0 0 
0 5 192 434 66 327 0 0 0 2 192 439 147 244 0 0 0 52 166 489 317 0 0 0 
5 20 217 495 70 217 0 0 1 23 199 500 102 199 0 0 3 38 202 513 268 0 0 0 
9 47 110 692 93 73 0 0 8 45 106 532 288 45 0 0 15 69 93 625 222 0 0 0 
76 205 176 561 6 0 0 0 76 184 187 567 10 0 0 0 128 156 180 559 1 0 0 0 
158 438 363 64 1 0 0 0 3 540 201 280 0 0 0 0 260 401 288 73 2 0 0 0 
169 423 287 122 23 0 0 0 10 366 227 415 6 0 0 0 301 258 347 118 0 0 0 0 
240 323 269 130 61 1 0 0 16 277 281 448 2 0 0 0 313 231 406 74 0 0 0 0 
29 276 410 231 47 31 0 0 8 486 381 89 36 24 0 0 50 356 525 66 27 0 0 0 
110 378 171 116 175 74 0 0 179 400 152 94 149 50 0 0 138 454 213 171 48 0 0 0 
50 101 187 204 357 125 0 0 158 296 127 98 302 43 0 0 73 305 293 311 42 0 0 0 
16 136 234 200 334 104 0 0 214 234 86 156 311 23 0 0 222 197 260 314 31 0 0 0 
2 249 277 75 358 63 0 0 93 325 142 158 297 9 0 0 131 354 233 295 11 0 0 0 
0 87 360 269 90 56 162 0 0 2 193 418 178 65 168 0 0 36 286 392 92 116 102 0 
0 0 0 556 156 40 272 0 0 0 0 408 303 40 273 0 0 0 50 574 95 68 237 0 
0 0 2 143 417 106 356 0 0 0 0 60 536 74 354 0 0 0 81 419 124 68 332 0 
0 0 0 0 492 114 418 0 0 0 0 0 516 90 418 0 0 0 27 262 244 86 405 0 
0 0 6 35 70 345 562 6 48 15 8 18 57 344 534 0 40 22 14 21 113 391 423 0 
0 1 28 107 135 254 403 96 73 134 112 95 69 225 315 1 132 136 96 54 76 226 303 1 
0 1 6 64 106 321 429 97 70 119 92 59 59 256 340 29 92 126 81 48 68 263 343 3 
0 0 18 66 189 211 443 97 292 89 44 14 18 58 461 48 284 100 44 12 14 89 456 25 
0 9 42 91 183 295 201 203 410 69 65 66 103 119 169 23 496 118 54 40 49 82 169 16 
0 8 28 113 247 201 248 179 268 68 116 107 102 178 149 36 372 129 120 74 67 112 131 19 
0 1 11 117 341 363 120 71 590 109 92 78 61 63 28 3 578 114 99 85 56 65 26 1 
0 0 3 174 281 281 196 89 425 71 88 64 83 167 126 0 414 72 94 71 123 174 76 0 
0 0 14 117 228 344 252 69 233 73 74 104 142 261 134 3 230 90 86 94 178 281 62 3 
0 0 3 60 72 313 492 84 30 40 32 47 86 378 410 1 25 46 25 55 177 588 108 0 
0 0 9 50 95 303 499 68 42 23 40 62 82 332 441 2 40 31 39 77 119 514 204 0 
0 0 16 67 88 344 493 16 0 5 25 80 105 539 269 1 1 7 30 135 189 588 74 0 
0 0 4 29 97 341 552 1 0 0 6 35 101 440 442 0 0 1 11 64 195 640 113 0 
0 27 34 40 68 387 466 2 0 28 37 45 71 602 240 1 7 39 33 54 194 684 13 0 
19 132 33 33 30 395 382 0 18 138 30 30 44 640 124 0 57 115 27 32 161 632 0 0 
10 142 48 127 111 335 250 1 12 143 45 122 139 430 133 0 51 121 48 153 191 451 9 0 
10 134 48 293 100 319 117 3 10 141 42 297 117 382 35 0 51 122 45 274 230 298 4 0 
0 142 189 277 214 189 13 0 0 141 200 281 204 191 7 0 10 180 166 281 206 176 5 0 
2 12 118 208 189 458 37 0 3 15 150 208 192 443 13 0 4 52 205 192 375 194 2 0 
104 98 96 113 122 440 51 0 131 92 90 117 134 444 16 0 163 98 99 124 336 202 2 0 
4 35 311 487 103 83 1 0 5 31 305 494 105 84 0 0 8 53 281 488 139 55 0 0 
0 5 437 577 5 0 0 0 0 5 435 571 13 0 0 0 0 5 436 574 9 0 0 0 
0 4 588 432 0 0 0 0 0 3 579 442 0 0 0 0 0 4 583 437 0 0 0 0 
0 0 747 277 0 0 0 0 0 0 737 287 0 0 0 0 0 0 749 275 0 0 0 0 
22 22 864 116 0 0 0 0 0 25 875 124 0 0 0 0 4 44 857 119 0 0 0 0 
78 206 681 59 0 0 0 0 41 186 727 70 0 0 0 0 101 211 647 65 0 0 0 0 
85 246 530 163 0 0 0 0 13 230 588 186 7 0 0 0 65 263 515 180 1 0 0 0 
40 247 360 361 16 0 0 0 0 162 455 400 7 0 0 0 75 241 402 304 2 0 0 0 
148 428 342 95 11 0 0 0 5 142 340 534 3 0 0 0 135 230 490 169 0 0 0 0 
174 449 262 112 27 0 0 0 12 139 302 564 7 0 0 0 138 236 566 84 0 0 0 0 
142 329 382 136 35 0 0 0 1 107 282 609 25 0 0 0 142 241 518 123 0 0 0 0 
65 227 167 113 310 142 0 0 98 225 140 126 401 34 0 0 146 220 170 401 84 3 0 0 
97 527 122 26 108 144 0 0 75 606 74 33 215 21 0 0 170 531 73 226 24 0 0 0 
21 654 236 42 62 9 0 0 46 727 166 22 61 2 0 0 140 663 152 66 3 0 0 0 
9 456 475 84 0 0 0 0 28 677 305 14 0 0 0 0 55 696 273 0 0 0 0 0 
80 641 299 4 0 0 0 0 28 884 109 3 0 0 0 0 11 895 114 4 0 0 0 0 
0 0 0 0 0 132 892 0 0 0 0 0 0 132 892 0 0 0 0 0 0 232 792 0 
0 0 0 0 0 99 925 0 0 0 0 0 0 99 925 0 0 0 0 0 0 112 912 0 
0 0 0 0 0 71 953 0 0 0 0 0 0 71 953 0 0 0 0 0 0 87 937 0 
0 0 0 0 0 18 1002 4 0 0 0 0 0 17 1003 4 0 0 0 0 0 27 997 0 
0 0 0 0 13 32 829 150 0 0 0 0 17 59 938 10 0 0 0 0 18 242 764 0 
0 0 1 3 55 198 665 102 0 16 50 46 80 282 544 6 3 51 46 62 90 377 395 0 
0 0 0 14 54 202 662 92 30 27 34 27 84 269 518 35 39 38 42 45 91 351 413 5 
0 0 27 208 76 148 485 80 87 42 38 191 29 144 454 39 95 37 81 151 27 174 444 15 
0 0 2 74 125 388 412 23 72 43 61 85 86 283 392 2 101 40 46 79 107 468 183 0 
0 7 13 73 117 339 468 7 39 38 64 45 123 272 441 2 37 45 62 56 137 449 237 1 
4 106 20 28 40 210 611 5 8 107 21 30 44 226 588 0 41 83 17 34 59 699 91 0 
93 137 22 23 30 227 492 0 83 137 34 20 40 246 464 0 50 180 33 22 52 593 94 0 
223 115 35 32 49 157 405 8 187 152 32 34 63 188 368 0 33 211 132 35 102 441 70 0 
14 125 63 44 327 76 375 0 14 129 62 41 332 149 297 0 26 153 35 42 334 417 17 0 
6 10 158 57 484 83 226 0 6 10 159 55 484 106 204 0 7 9 168 57 489 245 49 0 
19 15 163 59 593 48 127 0 19 15 165 58 593 74 100 0 20 19 170 60 591 163 1 0 
20 24 162 105 672 28 13 0 19 21 164 104 674 38 4 0 20 32 167 102 669 34 0 0 
15 22 145 234 608 0 0 0 14 23 141 231 615 0 0 0 18 29 141 234 602 0 0 0 
2 44 251 265 461 1 0 0 0 34 261 187 534 8 0 0 0 102 180 281 435 23 3 0 
65 67 340 352 168 31 1 0 44 68 360 280 240 32 0 0 4 121 328 297 233 36 5 0 
172 83 365 253 129 20 2 0 140 87 379 265 131 18 4 0 3 180 380 301 120 36 4 0 
120 96 312 213 221 56 6 0 136 113 325 280 142 26 2 0 289 173 326 136 62 35 3 0 
1 189 561 52 49 163 9 0 0 174 566 58 51 172 3 0 67 112 552 62 98 126 7 0 
3 174 716 43 31 52 5 0 1 181 716 34 32 55 5 0 81 128 683 33 40 54 5 0 
0 22 928 47 18 9 0 0 0 104 878 26 7 9 0 0 179 89 733 8 8 7 0 0 
0 35 599 122 178 88 2 0 0 128 653 206 37 0 0 0 504 83 435 2 0 0 0 0 
33 88 487 166 108 132 10 0 40 236 464 169 87 28 0 0 555 120 250 27 52 19 1 0 
69 81 437 197 171 69 0 0 77 192 441 150 151 13 0 0 356 180 287 102 91 8 0 0 
40 86 317 226 216 139 0 0 0 181 386 373 83 1 0 0 655 183 124 55 7 0 0 0 
225 310 156 236 92 5 0 0 11 167 529 245 72 0 0 0 252 386 243 136 7 0 0 0 
387 272 141 192 32 0 0 0 29 149 544 269 33 0 0 0 116 368 401 136 3 0 0 0 
165 313 350 105 71 20 0 0 10 104 273 510 106 21 0 0 43 212 420 305 44 0 0 0 
141 351 186 60 282 4 0 0 2 85 233 412 292 0 0 0 32 165 378 422 27 0 0 0 
77 258 160 49 293 186 1 0 9 59 159 326 416 55 0 0 31 94 385 435 79 0 0 0 
27 242 241 159 303 52 0 0 21 147 156 366 321 13 0 0 98 142 295 418 71 0 0 0 
0 40 647 337 0 0 0 0 0 68 604 352 0 0 0 0 12 129 589 294 0 0 0 0 
0 26 181 809 8 0 0 0 7 70 238 705 4 0 0 0 23 77 274 650 0 0 0 0 
0 20 153 566 285 0 0 0 0 101 172 700 51 0 0 0 30 237 354 403 0 0 0 0 
0 7 173 582 262 0 0 0 0 54 218 748 4 0 0 0 41 148 658 177 0 0 0 0 
21 119 623 261 0 0 0 0 8 196 694 126 0 0 0 0 26 325 669 4 0 0 0 0 
256 31 1 0 31 17 688 0 255 32 1 0 32 18 686 0 256 32 0 0 32 176 528 0 
232 56 0 0 32 3 701 0 241 47 0 0 32 3 701 0 233 55 0 0 32 57 647 0 
42 237 9 0 32 0 702 2 32 252 4 0 32 0 704 0 107 181 0 0 32 6 698 0 
0 152 136 0 32 0 704 0 0 177 111 0 32 0 704 0 0 281 7 0 32 0 704 0 
0 3 40 6 29 223 674 49 0 3 43 3 37 235 670 33 0 7 39 3 51 294 629 1 
0 0 0 0 189 242 581 12 0 0 0 0 182 249 579 14 0 0 0 3 212 265 544 0 
0 0 1 1 190 305 509 18 0 0 2 1 198 305 491 27 0 1 1 1 204 312 503 2 
0 1 43 109 113 196 498 64 57 46 58 95 31 203 495 39 46 59 64 88 48 220 488 11 
21 7 138 101 302 395 58 2 21 7 138 100 171 538 49 0 21 13 139 104 186 535 26 0 
14 118 225 93 475 99 0 0 13 132 219 81 331 248 0 0 82 155 161 63 383 180 0 0 
26 176 198 322 113 148 41 0 23 208 240 323 186 44 0 0 634 247 106 33 4 0 0 0 
34 181 174 162 65 303 105 0 20 197 261 87 79 366 14 0 474 385 96 46 22 1 0 0 
208 139 138 122 101 197 119 0 71 257 178 118 133 247 20 0 220 357 299 121 25 2 0 0 
741 137 51 16 59 16 0 4 134 685 87 32 62 20 0 4 3 78 357 461 74 41 3 7 
33 61 78 602 250 0 0 0 14 75 52 631 250 2 0 0 3 31 115 614 260 1 0 0 
9 7 132 767 108 1 0 0 9 6 133 762 113 1 0 0 9 7 218 677 112 1 0 0 
52 99 319 544 10 0 0 0 57 100 284 572 11 0 0 0 83 91 322 518 10 0 0 0 
32 172 457 363 0 0 0 0 105 182 385 352 0 0 0 0 149 167 388 320 0 0 0 0 
323 53 93 406 115 34 0 0 262 59 158 384 94 67 0 0 24 49 223 503 138 87 0 0 
373 68 82 86 114 193 106 2 363 81 92 99 138 154 94 3 167 151 226 183 72 121 100 4 
217 110 106 155 190 204 42 0 219 118 131 199 215 108 34 0 337 220 186 103 75 78 23 2 
537 67 103 82 115 117 3 0 552 74 103 119 87 88 1 0 121 190 488 88 51 79 7 0 
30 31 359 246 96 247 15 0 33 120 498 201 135 35 2 0 645 95 204 30 22 23 5 0 
58 79 294 227 221 143 2 0 81 178 345 236 150 33 1 0 547 201 87 68 90 28 3 0 
16 28 131 258 238 352 1 0 36 88 346 383 154 16 1 0 711 137 75 45 43 12 1 0 
14 46 102 188 397 276 1 0 45 105 308 422 138 6 0 0 635 161 100 57 64 7 0 0 
6 17 66 168 311 420 36 0 54 101 210 492 107 60 0 0 715 102 88 63 52 4 0 0 
0 1 58 147 391 402 25 0 45 100 229 253 181 216 0 0 384 172 137 101 224 6 0 0 
0 0 0 70 509 421 24 0 0 0 61 416 310 236 1 0 444 29 40 193 311 7 0 0 
0 51 117 100 235 507 14 0 4 26 183 172 194 445 0 0 133 132 105 161 490 3 0 0 
14 123 189 79 242 372 5 0 188 68 87 90 384 207 0 0 217 95 71 305 336 0 0 0 
7 200 263 57 254 243 0 0 310 137 71 46 355 105 0 0 401 90 59 260 214 0 0 0 
6 112 399 234 208 65 0 0 254 154 254 134 223 5 0 0 326 127 219 287 65 0 0 0 
25 281 189 358 147 24 0 0 412 221 171 186 29 5 0 0 591 131 151 136 15 0 0 0 
4 137 458 377 44 4 0 0 142 281 379 217 5 0 0 0 196 391 287 150 0 0 0 0 
0 3 66 300 580 55 20 0 0 26 172 630 158 36 2 0 4 124 434 419 42 1 0 0 
0 0 14 472 538 0 0 0 0 0 112 806 106 0 0 0 0 5 543 476 0 0 0 0 
0 0 23 702 299 0 0 0 0 9 68 883 64 0 0 0 1 139 661 223 0 0 0 0 
0 55 166 695 106 2 0 0 0 70 296 653 5 0 0 0 2 106 631 285 0 0 0 0 
48 308 218 226 121 103 0 0 0 67 605 157 194 1 0 0 0 111 663 250 0 0 0 0 
130 800 94 0 0 0 0 0 70 562 392 0 0 0 0 0 153 489 382 0 0 0 0 0 
107 913 4 0 0 0 0 0 39 225 760 0 0 0 0 0 52 203 769 0 0 0 0 0 
9 690 318 7 0 0 0 0 0 112 905 7 0 0 0 0 45 145 829 5 0 0 0 0 
0 2 950 67 5 0 0 0 0 0 944 73 7 0 0 0 0 31 947 44 2 0 0 0 
0 0 160 32 76 152 498 106 0 0 186 9 83 174 563 9 0 3 183 10 99 281 448 0 
0 2 19 96 182 211 334 180 108 85 78 93 108 179 344 29 116 83 89 110 93 293 239 1 
0 0 10 83 191 209 292 239 127 91 99 97 97 202 282 29 145 80 128 89 118 234 226 4 
0 1 18 109 156 210 396 134 84 51 43 94 60 205 430 57 77 45 42 101 75 309 339 36 
5 5 6 841 161 6 0 0 4 6 6 835 161 12 0 0 5 5 6 837 162 9 0 0 
0 44 182 760 38 0 0 0 0 41 184 753 46 0 0 0 27 176 72 705 44 0 0 0 
24 65 167 260 149 209 150 0 3 79 180 323 150 262 27 0 280 401 272 56 13 2 0 0 
57 92 93 100 185 306 189 2 15 128 138 166 198 346 33 0 288 394 202 101 38 1 0 0 
10 38 48 66 161 607 94 0 8 48 58 79 253 564 14 0 153 355 196 115 117 88 0 0 
0 7 21 59 86 522 315 14 2 8 18 83 124 456 314 19 204 86 32 47 70 364 202 19 
65 154 163 495 85 60 2 0 173 134 113 492 62 49 1 0 208 192 198 354 53 19 0 0 
103 217 268 405 24 7 0 0 256 236 166 353 13 0 0 0 236 306 274 206 1 1 0 0 
506 231 117 115 24 4 23 4 559 212 124 73 25 7 23 1 176 459 239 92 27 9 18 4 
127 298 149 163 133 75 72 7 293 207 122 156 108 77 56 5 305 366 103 69 62 63 51 5 
293 183 134 99 90 188 36 1 393 152 99 98 88 160 34 0 114 308 178 152 104 127 41 0 
321 95 99 103 109 228 56 13 327 134 163 98 114 172 16 0 155 111 223 160 214 132 29 0 
586 135 124 118 44 16 1 0 382 236 216 114 56 19 1 0 5 42 492 274 168 37 6 0 
327 189 126 92 78 197 15 0 229 236 170 119 109 157 4 0 89 210 350 132 131 98 14 0 
12 11 12 62 238 583 106 0 11 14 126 375 235 219 44 0 592 55 51 66 188 72 0 0 
2 7 11 49 268 579 108 0 2 10 116 302 184 380 30 0 356 61 69 110 378 50 0 0 
2 12 9 78 266 585 72 0 3 17 77 216 257 448 6 0 274 44 49 100 456 101 0 0 
3 50 108 73 143 622 25 0 31 124 55 98 171 545 0 0 195 67 69 103 564 26 0 0 
4 69 130 159 196 450 16 0 42 120 111 125 286 335 5 0 159 41 113 206 476 29 0 0 
4 76 212 160 255 280 37 0 45 223 102 191 184 277 2 0 290 73 111 146 396 8 0 0 
22 133 410 114 159 183 3 0 87 421 141 162 131 82 0 0 481 127 155 148 111 2 0 0 
12 204 417 163 204 24 0 0 371 239 140 124 150 0 0 0 463 187 128 198 48 0 0 0 
0 16 380 482 122 20 4 0 418 195 187 223 1 0 0 0 456 183 170 212 3 0 0 0 
0 1 144 489 321 68 1 0 457 215 217 130 5 0 0 0 613 201 164 46 0 0 0 0 
7 37 276 436 235 32 1 0 485 261 193 83 2 0 0 0 708 154 144 18 0 0 0 0 
81 55 292 256 306 31 3 0 560 263 129 72 0 0 0 0 811 116 40 57 0 0 0 0 
0 29 246 571 178 0 0 0 144 79 252 535 14 0 0 0 198 62 370 391 3 0 0 0 
0 0 8 380 629 7 0 0 0 65 90 765 104 0 0 0 27 204 539 254 0 0 0 0 
0 0 15 645 361 3 0 0 0 153 205 589 77 0 0 0 0 146 557 320 1 0 0 0 
0 0 24 734 231 32 3 0 0 442 360 171 38 13 0 0 0 504 421 85 14 0 0 0 
0 0 10 445 437 132 0 0 0 263 147 206 389 19 0 0 0 382 289 341 12 0 0 0 
66 98 18 170 610 62 0 0 13 141 34 328 508 0 0 0 19 106 407 486 6 0 0 0 
5 1003 16 0 0 0 0 0 0 197 827 0 0 0 0 0 0 251 773 0 0 0 0 0 
3 823 198 0 0 0 0 0 0 229 795 0 0 0 0 0 86 313 624 1 0 0 0 0 
13 604 406 1 0 0 0 0 0 67 957 0 0 0 0 0 137 157 727 3 0 0 0 0 
0 89 903 31 1 0 0 0 0 3 982 36 3 0 0 0 0 33 915 76 0 0 0 0 
0 0 278 51 29 148 495 23 0 1 301 28 30 171 489 4 0 24 282 24 37 254 399 4 
0 0 0 0 7 339 671 7 0 0 0 0 16 368 640 0 0 0 0 0 94 429 501 0 
0 0 0 0 3 345 675 1 0 0 0 0 12 425 586 1 0 0 0 0 73 499 452 0 
0 1 26 45 14 179 717 42 0 1 29 43 14 200 726 11 4 10 43 21 26 330 585 5 
11 58 133 727 80 8 7 0 22 80 140 758 14 4 6 0 252 134 81 557 0 0 0 0 
17 61 179 586 49 61 65 6 20 92 207 548 61 63 33 0 337 215 167 304 1 0 0 0 
18 38 41 195 278 300 154 0 5 52 46 327 338 236 20 0 492 329 152 35 16 0 0 0 
69 83 64 77 125 345 261 0 20 122 77 90 177 489 49 0 175 540 152 110 46 1 0 0 
23 76 64 65 124 495 175 2 25 79 66 70 200 542 42 0 154 348 201 126 172 23 0 0 
13 78 107 147 235 367 77 0 36 115 177 223 292 177 4 0 519 264 137 78 26 0 0 0 
141 243 155 135 134 72 63 81 347 303 163 127 38 17 26 3 302 307 273 81 19 10 29 3 
30 132 231 169 174 160 108 20 250 192 194 125 109 75 69 10 264 311 181 60 64 82 53 9 
311 171 72 63 134 137 121 15 410 144 67 123 84 86 108 2 72 373 177 148 85 145 19 5 
149 151 96 80 123 219 192 14 385 149 82 35 58 164 147 4 165 350 104 49 87 234 35 0 
101 55 68 67 161 240 311 21 102 78 77 139 96 353 169 10 23 76 160 192 116 409 48 0 
76 69 95 26 86 508 164 0 75 88 78 22 104 614 43 0 16 50 150 51 213 521 23 0 
37 103 72 48 115 567 82 0 30 111 73 50 155 570 35 0 47 89 94 88 299 383 24 0 
1 113 258 12 18 587 35 0 1 111 260 17 17 618 0 0 56 84 240 16 374 254 0 0 
8 105 468 18 42 282 101 0 16 101 470 18 52 353 14 0 73 77 443 40 212 179 0 0 
6 92 609 98 24 142 53 0 34 87 662 34 21 185 1 0 132 89 591 15 126 71 0 0 
3 70 279 383 272 12 5 0 33 206 422 265 85 13 0 0 506 111 169 158 75 5 0 0 
0 44 566 267 104 43 0 0 5 508 353 149 9 0 0 0 839 77 53 54 1 0 0 0 
0 13 390 398 120 71 29 3 102 422 398 57 41 4 0 0 712 194 46 50 22 0 0 0 
0 3 65 325 455 154 21 1 134 110 256 225 295 4 0 0 283 165 141 255 180 0 0 0 
0 0 13 175 584 231 21 0 12 58 169 549 236 0 0 0 443 95 249 201 36 0 0 0 
0 2 88 266 494 166 8 0 253 212 142 284 133 0 0 0 441 184 174 196 29 0 0 0 
0 5 133 362 373 143 8 0 515 197 176 126 10 0 0 0 608 190 183 42 1 0 0 0 
0 1 79 413 403 115 13 0 447 225 191 156 5 0 0 0 563 201 190 69 1 0 0 0 
37 31 100 221 446 176 13 0 717 128 86 68 23 2 0 0 825 87 60 49 3 0 0 0 
140 179 128 211 286 72 8 0 592 130 125 130 47 0 0 0 688 95 89 136 16 0 0 0 
57 65 48 371 409 67 7 0 201 254 165 198 175 31 0 0 254 214 190 300 65 1 0 0 
6 11 9 321 482 152 43 0 10 176 209 152 386 91 0 0 15 183 302 428 96 0 0 0 
96 163 14 206 395 145 5 0 79 254 117 159 366 49 0 0 110 266 187 374 87 0 0 0 
550 19 14 40 305 92 4 0 377 196 20 70 339 22 0 0 345 126 189 315 49 0 0 0 
774 106 13 18 76 37 0 0 376 504 15 30 98 1 0 0 265 274 378 90 17 0 0 0 
944 80 0 0 0 0 0 0 382 556 86 0 0 0 0 0 119 418 474 13 0 0 0 0 
4 350 418 252 0 0 0 0 3 139 608 274 0 0 0 0 112 191 519 202 0 0 0 0 
3 410 272 332 7 0 0 0 0 66 614 342 2 0 0 0 68 109 564 283 0 0 0 0 
0 345 270 400 9 0 0 0 1 35 581 406 1 0 0 0 2 38 624 359 1 0 0 0 
1 121 394 490 18 0 0 0 1 26 468 516 13 0 0 0 5 29 461 519 10 0 0 0 
0 14 204 265 59 106 363 13 0 17 223 257 51 127 349 0 2 15 236 251 58 222 240 0 
0 0 0 0 92 412 475 45 0 0 0 8 115 390 503 8 0 0 0 9 154 422 439 0 
0 0 0 0 112 375 471 66 0 0 0 27 122 402 426 47 0 0 0 35 129 424 425 11 
0 0 8 8 61 294 578 75 0 0 8 25 61 308 556 66 0 5 10 22 74 360 533 20 
27 92 125 121 206 261 191 1 17 99 147 209 203 305 44 0 142 369 366 109 36 2 0 0 
54 107 95 122 188 330 127 1 27 121 133 181 266 260 36 0 197 357 249 163 53 5 0 0 
9 40 51 58 122 547 197 0 8 45 56 75 242 564 34 0 219 376 250 93 74 12 0 0 
1 24 60 59 176 404 300 0 1 25 85 138 214 454 107 0 264 345 143 69 93 104 6 0 
0 3 7 22 109 590 289 4 1 4 13 45 178 594 187 2 104 197 145 107 159 276 36 0 
0 0 3 28 145 392 452 4 0 0 3 62 183 371 404 1 166 61 38 87 153 460 59 0 
11 52 19 31 61 168 680 2 13 47 23 34 81 210 615 1 12 61 48 55 67 760 21 0 
1 98 44 44 75 265 482 15 0 100 44 47 89 322 415 7 15 102 55 54 133 559 106 0 
0 94 92 186 55 97 492 8 0 105 75 205 49 169 416 5 13 122 163 113 59 521 33 0 
0 101 134 334 41 126 288 0 0 103 101 371 51 184 214 0 23 108 384 76 94 338 1 0 
0 98 236 445 19 41 185 0 0 106 183 493 21 132 89 0 37 98 605 48 31 205 0 0 
0 101 553 324 8 17 21 0 0 105 425 450 7 37 0 0 46 86 832 20 10 30 0 0 
0 12 731 281 0 0 0 0 0 10 619 395 0 0 0 0 0 18 1006 0 0 0 0 0 
0 1 739 284 0 0 0 0 0 2 752 270 0 0 0 0 0 3 1021 0 0 0 0 0 
0 9 689 244 82 0 0 0 99 137 690 94 4 0 0 0 404 111 499 10 0 0 0 0 
0 0 563 308 88 60 5 0 5 330 557 109 23 0 0 0 746 140 138 0 0 0 0 0 
0 0 138 556 158 127 39 6 67 226 506 146 71 8 0 0 655 147 92 98 30 2 0 0 
0 0 15 148 351 468 38 4 59 37 196 625 104 3 0 0 771 78 80 77 18 0 0 0 
0 2 32 196 469 256 67 2 145 219 209 320 118 13 0 0 681 86 82 117 58 0 0 0 
0 0 10 129 604 268 11 2 48 150 235 316 275 0 0 0 540 100 110 161 113 0 0 0 
0 0 10 156 504 306 48 0 12 50 182 503 228 49 0 0 377 119 272 212 44 0 0 0 
0 0 13 156 493 325 37 0 159 138 128 180 275 144 0 0 297 119 148 234 223 3 0 0 
11 10 42 207 422 321 11 0 187 107 85 94 469 82 0 0 260 101 92 391 180 0 0 0 
16 56 122 205 411 214 0 0 242 71 64 145 495 7 0 0 277 70 107 483 87 0 0 0 
55 95 102 258 448 66 0 0 608 105 66 120 125 0 0 0 577 141 75 213 18 0 0 0 
164 163 130 273 255 38 1 0 348 327 134 162 52 1 0 0 665 117 118 112 12 0 0 0 
145 144 261 235 219 20 0 0 193 220 254 228 128 1 0 0 354 129 252 256 33 0 0 0 
22 371 358 220 37 16 0 0 53 413 317 192 45 4 0 0 113 479 259 156 17 0 0 0 
27 300 580 80 37 0 0 0 8 397 523 78 18 0 0 0 27 782 200 15 0 0 0 0 
310 94 369 189 62 0 0 0 0 435 422 136 31 0 0 0 0 533 458 33 0 0 0 0 
584 75 104 231 30 0 0 0 58 606 144 212 4 0 0 0 35 343 639 7 0 0 0 0 
856 53 39 41 35 0 0 0 95 762 96 56 15 0 0 0 7 231 763 23 0 0 0 0 
3 38 78 620 183 64 38 0 5 38 97 632 151 71 30 0 13 39 175 651 55 90 1 0 
2 34 59 531 233 101 62 2 2 39 69 563 187 108 56 0 6 40 128 617 87 135 11 0 
1 36 52 447 273 103 111 1 3 44 59 503 210 117 88 0 9 45 88 573 119 162 28 0 
0 46 46 345 299 113 159 16 0 57 56 387 259 124 131 10 1 62 83 469 158 171 79 1 
0 0 0 131 238 202 419 34 0 0 8 192 196 247 371 10 0 0 20 253 132 410 206 3 
0 0 0 4 31 208 687 94 0 32 45 41 33 218 645 10 8 65 32 17 35 444 423 0 
0 0 2 7 150 360 373 132 8 53 95 86 127 402 225 28 57 136 77 51 89 404 200 10 
0 0 0 2 96 358 452 116 9 80 30 24 78 386 366 51 51 56 22 30 82 435 325 23 
0 0 19 78 97 491 314 25 0 0 22 94 148 425 310 25 30 136 133 90 49 544 37 5 
0 2 4 6 70 485 456 1 0 2 4 11 81 450 475 1 15 37 63 46 94 636 133 0 
107 24 16 35 56 265 519 2 25 84 36 37 63 258 521 0 65 66 22 46 84 612 129 0 
287 45 14 13 39 220 406 0 31 106 206 16 46 242 377 0 200 132 17 17 76 523 59 0 
484 45 20 12 37 122 303 1 21 112 409 21 42 140 279 0 271 260 22 15 62 350 44 0 
246 63 76 109 148 195 187 0 0 44 274 141 147 249 169 0 45 252 73 117 154 367 16 0 
0 21 59 349 109 437 49 0 0 27 53 349 109 435 51 0 1 45 65 336 113 445 19 0 
0 21 34 875 46 48 0 0 0 18 32 876 41 57 0 0 3 23 156 754 75 13 0 0 
0 0 0 1024 0 0 0 0 0 0 0 1024 0 0 0 0 0 0 73 951 0 0 0 0 
0 0 21 997 6 0 0 0 0 14 30 980 0 0 0 0 38 22 232 732 0 0 0 0 
0 0 30 965 29 0 0 0 0 23 241 760 0 0 0 0 264 26 386 348 0 0 0 0 
0 0 13 829 104 63 14 1 11 27 330 646 10 0 0 0 409 69 445 99 2 0 0 0 
0 6 66 611 152 119 64 6 96 170 234 441 77 6 0 0 525 134 271 89 5 0 0 0 
0 2 155 415 115 208 123 6 242 292 109 134 219 28 0 0 738 199 60 27 0 0 0 0 
0 0 85 322 174 268 172 3 199 229 101 177 282 36 0 0 782 233 9 0 0 0 0 0 
0 0 36 118 252 524 92 2 62 58 175 512 212 5 0 0 941 74 9 0 0 0 0 0 
0 1 30 113 422 383 72 3 85 203 181 445 92 18 0 0 713 99 113 65 30 4 0 0 
0 0 7 121 372 427 97 0 13 75 239 357 143 189 8 0 667 65 36 39 215 2 0 0 
0 0 3 74 377 503 67 0 0 27 95 347 242 312 1 0 448 33 25 130 382 6 0 0 
0 0 70 88 275 570 21 0 0 0 137 194 278 415 0 0 111 68 159 181 503 2 0 0 
7 87 264 43 194 406 23 0 0 100 254 70 339 261 0 0 7 139 256 217 403 2 0 0 
64 197 245 82 180 256 0 0 186 213 157 70 272 126 0 0 211 218 144 179 271 1 0 0 
53 195 242 339 155 34 6 0 729 158 58 41 28 10 0 0 781 109 66 35 33 0 0 0 
37 170 310 320 182 5 0 0 626 223 145 30 0 0 0 0 680 251 89 4 0 0 0 0 
4 118 237 337 292 36 0 0 733 198 79 14 0 0 0 0 838 119 59 8 0 0 0 0 
241 174 182 260 162 5 0 0 459 152 163 215 35 0 0 0 703 120 79 121 1 0 0 0 
224 106 109 336 232 17 0 0 250 106 128 421 119 0 0 0 387 100 229 295 13 0 0 0 
0 0 207 677 104 36 0 0 0 14 283 622 98 7 0 0 0 84 549 375 16 0 0 0 
0 0 98 603 315 8 0 0 0 38 175 716 95 0 0 0 32 74 611 307 0 0 0 0 
0 2 197 660 165 0 0 0 0 61 300 655 8 0 0 0 21 138 835 30 0 0 0 0 
0 6 141 761 115 1 0 0 0 36 229 729 30 0 0 0 2 77 869 76 0 0 0 0 
33 74 169 482 265 1 0 0 7 105 247 552 113 0 0 0 8 142 730 144 0 0 0 0 
0 18 31 32 185 747 11 0 0 25 35 23 191 750 0 0 0 15 46 21 206 736 0 0 
0 18 26 41 161 730 48 0 0 24 28 37 160 768 7 0 0 6 44 39 158 767 10 0 
0 13 75 36 139 712 49 0 0 23 70 30 142 716 43 0 0 10 73 43 137 731 30 0 
0 23 28 32 110 706 125 0 0 23 25 33 115 751 77 0 0 14 34 30 110 751 85 0 
0 0 0 0 75 675 273 1 0 0 0 0 86 707 231 0 0 0 0 0 102 805 117 0 
0 1 1 16 163 420 422 1 0 2 0 25 166 405 426 0 0 2 3 29 203 457 330 0 
0 0 0 37 216 407 361 3 0 0 0 41 226 402 354 1 0 0 0 58 268 398 300 0 
0 0 0 11 111 353 532 17 0 0 0 9 119 360 521 15 0 0 0 20 138 405 457 4 
18 90 237 369 33 101 175 1 25 82 91 517 35 86 184 4 47 67 137 467 43 197 66 0 
164 189 394 218 9 33 17 0 35 172 245 515 8 41 8 0 117 236 292 323 9 41 6 0 
151 170 234 211 73 150 34 1 37 109 348 263 81 149 35 2 69 258 238 218 60 159 21 1 
174 101 192 123 85 236 99 14 136 54 239 151 95 249 93 7 146 137 205 119 90 256 67 4 
261 105 67 68 106 284 114 19 110 54 141 167 142 287 117 6 131 204 134 105 85 309 53 3 
50 119 61 68 201 523 2 0 0 0 0 54 388 578 4 0 0 21 188 91 281 443 0 0 
0 0 5 38 134 504 337 6 0 13 39 75 123 523 251 0 0 13 48 78 155 647 83 0 
0 0 20 641 91 222 47 3 0 5 37 660 94 219 9 0 25 20 68 621 110 177 3 0 
0 0 8 930 83 3 0 0 0 0 22 997 5 0 0 0 218 50 52 704 0 0 0 0 
36 26 54 574 274 60 0 0 5 73 126 723 89 8 0 0 572 116 63 273 0 0 0 0 
0 3 13 163 320 290 190 45 261 104 148 217 193 101 0 0 787 194 39 3 1 0 0 0 
0 1 19 202 312 229 206 55 340 105 126 136 255 62 0 0 769 203 48 2 2 0 0 0 
0 0 20 170 339 301 152 42 324 126 75 139 315 45 0 0 855 142 25 2 0 0 0 0 
0 2 33 137 319 329 201 3 256 98 140 106 244 151 29 0 629 178 48 31 85 53 0 0 
0 0 31 141 300 348 198 6 147 84 115 154 230 250 44 0 323 142 74 142 242 101 0 0 
1 16 24 62 151 647 123 0 79 40 58 107 156 582 2 0 256 67 36 37 554 74 0 0 
7 129 125 39 166 465 93 0 11 143 129 58 246 432 5 0 275 39 46 116 458 90 0 0 
0 84 269 175 77 403 16 0 6 120 281 167 58 392 0 0 435 103 40 27 409 10 0 0 
2 136 416 150 174 142 4 0 6 204 417 166 98 133 0 0 763 71 19 24 138 9 0 0 
3 19 317 324 357 4 0 0 0 51 347 405 221 0 0 0 487 137 140 194 66 0 0 0 
49 91 116 260 508 0 0 0 0 23 223 318 458 2 0 0 3 71 229 610 111 0 0 0 
80 61 101 264 476 37 5 0 146 131 206 216 324 1 0 0 212 168 167 407 70 0 0 0 
0 17 74 395 467 68 3 0 606 140 164 108 6 0 0 0 734 111 141 38 0 0 0 0 
3 93 150 356 371 49 2 0 518 220 170 109 7 0 0 0 664 173 148 39 0 0 0 0 
0 7 107 326 401 176 7 0 323 193 185 154 147 22 0 0 528 148 169 160 19 0 0 0 
130 92 69 189 486 58 0 0 282 74 65 288 315 0 0 0 395 64 119 440 6 0 0 0 
128 55 72 345 421 3 0 0 144 59 80 584 157 0 0 0 222 61 391 341 9 0 0 0 
0 0 91 638 290 5 0 0 0 34 217 717 56 0 0 0 0 50 722 252 0 0 0 0 
0 27 151 337 497 12 0 0 0 11 230 670 112 1 0 0 0 45 679 300 0 0 0 0 
0 5 192 323 504 0 0 0 0 4 228 734 58 0 0 0 0 39 877 108 0 0 0 0 
103 297 106 175 333 10 0 0 103 297 116 311 197 0 0 0 140 352 315 217 0 0 0 0 
703 199 12 31 74 5 0 0 713 193 12 64 42 0 0 0 815 96 61 51 1 0 0 0 
0 0 30 62 470 462 0 0 0 0 21 69 483 451 0 0 0 0 20 74 498 428 4 0 
0 0 34 69 466 452 3 0 0 6 18 65 471 453 11 0 0 1 11 69 457 464 22 0 
0 0 66 66 439 421 32 0 0 3 56 64 455 425 21 0 0 3 37 76 438 450 20 0 
0 13 57 43 458 418 35 0 0 21 46 60 448 418 31 0 0 18 40 71 454 407 33 1 
0 0 0 32 484 409 99 0 0 0 5 50 482 452 35 0 0 0 5 47 490 459 23 0 
0 0 0 3 204 430 385 2 0 0 0 3 209 436 374 2 0 0 0 12 234 561 217 0 
0 0 0 0 220 447 356 1 0 0 0 0 228 465 331 0 0 0 0 19 229 541 235 0 
0 0 0 0 162 492 349 21 0 0 0 0 161 507 335 21 0 0 0 3 177 563 270 11 
303 95 69 112 109 180 144 12 33 59 331 127 132 189 133 20 132 260 72 154 92 223 84 7 
431 86 62 65 99 188 84 9 39 40 363 149 148 207 72 6 162 310 118 91 116 192 31 4 
127 164 191 104 174 240 24 0 24 7 25 160 423 338 47 0 26 113 250 188 210 229 8 0 
189 133 359 115 61 157 9 1 17 5 9 236 461 229 66 1 22 182 319 249 89 159 4 0 
219 223 141 116 86 147 79 13 11 17 43 202 457 245 48 1 17 195 361 181 106 156 8 0 
52 167 84 81 102 534 4 0 0 0 1 90 336 567 30 0 0 47 232 108 233 404 0 0 
0 6 21 69 248 481 199 0 0 5 22 107 274 500 116 0 76 175 109 110 232 315 7 0 
1 4 41 370 366 210 32 0 1 12 79 478 274 162 18 0 410 203 136 165 48 61 1 0 
76 174 117 134 229 278 16 0 0 154 173 248 294 155 0 0 487 351 162 23 1 0 0 0 
68 168 82 122 197 309 78 0 1 156 135 186 339 162 45 0 383 328 151 65 51 45 1 0 
0 0 10 48 115 710 133 8 43 17 30 91 380 444 19 0 439 130 43 33 147 232 0 0 
1 1 1 35 184 674 128 0 1 1 8 89 408 465 52 0 216 81 68 88 261 309 1 0 
16 38 107 40 63 616 143 1 21 39 105 43 184 588 44 0 72 75 133 89 367 288 0 0 
20 93 180 127 71 458 75 0 0 71 198 144 92 509 10 0 0 135 156 148 349 236 0 0 
240 219 158 128 39 193 47 0 1 140 387 212 75 206 3 0 1 188 315 254 176 90 0 0 
84 327 299 210 63 29 12 0 11 152 469 309 58 25 0 0 13 243 476 220 52 20 0 0 
16 99 253 260 371 25 0 0 0 36 363 441 184 0 0 0 757 106 69 77 15 0 0 0 
0 9 147 334 508 26 0 0 0 20 200 556 248 0 0 0 775 150 87 12 0 0 0 0 
0 5 124 259 523 113 0 0 0 26 194 365 435 4 0 0 937 48 27 11 1 0 0 0 
3 18 83 346 537 37 0 0 0 21 123 504 373 3 0 0 526 106 126 209 57 0 0 0 
70 70 105 219 530 30 0 0 0 9 225 325 442 23 0 0 0 87 237 562 138 0 0 0 
66 63 87 156 514 130 8 0 55 113 178 203 448 27 0 0 122 152 170 454 126 0 0 0 
0 10 45 165 458 342 4 0 147 143 91 131 472 40 0 0 283 86 125 447 83 0 0 0 
0 37 254 173 428 130 2 0 62 120 235 148 440 19 0 0 130 205 158 432 99 0 0 0 
0 15 276 385 251 97 0 0 1 44 295 351 316 17 0 0 10 134 266 551 63 0 0 0 
0 1 67 870 76 10 0 0 0 1 68 876 79 0 0 0 0 3 208 804 9 0 0 0 
0 14 282 423 305 0 0 0 0 3 305 656 60 0 0 0 0 48 681 295 0 0 0 0 
4 47 34 200 735 4 0 0 0 52 97 540 335 0 0 0 0 53 542 429 0 0 0 0 
29 213 189 254 337 2 0 0 0 247 340 388 49 0 0 0 3 310 540 171 0 0 0 0 
279 392 196 27 130 0 0 0 289 426 157 142 10 0 0 0 303 424 243 54 0 0 0 0 
691 316 17 0 0 0 0 0 680 329 15 0 0 0 0 0 794 224 6 0 0 0 0 0 
701 310 13 0 0 0 0 0 687 326 11 0 0 0 0 0 864 160 0 0 0 0 0 0 
0 0 34 369 429 192 0 0 0 0 23 137 693 171 0 0 0 11 83 187 609 134 0 0 
0 1 181 354 314 174 0 0 0 0 20 109 678 216 1 0 0 0 20 75 709 217 3 0 
0 3 64 346 291 317 3 0 0 4 21 87 546 359 7 0 0 3 21 100 551 339 10 0 
0 2 41 114 241 596 30 0 0 13 12 102 313 555 29 0 0 12 86 190 276 454 6 0 
0 0 83 84 184 642 31 0 0 0 0 95 236 673 20 0 0 0 0 75 259 679 11 0 
0 0 0 1 4 281 738 0 0 0 0 4 21 444 555 0 0 0 1 5 75 854 89 0 
0 0 0 1 9 688 323 3 0 0 1 2 92 781 147 1 0 0 1 4 277 719 23 0 
0 0 0 0 9 586 407 22 0 0 0 0 28 762 221 13 0 0 0 0 141 799 83 1 
99 147 315 91 64 187 121 0 17 12 11 150 411 242 178 3 22 99 309 204 97 213 80 0 
230 273 153 89 61 144 67 7 27 19 36 137 533 206 64 2 30 144 435 169 83 147 15 1 
71 131 110 113 174 404 21 0 30 8 9 120 357 460 40 0 36 47 197 146 254 332 12 0 
323 158 108 102 100 149 80 4 159 53 44 265 211 197 92 3 174 234 165 125 114 151 57 4 
286 231 174 144 67 69 47 6 110 30 45 224 405 148 59 3 124 223 300 176 83 82 34 2 
93 299 121 95 127 252 37 0 0 0 1 73 568 340 42 0 0 91 385 142 202 204 0 0 
0 0 0 15 135 622 252 0 0 0 0 18 114 704 188 0 0 0 0 37 250 734 3 0 
0 0 0 38 174 488 321 3 0 0 5 43 214 532 229 1 13 13 34 142 229 586 7 0 
5 62 52 16 55 633 201 0 54 50 24 20 121 663 92 0 82 107 44 51 157 581 2 0 
16 90 143 124 132 368 151 0 111 66 109 116 140 403 79 0 109 105 97 118 280 308 7 0 
37 69 313 148 86 271 98 2 109 59 294 134 79 344 5 0 117 88 265 138 85 331 0 0 
31 46 456 381 36 59 15 0 33 47 465 355 55 65 4 0 43 200 394 289 35 63 0 0 
0 13 472 283 183 64 9 0 12 26 453 265 201 67 0 0 38 253 276 230 179 48 0 0 
0 7 331 528 158 0 0 0 0 0 195 534 278 17 0 0 0 133 226 340 286 39 0 0 
92 357 356 178 41 0 0 0 0 4 362 567 91 0 0 0 1 20 504 455 44 0 0 0 
3 260 366 218 129 44 4 0 61 116 515 272 57 3 0 0 100 309 452 115 47 1 0 0 
4 106 107 201 458 147 1 0 17 25 237 362 373 10 0 0 787 115 103 17 2 0 0 0 
0 4 87 283 546 103 1 0 0 16 146 481 373 8 0 0 762 132 88 39 3 0 0 0 
0 5 86 214 504 204 11 0 0 18 167 300 431 108 0 0 698 72 55 94 94 11 0 0 
5 19 16 190 410 381 3 0 0 10 33 312 428 241 0 0 213 84 132 251 340 4 0 0 
41 105 235 51 190 402 0 0 0 61 297 68 392 206 0 0 12 95 288 175 448 6 0 0 
0 55 559 32 190 186 2 0 1 61 557 40 310 55 0 0 16 63 561 192 191 1 0 0 
0 40 855 60 58 11 0 0 0 48 874 43 59 0 0 0 25 74 852 56 17 0 0 0 
0 46 313 545 92 27 1 0 8 49 481 455 31 0 0 0 31 167 626 199 1 0 0 0 
3 117 238 401 219 44 2 0 112 101 437 288 83 3 0 0 358 294 300 66 6 0 0 0 
5 133 345 301 231 9 0 0 144 142 344 246 148 0 0 0 280 166 336 231 11 0 0 0 
25 170 495 247 85 2 0 0 88 227 541 124 44 0 0 0 135 307 479 100 3 0 0 0 
2 292 605 105 20 0 0 0 204 416 367 32 5 0 0 0 394 320 273 37 0 0 0 0 
0 392 564 68 0 0 0 0 71 521 432 0 0 0 0 0 307 520 197 0 0 0 0 0 
17 610 397 0 0 0 0 0 169 683 172 0 0 0 0 0 253 735 36 0 0 0 0 0 
4 473 544 3 0 0 0 0 8 578 437 1 0 0 0 0 136 846 42 0 0 0 0 0 
152 546 315 11 0 0 0 0 199 540 284 1 0 0 0 0 374 461 189 0 0 0 0 0 
0 0 0 116 170 738 0 0 0 0 0 31 248 745 0 0 0 9 72 49 527 367 0 0 
0 0 0 18 92 914 0 0 0 0 0 0 98 926 0 0 0 0 0 2 185 837 0 0 
0 0 0 0 59 965 0 0 0 0 0 0 53 970 1 0 0 0 0 0 88 936 0 0 
0 0 0 0 37 985 2 0 0 0 0 0 22 1000 2 0 0 0 0 0 53 971 0 0 
0 3 6 11 30 951 23 0 0 3 7 13 29 953 19 0 0 3 8 13 35 960 5 0 
0 0 0 16 163 666 179 0 0 0 0 15 176 747 86 0 0 0 0 28 272 708 16 0 
0 0 0 64 243 633 84 0 0 0 1 84 351 554 34 0 0 0 2 110 428 474 10 0 
0 0 0 25 183 634 182 0 0 0 0 36 232 613 143 0 0 0 0 62 325 593 44 0 
112 98 254 118 89 280 70 3 58 20 23 153 358 339 71 2 60 96 244 191 99 308 24 2 
206 256 252 118 64 109 18 1 45 17 28 210 512 171 40 1 52 247 366 161 88 106 3 1 
40 202 159 117 126 346 34 0 0 0 6 90 476 418 34 0 0 66 283 181 181 309 4 0 
0 17 248 70 76 587 26 0 0 0 0 22 326 653 23 0 0 0 189 139 150 541 5 0 
21 53 77 83 109 497 183 1 26 24 30 67 191 547 139 0 26 32 95 111 178 569 13 0 
36 43 36 254 16 513 126 0 40 39 38 254 14 602 37 0 48 35 45 247 23 622 4 0 
39 247 116 229 18 258 117 0 126 189 69 251 22 348 19 0 108 209 84 237 23 363 0 0 
24 169 415 164 61 95 82 14 272 333 158 45 63 112 41 0 253 362 151 44 65 134 15 0 
8 97 351 251 109 87 96 25 450 199 112 82 87 84 10 0 463 200 111 76 84 84 6 0 
8 114 321 223 117 107 105 29 343 162 182 125 91 93 28 0 355 167 175 123 93 97 14 0 
0 57 211 321 215 168 42 10 265 87 158 166 226 117 5 0 285 150 126 172 228 62 1 0 
0 16 209 441 338 20 0 0 0 8 34 481 469 32 0 0 0 11 130 461 370 52 0 0 
0 36 103 339 388 153 5 0 21 23 67 277 493 143 0 0 38 20 71 302 518 75 0 0 
0 27 167 531 299 0 0 0 5 16 47 577 361 18 0 0 11 15 183 500 293 22 0 0 
34 342 328 223 90 7 0 0 8 26 504 385 94 7 0 0 0 110 623 237 54 0 0 0 
5 210 247 200 193 150 19 0 0 21 371 294 194 141 3 0 147 165 347 139 208 18 0 0 
0 59 38 73 268 564 22 0 0 7 105 115 404 393 0 0 305 61 90 106 429 33 0 0 
0 45 67 184 285 396 47 0 0 51 52 276 374 261 10 0 58 94 215 233 384 40 0 0 
0 41 143 429 85 325 1 0 0 52 81 487 172 232 0 0 5 66 517 87 336 13 0 0 
0 46 322 571 24 61 0 0 0 46 321 573 62 22 0 0 8 53 851 38 72 2 0 0 
0 15 448 552 9 0 0 0 0 12 386 619 7 0 0 0 0 57 673 294 0 0 0 0 
119 149 314 285 149 8 0 0 102 159 337 320 104 2 0 0 207 152 419 225 21 0 0 0 
1 138 267 330 240 45 3 0 203 196 213 324 86 2 0 0 360 113 423 107 19 2 0 0 
3 178 262 298 246 36 1 0 231 270 245 209 69 0 0 0 437 236 190 153 7 1 0 0 
1 171 218 364 241 29 0 0 274 276 268 167 39 0 0 0 537 243 163 81 0 0 0 0 
4 97 434 346 119 24 0 0 157 173 524 103 58 9 0 0 298 182 460 77 7 0 0 0 
0 0 913 111 0 0 0 0 0 1 1012 11 0 0 0 0 0 167 857 0 0 0 0 0 
0 109 915 0 0 0 0 0 0 121 903 0 0 0 0 0 20 543 461 0 0 0 0 0 
2 377 587 58 0 0 0 0 1 553 470 0 0 0 0 0 112 694 218 0 0 0 0 0 
0 287 681 56 0 0 0 0 2 454 559 9 0 0 0 0 5 834 185 0 0 0 0 0 
0 301 578 143 0 2 0 0 0 395 600 27 0 2 0 0 19 815 184 4 2 0 0 0 
0 193 777 42 6 5 0 1 0 330 656 26 7 4 0 1 63 834 108 10 5 3 0 1 
0 6 10 11 161 836 0 0 0 11 9 10 188 806 0 0 0 12 8 13 649 342 0 0 
0 91 36 19 41 835 2 0 9 94 31 18 42 830 0 0 12 96 27 18 141 730 0 0 
4 105 108 56 13 732 6 0 13 108 105 49 16 729 4 0 14 113 105 44 18 730 0 0 
13 107 190 84 11 597 22 0 27 102 193 77 11 613 1 0 26 104 187 82 15 609 1 0 
22 94 223 147 26 495 17 0 33 117 202 147 22 501 2 0 30 118 203 147 20 504 2 0 
0 0 0 13 174 522 309 6 0 0 0 18 201 552 249 4 0 0 2 33 263 691 35 0 
0 0 0 85 196 610 126 7 0 0 1 97 240 585 99 2 0 0 4 123 325 543 29 0 
0 0 0 38 185 636 127 38 0 0 0 49 192 654 105 24 0 0 0 71 258 637 58 0 
11 21 90 82 84 617 119 0 11 25 68 59 120 622 119 0 17 31 81 93 128 593 81 0 
20 57 49 233 125 481 59 0 26 55 50 231 113 510 39 0 39 46 55 226 150 504 4 0 
20 55 43 493 44 343 26 0 28 51 43 495 43 347 17 0 39 45 52 487 47 351 3 0 
18 54 47 751 16 123 15 0 26 50 45 750 16 135 2 0 42 38 47 746 19 132 0 0 
12 16 18 977 1 0 0 0 11 17 16 979 1 0 0 0 16 13 18 976 1 0 0 0 
0 0 2 1022 0 0 0 0 0 0 2 1022 0 0 0 0 0 0 2 1022 0 0 0 0 
1 155 279 561 24 3 1 0 95 248 142 535 3 1 0 0 99 257 163 500 4 1 0 0 
8 135 486 286 64 19 22 4 440 372 76 92 19 15 10 0 409 405 77 94 16 22 1 0 
0 37 308 441 134 52 37 15 508 214 175 54 38 28 7 0 556 226 128 44 41 25 4 0 
2 67 306 305 144 85 96 19 308 184 193 150 83 97 9 0 318 249 169 124 80 79 5 0 
1 79 143 156 309 262 58 16 225 104 86 86 340 182 1 0 257 103 72 123 376 93 0 0 
0 4 60 395 526 30 9 0 1 7 19 358 561 75 3 0 5 11 128 394 418 67 1 0 
0 23 76 268 306 310 41 0 21 18 73 235 391 267 19 0 46 21 86 291 452 128 0 0 
0 11 34 224 334 357 64 0 4 17 37 262 378 299 27 0 9 19 88 366 453 89 0 0 
0 36 74 240 154 470 50 0 0 44 46 255 282 383 14 0 0 56 118 266 488 96 0 0 
0 38 52 529 99 300 6 0 0 46 52 529 218 179 0 0 0 59 76 522 336 31 0 0 
0 33 51 854 19 59 8 0 0 44 43 853 58 26 0 0 2 52 117 778 62 13 0 0 
0 0 1 999 24 0 0 0 0 0 23 993 8 0 0 0 0 1 186 837 0 0 0 0 
41 44 63 737 117 22 0 0 23 55 111 718 102 15 0 0 45 50 491 388 50 0 0 0 
182 97 109 571 56 9 0 0 137 135 114 586 51 1 0 0 213 117 483 188 23 0 0 0 
0 0 212 803 9 0 0 0 0 0 207 808 9 0 0 0 0 0 556 468 0 0 0 0 
53 249 255 302 159 6 0 0 124 215 229 332 123 1 0 0 231 212 237 327 17 0 0 0 
2 180 304 306 190 42 0 0 260 294 292 127 38 13 0 0 431 298 199 84 12 0 0 0 
0 175 202 210 345 89 3 0 235 201 152 179 210 47 0 0 399 150 122 303 50 0 0 0 
0 66 144 332 390 89 3 0 80 81 135 403 283 42 0 0 146 105 331 393 49 0 0 0 
0 4 242 546 223 9 0 0 0 10 455 452 102 5 0 0 4 72 731 207 10 0 0 0 
0 4 1018 2 0 0 0 0 0 4 1020 0 0 0 0 0 0 68 956 0 0 0 0 0 
0 66 952 6 0 0 0 0 0 111 913 0 0 0 0 0 0 475 549 0 0 0 0 0 
0 261 744 19 0 0 0 0 0 450 574 0 0 0 0 0 134 702 188 0 0 0 0 0 
0 306 666 52 0 0 0 0 1 392 630 1 0 0 0 0 6 726 292 0 0 0 0 0 
2 93 582 347 0 0 0 0 8 99 830 87 0 0 0 0 20 451 553 0 0 0 0 0 
0 144 641 238 1 0 0 0 0 289 645 90 0 0 0 0 29 780 215 0 0 0 0 0 
0 147 856 13 5 3 0 0 1 169 840 9 5 0 0 0 1 174 837 7 5 0 0 0 
23 112 711 178 0 0 0 0 23 114 730 157 0 0 0 0 23 116 706 179 0 0 0 0 
37 55 506 426 0 0 0 0 44 56 530 394 0 0 0 0 44 55 533 392 0 0 0 0 
32 46 412 501 31 2 0 0 37 48 419 488 31 1 0 0 37 43 436 477 29 2 0 0 
28 49 335 446 144 22 0 0 42 117 290 419 140 16 0 0 30 120 319 403 138 14 0 0 
0 1 5 17 101 618 264 18 4 7 14 16 172 624 180 7 2 7 13 21 286 652 43 0 
0 0 0 67 312 521 77 47 0 0 0 72 355 500 70 27 0 0 2 89 524 353 45 11 
0 0 0 47 331 434 158 54 0 0 0 59 367 430 124 44 0 0 0 98 471 377 50 28 
3 25 41 569 70 309 7 0 4 27 34 571 80 294 14 0 5 26 54 559 96 281 3 0 
0 0 17 1007 0 0 0 0 0 0 14 1010 0 0 0 0 0 0 28 996 0 0 0 0 
0 0 11 1013 0 0 0 0 0 0 12 1012 0 0 0 0 0 0 58 966 0 0 0 0 
0 0 27 996 1 0 0 0 0 1 11 1012 0 0 0 0 0 1 146 877 0 0 0 0 
2 62 111 734 112 3 0 0 16 70 114 775 47 2 0 0 31 69 200 700 24 0 0 0 
2 22 79 480 188 221 32 0 12 45 88 490 163 222 4 0 12 48 120 503 154 180 7 0 
42 102 143 260 266 136 74 1 18 168 139 307 222 148 22 0 54 180 148 294 228 115 5 0 
12 104 189 304 148 191 72 4 335 133 93 91 154 210 8 0 350 154 84 99 206 127 4 0 
0 54 235 399 140 101 78 17 485 172 137 71 76 76 7 0 496 189 123 74 87 54 1 0 
0 32 256 262 179 176 115 4 174 228 161 133 129 157 42 0 200 231 175 138 161 118 1 0 
0 1 87 101 174 569 92 0 106 34 30 59 204 560 31 0 112 40 33 88 601 150 0 0 
0 29 56 204 146 488 101 0 0 36 53 191 245 469 30 0 0 52 50 232 527 163 0 0 
0 24 62 526 62 308 42 0 0 39 51 533 86 306 9 0 0 55 52 546 291 80 0 0 
0 29 46 857 24 64 4 0 0 40 39 858 26 61 0 0 0 50 42 853 50 29 0 0 
19 162 22 819 2 0 0 0 35 149 24 816 0 0 0 0 1 94 105 816 8 0 0 0 
44 383 74 499 24 0 0 0 117 363 45 499 0 0 0 0 34 332 177 478 3 0 0 0 
68 133 134 491 184 14 0 0 24 187 146 530 132 5 0 0 65 130 236 518 75 0 0 0 
139 201 188 233 243 20 0 0 87 216 222 285 206 8 0 0 197 273 229 266 59 0 0 0 
136 146 212 211 304 15 0 0 91 167 212 247 304 3 0 0 182 174 244 282 142 0 0 0 
116 172 140 238 343 15 0 0 94 181 160 268 318 3 0 0 180 175 164 462 43 0 0 0 
0 0 1 275 533 215 0 0 0 0 1 296 637 90 0 0 0 0 54 778 192 0 0 0 
49 106 151 184 411 122 1 0 63 110 142 242 410 57 0 0 142 124 195 451 112 0 0 0 
0 2 91 476 384 68 3 0 1 5 152 535 309 22 0 0 5 22 283 667 47 0 0 0 
0 8 177 697 129 13 0 0 0 10 251 663 100 0 0 0 3 99 625 283 14 0 0 0 
0 0 85 939 0 0 0 0 0 0 155 869 0 0 0 0 0 58 923 43 0 0 0 0 
0 0 468 556 0 0 0 0 0 0 891 133 0 0 0 0 0 0 1024 0 0 0 0 0 
0 7 969 48 0 0 0 0 4 7 1013 0 0 0 0 0 7 171 846 0 0 0 0 0 
9 314 701 0 0 0 0 0 35 324 665 0 0 0 0 0 276 594 154 0 0 0 0 0 
8 714 252 29 16 5 0 0 25 769 183 27 17 3 0 0 586 354 47 22 15 0 0 0 
0 467 481 66 6 4 0 0 5 613 379 18 7 2 0 0 370 505 135 7 7 0 0 0 
0 32 868 124 0 0 0 0 0 82 909 33 0 0 0 0 0 450 574 0 0 0 0 0 
0 16 439 526 43 0 0 0 0 42 490 492 0 0 0 0 10 358 656 0 0 0 0 0 
