30 487 484 23 0 0 0 0 0 152 706 166 0 0 0 0 4 210 800 10 0 0 0 0 
69 287 659 9 0 0 0 0 0 147 828 49 0 0 0 0 31 191 785 17 0 0 0 0 
0 70 866 73 15 0 0 0 0 52 872 82 18 0 0 0 0 461 507 50 6 0 0 0 
0 34 888 90 12 0 0 0 0 28 947 49 0 0 0 0 0 540 482 2 0 0 0 0 
0 126 432 375 73 18 0 0 2 176 558 224 63 1 0 0 15 422 318 193 71 5 0 0 
2 143 240 358 208 73 0 0 0 144 246 369 241 24 0 0 10 135 267 382 178 49 3 0 
1 26 219 385 288 95 10 0 0 69 394 246 253 56 6 0 11 221 268 223 177 121 3 0 
0 70 789 165 0 0 0 0 0 84 837 103 0 0 0 0 26 686 312 0 0 0 0 0 
0 24 951 49 0 0 0 0 0 15 950 59 0 0 0 0 18 867 139 0 0 0 0 0 
0 2 908 92 20 2 0 0 0 20 935 52 16 1 0 0 0 821 182 19 2 0 0 0 
10 270 639 55 45 5 0 0 0 204 703 49 60 8 0 0 10 641 191 117 47 18 0 0 
5 338 248 159 89 102 83 0 0 264 279 106 174 114 87 0 10 321 227 91 229 113 33 0 
64 257 354 215 22 54 58 0 43 311 377 135 28 64 66 0 142 377 257 105 57 64 22 0 
482 281 209 52 0 0 0 0 427 294 254 49 0 0 0 0 514 276 121 112 1 0 0 0 
848 156 20 0 0 0 0 0 848 164 12 0 0 0 0 0 852 162 10 0 0 0 0 0 
0 376 154 283 211 0 0 0 0 326 201 339 158 0 0 0 25 408 201 291 99 0 0 0 
26 107 744 146 1 0 0 0 12 109 847 46 10 0 0 0 57 125 795 33 14 0 0 0 
111 357 462 94 0 0 0 0 48 426 520 30 0 0 0 0 200 666 158 0 0 0 0 0 
246 175 594 9 0 0 0 0 178 252 586 8 0 0 0 0 360 651 13 0 0 0 0 0 
76 158 445 124 176 45 0 0 57 162 368 164 143 130 0 0 87 374 93 199 130 141 0 0 
1 374 192 84 156 173 44 0 6 327 270 100 93 214 14 0 1 354 234 128 105 191 11 0 
100 162 226 165 206 159 6 0 24 158 199 211 137 290 5 0 28 146 170 260 127 283 10 0 
41 276 234 461 11 1 0 0 73 330 373 248 0 0 0 0 252 341 430 1 0 0 0 0 
85 366 306 215 52 0 0 0 113 358 477 76 0 0 0 0 246 633 136 9 0 0 0 0 
79 286 307 183 167 2 0 0 99 298 436 189 2 0 0 0 226 534 205 59 0 0 0 0 
29 471 436 51 18 17 2 0 21 448 437 104 1 12 1 0 171 493 209 127 19 5 0 0 
9 118 181 109 94 438 75 0 34 189 256 86 55 348 56 0 1 258 275 36 108 346 0 0 
2 218 143 175 58 428 0 0 0 113 171 134 100 463 43 0 0 176 107 61 231 449 0 0 
337 540 145 2 0 0 0 0 308 444 272 0 0 0 0 0 385 411 139 89 0 0 0 0 
708 219 80 16 1 0 0 0 480 483 61 0 0 0 0 0 841 165 18 0 0 0 0 0 
31 735 177 68 13 0 0 0 0 707 230 78 9 0 0 0 4 767 182 65 6 0 0 0 
61 132 807 20 4 0 0 0 16 140 843 17 8 0 0 0 56 118 826 17 7 0 0 0 
234 333 322 135 0 0 0 0 163 392 340 129 0 0 0 0 311 365 327 21 0 0 0 0 
527 367 91 39 0 0 0 0 180 617 190 37 0 0 0 0 613 287 111 13 0 0 0 0 
132 196 231 267 96 102 0 0 39 270 177 353 78 106 1 0 40 193 302 297 95 97 0 0 
0 104 278 102 113 251 172 4 0 69 305 132 125 256 137 0 0 109 289 118 147 294 67 0 
3 134 169 86 97 252 261 22 0 122 159 164 121 251 200 7 0 162 96 132 216 292 124 2 
36 144 170 593 81 0 0 0 35 175 316 497 1 0 0 0 129 194 651 50 0 0 0 0 
65 279 107 386 187 0 0 0 75 308 271 370 0 0 0 0 203 278 515 28 0 0 0 0 
16 307 80 254 361 6 0 0 44 310 147 522 1 0 0 0 126 302 487 109 0 0 0 0 
17 218 259 225 228 73 4 0 34 253 257 337 52 90 1 0 105 237 330 218 83 51 0 0 
0 70 218 159 231 332 14 0 43 72 207 76 241 381 4 0 11 140 187 89 282 315 0 0 
0 19 277 127 249 352 0 0 0 4 259 123 226 412 0 0 0 29 293 96 379 227 0 0 
172 264 335 30 50 173 0 0 122 267 351 59 34 191 0 0 143 284 263 115 138 81 0 0 
314 526 169 15 0 0 0 0 279 588 147 10 0 0 0 0 506 435 83 0 0 0 0 0 
0 151 374 399 100 0 0 0 3 225 350 344 102 0 0 0 34 397 233 184 176 0 0 0 
12 193 811 8 0 0 0 0 2 93 883 43 3 0 0 0 8 92 890 33 1 0 0 0 
215 268 455 85 1 0 0 0 138 327 474 84 1 0 0 0 178 370 436 40 0 0 0 0 
282 452 242 48 0 0 0 0 205 503 275 41 0 0 0 0 387 508 114 15 0 0 0 0 
232 160 224 230 74 95 9 0 107 292 270 301 38 16 0 0 163 300 283 241 24 13 0 0 
0 61 247 129 183 310 94 0 0 123 337 226 158 136 44 0 16 334 285 100 135 133 21 0 
0 10 427 188 132 193 74 0 0 31 469 186 123 182 33 0 19 184 395 128 188 102 8 0 
40 148 339 463 34 0 0 0 58 185 411 358 12 0 0 0 114 242 508 158 2 0 0 0 
125 377 87 364 71 0 0 0 119 415 225 265 0 0 0 0 182 387 424 31 0 0 0 0 
1 458 123 392 50 0 0 0 0 470 224 330 0 0 0 0 38 502 403 81 0 0 0 0 
3 320 284 292 83 40 2 0 0 331 338 261 58 36 0 0 14 343 357 229 66 15 0 0 
0 2 335 189 140 358 0 0 0 1 326 172 157 367 1 0 0 2 343 172 247 260 0 0 
0 1 382 253 108 269 11 0 0 9 356 274 102 283 0 0 0 4 436 214 161 209 0 0 
92 328 455 67 66 16 0 0 31 280 559 65 68 21 0 0 29 326 475 116 70 8 0 0 
222 389 393 20 0 0 0 0 142 506 369 7 0 0 0 0 252 502 270 0 0 0 0 0 
290 485 211 34 4 0 0 0 288 490 199 47 0 0 0 0 470 395 156 3 0 0 0 0 
30 125 733 102 34 0 0 0 31 103 797 83 10 0 0 0 65 193 754 12 0 0 0 0 
405 291 290 38 0 0 0 0 217 418 335 52 2 0 0 0 300 384 304 36 0 0 0 0 
217 432 292 83 0 0 0 0 180 544 230 70 0 0 0 0 408 382 193 41 0 0 0 0 
284 259 281 100 45 52 3 0 152 411 284 168 9 0 0 0 289 314 277 138 6 0 0 0 
24 141 249 79 111 275 144 1 22 199 262 148 170 187 36 0 35 374 252 98 143 112 10 0 
15 41 410 212 105 167 73 1 15 89 508 144 91 164 13 0 27 251 435 146 140 25 0 0 
169 186 212 217 226 14 0 0 250 270 401 103 0 0 0 0 340 273 351 60 0 0 0 0 
145 352 236 270 21 0 0 0 226 368 323 105 2 0 0 0 332 338 324 30 0 0 0 0 
6 390 195 389 44 0 0 0 17 437 353 204 13 0 0 0 63 434 445 80 2 0 0 0 
13 255 313 317 88 38 0 0 10 278 374 274 74 14 0 0 4 307 373 288 47 5 0 0 
0 3 108 293 191 426 3 0 0 6 115 325 201 373 4 0 0 39 133 351 166 333 2 0 
0 0 141 452 202 206 10 13 0 0 110 476 184 228 12 14 0 0 136 459 275 128 12 14 
11 422 273 102 171 45 0 0 30 350 302 122 172 48 0 0 36 337 261 183 191 16 0 0 
269 576 159 13 7 0 0 0 355 578 77 12 2 0 0 0 266 664 76 12 6 0 0 0 
182 206 162 366 108 0 0 0 44 233 238 379 130 0 0 0 168 192 174 388 102 0 0 0 
45 116 676 108 77 2 0 0 33 66 717 115 93 0 0 0 36 45 751 136 56 0 0 0 
197 289 435 94 9 0 0 0 107 297 511 99 10 0 0 0 135 353 454 79 3 0 0 0 
366 339 302 17 0 0 0 0 233 456 315 20 0 0 0 0 301 471 227 24 1 0 0 0 
294 261 374 69 18 6 2 0 172 283 413 123 24 7 2 0 157 246 393 209 15 4 0 0 
54 210 319 122 136 139 44 0 105 187 296 111 178 132 15 0 58 307 243 103 187 126 0 0 
10 154 393 152 95 173 47 0 46 186 392 122 126 149 3 0 76 308 271 131 174 64 0 0 
176 47 97 530 170 4 0 0 197 186 606 27 8 0 0 0 220 526 254 19 5 0 0 0 
231 194 154 160 59 151 75 0 259 231 228 45 63 161 37 0 289 297 139 48 65 179 7 0 
32 436 319 189 4 14 30 0 43 453 443 38 3 15 29 0 166 504 293 16 5 26 14 0 
27 376 316 283 22 0 0 0 23 335 505 137 24 0 0 0 38 370 432 147 35 2 0 0 
0 28 406 455 114 18 3 0 0 40 548 243 172 18 2 1 0 41 457 305 185 33 2 1 
0 34 369 219 307 94 1 0 0 32 381 239 302 69 1 0 0 34 389 249 290 59 3 0 
11 375 332 129 170 7 0 0 24 229 476 108 177 10 0 0 37 381 319 160 127 0 0 0 
137 418 454 15 0 0 0 0 232 357 418 17 0 0 0 0 343 294 385 2 0 0 0 0 
305 186 266 267 0 0 0 0 124 317 326 257 0 0 0 0 272 254 324 174 0 0 0 0 
51 128 603 197 45 0 0 0 23 133 731 122 15 0 0 0 31 233 654 90 16 0 0 0 
290 385 328 21 0 0 0 0 293 349 359 23 0 0 0 0 354 453 201 16 0 0 0 0 
321 524 172 7 0 0 0 0 221 593 202 8 0 0 0 0 337 563 124 0 0 0 0 0 
302 331 346 45 0 0 0 0 180 313 408 105 18 0 0 0 308 383 303 30 0 0 0 0 
55 269 236 254 129 65 16 0 86 286 231 198 179 44 0 0 141 333 237 126 162 25 0 0 
0 12 34 69 121 629 151 8 6 27 37 113 135 588 118 0 0 33 87 103 166 601 34 0 
0 0 40 277 162 320 225 0 0 56 313 39 122 442 52 0 2 241 133 50 155 438 5 0 
0 0 6 26 179 674 139 0 0 1 7 32 244 666 74 0 0 2 14 38 318 621 31 0 
6 140 120 68 72 442 176 0 6 170 138 29 167 402 112 0 17 154 149 28 227 431 18 0 
68 387 388 166 15 0 0 0 35 377 495 107 10 0 0 0 91 379 475 77 2 0 0 0 
0 15 333 296 336 41 3 0 0 8 340 345 288 40 3 0 0 9 363 448 188 15 1 0 
7 66 278 356 260 52 5 0 0 27 301 379 268 46 3 0 0 47 302 397 238 37 3 0 
61 438 212 254 53 6 0 0 0 400 261 269 89 5 0 0 42 341 355 228 58 0 0 0 
371 590 63 0 0 0 0 0 141 795 88 0 0 0 0 0 420 559 45 0 0 0 0 0 
173 479 164 208 0 0 0 0 138 190 431 265 0 0 0 0 148 138 330 408 0 0 0 0 
171 492 315 46 0 0 0 0 131 143 672 78 0 0 0 0 123 176 372 353 0 0 0 0 
319 530 159 16 0 0 0 0 175 274 547 28 0 0 0 0 228 266 165 164 201 0 0 0 
168 427 386 43 0 0 0 0 79 370 417 156 2 0 0 0 239 246 140 130 269 0 0 0 
16 319 411 150 89 39 0 0 9 97 609 183 72 53 1 0 27 104 282 510 83 18 0 0 
1 24 125 167 381 282 43 1 2 41 142 221 394 191 33 0 3 16 172 346 304 167 16 0 
0 0 1 32 115 509 367 0 0 0 1 37 144 536 306 0 0 0 1 51 168 603 201 0 
28 9 18 113 205 379 258 14 30 13 117 247 160 262 188 7 34 35 283 157 87 332 96 0 
0 0 19 65 79 599 252 10 0 17 68 56 70 619 192 2 2 35 82 35 97 636 137 0 
149 242 80 125 156 198 73 1 26 357 105 131 172 195 38 0 6 63 156 389 211 182 17 0 
43 456 395 70 60 0 0 0 12 233 619 94 64 2 0 0 35 249 243 287 202 8 0 0 
66 241 577 106 34 0 0 0 0 167 692 125 40 0 0 0 21 158 206 378 261 0 0 0 
61 538 398 27 0 0 0 0 1 104 871 47 1 0 0 0 4 104 366 507 43 0 0 0 
130 795 97 2 0 0 0 0 11 307 702 4 0 0 0 0 11 281 215 517 0 0 0 0 
104 785 135 0 0 0 0 0 49 277 698 0 0 0 0 0 40 375 94 515 0 0 0 0 
10 717 32 228 37 0 0 0 0 355 381 100 188 0 0 0 0 0 298 572 154 0 0 0 
0 704 32 272 16 0 0 0 0 3 723 28 270 0 0 0 0 0 80 675 269 0 0 0 
0 678 54 45 223 24 0 0 0 0 702 39 181 102 0 0 0 0 12 557 403 52 0 0 
0 781 155 34 54 0 0 0 0 12 891 56 65 0 0 0 2 5 37 247 733 0 0 0 
69 762 139 18 36 0 0 0 0 394 537 52 36 5 0 0 1 77 568 338 40 0 0 0 
32 358 184 177 266 7 0 0 7 273 276 191 268 9 0 0 19 246 301 306 152 0 0 0 
0 0 29 336 579 80 0 0 0 0 28 339 554 103 0 0 0 1 71 511 425 16 0 0 
0 9 283 364 324 44 0 0 0 52 338 331 259 44 0 0 0 133 418 260 197 16 0 0 
0 0 115 291 563 55 0 0 0 0 184 253 544 43 0 0 0 39 167 471 323 24 0 0 
199 301 193 158 153 20 0 0 29 413 247 161 160 14 0 0 12 95 373 394 144 6 0 0 
0 549 403 8 64 0 0 0 0 0 952 8 64 0 0 0 0 0 32 478 514 0 0 0 
0 624 400 0 0 0 0 0 0 0 1024 0 0 0 0 0 0 0 0 149 875 0 0 0 
0 1002 22 0 0 0 0 0 0 0 1024 0 0 0 0 0 0 0 0 1021 3 0 0 0 
0 1024 0 0 0 0 0 0 0 0 1024 0 0 0 0 0 0 0 0 1024 0 0 0 0 
0 1024 0 0 0 0 0 0 0 0 1024 0 0 0 0 0 0 0 0 1024 0 0 0 0 
0 1 22 678 318 5 0 0 0 0 71 208 732 13 0 0 0 1 84 316 623 0 0 0 
0 0 0 603 421 0 0 0 0 0 0 7 970 47 0 0 0 0 0 47 975 2 0 0 
0 116 15 39 686 168 0 0 0 0 123 13 403 485 0 0 0 0 50 82 676 216 0 0 
0 749 114 49 112 0 0 0 0 1 840 60 123 0 0 0 0 0 12 844 168 0 0 0 
116 169 275 255 198 11 0 0 53 227 251 267 217 9 0 0 50 249 255 271 198 1 0 0 
68 90 172 372 296 26 0 0 90 425 192 217 94 6 0 0 120 347 338 205 14 0 0 0 
119 288 167 175 225 49 1 0 47 360 184 207 176 49 1 0 160 329 207 223 101 4 0 0 
22 204 292 213 143 103 40 7 17 194 285 242 121 110 44 11 83 235 278 188 138 66 34 2 
166 343 250 138 88 35 4 0 153 357 244 134 90 42 4 0 240 369 219 104 79 9 4 0 
52 81 378 217 203 92 1 0 24 98 319 275 214 93 1 0 60 109 201 397 186 71 0 0 
0 66 862 32 64 0 0 0 0 0 924 36 64 0 0 0 0 0 5 175 844 0 0 0 
0 25 999 0 0 0 0 0 0 0 1024 0 0 0 0 0 0 0 0 180 844 0 0 0 
0 603 421 0 0 0 0 0 0 0 1024 0 0 0 0 0 0 0 0 928 96 0 0 0 
0 1024 0 0 0 0 0 0 0 0 1024 0 0 0 0 0 0 0 0 1024 0 0 0 0 
0 1024 0 0 0 0 0 0 0 57 967 0 0 0 0 0 0 0 0 1024 0 0 0 0 
0 2 169 472 370 11 0 0 0 0 9 322 642 51 0 0 0 0 23 327 671 3 0 0 
0 1 189 587 235 12 0 0 0 0 1 266 681 76 0 0 0 0 3 187 807 27 0 0 
0 252 25 156 508 83 0 0 0 15 247 40 339 383 0 0 0 0 59 270 565 130 0 0 
0 672 189 113 50 0 0 0 0 0 831 100 93 0 0 0 0 0 33 958 33 0 0 0 
512 129 95 183 105 0 0 0 81 542 107 177 116 1 0 0 0 528 208 194 94 0 0 0 
457 210 68 129 160 0 0 0 18 642 139 164 61 0 0 0 39 577 294 85 29 0 0 0 
348 424 28 91 132 1 0 0 0 722 71 88 142 1 0 0 0 237 571 190 25 1 0 0 
80 816 34 20 72 2 0 0 0 831 97 21 73 2 0 0 0 20 917 38 49 0 0 0 
37 875 27 50 35 0 0 0 1 847 75 64 37 0 0 0 14 31 915 50 14 0 0 0 
24 286 292 174 152 95 1 0 0 249 344 178 150 103 0 0 0 55 360 425 100 84 0 0 
0 0 928 32 64 0 0 0 0 0 341 635 48 0 0 0 0 0 5 216 803 0 0 0 
0 0 1024 0 0 0 0 0 0 0 402 622 0 0 0 0 0 0 0 0 1024 0 0 0 
0 242 782 0 0 0 0 0 0 0 1024 0 0 0 0 0 0 0 0 638 386 0 0 0 
0 1024 0 0 0 0 0 0 0 0 1024 0 0 0 0 0 0 0 0 1024 0 0 0 0 
0 1024 0 0 0 0 0 0 0 568 456 0 0 0 0 0 0 0 0 1024 0 0 0 0 
