0 5 10 130 662 162 25 30 0 3 12 139 674 182 14 0 0 13 26 532 359 66 28 0 
1 7 9 205 687 111 4 0 0 8 9 145 626 230 6 0 2 7 41 438 514 19 3 0 
0 0 2 172 543 286 21 0 0 0 3 93 494 403 31 0 0 1 21 391 529 81 1 0 
0 2 33 147 345 479 18 0 0 0 2 125 324 549 24 0 0 1 49 263 492 219 0 0 
0 2 9 154 711 142 6 0 0 0 16 147 684 163 14 0 0 11 82 759 143 29 0 0 
0 0 0 84 560 160 220 0 0 0 0 101 550 153 220 0 0 0 69 578 172 205 0 0 
0 21 28 125 731 105 3 11 0 20 31 131 713 116 2 11 13 31 114 741 110 4 8 3 
2 20 72 162 629 94 30 15 1 23 72 181 604 100 33 10 16 80 254 529 127 18 0 0 
0 8 50 219 376 228 119 24 0 9 52 235 353 214 120 41 4 45 185 395 237 133 13 12 
6 79 75 152 162 190 96 264 13 81 91 225 297 252 65 0 39 70 108 200 196 164 144 103 
56 192 76 95 365 207 32 1 84 174 86 75 371 212 22 0 97 183 91 199 351 99 4 0 
62 76 96 227 330 189 44 0 73 97 206 204 233 164 46 1 105 127 157 270 243 116 6 0 
11 26 35 47 95 756 53 1 16 24 26 42 85 700 130 1 13 34 31 61 215 623 46 1 
11 78 101 198 288 306 42 0 3 101 113 176 273 328 30 0 16 93 140 285 366 119 5 0 
2 27 92 130 214 388 169 2 4 27 105 130 188 406 164 0 30 106 124 164 464 135 1 0 
1 9 47 113 425 411 18 0 1 18 73 150 356 414 12 0 15 83 138 342 420 25 1 0 
3 80 192 210 298 240 1 0 3 53 199 194 321 253 1 0 16 124 255 370 249 10 0 0 
40 55 114 190 400 224 1 0 40 63 81 218 343 278 1 0 70 74 222 344 310 4 0 0 
120 313 88 47 99 52 70 235 112 330 88 122 167 74 79 52 126 324 78 85 120 135 135 21 
84 430 360 116 31 2 1 0 105 718 163 32 4 2 0 0 130 724 134 32 4 0 0 0 
58 194 184 237 212 97 42 0 3 150 333 273 154 73 37 1 11 105 168 366 237 104 32 1 
15 100 133 285 189 245 57 0 17 137 163 208 162 255 79 3 36 192 135 219 217 178 47 0 
4 59 160 405 203 144 47 2 2 37 176 396 197 151 65 0 6 62 190 411 209 92 52 2 
1 75 271 310 209 122 36 0 2 76 283 317 185 122 39 0 26 209 312 219 171 75 12 0 
4 74 297 281 234 114 20 0 3 84 323 307 184 107 16 0 19 144 392 264 150 54 1 0 
33 313 219 118 192 118 29 2 76 342 289 205 93 19 0 0 131 412 331 123 25 2 0 0 
244 309 90 178 198 5 0 0 274 309 75 193 168 5 0 0 304 316 171 222 11 0 0 0 
1 30 168 101 200 86 198 240 2 97 94 179 177 138 282 55 21 87 97 239 195 180 149 56 
1 130 655 55 22 50 107 4 10 355 434 52 22 63 88 0 7 350 446 44 24 31 99 23 
5 182 443 154 78 84 58 20 0 78 457 198 125 63 86 17 2 118 480 163 99 58 88 16 
26 73 135 337 219 170 46 18 9 92 154 308 193 187 77 4 52 153 133 303 194 148 40 1 
12 45 167 423 262 85 30 0 1 44 248 376 233 88 33 1 31 189 345 234 127 67 31 0 
146 208 161 201 162 125 21 0 19 274 197 201 165 131 37 0 63 244 274 201 138 87 17 0 
124 305 116 227 185 61 6 0 48 311 112 266 213 70 4 0 69 317 143 176 156 121 33 9 
0 19 66 165 287 438 44 5 6 67 155 453 227 104 11 1 8 131 421 275 95 80 13 1 
74 104 61 247 311 213 14 0 73 126 114 304 243 147 17 0 92 144 301 182 187 102 16 0 
15 154 184 26 38 63 194 350 34 189 332 170 142 64 42 51 20 60 397 181 169 136 38 23 
0 109 902 13 0 0 0 0 0 62 829 132 1 0 0 0 0 0 673 346 5 0 0 0 
4 130 559 33 33 29 75 161 2 49 649 17 62 123 55 67 16 68 673 100 55 81 28 3 
198 165 187 113 140 76 70 75 1 11 41 320 250 202 119 80 2 7 66 95 153 253 304 144 
175 163 225 240 136 76 9 0 9 99 327 299 141 124 25 0 29 147 179 165 193 205 85 21 
162 229 118 119 166 171 52 7 60 90 258 262 203 108 30 13 68 100 153 231 250 175 28 19 
78 122 103 156 215 189 126 35 109 115 128 155 183 158 132 44 102 123 179 164 139 140 134 43 
19 39 49 63 282 497 66 9 15 48 75 279 262 317 27 1 5 30 253 180 207 247 98 4 
0 4 44 136 243 509 85 3 0 10 158 381 374 73 28 0 0 61 421 337 114 74 17 0 
22 508 98 9 21 35 71 260 36 458 223 69 24 16 14 184 19 140 530 65 50 38 24 158 
0 746 235 42 1 0 0 0 0 643 280 96 5 0 0 0 0 0 908 97 19 0 0 0 
0 234 737 53 0 0 0 0 0 101 701 219 3 0 0 0 0 0 605 400 19 0 0 0 
16 534 463 6 3 2 0 0 0 256 719 30 8 8 2 1 0 58 886 38 12 14 5 11 
79 158 148 153 192 101 87 106 0 18 81 232 234 217 152 90 7 28 135 141 102 109 278 224 
29 122 90 130 124 151 278 100 37 137 147 143 72 124 277 87 42 153 191 104 89 135 267 43 
32 289 57 131 423 83 7 2 51 292 154 436 77 10 4 0 72 355 451 120 18 7 1 0 
2 4 22 114 393 478 11 0 2 10 196 503 121 190 2 0 2 59 584 95 84 196 4 0 
1 75 135 203 249 345 16 0 0 66 235 361 224 135 3 0 0 158 342 222 91 202 9 0 
15 306 113 58 104 253 100 75 10 339 234 95 88 218 40 0 3 145 382 99 105 185 105 0 
2 779 236 2 4 1 0 0 1 594 422 2 3 2 0 0 0 74 943 1 3 3 0 0 
7 662 281 52 15 4 1 2 7 505 434 56 15 4 1 2 2 119 802 62 31 5 1 2 
234 402 220 77 41 24 22 4 47 352 226 214 94 49 34 8 26 260 294 78 52 97 180 37 
393 278 81 60 105 14 43 50 15 146 269 233 224 71 55 11 12 139 66 124 203 164 201 115 
2 82 56 106 241 243 209 85 54 378 113 50 44 119 210 56 49 333 181 63 57 121 192 28 
55 340 51 63 155 283 72 5 109 412 51 22 79 309 42 0 78 430 64 18 49 280 104 1 
7 25 28 74 255 628 7 0 7 36 121 81 192 585 2 0 4 65 138 33 78 696 10 0 
11 122 120 115 330 322 4 0 3 76 93 124 366 347 15 0 0 68 89 122 211 503 31 0 
