4 20 170 355 7 12 18 438 4 27 420 100 6 12 19 436 6 23 185 337 8 10 21 434 
0 5 40 957 19 1 0 2 0 6 180 820 15 1 1 1 0 6 44 941 30 1 0 2 
0 0 0 992 32 0 0 0 0 0 1 999 24 0 0 0 0 0 0 806 218 0 0 0 
0 0 0 922 89 13 0 0 0 0 1 936 76 11 0 0 0 0 0 457 542 24 1 0 
0 0 0 698 316 10 0 0 0 0 1 851 161 11 0 0 0 0 0 343 653 28 0 0 
0 0 0 771 251 2 0 0 0 0 0 876 145 3 0 0 0 0 0 322 673 29 0 0 
0 0 0 966 55 3 0 0 0 0 1 982 39 2 0 0 0 0 0 523 491 10 0 0 
0 0 5 985 34 0 0 0 0 0 11 991 22 0 0 0 0 0 0 909 115 0 0 0 
0 10 41 964 9 0 0 0 0 14 341 666 3 0 0 0 0 8 152 846 18 0 0 0 
0 1 429 579 2 3 2 8 0 3 977 29 3 3 1 8 1 6 953 50 3 3 2 6 
0 0 38 985 1 0 0 0 0 0 915 109 0 0 0 0 0 2 728 294 0 0 0 0 
1 10 44 932 37 0 0 0 4 16 374 620 10 0 0 0 7 21 318 651 27 0 0 0 
2 8 35 676 120 19 36 128 6 15 91 697 37 22 33 123 7 19 112 665 45 25 31 120 
3 4 44 393 187 29 46 318 3 9 70 510 41 30 47 314 5 9 87 483 52 28 50 310 
2 14 34 643 155 17 26 133 6 16 69 723 38 20 22 130 8 19 141 630 56 19 23 128 
0 0 0 987 37 0 0 0 0 0 139 880 5 0 0 0 0 0 238 774 12 0 0 0 
0 0 1 1023 0 0 0 0 0 0 522 502 0 0 0 0 0 2 420 602 0 0 0 0 
0 0 0 1024 0 0 0 0 0 0 969 55 0 0 0 0 0 0 852 172 0 0 0 0 
0 39 168 722 15 10 8 62 0 87 763 86 11 12 5 60 26 233 662 22 8 9 11 53 
0 23 169 593 11 27 21 180 3 59 453 277 17 23 12 180 9 127 652 8 21 18 20 169 
0 99 326 487 52 12 15 33 144 161 480 188 10 10 9 22 237 287 447 17 4 3 9 20 
1 74 283 563 65 15 14 9 192 194 496 111 11 11 5 4 304 198 476 30 9 6 1 0 
0 37 236 605 50 15 17 64 145 191 442 151 11 6 22 56 215 160 538 21 7 15 19 49 
0 62 255 640 55 3 6 3 195 145 592 81 7 2 2 0 249 102 656 7 7 3 0 0 
57 262 159 386 40 26 38 56 370 110 355 56 21 33 34 45 406 113 356 23 29 31 45 21 
5 303 224 205 133 34 60 60 489 85 208 72 28 31 78 33 520 79 239 29 25 50 69 13 
14 44 280 369 216 61 26 14 469 183 276 63 7 6 18 2 600 89 298 5 7 13 11 1 
15 138 329 303 140 83 16 0 45 236 367 207 122 43 4 0 107 289 373 153 88 14 0 0 
11 101 460 329 71 32 13 7 33 200 497 198 28 44 24 0 93 341 414 71 30 36 39 0 
4 86 204 380 210 111 25 4 110 218 234 288 142 27 5 0 278 206 285 141 68 33 13 0 
5 74 143 201 161 214 136 90 99 201 190 186 173 87 73 15 307 244 189 135 72 50 24 3 
5 49 161 191 213 183 147 75 63 294 230 140 131 89 56 21 274 256 158 134 93 63 18 28 
9 67 211 263 167 115 115 77 76 222 232 169 152 102 59 12 122 246 224 165 157 80 29 1 
192 139 203 176 126 105 53 30 261 236 184 147 100 63 28 5 325 203 202 142 91 44 14 3 
86 253 164 172 146 88 61 54 320 218 142 110 105 59 37 33 360 249 134 121 88 33 39 0 
52 131 161 199 287 132 61 1 195 279 164 265 84 32 5 0 324 209 176 237 49 28 1 0 
167 375 199 119 78 77 9 0 333 358 134 80 84 35 0 0 456 299 120 87 58 4 0 0 
126 302 178 147 127 73 63 8 160 226 252 152 120 71 43 0 208 265 232 154 107 49 9 0 
52 205 190 233 176 130 37 1 103 257 207 183 154 109 11 0 238 215 222 157 140 39 13 0 
35 224 238 190 152 108 65 12 220 298 194 175 116 19 2 0 380 261 156 118 81 26 2 0 
25 83 149 219 155 161 185 47 112 234 194 122 151 80 128 3 316 230 112 100 61 51 114 40 
61 174 182 123 147 155 169 13 210 185 121 120 100 110 176 2 230 199 127 114 65 60 211 18 
150 242 348 195 61 14 4 10 332 370 173 114 21 4 6 4 423 306 167 91 32 5 0 0 
140 336 246 165 55 35 22 25 327 322 168 112 36 28 23 8 296 313 209 115 39 32 13 7 
23 198 123 84 87 100 85 324 160 150 100 72 93 81 85 283 221 128 76 95 78 78 90 258 
30 251 207 154 139 173 64 6 242 196 178 143 206 55 4 0 441 242 151 110 56 24 0 0 
3 209 229 199 231 98 43 12 275 186 188 174 125 47 26 3 444 185 134 134 80 41 6 0 
138 330 288 131 85 43 7 2 432 309 118 98 52 12 3 0 495 261 144 82 36 6 0 0 
265 330 197 95 97 38 2 0 364 337 153 91 57 22 0 0 392 321 156 70 31 40 14 0 
71 103 135 69 155 227 257 7 81 162 57 60 109 201 313 41 101 141 86 110 125 172 264 25 
75 116 217 148 158 131 162 17 110 187 87 106 179 139 150 66 183 107 93 108 220 206 104 3 
410 227 203 86 61 19 13 5 583 213 133 65 23 6 1 0 620 225 117 49 12 1 0 0 
308 213 198 181 83 15 15 11 457 207 179 118 33 12 9 9 490 216 180 93 21 13 7 4 
161 169 72 86 94 113 118 211 255 105 71 102 98 124 100 169 292 95 96 99 127 112 77 126 
27 470 199 168 106 37 16 1 485 148 171 135 49 32 4 0 533 157 173 97 46 16 2 0 
13 619 372 5 6 3 5 1 995 9 3 6 4 6 1 0 1004 1 5 6 3 5 0 0 
52 397 536 15 18 6 0 0 955 40 4 19 6 0 0 0 978 27 18 1 0 0 0 0 
280 347 139 128 43 72 14 1 499 263 126 59 70 7 0 0 496 239 206 73 10 0 0 0 
101 389 184 66 95 105 52 32 379 205 90 44 57 119 102 28 420 211 112 108 54 49 55 15 
37 220 219 100 97 113 161 77 269 126 40 59 71 140 195 124 324 82 49 80 113 158 149 69 
129 191 163 528 13 0 0 0 455 563 6 0 0 0 0 0 530 494 0 0 0 0 0 0 
361 154 282 222 3 2 0 0 691 317 7 4 3 2 0 0 789 220 8 5 2 0 0 0 
347 209 293 53 46 35 13 28 719 126 42 42 32 34 10 19 782 76 45 39 32 27 23 0 
