10 11 45 26 26 197 447 262 8 10 41 31 32 100 365 437 7 8 22 57 36 70 318 506 
0 3 1 42 86 204 369 319 0 1 3 23 62 183 314 438 0 0 3 4 50 136 280 551 
0 2 85 188 86 158 187 318 0 3 60 197 97 135 212 320 0 1 26 147 171 96 207 376 
0 0 0 6 16 29 172 801 0 0 0 3 9 23 157 832 0 0 0 0 5 17 131 871 
1 20 67 150 209 167 152 258 0 9 40 125 167 197 199 287 0 4 22 78 142 172 221 385 
0 7 63 164 247 212 171 160 21 29 85 186 248 170 182 103 1 28 91 167 197 188 177 175 
0 2 5 111 587 142 145 32 0 6 10 118 590 145 139 16 0 8 15 234 534 138 82 13 
0 0 54 91 636 136 100 7 0 0 43 96 583 187 107 8 0 1 83 108 684 103 39 6 
0 0 3 25 753 174 41 28 0 0 3 17 583 351 41 29 0 0 7 56 866 34 36 25 
10 132 36 18 603 181 29 15 8 130 39 16 516 269 31 15 8 128 40 27 703 91 16 11 
4 2 3 73 872 30 8 32 4 2 3 65 847 59 11 33 5 2 3 109 852 15 6 32 
0 0 2 18 93 150 199 562 0 0 2 22 62 129 234 575 0 0 2 20 58 193 290 461 
0 0 2 13 53 106 424 426 0 0 12 26 66 184 380 356 0 0 9 45 88 269 300 313 
0 0 0 4 51 377 318 274 0 0 4 32 105 500 205 178 7 20 46 115 256 319 101 160 
0 0 7 33 128 464 164 228 0 0 4 24 162 421 178 235 0 0 12 40 193 382 171 226 
1 2 12 97 198 172 161 381 1 2 5 22 161 283 147 403 1 3 6 29 190 259 139 397 
0 7 12 46 83 296 260 320 8 18 39 54 93 299 287 226 1 11 29 55 94 327 266 241 
9 34 71 170 268 193 178 101 6 37 85 184 307 213 129 63 2 26 62 175 217 266 190 86 
4 12 14 53 436 242 247 16 4 8 16 47 425 260 246 18 1 9 17 102 415 319 153 8 
8 5 3 20 318 344 277 49 3 10 2 18 253 365 323 50 10 3 5 26 366 440 122 52 
25 56 7 7 93 87 50 699 28 53 10 10 88 84 55 696 28 52 13 30 122 57 32 690 
5 11 10 50 226 236 171 315 0 14 8 44 218 226 192 322 4 12 13 87 230 240 124 314 
7 22 77 76 86 146 139 471 4 18 77 71 75 131 175 473 3 21 71 76 73 152 228 400 
0 19 92 64 66 104 243 436 3 26 88 68 87 154 320 278 3 48 102 111 146 206 277 131 
12 66 82 111 97 213 189 254 12 66 108 97 105 218 213 205 9 59 81 86 132 210 218 229 
6 35 43 76 102 160 223 379 7 26 53 70 118 146 224 380 5 28 50 79 124 164 214 360 
1 4 20 104 128 231 185 351 2 4 9 52 136 263 201 357 1 11 33 77 135 201 215 351 
4 10 59 114 114 243 266 214 3 10 62 129 111 236 287 186 3 8 53 130 116 218 322 174 
8 37 87 253 189 120 112 218 7 35 71 190 275 129 104 213 11 40 90 268 186 128 87 214 
3 13 29 98 163 293 326 99 2 13 48 104 151 291 322 93 4 18 48 140 207 303 230 74 
0 1 9 51 100 335 327 201 0 1 7 26 87 289 422 192 0 1 20 48 111 409 236 199 
0 0 2 0 2 8 34 978 0 0 1 1 2 7 27 986 0 0 1 1 2 7 25 988 
0 0 6 29 65 163 109 652 0 0 4 28 60 157 135 640 0 0 6 28 64 162 111 653 
5 21 101 73 151 201 176 296 4 6 94 70 70 194 244 342 0 8 78 78 69 155 237 399 
0 48 125 153 198 188 170 142 1 47 120 184 220 149 214 89 4 32 96 207 263 225 138 59 
0 29 88 140 108 129 189 341 3 41 93 156 144 158 226 203 10 36 122 198 197 120 160 181 
0 49 83 125 95 119 136 417 0 49 103 164 90 87 144 387 1 72 129 151 80 74 160 357 
0 8 24 51 117 214 190 420 0 7 19 47 95 235 197 424 3 14 26 52 99 215 207 408 
0 20 44 107 275 252 168 158 0 15 38 86 252 292 171 170 0 17 42 87 222 301 180 175 
15 71 111 133 200 187 128 179 15 62 122 126 196 185 133 185 14 65 109 117 195 196 141 187 
17 40 71 127 231 221 222 95 20 44 104 176 199 197 210 74 24 58 117 204 182 180 186 73 
6 16 43 121 273 266 237 62 6 19 62 159 258 271 203 46 28 51 97 168 267 225 131 57 
0 1 3 4 6 13 196 801 0 1 3 5 5 16 210 784 0 1 3 5 5 16 191 803 
0 4 16 63 143 249 377 172 0 5 20 76 106 247 416 154 0 4 16 79 118 234 389 184 
1 5 31 65 129 230 237 326 0 3 27 53 121 213 290 317 0 8 34 72 158 212 214 326 
0 11 22 53 110 193 297 338 4 31 43 80 150 220 345 151 23 78 123 157 206 205 157 75 
8 29 63 123 178 131 227 265 10 38 59 154 198 213 238 114 31 69 148 223 249 145 107 52 
12 46 45 18 37 114 348 404 28 54 25 19 66 110 370 352 29 59 77 73 98 185 365 138 
15 26 19 58 77 144 233 452 8 28 21 50 81 131 240 465 13 23 20 56 87 112 305 408 
29 63 108 114 104 187 204 215 29 57 119 128 158 159 232 142 44 108 167 172 123 128 138 144 
3 29 54 67 60 112 393 306 4 27 60 79 92 199 289 274 28 31 65 89 118 183 237 273 
5 10 38 80 176 446 191 78 6 12 43 95 170 259 344 95 4 14 54 118 146 271 328 89 
8 31 55 95 148 543 141 3 7 44 49 92 118 367 346 1 11 54 76 108 125 321 326 3 
24 124 381 100 54 61 108 172 22 113 367 129 51 18 154 170 20 117 302 212 29 26 161 157 
12 99 249 127 190 232 81 34 11 90 269 131 229 210 65 19 8 78 248 196 251 163 48 32 
0 0 0 0 77 156 686 105 0 0 0 0 45 222 209 548 0 0 0 0 93 167 221 543 
0 0 0 1 16 87 695 225 0 0 0 9 45 137 241 592 1 3 22 69 141 126 92 570 
0 0 0 3 28 114 278 601 0 0 5 5 29 112 290 583 8 26 26 38 55 96 173 602 
0 0 0 0 21 92 245 666 0 0 0 0 20 89 234 681 0 0 0 7 48 136 264 569 
7 18 34 40 80 84 323 438 15 33 23 30 64 85 163 611 1 14 29 40 73 95 174 598 
0 1 10 16 25 68 779 125 0 0 17 18 62 129 249 549 35 86 83 53 42 40 124 561 
0 0 0 0 2 103 893 26 0 0 0 0 5 112 595 312 5 5 6 5 4 95 462 442 
0 0 0 43 46 486 439 10 0 0 0 30 48 318 548 80 0 0 1 46 58 482 360 77 
0 0 0 11 58 779 176 0 0 0 0 4 51 807 162 0 0 0 0 13 192 819 0 0 
30 112 383 53 74 329 43 0 29 104 381 62 71 322 55 0 30 100 359 96 188 230 21 0 
28 107 176 48 183 477 5 0 22 106 180 50 170 492 4 0 18 110 167 77 362 288 2 0 
0 0 0 0 1 296 708 19 0 0 0 0 3 299 173 549 0 0 0 0 8 328 136 552 
0 0 0 0 0 169 840 15 0 0 0 0 0 167 27 830 0 0 0 0 2 166 22 834 
0 0 0 0 2 21 971 30 0 0 0 0 0 20 12 992 0 0 0 0 0 20 12 992 
0 0 0 0 0 0 0 1024 0 0 0 0 0 0 0 1024 0 0 0 0 0 0 0 1024 
0 0 0 0 1 1 533 489 0 0 0 0 1 1 6 1016 0 0 0 0 1 1 3 1019 
0 0 0 3 117 58 776 70 0 0 0 1 123 54 276 570 0 0 0 4 138 47 303 532 
0 0 0 3 17 17 712 275 0 0 0 2 18 15 767 222 0 0 0 3 18 19 938 46 
0 0 0 0 0 0 996 28 0 0 0 0 0 0 1000 24 0 0 0 0 0 7 1017 0 
0 0 0 0 5 32 964 23 0 0 0 0 5 33 964 22 0 0 0 0 12 136 876 0 
0 0 0 0 0 48 976 0 0 0 0 0 0 81 943 0 0 0 0 0 0 351 673 0 
0 0 0 0 0 185 838 1 0 0 0 0 0 238 786 0 0 0 0 0 0 463 561 0 
