0 0 0 1024 0 0 0 0 0 0 0 1022 2 0 0 0 0 0 18 1006 0 0 0 0 
0 26 228 737 33 0 0 0 0 9 224 750 41 0 0 0 0 83 330 598 13 0 0 0 
0 0 16 1006 2 0 0 0 0 0 11 1009 4 0 0 0 0 0 78 946 0 0 0 0 
0 1 96 927 0 0 0 0 0 2 75 946 1 0 0 0 0 19 412 593 0 0 0 0 
0 0 2 1022 0 0 0 0 0 0 0 1021 3 0 0 0 0 0 165 859 0 0 0 0 
0 0 2 1022 0 0 0 0 0 0 2 1022 0 0 0 0 0 1 651 372 0 0 0 0 
0 0 104 920 0 0 0 0 0 0 259 765 0 0 0 0 0 114 706 204 0 0 0 0 
0 0 0 1024 0 0 0 0 0 0 427 597 0 0 0 0 0 114 869 41 0 0 0 0 
0 0 0 1024 0 0 0 0 0 0 113 911 0 0 0 0 0 0 1024 0 0 0 0 0 
0 0 129 895 0 0 0 0 0 0 72 952 0 0 0 0 0 0 897 127 0 0 0 0 
0 0 370 654 0 0 0 0 0 0 396 628 0 0 0 0 0 0 603 421 0 0 0 0 
0 0 953 71 0 0 0 0 0 0 947 77 0 0 0 0 0 0 1019 5 0 0 0 0 
0 0 1010 14 0 0 0 0 0 0 1024 0 0 0 0 0 0 0 1024 0 0 0 0 0 
0 0 1011 13 0 0 0 0 0 0 1006 18 0 0 0 0 0 0 1024 0 0 0 0 0 
0 0 890 134 0 0 0 0 0 0 921 103 0 0 0 0 0 0 1022 2 0 0 0 0 
0 0 239 785 0 0 0 0 0 0 363 661 0 0 0 0 0 0 1012 12 0 0 0 0 
0 0 2 1022 0 0 0 0 0 0 0 1024 0 0 0 0 0 0 940 84 0 0 0 0 
0 0 0 1024 0 0 0 0 0 0 0 1024 0 0 0 0 0 0 166 858 0 0 0 0 
0 0 0 979 44 1 0 0 0 0 0 898 121 5 0 0 0 0 0 1001 23 0 0 0 
0 0 9 222 545 248 0 0 0 0 4 204 539 277 0 0 0 4 193 361 453 13 0 0 
0 3 65 179 777 0 0 0 0 3 76 356 589 0 0 0 0 30 111 882 1 0 0 0 
0 0 0 40 984 0 0 0 0 0 0 16 1008 0 0 0 0 0 0 989 35 0 0 0 
0 0 0 25 999 0 0 0 0 0 0 0 1024 0 0 0 0 0 0 426 598 0 0 0 
0 0 0 463 462 99 0 0 0 0 0 56 886 82 0 0 0 0 0 799 209 16 0 0 
0 0 0 657 367 0 0 0 0 0 0 549 475 0 0 0 0 0 0 988 36 0 0 0 
0 0 0 369 463 192 0 0 0 0 0 357 538 129 0 0 7 48 63 615 281 10 0 0 
0 0 0 93 917 14 0 0 0 0 0 265 747 12 0 0 65 110 117 557 175 0 0 0 
0 0 4 360 576 84 0 0 0 0 48 486 373 117 0 0 48 64 296 304 312 0 0 0 
0 0 62 567 393 2 0 0 0 0 71 579 371 3 0 0 0 9 256 624 135 0 0 0 
0 7 255 674 88 0 0 0 0 7 269 629 119 0 0 0 0 110 643 247 24 0 0 0 
0 0 5 234 784 1 0 0 0 0 3 191 794 36 0 0 0 0 20 501 503 0 0 0 
0 0 57 960 7 0 0 0 0 0 59 948 17 0 0 0 0 0 586 438 0 0 0 0 
0 0 243 404 374 3 0 0 0 0 252 367 334 71 0 0 0 92 482 193 257 0 0 0 
0 0 8 344 672 0 0 0 0 0 0 226 779 19 0 0 0 0 14 416 594 0 0 0 
0 0 9 621 394 0 0 0 0 0 34 584 406 0 0 0 0 0 257 413 354 0 0 0 
0 2 268 149 605 0 0 0 0 8 277 131 608 0 0 0 0 196 186 73 569 0 0 0 
0 0 0 263 761 0 0 0 0 0 0 155 869 0 0 0 0 0 1 435 588 0 0 0 
0 0 0 373 651 0 0 0 0 0 0 319 705 0 0 0 0 0 3 505 516 0 0 0 
0 0 0 164 14 14 274 558 0 0 0 161 16 13 27 807 0 0 1 156 19 11 271 566 
0 4 56 363 72 36 214 279 0 4 58 351 83 34 32 462 0 22 70 350 66 20 317 179 
0 0 18 770 62 17 104 53 0 0 16 685 139 27 34 123 0 5 60 744 44 16 71 84 
0 15 144 863 2 0 0 0 0 13 130 880 1 0 0 0 0 56 419 549 0 0 0 0 
0 12 88 907 17 0 0 0 0 11 79 934 0 0 0 0 0 21 609 394 0 0 0 0 
0 0 44 980 0 0 0 0 0 0 320 704 0 0 0 0 0 245 752 27 0 0 0 0 
0 0 7 1017 0 0 0 0 0 0 951 73 0 0 0 0 0 702 321 1 0 0 0 0 
0 0 34 990 0 0 0 0 0 0 1015 9 0 0 0 0 0 757 267 0 0 0 0 0 
0 0 157 867 0 0 0 0 0 0 752 272 0 0 0 0 0 92 932 0 0 0 0 0 
0 0 157 867 0 0 0 0 0 0 441 583 0 0 0 0 0 9 763 252 0 0 0 0 
0 0 0 1024 0 0 0 0 0 0 0 1024 0 0 0 0 0 0 128 896 0 0 0 0 
0 0 573 451 0 0 0 0 0 0 830 194 0 0 0 0 0 0 1024 0 0 0 0 0 
179 74 590 180 1 0 0 0 199 123 517 178 7 0 0 0 410 36 505 73 0 0 0 0 
373 62 416 171 2 0 0 0 377 71 404 159 13 0 0 0 453 52 404 115 0 0 0 0 
0 0 749 275 0 0 0 0 0 0 634 390 0 0 0 0 0 0 1024 0 0 0 0 0 
0 0 115 909 0 0 0 0 0 0 26 998 0 0 0 0 0 0 1011 13 0 0 0 0 
0 0 0 1024 0 0 0 0 0 0 0 1024 0 0 0 0 0 0 919 105 0 0 0 0 
0 0 0 1024 0 0 0 0 0 0 0 1024 0 0 0 0 0 0 12 1012 0 0 0 0 
0 7 10 913 94 0 0 0 0 4 13 759 248 0 0 0 1 12 11 1000 0 0 0 0 
0 0 0 20 612 392 0 0 0 0 0 41 625 358 0 0 0 0 1 244 769 10 0 0 
0 0 0 146 878 0 0 0 0 0 3 267 754 0 0 0 0 0 6 1012 6 0 0 0 
0 0 0 81 773 170 0 0 0 0 0 24 828 172 0 0 0 0 0 644 348 32 0 0 
0 0 0 216 808 0 0 0 0 0 0 120 904 0 0 0 0 0 9 969 46 0 0 0 
0 0 1 74 524 425 0 0 0 0 1 72 568 383 0 0 0 0 22 278 688 36 0 0 
0 0 0 283 741 0 0 0 0 0 0 695 329 0 0 0 0 0 37 972 15 0 0 0 
0 0 0 448 515 61 0 0 0 0 0 471 462 91 0 0 0 0 114 549 361 0 0 0 
205 67 48 287 400 17 0 0 244 41 60 310 358 11 0 0 252 55 98 331 280 8 0 0 
18 18 103 647 238 0 0 0 28 77 383 301 235 0 0 0 223 227 217 306 51 0 0 0 
0 0 22 481 521 0 0 0 0 0 33 507 484 0 0 0 0 0 239 585 200 0 0 0 
0 1 231 386 406 0 0 0 0 3 297 319 391 14 0 0 0 122 429 103 370 0 0 0 
0 0 0 85 939 0 0 0 0 0 0 62 953 9 0 0 0 0 13 357 654 0 0 0 
0 0 0 267 757 0 0 0 0 0 1 196 820 7 0 0 0 0 69 308 647 0 0 0 
0 0 5 281 738 0 0 0 0 0 14 51 958 1 0 0 0 0 17 352 655 0 0 0 
0 0 0 475 549 0 0 0 0 0 0 129 895 0 0 0 0 0 0 531 493 0 0 0 
0 0 0 716 308 0 0 0 0 0 0 458 566 0 0 0 0 0 0 744 280 0 0 0 
0 0 0 915 109 0 0 0 0 0 0 849 175 0 0 0 0 0 0 946 78 0 0 0 
0 0 0 1024 0 0 0 0 0 0 0 1019 5 0 0 0 0 0 0 1024 0 0 0 0 
0 0 4 1020 0 0 0 0 0 0 2 1021 1 0 0 0 0 0 8 1016 0 0 0 0 
0 0 0 0 0 0 180 844 0 0 0 0 0 0 0 1024 0 0 0 0 0 0 70 954 
0 0 0 0 0 0 40 984 0 0 0 0 0 0 0 1024 0 0 0 0 0 0 8 1016 
0 0 0 0 0 0 382 642 0 0 0 0 0 0 1 1023 0 0 0 0 0 0 317 707 
0 0 0 145 19 13 638 209 0 0 0 133 31 13 40 807 0 0 0 150 14 12 438 410 
0 0 0 382 109 16 469 48 0 0 0 466 26 13 55 464 0 0 92 385 15 16 338 178 
0 0 0 767 49 16 179 13 0 0 145 652 20 13 125 69 0 95 427 281 14 15 188 4 
0 2 40 970 9 1 2 0 0 8 727 272 14 1 2 0 3 433 405 178 2 2 1 0 
0 33 510 480 1 0 0 0 0 194 827 3 0 0 0 0 87 815 120 2 0 0 0 0 
0 0 339 685 0 0 0 0 0 7 928 89 0 0 0 0 0 391 633 0 0 0 0 0 
0 0 515 509 0 0 0 0 0 34 873 117 0 0 0 0 3 410 605 6 0 0 0 0 
1 5 11 1007 0 0 0 0 2 6 38 978 0 0 0 0 3 7 449 565 0 0 0 0 
0 0 389 635 0 0 0 0 0 0 680 344 0 0 0 0 0 11 1013 0 0 0 0 0 
0 0 355 669 0 0 0 0 0 41 861 122 0 0 0 0 607 220 196 1 0 0 0 0 
622 99 156 147 0 0 0 0 640 117 245 22 0 0 0 0 826 98 100 0 0 0 0 0 
0 0 645 379 0 0 0 0 0 0 620 404 0 0 0 0 0 0 1024 0 0 0 0 0 
0 2 79 800 50 93 0 0 0 3 68 812 38 103 0 0 2 3 860 23 128 8 0 0 
0 2 27 687 304 4 0 0 0 2 72 679 237 34 0 0 0 13 589 258 164 0 0 0 
31 16 117 855 5 0 0 0 27 17 173 807 0 0 0 0 35 48 709 232 0 0 0 0 
155 64 114 529 118 44 0 0 161 62 183 589 17 12 0 0 259 134 485 127 16 3 0 0 
21 38 36 52 432 444 1 0 25 34 37 54 557 316 1 0 26 43 198 468 229 60 0 0 
13 23 20 229 739 0 0 0 15 25 17 436 531 0 0 0 18 26 615 357 8 0 0 0 
0 36 273 274 272 169 0 0 0 0 0 225 609 190 0 0 0 0 104 568 317 35 0 0 
2 84 296 451 191 0 0 0 0 0 33 880 111 0 0 0 0 39 592 392 1 0 0 0 
0 0 6 216 730 72 0 0 0 0 1 254 737 32 0 0 0 0 166 514 344 0 0 0 
0 0 0 293 603 128 0 0 0 0 0 556 256 212 0 0 0 0 46 615 349 14 0 0 
0 0 0 274 447 303 0 0 0 0 0 299 326 399 0 0 0 0 90 368 482 84 0 0 
0 0 1 83 733 207 0 0 0 0 6 94 521 403 0 0 0 0 16 161 835 12 0 0 
0 0 14 27 920 63 0 0 0 3 19 24 654 324 0 0 0 6 26 32 960 0 0 0 
0 0 0 0 1006 18 0 0 0 0 0 0 890 134 0 0 0 0 0 349 675 0 0 0 
0 0 0 28 996 0 0 0 0 0 0 0 995 29 0 0 0 0 0 699 325 0 0 0 
0 0 0 237 787 0 0 0 0 0 0 11 1013 0 0 0 0 0 0 925 99 0 0 0 
0 0 0 772 252 0 0 0 0 0 0 79 945 0 0 0 0 0 0 1024 0 0 0 0 
0 0 0 1000 24 0 0 0 0 0 0 526 498 0 0 0 0 0 0 1024 0 0 0 0 
0 0 0 1018 6 0 0 0 0 0 0 945 79 0 0 0 0 0 0 1024 0 0 0 0 
0 0 0 1024 0 0 0 0 0 0 0 1005 19 0 0 0 0 0 0 1024 0 0 0 0 
0 0 0 1024 0 0 0 0 0 0 0 1024 0 0 0 0 0 0 0 1024 0 0 0 0 
0 0 0 1024 0 0 0 0 0 0 0 1024 0 0 0 0 0 0 0 1024 0 0 0 0 
0 0 0 1024 0 0 0 0 0 0 0 1024 0 0 0 0 0 0 2 1022 0 0 0 0 
0 0 0 0 2 22 986 14 0 0 0 0 0 10 521 493 0 0 0 0 2 16 949 57 
0 0 0 0 0 0 967 57 0 0 0 0 0 0 439 585 0 0 0 0 0 0 848 176 
0 0 0 0 0 0 699 325 0 0 0 0 0 0 273 751 0 0 0 0 0 0 572 452 
0 0 0 0 0 0 517 507 0 0 0 0 0 0 48 976 0 0 0 0 0 0 309 715 
0 0 0 0 0 0 825 199 0 0 0 0 0 0 9 1015 0 0 0 0 0 3 305 716 
0 0 0 0 11 23 972 18 0 0 0 0 5 24 259 736 0 0 0 0 23 12 975 14 
0 0 0 89 25 13 897 0 0 0 0 93 17 15 858 41 0 0 0 100 15 13 896 0 
0 0 80 258 77 293 316 0 0 22 92 270 28 18 594 0 0 88 34 280 17 230 375 0 
0 0 110 480 111 316 7 0 0 0 192 410 89 289 44 0 0 60 265 320 77 299 3 0 
0 1 682 288 41 12 0 0 0 52 640 278 20 34 0 0 0 415 308 254 42 5 0 0 
2 47 282 691 2 0 0 0 2 40 314 668 0 0 0 0 4 115 674 231 0 0 0 0 
0 2 827 195 0 0 0 0 0 0 900 124 0 0 0 0 0 7 1017 0 0 0 0 0 
142 313 267 218 83 1 0 0 432 119 283 187 3 0 0 0 592 225 206 1 0 0 0 0 
284 379 67 78 58 158 0 0 634 59 92 24 52 163 0 0 681 92 23 23 182 23 0 0 
0 3 21 119 764 117 0 0 0 3 31 133 678 179 0 0 0 22 120 471 409 2 0 0 
22 20 29 174 498 281 0 0 12 28 25 252 420 286 1 0 24 23 204 665 64 44 0 0 
28 32 53 300 566 45 0 0 25 31 64 461 408 35 0 0 41 87 589 251 45 11 0 0 
322 434 26 24 41 177 0 0 734 43 10 28 47 162 0 0 742 36 11 28 179 28 0 0 
77 53 30 92 486 286 0 0 133 39 311 392 143 6 0 0 604 133 178 48 58 3 0 0 
0 0 0 24 533 467 0 0 0 0 1 87 689 247 0 0 0 15 327 429 155 98 0 0 
0 0 1 347 312 364 0 0 0 0 2 497 166 359 0 0 0 3 481 68 327 145 0 0 
0 0 11 100 469 444 0 0 0 0 0 44 476 504 0 0 0 0 40 172 537 275 0 0 
0 0 0 15 555 454 0 0 0 0 0 30 503 491 0 0 0 0 2 71 693 258 0 0 
0 0 0 0 628 396 0 0 0 0 0 0 579 445 0 0 0 0 0 0 781 243 0 0 
0 0 0 0 825 199 0 0 0 0 0 0 766 258 0 0 0 0 0 0 914 110 0 0 
0 0 0 0 1014 10 0 0 0 0 0 0 973 51 0 0 0 0 0 82 936 6 0 0 
0 0 0 0 1024 0 0 0 0 0 0 0 1024 0 0 0 0 0 0 376 648 0 0 0 
0 0 0 49 975 0 0 0 0 0 0 0 1024 0 0 0 0 0 0 618 406 0 0 0 
0 0 0 352 672 0 0 0 0 0 0 25 999 0 0 0 0 0 0 1011 13 0 0 0 
0 0 0 538 486 0 0 0 0 0 0 287 737 0 0 0 0 0 0 1023 1 0 0 0 
0 0 0 993 31 0 0 0 0 0 0 594 430 0 0 0 0 0 0 1024 0 0 0 0 
0 0 0 983 41 0 0 0 0 0 0 878 146 0 0 0 0 0 0 1024 0 0 0 0 
0 0 0 840 184 0 0 0 0 0 0 777 247 0 0 0 0 0 0 1024 0 0 0 0 
0 0 0 698 326 0 0 0 0 0 0 726 298 0 0 0 0 0 0 1024 0 0 0 0 
0 0 0 783 241 0 0 0 0 0 0 661 363 0 0 0 0 0 0 1024 0 0 0 0 
0 0 0 1006 18 0 0 0 0 0 0 710 314 0 0 0 0 0 0 1024 0 0 0 0 
0 0 0 923 101 0 0 0 0 0 0 692 332 0 0 0 0 0 0 1024 0 0 0 0 
0 0 0 976 48 0 0 0 0 0 0 630 394 0 0 0 0 0 0 1024 0 0 0 0 
0 0 0 0 0 0 665 359 0 0 0 0 0 0 216 808 0 0 0 0 0 0 888 136 
0 0 0 0 0 0 463 561 0 0 0 0 0 0 228 796 0 0 0 0 0 0 919 105 
0 0 0 0 0 13 897 114 0 0 0 0 0 2 516 506 0 0 0 0 0 48 949 27 
0 0 0 0 26 45 921 32 0 0 0 0 21 38 476 489 0 0 0 8 26 78 889 23 
0 0 0 0 0 30 418 576 0 0 0 0 0 0 64 960 0 0 0 0 0 32 204 788 
0 0 0 30 439 519 31 5 0 0 0 14 271 686 41 12 0 0 0 111 481 396 31 5 
0 0 0 286 484 109 145 0 0 0 0 241 500 58 225 0 0 0 12 400 359 96 157 0 
0 0 10 449 127 423 15 0 0 0 0 403 123 314 184 0 0 0 113 378 92 393 48 0 
0 0 48 226 523 227 0 0 0 0 54 204 255 509 2 0 0 0 215 82 468 259 0 0 
0 0 25 202 797 0 0 0 0 0 16 126 824 58 0 0 0 0 30 255 739 0 0 0 
0 0 0 754 270 0 0 0 0 0 0 601 423 0 0 0 0 0 145 804 75 0 0 0 
0 0 558 466 0 0 0 0 0 29 612 383 0 0 0 0 0 148 778 98 0 0 0 0 
0 0 129 310 584 1 0 0 0 24 150 602 248 0 0 0 2 248 735 39 0 0 0 0 
13 500 54 244 77 136 0 0 468 74 80 193 97 112 0 0 529 210 61 55 169 0 0 0 
0 0 26 81 670 247 0 0 0 0 35 140 629 220 0 0 1 16 126 475 370 36 0 0 
0 0 0 103 402 519 0 0 0 0 1 215 388 420 0 0 0 5 270 363 144 242 0 0 
0 0 8 127 393 496 0 0 0 4 19 200 327 474 0 0 2 50 253 105 276 338 0 0 
0 51 74 18 361 520 0 0 88 35 16 13 384 488 0 0 105 21 16 13 526 343 0 0 
0 0 2 2 561 459 0 0 0 0 3 1 543 477 0 0 0 1 2 2 709 310 0 0 
0 0 0 0 728 296 0 0 0 0 0 0 710 314 0 0 0 0 0 0 786 238 0 0 
0 4 11 79 811 119 0 0 0 4 12 69 804 135 0 0 1 4 23 88 870 38 0 0 
0 0 80 696 248 0 0 0 0 0 82 648 294 0 0 0 0 12 289 542 181 0 0 0 
0 0 35 608 381 0 0 0 0 0 67 481 476 0 0 0 0 0 368 370 286 0 0 0 
0 0 3 359 662 0 0 0 0 0 9 270 745 0 0 0 0 0 92 515 417 0 0 0 
0 0 0 319 705 0 0 0 0 0 0 257 767 0 0 0 0 0 59 658 307 0 0 0 
0 0 0 272 752 0 0 0 0 0 0 221 803 0 0 0 0 0 0 941 83 0 0 0 
0 0 0 47 977 0 0 0 0 0 0 23 1001 0 0 0 0 0 0 1014 10 0 0 0 
0 0 0 327 697 0 0 0 0 0 0 60 964 0 0 0 0 0 0 975 49 0 0 0 
0 0 0 419 605 0 0 0 0 0 0 213 811 0 0 0 0 0 0 1013 11 0 0 0 
0 0 0 236 788 0 0 0 0 0 0 135 889 0 0 0 0 0 0 975 49 0 0 0 
0 0 0 32 992 0 0 0 0 0 0 58 966 0 0 0 0 0 0 1018 6 0 0 0 
0 0 0 39 985 0 0 0 0 0 0 9 1015 0 0 0 0 0 0 1020 4 0 0 0 
0 0 0 28 996 0 0 0 0 0 0 0 1024 0 0 0 0 0 0 1019 5 0 0 0 
0 0 0 140 884 0 0 0 0 0 0 4 1020 0 0 0 0 0 0 1020 4 0 0 0 
0 0 0 412 612 0 0 0 0 0 0 1 1023 0 0 0 0 0 0 1024 0 0 0 0 
0 0 0 810 214 0 0 0 0 0 0 121 903 0 0 0 0 0 0 1024 0 0 0 0 
0 0 0 804 220 0 0 0 0 0 0 171 853 0 0 0 0 0 0 1024 0 0 0 0 
0 0 0 983 41 0 0 0 0 0 0 542 482 0 0 0 0 0 0 1024 0 0 0 0 
0 0 0 0 0 0 244 780 0 0 0 0 0 0 90 934 0 0 0 0 0 0 224 800 
0 0 0 0 0 0 443 581 0 0 0 0 0 0 218 806 0 0 0 0 0 0 573 451 
22 123 83 67 102 57 271 299 29 215 101 46 36 24 53 520 102 215 69 34 31 13 433 127 
16 132 80 59 39 44 488 166 34 202 54 47 28 21 261 377 61 165 93 21 27 22 458 177 
4 48 35 20 17 44 241 615 16 77 28 9 9 10 72 803 22 61 34 10 2 37 163 695 
0 0 0 5 390 385 214 30 0 0 0 0 74 635 235 80 0 0 2 115 509 269 125 4 
0 0 0 0 1024 0 0 0 0 0 0 0 826 198 0 0 0 0 0 0 1024 0 0 0 
0 0 0 400 624 0 0 0 0 0 0 130 894 0 0 0 0 0 0 701 323 0 0 0 
0 0 14 1010 0 0 0 0 0 0 23 954 47 0 0 0 0 0 182 842 0 0 0 0 
0 0 255 744 7 18 0 0 0 0 318 681 7 18 0 0 0 0 822 177 7 18 0 0 
0 0 314 385 26 299 0 0 0 0 367 337 21 299 0 0 0 1 596 110 33 284 0 0 
5 26 299 171 129 394 0 0 7 21 243 205 104 442 2 0 7 37 363 107 177 333 0 0 
0 16 65 260 255 425 3 0 9 31 69 190 287 438 0 0 28 63 121 285 237 290 0 0 
0 10 9 213 339 453 0 0 7 8 23 96 439 451 0 0 10 24 11 390 279 310 0 0 
0 0 0 60 642 322 0 0 0 0 0 2 679 343 0 0 0 0 0 239 520 265 0 0 
0 0 0 13 902 109 0 0 0 0 0 0 898 126 0 0 0 0 0 235 708 81 0 0 
0 0 0 0 1024 0 0 0 0 0 0 0 1024 0 0 0 0 0 0 121 903 0 0 0 
0 0 0 12 1012 0 0 0 0 0 0 0 1024 0 0 0 0 0 0 237 787 0 0 0 
0 0 0 110 914 0 0 0 0 0 0 97 927 0 0 0 0 0 0 370 654 0 0 0 
0 0 0 62 962 0 0 0 0 0 0 49 975 0 0 0 0 0 0 312 712 0 0 0 
0 0 0 5 1019 0 0 0 0 0 0 5 1019 0 0 0 0 0 0 460 564 0 0 0 
0 0 0 35 989 0 0 0 0 0 0 34 990 0 0 0 0 0 19 335 670 0 0 0 
0 3 9 572 431 9 0 0 0 3 10 580 426 5 0 0 2 3 500 170 349 0 0 0 
0 7 163 835 19 0 0 0 0 7 270 730 17 0 0 0 3 33 900 86 2 0 0 0 
0 0 0 694 330 0 0 0 0 0 0 680 344 0 0 0 0 0 269 696 59 0 0 0 
0 0 0 71 953 0 0 0 0 0 0 43 981 0 0 0 0 0 0 595 429 0 0 0 
0 0 0 0 1024 0 0 0 0 0 0 0 1024 0 0 0 0 0 0 288 736 0 0 0 
0 0 0 0 1024 0 0 0 0 0 0 0 1024 0 0 0 0 0 0 179 845 0 0 0 
0 0 0 0 1024 0 0 0 0 0 0 0 1024 0 0 0 0 0 0 154 870 0 0 0 
0 0 0 0 1024 0 0 0 0 0 0 0 1024 0 0 0 0 0 0 592 432 0 0 0 
0 0 0 0 1024 0 0 0 0 0 0 0 1024 0 0 0 0 0 0 942 82 0 0 0 
0 0 0 7 1017 0 0 0 0 0 0 0 1024 0 0 0 0 0 0 907 117 0 0 0 
0 0 0 63 961 0 0 0 0 0 0 0 1024 0 0 0 0 0 0 1017 7 0 0 0 
0 0 0 502 522 0 0 0 0 0 0 213 811 0 0 0 0 0 0 1024 0 0 0 0 
0 0 0 707 317 0 0 0 0 0 0 331 693 0 0 0 0 0 0 1024 0 0 0 0 
0 0 0 908 116 0 0 0 0 0 0 516 508 0 0 0 0 0 0 1024 0 0 0 0 
0 0 0 1020 4 0 0 0 0 0 0 911 113 0 0 0 0 0 9 1015 0 0 0 0 
0 0 0 1024 0 0 0 0 0 0 0 1015 9 0 0 0 0 0 0 1024 0 0 0 0 
0 4 37 99 98 276 298 212 0 100 181 409 156 37 20 121 0 130 206 492 50 20 20 106 
0 7 82 37 48 90 107 653 0 104 126 19 119 78 56 522 41 150 101 66 53 44 123 446 
0 0 0 66 411 226 182 139 8 204 337 219 85 29 21 121 401 188 159 89 40 19 100 28 
0 7 66 150 208 130 317 146 12 279 191 126 251 51 23 91 375 230 169 103 20 17 57 53 
0 28 34 23 61 111 370 397 38 30 46 275 86 39 67 443 167 147 130 25 14 30 168 343 
0 0 0 0 291 485 215 33 0 0 0 0 16 577 282 149 0 0 0 29 455 325 188 27 
0 0 0 0 1018 6 0 0 0 0 0 0 949 75 0 0 0 0 0 19 1004 1 0 0 
0 0 1 358 635 28 2 0 0 2 62 255 694 11 0 0 43 133 128 582 138 0 0 0 
95 55 33 832 9 0 0 0 95 40 42 649 198 0 0 0 105 51 33 835 0 0 0 0 
0 0 28 920 36 40 0 0 0 1 161 790 28 43 1 0 0 117 319 529 32 27 0 0 
0 0 47 781 126 70 0 0 0 0 1 798 108 117 0 0 0 0 437 414 133 40 0 0 
0 0 238 762 24 0 0 0 0 0 211 759 54 0 0 0 0 14 470 525 15 0 0 0 
0 0 349 675 0 0 0 0 0 0 385 639 0 0 0 0 0 60 491 473 0 0 0 0 
0 19 239 766 0 0 0 0 0 14 245 750 15 0 0 0 0 43 466 515 0 0 0 0 
0 0 233 791 0 0 0 0 0 0 259 691 74 0 0 0 0 0 464 560 0 0 0 0 
0 0 51 928 45 0 0 0 0 0 82 798 144 0 0 0 0 0 265 759 0 0 0 0 
0 0 0 708 316 0 0 0 0 0 0 542 482 0 0 0 0 0 109 914 1 0 0 0 
0 0 0 395 629 0 0 0 0 0 0 334 690 0 0 0 0 0 3 788 233 0 0 0 
0 0 0 106 918 0 0 0 0 0 0 122 902 0 0 0 0 0 0 302 722 0 0 0 
0 0 0 0 1024 0 0 0 0 0 0 0 1024 0 0 0 0 0 0 37 987 0 0 0 
0 0 0 0 1024 0 0 0 0 0 0 0 1024 0 0 0 0 0 0 0 1024 0 0 0 
0 0 0 0 1024 0 0 0 0 0 0 0 1024 0 0 0 0 0 0 0 1024 0 0 0 
0 0 0 0 1024 0 0 0 0 0 0 0 1024 0 0 0 0 0 0 0 1024 0 0 0 
0 1 52 474 493 4 0 0 0 0 50 457 508 9 0 0 0 15 311 322 376 0 0 0 
0 0 0 91 933 0 0 0 0 0 0 67 957 0 0 0 0 0 1 216 807 0 0 0 
0 0 0 0 1024 0 0 0 0 0 0 0 1024 0 0 0 0 0 0 0 1024 0 0 0 
0 0 0 0 1024 0 0 0 0 0 0 0 1024 0 0 0 0 0 0 127 897 0 0 0 
0 0 0 0 1024 0 0 0 0 0 0 0 1024 0 0 0 0 0 0 362 662 0 0 0 
0 0 0 26 998 0 0 0 0 0 0 11 1013 0 0 0 0 0 0 777 247 0 0 0 
0 2 144 380 496 2 0 0 0 0 55 431 536 2 0 0 0 12 258 719 34 1 0 0 
50 18 11 272 673 0 0 0 61 11 10 167 775 0 0 0 56 16 12 938 2 0 0 0 
135 11 20 393 465 0 0 0 129 13 17 349 516 0 0 0 137 11 23 852 1 0 0 0 
307 56 29 240 392 0 0 0 325 38 31 82 548 0 0 0 328 42 28 614 12 0 0 0 
13 6 38 888 79 0 0 0 9 7 53 791 164 0 0 0 14 17 73 920 0 0 0 0 
0 0 100 924 0 0 0 0 0 0 177 840 7 0 0 0 0 50 408 566 0 0 0 0 
0 0 0 1024 0 0 0 0 0 0 0 1024 0 0 0 0 0 0 144 880 0 0 0 0 
0 0 89 933 2 0 0 0 0 1 472 551 0 0 0 0 2 404 399 219 0 0 0 0 
0 0 0 1024 0 0 0 0 0 0 0 1024 0 0 0 0 0 0 452 572 0 0 0 0 
0 0 0 31 183 105 97 608 2 122 233 229 75 115 248 0 47 388 246 200 115 28 0 0 
0 0 4 69 231 247 114 359 12 176 214 237 237 35 84 29 140 289 152 237 87 48 71 0 
0 0 0 189 477 61 51 246 123 154 56 482 209 0 0 0 385 198 81 354 6 0 0 0 
26 81 116 326 403 43 16 13 40 127 132 636 89 0 0 0 48 181 188 591 16 0 0 0 
169 110 36 554 39 12 44 60 169 118 29 568 32 4 37 67 146 144 46 567 24 27 60 10 
3 77 118 285 92 329 120 0 42 118 69 327 44 334 89 1 85 80 85 465 237 71 1 0 
0 0 10 30 650 198 82 54 0 11 5 35 686 179 53 55 5 8 7 170 712 41 68 13 
0 0 0 90 872 62 0 0 0 0 0 545 452 27 0 0 0 7 591 385 41 0 0 0 
4 62 464 371 110 5 2 6 98 432 175 281 30 2 4 2 323 369 124 200 2 4 2 0 
0 10 140 841 33 0 0 0 29 96 33 835 31 0 0 0 94 40 348 539 3 0 0 0 
0 0 9 845 158 12 0 0 0 0 4 819 189 12 0 0 0 0 533 428 59 4 0 0 
0 5 757 249 13 0 0 0 0 11 745 241 27 0 0 0 0 91 750 183 0 0 0 0 
0 23 718 283 0 0 0 0 0 38 717 269 0 0 0 0 7 251 738 28 0 0 0 0 
1 106 526 391 0 0 0 0 0 49 484 491 0 0 0 0 1 147 780 96 0 0 0 0 
0 0 21 1003 0 0 0 0 0 0 10 1014 0 0 0 0 0 0 614 410 0 0 0 0 
0 0 0 1001 23 0 0 0 0 0 0 963 61 0 0 0 0 0 0 1024 0 0 0 0 
0 0 0 265 759 0 0 0 0 0 0 150 874 0 0 0 0 0 0 815 209 0 0 0 
0 0 0 0 1024 0 0 0 0 0 0 0 1024 0 0 0 0 0 0 18 1006 0 0 0 
0 0 0 0 1024 0 0 0 0 0 0 0 1024 0 0 0 0 0 0 0 1024 0 0 0 
0 0 0 0 1024 0 0 0 0 0 0 0 1024 0 0 0 0 0 0 0 1024 0 0 0 
0 0 0 0 1024 0 0 0 0 0 0 0 1024 0 0 0 0 0 0 0 1024 0 0 0 
0 0 4 38 982 0 0 0 0 0 16 24 984 0 0 0 0 9 22 79 914 0 0 0 
0 0 0 35 989 0 0 0 0 0 7 26 991 0 0 0 0 3 19 72 930 0 0 0 
0 4 134 491 395 0 0 0 0 3 37 548 435 1 0 0 0 34 472 199 319 0 0 0 
0 0 1 95 928 0 0 0 0 0 0 69 955 0 0 0 0 0 4 435 585 0 0 0 
0 0 28 210 784 2 0 0 0 3 89 155 775 2 0 0 6 110 99 481 328 0 0 0 
149 15 18 68 774 0 0 0 146 17 17 24 820 0 0 0 156 11 19 547 291 0 0 0 
11 86 87 282 549 9 0 0 55 56 134 232 534 13 0 0 68 146 180 559 66 5 0 0 
179 181 34 487 143 0 0 0 300 55 33 439 197 0 0 0 343 30 37 599 15 0 0 0 
0 17 257 737 13 0 0 0 0 13 153 792 66 0 0 0 1 95 675 253 0 0 0 0 
10 290 67 636 21 0 0 0 212 103 44 647 18 0 0 0 269 58 104 592 1 0 0 0 
270 374 49 331 0 0 0 0 577 70 45 330 2 0 0 0 624 44 140 216 0 0 0 0 
832 127 14 51 0 0 0 0 914 48 16 46 0 0 0 0 926 36 20 42 0 0 0 0 
88 199 208 529 0 0 0 0 115 193 164 552 0 0 0 0 234 129 449 212 0 0 0 0 
0 0 326 698 0 0 0 0 0 0 467 557 0 0 0 0 0 12 1002 10 0 0 0 0 
164 71 234 553 2 0 0 0 185 62 299 476 2 0 0 0 179 97 705 42 1 0 0 0 
780 25 65 153 1 0 0 0 784 23 61 156 0 0 0 0 781 37 186 19 1 0 0 0 
377 54 348 245 0 0 0 0 370 58 291 305 0 0 0 0 413 72 539 0 0 0 0 0 
0 63 111 235 293 47 21 254 68 468 26 19 183 32 228 0 1 306 396 133 184 4 0 0 
0 61 170 307 55 35 51 345 66 489 44 144 126 52 88 15 11 414 381 57 35 56 64 6 
0 0 3 104 268 107 42 500 122 378 21 257 206 34 6 0 497 465 62 0 0 0 0 0 
95 76 132 288 174 69 94 96 211 652 57 68 36 0 0 0 257 751 16 0 0 0 0 0 
815 209 0 0 0 0 0 0 426 598 0 0 0 0 0 0 209 815 0 0 0 0 0 0 
11 497 154 333 29 0 0 0 512 119 46 329 18 0 0 0 18 604 51 348 3 0 0 0 
0 0 23 88 589 85 69 170 1 38 43 94 571 60 92 125 21 47 45 120 551 42 162 36 
0 0 80 475 457 12 0 0 0 252 247 139 386 0 0 0 358 149 74 397 46 0 0 0 
0 2 137 218 428 137 74 28 23 117 120 322 295 66 79 2 97 148 283 306 106 70 14 0 
0 27 117 796 84 0 0 0 48 72 87 782 35 0 0 0 107 15 301 601 0 0 0 0 
132 178 186 436 90 2 0 0 262 74 203 385 97 3 0 0 314 61 281 329 39 0 0 0 
141 144 679 60 0 0 0 0 205 191 568 60 0 0 0 0 232 444 320 28 0 0 0 0 
153 82 694 95 0 0 0 0 161 180 563 120 0 0 0 0 175 487 355 7 0 0 0 0 
0 33 493 498 0 0 0 0 0 37 401 586 0 0 0 0 0 52 892 80 0 0 0 0 
0 0 0 1024 0 0 0 0 0 0 0 1024 0 0 0 0 0 0 48 976 0 0 0 0 
22 18 14 899 71 0 0 0 21 16 15 800 172 0 0 0 23 21 11 959 10 0 0 0 
0 0 1 157 866 0 0 0 0 0 0 99 925 0 0 0 0 0 9 686 329 0 0 0 
0 0 9 66 949 0 0 0 0 0 7 67 950 0 0 0 0 0 29 126 869 0 0 0 
99 98 70 32 723 2 0 0 169 76 31 32 707 9 0 0 188 71 30 60 674 1 0 0 
119 100 133 39 627 6 0 0 212 112 37 30 620 13 0 0 265 68 36 68 587 0 0 0 
236 113 26 28 621 0 0 0 274 89 17 24 619 1 0 0 288 76 27 57 576 0 0 0 
7 14 18 388 597 0 0 0 3 16 45 401 559 0 0 0 15 48 329 422 210 0 0 0 
224 69 61 381 289 0 0 0 222 76 243 211 272 0 0 0 243 262 233 156 130 0 0 0 
0 33 135 632 224 0 0 0 0 0 71 645 308 0 0 0 0 52 318 576 78 0 0 0 
33 17 76 564 334 0 0 0 33 21 52 580 338 0 0 0 40 41 175 767 1 0 0 0 
73 12 23 617 298 1 0 0 75 11 30 639 263 6 0 0 81 15 356 510 62 0 0 0 
105 57 33 366 459 4 0 0 129 43 46 342 464 0 0 0 139 48 96 592 149 0 0 0 
3 357 61 499 95 9 0 0 132 250 81 484 72 5 0 0 335 74 261 287 67 0 0 0 
269 529 59 96 22 35 14 0 681 130 57 92 14 16 32 2 765 63 70 70 7 35 14 0 
659 51 44 123 93 54 0 0 678 47 46 98 100 55 0 0 680 37 39 126 93 49 0 0 
307 308 61 77 163 104 4 0 469 150 55 88 123 136 3 0 538 94 57 70 154 108 3 0 
450 153 81 206 21 109 4 0 552 54 115 166 17 113 6 1 561 53 113 166 26 101 4 0 
448 31 30 251 167 97 0 0 459 31 32 259 184 59 0 0 448 30 35 273 155 83 0 0 
327 228 125 120 224 0 0 0 378 173 111 122 240 0 0 0 449 141 119 142 173 0 0 0 
0 0 231 329 464 0 0 0 0 0 255 361 408 0 0 0 0 8 275 472 269 0 0 0 
76 179 485 14 100 170 0 0 74 239 422 15 31 239 4 0 100 418 229 15 103 159 0 0 
54 31 11 426 389 113 0 0 60 26 12 429 374 123 0 0 54 31 12 426 355 146 0 0 
451 173 260 139 1 0 0 0 463 180 246 127 8 0 0 0 489 276 123 136 0 0 0 0 
0 0 0 17 141 10 10 846 0 0 0 9 149 9 11 846 0 0 0 13 145 9 11 846 
0 0 0 23 281 38 42 640 0 0 0 17 320 17 20 650 0 0 5 66 270 19 20 644 
0 14 91 191 232 30 56 410 0 162 61 79 250 8 14 450 0 70 147 134 201 10 20 442 
56 53 80 122 266 53 65 329 24 240 128 70 267 18 12 265 39 234 137 123 203 11 13 264 
263 329 15 63 257 7 9 81 213 379 16 35 282 9 7 83 2 585 20 184 135 9 8 81 
26 563 178 57 200 0 0 0 644 135 15 25 205 0 0 0 93 681 22 193 35 0 0 0 
0 23 38 141 525 114 83 100 2 53 71 124 557 48 83 86 16 53 40 205 490 51 93 76 
245 314 130 310 25 0 0 0 555 295 174 0 0 0 0 0 892 130 2 0 0 0 0 0 
234 178 196 126 92 108 74 16 435 234 82 71 87 84 31 0 671 127 97 80 49 0 0 0 
651 239 80 52 2 0 0 0 844 86 51 43 0 0 0 0 850 103 39 32 0 0 0 0 
668 175 50 112 19 0 0 0 792 80 28 118 6 0 0 0 802 76 28 116 2 0 0 0 
504 195 154 163 8 0 0 0 590 116 139 175 4 0 0 0 614 94 173 143 0 0 0 0 
254 117 246 406 1 0 0 0 258 137 207 421 1 0 0 0 283 194 340 207 0 0 0 0 
0 17 618 389 0 0 0 0 0 28 583 413 0 0 0 0 7 317 694 6 0 0 0 0 
0 1 195 828 0 0 0 0 0 6 252 766 0 0 0 0 5 115 753 151 0 0 0 0 
226 395 67 336 0 0 0 0 440 179 66 339 0 0 0 0 488 144 80 312 0 0 0 0 
0 22 149 546 306 1 0 0 2 43 304 351 324 0 0 0 16 164 372 466 6 0 0 0 
34 105 206 294 368 10 6 1 63 114 298 171 364 7 6 1 116 250 231 250 159 10 5 3 
158 239 413 56 120 22 12 4 580 213 41 50 104 21 11 4 691 117 38 101 41 22 11 3 
2 160 693 52 112 5 0 0 491 350 43 48 87 5 0 0 813 49 42 86 29 5 0 0 
10 673 123 28 182 4 1 3 723 68 30 26 173 1 1 2 755 42 31 123 69 1 2 1 
1 68 40 233 327 278 77 0 46 37 32 292 278 231 108 0 62 41 238 140 259 248 36 0 
1 10 465 428 72 16 32 0 1 8 776 130 56 10 33 10 8 655 229 64 21 21 26 0 
0 13 51 476 286 145 48 5 0 3 48 429 333 143 60 8 0 18 249 370 212 135 39 1 
50 121 360 260 42 156 35 0 87 105 323 287 24 124 72 2 105 207 411 81 36 152 32 0 
220 24 13 135 392 236 4 0 222 19 23 139 454 164 3 0 233 13 37 211 445 85 0 0 
20 43 15 121 376 442 7 0 26 44 27 212 421 294 0 0 22 49 75 340 425 113 0 0 
206 118 76 316 303 5 0 0 261 67 122 259 310 5 0 0 285 66 227 225 221 0 0 0 
380 119 67 216 51 140 51 0 426 99 79 183 32 100 105 0 447 90 101 171 26 151 38 0 
296 31 62 272 213 148 2 0 300 47 59 263 218 137 0 0 300 48 48 286 186 156 0 0 
351 182 79 101 149 152 10 0 454 91 78 76 142 155 28 0 464 88 67 97 142 151 15 0 
529 64 51 212 36 129 2 1 545 48 69 180 33 138 9 2 561 40 53 198 35 131 5 1 
535 50 49 167 146 75 2 0 549 50 43 177 125 80 0 0 537 40 75 166 128 76 2 0 
684 160 87 40 53 0 0 0 686 154 80 45 59 0 0 0 731 157 55 41 40 0 0 0 
63 441 349 69 98 4 0 0 153 421 282 63 101 4 0 0 207 567 88 85 76 1 0 0 
229 440 219 44 58 30 4 0 236 487 165 37 45 49 5 0 365 478 55 48 47 30 1 0 
739 97 105 22 30 30 1 0 742 104 102 17 31 28 0 0 729 107 107 24 27 30 0 0 
679 180 111 54 0 0 0 0 722 171 69 49 13 0 0 0 776 168 47 33 0 0 0 0 
0 0 0 0 0 0 0 1024 0 0 0 0 0 0 0 1024 0 0 0 0 0 0 0 1024 
0 0 0 0 0 0 0 1024 0 0 0 0 0 0 0 1024 0 0 0 0 0 0 0 1024 
0 0 0 0 0 0 22 1002 0 0 0 0 0 0 0 1024 0 0 0 0 0 0 0 1024 
0 0 0 0 0 0 0 1024 0 0 0 0 0 0 0 1024 0 0 0 0 0 0 0 1024 
0 0 0 0 0 0 107 917 0 0 0 0 0 0 20 1004 0 0 0 0 0 0 73 951 
0 0 0 29 125 150 704 16 0 0 0 17 87 145 393 382 0 0 0 73 66 153 640 92 
0 0 0 66 373 150 433 2 0 0 0 47 371 87 512 7 0 0 1 265 175 101 480 2 
39 38 28 118 349 403 49 0 39 35 33 68 329 237 283 0 38 43 33 321 124 303 162 0 
236 20 10 127 457 174 0 0 247 11 10 81 362 288 25 0 246 12 15 270 282 199 0 0 
384 12 16 157 452 3 0 0 385 11 16 127 451 34 0 0 387 16 13 314 294 0 0 0 
520 13 10 330 151 0 0 0 521 13 10 214 266 0 0 0 524 14 10 461 15 0 0 0 
641 17 14 256 96 0 0 0 629 29 14 196 156 0 0 0 641 20 14 338 11 0 0 0 
343 83 240 134 114 110 0 0 354 117 193 136 66 158 0 0 360 213 142 92 122 95 0 0 
0 0 540 280 143 58 3 0 0 0 637 179 122 82 4 0 0 68 718 42 131 62 3 0 
0 20 32 603 124 217 27 1 9 19 89 564 85 235 22 1 16 22 513 152 92 218 10 1 
19 516 65 83 138 134 55 14 428 148 35 74 113 146 71 9 498 89 44 76 120 132 60 5 
102 170 41 134 139 306 128 4 225 60 101 75 86 279 196 2 234 90 96 48 121 264 169 2 
50 118 165 220 168 167 135 1 113 118 245 79 151 155 159 4 145 266 101 63 149 167 132 1 
277 110 52 148 181 127 126 3 318 71 54 121 198 94 164 4 323 68 69 154 159 115 134 2 
24 491 36 172 235 51 14 1 463 73 45 132 233 61 16 1 506 34 57 233 139 54 1 0 
69 139 56 140 279 230 102 9 152 78 49 125 259 213 126 22 172 61 50 175 259 223 80 4 
182 151 143 271 98 104 75 0 270 74 210 204 89 85 92 0 278 76 305 131 83 93 58 0 
239 100 323 299 30 22 11 0 276 94 387 206 29 1 30 1 317 240 390 31 15 20 11 0 
355 227 76 61 132 128 45 0 523 110 35 35 157 124 38 2 540 97 37 87 121 119 23 0 
487 102 155 71 32 106 68 3 496 94 166 56 21 105 79 7 508 150 110 54 35 119 46 2 
410 167 103 98 183 63 0 0 376 103 173 100 175 94 3 0 371 40 114 209 235 53 2 0 
183 219 298 81 64 179 0 0 146 94 357 178 57 192 0 0 86 94 182 295 235 132 0 0 
769 209 36 10 0 0 0 0 912 76 31 5 0 0 0 0 905 76 42 1 0 0 0 0 
787 158 49 24 6 0 0 0 847 115 45 15 2 0 0 0 880 93 36 13 2 0 0 0 
850 110 61 3 0 0 0 0 884 112 28 0 0 0 0 0 897 100 27 0 0 0 0 0 
703 92 91 58 36 33 10 1 728 94 78 36 39 34 13 2 698 109 77 56 40 33 11 0 
868 34 48 34 21 16 3 0 868 41 33 35 22 22 3 0 872 32 43 35 24 16 2 0 
914 34 45 16 10 5 0 0 925 33 45 7 13 1 0 0 893 53 45 16 10 7 0 0 
834 95 68 16 8 2 1 0 874 85 46 9 8 2 0 0 895 92 24 5 6 2 0 0 
281 743 0 0 0 0 0 0 1024 0 0 0 0 0 0 0 1024 0 0 0 0 0 0 0 
723 286 8 3 2 2 0 0 747 264 6 3 2 2 0 0 844 172 4 2 0 2 0 0 
787 119 76 20 12 9 1 0 836 98 48 26 7 7 2 0 843 99 42 23 9 6 2 0 
675 205 56 45 43 0 0 0 771 155 11 39 48 0 0 0 807 123 12 77 5 0 0 0 
0 0 0 0 0 0 0 1024 0 0 0 0 0 0 0 1024 0 0 0 0 0 0 0 1024 
0 0 0 0 0 0 8 1016 0 0 0 0 0 0 0 1024 0 0 0 0 0 0 0 1024 
0 0 0 0 0 0 42 982 0 0 0 0 0 0 0 1024 0 0 0 0 0 0 0 1024 
0 0 0 0 0 0 0 1024 0 0 0 0 0 0 0 1024 0 0 0 0 0 0 0 1024 
0 0 0 0 0 98 175 751 0 0 0 0 0 0 223 801 0 0 0 0 0 20 230 774 
0 0 0 0 15 960 47 2 0 0 0 0 0 556 466 2 0 0 0 0 5 860 157 2 
0 0 0 0 889 135 0 0 0 0 0 0 457 567 0 0 0 0 0 0 796 228 0 0 
0 0 0 120 904 0 0 0 0 0 0 21 1003 0 0 0 0 0 0 161 863 0 0 0 
0 0 0 820 204 0 0 0 0 0 0 356 668 0 0 0 0 0 0 946 78 0 0 0 
0 0 21 982 21 0 0 0 0 0 0 883 141 0 0 0 0 0 28 980 16 0 0 0 
2 4 30 842 146 0 0 0 2 3 8 766 245 0 0 0 2 6 103 862 51 0 0 0 
0 8 355 528 133 0 0 0 0 4 339 323 350 8 0 0 1 40 329 478 176 0 0 0 
5 7 356 392 117 146 1 0 7 6 308 386 125 190 2 0 6 168 318 254 106 171 1 0 
16 26 59 729 139 51 4 0 16 32 45 701 144 82 4 0 17 38 298 489 124 58 0 0 
128 52 40 247 344 188 23 2 121 51 46 186 390 167 61 2 120 69 51 442 146 172 22 2 
626 100 29 37 82 111 37 2 597 122 27 33 69 109 63 4 598 121 31 44 70 98 59 3 
743 154 42 41 16 13 14 1 725 170 44 40 17 13 13 2 725 170 50 38 14 13 12 2 
786 164 14 37 12 7 3 1 793 144 25 26 25 5 5 1 776 150 36 19 32 5 5 1 
779 133 28 42 27 12 3 0 850 57 48 22 33 8 5 1 856 55 46 26 28 7 6 0 
760 250 2 3 0 4 5 0 993 18 4 0 0 6 3 0 1009 2 4 0 1 6 2 0 
615 218 36 53 29 20 52 1 724 121 47 37 24 24 45 2 728 118 44 37 28 26 43 0 
622 193 99 51 31 23 5 0 697 170 61 40 28 22 6 0 779 107 48 37 32 19 2 0 
816 148 24 16 4 15 1 0 935 48 17 6 8 10 0 0 960 25 16 5 9 9 0 0 
517 258 89 28 34 92 6 0 749 99 31 23 40 80 2 0 800 64 25 21 79 35 0 0 
615 141 46 34 39 147 2 0 668 87 47 28 44 148 2 0 690 74 48 34 74 104 0 0 
450 240 107 11 36 180 0 0 451 144 184 30 39 176 0 0 454 63 262 32 69 144 0 0 
136 466 126 15 48 233 0 0 135 149 449 11 59 221 0 0 115 137 485 14 149 124 0 0 
525 76 27 18 85 286 4 3 544 48 33 16 80 293 6 4 507 86 34 19 262 105 6 5 
480 59 36 18 167 264 0 0 502 51 27 21 158 265 0 0 506 48 29 44 346 51 0 0 
392 85 33 60 173 281 0 0 449 35 69 25 183 263 0 0 450 76 39 33 401 25 0 0 
260 99 58 145 272 188 2 0 307 48 164 45 276 181 3 0 280 191 60 74 401 14 3 1 
317 25 61 187 350 84 0 0 313 30 209 42 279 151 0 0 319 211 37 56 401 0 0 0 
234 23 51 266 398 51 1 0 236 19 275 50 398 45 1 0 229 273 41 83 387 8 3 0 
198 15 50 299 437 25 0 0 202 16 322 33 437 14 0 0 204 328 26 59 406 1 0 0 
101 32 138 307 443 3 0 0 127 55 366 38 438 0 0 0 143 384 35 92 370 0 0 0 
28 24 374 161 433 4 0 0 28 177 342 49 428 0 0 0 132 400 34 136 322 0 0 0 
0 2 515 89 416 2 0 0 0 340 217 72 395 0 0 0 162 378 38 183 263 0 0 0 
0 0 469 168 387 0 0 0 0 386 178 94 366 0 0 0 236 302 42 292 152 0 0 0 
0 41 70 32 28 62 160 631 0 55 74 73 77 42 31 672 0 15 162 94 37 27 71 618 
0 17 35 6 4 16 42 904 0 18 33 24 11 20 31 887 0 0 7 36 28 15 28 910 
0 0 0 0 0 3 117 904 0 0 0 0 0 0 18 1006 0 0 0 0 0 0 33 991 
0 0 4 22 3 9 19 967 0 0 6 19 3 10 10 976 0 0 0 17 9 5 15 978 
0 0 0 0 0 213 188 623 0 0 0 0 0 15 234 775 0 0 0 0 0 145 171 708 
0 0 0 0 17 689 178 140 0 0 0 0 0 507 312 205 0 0 0 0 10 573 281 160 
0 0 0 0 810 66 82 66 0 0 0 0 281 587 42 114 0 0 0 0 641 235 93 55 
0 0 0 80 906 17 18 3 0 0 0 7 954 29 21 13 0 0 6 86 893 18 18 3 
0 0 0 749 273 2 0 0 0 0 0 69 945 10 0 0 0 0 7 891 124 2 0 0 
0 0 31 944 36 8 5 0 0 0 1 879 124 10 9 1 0 1 106 873 31 8 5 0 
0 8 70 754 192 0 0 0 0 14 64 720 226 0 0 0 6 55 62 799 102 0 0 0 
0 0 531 207 193 93 0 0 0 0 513 137 241 127 6 0 0 0 536 238 162 88 0 0 
2 227 378 35 24 188 137 33 170 121 318 35 27 75 248 30 127 199 284 40 18 134 185 37 
172 440 27 16 15 69 263 22 571 56 17 12 15 62 267 24 543 89 14 15 19 91 242 11 
362 84 58 66 48 62 326 18 358 80 85 46 41 66 326 22 312 184 37 41 39 109 279 23 
371 53 54 129 26 74 315 2 357 64 150 35 26 44 342 6 342 186 46 36 22 99 286 7 
304 41 35 212 41 39 352 0 294 44 200 53 36 39 357 1 296 158 111 40 32 96 289 2 
248 53 31 216 93 31 352 0 243 52 148 172 29 25 355 0 234 113 233 43 27 75 299 0 
214 28 19 172 209 105 277 0 208 32 132 237 32 78 305 0 199 55 333 34 31 213 159 0 
192 4 6 131 299 278 114 0 192 4 59 354 24 149 242 0 190 13 397 21 32 358 13 0 
75 32 18 170 324 354 51 0 91 22 55 418 42 162 234 0 83 48 435 45 51 362 0 0 
10 13 18 216 344 378 45 0 15 14 63 398 126 270 138 0 22 27 401 133 116 325 0 0 
0 5 84 511 43 379 2 0 2 37 273 295 45 353 19 0 12 184 359 79 77 313 0 0 
0 2 230 439 29 324 0 0 0 78 490 123 18 310 5 0 13 393 274 19 51 274 0 0 
0 0 97 639 27 261 0 0 0 0 399 353 14 258 0 0 0 244 443 76 58 203 0 0 
0 0 19 479 330 193 3 0 0 1 218 337 276 192 0 0 0 150 341 193 189 151 0 0 
0 0 11 490 389 130 4 0 0 0 273 240 386 125 0 0 0 156 343 64 402 59 0 0 
0 0 15 503 449 57 0 0 0 0 471 64 459 30 0 0 0 331 182 75 435 1 0 0 
0 0 15 504 501 4 0 0 0 1 490 45 488 0 0 0 0 471 51 123 379 0 0 0 
0 0 9 475 540 0 0 0 0 0 456 34 534 0 0 0 0 441 34 85 464 0 0 0 
0 0 42 380 602 0 0 0 0 4 390 30 600 0 0 0 0 376 32 97 519 0 0 0 
0 0 17 366 641 0 0 0 0 0 322 59 643 0 0 0 0 307 36 194 487 0 0 0 
0 0 38 354 632 0 0 0 0 3 261 39 721 0 0 0 0 257 21 291 455 0 0 0 
0 0 69 369 586 0 0 0 0 15 192 92 725 0 0 0 0 195 21 588 220 0 0 0 
0 0 73 404 547 0 0 0 0 7 134 271 612 0 0 0 0 126 36 821 41 0 0 0 
0 0 61 557 406 0 0 0 0 5 69 498 452 0 0 0 0 64 39 914 7 0 0 0 
0 0 4 836 184 0 0 0 0 0 11 654 359 0 0 0 0 0 23 1001 0 0 0 0 
0 0 0 926 98 0 0 0 0 0 0 930 94 0 0 0 0 0 0 1024 0 0 0 0 
0 19 31 31 100 262 271 310 0 56 178 219 93 47 55 376 2 121 207 169 63 34 120 308 
0 7 14 11 44 146 255 547 0 20 107 83 28 20 63 703 0 25 52 69 57 28 87 706 
0 0 0 0 0 0 141 883 0 0 0 0 0 0 1 1023 0 0 0 0 0 0 9 1015 
0 0 126 86 32 54 138 588 0 0 84 144 34 29 114 619 0 0 17 149 50 47 131 630 
0 0 0 0 0 102 294 628 0 0 0 0 0 8 174 842 0 0 0 0 0 54 185 785 
0 0 0 0 3 499 318 204 0 0 0 0 0 280 397 347 0 0 0 0 0 269 435 320 
35 50 38 35 519 220 122 5 35 64 18 26 218 404 226 33 42 61 16 23 358 316 197 11 
5 38 8 144 739 43 42 5 15 29 10 18 733 139 50 30 4 40 15 60 792 47 48 18 
0 0 0 952 72 0 0 0 0 0 0 104 906 14 0 0 0 0 2 955 66 1 0 0 
0 0 7 939 63 15 0 0 0 0 27 828 146 23 0 0 0 24 209 732 48 11 0 0 
0 6 145 753 120 0 0 0 0 2 78 776 166 2 0 0 0 28 327 603 66 0 0 0 
0 16 568 328 109 3 0 0 0 108 253 512 134 17 0 0 3 152 589 211 69 0 0 0 
2 103 485 386 9 39 0 0 0 271 248 451 19 35 0 0 83 233 378 284 27 19 0 0 
7 45 618 344 8 2 0 0 5 203 368 442 6 0 0 0 52 345 417 206 4 0 0 0 
0 3 221 800 0 0 0 0 0 97 233 694 0 0 0 0 18 291 232 483 0 0 0 0 
0 0 205 707 112 0 0 0 0 92 182 514 236 0 0 0 33 210 93 581 107 0 0 0 
0 0 28 450 498 48 0 0 0 16 174 165 484 185 0 0 11 120 111 255 428 99 0 0 
0 0 0 151 611 262 0 0 0 0 29 171 453 359 12 0 0 7 165 118 435 295 4 0 
0 0 0 47 585 392 0 0 0 0 25 113 330 422 134 0 0 6 103 70 436 318 91 0 
0 0 0 16 502 505 1 0 0 0 0 59 308 457 200 0 0 0 19 97 423 393 92 0 
0 0 0 0 440 584 0 0 0 0 0 6 294 655 69 0 0 0 0 49 454 507 14 0 
0 0 0 0 364 660 0 0 0 0 0 0 232 792 0 0 0 0 0 3 441 580 0 0 
0 0 1 162 197 664 0 0 0 0 10 144 145 725 0 0 0 0 90 88 259 587 0 0 
0 1 202 560 33 205 23 0 0 1 346 409 37 157 73 1 0 7 686 78 31 195 27 0 
0 0 54 481 416 73 0 0 0 0 63 418 397 146 0 0 0 1 322 280 402 19 0 0 
0 0 0 7 820 197 0 0 0 0 0 0 707 317 0 0 0 0 0 26 976 22 0 0 
0 0 0 0 898 126 0 0 0 0 0 0 647 377 0 0 0 0 0 0 1018 6 0 0 
0 0 0 0 1015 9 0 0 0 0 0 0 902 122 0 0 0 0 0 0 1024 0 0 0 
0 0 0 0 1024 0 0 0 0 0 0 0 1024 0 0 0 0 0 0 0 1024 0 0 0 
0 0 0 0 1024 0 0 0 0 0 0 0 1024 0 0 0 0 0 0 0 1024 0 0 0 
0 0 0 0 1024 0 0 0 0 0 0 0 1024 0 0 0 0 0 0 0 1024 0 0 0 
0 0 0 0 1024 0 0 0 0 0 0 0 1024 0 0 0 0 0 0 0 1024 0 0 0 
0 0 0 0 1024 0 0 0 0 0 0 0 1024 0 0 0 0 0 0 25 999 0 0 0 
0 0 0 0 1024 0 0 0 0 0 0 0 1024 0 0 0 0 0 0 8 1016 0 0 0 
0 0 0 0 1024 0 0 0 0 0 0 13 1011 0 0 0 0 0 0 625 399 0 0 0 
0 0 0 40 984 0 0 0 0 0 0 35 989 0 0 0 0 0 0 1019 5 0 0 0 
0 0 1 198 825 0 0 0 0 0 0 338 686 0 0 0 0 0 3 1018 3 0 0 0 
0 0 0 766 258 0 0 0 0 0 0 832 192 0 0 0 0 0 0 1024 0 0 0 0 
0 0 0 6 29 563 397 29 0 1 284 386 353 0 0 0 126 314 143 388 53 0 0 0 
0 8 26 13 110 568 126 173 2 26 171 131 370 70 32 222 0 129 95 212 229 74 49 236 
5 49 28 6 5 81 405 445 0 73 10 6 38 63 74 760 0 20 56 11 65 41 98 733 
0 0 0 3 32 119 509 361 0 0 0 1 27 126 386 484 0 0 0 0 38 124 386 476 
0 0 0 0 0 21 736 267 0 0 0 0 0 5 284 735 0 0 0 0 0 2 250 772 
0 0 0 0 4 175 785 60 0 0 0 0 0 133 615 276 0 0 0 1 54 197 602 170 
1 18 133 106 59 193 479 35 1 60 119 63 53 134 330 264 12 86 99 60 47 128 359 233 
45 114 187 299 302 38 9 30 77 240 64 89 411 94 18 31 139 174 62 325 204 71 17 32 
0 0 8 702 298 13 3 0 0 0 57 339 579 47 2 0 0 25 165 597 226 11 0 0 
0 0 62 736 225 1 0 0 0 0 286 520 218 0 0 0 0 136 590 172 126 0 0 0 
0 1 123 798 102 0 0 0 0 0 82 789 153 0 0 0 0 14 538 468 4 0 0 0 
0 4 831 184 5 0 0 0 0 0 769 214 41 0 0 0 0 16 910 98 0 0 0 0 
0 0 290 734 0 0 0 0 0 0 280 743 1 0 0 0 0 0 514 510 0 0 0 0 
0 0 96 928 0 0 0 0 0 0 35 989 0 0 0 0 0 0 477 547 0 0 0 0 
0 0 0 1024 0 0 0 0 0 0 0 1024 0 0 0 0 0 0 0 1024 0 0 0 0 
0 0 0 427 597 0 0 0 0 0 0 193 797 34 0 0 0 0 0 539 482 3 0 0 
0 0 0 0 591 433 0 0 0 0 0 0 13 1011 0 0 0 0 0 0 74 950 0 0 
0 0 0 0 0 949 75 0 0 0 0 0 0 377 647 0 0 0 0 0 0 412 612 0 
0 0 0 6 26 171 821 0 0 0 0 2 20 31 971 0 0 0 0 3 22 42 957 0 
0 0 2 17 45 117 841 2 0 0 0 9 27 70 914 4 0 0 2 12 28 72 908 2 
0 0 0 0 0 545 479 0 0 0 0 0 0 61 963 0 0 0 0 0 0 235 789 0 
0 0 0 0 2 985 37 0 0 0 0 0 0 306 718 0 0 0 0 0 1 740 283 0 
0 0 0 0 12 883 123 6 0 0 0 0 4 340 661 19 0 0 0 0 8 710 296 10 
0 7 64 215 142 551 45 0 0 2 60 217 113 237 395 0 0 8 120 175 129 497 95 0 
0 0 34 233 298 459 0 0 0 0 45 187 164 628 0 0 0 28 148 139 422 287 0 0 
0 0 0 0 29 995 0 0 0 0 0 0 0 1024 0 0 0 0 0 0 180 844 0 0 
0 0 0 0 225 799 0 0 0 0 0 0 83 941 0 0 0 0 0 0 690 334 0 0 
0 0 0 0 869 155 0 0 0 0 0 0 596 428 0 0 0 0 0 0 1024 0 0 0 
0 0 0 0 1024 0 0 0 0 0 0 0 1024 0 0 0 0 0 0 0 1024 0 0 0 
0 0 53 216 746 9 0 0 0 0 1 164 830 26 3 0 0 0 117 189 711 7 0 0 
0 0 0 0 1024 0 0 0 0 0 0 0 1024 0 0 0 0 0 0 0 1024 0 0 0 
0 0 8 211 715 46 27 17 0 2 8 264 657 45 30 18 0 12 181 194 572 34 19 12 
0 0 0 0 1024 0 0 0 0 0 0 0 1024 0 0 0 0 0 0 253 771 0 0 0 
0 0 0 4 1020 0 0 0 0 0 0 22 1002 0 0 0 0 0 0 349 675 0 0 0 
0 0 0 171 853 0 0 0 0 0 0 149 875 0 0 0 0 0 0 729 295 0 0 0 
0 0 0 569 455 0 0 0 0 0 0 552 472 0 0 0 0 0 0 1024 0 0 0 0 
0 0 130 472 419 3 0 0 0 10 184 448 377 5 0 0 26 122 223 623 30 0 0 0 
0 0 14 735 275 0 0 0 0 3 15 968 38 0 0 0 6 13 55 950 0 0 0 0 
0 0 32 247 260 344 122 19 53 673 172 96 30 0 0 0 83 818 27 85 11 0 0 0 
26 127 33 36 109 274 275 144 33 490 151 49 185 45 71 0 30 558 75 126 118 34 46 37 
528 367 13 11 80 25 0 0 190 713 7 15 99 0 0 0 0 842 63 13 104 2 0 0 
31 279 54 86 172 242 97 63 63 292 129 282 109 28 78 43 260 307 178 25 74 79 53 48 
0 0 0 0 0 2 277 745 0 0 0 5 31 176 554 258 552 182 51 41 32 36 96 34 
293 182 49 61 44 65 270 60 407 133 65 38 46 155 170 10 514 184 31 65 64 97 69 0 
333 169 84 42 17 40 301 38 323 220 57 28 22 26 278 70 279 224 67 40 37 17 237 123 
454 21 59 186 250 52 2 0 447 28 60 121 282 62 24 0 402 74 58 229 173 69 19 0 
603 48 90 200 83 0 0 0 576 75 131 64 178 0 0 0 556 200 41 187 40 0 0 0 
580 26 32 173 213 0 0 0 576 34 67 85 262 0 0 0 576 51 62 246 89 0 0 0 
636 36 62 184 106 0 0 0 636 38 34 217 99 0 0 0 637 36 88 251 12 0 0 0 
139 38 679 162 6 0 0 0 134 42 708 134 6 0 0 0 119 61 733 106 5 0 0 0 
0 0 374 650 0 0 0 0 0 0 361 663 0 0 0 0 0 0 518 506 0 0 0 0 
0 1 272 738 11 2 0 0 0 0 254 755 12 3 0 0 0 40 705 271 7 1 0 0 
264 82 119 559 0 0 0 0 244 96 131 553 0 0 0 0 264 116 228 416 0 0 0 0 
37 31 122 558 264 11 1 0 37 31 116 440 362 35 3 0 37 70 173 559 165 19 1 0 
55 28 12 83 610 232 4 0 40 43 9 54 351 510 17 0 10 73 21 122 400 389 9 0 
50 80 41 52 78 509 209 5 77 70 24 51 54 245 490 13 67 70 69 41 50 220 488 19 
12 20 15 58 385 290 241 3 14 9 21 22 161 366 414 17 6 19 17 38 253 309 370 12 
0 4 18 94 276 351 281 0 0 3 4 61 206 280 466 4 0 7 65 177 147 244 383 1 
0 0 6 35 83 266 627 7 0 0 0 13 39 103 841 28 0 0 5 40 69 81 813 16 
0 0 20 110 189 440 265 0 0 0 0 40 112 206 666 0 0 1 48 129 94 179 573 0 
158 45 62 47 290 236 186 0 139 57 43 53 159 211 361 1 140 55 41 153 210 119 306 0 
0 6 63 337 143 127 348 0 0 0 39 284 184 85 432 0 0 21 124 292 107 68 412 0 
0 0 15 265 390 320 31 3 0 0 119 163 275 423 33 11 27 112 111 277 205 266 25 1 
114 80 133 66 46 582 1 2 183 134 58 24 33 586 6 0 252 68 58 30 31 579 6 0 
92 107 115 30 165 511 3 1 220 70 44 16 135 536 3 0 222 62 44 21 197 477 1 0 
29 56 45 46 842 6 0 0 51 53 43 37 833 7 0 0 60 43 50 42 829 0 0 0 
123 130 117 81 559 13 0 1 268 79 24 85 566 2 0 0 290 66 31 154 481 2 0 0 
0 0 27 456 482 56 3 0 0 0 17 286 641 56 24 0 0 4 129 562 278 49 2 0 
0 0 0 95 929 0 0 0 0 0 0 112 912 0 0 0 0 0 0 318 706 0 0 0 
0 0 13 174 726 71 38 2 0 0 22 212 669 67 50 4 0 8 39 523 366 52 35 1 
5 85 68 48 815 3 0 0 44 78 53 130 718 1 0 0 40 72 59 376 476 1 0 0 
179 250 49 216 330 0 0 0 393 52 35 93 451 0 0 0 415 52 29 404 124 0 0 0 
161 66 24 270 503 0 0 0 132 101 21 301 469 0 0 0 93 131 28 692 80 0 0 0 
68 15 14 927 0 0 0 0 64 16 12 932 0 0 0 0 70 16 50 888 0 0 0 0 
0 0 156 722 102 39 5 0 0 1 179 697 93 44 10 0 0 122 251 570 54 25 2 0 
0 0 29 995 0 0 0 0 0 0 29 995 0 0 0 0 0 15 435 574 0 0 0 0 
0 37 73 453 284 147 18 12 20 712 100 23 169 0 0 0 0 652 187 36 149 0 0 0 
21 128 52 52 188 247 234 102 0 523 117 32 175 22 79 76 1 465 118 99 138 48 59 96 
571 304 16 51 68 7 2 5 56 760 61 16 102 17 5 7 1 843 44 69 50 10 1 6 
48 257 49 134 213 181 75 67 79 249 58 236 251 46 33 72 210 354 163 121 34 55 31 56 
0 0 0 1 69 54 278 622 0 0 0 8 90 173 501 252 339 350 241 87 7 0 0 0 
547 122 44 95 67 36 39 74 615 114 43 74 53 35 54 36 775 86 30 54 13 18 19 29 
874 25 6 22 33 10 18 36 846 45 13 8 43 12 11 46 823 76 6 20 37 6 16 40 
955 22 15 0 32 0 0 0 938 29 24 1 9 23 0 0 914 67 11 0 32 0 0 0 
937 23 16 15 33 0 0 0 886 71 4 23 39 1 0 0 938 22 19 17 28 0 0 0 
900 46 10 6 61 1 0 0 869 76 10 5 61 3 0 0 903 44 10 37 30 0 0 0 
889 31 8 38 58 0 0 0 849 65 11 9 86 4 0 0 895 26 7 85 11 0 0 0 
226 51 608 105 34 0 0 0 222 54 609 76 63 0 0 0 242 62 592 128 0 0 0 0 
0 0 500 524 0 0 0 0 0 2 494 528 0 0 0 0 0 105 555 364 0 0 0 0 
2 13 642 359 7 1 0 0 4 11 680 318 10 1 0 0 9 116 805 91 3 0 0 0 
369 348 160 142 1 2 0 2 542 189 230 58 2 1 2 0 568 210 236 5 1 2 0 2 
38 38 246 581 85 16 7 13 37 32 291 523 100 20 8 13 44 52 483 321 83 19 9 13 
45 30 29 617 247 35 12 9 35 32 21 453 371 86 12 14 21 49 39 541 259 93 5 17 
2 63 191 487 180 70 13 18 60 91 115 397 244 75 18 24 116 54 183 386 191 56 15 23 
67 22 156 231 419 113 8 8 42 32 116 141 446 190 50 7 39 42 153 260 351 152 21 6 
4 12 13 122 689 154 15 15 1 15 10 191 380 366 41 20 5 12 142 278 360 185 26 16 
0 0 2 65 478 416 47 16 0 0 0 121 239 430 214 20 0 0 107 199 342 167 201 8 
0 3 11 35 574 401 0 0 1 8 10 40 297 456 212 0 3 12 77 162 444 281 45 0 
40 245 456 60 85 126 8 4 561 145 55 40 51 93 76 3 617 102 48 44 66 116 27 4 
30 134 89 310 241 156 57 7 49 84 98 206 264 136 180 7 55 95 165 237 229 94 141 8 
275 104 28 456 141 15 2 3 299 87 29 427 125 52 2 3 320 70 355 202 63 10 1 3 
22 236 688 18 32 26 2 0 813 131 16 8 23 33 0 0 909 36 17 12 27 23 0 0 
97 614 151 19 23 112 3 5 807 42 25 11 23 109 1 6 818 34 19 12 23 109 3 6 
19 534 240 37 165 19 6 4 657 115 40 30 167 7 4 4 721 60 37 31 163 7 2 3 
242 600 44 94 9 5 26 4 783 80 30 88 8 4 13 18 824 48 30 83 7 2 26 4 
177 431 77 224 52 33 26 4 585 60 62 221 34 27 26 9 576 81 211 59 31 32 27 7 
132 259 106 431 55 25 12 4 338 77 69 449 46 28 10 7 350 94 149 358 30 26 14 3 
0 0 26 977 21 0 0 0 0 0 236 784 4 0 0 0 0 0 558 464 2 0 0 0 
269 202 188 291 69 2 2 1 403 107 224 235 42 8 4 1 408 174 200 223 12 4 2 1 
621 234 54 114 1 0 0 0 762 96 43 119 4 0 0 0 806 68 63 87 0 0 0 0 
24 43 517 392 46 2 0 0 21 169 445 313 73 3 0 0 19 142 464 338 53 8 0 0 
152 182 319 348 8 8 7 0 191 277 192 341 1 8 11 3 227 319 215 241 7 9 6 0 
327 65 442 91 49 25 24 1 345 50 453 72 44 30 24 6 338 218 319 51 42 27 28 1 
427 114 303 176 4 0 0 0 433 120 333 137 1 0 0 0 505 186 321 12 0 0 0 0 
0 0 0 10 163 8 12 831 0 0 0 5 167 6 14 832 0 0 0 12 161 9 11 831 
0 0 0 24 187 8 6 799 0 0 0 11 199 6 7 801 0 0 0 28 184 8 5 799 
0 0 0 23 213 15 5 768 0 0 0 22 210 15 6 771 0 0 0 44 194 13 5 768 
0 0 0 14 242 0 7 761 0 0 0 0 256 0 5 763 0 0 0 31 225 0 8 760 
0 0 0 17 250 14 270 473 0 0 0 2 264 10 229 519 0 0 0 183 85 12 268 476 
0 0 0 27 350 609 38 0 0 0 0 0 299 521 203 1 0 0 0 262 114 572 76 0 
0 0 0 3 979 42 0 0 0 0 0 0 734 290 0 0 0 0 0 276 717 31 0 0 
0 0 0 65 959 0 0 0 0 0 0 0 1024 0 0 0 0 0 0 396 628 0 0 0 
0 0 0 592 432 0 0 0 0 0 0 150 874 0 0 0 0 0 0 922 102 0 0 0 
0 0 0 796 228 0 0 0 0 0 0 783 241 0 0 0 0 0 0 1024 0 0 0 0 
1 1 3 694 325 0 0 0 1 1 3 679 340 0 0 0 1 2 39 945 37 0 0 0 
0 7 448 400 169 0 0 0 0 2 432 306 284 0 0 0 1 9 466 450 98 0 0 0 
0 4 574 135 82 164 65 0 0 5 562 142 69 116 130 0 0 74 550 98 76 82 144 0 
74 121 74 203 153 259 136 4 120 91 104 152 120 212 214 11 99 122 197 63 110 209 202 22 
96 430 57 67 133 150 87 4 433 111 38 60 128 136 105 13 404 137 44 58 104 157 91 29 
107 74 44 52 143 186 359 59 104 55 58 50 101 172 295 189 68 86 57 54 74 172 219 294 
54 83 48 88 58 141 469 83 52 85 45 68 68 112 313 281 9 116 72 50 66 123 255 333 
0 6 61 140 211 221 281 104 0 10 45 120 167 249 130 303 0 12 76 107 173 227 123 306 
0 0 4 69 406 191 261 93 0 0 6 26 236 333 233 190 0 0 12 78 359 160 235 180 
0 0 29 331 134 179 297 54 0 4 229 168 95 157 217 154 0 257 133 59 88 107 212 168 
0 0 15 284 52 120 368 185 0 4 114 216 19 68 273 330 6 118 195 24 26 64 245 346 
0 28 102 263 432 99 71 29 4 73 181 320 196 148 18 84 42 283 226 112 142 115 31 73 
129 152 222 82 181 91 140 27 354 134 53 36 168 87 112 80 410 84 49 39 146 83 121 92 
348 141 53 39 30 29 310 74 371 114 43 42 34 23 113 284 396 95 41 39 29 30 99 295 
46 77 41 122 246 201 268 23 57 63 43 106 213 203 203 136 34 89 36 102 195 199 197 172 
112 203 61 47 271 176 151 3 328 40 31 36 242 142 201 4 331 35 28 38 234 128 213 17 
60 207 17 52 234 183 262 9 201 67 14 50 223 145 236 88 228 41 13 68 187 129 299 59 
170 145 31 75 189 143 269 2 264 72 21 107 140 111 253 56 273 62 26 78 149 133 245 58 
213 107 82 296 94 21 200 11 256 65 109 285 72 11 182 44 266 62 122 279 59 26 177 33 
69 67 39 79 350 248 167 5 127 30 33 101 305 248 141 39 105 45 30 119 261 243 146 75 
386 180 10 19 13 35 365 16 525 35 11 15 14 21 344 59 543 24 12 15 15 35 290 90 
17 37 41 110 476 280 62 1 38 31 66 155 397 287 50 0 28 39 62 245 337 232 79 2 
209 74 110 46 70 256 259 0 221 114 81 22 52 229 281 24 225 135 66 13 67 207 296 15 
201 77 98 398 237 13 0 0 186 99 129 375 174 61 0 0 208 101 111 373 204 27 0 0 
0 104 187 73 449 211 0 0 0 156 132 60 343 333 0 0 2 115 176 68 417 246 0 0 
223 198 68 54 169 280 32 0 307 158 33 56 104 180 184 2 286 166 39 56 158 245 74 0 
33 13 14 115 423 202 224 0 44 2 17 120 363 245 226 7 20 24 13 136 346 214 260 11 
701 102 35 185 1 0 0 0 697 120 33 174 0 0 0 0 768 29 34 193 0 0 0 0 
0 0 0 0 0 0 0 1024 0 0 0 0 0 0 0 1024 0 0 0 0 0 0 0 1024 
0 0 0 0 0 0 0 1024 0 0 0 0 0 0 0 1024 0 0 0 0 0 0 0 1024 
0 0 0 0 0 11 29 984 0 0 0 0 0 0 33 991 0 0 0 0 0 0 27 997 
0 0 0 0 0 0 0 1024 0 0 0 0 0 0 0 1024 0 0 0 0 0 0 0 1024 
0 0 0 0 0 280 104 640 0 0 0 0 0 42 332 650 0 0 0 0 0 216 168 640 
0 0 0 0 5 1019 0 0 0 0 0 0 0 910 114 0 0 0 0 0 1 1013 10 0 
0 0 0 0 858 166 0 0 0 0 0 0 472 552 0 0 0 0 0 0 870 154 0 0 
0 0 0 0 1024 0 0 0 0 0 0 0 1024 0 0 0 0 0 0 0 1024 0 0 0 
0 0 0 517 507 0 0 0 0 0 0 66 958 0 0 0 0 0 0 877 147 0 0 0 
0 0 0 1024 0 0 0 0 0 0 0 971 53 0 0 0 0 0 0 1024 0 0 0 0 
0 0 0 816 208 0 0 0 0 0 0 782 242 0 0 0 0 0 0 994 30 0 0 0 
0 0 744 263 17 0 0 0 0 0 715 192 117 0 0 0 0 0 782 218 24 0 0 0 
101 167 686 66 3 1 0 0 167 103 626 127 0 1 0 0 133 127 718 29 16 0 1 0 
701 97 41 23 63 54 45 0 705 96 32 31 48 56 56 0 648 127 50 34 39 64 59 3 
552 87 68 45 105 111 54 2 536 104 53 48 101 109 68 5 482 145 70 47 90 107 76 7 
720 108 42 50 78 26 0 0 660 164 35 39 77 49 0 0 612 196 47 44 71 50 4 0 
470 255 109 36 75 66 13 0 432 273 115 39 68 59 38 0 410 281 123 44 53 58 55 0 
302 164 129 141 150 110 28 0 297 127 106 120 166 115 90 3 290 170 133 142 138 114 37 0 
0 58 252 501 203 10 0 0 0 23 219 400 338 44 0 0 3 198 352 333 137 1 0 0 
43 64 485 249 58 83 42 0 74 289 438 54 53 78 38 0 471 330 39 44 54 86 0 0 
279 192 186 185 140 40 2 0 318 240 199 70 119 70 8 0 545 179 46 55 136 56 7 0 
726 105 30 43 10 9 79 22 727 102 61 2 21 9 9 93 742 108 36 6 14 14 12 92 
324 111 21 78 191 123 152 24 325 113 25 60 180 103 140 78 213 214 27 64 158 104 145 99 
671 75 73 84 101 20 0 0 647 94 61 69 85 63 5 0 667 74 63 62 106 52 0 0 
795 96 2 32 63 36 0 0 775 98 19 20 31 75 6 0 764 116 12 24 50 47 11 0 
772 156 35 17 33 11 0 0 908 26 32 26 21 11 0 0 870 58 31 22 30 10 3 0 
662 80 29 48 90 62 45 8 589 133 39 59 46 88 52 18 488 245 23 44 53 84 51 36 
709 48 31 55 149 31 1 0 717 23 48 39 106 80 11 0 691 59 25 46 97 95 11 0 
874 100 24 16 10 0 0 0 873 92 28 12 18 1 0 0 898 78 25 16 7 0 0 0 
624 176 56 70 91 7 0 0 790 40 41 59 61 33 0 0 773 27 59 49 106 10 0 0 
745 74 45 89 70 1 0 0 715 97 45 62 83 22 0 0 770 56 39 45 112 2 0 0 
920 48 35 20 1 0 0 0 945 39 22 18 0 0 0 0 907 60 35 13 9 0 0 0 
751 34 41 66 129 3 0 0 721 63 29 49 96 66 0 0 684 94 45 29 108 64 0 0 
916 39 13 8 45 3 0 0 891 43 23 16 7 44 0 0 880 34 38 22 47 3 0 0 
38 168 245 62 222 289 0 0 0 84 288 128 173 351 0 0 0 4 31 286 335 360 8 0 
604 91 88 39 148 54 0 0 557 130 89 53 126 69 0 0 509 51 62 134 170 95 3 0 
723 101 70 85 45 0 0 0 712 108 57 82 52 13 0 0 695 114 70 87 58 0 0 0 
993 31 0 0 0 0 0 0 986 38 0 0 0 0 0 0 1024 0 0 0 0 0 0 0 
0 0 0 0 0 0 0 1024 0 0 0 0 0 0 0 1024 0 0 0 0 0 0 0 1024 
0 0 0 0 0 0 0 1024 0 0 0 0 0 0 0 1024 0 0 0 0 0 0 0 1024 
0 0 0 0 0 3 61 960 0 0 0 0 0 0 36 988 0 0 0 0 0 1 90 933 
0 0 0 0 0 0 0 1024 0 0 0 0 0 0 0 1024 0 0 0 0 0 0 0 1024 
0 0 0 0 0 356 85 583 0 0 0 0 0 318 111 595 0 0 0 0 0 360 285 379 
22 79 58 106 59 660 37 3 67 158 29 33 23 668 42 4 98 133 29 34 44 662 23 1 
0 6 3 10 865 140 0 0 4 4 8 3 643 362 0 0 0 6 4 9 957 48 0 0 
0 0 0 0 1024 0 0 0 0 0 0 0 1024 0 0 0 0 0 0 5 1019 0 0 0 
0 0 0 474 550 0 0 0 0 0 0 69 955 0 0 0 0 0 0 840 184 0 0 0 
0 0 0 1024 0 0 0 0 0 0 0 964 60 0 0 0 0 0 0 1024 0 0 0 0 
0 1 85 801 137 0 0 0 0 1 72 794 157 0 0 0 0 5 117 869 33 0 0 0 
0 0 326 478 76 144 0 0 0 0 186 571 99 168 0 0 0 0 564 263 120 77 0 0 
48 32 174 401 56 313 0 0 38 37 95 482 60 289 23 0 52 30 283 299 93 267 0 0 
234 93 142 178 39 255 83 0 207 110 147 177 39 108 236 0 240 117 150 145 41 284 47 0 
353 17 35 241 21 100 257 0 336 34 8 265 24 31 324 2 344 23 34 248 23 115 237 0 
300 68 26 158 106 62 304 0 274 90 23 118 130 64 320 5 306 64 22 198 72 100 262 0 
315 114 34 55 125 39 337 5 315 108 39 74 100 36 327 25 348 88 33 109 66 42 333 5 
275 98 57 61 111 31 379 12 236 66 101 71 114 40 317 79 271 91 66 86 89 31 372 18 
99 237 92 102 83 34 362 15 8 245 118 69 141 68 264 111 67 264 85 80 112 44 337 35 
344 172 44 32 39 57 317 19 396 127 37 18 40 65 222 119 425 105 30 27 39 56 317 25 
385 100 59 38 34 45 347 16 365 117 52 44 32 45 260 109 383 114 39 44 32 51 336 25 
579 52 31 8 4 6 344 0 519 105 18 22 9 2 278 71 560 67 34 5 8 4 342 4 
494 125 22 38 28 21 278 18 383 226 31 19 42 15 252 56 364 249 24 31 37 11 276 32 
458 128 70 55 21 24 268 0 441 145 73 35 40 4 265 21 487 122 66 41 19 17 272 0 
474 161 45 37 47 22 238 0 442 188 55 27 38 22 241 11 538 121 37 18 41 22 247 0 
707 50 23 25 16 8 186 9 706 54 21 11 27 8 163 34 709 53 16 24 19 7 181 15 
679 74 36 32 18 45 139 1 597 137 45 28 24 22 156 15 607 131 42 31 19 34 155 5 
677 76 38 37 37 72 87 0 677 68 34 38 34 32 139 2 677 70 40 30 37 50 120 0 
799 77 18 4 9 112 5 0 798 66 22 10 3 30 95 0 847 29 15 7 6 88 32 0 
599 235 104 13 6 62 5 0 676 202 57 14 7 7 61 0 718 178 48 8 5 61 6 0 
639 256 64 8 27 30 0 0 655 258 34 19 3 48 7 0 722 204 34 7 27 30 0 0 
743 243 14 18 5 1 0 0 798 192 2 24 6 2 0 0 881 111 17 12 3 0 0 0 
766 113 59 77 9 0 0 0 726 131 64 80 23 0 0 0 755 101 78 71 19 0 0 0 
975 44 5 0 0 0 0 0 941 61 20 2 0 0 0 0 951 57 14 2 0 0 0 0 
59 863 101 1 0 0 0 0 6 413 573 32 0 0 0 0 32 176 692 96 28 0 0 0 
669 343 12 0 0 0 0 0 607 331 85 1 0 0 0 0 539 226 215 38 6 0 0 0 
796 215 13 0 0 0 0 0 779 230 13 2 0 0 0 0 788 229 7 0 0 0 0 0 
945 79 0 0 0 0 0 0 934 90 0 0 0 0 0 0 1020 4 0 0 0 0 0 0 
0 0 0 0 0 0 41 983 0 0 0 0 0 0 36 988 0 0 0 0 0 37 192 795 
0 57 181 69 89 74 108 446 0 23 346 68 58 51 37 441 5 76 188 130 113 32 62 418 
0 0 0 0 0 0 28 996 0 0 0 0 0 0 0 1024 0 0 0 0 0 0 10 1014 
0 0 0 0 0 0 30 994 0 0 0 5 22 24 33 940 0 1 13 13 16 22 26 933 
0 0 0 0 0 241 331 452 0 0 94 116 86 276 114 338 99 84 61 47 34 279 123 297 
0 32 49 267 187 331 77 81 44 263 159 89 47 299 85 38 294 158 67 49 48 312 50 46 
0 0 33 219 687 85 0 0 0 245 74 37 625 43 0 0 212 65 39 31 656 21 0 0 
0 0 0 108 916 0 0 0 0 0 0 0 1023 1 0 0 0 0 0 281 743 0 0 0 
0 0 0 410 386 99 126 3 0 0 0 139 506 233 125 21 0 0 0 454 268 172 112 18 
0 0 13 902 109 0 0 0 0 0 0 757 267 0 0 0 0 0 81 890 53 0 0 0 
0 0 108 916 0 0 0 0 0 0 46 978 0 0 0 0 0 0 275 749 0 0 0 0 
0 0 561 463 0 0 0 0 0 0 309 715 0 0 0 0 0 0 943 81 0 0 0 0 
0 2 22 1000 0 0 0 0 0 2 16 1006 0 0 0 0 0 3 317 704 0 0 0 0 
0 0 151 873 0 0 0 0 0 0 141 882 1 0 0 0 0 2 306 716 0 0 0 0 
0 0 0 781 243 0 0 0 0 0 0 536 488 0 0 0 0 0 0 960 64 0 0 0 
0 0 0 70 954 0 0 0 0 0 0 0 1024 0 0 0 0 0 0 136 888 0 0 0 
0 0 0 0 979 45 0 0 0 0 0 0 686 338 0 0 0 0 0 11 888 125 0 0 
0 0 0 0 482 542 0 0 0 0 0 0 297 727 0 0 0 0 0 19 448 557 0 0 
0 0 0 0 351 673 0 0 0 0 0 0 209 815 0 0 0 0 0 0 379 645 0 0 
0 0 0 0 313 711 0 0 0 0 0 0 226 798 0 0 0 0 0 0 385 639 0 0 
0 0 0 0 257 761 6 0 0 0 0 0 185 832 7 0 0 0 0 0 423 595 6 0 
0 0 0 0 104 871 49 0 0 0 0 0 134 842 48 0 0 0 0 0 387 591 46 0 
0 0 0 0 167 757 98 2 0 0 0 31 111 782 100 0 0 0 0 58 235 641 90 0 
0 0 17 328 287 243 149 0 0 0 20 429 155 273 147 0 0 1 52 490 131 203 147 0 
0 0 0 229 448 161 186 0 0 0 1 257 365 216 185 0 0 0 42 311 405 81 185 0 
0 0 0 0 466 337 218 3 0 0 0 1 436 368 219 0 0 0 0 1 659 147 217 0 
0 0 0 0 332 454 238 0 0 0 0 0 228 554 242 0 0 0 0 0 610 175 239 0 
1 2 0 2 314 453 252 0 1 2 0 2 243 510 266 0 1 2 0 2 696 75 248 0 
0 0 0 0 475 289 260 0 0 0 0 0 355 351 318 0 0 0 0 0 672 78 274 0 
0 0 0 0 586 230 208 0 0 0 0 0 592 115 317 0 0 0 0 0 637 117 270 0 
0 0 0 0 608 351 65 0 0 0 0 0 607 89 328 0 0 0 0 5 612 164 243 0 
0 0 0 2 575 414 33 0 0 0 0 0 577 150 297 0 0 0 0 13 571 331 109 0 
0 0 5 15 550 439 15 0 0 0 0 18 541 330 135 0 0 0 4 45 522 407 46 0 
0 11 21 0 519 471 2 0 0 0 20 13 517 311 163 0 0 8 24 21 514 444 13 0 
0 2 30 24 521 442 5 0 0 0 28 25 506 406 59 0 0 0 32 112 438 440 2 0 
10 21 21 48 481 443 0 0 2 21 9 65 464 449 14 0 20 10 23 225 313 433 0 0 
58 24 13 47 446 436 0 0 36 36 16 47 443 443 3 0 64 21 16 235 278 410 0 0 
72 21 22 67 419 423 0 0 63 27 15 66 415 438 0 0 83 13 32 222 283 391 0 0 
0 0 0 0 0 1 31 992 0 0 1 4 31 51 62 875 3 6 30 30 28 47 52 828 
0 0 43 64 80 132 318 387 0 115 263 378 120 50 44 54 220 410 127 86 55 37 46 43 
62 325 251 182 69 26 13 96 31 539 85 169 70 22 15 93 1 506 145 164 77 20 16 95 
5 262 186 248 167 41 53 62 137 426 106 125 186 14 9 21 216 354 152 187 72 12 5 26 
0 2 121 282 406 96 111 6 13 420 146 247 198 0 0 0 325 215 34 412 38 0 0 0 
6 35 50 324 561 42 6 0 81 399 161 256 127 0 0 0 569 55 65 334 1 0 0 0 
0 0 6 142 669 115 81 11 0 156 45 158 557 12 12 84 163 26 41 469 217 17 67 24 
0 12 24 274 471 76 161 6 0 3 25 64 661 50 138 83 0 13 28 424 320 56 157 26 
34 58 30 85 627 84 71 35 20 82 19 16 464 314 48 61 20 69 32 46 431 311 36 79 
0 6 7 990 21 0 0 0 0 5 7 792 220 0 0 0 0 6 78 884 56 0 0 0 
0 30 176 799 19 0 0 0 0 136 88 796 4 0 0 0 96 98 421 409 0 0 0 0 
143 107 483 291 0 0 0 0 151 100 422 351 0 0 0 0 159 139 689 37 0 0 0 0 
365 141 265 251 2 0 0 0 362 143 269 248 2 0 0 0 292 272 351 107 2 0 0 0 
57 26 328 613 0 0 0 0 49 30 266 679 0 0 0 0 38 41 582 363 0 0 0 0 
0 0 0 1011 13 0 0 0 0 0 0 962 62 0 0 0 0 0 0 1021 3 0 0 0 
174 58 36 358 398 0 0 0 171 57 39 329 428 0 0 0 159 70 34 480 281 0 0 0 
0 0 23 190 789 22 0 0 0 0 15 170 648 191 0 0 0 0 41 219 696 68 0 0 
0 0 0 0 144 880 0 0 0 0 0 0 2 1022 0 0 0 0 0 0 31 993 0 0 
88 34 14 20 10 842 16 0 86 35 19 18 10 799 57 0 60 58 18 17 13 797 61 0 
19 19 25 21 12 891 37 0 18 28 22 17 12 637 290 0 10 22 25 23 14 812 118 0 
6 13 16 14 15 954 6 0 9 13 16 17 9 955 5 0 6 11 13 16 16 952 10 0 
0 0 0 0 1 1023 0 0 0 0 0 0 0 1000 24 0 0 0 0 0 0 1024 0 0 
0 0 0 0 0 1024 0 0 0 0 0 0 0 766 258 0 0 0 0 0 0 832 192 0 
0 2 31 35 248 597 111 0 0 0 19 51 212 432 310 0 0 4 28 170 116 500 206 0 
0 0 0 89 164 771 0 0 0 0 0 115 110 687 112 0 0 0 0 167 123 725 9 0 
0 0 0 0 0 1024 0 0 0 0 0 0 0 971 53 0 0 0 0 0 2 1020 2 0 
0 0 0 0 0 1024 0 0 0 0 0 0 0 1024 0 0 0 0 0 0 55 969 0 0 
0 0 0 0 0 1024 0 0 0 0 0 0 0 1024 0 0 0 0 0 0 192 832 0 0 
0 23 12 17 87 883 2 0 15 19 12 14 32 932 0 0 8 21 16 12 351 616 0 0 
0 324 91 33 474 102 0 0 379 30 34 39 455 87 0 0 374 34 36 33 546 1 0 0 
0 362 35 13 589 25 0 0 371 17 15 61 560 0 0 0 363 21 16 45 579 0 0 0 
0 322 21 21 660 0 0 0 323 17 18 66 600 0 0 0 298 37 12 47 630 0 0 0 
0 271 27 17 709 0 0 0 261 29 18 69 647 0 0 0 241 42 24 53 664 0 0 0 
0 32 30 60 902 0 0 0 13 33 30 45 880 23 0 0 32 17 46 54 875 0 0 0 
0 0 0 0 1024 0 0 0 0 0 0 0 938 86 0 0 0 0 0 0 1024 0 0 0 
0 0 0 0 1024 0 0 0 0 0 0 0 1014 10 0 0 0 0 0 0 1024 0 0 0 
0 0 0 0 1024 0 0 0 0 0 0 0 1024 0 0 0 0 0 0 0 1024 0 0 0 
0 0 0 0 1024 0 0 0 0 0 0 0 1024 0 0 0 0 0 0 18 1006 0 0 0 
0 10 61 52 91 202 304 304 0 8 100 58 45 200 144 469 0 80 62 50 79 169 235 349 
0 36 130 312 359 84 54 49 1 191 184 116 488 44 0 0 208 218 30 50 494 24 0 0 
275 180 119 331 119 0 0 0 205 291 65 261 202 0 0 0 60 433 71 320 140 0 0 0 
171 188 142 265 232 26 0 0 288 307 90 150 189 0 0 0 325 353 51 201 93 1 0 0 
0 156 581 190 97 0 0 0 169 562 24 185 84 0 0 0 361 355 31 237 40 0 0 0 
668 117 138 58 43 0 0 0 720 188 16 91 9 0 0 0 604 297 24 86 13 0 0 0 
418 79 11 44 55 19 391 7 384 105 17 79 21 10 88 320 227 212 63 55 47 4 282 134 
0 0 21 390 226 85 302 0 0 0 0 67 439 136 155 227 0 0 31 438 143 65 341 6 
155 302 368 184 15 0 0 0 15 625 309 54 21 0 0 0 445 466 85 28 0 0 0 0 
0 26 291 703 4 0 0 0 0 136 187 699 2 0 0 0 138 123 344 419 0 0 0 0 
27 123 495 352 27 0 0 0 67 330 180 442 5 0 0 0 371 134 427 92 0 0 0 0 
461 134 390 39 0 0 0 0 490 260 133 141 0 0 0 0 717 73 234 0 0 0 0 0 
726 202 90 6 0 0 0 0 586 400 27 10 1 0 0 0 662 330 24 6 2 0 0 0 
434 167 231 192 0 0 0 0 285 220 313 206 0 0 0 0 152 511 279 82 0 0 0 0 
82 46 531 365 0 0 0 0 95 26 514 389 0 0 0 0 101 203 506 214 0 0 0 0 
557 324 42 90 5 1 4 1 802 86 45 83 2 4 1 1 832 63 61 60 2 4 1 1 
304 238 170 121 185 6 0 0 385 197 147 104 76 115 0 0 446 169 123 105 109 72 0 0 
368 141 68 71 171 205 0 0 310 170 90 62 117 249 26 0 311 176 80 69 133 253 2 0 
159 26 21 31 115 661 11 0 128 43 34 24 70 412 312 1 143 41 14 35 137 563 91 0 
145 85 21 20 216 326 211 0 109 107 33 13 135 296 330 1 103 121 26 22 278 190 284 0 
121 66 16 27 472 322 0 0 89 87 22 44 358 396 28 0 96 90 16 179 371 265 7 0 
0 0 0 203 594 227 0 0 0 0 0 351 386 273 14 0 0 0 50 442 290 242 0 0 
0 2 7 9 24 686 295 1 0 2 8 8 10 194 801 1 0 1 8 8 21 213 772 1 
51 80 67 83 219 153 368 3 86 87 48 66 203 91 440 3 116 64 43 121 159 105 409 7 
0 0 0 27 183 398 416 0 0 0 0 95 97 102 730 0 0 0 0 155 69 98 702 0 
0 0 0 0 0 437 587 0 0 0 0 0 0 17 1007 0 0 0 0 0 0 48 976 0 
0 0 0 0 0 866 158 0 0 0 0 0 0 116 908 0 0 0 0 0 0 305 719 0 
0 0 0 0 0 979 45 0 0 0 0 0 0 395 629 0 0 0 0 0 0 494 530 0 
1 33 38 32 54 850 16 0 28 34 30 55 19 456 402 0 20 36 32 56 17 528 335 0 
0 205 142 142 114 421 0 0 171 167 137 54 39 449 7 0 272 101 135 54 114 290 58 0 
0 107 78 105 82 648 4 0 77 90 16 102 44 685 10 0 167 9 7 49 252 461 79 0 
0 187 46 26 112 652 1 0 149 77 9 15 30 744 0 0 224 9 10 11 195 567 8 0 
0 394 118 121 132 259 0 0 410 109 110 26 26 342 1 0 448 83 103 27 79 260 24 0 
0 100 224 235 360 105 0 0 22 156 165 197 227 257 0 0 123 97 247 127 302 128 0 0 
0 0 0 0 233 791 0 0 0 0 0 0 2 1022 0 0 0 0 0 0 300 724 0 0 
0 0 0 0 409 615 0 0 0 0 0 0 42 982 0 0 0 0 0 0 225 799 0 0 
0 0 0 0 583 441 0 0 0 0 0 0 133 891 0 0 0 0 0 0 328 696 0 0 
0 0 0 0 772 252 0 0 0 0 0 0 185 839 0 0 0 0 0 0 380 644 0 0 
221 65 86 149 228 107 79 89 282 278 77 72 78 110 48 79 89 369 175 98 62 118 67 46 
388 255 25 195 161 0 0 0 80 556 26 18 334 10 0 0 3 580 64 23 346 8 0 0 
852 78 12 66 16 0 0 0 484 438 14 11 77 0 0 0 90 834 15 21 64 0 0 0 
321 288 176 60 79 72 28 0 222 645 82 72 3 0 0 0 365 595 64 0 0 0 0 0 
0 100 899 9 4 2 2 8 233 758 15 4 3 1 4 6 449 556 4 4 1 3 3 4 
599 66 138 95 65 28 22 11 570 192 48 40 108 25 15 26 509 257 49 46 102 26 17 18 
385 53 28 57 176 157 168 0 275 143 24 63 140 100 169 110 191 206 64 100 105 97 248 13 
11 12 16 239 302 260 169 15 3 11 18 82 248 205 308 149 12 10 21 274 200 177 292 38 
166 396 281 151 16 12 2 0 38 551 342 38 30 9 16 0 345 556 67 31 11 9 5 0 
0 32 242 750 0 0 0 0 0 32 349 643 0 0 0 0 9 64 799 152 0 0 0 0 
0 11 343 567 43 27 25 8 1 93 323 533 33 22 19 0 135 118 650 87 15 19 0 0 
626 95 144 159 0 0 0 0 634 74 122 194 0 0 0 0 679 92 252 1 0 0 0 0 
908 105 11 0 0 0 0 0 958 66 0 0 0 0 0 0 997 27 0 0 0 0 0 0 
550 440 34 0 0 0 0 0 460 476 88 0 0 0 0 0 504 498 22 0 0 0 0 0 
70 415 301 210 27 1 0 0 95 336 326 260 7 0 0 0 141 409 394 79 1 0 0 0 
296 208 156 154 203 7 0 0 327 217 131 228 121 0 0 0 365 234 132 259 34 0 0 0 
179 7 28 80 401 291 38 0 177 7 30 5 263 347 195 0 180 4 30 15 319 309 167 0 
0 0 0 0 495 344 185 0 0 0 0 0 347 300 377 0 0 0 0 22 449 311 242 0 
0 0 0 0 6 435 580 3 0 0 0 0 124 129 771 0 0 0 0 66 90 261 607 0 
0 0 0 0 23 462 533 6 0 0 0 0 196 365 463 0 0 0 0 41 267 332 384 0 
0 0 29 114 387 494 0 0 0 0 16 156 175 677 0 0 0 17 104 167 518 218 0 0 
0 0 0 21 176 214 612 1 0 0 0 22 136 158 636 72 0 0 8 96 108 173 608 31 
0 9 81 113 285 424 95 17 11 86 89 100 208 278 241 11 28 93 80 133 209 211 260 10 
0 8 564 230 152 40 25 5 432 274 76 84 95 31 30 2 633 98 65 120 51 35 20 2 
0 0 5 91 360 262 306 0 0 2 10 234 200 184 394 0 0 5 41 301 159 183 335 0 
0 0 1 9 23 222 767 2 0 0 0 7 22 113 879 3 0 0 1 9 26 182 804 2 
0 0 0 0 0 644 380 0 0 0 0 0 0 128 896 0 0 0 0 0 0 305 719 0 
0 0 0 0 8 430 586 0 0 0 0 0 1 75 948 0 0 0 0 0 10 91 923 0 
0 39 33 68 64 299 521 0 36 42 80 36 14 46 770 0 17 63 71 36 17 10 810 0 
0 93 155 108 125 543 0 0 150 84 136 33 44 334 243 0 193 90 112 30 54 94 451 0 
0 0 20 215 165 624 0 0 0 0 0 90 217 624 93 0 0 0 2 139 187 197 499 0 
0 0 1 142 240 641 0 0 0 0 0 8 233 756 27 0 0 0 76 122 151 524 151 0 
0 159 191 150 36 482 6 0 258 124 126 16 20 436 44 0 279 89 121 24 23 170 318 0 
0 26 318 374 256 50 0 0 1 143 221 320 231 108 0 0 95 119 381 164 200 65 0 0 
0 0 0 0 20 1004 0 0 0 0 0 0 0 1024 0 0 0 0 0 0 8 1009 7 0 
0 0 0 0 2 1022 0 0 0 0 0 0 0 1024 0 0 0 0 0 0 0 1015 9 0 
0 0 0 0 0 1024 0 0 0 0 0 0 0 1024 0 0 0 0 0 0 0 1024 0 0 
0 0 0 0 9 1015 0 0 0 0 0 0 0 1024 0 0 0 0 0 0 0 1024 0 0 
144 145 72 85 270 165 78 65 174 289 60 39 174 132 57 99 73 342 97 55 191 109 72 85 
490 235 27 44 228 0 0 0 93 625 32 22 251 1 0 0 1 724 28 96 175 0 0 0 
198 136 42 106 369 85 38 50 27 243 57 59 360 93 96 89 34 261 57 85 385 92 56 54 
43 29 20 36 452 115 66 263 1 58 21 16 437 72 93 326 18 61 18 76 398 90 100 263 
0 0 3 28 380 87 154 372 0 0 9 21 368 93 90 443 0 8 6 48 361 76 168 357 
0 0 0 88 588 188 153 7 0 0 0 23 485 273 154 89 0 0 0 347 355 147 134 41 
0 0 0 74 345 215 386 4 0 0 0 7 262 132 304 319 0 0 4 248 150 162 446 14 
0 0 0 47 44 33 586 314 0 0 0 14 67 32 48 863 0 0 7 41 42 33 306 595 
126 271 97 413 19 71 27 0 40 551 272 37 20 12 87 5 700 156 49 18 7 89 5 0 
327 279 169 249 0 0 0 0 0 395 413 216 0 0 0 0 135 537 352 0 0 0 0 0 
323 290 167 149 30 9 35 21 0 589 195 166 12 14 47 1 406 342 193 22 18 36 7 0 
841 113 57 13 0 0 0 0 634 309 67 14 0 0 0 0 883 109 32 0 0 0 0 0 
1024 0 0 0 0 0 0 0 1024 0 0 0 0 0 0 0 1024 0 0 0 0 0 0 0 
466 503 55 0 0 0 0 0 470 472 82 0 0 0 0 0 608 408 8 0 0 0 0 0 
228 88 383 325 0 0 0 0 227 84 337 376 0 0 0 0 256 128 588 52 0 0 0 0 
930 72 10 9 3 0 0 0 947 57 10 8 2 0 0 0 952 52 9 10 1 0 0 0 
170 9 47 29 377 368 24 0 170 7 46 22 237 442 100 0 173 10 52 70 325 334 60 0 
0 0 0 109 361 494 60 0 0 0 0 0 431 326 267 0 0 0 0 340 197 401 86 0 
0 0 0 14 124 586 300 0 0 0 0 8 145 557 314 0 0 0 0 95 267 614 48 0 
0 0 0 0 198 549 277 0 0 0 0 0 175 660 189 0 0 0 0 12 395 539 78 0 
0 0 60 189 330 445 0 0 0 0 49 189 32 754 0 0 0 161 91 27 667 78 0 0 
0 0 0 68 114 345 497 0 0 0 8 96 93 149 678 0 14 86 76 48 74 157 568 1 
0 28 189 386 190 218 9 4 23 303 243 91 123 222 18 1 167 279 161 66 144 202 5 0 
2 611 280 87 44 0 0 0 868 155 1 0 0 0 0 0 1014 10 0 0 0 0 0 0 
0 106 71 152 566 127 2 0 57 99 45 220 485 114 4 0 72 100 141 246 437 28 0 0 
0 0 0 3 371 563 87 0 0 0 0 14 378 433 199 0 0 0 0 162 326 371 165 0 
0 0 0 0 119 814 91 0 0 0 0 0 116 625 283 0 0 0 0 0 176 758 90 0 
0 0 0 0 0 811 213 0 0 0 0 0 0 415 609 0 0 0 0 0 11 388 625 0 
4 36 45 135 29 359 416 0 43 80 112 8 19 31 731 0 34 155 35 16 8 23 753 0 
0 128 112 121 140 523 0 0 147 94 75 46 83 239 340 0 206 87 49 66 79 161 376 0 
0 0 36 150 387 451 0 0 0 0 0 29 259 586 150 0 0 0 29 165 201 441 188 0 
0 0 191 335 177 321 0 0 0 0 0 166 388 332 138 0 0 0 144 366 128 264 122 0 
0 163 240 141 23 427 30 0 263 226 55 17 19 314 130 0 332 93 107 22 13 39 418 0 
0 20 303 565 136 0 0 0 1 107 249 477 190 0 0 0 52 122 431 303 116 0 0 0 
0 0 0 0 235 789 0 0 0 0 0 0 118 742 164 0 0 0 0 0 173 679 172 0 
0 0 0 0 0 1024 0 0 0 0 0 0 0 797 227 0 0 0 0 0 0 535 489 0 
0 0 0 0 0 1024 0 0 0 0 0 0 0 826 198 0 0 0 0 0 0 721 303 0 
0 0 0 0 0 1024 0 0 0 0 0 0 0 1014 10 0 0 0 0 0 0 867 157 0 
0 0 0 2 280 16 10 716 0 0 0 0 272 21 13 718 0 0 0 6 280 14 11 713 
0 0 0 11 103 8 15 887 0 0 0 1 108 10 13 892 0 0 0 24 90 12 13 885 
0 0 0 0 1 2 3 1018 0 0 0 0 1 2 2 1019 0 0 0 0 2 2 2 1018 
0 0 0 0 0 0 0 1024 0 0 0 0 0 0 0 1024 0 0 0 0 0 0 0 1024 
0 0 0 0 0 0 166 858 0 0 0 0 0 0 16 1008 0 0 0 0 0 0 160 864 
0 0 6 122 344 178 374 0 0 0 0 20 220 338 317 129 0 0 13 120 324 191 362 14 
0 0 4 60 84 246 574 56 0 0 0 9 68 88 373 486 0 0 8 37 87 144 435 313 
0 0 5 18 81 50 580 290 0 0 2 18 62 58 53 831 0 2 13 43 58 48 228 632 
191 267 384 114 20 26 22 0 110 691 85 44 37 11 30 16 536 343 47 41 11 31 15 0 
411 402 211 0 0 0 0 0 68 901 55 0 0 0 0 0 540 483 1 0 0 0 0 0 
382 300 219 55 7 44 15 2 124 702 114 19 39 22 3 1 703 237 19 38 22 4 1 0 
366 403 247 8 0 0 0 0 351 627 44 2 0 0 0 0 805 211 8 0 0 0 0 0 
755 264 5 0 0 0 0 0 831 188 5 0 0 0 0 0 953 71 0 0 0 0 0 0 
199 370 307 148 0 0 0 0 220 348 290 166 0 0 0 0 460 332 232 0 0 0 0 0 
89 349 335 251 0 0 0 0 83 304 328 309 0 0 0 0 248 331 404 41 0 0 0 0 
522 38 220 244 0 0 0 0 508 39 139 338 0 0 0 0 539 57 428 0 0 0 0 0 
93 38 97 407 369 20 0 0 99 31 98 249 429 118 0 0 109 49 254 349 255 8 0 0 
0 0 8 454 286 276 0 0 0 0 4 97 585 302 36 0 0 2 63 578 182 199 0 0 
0 0 0 6 18 977 23 0 0 0 0 7 16 615 386 0 0 0 4 9 51 960 0 0 
0 0 0 0 271 753 0 0 0 0 0 0 8 1016 0 0 0 0 0 0 224 800 0 0 
0 0 0 224 141 659 0 0 0 0 224 32 38 730 0 0 2 222 15 17 702 66 0 0 
0 0 0 84 55 660 225 0 0 0 56 46 47 278 597 0 0 64 39 42 97 434 348 0 
0 0 382 322 158 162 0 0 0 359 313 32 124 196 0 0 0 571 128 22 152 151 0 0 
0 701 156 134 33 0 0 0 632 370 22 0 0 0 0 0 880 144 0 0 0 0 0 0 
0 185 37 109 630 55 8 0 111 83 30 246 498 48 8 0 150 63 98 489 187 37 0 0 
0 0 0 329 652 42 1 0 0 0 0 564 437 22 1 0 0 0 178 701 134 11 0 0 
0 0 0 15 804 203 2 0 0 0 0 20 783 216 5 0 0 0 0 336 627 60 1 0 
0 0 0 0 85 939 0 0 0 0 0 0 112 885 27 0 0 0 0 8 185 808 23 0 
0 45 43 138 83 631 84 0 45 88 147 24 18 402 300 0 29 168 76 24 105 390 232 0 
0 150 100 56 79 639 0 0 155 84 32 27 36 474 216 0 206 63 32 35 44 184 460 0 
0 0 0 27 323 674 0 0 0 0 0 0 113 895 16 0 0 0 0 32 161 615 216 0 
0 0 0 6 154 864 0 0 0 0 0 0 53 883 88 0 0 0 0 0 46 668 310 0 
0 251 210 118 34 405 6 0 285 259 33 14 23 357 53 0 367 111 84 24 25 147 266 0 
0 21 293 667 32 11 0 0 0 75 317 570 60 2 0 0 24 116 569 305 10 0 0 0 
0 0 0 27 537 460 0 0 0 0 0 0 345 673 6 0 0 0 0 56 319 608 41 0 
0 0 0 0 0 1024 0 0 0 0 0 0 0 943 81 0 0 0 0 0 0 776 248 0 
0 0 0 0 0 1024 0 0 0 0 0 0 0 812 212 0 0 0 0 0 0 538 486 0 
0 0 0 0 0 1024 0 0 0 0 0 0 0 1024 0 0 0 0 0 0 0 824 200 0 
0 0 0 0 0 0 0 1024 0 0 0 0 0 0 0 1024 0 0 0 0 0 0 0 1024 
0 0 0 0 0 0 0 1024 0 0 0 0 0 0 0 1024 0 0 0 0 0 0 0 1024 
0 0 0 0 0 0 0 1024 0 0 0 0 0 0 0 1024 0 0 0 0 0 0 0 1024 
0 0 0 0 0 0 0 1024 0 0 0 0 0 0 0 1024 0 0 0 0 0 0 0 1024 
0 0 0 1 8 8 32 975 0 0 0 0 6 8 9 1001 0 0 0 0 6 8 37 973 
9 64 99 96 120 106 210 320 9 106 75 58 63 125 134 454 19 72 97 102 107 117 223 287 
24 78 87 104 78 67 564 22 6 103 96 60 50 72 137 500 33 89 83 82 73 73 543 48 
0 0 3 11 35 198 754 23 0 0 0 3 85 151 206 579 0 0 0 20 191 148 539 126 
1 203 546 63 71 112 26 2 76 599 108 49 139 46 4 3 588 177 57 99 88 11 4 0 
0 444 517 34 29 0 0 0 205 740 21 18 40 0 0 0 938 28 25 33 0 0 0 0 
35 486 318 127 54 4 0 0 307 432 86 106 87 6 0 0 688 120 112 90 14 0 0 0 
7 86 594 112 225 0 0 0 181 462 61 168 152 0 0 0 564 132 98 230 0 0 0 0 
0 163 451 158 252 0 0 0 425 176 39 285 99 0 0 0 599 30 214 181 0 0 0 0 
0 103 387 429 105 0 0 0 140 102 181 512 89 0 0 0 228 96 474 226 0 0 0 0 
0 0 27 734 263 0 0 0 0 0 5 736 283 0 0 0 0 0 634 390 0 0 0 0 
0 0 4 592 428 0 0 0 0 0 15 611 398 0 0 0 0 1 479 544 0 0 0 0 
0 0 22 269 730 3 0 0 0 0 10 199 787 28 0 0 0 3 82 664 275 0 0 0 
0 0 1 76 876 71 0 0 0 0 2 82 780 160 0 0 0 0 56 466 502 0 0 0 
0 0 3 43 516 462 0 0 0 0 0 16 376 632 0 0 0 0 4 157 819 44 0 0 
0 0 0 8 630 386 0 0 0 0 0 4 183 837 0 0 0 0 0 51 802 171 0 0 
0 0 1 175 669 179 0 0 0 0 55 138 506 325 0 0 23 48 95 351 507 0 0 0 
0 0 3 69 244 625 83 0 0 0 26 61 156 560 221 0 6 26 39 97 385 412 59 0 
33 116 419 147 185 124 0 0 6 303 268 72 205 170 0 0 30 397 181 146 193 77 0 0 
242 585 161 28 4 4 0 0 541 441 15 6 15 2 3 1 797 197 8 15 3 4 0 0 
12 157 31 156 506 157 5 0 100 90 43 272 323 173 18 5 130 78 204 265 236 103 8 0 
0 0 52 445 350 151 26 0 0 0 117 417 200 227 63 0 0 33 410 150 239 159 33 0 
0 0 0 150 489 314 65 6 0 0 2 273 322 314 109 4 0 1 65 403 262 238 52 3 
0 0 0 25 630 278 91 0 0 0 0 81 555 248 140 0 0 0 2 352 411 174 85 0 
0 54 76 155 95 475 169 0 64 102 134 66 45 443 170 0 92 107 108 84 297 328 8 0 
0 151 387 53 42 373 15 3 441 113 19 23 31 368 29 0 503 62 23 29 71 276 60 0 
0 135 188 34 49 610 8 0 305 19 14 10 37 636 3 0 268 51 14 27 116 535 13 0 
0 154 57 11 119 672 11 0 191 18 13 11 27 764 0 0 128 74 12 14 87 687 22 0 
0 205 227 124 157 302 9 0 203 266 46 47 95 342 25 0 234 203 77 83 123 289 15 0 
0 5 32 257 395 224 88 23 0 3 44 211 389 215 124 38 0 12 56 220 338 235 129 34 
0 0 0 80 693 244 7 0 0 0 0 46 470 497 11 0 0 0 0 69 536 412 7 0 
0 0 0 0 0 1024 0 0 0 0 0 0 0 974 50 0 0 0 0 0 0 841 183 0 
0 0 0 0 0 1024 0 0 0 0 0 0 0 1014 10 0 0 0 0 0 0 886 138 0 
0 0 0 0 9 1015 0 0 0 0 0 0 0 1024 0 0 0 0 0 0 0 1019 5 0 
0 0 0 0 0 0 0 1024 0 0 0 0 0 0 0 1024 0 0 0 0 0 0 0 1024 
0 0 0 0 0 0 0 1024 0 0 0 0 0 0 0 1024 0 0 0 0 0 0 0 1024 
0 0 0 0 0 0 0 1024 0 0 0 0 0 0 0 1024 0 0 0 0 0 0 0 1024 
0 0 0 0 0 0 0 1024 0 0 0 0 0 0 0 1024 0 0 0 0 0 0 0 1024 
0 0 0 0 0 0 241 783 0 0 0 0 0 0 206 818 0 0 0 0 0 0 232 792 
0 0 0 0 0 23 123 878 0 0 0 0 0 16 95 913 0 0 0 0 0 26 67 931 
0 0 0 0 0 0 126 898 0 0 0 0 0 0 18 1006 0 0 0 0 0 0 103 921 
0 0 0 3 8 24 417 572 0 0 0 0 8 7 212 797 0 0 0 4 7 66 423 524 
0 6 29 30 132 264 523 40 0 10 16 35 55 273 336 299 13 17 31 47 237 166 509 4 
0 0 0 53 477 334 160 0 0 0 0 26 372 350 262 14 0 0 19 181 521 191 112 0 
0 0 21 95 688 138 82 0 0 0 0 79 640 193 112 0 0 0 45 461 392 109 17 0 
0 1 10 54 879 80 0 0 0 1 4 32 769 218 0 0 0 3 26 474 518 3 0 0 
0 4 45 171 763 41 0 0 0 0 27 130 666 201 0 0 0 12 104 439 469 0 0 0 
0 0 21 143 828 32 0 0 0 0 28 89 655 251 1 0 0 0 64 386 568 6 0 0 
0 5 45 170 705 99 0 0 0 0 13 116 676 219 0 0 0 9 65 402 543 5 0 0 
0 0 0 14 867 143 0 0 0 0 2 38 656 328 0 0 0 0 77 274 673 0 0 0 
0 0 0 5 420 599 0 0 0 0 2 27 324 671 0 0 0 0 3 115 876 30 0 0 
0 0 0 24 555 445 0 0 0 0 0 1 372 651 0 0 0 0 0 138 769 117 0 0 
0 0 0 0 205 819 0 0 0 0 0 0 88 936 0 0 0 0 0 1 505 518 0 0 
0 0 0 0 32 992 0 0 0 0 0 0 5 1019 0 0 0 0 0 21 522 481 0 0 
0 0 2 31 257 734 0 0 0 0 0 17 147 860 0 0 0 0 7 64 815 138 0 0 
0 0 2 11 225 786 0 0 0 0 0 7 75 925 17 0 0 0 6 13 373 632 0 0 
0 0 19 75 443 481 6 0 0 0 9 37 203 758 16 1 0 0 26 80 563 350 5 0 
0 0 10 30 89 756 139 0 0 0 4 12 48 520 440 0 0 0 12 36 123 597 256 0 
0 0 5 58 163 637 161 0 0 0 3 25 134 366 495 1 0 0 5 51 157 404 407 0 
0 0 0 19 114 437 454 0 0 0 0 7 51 286 680 0 0 0 0 12 91 282 639 0 
0 0 0 26 239 410 349 0 0 0 0 53 152 341 478 0 0 0 10 105 174 298 436 1 
0 0 0 0 14 374 635 1 0 0 0 0 0 249 771 4 0 0 0 0 10 503 511 0 
0 18 41 58 143 683 81 0 0 0 43 57 268 463 193 0 0 7 29 285 370 329 4 0 
0 231 131 284 81 278 19 0 34 95 171 228 193 204 99 0 59 126 125 232 187 225 70 0 
11 380 337 295 1 0 0 0 224 28 276 366 130 0 0 0 234 101 272 365 52 0 0 0 
21 220 375 408 0 0 0 0 226 20 149 333 296 0 0 0 231 29 173 366 225 0 0 0 
6 252 500 265 1 0 0 0 218 54 108 488 156 0 0 0 252 39 143 470 120 0 0 0 
111 246 427 147 48 5 18 22 43 179 223 444 84 11 15 25 68 170 257 376 93 13 20 27 
29 64 487 162 277 5 0 0 19 47 212 424 226 96 0 0 10 56 365 301 196 96 0 0 
203 219 105 91 36 370 0 0 158 168 160 94 56 383 5 0 172 185 146 83 38 350 50 0 
0 0 91 296 48 589 0 0 0 0 42 179 207 596 0 0 0 6 32 255 121 569 41 0 
21 22 92 332 182 353 8 14 15 24 138 272 141 412 4 18 9 80 126 253 90 438 11 17 
