0 0 1 21 65 360 344 233 0 0 2 54 113 401 378 76 92 83 182 101 86 333 119 28 
0 19 121 13 65 189 326 291 0 0 12 158 126 279 320 129 103 97 143 245 75 155 127 79 
0 15 62 38 59 149 621 80 0 0 14 106 75 289 519 21 79 99 136 102 94 265 243 6 
0 0 5 17 58 530 211 203 0 2 4 24 94 539 355 6 21 79 165 97 532 42 87 1 
0 1 58 76 164 451 63 211 0 5 103 32 189 427 181 87 1 96 62 144 388 236 74 23 
0 3 6 17 238 579 89 92 0 4 10 24 127 694 133 32 6 20 65 119 58 667 71 18 
0 18 44 25 256 435 170 76 0 27 48 15 41 648 168 77 0 49 34 36 51 644 164 46 
14 29 72 74 60 409 285 81 23 58 88 43 40 398 293 81 43 98 46 38 47 393 283 76 
17 113 150 147 231 351 14 1 30 150 180 75 232 330 27 0 81 226 72 70 262 280 33 0 
25 227 241 92 80 61 282 16 33 259 219 95 71 20 311 16 247 260 107 45 23 40 287 15 
23 307 295 155 52 49 131 12 44 325 160 102 215 40 125 13 282 252 68 119 142 41 104 16 
35 177 327 192 106 117 60 10 44 215 205 214 211 89 43 3 279 197 153 166 122 69 33 5 
67 118 98 79 97 192 351 22 49 126 111 94 161 216 252 15 199 186 108 103 164 156 106 2 
117 230 131 69 124 109 206 38 116 243 112 141 125 78 195 14 359 240 113 64 56 86 102 4 
312 264 104 45 37 51 138 73 381 262 57 42 43 110 116 13 480 312 105 36 22 26 31 12 
469 382 106 46 9 5 7 0 608 345 41 9 9 5 7 0 612 357 30 6 11 2 6 0 
77 56 79 103 180 249 273 7 75 81 120 148 157 283 160 0 260 187 138 97 88 180 74 0 
11 35 72 104 206 530 66 0 24 50 109 158 165 478 40 0 132 119 120 85 160 399 9 0 
5 17 53 50 110 287 421 81 9 30 74 84 252 298 261 16 415 156 80 70 68 98 127 10 
49 15 54 79 184 286 318 39 48 14 57 145 307 264 164 25 346 142 140 118 94 85 93 6 
13 16 63 214 321 244 128 25 13 24 113 336 335 111 89 3 368 211 128 156 84 36 39 2 
20 13 46 99 169 298 326 53 15 18 75 210 239 332 131 4 388 272 91 110 51 70 38 4 
75 56 40 47 173 212 253 168 37 70 67 143 195 232 149 131 199 221 153 109 94 78 51 119 
118 128 108 124 272 172 14 88 209 161 183 272 94 7 14 84 270 195 289 143 27 5 19 76 
182 120 284 220 134 78 6 0 254 460 151 79 52 28 0 0 365 430 104 66 35 24 0 0 
79 81 112 207 243 260 37 5 104 106 185 226 289 87 24 3 427 197 157 88 90 55 6 4 
381 117 156 120 119 107 21 3 417 173 142 113 74 85 17 3 520 190 104 69 77 57 6 1 
19 58 122 338 248 114 110 15 13 71 361 269 145 54 98 13 128 298 233 119 80 58 100 8 
208 177 198 208 117 60 50 6 229 216 220 142 108 43 60 6 408 218 135 100 61 38 58 6 
188 288 314 174 24 11 24 1 214 368 268 122 24 10 17 1 514 311 86 66 22 9 15 1 
163 334 138 82 41 43 141 82 202 354 153 34 22 39 139 81 607 115 23 13 11 37 138 80 
16 19 4 5 15 305 393 267 3 25 12 6 17 315 382 264 2 4 19 18 24 324 363 270 
16 130 264 178 77 99 232 28 29 209 328 85 21 101 227 24 79 323 214 39 21 125 205 18 
133 169 76 101 230 249 57 9 155 209 51 73 255 223 51 7 183 213 39 104 259 178 42 6 
57 324 170 98 143 190 38 4 58 332 207 142 158 94 33 0 273 487 95 35 36 66 31 1 
20 121 101 388 245 126 23 0 14 124 159 391 212 98 24 2 60 166 183 358 148 87 20 2 
80 119 127 163 207 187 141 0 119 135 137 186 148 196 103 0 133 186 188 133 121 203 60 0 
44 69 46 95 160 359 239 12 65 63 78 112 254 355 97 0 333 134 107 92 119 192 45 2 
94 116 190 133 136 277 69 9 112 152 191 197 161 177 34 0 561 172 99 59 37 68 28 0 
31 11 15 39 105 418 333 72 34 10 30 104 95 393 288 70 195 38 29 24 60 348 261 69 
0 1 5 18 107 547 345 1 0 1 5 18 137 560 302 1 0 1 11 23 156 595 235 3 
0 86 405 214 18 157 144 0 0 129 530 48 27 170 120 0 11 225 468 7 37 173 103 0 
10 64 166 180 268 297 39 0 11 113 188 129 261 294 28 0 47 141 154 152 259 243 28 0 
9 53 302 230 264 124 40 2 26 138 324 214 205 81 34 2 333 245 70 136 133 75 29 3 
10 69 164 410 365 6 0 0 25 86 205 539 169 0 0 0 91 119 223 493 98 0 0 0 
188 177 130 133 157 158 81 0 192 183 124 134 164 156 71 0 242 174 124 134 171 128 51 0 
266 357 69 91 99 124 18 0 337 270 81 83 115 119 18 1 539 110 74 83 101 104 13 0 
210 405 224 79 59 39 5 3 259 396 222 45 60 37 3 2 390 276 186 66 58 38 8 2 
34 49 39 60 96 244 346 156 62 49 25 67 93 240 337 151 119 24 38 36 110 224 306 167 
3 10 10 45 97 734 109 16 3 10 12 48 112 742 80 17 4 11 16 45 142 723 62 21 
2 160 608 141 60 53 0 0 2 240 591 79 73 39 0 0 20 422 424 54 75 29 0 0 
0 9 97 126 280 362 139 11 0 12 122 120 315 306 137 12 5 52 115 125 372 218 127 10 
79 73 119 257 279 175 38 4 93 83 191 293 267 57 35 5 273 163 191 158 151 50 34 4 
41 155 46 314 390 22 33 23 36 163 59 564 126 23 31 22 64 152 92 583 63 24 30 16 
448 57 34 36 179 221 49 0 427 71 39 35 177 234 41 0 110 46 35 54 310 396 71 2 
408 272 51 51 70 143 29 0 472 184 68 50 75 158 17 0 289 74 61 55 146 344 55 0 
362 263 131 109 100 53 6 0 433 212 171 93 63 51 1 0 538 138 103 53 87 100 5 0 
25 52 60 114 197 342 174 60 41 69 64 149 219 273 149 60 136 86 101 132 209 162 126 72 
38 48 23 57 168 218 305 167 45 50 85 147 135 162 228 172 55 64 145 113 152 98 213 184 
392 258 100 69 93 54 51 7 422 257 133 101 57 26 13 15 412 307 123 89 49 17 11 16 
84 60 44 77 116 206 338 99 110 93 71 76 91 175 284 124 144 95 62 66 97 149 280 131 
90 714 22 28 14 24 67 65 83 719 26 24 16 18 58 80 115 703 19 20 15 27 55 70 
14 243 8 13 41 351 344 10 5 251 8 8 84 329 329 10 17 241 12 46 263 182 260 3 
530 371 83 23 7 7 3 0 641 302 60 10 2 7 2 0 731 224 48 11 1 5 4 0 
263 334 185 121 78 31 12 0 425 227 127 145 67 22 11 0 463 239 148 110 37 20 7 0 
278 564 113 37 17 11 4 0 299 469 189 44 11 7 5 0 304 284 379 38 12 4 3 0 
30 619 356 7 4 8 0 0 26 444 536 6 6 6 0 0 25 185 799 4 7 4 0 0 
43 589 70 25 47 46 86 118 56 510 168 35 27 26 70 132 31 293 428 29 18 17 56 152 
523 61 10 16 32 56 218 108 543 49 21 19 18 51 218 105 160 432 27 12 16 46 170 161 
364 186 52 50 152 157 47 16 415 171 46 140 177 46 23 6 532 238 120 50 55 24 5 0 
52 21 3 2 6 141 591 208 28 43 2 17 152 116 448 218 164 65 14 34 55 79 451 162 
0 0 0 0 2 253 736 33 0 0 0 0 22 262 704 36 0 0 0 1 137 164 676 46 
