0 0 0 34 20 138 832 0 0 0 0 35 19 139 831 0 0 0 4 34 137 17 826 6 
20 7 4 0 3 7 966 17 11 16 3 1 1 6 965 21 0 0 2 3 20 17 943 39 
14 25 23 33 94 69 252 514 6 23 26 36 84 81 267 501 0 0 0 10 31 139 390 454 
25 30 9 11 14 31 307 597 9 35 16 13 14 55 301 581 0 0 1 5 35 135 258 590 
0 0 0 359 86 90 469 20 0 0 5 414 35 197 365 8 0 0 26 409 47 307 224 11 
2 1 7 666 245 12 60 31 2 1 7 867 44 11 63 29 0 0 14 877 21 17 60 35 
0 0 0 49 975 0 0 0 0 0 0 499 525 0 0 0 0 0 0 853 171 0 0 0 
0 0 0 0 1024 0 0 0 0 0 0 16 1008 0 0 0 0 0 0 61 963 0 0 0 
0 0 0 18 920 5 9 72 0 0 0 68 870 5 9 72 0 0 0 156 783 4 9 72 
0 0 0 28 512 17 18 449 0 0 0 74 468 15 18 449 0 0 0 150 393 16 16 449 
0 0 16 16 0 138 727 127 0 0 12 20 0 138 727 127 0 0 15 17 42 97 718 135 
0 0 0 0 0 0 912 112 0 0 0 0 0 1 912 111 0 0 0 0 0 2 853 169 
61 56 13 8 4 20 728 134 26 70 33 8 5 26 747 109 0 0 2 9 43 174 598 198 
18 17 11 12 7 6 758 195 12 21 12 11 10 5 756 197 0 0 2 10 25 30 532 425 
0 0 4 20 169 47 591 193 0 0 6 81 115 50 599 173 0 0 11 149 57 292 178 337 
0 2 16 50 613 57 210 76 0 2 16 162 505 50 203 86 0 0 23 494 163 52 175 117 
0 0 2 100 382 141 381 18 0 0 3 248 233 135 379 26 0 0 13 423 40 106 396 46 
0 0 0 98 910 5 9 2 0 0 0 364 645 4 10 1 0 0 3 937 69 4 10 1 
0 0 0 29 786 209 0 0 0 0 0 115 773 136 0 0 0 0 0 495 523 6 0 0 
0 0 0 1 371 424 228 0 0 0 0 46 390 455 133 0 0 0 0 125 497 402 0 0 
0 0 0 32 31 97 828 36 0 0 0 32 31 97 807 57 0 0 0 26 38 96 647 217 
0 0 0 1 3 2 940 78 0 0 0 0 2 2 968 52 0 0 0 0 0 4 468 552 
8 11 55 46 53 45 381 425 3 7 5 6 68 87 393 455 0 0 0 2 3 70 356 593 
0 7 14 18 21 24 252 688 0 0 0 2 33 36 249 704 0 0 0 0 2 28 242 752 
0 0 5 36 60 93 420 410 0 0 4 38 79 89 409 405 0 0 10 40 93 234 244 403 
0 0 9 34 177 408 361 35 0 0 8 36 223 463 262 32 0 3 7 116 331 417 123 27 
7 6 5 28 535 361 67 15 8 8 4 43 701 183 62 15 11 4 10 413 471 31 70 14 
3 2 6 43 777 164 26 3 4 2 11 52 906 21 25 3 5 2 38 545 400 5 28 1 
0 49 39 93 176 557 110 0 7 61 31 115 228 543 39 0 47 38 84 144 499 211 1 0 
13 38 25 36 134 217 555 6 30 18 28 53 135 247 513 0 44 22 49 124 232 411 141 1 
0 4 34 80 77 124 250 455 0 2 22 65 100 121 153 561 0 0 2 11 61 154 156 640 
0 13 39 29 31 25 373 514 0 5 36 30 37 18 368 530 0 0 0 6 25 46 179 768 
33 23 27 31 57 50 308 495 29 22 23 25 58 53 273 541 0 0 1 23 51 72 230 647 
17 22 29 32 65 36 146 677 16 22 19 25 67 46 170 659 0 0 8 24 34 73 171 714 
1 10 13 50 22 149 471 308 1 10 14 49 23 201 418 308 3 3 16 26 90 255 319 312 
4 31 77 157 241 302 165 47 6 53 99 149 251 320 114 32 22 61 101 169 316 246 77 32 
52 17 53 65 289 524 20 4 59 22 59 75 534 260 11 4 61 51 49 197 600 45 18 3 
50 13 34 83 496 243 27 78 52 16 35 119 653 51 19 79 57 30 89 244 479 38 25 62 
11 55 114 195 323 311 15 0 25 130 123 212 265 264 5 0 114 129 139 292 279 62 9 0 
35 79 39 67 150 531 123 0 15 58 69 81 151 552 98 0 4 34 61 126 281 398 120 0 
3 13 14 13 29 684 241 27 0 17 13 12 40 690 217 35 0 1 7 28 161 569 173 85 
2 3 4 16 58 224 620 97 6 24 31 57 78 287 470 71 36 33 27 35 112 462 185 134 
0 3 3 13 64 147 669 125 5 21 34 43 69 120 624 108 31 36 18 46 83 533 127 150 
0 0 0 0 17 100 762 145 1 1 5 5 30 160 688 134 1 8 15 15 117 616 115 137 
4 22 6 31 66 228 569 98 36 36 45 57 93 305 373 79 74 53 59 63 177 443 85 70 
1 94 128 318 150 132 133 68 35 142 128 345 166 95 76 37 79 179 132 264 247 65 46 12 
52 136 330 271 102 52 33 48 77 242 260 236 90 41 38 40 147 244 247 178 111 36 45 16 
315 74 74 111 241 133 50 26 331 129 93 124 187 109 31 20 396 108 98 177 125 82 32 6 
750 38 65 84 52 31 4 0 761 87 73 38 36 25 4 0 820 78 40 28 38 18 2 0 
97 85 106 184 294 237 16 5 111 119 129 171 276 196 18 4 159 138 150 115 294 130 27 11 
0 2 6 34 150 428 341 63 81 200 201 173 220 116 32 1 393 179 130 198 80 25 14 5 
0 1 6 23 97 287 465 145 23 77 159 202 165 203 174 21 221 136 131 110 123 177 106 20 
4 16 70 111 114 270 332 107 110 109 281 154 107 103 125 35 241 236 181 97 80 91 76 22 
0 0 71 373 64 173 238 105 32 36 244 330 79 138 105 60 56 186 387 103 100 98 72 22 
0 2 152 443 111 117 121 78 18 41 328 367 73 68 78 51 43 301 381 94 82 56 51 16 
0 6 149 327 211 160 113 58 64 66 235 336 137 82 74 30 107 158 295 239 112 66 38 9 
38 138 215 124 133 170 146 60 51 148 219 145 134 167 108 52 121 208 165 134 128 174 63 31 
179 61 138 238 179 128 71 30 212 119 157 190 140 122 58 26 309 139 193 137 83 104 39 20 
156 48 388 296 115 10 4 7 163 155 424 208 56 8 4 6 318 415 207 67 7 4 2 4 
236 192 205 277 46 27 26 15 379 131 219 216 26 16 24 13 472 220 233 44 11 16 18 10 
4 250 59 68 138 274 197 34 129 360 140 70 101 128 84 12 462 147 90 90 91 86 52 6 
1 204 150 102 188 189 150 40 160 406 153 103 64 53 63 22 475 229 99 51 50 67 40 13 
2 8 136 173 247 290 138 30 260 209 278 126 77 57 16 1 384 325 166 71 41 32 5 0 
8 51 125 120 217 290 165 48 110 157 255 185 114 101 80 22 183 265 205 155 109 68 36 3 
9 199 134 106 136 203 156 81 190 317 129 92 75 96 82 43 421 167 109 105 113 65 38 6 
10 167 234 88 136 180 134 75 77 259 200 69 134 153 89 43 262 318 96 120 101 79 40 8 
64 128 200 126 144 192 115 55 79 175 173 135 129 185 103 45 151 198 133 119 167 150 92 14 
169 116 167 275 155 98 35 9 207 153 228 231 104 67 26 8 314 239 256 81 68 42 20 4 
6 150 635 233 0 0 0 0 26 406 556 36 0 0 0 0 351 631 42 0 0 0 0 0 
590 114 73 245 2 0 0 0 682 39 160 143 0 0 0 0 704 128 183 9 0 0 0 0 
