0 0 25 129 214 86 37 533 0 1 64 134 195 68 32 530 0 55 131 150 119 30 17 522 
0 0 0 23 638 176 66 121 0 0 1 43 652 143 62 123 0 1 19 506 274 79 40 105 
0 0 0 0 179 297 213 335 0 0 0 0 293 189 205 337 0 0 0 90 339 238 101 256 
0 10 48 17 21 102 157 669 0 16 47 12 35 90 161 663 2 14 50 11 120 127 132 568 
0 16 44 49 43 10 134 728 0 28 37 49 41 7 150 712 0 26 40 59 67 153 179 500 
0 8 39 41 79 35 221 601 0 21 28 48 71 42 220 594 0 24 44 74 98 218 185 381 
0 17 52 43 79 214 217 402 0 29 50 62 95 231 213 344 8 56 86 99 228 215 107 225 
2 14 41 91 169 248 292 167 5 26 50 112 191 216 233 191 23 54 122 181 191 162 228 63 
2 23 59 166 358 228 128 60 9 29 76 273 341 159 87 50 32 77 261 324 190 78 39 23 
2 10 36 100 248 282 134 212 2 15 56 117 257 239 138 200 16 55 114 228 220 155 79 157 
8 44 90 169 250 159 102 202 2 29 127 207 240 142 76 201 18 120 185 218 168 99 38 178 
12 64 156 194 230 141 30 197 3 42 229 222 210 100 25 193 26 121 223 262 152 34 12 194 
5 41 96 205 321 258 76 22 13 68 135 197 277 260 53 21 47 116 178 256 291 104 17 15 
11 34 97 194 282 240 120 46 17 61 128 203 262 224 96 33 74 126 204 237 227 111 34 11 
1 3 32 78 219 304 264 123 1 12 59 142 267 244 210 89 36 81 167 192 202 200 121 25 
8 24 69 146 209 256 208 104 15 44 104 209 194 238 166 54 47 113 189 186 237 182 55 15 
13 36 50 138 221 162 195 209 18 43 109 278 231 165 121 59 138 160 199 170 166 137 42 12 
4 20 121 149 217 183 201 129 7 111 216 229 100 120 172 69 150 209 238 118 112 124 55 18 
8 81 149 230 215 207 89 45 41 127 218 218 202 140 46 32 138 202 196 214 174 58 36 6 
39 72 122 189 214 197 136 55 79 138 196 166 180 154 86 25 196 206 175 159 169 96 23 0 
62 121 287 276 147 110 19 2 227 297 220 135 69 68 8 0 503 246 138 58 65 14 0 0 
17 72 96 156 287 211 151 34 34 74 132 285 354 120 18 7 164 212 226 231 129 50 11 1 
115 32 55 116 287 269 112 38 161 92 167 265 195 120 20 4 154 164 199 190 182 95 34 6 
94 141 59 88 254 238 118 32 130 149 130 254 241 97 17 6 148 167 195 198 177 92 33 14 
5 111 137 33 172 204 192 170 37 341 178 215 132 83 37 1 280 317 197 116 73 33 7 1 
5 32 136 181 192 211 189 78 73 185 267 228 137 97 37 0 235 305 238 128 90 28 0 0 
14 15 24 111 200 395 230 35 98 86 88 178 133 348 87 6 166 176 132 144 380 23 3 0 
60 33 49 46 108 669 59 0 77 43 45 45 74 696 44 0 114 62 68 99 631 50 0 0 
115 234 225 203 150 76 19 2 156 266 207 179 125 70 20 1 204 273 199 129 126 66 24 3 
82 78 87 233 244 234 57 9 105 90 130 170 244 227 52 6 114 90 119 173 252 181 80 15 
221 136 98 211 232 96 27 3 236 109 131 258 189 74 26 1 264 199 163 194 134 52 18 0 
350 135 129 202 159 42 7 0 367 155 173 212 85 27 5 0 407 219 200 129 48 17 4 0 
297 92 145 275 177 35 3 0 284 126 243 248 106 17 0 0 218 274 221 192 94 24 1 0 
91 228 218 203 168 96 15 5 106 298 233 177 127 73 7 3 333 228 175 149 101 35 3 0 
6 308 129 136 174 149 109 13 110 251 170 64 183 141 93 12 376 192 86 162 158 47 3 0 
85 107 147 142 140 151 188 64 110 129 122 131 131 150 189 62 156 137 99 142 173 237 66 14 
48 50 42 32 85 217 364 186 35 33 61 39 75 179 399 203 85 25 35 38 111 378 313 39 
59 68 97 97 144 79 248 232 57 69 94 119 153 70 241 221 72 83 94 116 133 317 143 66 
175 81 71 71 73 55 141 357 172 86 68 87 91 65 156 299 126 108 78 114 106 201 222 69 
271 45 58 66 62 58 130 334 278 42 70 77 69 68 105 315 227 90 61 73 103 164 224 82 
312 12 11 15 17 17 239 401 313 14 9 17 15 21 401 234 284 46 14 16 32 527 83 22 
411 9 13 4 21 125 315 126 412 10 12 5 50 121 275 139 402 30 10 61 155 256 98 12 
