0 0 0 1024 0 0 0 0 0 439 585 0 0 0 0 0 0 0 959 65 0 0 0 0 
0 0 0 831 75 69 49 0 0 267 544 32 43 75 63 0 0 0 718 100 33 40 95 38 
0 0 0 260 124 285 355 0 0 68 148 74 126 326 282 0 0 0 203 27 119 166 504 5 
0 0 0 7 24 87 906 0 0 0 0 8 24 126 866 0 0 0 0 0 22 135 867 0 
0 0 0 0 0 0 1024 0 0 0 0 0 0 0 1024 0 0 0 0 0 0 0 1024 0 
0 0 0 0 0 0 1024 0 0 0 0 0 0 0 1024 0 0 0 0 0 0 0 1024 0 
0 0 0 0 0 0 1024 0 0 0 0 0 0 0 1024 0 0 0 0 0 0 0 1024 0 
0 0 0 0 0 0 1024 0 0 0 0 0 0 0 1024 0 0 0 0 0 0 0 1024 0 
0 0 0 0 0 0 1024 0 0 0 0 0 0 0 970 54 0 0 0 0 0 0 1024 0 
0 0 0 0 0 0 1024 0 0 0 0 0 0 0 1024 0 0 0 0 0 0 0 1024 0 
0 0 0 0 0 0 1024 0 0 0 0 0 0 0 1016 8 0 0 0 0 0 0 1024 0 
0 0 0 0 0 0 1016 8 0 0 0 0 0 0 892 132 0 0 0 0 0 0 1024 0 
0 0 0 0 0 0 1024 0 0 0 0 0 0 0 672 352 0 0 0 0 0 0 1003 21 
0 0 0 0 0 0 1024 0 0 0 0 0 0 0 1024 0 0 0 0 0 0 0 1024 0 
0 0 0 0 0 0 1024 0 0 0 0 0 0 0 1024 0 0 0 0 0 0 0 1024 0 
0 0 0 0 0 0 1024 0 0 0 0 0 0 0 1024 0 0 0 0 0 0 0 1024 0 
0 0 0 0 0 0 1024 0 0 0 0 0 0 0 1024 0 0 0 0 0 0 0 1024 0 
0 0 0 0 0 0 1024 0 0 0 0 0 0 0 1024 0 0 0 0 0 0 0 1024 0 
0 0 0 0 0 0 1024 0 0 0 0 0 0 0 1024 0 0 0 0 0 0 0 1024 0 
0 0 0 0 0 0 1024 0 0 0 0 0 0 0 1024 0 0 0 0 0 0 0 1024 0 
0 0 0 0 0 0 1024 0 0 0 0 0 0 0 1024 0 0 0 0 0 0 0 1024 0 
0 0 0 0 0 0 997 27 0 0 0 0 0 0 991 33 0 0 0 0 0 0 986 38 
0 0 0 0 0 294 568 162 0 0 0 262 80 106 364 212 0 0 130 187 101 62 365 179 
0 0 0 0 0 986 37 1 0 0 1 968 28 21 6 0 0 0 734 250 32 8 0 0 
0 0 0 0 37 944 40 3 0 0 174 801 8 13 22 6 0 0 952 23 8 15 20 6 
0 0 0 0 69 327 220 408 0 0 123 240 30 34 146 451 0 0 271 96 30 37 184 406 
0 0 0 0 3 5 53 963 0 0 0 0 3 5 44 972 0 0 0 0 3 5 54 962 
0 0 0 0 0 0 0 1024 0 0 0 0 0 0 0 1024 0 0 0 0 0 0 0 1024 
0 0 0 0 0 0 0 1024 0 0 0 0 0 0 0 1024 0 0 0 0 0 0 0 1024 
0 0 0 0 0 0 0 1024 0 0 0 0 0 0 0 1024 0 0 0 0 0 0 0 1024 
0 0 0 0 0 0 0 1024 0 0 0 0 0 0 0 1024 0 0 0 0 0 0 0 1024 
0 0 0 0 0 0 0 1024 0 0 0 0 0 0 0 1024 0 0 0 0 0 0 0 1024 
0 0 0 0 0 0 0 1024 0 0 0 0 0 0 0 1024 0 0 0 0 0 0 0 1024 
0 0 0 0 0 0 64 960 0 0 0 0 0 0 0 1024 0 0 0 0 0 0 0 1024 
0 0 0 0 0 0 518 506 0 0 0 0 0 0 0 1024 0 0 0 0 0 0 0 1024 
0 0 0 0 0 0 512 512 0 0 0 0 0 0 0 1024 0 0 0 0 0 0 0 1024 
0 0 0 0 0 0 718 306 0 0 0 0 0 0 0 1024 0 0 0 0 0 0 0 1024 
0 0 0 0 0 0 740 284 0 0 0 0 0 0 0 1024 0 0 0 0 0 0 0 1024 
0 0 0 0 0 0 582 442 0 0 0 0 0 0 0 1024 0 0 0 0 0 0 0 1024 
0 0 0 0 0 0 912 112 0 0 0 0 0 0 0 1024 0 0 0 0 0 0 0 1024 
0 0 0 0 0 0 1004 20 0 0 0 0 0 0 0 1024 0 0 0 0 0 0 0 1024 
0 0 0 0 0 0 1022 2 0 0 0 0 0 0 0 1024 0 0 0 0 0 0 0 1024 
0 0 0 0 0 0 1024 0 0 0 0 0 0 0 0 1024 0 0 0 0 0 0 0 1024 
0 0 0 0 0 0 1024 0 0 0 0 0 0 0 0 1024 0 0 0 0 0 0 0 1024 
0 0 0 0 0 0 1024 0 0 0 0 0 0 0 35 989 0 0 0 0 0 0 0 1024 
0 0 0 0 0 0 1024 0 0 0 0 0 0 0 394 630 0 0 0 0 0 0 0 1024 
0 0 5 1019 0 0 0 0 0 698 326 0 0 0 0 0 0 454 570 0 0 0 0 0 
0 0 0 1024 0 0 0 0 0 774 250 0 0 0 0 0 0 180 844 0 0 0 0 0 
0 0 0 1013 5 4 2 0 0 771 239 6 3 3 2 0 0 385 625 5 3 4 2 0 
0 0 0 627 85 151 161 0 0 371 212 73 74 211 83 0 0 188 388 46 82 123 197 0 
0 0 0 61 48 104 810 1 0 15 28 36 43 134 768 0 0 11 29 22 48 133 781 0 
0 0 0 0 0 0 1024 0 0 0 0 0 0 0 1024 0 0 0 0 0 0 30 994 0 
0 0 0 0 0 0 1024 0 0 0 0 0 0 0 1024 0 0 0 0 0 0 0 1024 0 
0 0 0 0 0 0 1024 0 0 0 0 0 0 0 1024 0 0 0 0 0 0 4 1020 0 
0 0 0 0 0 0 1024 0 0 0 0 0 0 0 1024 0 0 0 0 0 0 0 1024 0 
0 0 0 0 0 0 1020 4 0 0 0 0 0 0 1020 4 0 0 0 0 0 0 1024 0 
0 0 0 0 0 0 1023 1 0 0 0 0 0 0 1014 10 0 0 0 0 0 0 1024 0 
0 0 0 0 0 0 1021 3 0 0 0 0 0 0 1000 24 0 0 0 0 0 0 1024 0 
0 0 0 0 0 0 977 47 0 0 0 0 0 0 680 344 0 0 0 0 0 0 1024 0 
0 0 0 0 0 0 1024 0 0 0 0 0 0 0 1021 3 0 0 0 0 0 0 1024 0 
0 0 0 0 0 0 1024 0 0 0 0 0 0 0 1024 0 0 0 0 0 0 0 1024 0 
0 0 0 0 0 0 1024 0 0 0 0 0 0 0 1024 0 0 0 0 0 0 0 1024 0 
0 0 0 0 0 0 1024 0 0 0 0 0 0 0 1024 0 0 0 0 0 0 0 1024 0 
0 0 0 0 0 0 1024 0 0 0 0 0 0 0 1024 0 0 0 0 0 0 0 1024 0 
0 0 0 0 0 0 1024 0 0 0 0 0 0 0 1024 0 0 0 0 0 0 0 1024 0 
0 0 0 0 0 0 1024 0 0 0 0 0 0 0 1024 0 0 0 0 0 0 0 1024 0 
0 0 0 0 0 0 1015 9 0 0 0 0 0 0 1009 15 0 0 0 0 0 0 1018 6 
0 0 0 0 0 355 533 136 0 0 0 313 89 111 385 126 0 0 251 137 104 60 401 71 
0 0 0 0 0 1001 23 0 0 0 23 968 21 12 0 0 0 0 930 77 17 0 0 0 
0 0 0 0 57 835 98 34 0 0 173 702 19 17 66 47 0 0 856 22 16 21 93 16 
0 0 0 0 43 137 147 697 0 0 47 112 20 25 125 695 0 0 126 33 19 29 227 590 
0 0 0 0 0 0 0 1024 0 0 0 0 0 0 0 1024 0 0 0 0 0 0 0 1024 
0 0 0 0 0 0 0 1024 0 0 0 0 0 0 0 1024 0 0 0 0 0 0 0 1024 
0 0 0 0 0 0 0 1024 0 0 0 0 0 0 0 1024 0 0 0 0 0 0 0 1024 
0 0 0 0 0 0 0 1024 0 0 0 0 0 0 0 1024 0 0 0 0 0 0 0 1024 
0 0 0 0 0 0 0 1024 0 0 0 0 0 0 0 1024 0 0 0 0 0 0 0 1024 
0 0 0 0 0 0 0 1024 0 0 0 0 0 0 0 1024 0 0 0 0 0 0 0 1024 
0 0 0 0 0 0 0 1024 0 0 0 0 0 0 0 1024 0 0 0 0 0 0 0 1024 
0 0 0 0 0 0 0 1024 0 0 0 0 0 0 0 1024 0 0 0 0 0 0 0 1024 
0 0 0 0 0 0 70 954 0 0 0 0 0 0 0 1024 0 0 0 0 0 0 0 1024 
0 0 0 0 0 0 12 1012 0 0 0 0 0 0 0 1024 0 0 0 0 0 0 0 1024 
0 0 0 0 0 0 320 704 0 0 0 0 0 0 0 1024 0 0 0 0 0 0 0 1024 
0 0 0 0 0 0 80 944 0 0 0 0 0 0 0 1024 0 0 0 0 0 0 0 1024 
0 0 0 0 0 0 421 603 0 0 0 0 0 0 8 1016 0 0 0 0 0 0 3 1021 
0 0 0 0 0 0 463 561 0 0 0 0 0 0 128 896 0 0 0 0 0 0 118 906 
0 0 0 0 0 6 431 587 0 0 0 0 0 0 34 990 0 0 0 0 0 0 33 991 
0 0 0 0 0 0 640 384 0 0 0 0 0 0 0 1024 0 0 0 0 0 0 0 1024 
0 0 0 0 0 0 816 208 0 0 0 0 0 0 0 1024 0 0 0 0 0 0 0 1024 
0 0 0 0 0 0 1024 0 0 0 0 0 0 0 0 1024 0 0 0 0 0 0 0 1024 
0 0 0 0 0 0 1024 0 0 0 0 0 0 0 0 1024 0 0 0 0 0 0 0 1024 
0 0 0 0 0 0 1024 0 0 0 0 0 0 0 0 1024 0 0 0 0 0 0 0 1024 
0 0 0 0 0 0 1024 0 0 0 0 0 0 0 54 970 0 0 0 0 0 0 0 1024 
0 0 0 933 13 15 63 0 0 736 197 12 11 16 52 0 0 901 35 11 12 54 11 0 
0 0 0 1024 0 0 0 0 0 648 376 0 0 0 0 0 0 843 181 0 0 0 0 0 
0 0 0 1024 0 0 0 0 0 526 498 0 0 0 0 0 0 626 398 0 0 0 0 0 
0 0 0 1024 0 0 0 0 0 773 251 0 0 0 0 0 0 783 241 0 0 0 0 0 
0 0 0 839 57 45 81 2 0 558 273 45 40 54 54 0 0 604 225 37 41 44 71 2 
0 0 0 135 73 80 736 0 0 55 86 52 47 53 731 0 0 61 76 45 45 138 659 0 
0 0 0 0 0 0 1024 0 0 0 0 0 0 0 1024 0 0 0 0 0 0 72 952 0 
0 0 0 0 0 0 1024 0 0 0 0 0 0 0 1024 0 0 0 0 0 0 16 1008 0 
0 0 0 0 0 0 1024 0 0 0 0 0 0 0 1024 0 0 0 0 0 0 21 1003 0 
0 0 0 0 0 0 1024 0 0 0 0 0 0 0 1024 0 0 0 0 0 0 0 1024 0 
0 0 0 0 0 0 1024 0 0 0 0 0 0 0 1024 0 0 0 0 0 0 0 1024 0 
0 0 0 0 0 0 1024 0 0 0 0 0 0 0 1024 0 0 0 0 0 0 0 1024 0 
0 0 0 0 0 0 1019 5 0 0 0 0 0 0 996 28 0 0 0 0 0 0 1024 0 
0 0 0 0 0 0 1024 0 0 0 0 0 0 0 1009 15 0 0 0 0 0 0 1024 0 
0 0 0 0 0 0 1024 0 0 0 0 0 0 0 1024 0 0 0 0 0 0 0 1024 0 
0 0 0 0 0 0 1024 0 0 0 0 0 0 0 1024 0 0 0 0 0 0 0 1024 0 
0 0 0 0 0 0 1024 0 0 0 0 0 0 0 1024 0 0 0 0 0 0 0 1024 0 
0 0 0 0 0 0 1024 0 0 0 0 0 0 0 1024 0 0 0 0 0 0 0 1024 0 
0 0 0 0 0 0 1024 0 0 0 0 0 0 0 1024 0 0 0 0 0 0 0 1024 0 
0 0 0 0 0 0 1023 1 0 0 0 0 0 0 1018 6 0 0 0 0 0 0 1017 7 
0 0 0 0 0 358 587 79 0 0 6 303 99 115 464 37 0 0 259 126 113 49 466 11 
0 0 0 0 0 1013 11 0 0 0 15 989 16 4 0 0 0 0 982 32 10 0 0 0 
0 0 0 0 55 753 115 101 0 0 116 672 21 22 78 115 0 0 751 41 21 28 109 74 
0 0 0 0 25 60 99 840 0 0 28 43 12 16 88 837 0 0 60 14 12 21 131 786 
0 0 0 0 0 0 0 1024 0 0 0 0 0 0 0 1024 0 0 0 0 0 0 0 1024 
0 0 0 0 0 0 0 1024 0 0 0 0 0 0 0 1024 0 0 0 0 0 0 0 1024 
0 0 0 0 0 0 0 1024 0 0 0 0 0 0 0 1024 0 0 0 0 0 0 64 960 
0 0 0 0 0 0 0 1024 0 0 0 0 0 0 0 1024 0 0 0 0 0 0 108 916 
0 0 0 0 0 0 0 1024 0 0 0 0 0 0 0 1024 0 0 0 0 0 0 0 1024 
0 0 0 0 0 0 0 1024 0 0 0 0 0 0 0 1024 0 0 0 0 0 0 0 1024 
0 0 0 0 0 0 0 1024 0 0 0 0 0 0 0 1024 0 0 0 0 0 0 0 1024 
0 0 0 0 0 0 0 1024 0 0 0 0 0 0 0 1024 0 0 0 0 0 0 0 1024 
0 0 0 0 0 0 0 1024 0 0 0 0 0 0 0 1024 0 0 0 0 0 0 0 1024 
0 0 0 0 0 0 0 1024 0 0 0 0 0 0 0 1024 0 0 0 0 0 0 0 1024 
0 0 0 0 0 0 0 1024 0 0 0 0 0 0 0 1024 0 0 0 0 0 0 0 1024 
0 0 0 0 0 0 0 1024 0 0 0 0 0 0 0 1024 0 0 0 0 0 0 0 1024 
0 0 0 0 0 0 0 1024 0 0 0 0 0 0 0 1024 0 0 0 0 0 0 0 1024 
0 0 0 0 10 31 474 509 0 0 0 0 6 39 410 569 0 0 0 0 12 111 358 543 
0 0 0 0 1 8 877 138 0 0 0 0 1 8 773 242 0 0 0 0 0 37 853 134 
0 0 0 4 134 367 362 157 0 0 0 2 113 429 238 242 0 0 0 1 53 458 270 242 
0 0 0 0 0 0 0 1024 0 0 0 0 0 0 0 1024 0 0 0 0 0 0 0 1024 
0 0 0 0 0 0 232 792 0 0 0 0 0 0 0 1024 0 0 0 0 0 0 0 1024 
0 0 0 0 0 0 600 424 0 0 0 0 0 0 0 1024 0 0 0 0 0 0 0 1024 
0 0 0 0 0 0 1024 0 0 0 0 0 0 0 0 1024 0 0 0 0 0 0 0 1024 
0 0 0 0 0 0 1024 0 0 0 0 0 0 0 0 1024 0 0 0 0 0 0 0 1024 
0 0 0 0 0 0 1024 0 0 0 0 0 0 0 0 1024 0 0 0 0 0 0 0 1024 
0 0 0 73 13 19 918 1 0 21 51 13 10 17 912 0 0 56 22 11 13 898 24 0 
0 0 0 635 56 20 301 12 0 165 503 21 17 20 298 0 0 599 75 23 21 218 88 0 
0 0 0 1016 8 0 0 0 0 31 993 0 0 0 0 0 0 947 77 0 0 0 0 0 
0 0 0 836 188 0 0 0 0 181 843 0 0 0 0 0 0 602 422 0 0 0 0 0 
0 0 0 971 53 0 0 0 0 604 420 0 0 0 0 0 0 863 161 0 0 0 0 0 
0 0 0 950 28 19 27 0 0 334 621 17 16 14 22 0 0 520 435 17 16 11 25 0 
0 0 4 223 69 142 580 6 0 113 115 32 66 113 583 2 0 96 128 29 72 252 440 7 
0 0 0 0 0 11 1013 0 0 0 0 0 0 16 1008 0 0 0 0 0 0 84 940 0 
0 0 0 0 0 0 1024 0 0 0 0 0 0 0 1024 0 0 0 0 0 0 0 1024 0 
0 0 0 0 0 0 1024 0 0 0 0 0 0 0 1024 0 0 0 0 0 0 0 1024 0 
0 0 0 0 0 0 1024 0 0 0 0 0 0 0 1024 0 0 0 0 0 0 0 1024 0 
0 0 0 0 0 0 1024 0 0 0 0 0 0 0 1024 0 0 0 0 0 0 0 1024 0 
0 0 0 0 0 0 1014 10 0 0 0 0 0 0 989 35 0 0 0 0 0 0 1024 0 
0 0 0 0 0 0 1020 4 0 0 0 0 0 0 1024 0 0 0 0 0 0 0 1024 0 
0 0 0 0 0 0 1024 0 0 0 0 0 0 0 1024 0 0 0 0 0 0 0 1024 0 
0 0 0 0 0 0 1024 0 0 0 0 0 0 0 1024 0 0 0 0 0 0 0 1024 0 
0 0 0 0 0 0 1024 0 0 0 0 0 0 0 1024 0 0 0 0 0 0 0 1024 0 
0 0 0 0 0 0 1024 0 0 0 0 0 0 0 1024 0 0 0 0 0 0 0 1024 0 
0 0 0 0 0 0 1024 0 0 0 0 0 0 0 1024 0 0 0 0 0 0 0 1024 0 
0 0 0 0 0 256 694 74 0 0 52 148 80 85 607 52 0 0 176 88 77 46 597 40 
0 0 0 0 0 991 32 1 0 0 65 918 24 14 3 0 0 0 962 35 24 3 0 0 
0 0 0 0 77 723 126 98 0 0 123 659 21 26 93 102 0 0 748 38 19 32 129 58 
0 0 0 0 18 38 112 856 0 0 7 38 10 15 76 878 0 0 31 14 10 22 129 818 
0 0 0 0 0 0 0 1024 0 0 0 0 0 0 0 1024 0 0 0 0 0 0 0 1024 
0 0 0 0 0 0 0 1024 0 0 0 0 0 0 0 1024 0 0 0 0 0 0 0 1024 
0 0 0 0 0 0 0 1024 0 0 0 0 0 0 0 1024 0 0 0 0 0 0 0 1024 
0 0 0 0 0 0 0 1024 0 0 0 0 0 0 0 1024 0 0 0 0 0 0 0 1024 
0 0 0 0 0 0 0 1024 0 0 0 0 0 0 0 1024 0 0 0 0 0 0 0 1024 
0 0 0 0 0 0 0 1024 0 0 0 0 0 0 0 1024 0 0 0 0 0 0 0 1024 
0 0 0 0 0 0 0 1024 0 0 0 0 0 0 0 1024 0 0 0 0 0 0 0 1024 
0 0 0 0 0 0 0 1024 0 0 0 0 0 0 0 1024 0 0 0 0 0 0 0 1024 
0 0 0 0 0 0 0 1024 0 0 0 0 0 0 0 1024 0 0 0 0 0 0 0 1024 
0 0 0 0 0 0 0 1024 0 0 0 0 0 0 0 1024 0 0 0 0 0 0 0 1024 
0 0 0 0 0 0 0 1024 0 0 0 0 0 0 0 1024 0 0 0 0 0 0 0 1024 
0 0 0 0 0 0 0 1024 0 0 0 0 0 0 0 1024 0 0 0 0 0 0 0 1024 
0 0 0 0 0 0 0 1024 0 0 0 0 0 0 0 1024 0 0 0 0 0 0 0 1024 
0 0 0 0 0 0 14 1010 0 0 0 0 0 0 17 1007 0 0 0 0 0 2 23 999 
0 0 0 0 1 202 686 135 0 0 0 0 28 342 505 149 0 0 11 124 154 352 308 75 
0 0 0 0 0 7 516 501 0 0 0 0 0 32 339 653 0 0 0 20 32 31 589 352 
0 0 0 25 140 244 606 9 0 0 0 29 129 237 616 13 0 0 0 6 93 292 615 18 
0 0 0 0 0 92 53 879 0 0 0 0 0 90 38 896 0 0 0 0 0 88 35 901 
0 0 0 0 0 0 24 1000 0 0 0 0 0 0 0 1024 0 0 0 0 0 0 0 1024 
0 0 0 0 0 0 88 936 0 0 0 0 0 0 0 1024 0 0 0 0 0 0 0 1024 
0 0 0 0 0 0 704 320 0 0 0 0 0 0 0 1024 0 0 0 0 0 0 0 1024 
0 0 0 0 0 0 1024 0 0 0 0 0 0 0 0 1024 0 0 0 0 0 0 0 1024 
0 0 0 0 0 0 1024 0 0 0 0 0 0 0 0 1024 0 0 0 0 0 0 0 1024 
0 0 0 0 0 247 777 0 0 0 0 0 0 519 505 0 0 0 0 0 359 665 0 0 
0 0 0 0 1 18 1005 0 0 0 0 0 1 86 937 0 0 0 0 0 76 865 83 0 
0 0 0 258 150 25 558 33 0 0 389 22 19 23 570 1 0 328 70 21 20 464 121 0 
0 0 0 562 430 10 17 5 0 3 979 12 8 5 17 0 0 906 83 12 5 18 0 0 
0 0 0 282 742 0 0 0 0 8 1016 0 0 0 0 0 0 644 380 0 0 0 0 0 
0 0 0 982 42 0 0 0 0 132 892 0 0 0 0 0 0 384 640 0 0 0 0 0 
0 0 2 978 15 18 11 0 0 400 579 9 16 8 12 0 0 686 293 9 14 10 12 0 
0 0 5 258 31 103 627 0 0 161 93 24 34 100 607 5 0 156 97 24 38 347 360 2 
0 0 0 0 0 0 1024 0 0 0 0 0 0 5 1019 0 0 0 0 0 0 104 920 0 
0 0 0 0 0 0 1024 0 0 0 0 0 0 0 1024 0 0 0 0 0 0 0 1024 0 
0 0 0 0 0 0 1024 0 0 0 0 0 0 0 1024 0 0 0 0 0 0 0 1024 0 
0 0 0 0 0 0 1024 0 0 0 0 0 0 0 1024 0 0 0 0 0 0 0 1024 0 
0 0 0 0 0 0 1015 9 0 0 0 0 0 0 1013 11 0 0 0 0 0 0 1024 0 
0 0 0 0 0 0 1014 10 0 0 0 0 0 0 1000 24 0 0 0 0 0 0 1024 0 
0 0 0 0 0 0 1024 0 0 0 0 0 0 0 1024 0 0 0 0 0 0 0 1024 0 
0 0 0 0 0 0 1024 0 0 0 0 0 0 0 1024 0 0 0 0 0 0 0 1024 0 
0 0 0 0 0 0 1024 0 0 0 0 0 0 0 1024 0 0 0 0 0 0 0 1024 0 
0 0 0 0 0 0 1024 0 0 0 0 0 0 0 1024 0 0 0 0 0 0 0 1024 0 
0 0 0 0 0 83 892 49 0 0 7 45 41 53 840 38 0 0 32 51 50 25 857 9 
0 0 0 0 0 935 69 20 0 0 267 624 52 35 32 14 0 0 853 77 42 17 33 2 
0 0 0 0 54 794 94 82 0 0 103 728 17 19 70 87 0 0 808 30 18 18 111 39 
0 0 0 0 28 45 107 844 0 0 34 28 11 16 89 846 0 0 48 15 11 20 146 784 
0 0 0 0 0 0 0 1024 0 0 0 0 0 0 0 1024 0 0 0 0 0 0 0 1024 
0 0 0 0 0 0 0 1024 0 0 0 0 0 0 0 1024 0 0 0 0 0 0 0 1024 
0 0 0 0 0 0 0 1024 0 0 0 0 0 0 0 1024 0 0 0 0 0 0 0 1024 
0 0 0 0 0 0 0 1024 0 0 0 0 0 0 0 1024 0 0 0 0 0 0 8 1016 
0 0 0 0 0 0 0 1024 0 0 0 0 0 0 0 1024 0 0 0 0 0 0 0 1024 
0 0 0 0 0 0 0 1024 0 0 0 0 0 0 0 1024 0 0 0 0 0 0 0 1024 
0 0 0 0 0 0 0 1024 0 0 0 0 0 0 0 1024 0 0 0 0 0 0 0 1024 
0 0 0 0 0 0 0 1024 0 0 0 0 0 0 0 1024 0 0 0 0 0 0 0 1024 
0 0 0 0 0 0 0 1024 0 0 0 0 0 0 0 1024 0 0 0 0 0 0 0 1024 
0 0 0 0 0 0 0 1024 0 0 0 0 0 0 0 1024 0 0 0 0 0 0 0 1024 
0 0 0 0 0 0 0 1024 0 0 0 0 0 0 0 1024 0 0 0 0 0 0 0 1024 
0 0 0 0 0 0 0 1024 0 0 0 0 0 0 0 1024 0 0 0 0 0 0 0 1024 
0 0 0 0 0 0 0 1024 0 0 0 0 0 0 0 1024 0 0 0 0 0 0 0 1024 
0 0 0 0 0 0 0 1024 0 0 0 0 0 0 0 1024 0 0 0 0 0 0 0 1024 
0 0 0 0 0 0 70 954 0 0 0 0 0 4 77 943 0 0 0 0 19 44 56 905 
0 0 0 0 6 115 880 23 0 0 0 3 142 636 241 2 0 0 219 710 89 6 0 0 
0 0 0 0 0 92 822 110 0 0 0 0 52 358 295 319 0 0 21 277 127 75 105 419 
0 0 0 0 0 431 593 0 0 0 0 0 0 358 665 1 0 0 0 0 0 292 658 74 
0 0 0 0 1 160 73 790 0 0 0 0 0 158 35 831 0 0 0 0 1 155 35 833 
0 0 0 0 0 0 17 1007 0 0 0 0 0 0 0 1024 0 0 0 0 0 0 0 1024 
0 0 0 0 0 0 641 383 0 0 0 0 0 0 0 1024 0 0 0 0 0 0 0 1024 
0 0 0 0 0 0 1019 5 0 0 0 0 0 0 0 1024 0 0 0 0 0 0 0 1024 
0 0 3 12 44 66 892 7 0 0 0 6 36 77 38 867 0 0 0 7 48 65 36 868 
0 0 259 101 146 100 403 15 0 0 3 322 120 151 57 371 0 0 16 312 179 96 48 373 
0 0 0 0 0 493 531 0 0 0 0 0 0 1009 15 0 0 0 0 0 910 114 0 0 
0 0 0 0 17 719 288 0 0 0 0 18 22 938 46 0 0 0 19 23 935 47 0 0 
0 0 0 251 110 107 537 19 0 99 193 70 51 96 512 3 3 267 96 50 98 327 183 0 
0 0 0 36 156 26 757 49 0 3 171 23 16 31 768 12 2 89 98 21 23 213 578 0 
0 0 0 142 789 11 63 19 0 1 922 10 10 9 69 3 0 642 287 11 8 63 13 0 
0 0 0 184 840 0 0 0 0 32 992 0 0 0 0 0 0 678 346 0 0 0 0 0 
0 0 0 843 181 0 0 0 0 524 500 0 0 0 0 0 0 756 268 0 0 0 0 0 
0 0 0 648 348 10 17 1 0 424 557 10 12 6 13 2 0 511 470 8 13 7 13 2 
0 0 3 266 31 90 632 2 0 118 144 23 38 89 611 1 0 126 135 28 32 273 430 0 
0 0 0 0 0 0 1024 0 0 0 0 0 0 0 1024 0 0 0 0 0 0 439 585 0 
0 0 0 0 0 0 1024 0 0 0 0 0 0 0 1024 0 0 0 0 0 0 6 1018 0 
0 0 0 0 0 0 1024 0 0 0 0 0 0 0 1024 0 0 0 0 0 0 0 1024 0 
0 0 0 0 0 0 1000 24 0 0 0 0 0 0 960 64 0 0 0 0 0 0 1024 0 
0 0 0 0 0 0 932 92 0 0 0 0 0 0 909 115 0 0 0 0 0 0 1024 0 
0 0 0 0 0 0 1024 0 0 0 0 0 0 0 1024 0 0 0 0 0 0 0 1024 0 
0 0 0 0 0 0 1024 0 0 0 0 0 0 0 1024 0 0 0 0 0 0 0 1024 0 
0 0 0 0 0 0 1024 0 0 0 0 0 0 0 1024 0 0 0 0 0 0 0 1024 0 
0 0 0 0 0 2 1001 21 0 0 0 0 0 5 1008 11 0 0 0 0 2 6 1010 6 
0 0 0 0 0 684 279 61 0 0 301 295 110 68 208 42 0 0 565 114 81 35 218 11 
0 0 0 0 33 911 53 27 0 0 332 602 10 14 40 26 0 0 922 13 10 16 61 2 
0 0 0 0 35 95 127 767 0 0 37 81 13 21 106 766 0 0 102 20 12 23 191 676 
0 0 0 0 0 0 0 1024 0 0 0 0 0 0 0 1024 0 0 0 0 0 0 0 1024 
0 0 0 0 0 0 0 1024 0 0 0 0 0 0 0 1024 0 0 0 0 0 0 0 1024 
0 0 0 0 0 0 63 961 0 0 0 0 0 0 144 880 0 0 0 0 0 20 416 588 
0 0 0 0 9 21 75 919 0 0 0 5 18 22 73 906 0 0 2 16 19 36 84 867 
0 0 0 0 0 0 0 1024 0 0 0 0 0 0 0 1024 0 0 0 0 0 0 0 1024 
0 0 0 0 0 0 0 1024 0 0 0 0 0 0 0 1024 0 0 0 0 0 0 0 1024 
0 0 0 0 0 0 0 1024 0 0 0 0 0 0 0 1024 0 0 0 0 0 0 0 1024 
0 0 0 0 0 0 0 1024 0 0 0 0 0 0 0 1024 0 0 0 0 0 0 0 1024 
0 0 0 0 0 0 0 1024 0 0 0 0 0 0 0 1024 0 0 0 0 0 0 0 1024 
0 0 0 0 0 0 0 1024 0 0 0 0 0 0 0 1024 0 0 0 0 0 0 0 1024 
0 0 0 0 0 0 0 1024 0 0 0 0 0 0 0 1024 0 0 0 0 0 0 0 1024 
0 0 0 0 0 0 0 1024 0 0 0 0 0 0 0 1024 0 0 0 0 0 0 0 1024 
0 0 0 0 0 0 0 1024 0 0 0 0 0 0 0 1024 0 0 0 0 0 0 0 1024 
0 0 0 0 0 0 0 1024 0 0 0 0 0 0 0 1024 0 0 0 0 0 0 0 1024 
0 0 0 0 0 0 0 1024 0 0 0 0 0 0 0 1024 0 0 0 0 0 0 0 1024 
0 0 0 0 0 0 0 1024 0 0 0 0 0 0 0 1024 0 0 0 0 0 0 0 1024 
0 0 0 0 57 322 393 252 0 0 0 70 273 350 111 220 0 4 295 383 70 47 56 169 
0 0 0 0 3 98 840 83 0 0 0 2 64 294 395 269 0 2 46 281 67 48 287 293 
0 0 0 10 75 421 460 58 0 0 0 19 124 294 501 86 0 0 0 14 113 270 532 95 
0 0 0 0 0 2 23 999 0 0 0 0 0 1 7 1016 0 0 0 0 0 1 7 1016 
0 0 0 0 2 22 379 621 0 0 0 0 2 20 17 985 0 0 0 0 4 19 17 984 
0 0 49 54 152 59 690 20 0 0 0 62 180 67 36 679 0 0 0 80 186 43 35 680 
0 0 279 110 242 81 312 0 0 0 3 359 259 78 52 273 0 0 79 342 225 52 36 290 
0 1 303 128 424 155 13 0 0 0 25 418 282 267 27 5 0 2 102 410 239 239 25 7 
0 1 76 108 404 350 85 0 0 0 7 186 242 286 303 0 0 0 25 188 105 378 328 0 
0 0 0 0 0 740 284 0 0 0 0 0 0 986 38 0 0 0 0 0 579 445 0 0 
0 0 0 459 196 324 45 0 0 324 195 141 86 278 0 0 3 487 166 84 283 1 0 0 
0 0 0 1012 11 1 0 0 0 880 141 3 0 0 0 0 88 929 7 0 0 0 0 0 
0 0 7 787 20 16 165 29 0 729 68 17 13 15 172 10 421 375 17 14 16 94 87 0 
0 0 14 105 191 73 562 79 0 79 172 43 54 72 534 70 62 124 110 68 73 321 266 0 
0 34 73 172 691 28 18 8 0 0 851 99 26 32 16 0 0 562 343 71 35 10 3 0 
0 0 40 472 512 0 0 0 0 54 948 22 0 0 0 0 0 743 273 8 0 0 0 0 
0 0 0 878 146 0 0 0 0 562 462 0 0 0 0 0 0 907 117 0 0 0 0 0 
0 0 1 663 331 15 14 0 0 518 456 20 7 7 16 0 0 607 359 24 11 7 16 0 
0 0 3 167 73 72 709 0 0 45 127 52 43 95 662 0 0 58 106 51 48 500 261 0 
0 0 0 0 0 0 1024 0 0 0 0 0 0 0 1024 0 0 0 0 0 0 370 654 0 
0 0 0 0 0 0 1024 0 0 0 0 0 0 0 1024 0 0 0 0 0 0 4 1020 0 
0 0 0 0 0 0 966 58 0 0 0 0 0 0 1020 4 0 0 0 0 0 0 1024 0 
0 0 0 0 0 0 976 48 0 0 0 0 0 0 956 68 0 0 0 0 0 0 1024 0 
0 0 0 0 0 130 894 0 0 0 0 0 0 7 1017 0 0 0 0 0 0 12 1012 0 
0 0 0 0 19 314 691 0 0 0 0 0 16 69 939 0 0 0 0 0 21 93 910 0 
0 0 15 42 117 76 774 0 0 0 0 52 131 40 801 0 0 0 41 95 64 39 785 0 
0 0 63 177 109 175 468 32 0 0 76 240 179 71 410 48 0 14 251 171 104 43 437 4 
0 0 2 9 44 946 23 0 0 0 528 128 93 274 1 0 0 0 621 87 228 88 0 0 
0 0 0 0 71 325 204 424 0 0 193 95 32 130 162 412 0 0 266 24 75 124 463 72 
0 0 0 0 0 0 0 1024 0 0 0 0 0 0 0 1024 0 0 0 0 0 0 420 604 
0 0 0 0 0 0 0 1024 0 0 0 0 0 0 0 1024 0 0 0 0 0 0 0 1024 
0 0 0 0 0 16 180 828 0 0 0 0 0 47 208 769 0 0 0 8 98 133 113 672 
0 0 0 0 0 32 177 815 0 0 0 0 9 25 268 722 0 0 0 12 20 77 885 30 
0 0 0 0 31 149 323 521 0 0 0 20 60 161 316 467 0 0 12 30 78 224 274 406 
0 0 0 0 0 0 0 1024 0 0 0 0 0 0 0 1024 0 0 0 0 0 0 0 1024 
0 0 0 0 0 0 0 1024 0 0 0 0 0 0 0 1024 0 0 0 0 0 0 0 1024 
0 0 0 0 0 2 19 1003 0 0 0 0 0 2 21 1001 0 0 0 0 10 11 15 988 
0 0 1 185 65 67 136 570 0 0 0 207 50 71 127 569 0 0 71 189 97 84 53 530 
0 0 0 234 109 197 120 364 0 0 1 223 171 158 110 361 0 0 112 282 143 95 72 320 
0 0 0 187 80 216 124 417 0 0 0 171 100 240 92 421 0 0 65 265 123 118 72 381 
0 0 10 59 51 125 84 695 0 0 0 58 30 141 90 705 0 0 16 53 87 104 90 674 
0 0 0 0 0 2 25 997 0 0 0 0 0 1 23 1000 0 0 0 0 0 5 26 993 
0 0 0 0 0 0 0 1024 0 0 0 0 0 0 0 1024 0 0 0 0 0 0 0 1024 
0 0 0 0 0 0 0 1024 0 0 0 0 0 0 0 1024 0 0 0 0 0 0 0 1024 
0 0 41 25 26 47 52 833 0 0 49 23 24 54 45 829 0 4 62 40 44 29 31 814 
0 0 218 156 120 63 75 392 0 0 55 303 99 103 73 391 0 13 238 151 129 62 50 381 
0 1 161 132 134 171 153 272 0 0 25 196 211 172 149 271 0 0 59 212 207 171 143 232 
0 0 195 122 232 217 258 0 0 0 0 216 233 275 285 15 0 0 0 222 216 252 295 39 
0 0 149 190 261 179 147 98 0 0 14 250 225 258 137 140 0 0 7 252 241 246 149 129 
0 0 99 201 92 227 152 253 0 0 0 226 144 290 74 290 0 0 2 325 220 148 50 279 
0 0 146 183 138 405 105 47 0 0 0 281 251 406 37 49 0 0 36 420 217 283 27 41 
0 0 168 125 183 472 76 0 0 0 0 306 146 479 93 0 0 0 81 331 161 429 22 0 
0 0 3 24 247 504 246 0 0 0 1 31 158 527 307 0 0 0 8 105 244 469 198 0 
0 0 0 34 336 342 312 0 0 0 0 85 184 328 427 0 0 0 51 162 152 319 340 0 
0 7 9 64 400 221 323 0 0 9 7 117 318 171 402 0 0 5 36 281 203 192 307 0 
0 0 0 0 0 170 854 0 0 0 0 0 0 509 515 0 0 0 0 0 133 741 150 0 
0 0 0 58 39 48 366 513 0 28 36 26 35 55 452 392 0 49 33 27 41 97 777 0 
0 0 2 18 12 25 746 221 0 5 12 10 14 24 701 258 0 12 6 11 14 29 777 175 
0 0 55 313 116 78 461 1 0 71 107 252 73 67 432 22 12 83 221 127 67 61 444 9 
0 0 51 502 471 0 0 0 0 0 58 819 147 0 0 0 0 0 464 557 3 0 0 0 
0 131 208 307 372 6 0 0 0 20 244 497 261 2 0 0 0 36 437 460 91 0 0 0 
0 246 316 296 166 0 0 0 0 26 444 354 200 0 0 0 0 54 400 355 215 0 0 0 
0 221 223 346 234 0 0 0 0 43 454 262 265 0 0 0 0 26 525 306 167 0 0 0 
0 193 207 402 220 2 0 0 0 178 418 203 225 0 0 0 0 166 441 180 237 0 0 0 
0 44 263 473 177 40 25 2 0 103 325 349 179 57 11 0 0 108 415 254 178 56 13 0 
0 0 143 254 201 94 332 0 0 0 18 326 253 150 277 0 0 0 88 321 204 410 1 0 
0 0 105 179 257 55 428 0 0 0 1 310 228 64 421 0 0 0 91 313 161 354 105 0 
0 0 104 146 235 91 448 0 0 0 3 262 213 103 443 0 0 0 127 317 116 78 386 0 
0 0 46 213 270 105 359 31 0 0 39 290 210 100 381 4 0 6 191 311 125 41 350 0 
0 0 139 258 261 221 145 0 0 0 135 302 274 107 206 0 0 41 304 358 88 43 190 0 
0 0 159 216 283 340 26 0 0 0 118 305 309 270 22 0 0 55 232 486 215 19 17 0 
0 0 115 208 297 365 39 0 0 0 107 315 280 322 0 0 0 38 277 389 320 0 0 0 
0 0 1 123 307 503 90 0 0 0 13 215 304 457 35 0 0 7 151 389 459 18 0 0 
0 0 0 62 265 650 47 0 0 0 0 63 227 715 19 0 0 0 62 212 483 267 0 0 
0 0 0 0 0 880 82 62 0 0 0 0 0 941 23 60 0 0 0 0 519 434 41 30 
0 0 0 0 0 35 244 745 0 0 0 0 0 45 218 761 0 0 0 0 16 36 328 644 
0 0 0 0 0 0 0 1024 0 0 0 0 0 0 0 1024 0 0 0 0 0 0 131 893 
0 0 0 0 26 251 219 528 0 0 1 100 167 158 93 505 0 56 234 117 82 40 147 348 
0 0 0 5 105 227 116 571 0 0 0 85 237 48 72 582 0 13 170 126 51 23 546 95 
0 0 0 0 9 12 649 354 0 0 0 1 8 17 643 355 0 0 0 4 9 308 467 236 
0 0 0 0 0 0 0 1024 0 0 0 0 0 0 0 1024 0 0 0 0 0 0 0 1024 
0 0 0 0 0 0 0 1024 0 0 0 0 0 0 0 1024 0 0 0 0 0 0 0 1024 
0 0 48 266 112 78 122 398 0 0 77 236 115 93 113 390 0 38 174 188 145 78 62 339 
0 0 16 190 329 384 105 0 0 0 42 194 291 408 89 0 0 14 163 121 528 198 0 0 
0 0 0 39 218 430 337 0 0 0 0 89 175 401 359 0 0 0 91 111 311 495 16 0 
0 0 0 11 151 425 437 0 0 0 0 27 158 393 446 0 0 0 29 144 237 563 51 0 
0 0 46 78 108 385 407 0 0 0 0 110 112 376 422 4 0 0 56 222 189 429 128 0 
0 0 81 122 110 361 271 79 0 0 11 182 88 425 237 81 0 0 162 167 246 273 100 76 
0 0 62 160 98 185 144 375 0 0 14 202 106 229 81 392 0 0 176 207 131 65 86 359 
0 0 126 134 112 102 79 471 0 0 4 283 101 80 84 472 0 0 231 132 85 65 54 457 
0 34 338 115 148 87 59 243 0 3 213 334 98 71 58 247 0 68 415 156 74 43 47 221 
0 46 136 399 281 120 42 0 0 1 164 462 252 101 44 0 0 47 241 432 215 89 0 0 
0 0 50 59 202 314 399 0 0 0 21 96 212 217 478 0 0 0 87 155 165 398 219 0 
0 0 25 40 337 281 338 3 0 0 3 50 137 382 442 10 0 0 37 68 146 336 437 0 
0 0 0 1 155 424 413 31 0 0 0 1 87 381 510 45 0 0 0 10 139 308 502 65 
0 0 0 20 88 567 349 0 0 0 0 10 91 489 433 1 0 0 0 58 126 443 397 0 
0 0 0 12 164 392 456 0 0 0 0 14 188 316 506 0 0 0 13 164 132 341 374 0 
0 0 0 16 218 263 527 0 0 0 4 45 248 210 517 0 0 3 29 231 148 242 371 0 
17 63 70 91 307 175 301 0 0 83 75 123 298 149 296 0 0 104 122 265 182 138 213 0 
14 105 114 179 212 166 232 2 3 118 180 231 131 115 246 0 7 187 275 146 97 219 93 0 
33 221 321 124 147 155 23 0 2 157 255 306 149 110 45 0 5 179 281 228 179 109 43 0 
0 0 0 0 0 3 1021 0 0 0 0 0 0 69 955 0 0 0 0 0 0 778 246 0 
0 0 0 0 0 0 432 592 0 0 0 0 0 0 574 450 0 0 0 0 0 0 1024 0 
0 0 0 0 0 0 801 223 0 0 0 0 0 0 760 264 0 0 0 0 0 0 919 105 
0 0 0 0 4 7 1013 0 0 0 0 0 4 7 927 86 0 0 0 0 4 8 1002 10 
0 0 0 107 161 349 406 1 0 0 1 199 169 568 86 1 0 0 129 225 554 41 75 0 
0 0 0 24 226 344 430 0 0 0 0 43 364 379 238 0 0 0 6 415 439 164 0 0 
0 121 415 206 235 46 1 0 0 41 433 250 267 33 0 0 4 51 521 221 225 2 0 0 
0 80 491 297 156 0 0 0 0 0 485 317 222 0 0 0 0 7 619 320 78 0 0 0 
0 51 372 259 342 0 0 0 0 28 310 317 362 7 0 0 1 36 414 355 218 0 0 0 
0 1 98 312 402 211 0 0 0 0 49 352 387 236 0 0 0 0 127 389 436 72 0 0 
0 0 0 151 311 556 6 0 0 0 0 140 285 589 10 0 0 0 13 234 396 381 0 0 
0 0 0 71 295 630 28 0 0 0 0 111 311 602 0 0 0 0 66 254 552 152 0 0 
0 0 0 20 267 625 112 0 0 0 0 80 260 664 20 0 0 0 76 314 574 60 0 0 
0 0 0 0 229 546 249 0 0 0 0 38 287 640 59 0 0 0 67 399 533 25 0 0 
0 0 6 105 283 566 64 0 0 0 8 140 371 504 1 0 0 8 178 555 283 0 0 0 
0 0 6 235 338 414 31 0 0 0 5 132 540 347 0 0 0 6 136 576 306 0 0 0 
0 1 28 178 365 421 31 0 0 1 22 59 565 369 8 0 0 15 59 621 326 3 0 0 
0 0 25 109 393 281 216 0 0 0 21 51 522 258 172 0 0 7 54 565 303 95 0 0 
0 0 174 117 269 200 264 0 0 0 183 128 273 251 189 0 0 51 279 284 308 102 0 0 
0 0 5 96 206 615 102 0 0 0 0 108 180 708 28 0 0 0 118 175 721 10 0 0 
0 0 0 0 9 401 614 0 0 0 0 0 8 682 334 0 0 0 0 8 630 76 309 1 
0 0 0 0 0 54 251 719 0 0 0 0 0 47 225 752 0 0 0 0 22 30 614 358 
0 0 0 31 173 121 101 598 0 0 1 61 208 108 54 592 0 18 130 152 77 47 122 478 
0 0 0 136 277 220 238 153 0 0 12 118 362 244 128 160 0 43 159 322 207 79 206 8 
0 0 24 175 102 168 283 272 0 0 0 103 149 252 243 277 0 0 48 163 189 258 157 209 
0 0 2 60 46 104 53 759 0 0 0 14 95 107 39 769 0 0 9 90 97 33 59 736 
0 0 7 291 106 132 76 412 0 0 8 275 123 142 66 410 0 4 212 195 137 45 59 372 
0 0 32 257 358 307 69 1 0 0 88 207 403 311 15 0 0 29 231 160 601 3 0 0 
0 34 39 199 163 507 82 0 0 21 63 233 198 471 38 0 0 25 272 201 465 61 0 0 
0 196 376 130 128 93 101 0 0 27 530 149 147 88 83 0 0 59 578 216 78 80 13 0 
0 0 117 166 274 337 124 6 0 0 39 207 273 375 124 6 0 0 62 465 357 122 18 0 
0 0 0 45 217 451 300 11 0 0 0 3 246 461 274 40 0 0 0 146 438 260 180 0 
0 0 0 26 222 221 548 7 0 0 0 1 198 251 541 33 0 0 1 139 189 446 249 0 
0 0 0 39 191 376 410 8 0 0 0 36 163 411 412 2 0 0 16 144 242 585 37 0 
0 0 0 77 237 594 116 0 0 0 0 87 291 553 93 0 0 0 42 206 463 313 0 0 
0 0 0 86 397 416 125 0 0 0 0 104 332 505 83 0 0 0 67 184 415 358 0 0 
0 0 71 128 356 325 144 0 0 0 99 159 282 372 112 0 0 49 183 197 314 265 16 0 
0 13 43 163 205 260 340 0 0 2 68 173 206 379 196 0 0 3 181 182 352 280 26 0 
0 162 70 164 214 275 137 2 0 74 156 160 153 263 214 4 0 89 186 186 169 318 76 0 
3 116 70 134 206 156 306 33 2 106 106 125 160 136 343 46 10 102 159 147 119 147 330 10 
12 112 153 72 144 146 374 11 2 69 179 133 131 117 380 13 9 99 165 202 118 122 293 16 
0 62 200 104 110 152 350 46 0 49 166 184 139 109 329 48 0 72 170 227 145 138 244 28 
6 223 381 102 110 133 67 2 0 120 282 317 132 118 55 0 0 97 213 454 143 71 46 0 
26 219 216 78 126 267 90 2 0 221 148 223 116 201 115 0 2 281 156 271 123 160 31 0 
0 68 123 233 231 278 91 0 0 65 196 283 190 195 95 0 0 104 312 291 102 138 76 1 
0 63 293 146 65 209 180 68 0 71 243 211 97 204 145 53 0 157 228 214 127 201 95 2 
0 0 0 0 0 0 1024 0 0 0 0 0 0 0 1024 0 0 0 0 0 2 790 232 0 
0 0 0 0 0 0 388 636 0 0 0 0 0 0 550 474 0 0 0 0 0 0 1024 0 
0 0 0 0 0 0 848 176 0 0 0 0 0 0 757 267 0 0 0 0 0 0 1016 8 
0 0 0 0 0 0 1024 0 0 0 0 0 0 0 255 769 0 0 0 0 0 0 1021 3 
0 0 0 0 0 207 817 0 0 0 0 0 0 886 99 39 0 0 0 0 859 41 124 0 
0 0 0 0 0 180 844 0 0 0 0 0 14 614 396 0 0 0 0 164 661 199 0 0 
116 363 267 128 62 87 1 0 55 348 293 190 71 67 0 0 130 338 331 121 100 4 0 0 
123 426 299 162 14 0 0 0 58 376 343 216 31 0 0 0 166 295 433 130 0 0 0 0 
94 395 293 198 44 0 0 0 8 234 466 246 70 0 0 0 105 162 565 179 13 0 0 0 
48 244 399 240 82 11 0 0 0 189 190 522 120 3 0 0 77 139 366 405 37 0 0 0 
28 127 100 416 230 123 0 0 4 116 86 229 450 139 0 0 27 134 96 450 276 41 0 0 
1 134 90 256 289 246 8 0 0 112 95 128 468 219 2 0 10 141 85 595 193 0 0 0 
5 107 82 168 444 218 0 0 0 112 73 113 524 202 0 0 40 114 123 632 115 0 0 0 
0 138 90 131 358 286 21 0 6 140 87 112 480 199 0 0 114 92 177 549 92 0 0 0 
0 40 108 142 270 270 194 0 3 24 121 84 385 386 21 0 21 90 148 443 310 12 0 0 
0 290 147 190 251 144 2 0 0 244 180 73 409 118 0 0 91 310 86 463 74 0 0 0 
0 137 346 142 232 154 13 0 0 203 320 72 239 183 7 0 41 471 85 302 125 0 0 0 
0 89 208 160 169 255 141 2 0 176 223 123 164 226 112 0 81 286 155 215 230 56 1 0 
0 0 394 399 63 74 94 0 0 0 389 427 56 63 89 0 0 58 761 71 84 50 0 0 
0 0 99 137 234 160 394 0 0 0 108 205 199 194 318 0 0 33 324 190 319 158 0 0 
0 0 0 150 227 272 375 0 0 0 0 183 252 325 264 0 0 5 227 264 320 208 0 0 
0 0 0 174 150 371 283 46 0 0 0 152 246 384 186 56 0 2 186 278 274 201 52 31 
0 0 8 286 288 244 133 65 0 0 44 380 260 199 80 61 0 24 421 282 168 55 41 33 
0 0 0 2 70 439 505 8 0 0 0 21 157 394 451 1 0 0 69 197 284 451 23 0 
0 0 1 72 122 383 446 0 0 0 0 74 120 366 444 20 0 0 40 128 249 413 194 0 
0 0 53 217 214 362 178 0 0 0 19 274 267 316 148 0 0 0 245 249 380 150 0 0 
0 0 0 54 241 447 282 0 0 0 1 143 281 411 188 0 0 2 169 153 560 140 0 0 
0 0 33 101 198 414 278 0 0 0 34 167 173 486 164 0 0 2 204 214 447 157 0 0 
0 133 470 186 71 153 10 1 0 96 578 153 61 131 5 0 0 196 591 94 137 5 1 0 
0 56 53 107 538 189 61 20 0 43 100 272 491 80 31 7 0 65 362 518 43 21 15 0 
0 0 0 8 320 660 32 4 0 0 6 104 313 564 37 0 0 6 112 321 579 6 0 0 
0 0 0 9 171 694 134 16 0 0 0 65 146 558 247 8 0 0 69 188 444 322 1 0 
0 0 34 163 294 476 57 0 0 0 29 119 293 338 245 0 0 6 80 221 338 379 0 0 
0 0 1 205 291 373 154 0 0 0 2 76 338 445 156 7 0 0 32 165 601 166 60 0 
0 0 41 187 246 312 238 0 0 0 13 216 236 313 246 0 0 0 61 316 366 217 64 0 
1 14 146 245 278 105 235 0 1 19 83 344 269 87 221 0 1 47 161 464 111 240 0 0 
2 49 213 198 166 267 128 1 0 60 193 273 187 183 128 0 4 138 213 338 166 159 6 0 
0 2 189 122 69 268 374 0 0 0 153 151 108 612 0 0 0 6 224 164 629 1 0 0 
0 522 321 181 0 0 0 0 0 123 613 113 166 9 0 0 0 252 500 121 139 12 0 0 
4 205 271 237 118 92 96 1 0 187 216 159 200 157 98 7 0 203 244 163 185 132 96 1 
0 74 410 298 79 64 93 6 0 44 320 234 261 75 80 10 0 59 348 271 223 47 70 6 
0 45 409 247 110 55 68 90 0 4 334 216 276 55 55 84 0 17 364 242 240 61 56 44 
0 60 578 343 40 3 0 0 0 30 418 371 203 2 0 0 0 52 434 393 143 2 0 0 
0 44 531 350 54 24 15 6 0 27 302 404 259 20 12 0 0 119 270 441 175 19 0 0 
0 17 429 551 24 3 0 0 0 0 309 273 430 12 0 0 0 7 351 272 388 6 0 0 
0 45 662 311 4 2 0 0 0 0 281 463 277 2 1 0 0 75 237 203 506 2 1 0 
0 0 0 0 0 0 1024 0 0 0 0 0 0 0 1024 0 0 0 0 0 0 813 211 0 
0 0 0 0 0 0 413 611 0 0 0 0 0 0 562 462 0 0 0 0 0 0 1024 0 
0 0 0 0 0 0 854 170 0 0 0 0 0 0 706 318 0 0 0 0 0 0 1024 0 
0 0 0 0 0 0 1024 0 0 0 0 0 0 0 475 549 0 0 0 0 0 0 852 172 
0 0 0 0 0 305 710 9 0 0 0 0 0 896 103 25 0 0 0 0 864 40 116 4 
0 0 0 0 0 174 850 0 0 0 0 0 10 675 339 0 0 0 0 79 752 193 0 0 
127 592 121 56 34 86 8 0 90 433 328 49 41 83 0 0 277 394 215 42 89 7 0 0 
97 790 132 5 0 0 0 0 52 496 472 4 0 0 0 0 168 728 126 2 0 0 0 0 
7 372 638 7 0 0 0 0 0 161 829 34 0 0 0 0 58 162 804 0 0 0 0 0 
16 455 506 47 0 0 0 0 47 283 489 205 0 0 0 0 167 193 623 41 0 0 0 0 
77 479 387 57 21 3 0 0 58 411 376 161 15 3 0 0 324 207 437 42 12 2 0 0 
10 226 390 131 97 109 54 7 8 225 380 157 102 99 48 5 43 254 352 149 115 89 20 2 
13 178 401 173 88 89 81 1 8 192 366 236 74 81 67 0 46 268 388 139 76 105 2 0 
0 159 426 184 89 68 96 2 0 194 470 143 80 70 65 2 66 350 358 81 63 92 14 0 
0 11 185 339 100 206 183 0 0 18 272 272 112 287 63 0 11 141 412 148 270 42 0 0 
0 55 372 325 185 72 11 4 0 67 475 342 106 27 3 4 17 430 442 97 29 5 3 1 
0 96 123 422 273 79 24 7 0 87 223 572 97 37 5 3 33 258 622 67 35 6 3 0 
0 83 162 263 246 124 143 3 0 82 304 334 96 102 104 2 15 363 354 83 117 90 2 0 
0 1 54 611 117 116 116 9 0 1 105 634 83 94 106 1 0 47 677 109 107 82 2 0 
0 0 52 419 412 89 45 7 0 4 307 458 180 48 26 1 0 209 652 101 36 16 10 0 
0 0 18 158 354 215 262 17 0 10 137 203 304 149 213 8 1 158 339 195 194 116 21 0 
0 11 104 118 189 198 404 0 0 36 160 118 189 191 330 0 16 119 219 182 242 246 0 0 
0 2 123 92 160 236 408 3 0 24 110 129 170 260 330 1 0 58 243 217 318 182 6 0 
0 0 78 46 117 238 542 3 0 0 84 91 154 264 431 0 0 6 190 216 341 271 0 0 
0 0 0 23 194 318 485 4 0 0 1 44 313 278 388 0 0 0 26 317 287 378 16 0 
0 3 116 263 309 183 150 0 0 1 85 343 294 168 133 0 0 11 275 377 204 157 0 0 
0 0 66 338 273 138 209 0 0 0 29 429 248 130 188 0 0 7 282 463 97 175 0 0 
0 0 237 226 345 198 17 1 0 0 111 451 371 79 12 0 0 1 488 500 27 8 0 0 
0 0 72 87 284 381 142 58 0 0 101 246 292 255 76 54 0 14 338 301 234 61 66 10 
0 0 0 132 323 186 370 13 0 0 27 357 161 174 302 3 0 0 320 194 117 345 48 0 
0 0 0 147 606 254 17 0 0 0 1 320 470 226 7 0 0 0 309 426 257 26 6 0 
0 0 0 107 282 234 355 46 0 0 0 111 214 321 359 19 0 0 79 212 321 246 166 0 
0 0 5 92 251 197 324 155 0 0 4 109 276 200 236 199 0 0 24 269 226 141 275 89 
0 0 11 97 461 157 187 111 0 0 1 76 218 448 185 96 0 0 32 198 393 237 139 25 
0 0 39 177 369 266 150 23 0 0 98 287 333 198 97 11 0 60 285 284 263 83 49 0 
0 0 47 328 202 131 297 19 0 3 248 275 103 133 250 12 0 67 335 177 105 158 178 4 
0 11 138 171 164 431 109 0 0 45 178 199 200 254 148 0 12 79 241 279 183 150 78 2 
0 0 244 66 42 162 510 0 0 0 220 119 46 539 100 0 0 0 313 64 584 63 0 0 
0 118 906 0 0 0 0 0 0 3 986 35 0 0 0 0 0 30 988 6 0 0 0 0 
0 462 526 17 12 7 0 0 0 78 655 251 33 7 0 0 0 230 521 199 74 0 0 0 
2 118 703 98 55 46 2 0 0 50 335 505 88 41 4 1 1 82 338 503 87 13 0 0 
0 14 718 206 33 45 8 0 0 2 157 757 65 36 7 0 0 2 211 742 56 13 0 0 
0 33 600 175 109 73 34 0 0 10 182 639 109 75 8 1 0 36 229 657 64 30 7 1 
0 10 386 357 242 28 1 0 0 3 97 525 381 18 0 0 0 24 116 569 315 0 0 0 
0 16 268 300 191 159 88 2 0 3 75 501 283 75 86 1 0 5 102 608 192 67 48 2 
0 6 206 449 362 1 0 0 0 0 48 496 470 10 0 0 0 9 161 328 522 4 0 0 
0 0 0 0 0 0 1024 0 0 0 0 0 0 0 1024 0 0 0 0 0 0 784 240 0 
0 0 0 0 0 0 573 451 0 0 0 0 0 0 715 309 0 0 0 0 0 0 1024 0 
0 0 0 0 0 0 851 173 0 0 0 0 0 0 803 221 0 0 0 0 0 0 985 39 
0 0 0 0 0 0 986 38 0 0 0 0 0 0 301 723 0 0 0 0 0 0 908 116 
0 0 0 0 0 547 439 38 0 0 0 0 0 885 75 64 0 0 0 0 856 62 78 28 
0 0 0 0 0 198 826 0 0 0 0 0 0 720 304 0 0 0 0 43 739 242 0 0 
49 644 146 57 34 93 1 0 35 681 133 50 58 67 0 0 125 565 181 57 70 26 0 0 
53 786 142 40 3 0 0 0 24 867 118 15 0 0 0 0 116 838 66 4 0 0 0 0 
89 519 401 14 1 0 0 0 18 422 572 12 0 0 0 0 147 471 406 0 0 0 0 0 
51 501 417 55 0 0 0 0 0 256 723 45 0 0 0 0 76 248 699 1 0 0 0 0 
60 511 445 8 0 0 0 0 0 405 430 188 1 0 0 0 222 257 453 92 0 0 0 0 
0 180 492 291 37 24 0 0 0 136 449 391 47 1 0 0 1 206 553 240 24 0 0 0 
0 168 448 241 127 39 1 0 0 133 434 344 97 16 0 0 0 220 589 202 13 0 0 0 
1 267 314 253 134 39 16 0 0 199 404 290 93 36 2 0 95 307 495 91 35 1 0 0 
0 43 235 372 104 177 93 0 0 29 265 375 110 220 25 0 20 136 510 170 188 0 0 0 
0 327 357 259 50 27 4 0 0 223 584 175 36 6 0 0 15 577 390 40 2 0 0 0 
0 131 360 450 71 11 1 0 6 377 543 89 9 0 0 0 258 632 125 9 0 0 0 0 
0 36 185 362 225 80 136 0 0 61 557 183 35 86 102 0 57 524 221 41 115 66 0 0 
0 0 65 500 140 116 192 11 0 0 171 423 126 140 164 0 0 92 499 159 143 128 3 0 
0 0 81 372 238 96 160 77 0 10 238 279 222 96 136 43 0 160 389 212 84 84 95 0 
0 0 91 353 274 108 158 40 0 8 283 239 254 100 130 10 0 265 254 263 94 113 35 0 
0 0 65 253 472 108 115 11 0 0 188 329 310 97 96 4 3 146 406 292 84 70 23 0 
0 0 63 493 365 33 49 21 0 1 99 516 300 52 49 7 0 70 559 289 42 47 17 0 
0 0 127 238 49 70 532 8 0 1 176 207 43 110 487 0 0 88 300 69 370 197 0 0 
0 0 0 0 173 440 406 5 0 0 0 23 235 433 333 0 0 0 1 222 463 331 7 0 
0 0 50 431 323 149 71 0 0 0 66 437 368 110 43 0 0 9 295 509 133 76 2 0 
0 0 8 317 472 143 84 0 0 0 42 440 384 98 60 0 0 3 394 445 87 90 5 0 
0 0 30 228 366 293 101 6 0 0 58 360 384 145 73 4 0 20 387 391 137 73 16 0 
0 0 244 415 195 79 72 19 0 7 369 413 108 58 58 11 0 232 507 149 52 48 34 2 
0 0 400 423 176 16 6 3 0 16 452 355 188 7 3 3 5 217 553 230 10 5 3 1 
0 13 187 554 246 24 0 0 0 23 133 489 342 37 0 0 20 57 339 550 58 0 0 0 
0 0 90 518 335 63 18 0 0 1 64 228 592 131 8 0 0 23 192 355 439 15 0 0 
0 2 84 494 371 51 12 10 0 0 21 293 559 133 11 7 0 4 228 270 465 52 5 0 
0 0 60 550 334 56 24 0 0 0 7 184 675 133 25 0 0 0 92 306 566 58 2 0 
0 0 126 623 205 70 0 0 0 0 44 349 517 114 0 0 0 1 243 403 372 5 0 0 
0 0 176 602 122 121 3 0 0 0 81 436 341 162 4 0 0 29 225 515 234 21 0 0 
0 0 81 477 185 278 3 0 0 0 34 332 397 261 0 0 0 0 191 506 327 0 0 0 
0 0 241 68 52 98 565 0 0 0 162 175 68 521 98 0 0 0 320 89 563 52 0 0 
0 78 897 25 21 3 0 0 0 11 924 50 23 16 0 0 0 32 924 31 29 7 1 0 
0 50 263 144 151 306 110 0 0 29 160 258 134 266 177 0 0 81 169 261 224 283 6 0 
0 51 142 215 178 293 134 11 0 26 136 251 177 270 153 11 0 52 239 237 268 206 11 11 
0 0 100 289 269 308 58 0 0 0 50 234 361 290 87 2 0 9 132 317 355 201 10 0 
0 0 107 331 237 195 154 0 0 1 144 216 327 265 71 0 0 3 232 286 295 192 16 0 
0 0 109 687 164 43 18 3 0 0 99 428 463 27 7 0 0 18 228 488 283 7 0 0 
0 0 3 364 299 130 228 0 0 0 7 304 383 114 210 6 0 0 162 269 362 47 184 0 
0 0 109 679 234 2 0 0 0 0 54 345 613 12 0 0 0 1 105 303 611 4 0 0 
0 0 0 0 0 0 1024 0 0 0 0 0 0 0 1024 0 0 0 0 0 0 835 189 0 
0 0 0 0 0 0 613 411 0 0 0 0 0 0 790 234 0 0 0 0 0 5 1019 0 
0 0 0 0 0 0 892 132 0 0 0 0 0 0 810 214 0 0 0 0 0 0 1023 1 
0 0 0 0 0 0 853 171 0 0 0 0 0 0 159 865 0 0 0 0 0 0 764 260 
0 0 0 0 0 780 203 41 0 0 0 0 0 896 69 59 0 0 0 0 854 61 75 34 
0 0 0 0 0 413 611 0 0 0 0 0 62 759 203 0 0 0 0 119 688 217 0 0 
166 525 119 74 57 83 0 0 75 527 228 82 40 71 1 0 245 425 178 71 91 14 0 0 
154 719 132 18 1 0 0 0 54 748 211 10 1 0 0 0 192 686 141 4 1 0 0 0 
106 623 232 58 5 0 0 0 24 379 571 50 0 0 0 0 150 425 447 2 0 0 0 0 
37 507 447 33 0 0 0 0 11 240 692 81 0 0 0 0 28 283 707 6 0 0 0 0 
27 518 433 46 0 0 0 0 0 380 425 217 2 0 0 0 198 237 441 148 0 0 0 0 
0 120 619 198 56 31 0 0 0 67 511 385 51 10 0 0 1 142 639 208 33 1 0 0 
2 227 369 267 126 33 0 0 4 154 419 367 79 1 0 0 35 183 666 130 10 0 0 0 
0 257 329 266 120 46 6 0 0 145 476 299 80 24 0 0 66 183 649 104 21 1 0 0 
0 60 316 280 97 191 80 0 0 31 420 232 115 220 6 0 9 185 490 163 177 0 0 0 
0 267 458 244 29 25 1 0 0 213 558 221 27 5 0 0 30 604 365 24 1 0 0 0 
0 175 356 398 83 11 1 0 0 183 460 365 15 1 0 0 5 528 461 27 3 0 0 0 
0 38 324 369 69 83 141 0 0 22 522 216 69 92 103 0 2 430 342 55 152 43 0 0 
0 14 307 452 113 76 62 0 0 8 358 439 122 58 39 0 0 177 642 126 72 7 0 0 
0 114 478 296 113 21 2 0 0 94 717 188 23 2 0 0 13 652 332 27 0 0 0 0 
0 0 357 328 309 29 1 0 0 57 588 339 36 4 0 0 7 590 393 34 0 0 0 0 
0 0 199 248 298 243 36 0 0 3 281 437 259 44 0 0 1 109 819 91 4 0 0 0 
0 0 117 222 215 156 159 155 0 0 133 337 198 81 186 89 0 53 465 168 68 132 137 1 
0 0 43 145 80 54 655 47 0 5 141 107 40 135 596 0 0 101 145 64 416 295 3 0 
0 0 0 0 151 491 364 18 0 0 0 26 218 467 313 0 0 0 17 213 479 315 0 0 
0 0 140 570 294 19 1 0 0 0 8 535 469 12 0 0 0 2 276 733 13 0 0 0 
0 0 12 309 350 335 15 3 0 0 1 216 490 309 7 1 0 0 195 642 183 3 1 0 
0 0 36 329 353 269 36 1 0 0 34 379 435 157 19 0 0 14 327 592 65 25 1 0 
0 0 97 288 380 197 57 5 0 0 108 488 282 109 36 1 0 33 470 340 124 50 7 0 
0 0 47 246 455 127 134 15 0 0 66 456 305 56 108 33 0 12 501 298 51 40 122 0 
0 0 1 174 593 181 75 0 0 1 55 202 511 181 74 0 0 40 212 543 125 52 52 0 
0 2 69 143 392 296 120 2 0 30 69 124 301 403 97 0 2 63 69 248 469 151 22 0 
0 0 21 116 412 288 187 0 0 0 29 104 378 413 100 0 0 0 51 269 531 166 7 0 
0 0 2 113 288 382 184 55 0 0 12 151 309 328 169 55 0 1 137 274 320 141 138 13 
0 0 32 132 310 342 192 16 0 0 22 161 353 297 185 6 0 0 127 305 328 171 93 0 
0 0 43 188 272 382 138 1 0 0 60 200 335 323 106 0 0 9 181 315 356 122 41 0 
0 0 40 170 321 378 108 7 0 0 51 179 367 360 65 2 0 7 176 380 367 63 31 0 
0 0 142 155 62 65 599 1 0 0 48 219 118 434 205 0 0 0 191 172 629 32 0 0 
0 35 700 281 8 0 0 0 0 5 462 329 183 45 0 0 0 7 682 141 148 46 0 0 
0 44 234 607 139 0 0 0 0 8 114 256 407 227 12 0 0 13 126 266 346 269 4 0 
0 32 153 601 234 3 1 0 0 12 111 190 511 200 0 0 0 18 121 252 376 257 0 0 
0 40 329 471 184 0 0 0 0 14 94 368 452 96 0 0 0 17 145 329 489 44 0 0 
0 23 422 409 168 2 0 0 0 2 119 555 283 65 0 0 0 19 173 533 294 5 0 0 
0 29 408 517 68 2 0 0 0 15 193 537 276 3 0 0 0 48 295 548 133 0 0 0 
0 2 432 487 83 20 0 0 0 0 66 665 270 20 3 0 0 6 175 558 260 20 5 0 
0 10 463 499 44 8 0 0 0 0 91 624 306 3 0 0 0 11 221 372 419 1 0 0 
0 0 0 0 0 0 1024 0 0 0 0 0 0 0 1022 2 0 0 0 0 0 709 315 0 
0 0 0 0 0 0 783 241 0 0 0 0 0 0 904 120 0 0 0 0 0 5 1019 0 
0 0 0 0 0 0 914 110 0 0 0 0 0 0 874 150 0 0 0 0 0 0 1024 0 
0 0 0 0 0 0 1013 11 0 0 0 0 0 0 458 566 0 0 0 0 0 0 940 84 
0 0 0 0 0 882 129 13 0 0 0 0 2 898 82 42 0 0 0 0 867 61 95 1 
0 0 0 0 0 674 350 0 0 0 0 0 107 761 156 0 0 0 0 261 524 239 0 0 
62 492 166 94 128 82 0 0 78 321 321 112 126 64 2 0 163 319 267 98 150 19 8 0 
64 675 161 52 52 13 7 0 33 492 388 55 38 12 6 0 127 632 154 40 45 19 5 2 
0 507 380 55 69 11 2 0 6 336 556 71 46 7 2 0 56 492 372 56 41 5 2 0 
0 187 652 96 68 16 5 0 3 203 578 171 58 10 1 0 43 251 589 89 42 8 2 0 
1 486 485 52 0 0 0 0 0 368 363 288 5 0 0 0 245 166 450 163 0 0 0 0 
0 4 196 560 117 122 25 0 0 17 160 625 101 115 6 0 0 27 432 410 78 77 0 0 
0 54 236 543 119 61 10 1 14 74 275 525 93 39 3 1 61 129 553 238 37 5 1 0 
0 9 402 519 55 21 14 4 0 38 514 403 35 20 12 2 2 276 602 87 30 14 12 1 
0 6 139 382 156 231 107 3 0 15 243 317 191 243 12 3 5 111 470 203 213 13 8 1 
0 26 319 432 142 88 17 0 0 17 465 357 117 64 4 0 0 365 432 142 80 5 0 0 
0 76 195 429 150 142 26 6 0 48 408 351 127 77 9 4 4 372 409 136 80 13 7 3 
0 46 144 367 168 142 157 0 0 46 352 249 172 106 99 0 0 334 355 158 137 40 0 0 
0 4 165 361 366 91 37 0 0 0 194 554 180 67 29 0 0 192 603 157 72 0 0 0 
0 28 313 222 440 21 0 0 0 0 459 393 172 0 0 0 0 466 423 135 0 0 0 0 
0 0 263 412 331 16 2 0 0 10 456 373 183 2 0 0 0 327 527 168 2 0 0 0 
0 0 101 240 498 185 0 0 0 0 145 435 302 142 0 0 0 83 647 281 13 0 0 0 
0 0 58 258 500 202 6 0 0 0 66 347 412 199 0 0 0 50 530 436 8 0 0 0 
0 0 9 76 187 212 518 22 0 0 22 157 311 427 107 0 0 22 249 452 277 24 0 0 
0 0 0 0 228 631 162 3 0 0 35 106 361 500 22 0 0 52 120 356 472 24 0 0 
0 0 20 508 381 65 42 8 0 0 29 384 524 44 42 1 0 15 186 727 39 53 4 0 
0 0 7 130 448 330 105 4 0 0 7 216 613 173 15 0 0 0 233 636 140 15 0 0 
0 0 3 137 394 315 154 21 0 0 83 346 346 140 105 4 0 6 249 456 190 110 13 0 
0 0 187 621 140 63 13 0 0 30 208 602 154 26 4 0 22 85 673 200 40 4 0 0 
0 0 121 553 283 34 28 5 0 0 107 541 325 25 23 3 0 21 408 520 47 13 15 0 
0 0 50 568 344 40 13 9 0 0 25 335 575 74 8 7 0 14 152 613 222 17 6 0 
0 0 21 522 349 113 18 1 0 0 22 123 579 281 18 1 0 2 36 277 573 132 4 0 
0 0 5 539 377 102 1 0 0 0 0 127 661 218 18 0 0 0 30 314 576 103 1 0 
0 0 11 506 386 105 16 0 0 0 9 140 615 212 41 7 0 2 89 276 563 77 14 3 
0 0 58 617 266 83 0 0 0 0 41 213 637 130 3 0 0 11 76 505 426 6 0 0 
0 0 23 674 225 100 2 0 0 0 12 204 682 126 0 0 0 7 84 613 320 0 0 0 
0 0 15 521 227 225 36 0 0 0 0 216 603 205 0 0 0 0 101 693 230 0 0 0 
0 0 77 216 60 73 598 0 0 0 1 320 87 354 262 0 0 0 200 215 600 9 0 0 
0 25 871 123 5 0 0 0 0 4 503 512 5 0 0 0 0 15 878 125 6 0 0 0 
0 6 105 232 258 171 203 49 0 2 78 264 237 189 198 56 0 6 139 306 176 158 178 61 
0 0 50 181 345 197 214 37 0 0 30 176 238 354 175 51 0 3 118 183 188 339 148 45 
0 2 142 433 346 56 45 0 0 0 126 331 339 204 24 0 0 5 228 274 327 178 12 0 
0 2 69 336 322 127 138 30 0 0 67 373 349 93 103 39 0 8 207 370 251 75 76 37 
0 0 59 291 235 168 239 32 0 0 98 405 145 128 171 77 0 12 298 284 107 102 124 97 
0 0 7 279 237 215 277 9 0 0 7 147 456 149 264 1 0 1 110 323 294 92 204 0 
0 2 93 423 251 162 93 0 0 3 99 420 298 138 66 0 0 7 353 380 147 95 42 0 
0 0 0 0 0 64 944 16 0 0 0 0 0 76 812 136 0 0 0 60 76 548 340 0 
0 0 0 0 0 0 840 184 0 0 0 0 0 0 926 98 0 0 0 0 0 48 976 0 
0 0 0 0 0 0 944 80 0 0 0 0 0 0 890 134 0 0 0 0 0 0 1020 4 
0 0 0 0 0 0 997 27 0 0 0 0 0 0 438 586 0 0 0 0 0 0 1012 12 
0 0 0 0 0 902 115 7 0 0 0 0 52 866 98 8 0 0 0 19 876 33 92 4 
0 0 0 0 0 778 246 0 0 0 0 0 136 733 155 0 0 0 0 309 491 224 0 0 
19 508 237 137 71 52 0 0 4 365 384 136 115 20 0 0 46 418 318 125 117 0 0 0 
15 701 200 101 7 0 0 0 2 531 373 109 9 0 0 0 69 653 205 94 3 0 0 0 
9 376 497 142 0 0 0 0 0 161 649 211 3 0 0 0 1 265 651 107 0 0 0 0 
0 230 444 312 37 1 0 0 0 74 480 433 36 1 0 0 0 131 588 291 14 0 0 0 
30 430 353 100 41 51 19 0 0 409 332 226 50 5 2 0 265 249 373 126 5 5 1 0 
0 73 406 204 216 97 26 2 0 54 516 402 33 19 0 0 0 189 554 269 12 0 0 0 
0 96 469 210 151 69 27 2 0 73 474 289 109 70 9 0 3 214 424 287 80 12 4 0 
0 226 342 161 115 156 24 0 0 190 456 173 133 70 2 0 42 349 431 133 67 2 0 0 
0 44 160 298 151 269 101 1 0 109 288 271 234 117 5 0 99 236 407 255 27 0 0 0 
5 123 335 232 116 117 82 14 12 248 392 128 101 66 65 12 101 440 212 105 71 53 32 10 
0 87 215 270 210 189 52 1 0 143 337 228 177 128 11 0 24 383 289 181 142 5 0 0 
0 29 178 226 204 209 178 0 0 82 250 204 184 199 105 0 12 257 221 211 307 15 1 0 
0 5 123 496 152 143 99 6 0 7 181 492 127 139 78 0 1 75 617 139 139 52 1 0 
0 22 253 256 155 156 171 11 0 10 413 204 131 148 113 5 0 245 326 158 140 144 9 2 
0 0 75 303 363 198 83 2 0 1 172 421 249 149 32 0 0 110 491 269 132 22 0 0 
0 0 13 323 402 115 162 9 0 0 72 523 198 130 101 0 0 50 562 192 129 90 1 0 
0 0 1 257 391 181 127 67 0 0 99 396 216 150 117 46 0 116 441 182 126 128 31 0 
0 0 1 35 127 179 565 117 0 0 18 77 184 312 396 37 0 17 82 303 447 138 35 2 
0 0 0 5 168 358 430 63 0 0 25 80 451 391 60 17 0 20 124 579 218 47 36 0 
0 0 49 327 445 121 70 12 0 0 25 258 622 53 61 5 0 1 161 734 55 53 20 0 
0 0 6 132 214 179 389 104 0 0 12 123 347 329 197 16 0 11 94 449 289 144 37 0 
0 0 1 65 311 334 251 62 0 1 54 297 321 198 125 28 0 2 129 469 245 135 41 3 
0 0 19 225 446 254 76 4 0 33 172 290 373 147 7 2 15 186 368 308 108 35 4 0 
0 0 0 35 547 350 91 1 0 0 0 239 593 178 14 0 0 4 324 575 96 25 0 0 
0 0 2 147 470 335 69 1 0 0 19 258 435 249 62 1 0 1 171 488 236 103 25 0 
0 0 0 58 371 551 44 0 0 0 0 96 266 426 236 0 0 0 34 247 378 365 0 0 
0 0 0 40 272 537 160 15 0 0 0 39 203 337 406 39 0 0 3 111 339 444 97 30 
0 0 6 142 309 393 168 6 0 0 42 105 293 324 257 3 0 23 85 190 396 258 71 1 
0 0 0 115 374 420 115 0 0 0 3 136 427 372 86 0 0 0 99 461 351 105 8 0 
0 0 7 101 327 341 222 26 0 0 13 124 394 337 147 9 0 2 110 407 356 97 52 0 
0 0 14 110 226 453 211 10 0 0 50 149 326 402 92 5 0 38 149 492 256 84 5 0 
0 0 116 162 69 80 597 0 0 0 19 206 152 341 306 0 0 0 179 150 651 44 0 0 
0 20 603 366 35 0 0 0 0 4 382 347 194 95 2 0 0 3 634 176 156 55 0 0 
0 11 156 355 447 55 0 0 0 3 168 124 310 406 13 0 0 21 200 147 385 263 8 0 
0 16 78 191 573 166 0 0 0 12 107 82 227 584 12 0 0 35 115 85 279 508 2 0 
0 11 81 257 628 47 0 0 0 15 83 101 343 482 0 0 0 21 95 163 520 225 0 0 
0 0 47 295 678 4 0 0 0 0 106 143 539 236 0 0 0 0 132 314 578 0 0 0 
0 2 79 440 495 7 1 0 0 4 124 165 690 40 1 0 0 39 128 429 427 1 0 0 
0 0 108 479 437 0 0 0 0 0 78 212 645 89 0 0 0 39 77 327 581 0 0 0 
0 8 174 606 234 2 0 0 0 11 58 331 534 90 0 0 0 42 48 281 651 2 0 0 
0 0 0 0 0 24 845 155 0 0 0 0 0 13 786 225 0 0 0 2 163 406 384 69 
0 0 0 0 0 0 930 94 0 0 0 0 0 0 969 55 0 0 0 0 0 6 1018 0 
0 0 0 0 0 0 996 28 0 0 0 0 0 0 929 95 0 0 0 0 0 0 1007 17 
0 0 0 0 0 0 1024 0 0 0 0 0 0 0 529 495 0 0 0 0 0 0 1024 0 
0 0 0 0 0 926 76 22 0 0 0 0 172 773 76 3 0 0 0 266 653 39 66 0 
0 0 0 0 1 847 176 0 0 0 0 0 186 725 113 0 0 0 0 454 348 222 0 0 
15 748 143 51 39 28 0 0 13 427 472 53 50 9 0 0 43 625 276 46 34 0 0 0 
35 958 29 2 0 0 0 0 11 791 222 0 0 0 0 0 39 972 13 0 0 0 0 0 
2 551 421 50 0 0 0 0 0 158 791 75 0 0 0 0 0 270 733 21 0 0 0 0 
0 415 452 103 44 9 1 0 0 32 742 209 32 8 1 0 0 74 775 142 29 3 1 0 
33 363 261 124 90 125 28 0 11 284 356 260 81 20 12 0 192 220 431 145 14 12 10 0 
5 107 169 197 282 214 40 10 53 206 357 274 93 28 12 1 134 333 408 111 33 5 0 0 
0 39 458 287 137 89 12 2 4 71 507 384 48 9 1 0 38 201 555 210 18 2 0 0 
0 50 127 183 213 429 22 0 58 93 185 495 175 18 0 0 121 194 588 113 8 0 0 0 
0 75 229 358 169 152 41 0 55 72 329 331 121 112 4 0 94 204 504 157 65 0 0 0 
0 235 527 245 14 3 0 0 0 148 716 155 5 0 0 0 18 631 366 9 0 0 0 0 
0 100 412 474 34 4 0 0 0 37 665 315 7 0 0 0 0 535 478 10 1 0 0 0 
0 14 344 330 96 84 156 0 0 1 407 335 70 110 101 0 0 330 436 74 145 39 0 0 
0 0 233 439 255 68 29 0 0 1 186 445 313 78 1 0 0 17 589 368 50 0 0 0 
0 26 374 384 236 4 0 0 0 1 405 407 211 0 0 0 0 123 722 179 0 0 0 0 
0 0 153 447 385 39 0 0 0 0 206 429 333 56 0 0 0 64 734 226 0 0 0 0 
0 0 42 337 438 207 0 0 0 0 50 404 343 213 14 0 0 5 679 221 119 0 0 0 
0 0 0 116 256 611 39 2 0 0 0 138 276 567 42 1 0 0 257 602 160 5 0 0 
0 0 0 0 89 284 460 191 0 0 0 3 169 268 584 0 0 0 46 244 342 392 0 0 
0 0 0 7 74 253 500 190 0 0 19 76 247 284 224 174 0 17 141 269 170 181 220 26 
0 0 12 39 87 250 628 8 0 15 19 89 575 322 4 0 16 15 433 511 45 4 0 0 
0 0 0 72 130 449 346 27 0 0 26 205 511 264 18 0 0 7 340 533 122 22 0 0 
0 0 0 9 113 404 419 79 0 0 22 134 405 350 112 1 0 2 170 578 229 37 8 0 
0 1 124 297 340 155 104 3 1 52 250 390 265 66 0 0 51 160 526 284 3 0 0 0 
0 0 131 421 385 83 3 1 0 0 89 528 389 15 3 0 0 7 556 444 12 4 1 0 
0 0 104 469 372 74 4 1 0 1 60 366 518 75 4 0 0 4 193 691 127 7 2 0 
0 18 68 520 376 42 0 0 0 31 38 196 611 148 0 0 16 30 120 351 507 0 0 0 
2 44 95 476 364 39 2 2 1 53 32 145 563 226 2 2 9 52 41 282 624 12 3 1 
0 0 31 535 341 112 5 0 0 0 1 141 601 280 1 0 0 0 45 310 661 8 0 0 
0 3 92 490 384 53 2 0 0 0 15 245 663 99 2 0 0 2 90 585 342 4 1 0 
0 0 40 547 349 82 5 1 0 0 9 221 636 155 3 0 0 1 66 607 345 4 1 0 
0 0 20 449 275 241 39 0 0 0 19 283 535 187 0 0 0 0 172 735 114 3 0 0 
0 0 6 282 63 69 604 0 0 0 0 321 88 412 203 0 0 0 230 186 605 3 0 0 
0 0 320 651 37 16 0 0 0 0 67 876 54 21 6 0 0 0 714 233 51 20 6 0 
0 0 0 155 748 120 1 0 0 0 0 16 206 801 1 0 0 0 0 24 427 572 1 0 
0 0 0 215 307 496 6 0 0 0 0 0 235 736 53 0 0 0 0 0 163 859 2 0 
0 0 0 234 598 192 0 0 0 0 0 0 355 610 59 0 0 0 0 11 475 520 18 0 
0 0 0 231 474 298 21 0 0 0 0 11 459 522 32 0 0 0 0 90 909 25 0 0 
0 0 0 319 506 195 2 2 0 0 1 135 517 368 3 0 0 0 42 298 675 7 2 0 
0 0 0 278 554 189 3 0 0 0 0 161 495 355 13 0 0 0 58 258 629 79 0 0 
0 0 72 352 487 112 1 0 0 0 0 246 397 381 0 0 0 0 7 133 851 33 0 0 
0 0 0 0 0 0 997 27 0 0 0 0 0 0 836 188 0 0 0 0 54 718 252 0 
0 0 0 0 0 0 952 72 0 0 0 0 0 0 963 61 0 0 0 0 0 8 1016 0 
0 0 0 0 0 0 1008 16 0 0 0 0 0 0 956 68 0 0 0 0 0 0 1022 2 
0 0 0 0 0 0 1024 0 0 0 0 0 0 0 946 78 0 0 0 0 0 0 1023 1 
0 0 0 0 0 957 58 9 0 0 0 0 343 638 43 0 0 0 0 214 746 46 18 0 
0 0 0 0 46 899 79 0 0 0 0 0 313 628 83 0 0 0 0 479 372 173 0 0 
6 421 472 94 27 4 0 0 30 318 525 128 22 1 0 0 126 372 370 139 16 1 0 0 
0 439 387 173 25 0 0 0 0 358 481 168 17 0 0 0 12 702 180 125 5 0 0 0 
0 77 507 349 91 0 0 0 0 83 456 421 64 0 0 0 0 235 526 239 24 0 0 0 
0 82 337 395 96 87 17 10 0 117 230 449 109 65 41 13 22 175 291 319 95 57 46 19 
0 2 47 105 76 459 328 7 0 10 89 371 447 102 5 0 5 117 757 136 9 0 0 0 
0 0 17 163 362 450 32 0 0 40 342 474 164 4 0 0 1 372 525 109 17 0 0 0 
0 17 235 278 225 250 17 2 20 262 321 316 74 22 9 0 189 368 341 64 36 24 2 0 
0 3 245 468 210 58 31 9 0 159 419 324 62 27 19 14 131 358 367 99 27 10 28 4 
0 0 87 431 194 262 47 3 0 22 168 423 206 200 4 1 3 115 445 330 121 9 1 0 
0 5 192 323 221 231 52 0 0 43 386 250 185 146 14 0 4 361 286 208 146 19 0 0 
0 0 21 364 270 242 121 6 0 0 246 364 166 196 52 0 0 176 453 158 187 49 1 0 
0 0 33 219 251 242 275 4 0 3 157 288 161 255 158 2 0 86 339 233 273 90 3 0 
0 1 34 335 410 152 87 5 0 3 135 346 330 160 47 3 1 37 374 418 145 43 4 2 
0 0 54 298 351 183 134 4 0 6 185 397 187 170 79 0 0 93 470 190 163 108 0 0 
0 0 0 99 473 250 179 23 0 0 10 333 342 189 139 11 0 2 361 274 193 171 23 0 
0 0 2 146 458 254 147 17 0 0 34 322 356 166 134 12 0 8 386 282 189 126 30 3 
0 0 4 36 224 294 241 225 0 0 13 87 308 191 219 206 0 7 171 261 148 257 179 1 
0 0 0 5 67 127 419 406 0 0 0 31 98 123 720 52 0 0 27 93 401 456 47 0 
0 0 0 0 93 406 300 225 0 0 0 19 219 355 214 217 0 0 0 177 436 149 198 64 
0 0 53 347 386 73 81 84 0 30 60 332 395 71 83 53 28 25 225 540 59 85 62 0 
0 0 0 0 39 185 675 125 0 0 8 99 182 558 177 0 0 7 197 533 253 34 0 0 
0 0 0 0 0 48 611 365 0 0 0 1 79 486 381 77 0 0 36 413 366 140 55 14 
0 0 24 332 270 197 147 54 0 65 332 248 165 119 66 29 40 333 354 124 101 42 19 11 
0 38 62 158 440 247 68 11 1 66 107 259 428 129 29 5 0 69 513 284 129 26 2 1 
0 0 45 253 402 145 170 9 0 0 89 349 283 170 133 0 0 49 394 265 148 149 19 0 
0 0 9 317 454 129 112 3 0 1 100 226 374 218 105 0 0 65 182 266 357 102 52 0 
0 3 41 281 531 77 84 7 0 6 47 212 495 176 78 10 1 40 69 295 491 52 73 3 
0 0 55 298 334 159 151 27 0 0 32 208 383 239 126 36 0 1 110 352 370 75 111 5 
0 0 66 368 277 205 104 4 0 0 106 277 430 127 84 0 0 11 233 492 117 152 19 0 
0 0 9 189 316 224 187 99 0 0 31 272 367 122 136 96 0 11 291 393 112 69 134 14 
0 0 24 171 247 284 272 26 0 0 75 270 265 248 149 17 0 30 253 375 185 69 106 6 
0 0 7 274 56 78 609 0 0 0 0 318 66 210 430 0 0 0 285 131 602 6 0 0 
0 2 80 680 36 72 131 23 0 2 80 678 49 34 110 71 0 4 650 134 26 35 105 70 
0 0 37 207 549 131 79 21 0 0 84 157 214 478 64 27 0 12 127 167 253 407 49 9 
0 0 2 109 265 445 158 45 0 0 22 206 179 367 204 46 0 1 111 201 156 416 91 48 
0 0 3 114 374 316 152 65 0 0 17 131 269 365 167 75 0 0 53 211 335 231 161 33 
0 0 2 86 309 397 107 123 0 0 36 174 355 254 83 122 0 0 204 260 271 139 89 61 
0 0 44 224 314 324 114 4 0 1 135 357 300 185 44 2 0 47 415 255 157 147 3 0 
0 0 5 94 168 302 397 58 0 0 41 163 300 221 297 2 0 0 67 234 243 335 145 0 
0 0 16 240 274 151 338 5 0 0 59 370 177 119 296 3 0 0 160 342 96 223 187 16 
0 0 0 0 0 2 1017 5 0 0 0 0 0 0 965 59 0 0 0 0 176 801 47 0 
0 0 0 0 0 0 947 77 0 0 0 0 0 0 963 61 0 0 0 0 0 0 1024 0 
0 0 0 0 0 0 1024 0 0 0 0 0 0 0 1008 16 0 0 0 0 0 0 1024 0 
0 0 0 0 0 3 1021 0 0 0 0 0 0 2 991 31 0 0 0 0 0 14 1006 4 
0 0 0 0 0 1013 11 0 0 0 0 0 659 365 0 0 0 0 0 278 737 9 0 0 
0 0 0 8 169 795 52 0 0 0 0 10 507 468 39 0 0 0 0 550 333 141 0 0 
149 750 79 46 0 0 0 0 96 701 192 35 0 0 0 0 244 649 120 11 0 0 0 0 
193 794 28 7 2 0 0 0 117 694 204 7 0 2 0 0 230 700 87 4 1 2 0 0 
38 703 259 23 1 0 0 0 3 355 650 15 1 0 0 0 30 441 530 22 1 0 0 0 
0 237 493 80 70 103 41 0 0 30 615 242 99 30 6 2 0 86 699 195 13 22 7 2 
0 0 0 67 379 500 78 0 0 12 323 496 146 47 0 0 0 335 581 96 12 0 0 0 
0 81 152 204 301 252 34 0 44 252 321 285 91 31 0 0 164 325 387 86 56 6 0 0 
1 216 567 224 5 5 3 3 0 189 528 294 7 3 1 2 75 204 602 132 6 2 2 1 
0 316 497 199 7 3 2 0 3 88 700 227 3 3 0 0 50 228 715 25 3 3 0 0 
0 64 339 267 134 208 11 1 0 27 410 276 136 173 1 1 4 177 507 257 77 1 0 1 
3 136 505 345 26 7 2 0 11 289 623 93 7 1 0 0 155 627 233 7 2 0 0 0 
0 23 224 504 248 23 2 0 3 129 636 219 37 0 0 0 116 652 207 47 2 0 0 0 
0 7 154 349 318 100 96 0 0 114 463 250 68 75 54 0 116 565 181 56 106 0 0 0 
0 39 197 410 279 89 10 0 0 120 284 374 192 54 0 0 87 259 447 201 29 1 0 0 
0 0 445 433 137 9 0 0 0 57 507 281 177 2 0 0 24 265 584 149 2 0 0 0 
0 0 80 614 234 46 46 4 0 4 140 552 236 60 27 5 1 53 642 237 56 30 5 0 
0 0 85 465 356 94 20 4 0 32 96 496 202 182 16 0 29 85 554 239 101 14 2 0 
0 0 17 128 437 390 29 23 0 5 59 138 462 292 53 15 8 54 217 569 139 25 12 0 
0 0 0 16 96 246 147 519 0 0 4 34 88 255 633 10 0 4 55 284 294 363 24 0 
0 0 0 0 61 387 336 240 0 0 0 10 258 389 155 212 0 0 1 293 393 86 150 101 
0 0 129 337 248 122 153 35 0 6 122 389 273 120 110 4 0 66 386 368 72 108 24 0 
0 0 0 0 10 195 746 73 0 0 0 78 177 666 103 0 0 0 118 578 328 0 0 0 
0 0 0 3 72 130 385 434 0 0 37 72 124 228 399 164 0 38 81 213 214 238 158 82 
0 0 129 315 337 188 55 0 0 92 339 364 163 50 16 0 93 208 498 166 33 20 6 0 
0 1 139 355 199 207 116 7 0 1 133 426 299 99 66 0 0 37 529 285 101 69 3 0 
0 0 45 483 324 134 33 5 0 0 11 408 503 90 10 2 0 5 174 669 153 22 1 0 
0 15 35 527 289 81 72 5 0 1 51 173 579 205 15 0 0 13 167 266 553 25 0 0 
0 22 93 430 332 82 65 0 0 0 98 186 471 218 51 0 0 27 207 250 460 52 28 0 
0 11 108 478 323 96 8 0 0 8 128 124 583 174 7 0 0 87 141 307 466 22 1 0 
0 7 132 525 297 57 6 0 0 3 104 240 584 93 0 0 0 15 191 448 369 1 0 0 
0 0 5 442 410 144 19 4 0 0 7 219 708 82 8 0 0 11 147 522 331 11 2 0 
0 0 59 481 291 123 70 0 0 0 66 250 573 134 1 0 0 7 193 628 196 0 0 0 
0 0 63 187 70 73 629 2 0 0 18 200 147 153 506 0 0 0 184 167 508 165 0 0 
0 10 456 328 152 9 45 24 0 11 333 309 204 108 31 28 0 34 544 169 187 56 18 16 
0 2 176 255 319 249 23 0 0 0 163 179 237 402 43 0 0 42 169 165 363 270 15 0 
0 0 38 212 248 359 137 30 0 0 105 173 132 360 225 29 0 0 154 123 207 444 79 17 
0 5 106 211 196 316 90 100 0 21 147 164 144 277 191 80 0 33 166 181 298 217 119 10 
0 1 168 208 175 329 106 37 0 18 226 148 126 340 134 32 0 96 186 141 359 167 75 0 
0 45 161 203 208 245 161 1 0 69 178 161 124 420 72 0 20 144 162 185 394 98 21 0 
0 3 131 351 292 154 69 24 0 11 219 223 190 334 47 0 0 64 153 279 445 59 24 0 
0 13 194 263 305 70 147 32 0 31 210 139 137 339 130 38 2 82 146 119 442 88 124 21 
0 0 0 0 0 4 1020 0 0 0 0 0 0 0 903 121 0 0 0 0 129 888 7 0 
0 0 0 0 0 0 1024 0 0 0 0 0 0 0 958 66 0 0 0 0 0 107 917 0 
0 0 0 0 0 0 1024 0 0 0 0 0 0 0 1024 0 0 0 0 0 0 0 1024 0 
0 0 0 0 0 31 993 0 0 0 0 0 0 45 979 0 0 0 0 0 11 39 974 0 
0 0 0 0 15 1009 0 0 0 0 0 0 697 327 0 0 0 0 0 411 613 0 0 0 
0 0 15 28 177 780 24 0 0 0 20 26 580 361 37 0 0 1 29 496 358 140 0 0 
5 378 396 190 48 1 6 0 1 395 377 206 37 2 5 1 52 383 326 212 40 4 3 4 
48 485 217 211 63 0 0 0 1 509 243 210 61 0 0 0 73 526 168 162 95 0 0 0 
0 361 171 210 222 53 4 3 0 314 206 209 190 98 3 4 83 309 179 186 192 67 4 4 
0 56 265 331 302 61 9 0 0 69 226 422 298 9 0 0 1 156 302 335 229 1 0 0 
0 0 140 280 275 265 64 0 4 159 396 366 72 27 0 0 40 342 535 105 2 0 0 0 
0 0 177 298 346 202 1 0 0 229 398 329 67 1 0 0 45 367 515 79 17 1 0 0 
0 138 272 269 173 155 17 0 2 214 275 248 167 118 0 0 37 308 223 218 173 65 0 0 
0 104 399 283 112 124 2 0 3 274 344 199 131 73 0 0 29 451 253 121 153 17 0 0 
0 4 45 471 167 332 5 0 0 20 109 434 251 210 0 0 2 53 464 351 153 1 0 0 
0 0 178 335 218 223 70 0 0 72 403 257 142 147 3 0 24 327 342 216 114 1 0 0 
0 0 3 192 223 156 178 272 0 1 117 288 108 166 47 297 0 71 292 157 136 56 77 235 
0 0 26 303 132 168 340 55 0 25 226 176 85 291 115 106 19 213 173 121 295 27 74 102 
0 2 107 425 304 148 36 2 0 42 220 470 216 72 4 0 18 158 536 268 42 2 0 0 
0 0 55 378 370 98 121 2 0 4 198 517 145 139 21 0 1 108 601 157 135 22 0 0 
0 0 0 119 719 121 64 1 0 0 27 532 389 71 5 0 0 24 672 262 54 12 0 0 
0 0 0 82 664 200 64 14 0 0 10 376 512 88 37 1 0 17 475 417 85 29 1 0 
0 0 0 40 498 395 70 21 0 0 11 232 526 208 47 0 0 23 311 582 68 36 4 0 
0 0 0 0 125 186 152 561 0 0 0 30 230 84 663 17 0 0 95 191 300 434 4 0 
0 0 15 49 35 295 545 85 0 49 22 45 285 494 69 60 46 21 33 397 399 53 52 23 
0 0 38 34 71 379 498 4 0 46 32 203 302 402 39 0 28 41 185 534 192 44 0 0 
0 0 6 72 226 258 447 15 0 13 85 305 342 272 7 0 8 60 597 343 16 0 0 0 
0 0 0 2 127 408 448 39 0 0 0 146 275 456 135 12 0 0 75 279 363 203 94 10 
0 0 19 186 273 454 89 3 0 6 183 347 397 83 8 0 0 24 374 453 152 21 0 0 
0 0 23 175 362 347 116 1 1 26 96 405 282 164 50 0 22 125 407 278 139 53 0 0 
0 0 17 435 398 130 44 0 0 0 159 426 366 69 4 0 0 52 419 431 114 8 0 0 
0 6 55 317 396 173 75 2 0 5 74 290 465 183 7 0 0 36 222 365 391 10 0 0 
0 16 139 336 308 76 142 7 0 37 143 249 360 109 121 5 31 109 239 175 325 64 81 0 
0 1 126 293 226 204 172 2 0 5 185 206 266 173 189 0 0 34 231 236 232 201 90 0 
0 0 141 368 250 127 126 12 0 8 171 292 339 99 114 1 0 31 279 353 214 96 50 1 
0 19 142 243 203 177 215 25 0 39 130 246 257 131 212 9 1 73 230 300 141 144 135 0 
0 56 146 251 129 95 324 23 0 66 223 229 125 239 121 21 38 112 296 235 186 79 78 0 
0 0 0 259 61 66 631 7 0 0 16 284 74 174 476 0 0 0 322 75 514 113 0 0 
0 0 476 548 0 0 0 0 0 0 714 310 0 0 0 0 0 0 1024 0 0 0 0 0 
0 0 86 134 412 383 9 0 0 0 88 265 227 442 2 0 1 59 184 251 429 100 0 0 
0 54 96 272 489 72 22 19 2 105 128 398 213 152 20 6 56 107 356 172 186 141 5 1 
0 0 78 516 301 128 1 0 0 0 33 326 514 151 0 0 0 0 51 410 546 17 0 0 
0 0 0 99 439 471 13 2 0 0 0 78 573 370 2 1 0 0 32 627 362 1 2 0 
0 0 0 67 200 714 43 0 0 0 0 39 232 744 9 0 0 0 0 248 775 1 0 0 
0 0 0 0 0 899 125 0 0 0 0 0 0 1002 22 0 0 0 0 0 1024 0 0 0 
0 0 0 78 384 554 8 0 0 0 0 0 322 702 0 0 0 0 0 18 1002 4 0 0 
0 0 0 0 0 0 1024 0 0 0 0 0 0 0 923 101 0 0 0 0 152 837 35 0 
0 0 0 0 0 0 1016 8 0 0 0 0 0 0 1016 8 0 0 0 0 0 78 946 0 
0 0 0 0 0 0 1024 0 0 0 0 0 0 0 1024 0 0 0 0 0 0 0 1024 0 
0 0 0 0 0 77 947 0 0 0 0 0 40 48 929 7 0 0 0 0 74 38 895 17 
0 0 0 0 106 918 0 0 0 0 0 10 858 156 0 0 0 0 0 737 287 0 0 0 
0 1 38 48 210 716 11 0 0 12 53 54 589 315 1 0 3 22 47 510 328 114 0 0 
109 830 83 2 0 0 0 0 151 724 147 2 0 0 0 0 214 678 131 1 0 0 0 0 
209 735 80 0 0 0 0 0 202 765 56 1 0 0 0 0 293 701 29 1 0 0 0 0 
12 820 144 37 6 3 2 0 138 415 454 5 6 4 2 0 219 363 395 33 5 7 2 0 
9 334 237 83 85 194 82 0 25 127 472 221 174 5 0 0 66 187 651 106 14 0 0 0 
0 0 14 90 211 566 135 8 0 49 141 328 407 96 3 0 0 180 314 387 113 30 0 0 
0 41 73 205 379 288 38 0 67 63 302 312 201 79 0 0 111 213 342 218 108 32 0 0 
16 397 444 148 19 0 0 0 80 233 597 112 2 0 0 0 183 263 570 8 0 0 0 0 
2 525 345 114 34 4 0 0 78 410 453 70 9 4 0 0 231 445 327 10 8 3 0 0 
0 112 358 230 150 173 1 0 35 115 392 213 153 116 0 0 60 254 438 204 68 0 0 0 
4 240 424 259 79 18 0 0 66 428 357 156 17 0 0 0 241 518 246 19 0 0 0 0 
0 99 163 228 61 40 32 401 3 205 188 142 46 17 31 392 55 319 160 45 19 22 48 356 
0 59 171 226 70 156 227 115 21 158 207 127 59 265 73 114 113 259 129 92 257 17 45 112 
0 59 209 451 167 90 46 2 3 86 235 448 167 82 3 0 27 162 546 233 54 2 0 0 
0 71 303 314 138 93 96 9 2 178 263 209 262 104 6 0 55 287 331 265 80 6 0 0 
0 0 107 433 252 94 127 11 0 35 220 299 317 120 33 0 4 186 388 324 105 17 0 0 
0 0 98 284 370 91 103 78 0 31 205 219 267 170 94 38 24 172 245 375 76 68 59 5 
0 0 76 224 231 230 155 108 0 26 229 171 133 313 133 19 12 211 204 342 185 64 6 0 
0 0 1 67 113 96 176 571 0 0 42 106 70 120 662 24 0 30 110 128 285 468 3 0 
0 0 0 49 265 223 289 198 0 1 45 129 254 237 192 166 4 39 74 305 262 116 221 3 
0 3 130 399 172 159 141 20 0 19 155 463 163 133 90 1 13 80 479 207 140 105 0 0 
0 0 22 81 256 371 290 4 0 29 78 312 480 125 0 0 20 64 453 458 29 0 0 0 
0 0 0 0 0 173 813 38 0 0 0 4 215 714 91 0 0 0 20 411 466 119 8 0 
0 0 0 0 68 548 387 21 0 0 0 91 581 308 44 0 0 0 55 619 300 46 4 0 
0 31 267 459 144 58 60 5 1 145 348 386 80 41 22 1 114 303 373 155 34 21 24 0 
0 20 194 404 157 106 140 3 0 46 200 304 257 98 118 1 16 130 252 378 76 107 65 0 
0 30 220 348 176 167 79 4 0 28 187 317 292 127 73 0 0 63 249 416 118 103 72 3 
20 97 177 439 222 65 4 0 32 87 103 263 449 90 0 0 44 100 168 331 337 44 0 0 
2 82 215 553 142 30 0 0 11 83 109 267 545 9 0 0 40 94 135 418 336 1 0 0 
0 2 283 566 158 15 0 0 0 4 109 570 333 8 0 0 0 63 160 766 35 0 0 0 
0 35 209 639 122 19 0 0 0 86 87 485 363 3 0 0 0 137 176 689 22 0 0 0 
0 10 110 568 164 98 74 0 0 20 122 406 370 106 0 0 6 76 289 564 89 0 0 0 
0 0 0 257 56 68 642 1 0 0 1 302 74 203 444 0 0 0 321 89 599 15 0 0 
0 0 21 1003 0 0 0 0 0 0 41 983 0 0 0 0 0 0 1022 2 0 0 0 0 
0 0 31 120 321 428 109 15 0 0 29 177 383 365 68 2 0 1 96 333 406 175 13 0 
0 0 0 3 169 389 395 68 0 0 0 36 373 304 277 34 0 0 2 227 315 338 134 8 
0 0 0 168 398 329 90 39 0 0 17 279 405 247 76 0 0 0 170 405 252 197 0 0 
0 0 0 3 550 282 130 59 0 0 0 241 571 140 64 8 0 0 195 644 120 62 1 2 
0 0 0 16 463 288 257 0 0 0 0 21 486 456 61 0 0 0 4 396 613 11 0 0 
0 0 0 24 463 463 74 0 0 0 1 116 485 361 61 0 0 0 132 306 561 23 2 0 
0 0 4 238 460 270 36 16 0 0 22 321 375 260 32 14 0 8 173 368 393 43 26 13 
0 0 0 0 0 0 853 171 0 0 0 0 0 0 824 200 0 0 0 0 237 524 120 143 
0 0 0 0 0 0 974 50 0 0 0 0 0 0 979 45 0 0 0 0 0 410 597 17 
0 0 0 0 0 0 1024 0 0 0 0 0 0 0 1024 0 0 0 0 0 0 0 1024 0 
0 0 0 0 24 121 879 0 0 0 0 0 123 41 860 0 0 0 0 48 90 33 853 0 
0 0 0 0 481 543 0 0 0 0 0 65 949 10 0 0 0 0 0 960 64 0 0 0 
0 10 81 36 260 637 0 0 30 60 31 43 633 227 0 0 64 37 27 490 286 120 0 0 
23 506 366 117 9 3 0 0 515 472 30 7 0 0 0 0 546 399 54 20 5 0 0 0 
0 380 221 223 167 33 0 0 302 620 76 26 0 0 0 0 378 541 67 29 9 0 0 0 
6 153 376 252 162 71 4 0 414 298 285 22 5 0 0 0 445 261 262 46 10 0 0 0 
0 76 316 56 160 245 163 8 62 92 445 153 131 112 25 4 103 253 442 133 44 26 20 3 
0 0 0 0 86 867 71 0 0 0 5 485 514 20 0 0 0 112 542 358 12 0 0 0 
0 52 163 79 387 328 15 0 167 70 157 499 127 4 0 0 223 118 514 161 8 0 0 0 
0 66 461 209 195 87 6 0 185 294 519 26 0 0 0 0 266 368 379 11 0 0 0 0 
0 159 227 197 188 236 17 0 83 618 183 84 41 15 0 0 263 543 117 70 21 10 0 0 
0 0 191 320 117 396 0 0 24 87 368 242 208 95 0 0 61 133 522 262 46 0 0 0 
0 0 104 290 328 241 55 6 214 401 303 81 24 1 0 0 405 351 200 56 12 0 0 0 
0 0 40 76 151 272 109 376 152 224 71 37 31 66 83 360 282 155 63 81 52 45 50 296 
0 0 44 135 252 191 275 127 131 218 100 66 73 219 46 171 283 113 94 129 185 16 39 165 
0 43 149 518 174 58 62 20 0 82 241 489 90 56 66 0 10 180 582 132 50 51 19 0 
0 46 439 358 110 63 8 0 0 132 569 241 69 13 0 0 33 423 492 66 10 0 0 0 
0 0 8 473 475 66 2 0 0 0 137 581 290 16 0 0 0 117 649 247 11 0 0 0 
0 0 11 476 435 79 23 0 0 0 82 651 254 36 1 0 5 108 709 192 7 3 0 0 
0 0 10 518 395 79 18 4 0 1 153 508 311 45 4 2 0 210 516 287 5 4 2 0 
0 0 25 187 67 55 304 386 0 0 94 134 62 70 653 11 0 90 124 103 257 434 16 0 
0 0 0 19 293 307 309 96 0 0 0 192 268 258 261 45 0 0 101 336 278 125 184 0 
0 0 175 518 245 56 30 0 0 0 100 604 291 29 0 0 0 23 392 586 23 0 0 0 
0 0 5 10 42 241 711 15 0 1 12 135 379 481 16 0 0 7 339 635 43 0 0 0 
0 0 0 0 3 139 808 74 0 0 0 7 250 675 84 8 0 0 22 563 372 54 10 3 
0 0 0 0 218 341 337 128 0 0 33 278 234 318 147 14 0 0 229 316 292 159 28 0 
0 21 319 441 121 46 74 2 1 159 388 265 130 63 18 0 119 362 256 201 61 6 18 1 
0 5 275 465 123 47 107 2 0 103 240 237 307 39 91 7 44 210 203 395 66 21 85 0 
0 0 95 445 297 138 49 0 0 0 155 308 374 145 42 0 0 16 191 396 286 92 43 0 
0 3 157 390 276 167 31 0 0 3 204 191 376 244 6 0 0 22 192 297 377 129 7 0 
0 8 193 279 292 132 115 5 0 22 250 162 364 149 77 0 0 62 239 250 276 144 53 0 
0 14 211 389 71 102 224 13 0 33 191 265 231 84 206 14 1 50 251 367 81 117 151 6 
0 42 287 251 80 116 220 28 0 99 264 241 104 78 187 51 15 152 320 184 72 73 204 4 
0 94 284 138 80 203 199 26 1 148 329 104 136 224 82 0 69 249 262 220 111 67 46 0 
0 0 56 185 46 80 657 0 0 0 68 180 88 302 386 0 0 0 256 101 643 24 0 0 
0 26 581 348 69 0 0 0 0 0 560 314 64 86 0 0 0 47 798 50 71 58 0 0 
0 15 396 226 171 142 58 16 0 59 284 248 202 149 56 26 1 110 283 256 175 126 43 30 
0 0 67 281 244 148 253 31 0 6 145 270 188 155 217 43 0 64 151 267 154 210 131 47 
0 8 231 300 322 40 53 70 0 50 286 250 237 104 90 7 14 140 360 148 172 189 1 0 
0 31 267 184 182 138 149 73 0 90 316 212 184 87 135 0 28 238 323 264 67 103 1 0 
0 0 69 248 277 269 119 42 0 0 112 284 366 148 92 22 0 13 198 419 253 71 64 6 
0 8 74 297 325 120 167 33 0 19 110 230 454 104 107 0 0 116 137 474 143 111 43 0 
0 13 127 393 197 143 140 11 0 22 285 236 291 59 130 1 5 121 365 197 181 41 114 0 
0 0 0 0 0 0 0 1024 0 0 0 0 0 0 0 1024 0 0 0 0 0 0 0 1024 
0 0 0 0 0 0 6 1018 0 0 0 0 0 0 4 1020 0 0 0 0 0 0 2 1022 
0 0 0 0 0 0 137 887 0 0 0 0 0 0 110 914 0 0 0 0 0 0 87 937 
0 0 37 36 167 215 328 241 0 1 66 100 232 63 290 272 0 66 87 206 61 53 275 276 
0 0 116 152 646 110 0 0 0 10 193 220 582 19 0 0 6 156 155 661 46 0 0 0 
0 58 87 153 424 302 0 0 47 39 97 198 520 123 0 0 63 93 172 487 161 48 0 0 
50 457 391 126 0 0 0 0 220 340 389 75 0 0 0 0 236 457 242 87 2 0 0 0 
6 432 332 200 54 0 0 0 60 553 341 70 0 0 0 0 159 616 203 46 0 0 0 0 
0 191 542 249 42 0 0 0 152 240 572 60 0 0 0 0 199 393 404 28 0 0 0 0 
9 94 228 157 235 285 12 4 40 97 483 347 45 10 2 0 72 272 585 78 10 7 0 0 
0 0 0 15 399 589 21 0 0 0 205 643 176 0 0 0 2 166 701 155 0 0 0 0 
0 95 120 208 519 82 0 0 97 130 280 492 25 0 0 0 218 203 548 55 0 0 0 0 
0 78 212 232 482 20 0 0 43 173 188 530 90 0 0 0 84 219 572 149 0 0 0 0 
0 87 105 316 385 128 3 0 42 223 116 446 192 5 0 0 131 200 503 185 5 0 0 0 
0 0 102 443 275 200 4 0 0 38 338 386 213 49 0 0 4 243 554 206 17 0 0 0 
0 5 78 284 390 256 11 0 51 111 276 377 197 12 0 0 98 188 530 183 24 1 0 0 
0 0 8 69 167 326 251 203 21 110 34 56 217 182 154 250 58 100 217 175 81 65 159 169 
0 1 29 87 148 429 309 21 63 66 56 92 195 288 212 52 103 78 126 223 241 57 142 54 
0 0 130 434 167 111 159 23 0 80 208 389 102 141 104 0 33 204 413 140 148 86 0 0 
0 18 376 156 114 120 206 34 0 161 328 152 117 95 168 3 67 308 253 146 63 169 18 0 
0 0 71 279 240 193 188 53 0 29 292 260 172 104 165 2 27 276 324 144 88 129 36 0 
0 0 13 243 307 131 307 23 0 1 143 359 144 121 242 14 0 186 419 127 82 181 29 0 
0 0 88 364 151 90 198 133 0 14 275 280 87 97 227 44 0 204 359 104 79 234 44 0 
0 0 74 197 25 58 598 72 0 20 200 63 34 114 593 0 14 203 75 70 391 271 0 0 
0 0 0 48 342 354 280 0 0 0 5 185 320 251 263 0 0 0 100 379 267 154 124 0 
0 0 4 484 102 87 293 54 0 0 3 586 107 247 81 0 0 1 453 458 109 3 0 0 
0 0 0 0 0 15 814 195 0 0 0 0 83 707 229 5 0 0 23 589 375 37 0 0 
0 0 0 19 87 242 632 44 0 2 38 98 242 609 35 0 0 15 75 585 342 7 0 0 
0 0 0 83 289 385 221 46 0 0 131 238 320 261 74 0 0 44 184 335 326 121 14 0 
0 1 92 251 235 156 183 106 0 43 154 234 243 110 156 84 54 139 124 319 89 94 145 60 
0 0 98 255 164 120 269 118 0 0 0 300 185 154 236 149 0 0 0 383 175 90 216 160 
0 0 164 268 264 313 15 0 0 0 0 215 355 453 1 0 0 0 2 319 696 7 0 0 
0 0 72 574 221 157 0 0 0 0 30 186 582 226 0 0 0 0 163 195 634 32 0 0 
0 0 32 542 302 148 0 0 0 0 17 68 621 318 0 0 0 2 51 212 623 136 0 0 
0 0 150 710 150 11 2 1 0 0 146 331 532 12 3 0 0 23 299 627 72 2 1 0 
0 0 15 638 287 84 0 0 0 0 0 358 544 122 0 0 0 0 51 792 181 0 0 0 
0 6 36 537 215 225 5 0 0 5 36 340 466 177 0 0 0 10 139 686 189 0 0 0 
0 0 0 226 63 160 575 0 0 0 0 210 125 613 76 0 0 0 84 344 596 0 0 0 
0 0 515 407 102 0 0 0 0 0 215 600 108 101 0 0 0 0 588 327 106 3 0 0 
0 0 121 89 338 476 0 0 0 0 86 62 103 737 36 0 0 0 114 49 211 650 0 0 
0 0 0 0 48 967 9 0 0 0 0 0 3 751 270 0 0 0 0 0 23 1001 0 0 
0 0 1 33 299 690 1 0 0 0 0 6 161 647 210 0 0 0 0 30 409 585 0 0 
0 0 42 71 601 310 0 0 0 0 32 44 462 426 60 0 0 0 37 88 757 142 0 0 
0 0 68 126 774 56 0 0 0 0 73 73 276 602 0 0 0 0 94 90 828 12 0 0 
0 6 104 156 757 1 0 0 0 29 89 87 616 203 0 0 11 44 106 201 662 0 0 0 
0 1 264 368 391 0 0 0 0 32 127 270 471 124 0 0 0 75 112 317 520 0 0 0 
0 0 0 0 0 0 0 1024 0 0 0 0 0 0 0 1024 0 0 0 0 0 0 0 1024 
0 0 0 0 0 0 6 1018 0 0 0 0 0 0 1 1023 0 0 0 0 0 0 1 1023 
0 0 0 0 196 332 55 441 0 0 0 193 303 32 48 448 0 0 87 382 33 35 39 448 
0 0 170 181 368 302 3 0 0 41 289 384 301 9 0 0 35 257 538 176 16 2 0 0 
0 0 517 282 225 0 0 0 0 0 692 326 6 0 0 0 0 427 564 33 0 0 0 0 
0 30 513 398 83 0 0 0 0 2 680 342 0 0 0 0 0 176 811 37 0 0 0 0 
0 482 468 74 0 0 0 0 0 143 847 34 0 0 0 0 1 663 342 18 0 0 0 0 
24 443 557 0 0 0 0 0 4 234 784 2 0 0 0 0 25 664 335 0 0 0 0 0 
13 294 707 10 0 0 0 0 6 233 779 6 0 0 0 0 34 521 469 0 0 0 0 0 
0 103 383 164 238 136 0 0 0 69 698 243 14 0 0 0 2 384 628 10 0 0 0 0 
0 15 156 381 343 111 18 0 16 264 485 202 57 0 0 0 76 502 365 75 6 0 0 0 
0 20 387 433 184 0 0 0 26 385 303 271 39 0 0 0 238 399 294 93 0 0 0 0 
0 0 177 498 318 31 0 0 0 0 437 486 101 0 0 0 0 178 729 117 0 0 0 0 
0 0 80 631 253 60 0 0 0 0 441 456 127 0 0 0 0 204 738 82 0 0 0 0 
0 0 143 572 242 67 0 0 0 10 329 574 111 0 0 0 4 238 624 158 0 0 0 0 
0 0 3 700 317 4 0 0 0 0 30 972 22 0 0 0 0 20 918 86 0 0 0 0 
0 0 8 220 226 91 167 312 0 0 60 348 70 64 117 365 8 95 333 51 50 55 106 326 
0 0 0 279 524 135 83 3 0 0 48 461 345 76 80 14 0 114 589 161 45 44 58 13 
0 0 0 244 551 202 27 0 0 0 38 452 420 114 0 0 0 67 704 218 35 0 0 0 
0 0 9 111 602 194 108 0 0 8 30 47 688 244 7 0 0 27 311 500 186 0 0 0 
0 0 57 261 406 195 105 0 0 46 91 144 500 225 18 0 29 103 247 464 181 0 0 0 
0 0 113 153 446 201 111 0 0 68 154 83 455 239 25 0 43 170 244 348 215 4 0 0 
0 12 199 135 318 201 159 0 0 154 208 163 253 214 32 0 82 289 271 216 166 0 0 0 
0 38 89 26 76 286 509 0 1 93 55 40 119 472 244 0 75 71 57 361 368 92 0 0 
0 0 0 27 388 441 168 0 0 0 1 119 444 328 132 0 0 0 62 489 281 180 12 0 
0 0 0 185 98 294 447 0 0 0 7 272 341 391 13 0 0 8 292 571 130 23 0 0 
0 0 0 0 0 41 973 10 0 0 0 0 90 924 10 0 0 0 14 681 329 0 0 0 
0 3 41 181 233 214 336 16 0 50 241 216 206 294 17 0 35 152 277 381 159 20 0 0 
0 4 124 125 190 295 269 17 4 115 153 152 269 307 22 2 104 137 134 287 309 49 4 0 
0 0 17 235 212 177 218 165 0 1 177 249 150 100 234 113 2 58 353 117 71 126 258 39 
0 0 5 133 95 253 491 47 0 0 0 100 145 174 543 62 0 0 0 131 151 114 468 160 
0 26 163 253 224 317 39 2 0 87 168 239 223 239 67 1 0 130 187 329 128 162 88 0 
0 9 132 162 157 241 315 8 0 35 100 155 227 120 359 28 0 56 174 211 118 136 311 18 
0 0 105 357 350 115 91 6 0 15 130 296 243 232 87 21 0 28 208 334 241 101 96 16 
0 0 63 239 328 117 240 37 0 10 112 252 342 40 196 72 0 47 270 387 45 36 226 13 
0 0 3 298 366 294 61 2 0 0 36 432 285 211 58 2 0 13 363 306 136 176 30 0 
0 0 6 263 381 347 27 0 0 0 54 386 385 164 35 0 0 32 387 333 160 71 41 0 
0 0 17 221 59 302 425 0 0 0 0 264 138 622 0 0 0 0 74 509 441 0 0 0 
0 0 410 614 0 0 0 0 0 0 45 979 0 0 0 0 0 0 739 285 0 0 0 0 
0 0 110 155 566 193 0 0 0 0 61 148 160 652 3 0 0 0 113 127 182 602 0 0 
0 0 1 39 95 889 0 0 0 0 9 26 24 898 67 0 0 1 28 18 39 938 0 0 
0 0 4 192 400 388 35 5 0 0 32 281 322 302 85 2 0 0 263 252 229 270 8 2 
0 0 0 356 537 121 6 4 0 0 43 291 568 115 5 2 0 7 220 338 441 11 2 5 
0 0 141 536 319 19 7 2 0 1 246 219 531 19 6 2 0 35 342 266 371 5 4 1 
0 0 56 403 383 111 68 3 0 0 131 470 246 142 32 3 0 59 346 322 209 54 31 3 
0 0 502 419 97 6 0 0 0 0 314 560 150 0 0 0 0 77 409 355 183 0 0 0 
0 0 0 0 0 0 7 1017 0 0 0 0 0 0 1 1023 0 0 0 0 0 0 0 1024 
70 211 109 46 53 38 47 450 150 216 50 47 33 32 33 463 314 75 42 37 28 32 32 464 
164 110 222 169 165 191 3 0 205 260 230 117 205 7 0 0 429 276 93 220 6 0 0 0 
214 87 130 245 270 41 37 0 278 142 279 246 21 27 31 0 455 260 211 24 31 39 4 0 
97 68 117 126 614 2 0 0 137 96 129 647 15 0 0 0 236 110 662 16 0 0 0 0 
0 0 0 78 946 0 0 0 0 0 0 1021 3 0 0 0 0 0 857 167 0 0 0 0 
0 0 370 654 0 0 0 0 0 0 463 561 0 0 0 0 0 0 570 454 0 0 0 0 
0 470 551 3 0 0 0 0 0 422 591 11 0 0 0 0 0 447 577 0 0 0 0 0 
0 294 397 239 88 6 0 0 0 420 553 51 0 0 0 0 102 490 432 0 0 0 0 0 
0 0 146 686 188 4 0 0 0 158 816 44 6 0 0 0 17 603 381 20 3 0 0 0 
1 275 548 122 76 2 0 0 219 530 246 28 1 0 0 0 486 336 200 2 0 0 0 0 
0 340 591 61 32 0 0 0 151 297 526 50 0 0 0 0 339 267 416 2 0 0 0 0 
0 0 61 134 719 110 0 0 0 0 71 648 305 0 0 0 0 43 647 334 0 0 0 0 
0 0 0 125 738 161 0 0 0 0 75 633 315 1 0 0 0 45 653 326 0 0 0 0 
0 0 0 17 627 380 0 0 0 0 3 308 571 142 0 0 0 0 452 572 0 0 0 0 
0 0 0 3 330 490 76 125 0 0 0 120 397 329 73 105 0 0 164 529 151 67 39 74 
0 0 0 4 22 88 225 685 0 0 0 10 30 77 181 726 0 0 9 26 79 104 197 609 
0 0 0 99 250 256 328 91 0 3 37 177 258 133 225 191 7 41 223 210 87 94 210 152 
0 0 16 150 330 470 58 0 0 0 60 271 518 175 0 0 0 50 411 489 74 0 0 0 
0 0 0 159 469 396 0 0 0 0 0 252 485 287 0 0 0 0 316 478 230 0 0 0 
0 0 0 148 515 313 48 0 0 0 0 312 401 311 0 0 0 0 343 318 363 0 0 0 
0 0 0 147 570 176 131 0 0 0 0 244 504 272 4 0 0 0 309 464 251 0 0 0 
0 0 1 206 717 87 13 0 0 0 7 341 590 86 0 0 0 2 486 426 107 3 0 0 
0 0 0 28 723 271 2 0 0 0 0 27 763 233 1 0 0 0 40 865 118 1 0 0 
0 0 42 403 462 100 17 0 0 0 1 456 461 89 17 0 0 0 321 573 86 44 0 0 
0 0 7 87 251 354 325 0 0 0 0 219 656 149 0 0 0 0 241 775 8 0 0 0 
0 0 0 0 69 223 685 47 0 0 12 112 319 538 43 0 0 1 171 664 185 3 0 0 
0 0 137 412 300 160 15 0 0 190 365 333 119 17 0 0 67 413 388 133 23 0 0 0 
0 0 25 195 498 259 47 0 0 44 57 167 570 186 0 0 47 53 285 529 110 0 0 0 
0 1 66 129 425 239 148 16 0 31 128 59 455 242 101 8 4 84 104 481 175 110 66 0 
0 6 78 92 242 353 240 13 0 1 52 133 266 321 234 17 0 2 66 419 232 136 158 11 
0 75 243 146 112 404 44 0 0 161 189 115 94 380 85 0 36 184 131 221 290 159 3 0 
0 66 144 220 143 374 77 0 0 54 172 211 149 312 115 11 0 74 233 252 253 159 44 9 
0 10 390 215 110 246 48 5 0 15 345 177 129 301 38 19 0 91 297 178 292 134 21 11 
0 84 340 149 115 192 103 41 0 135 300 191 86 184 81 47 46 232 274 158 107 111 68 28 
0 17 295 207 160 158 180 7 0 78 296 213 114 129 168 26 10 203 205 213 107 100 175 11 
0 20 286 186 76 240 205 11 0 103 286 147 143 109 194 42 14 182 245 224 54 114 147 44 
0 0 97 125 66 479 257 0 0 0 26 233 163 601 1 0 0 0 217 316 491 0 0 0 
0 7 746 171 28 33 34 5 0 0 326 595 20 28 40 15 0 0 843 68 26 25 32 30 
0 0 51 222 379 131 237 4 0 0 51 207 322 198 198 48 0 0 124 201 279 165 174 81 
0 1 142 226 301 128 179 47 0 30 174 215 157 242 118 88 0 48 267 150 249 129 132 49 
0 0 54 122 68 117 498 165 0 10 117 100 60 181 401 155 0 18 150 115 129 191 392 29 
0 2 166 191 66 235 364 0 0 29 196 131 64 193 404 7 2 83 178 162 72 161 357 9 
0 39 445 147 128 147 114 4 0 71 486 104 138 106 114 5 1 279 226 151 147 87 110 23 
0 0 51 188 81 282 418 4 0 0 48 200 101 255 409 11 0 0 46 186 146 275 351 20 
0 2 456 193 66 182 125 0 0 33 434 196 72 179 110 0 0 62 476 104 72 187 122 1 
154 145 56 88 44 38 50 449 241 91 76 56 30 30 35 465 286 56 85 38 29 28 41 461 
953 61 6 3 1 0 0 0 994 25 2 2 1 0 0 0 1006 14 3 0 1 0 0 0 
532 267 203 21 1 0 0 0 438 416 159 11 0 0 0 0 446 500 65 10 3 0 0 0 
242 205 351 226 0 0 0 0 226 432 298 68 0 0 0 0 366 381 235 24 18 0 0 0 
32 117 260 523 92 0 0 0 39 302 575 108 0 0 0 0 223 381 420 0 0 0 0 0 
0 0 200 701 123 0 0 0 0 90 768 166 0 0 0 0 50 543 418 13 0 0 0 0 
0 0 864 160 0 0 0 0 0 411 579 34 0 0 0 0 0 948 73 3 0 0 0 0 
0 3 970 50 1 0 0 0 0 702 322 0 0 0 0 0 13 1002 9 0 0 0 0 0 
0 30 234 400 360 0 0 0 36 218 647 123 0 0 0 0 131 637 256 0 0 0 0 0 
0 16 328 443 201 26 7 3 5 403 405 167 31 6 6 1 197 562 216 42 4 3 0 0 
0 140 749 93 32 5 3 2 91 781 93 44 8 4 3 0 466 456 77 17 4 3 1 0 
0 300 565 134 23 2 0 0 150 685 150 32 7 0 0 0 523 430 61 9 1 0 0 0 
0 2 698 234 75 15 0 0 2 654 256 81 31 0 0 0 43 824 137 20 0 0 0 0 
0 55 530 214 201 24 0 0 10 487 287 160 80 0 0 0 101 659 171 93 0 0 0 0 
0 225 399 88 304 8 0 0 87 465 144 136 192 0 0 0 367 322 193 142 0 0 0 0 
0 75 101 171 250 127 54 246 59 78 207 79 285 53 43 220 118 191 228 173 38 29 82 165 
0 0 0 6 106 125 304 483 0 0 16 41 104 172 235 456 0 23 62 73 146 157 204 359 
0 0 23 114 324 369 192 2 0 33 67 251 289 148 116 120 25 134 216 291 89 59 123 87 
0 0 51 109 519 345 0 0 3 62 75 313 514 57 0 0 44 76 321 556 27 0 0 0 
0 0 32 65 742 185 0 0 0 39 53 199 699 34 0 0 21 63 74 825 41 0 0 0 
0 0 0 15 553 382 74 0 0 0 13 115 640 256 0 0 0 6 40 691 287 0 0 0 
0 0 0 0 38 648 338 0 0 0 0 0 364 644 16 0 0 0 0 435 589 0 0 0 
0 0 0 0 67 517 440 0 0 0 0 0 306 713 5 0 0 0 0 371 653 0 0 0 
0 0 0 0 129 509 386 0 0 0 0 0 222 798 4 0 0 0 0 173 821 30 0 0 
0 0 0 28 204 383 409 0 0 0 0 0 278 734 12 0 0 0 0 134 884 6 0 0 
0 0 0 7 237 402 378 0 0 0 3 121 463 385 52 0 0 0 159 456 377 32 0 0 
0 5 103 212 292 255 154 3 2 72 214 425 185 126 0 0 22 138 454 379 28 3 0 0 
0 15 101 230 383 193 102 0 10 150 219 187 269 171 18 0 124 260 195 197 142 106 0 0 
0 0 0 182 582 163 97 0 0 0 0 36 736 228 24 0 0 0 4 639 256 125 0 0 
0 0 0 248 674 96 6 0 0 0 0 10 897 117 0 0 0 0 10 703 280 31 0 0 
0 0 0 208 773 43 0 0 0 0 0 13 786 225 0 0 0 0 0 621 400 3 0 0 
0 0 0 175 772 77 0 0 0 0 0 58 598 368 0 0 0 0 0 554 437 33 0 0 
0 0 0 237 615 172 0 0 0 0 0 98 620 306 0 0 0 0 8 482 534 0 0 0 
0 0 0 172 522 330 0 0 0 0 0 146 535 343 0 0 0 0 35 513 476 0 0 0 
0 0 0 424 358 234 8 0 0 0 0 201 666 152 5 0 0 0 79 693 248 4 0 0 
0 0 0 355 343 321 5 0 0 0 0 68 705 242 9 0 0 0 55 552 355 62 0 0 
0 2 62 319 335 287 19 0 0 25 45 267 474 207 6 0 6 42 169 568 161 78 0 0 
0 0 58 101 271 333 261 0 0 0 47 133 327 458 59 0 0 0 141 373 417 82 11 0 
0 7 414 97 209 235 62 0 0 10 337 151 206 168 152 0 0 17 378 224 154 146 105 0 
0 30 57 172 224 313 199 29 0 19 98 139 227 247 264 30 1 29 124 224 184 240 176 46 
0 19 173 168 143 231 262 28 0 37 200 93 213 213 235 33 1 95 195 177 226 158 158 14 
0 0 67 111 180 432 212 22 0 21 120 238 242 232 160 11 2 106 353 165 154 204 40 0 
0 68 253 185 79 289 150 0 0 148 196 172 93 326 75 14 18 189 181 238 152 154 82 10 
0 128 400 183 111 177 25 0 0 233 365 170 103 137 16 0 13 399 291 149 74 84 12 2 
0 77 486 211 121 89 40 0 0 127 497 211 88 60 41 0 45 247 357 197 95 43 38 2 
0 159 567 166 26 32 70 4 3 145 552 192 29 31 72 0 42 255 452 138 28 46 62 1 
317 135 69 110 382 11 0 0 368 123 104 408 20 1 0 0 377 160 394 72 18 3 0 0 
1014 10 0 0 0 0 0 0 1002 22 0 0 0 0 0 0 969 55 0 0 0 0 0 0 
608 151 108 118 39 0 0 0 401 371 90 58 104 0 0 0 147 660 67 35 115 0 0 0 
79 229 433 283 0 0 0 0 0 195 576 190 63 0 0 0 3 327 442 72 180 0 0 0 
123 432 454 11 4 0 0 0 3 565 440 11 5 0 0 0 62 871 84 7 0 0 0 0 
25 233 475 237 53 1 0 0 6 404 486 122 6 0 0 0 216 569 214 25 0 0 0 0 
38 220 452 307 7 0 0 0 24 483 492 25 0 0 0 0 394 568 62 0 0 0 0 0 
0 0 948 76 0 0 0 0 0 655 369 0 0 0 0 0 105 919 0 0 0 0 0 0 
0 0 237 787 0 0 0 0 0 131 893 0 0 0 0 0 43 977 4 0 0 0 0 0 
0 0 88 916 20 0 0 0 0 49 940 35 0 0 0 0 0 885 139 0 0 0 0 0 
0 16 448 554 4 2 0 0 5 401 609 7 2 0 0 0 21 965 32 5 1 0 0 0 
0 7 453 549 15 0 0 0 1 336 668 19 0 0 0 0 37 955 31 1 0 0 0 0 
0 3 228 789 4 0 0 0 0 103 908 13 0 0 0 0 16 708 300 0 0 0 0 0 
0 0 2 1022 0 0 0 0 0 0 1024 0 0 0 0 0 0 534 490 0 0 0 0 0 
0 17 416 591 0 0 0 0 0 322 702 0 0 0 0 0 22 875 127 0 0 0 0 0 
0 52 190 111 41 121 102 407 0 247 103 31 113 56 77 397 64 203 105 67 93 66 138 288 
0 0 23 28 36 60 301 576 0 16 25 33 25 57 156 712 9 20 20 30 71 76 214 584 
0 14 300 198 137 115 237 23 0 208 286 109 58 79 187 97 88 338 170 54 38 87 173 76 
0 0 46 573 306 82 16 1 0 31 478 358 121 33 3 0 1 214 646 141 22 0 0 0 
0 0 125 391 401 55 30 22 0 12 410 412 138 26 26 0 12 120 644 223 25 0 0 0 
0 0 6 413 557 48 0 0 0 0 371 102 512 39 0 0 0 22 403 488 111 0 0 0 
0 0 0 102 133 781 8 0 0 0 86 118 414 406 0 0 0 4 204 464 352 0 0 0 
0 0 14 156 178 676 0 0 0 0 21 193 780 30 0 0 0 1 183 834 6 0 0 0 
0 0 0 59 118 847 0 0 0 0 0 78 433 513 0 0 0 0 58 694 272 0 0 0 
0 0 0 0 56 959 9 0 0 0 0 28 265 731 0 0 0 0 1 472 551 0 0 0 
0 0 1 138 260 511 104 10 0 0 79 315 339 246 44 1 0 0 88 668 199 66 3 0 
0 0 24 211 514 225 50 0 0 39 217 540 197 31 0 0 16 119 361 475 50 3 0 0 
0 0 9 104 262 432 217 0 0 18 104 144 218 474 66 0 26 76 159 112 515 136 0 0 
0 0 0 0 75 505 444 0 0 0 0 0 171 788 65 0 0 0 0 85 723 216 0 0 
0 0 0 0 36 445 543 0 0 0 0 0 44 818 162 0 0 0 0 2 402 620 0 0 
0 0 0 0 99 322 603 0 0 0 0 0 89 860 75 0 0 0 0 0 343 681 0 0 
0 0 0 88 135 368 433 0 0 0 0 5 192 674 153 0 0 0 0 87 230 707 0 0 
0 0 0 118 250 219 437 0 0 0 0 6 326 618 74 0 0 0 0 218 173 633 0 0 
0 0 0 111 330 371 212 0 0 0 0 10 403 398 213 0 0 0 0 293 261 470 0 0 
0 0 0 129 500 118 277 0 0 0 0 118 456 166 284 0 0 0 28 454 166 376 0 0 
0 0 0 292 479 133 120 0 0 0 0 289 406 181 148 0 0 0 186 454 126 258 0 0 
0 0 7 541 344 118 14 0 0 0 15 286 537 148 38 0 0 0 179 530 141 170 4 0 
0 0 19 578 406 21 0 0 0 0 0 132 842 50 0 0 0 0 23 684 286 31 0 0 
0 0 128 666 230 0 0 0 0 0 5 245 774 0 0 0 0 0 80 586 358 0 0 0 
0 0 66 503 344 109 2 0 0 0 0 288 489 200 47 0 0 0 1 415 407 195 6 0 
0 0 156 535 287 46 0 0 0 0 8 332 599 85 0 0 0 0 172 327 519 6 0 0 
0 0 233 355 344 92 0 0 0 0 141 180 665 38 0 0 0 0 208 571 245 0 0 0 
0 35 220 297 395 77 0 0 0 0 97 309 564 54 0 0 0 0 158 627 239 0 0 0 
0 4 114 319 427 156 4 0 0 0 5 215 687 117 0 0 0 0 32 605 384 3 0 0 
0 0 53 354 414 203 0 0 0 0 11 188 651 174 0 0 0 0 55 447 442 80 0 0 
0 3 133 528 209 151 0 0 0 31 69 340 431 153 0 0 0 54 77 536 248 109 0 0 
365 142 63 33 289 132 0 0 387 152 37 58 57 333 0 0 112 425 38 52 34 233 130 0 
1014 10 0 0 0 0 0 0 1010 14 0 0 0 0 0 0 719 305 0 0 0 0 0 0 
610 112 96 206 0 0 0 0 470 270 89 183 12 0 0 0 172 612 64 88 88 0 0 0 
6 598 212 208 0 0 0 0 0 328 461 215 20 0 0 0 0 531 245 143 105 0 0 0 
61 748 202 10 3 0 0 0 0 723 267 34 0 0 0 0 0 832 183 9 0 0 0 0 
7 790 224 3 0 0 0 0 14 914 92 4 0 0 0 0 413 584 25 2 0 0 0 0 
4 230 481 280 29 0 0 0 9 266 632 115 2 0 0 0 82 633 302 7 0 0 0 0 
62 420 175 235 130 2 0 0 0 174 486 241 109 14 0 0 31 118 622 131 103 19 0 0 
90 274 166 379 103 12 0 0 0 356 343 271 47 7 0 0 146 216 531 109 22 0 0 0 
34 247 181 521 41 0 0 0 0 376 522 115 11 0 0 0 208 492 311 9 4 0 0 0 
0 0 103 882 39 0 0 0 0 141 883 0 0 0 0 0 128 861 35 0 0 0 0 0 
0 0 12 1012 0 0 0 0 0 8 1016 0 0 0 0 0 7 925 92 0 0 0 0 0 
0 0 0 1020 4 0 0 0 0 0 1024 0 0 0 0 0 0 410 614 0 0 0 0 0 
0 0 0 1004 20 0 0 0 0 0 1019 5 0 0 0 0 0 245 779 0 0 0 0 0 
0 0 0 1010 14 0 0 0 0 0 1020 4 0 0 0 0 0 63 961 0 0 0 0 0 
0 0 0 311 274 439 0 0 0 0 355 209 375 85 0 0 0 0 470 220 334 0 0 0 
0 0 0 72 352 600 0 0 0 0 30 259 553 182 0 0 0 0 85 230 707 2 0 0 
14 188 232 479 111 0 0 0 10 350 527 137 0 0 0 0 157 289 574 4 0 0 0 0 
0 338 202 468 9 7 0 0 213 226 550 21 10 4 0 0 310 256 444 6 8 0 0 0 
0 282 328 414 0 0 0 0 79 426 519 0 0 0 0 0 206 399 419 0 0 0 0 0 
0 0 224 800 0 0 0 0 0 54 970 0 0 0 0 0 0 224 800 0 0 0 0 0 
0 0 0 1024 0 0 0 0 0 0 1024 0 0 0 0 0 0 0 1024 0 0 0 0 0 
0 0 0 825 199 0 0 0 0 0 938 86 0 0 0 0 0 3 1021 0 0 0 0 0 
0 0 0 290 697 37 0 0 0 0 90 918 16 0 0 0 0 0 675 349 0 0 0 0 
0 0 0 87 572 365 0 0 0 0 276 677 71 0 0 0 0 357 396 266 5 0 0 0 
0 0 0 0 442 548 34 0 0 0 72 776 163 13 0 0 0 51 483 472 18 0 0 0 
0 0 6 382 515 97 20 4 0 14 403 424 145 22 16 0 0 116 382 362 132 14 17 1 
0 31 571 361 47 14 0 0 4 623 307 69 15 6 0 0 164 612 203 33 12 0 0 0 
0 0 23 91 625 279 6 0 0 19 73 120 701 111 0 0 23 56 78 624 242 1 0 0 
0 0 0 0 772 252 0 0 0 0 0 5 839 180 0 0 0 0 0 469 555 0 0 0 
0 0 0 0 506 518 0 0 0 0 0 0 587 437 0 0 0 0 0 53 929 42 0 0 
0 0 0 0 295 712 17 0 0 0 0 0 525 499 0 0 0 0 0 80 893 51 0 0 
0 0 0 0 124 828 72 0 0 0 0 0 202 813 9 0 0 0 0 8 811 205 0 0 
0 0 0 3 75 375 571 0 0 0 0 15 77 525 407 0 0 0 0 34 170 820 0 0 
0 0 0 0 138 318 568 0 0 0 0 0 171 319 534 0 0 0 0 12 292 720 0 0 
0 0 0 0 50 399 575 0 0 0 0 0 38 395 591 0 0 0 0 0 204 820 0 0 
0 0 0 0 17 275 732 0 0 0 0 0 15 275 734 0 0 0 0 0 52 957 15 0 
0 0 0 0 16 251 757 0 0 0 0 0 5 234 785 0 0 0 0 0 34 911 79 0 
0 0 0 60 80 139 745 0 0 0 0 0 118 139 767 0 0 0 0 41 99 512 372 0 
0 0 0 122 162 130 610 0 0 0 0 8 251 127 638 0 0 0 0 79 195 256 494 0 
0 0 0 148 285 127 464 0 0 0 0 110 288 139 487 0 0 0 12 223 181 272 336 0 
0 0 22 442 146 114 300 0 0 0 27 218 322 134 323 0 0 0 106 305 170 179 264 0 
0 0 181 488 95 147 113 0 0 0 191 279 244 151 159 0 0 0 256 273 187 253 55 0 
0 25 360 465 131 43 0 0 0 0 299 441 154 125 5 0 0 0 351 373 148 146 6 0 
0 46 768 191 19 0 0 0 0 0 340 617 59 8 0 0 0 0 377 476 153 18 0 0 
0 69 862 93 0 0 0 0 0 0 394 594 36 0 0 0 0 0 386 453 185 0 0 0 
272 247 109 41 247 108 0 0 283 290 76 22 28 325 0 0 0 513 117 35 21 162 176 0 
659 365 0 0 0 0 0 0 611 413 0 0 0 0 0 0 166 854 4 0 0 0 0 0 
416 243 148 217 0 0 0 0 305 371 112 236 0 0 0 0 132 579 100 196 17 0 0 0 
0 467 397 160 0 0 0 0 0 375 496 153 0 0 0 0 2 535 354 102 31 0 0 0 
0 463 450 111 0 0 0 0 0 455 528 41 0 0 0 0 6 738 272 8 0 0 0 0 
0 282 610 132 0 0 0 0 0 428 585 11 0 0 0 0 28 839 157 0 0 0 0 0 
15 808 166 35 0 0 0 0 0 641 354 29 0 0 0 0 62 845 104 13 0 0 0 0 
0 468 303 135 97 21 0 0 0 9 729 132 143 11 0 0 0 173 626 116 109 0 0 0 
0 582 348 49 43 2 0 0 0 166 797 56 5 0 0 0 17 360 626 21 0 0 0 0 
0 318 308 267 125 6 0 0 0 215 602 173 24 10 0 0 25 659 286 42 12 0 0 0 
0 283 432 193 103 13 0 0 0 237 437 271 45 34 0 0 58 456 368 101 41 0 0 0 
1 240 193 173 221 188 8 0 0 325 199 168 215 117 0 0 91 381 174 191 182 5 0 0 
0 258 126 163 302 168 7 0 0 137 379 145 254 109 0 0 0 368 257 159 224 16 0 0 
10 286 358 273 80 17 0 0 0 199 709 64 32 20 0 0 0 652 302 28 30 12 0 0 
0 102 420 396 106 0 0 0 0 158 826 30 10 0 0 0 23 734 249 14 4 0 0 0 
0 0 43 466 443 72 0 0 0 24 466 384 125 25 0 0 17 144 513 249 45 41 15 0 
0 0 6 328 500 190 0 0 0 1 369 351 291 12 0 0 0 156 329 416 108 15 0 0 
0 0 0 85 939 0 0 0 0 0 386 638 0 0 0 0 0 16 750 258 0 0 0 0 
0 0 0 882 142 0 0 0 0 0 1006 18 0 0 0 0 0 8 1016 0 0 0 0 0 
0 0 0 974 50 0 0 0 0 0 1011 13 0 0 0 0 0 0 1024 0 0 0 0 0 
0 0 0 1000 24 0 0 0 0 0 1023 1 0 0 0 0 0 0 1024 0 0 0 0 0 
0 0 0 876 148 0 0 0 0 0 969 55 0 0 0 0 0 0 1024 0 0 0 0 0 
0 0 0 467 557 0 0 0 0 0 747 277 0 0 0 0 0 0 1024 0 0 0 0 0 
0 0 0 55 901 68 0 0 0 0 183 839 2 0 0 0 0 51 954 19 0 0 0 0 
0 0 0 86 381 429 128 0 0 0 340 439 204 41 0 0 0 27 744 246 7 0 0 0 
0 0 62 147 398 355 62 0 0 51 301 361 204 107 0 0 0 88 518 233 184 1 0 0 
0 70 85 376 381 112 0 0 17 125 445 275 145 17 0 0 32 142 475 237 114 24 0 0 
0 153 297 442 132 0 0 0 61 369 520 74 0 0 0 0 79 541 380 24 0 0 0 0 
0 196 589 228 11 0 0 0 20 608 365 31 0 0 0 0 23 807 175 19 0 0 0 0 
0 0 502 411 108 3 0 0 0 214 675 59 76 0 0 0 0 522 405 95 2 0 0 0 
0 0 12 760 252 0 0 0 0 0 704 81 239 0 0 0 0 2 743 128 151 0 0 0 
0 0 25 572 403 24 0 0 0 0 554 58 411 1 0 0 0 7 580 78 359 0 0 0 
0 0 28 372 353 271 0 0 0 0 355 66 363 240 0 0 0 10 388 50 554 22 0 0 
0 0 8 157 196 453 210 0 0 0 133 119 81 471 220 0 0 13 193 83 119 616 0 0 
0 0 0 1 109 647 267 0 0 0 0 29 59 640 296 0 0 0 20 25 502 460 17 0 
0 0 0 0 0 1024 0 0 0 0 0 0 2 1022 0 0 0 0 0 0 1024 0 0 0 
0 0 0 0 8 955 27 34 0 0 0 0 9 971 20 24 0 0 0 0 877 146 1 0 
0 0 0 0 72 936 13 3 0 0 0 0 78 939 7 0 0 0 0 0 679 345 0 0 
0 0 0 0 49 602 262 111 0 0 0 9 50 761 132 72 0 0 0 6 441 555 22 0 
0 0 0 0 0 403 517 104 0 0 0 0 6 562 400 56 0 0 0 1 377 537 108 1 
0 0 0 0 0 182 692 150 0 0 0 0 33 442 460 89 0 0 0 3 203 582 236 0 
0 0 0 0 8 409 568 39 0 0 0 0 10 456 533 25 0 0 0 0 74 576 374 0 
0 0 3 10 137 318 556 0 0 0 5 7 105 303 604 0 0 2 6 6 100 504 406 0 
6 98 363 234 190 78 55 0 3 137 422 217 97 72 76 0 31 276 364 134 78 117 24 0 
33 180 101 83 386 241 0 0 80 179 67 43 167 488 0 0 176 108 50 34 88 568 0 0 
0 0 96 97 647 184 0 0 0 0 0 108 188 728 0 0 0 0 0 48 94 882 0 0 
0 628 157 21 218 0 0 0 7 713 66 17 31 190 0 0 0 362 377 49 23 33 180 0 
0 1009 15 0 0 0 0 0 371 653 0 0 0 0 0 0 77 942 5 0 0 0 0 0 
0 608 272 144 0 0 0 0 151 489 110 274 0 0 0 0 250 471 47 256 0 0 0 0 
14 820 160 30 0 0 0 0 2 710 232 80 0 0 0 0 6 688 226 103 1 0 0 0 
60 828 131 5 0 0 0 0 1 840 183 0 0 0 0 0 22 903 99 0 0 0 0 0 
38 713 273 0 0 0 0 0 30 886 108 0 0 0 0 0 406 616 2 0 0 0 0 0 
0 301 486 235 2 0 0 0 0 486 407 131 0 0 0 0 192 529 270 33 0 0 0 0 
0 444 420 146 14 0 0 0 0 164 586 224 50 0 0 0 0 318 444 211 49 2 0 0 
0 546 442 36 0 0 0 0 0 203 738 83 0 0 0 0 0 536 432 56 0 0 0 0 
1 542 317 152 12 0 0 0 2 386 505 107 24 0 0 0 68 684 208 52 12 0 0 0 
0 388 386 210 40 0 0 0 0 145 601 234 44 0 0 0 16 637 222 149 0 0 0 0 
0 121 674 173 55 1 0 0 2 51 781 181 9 0 0 0 22 242 732 26 2 0 0 0 
0 148 505 103 138 127 3 0 0 23 524 266 127 84 0 0 0 82 698 125 118 1 0 0 
0 11 419 232 213 145 4 0 0 3 450 280 182 109 0 0 1 193 487 193 142 8 0 0 
0 0 143 241 200 374 66 0 0 15 218 285 252 252 2 0 2 113 367 329 212 1 0 0 
0 1 56 167 439 360 1 0 0 6 84 156 166 391 221 0 0 47 197 121 82 361 216 0 
0 12 176 142 443 251 0 0 0 32 220 129 93 200 350 0 10 101 230 107 20 173 383 0 
0 74 296 201 298 125 30 0 0 38 487 181 212 103 3 0 5 311 242 281 182 3 0 0 
0 63 238 245 406 68 4 0 0 1 410 401 89 90 28 5 0 132 483 233 67 91 18 0 
0 31 348 285 360 0 0 0 0 0 509 465 50 0 0 0 0 115 584 261 64 0 0 0 
0 27 253 670 74 0 0 0 0 2 687 235 100 0 0 0 0 183 538 184 119 0 0 0 
0 4 132 617 265 6 0 0 0 0 596 259 132 35 2 0 0 140 645 75 138 26 0 0 
0 4 57 510 453 0 0 0 0 0 762 262 0 0 0 0 0 233 732 59 0 0 0 0 
0 0 0 429 595 0 0 0 0 0 546 478 0 0 0 0 0 317 707 0 0 0 0 0 
0 0 0 311 713 0 0 0 0 0 829 195 0 0 0 0 0 29 995 0 0 0 0 0 
0 0 3 486 535 0 0 0 0 0 911 113 0 0 0 0 0 3 1007 14 0 0 0 0 
0 0 82 936 6 0 0 0 0 49 975 0 0 0 0 0 0 52 972 0 0 0 0 0 
0 0 184 840 0 0 0 0 0 127 897 0 0 0 0 0 0 252 772 0 0 0 0 0 
0 0 83 941 0 0 0 0 0 72 952 0 0 0 0 0 0 440 584 0 0 0 0 0 
0 0 2 1022 0 0 0 0 0 0 1024 0 0 0 0 0 0 362 662 0 0 0 0 0 
0 0 107 917 0 0 0 0 0 43 981 0 0 0 0 0 6 203 815 0 0 0 0 0 
0 0 294 730 0 0 0 0 0 233 791 0 0 0 0 0 34 331 659 0 0 0 0 0 
0 7 559 458 0 0 0 0 0 381 643 0 0 0 0 0 212 275 537 0 0 0 0 0 
0 1 558 465 0 0 0 0 0 425 599 0 0 0 0 0 167 353 504 0 0 0 0 0 
0 185 433 349 32 25 0 0 46 474 409 60 18 17 0 0 337 259 377 25 26 0 0 0 
0 132 167 62 119 544 0 0 60 172 106 44 128 514 0 0 214 111 47 47 580 25 0 0 
0 0 2 106 305 544 28 39 0 0 0 58 294 625 24 23 0 0 0 20 900 97 7 0 
0 0 0 0 200 824 0 0 0 0 0 0 112 912 0 0 0 0 0 0 943 81 0 0 
0 0 0 35 285 550 77 77 0 0 0 28 318 589 51 38 0 0 1 42 882 87 12 0 
0 0 77 72 147 590 66 72 0 33 81 43 200 586 38 43 28 79 45 43 666 160 3 0 
0 16 87 81 263 424 81 72 0 24 113 67 411 323 43 43 11 70 85 68 688 92 10 0 
0 0 39 79 528 345 16 17 0 0 61 60 482 399 13 9 0 34 48 53 685 203 1 0 
0 38 245 70 625 46 0 0 0 91 219 50 620 44 0 0 1 287 50 42 594 50 0 0 
274 566 142 42 0 0 0 0 343 573 69 32 7 0 0 0 613 345 27 14 25 0 0 0 
24 100 106 776 18 0 0 0 81 95 47 432 369 0 0 0 153 36 32 52 693 58 0 0 
0 0 1 848 175 0 0 0 0 0 0 145 848 31 0 0 0 0 0 0 827 197 0 0 
0 275 206 52 444 47 0 0 0 281 176 71 34 461 1 0 0 0 207 136 165 39 477 0 
90 891 43 0 0 0 0 0 617 394 13 0 0 0 0 0 78 695 195 56 0 0 0 0 
194 391 413 26 0 0 0 0 455 153 231 185 0 0 0 0 465 216 83 260 0 0 0 0 
0 368 492 164 0 0 0 0 0 164 723 137 0 0 0 0 0 295 654 75 0 0 0 0 
0 428 556 40 0 0 0 0 1 386 635 2 0 0 0 0 60 641 323 0 0 0 0 0 
2 643 378 1 0 0 0 0 0 717 307 0 0 0 0 0 425 499 100 0 0 0 0 0 
36 840 120 28 0 0 0 0 3 952 66 3 0 0 0 0 330 662 32 0 0 0 0 0 
2 490 349 163 20 0 0 0 0 412 481 98 33 0 0 0 6 619 296 79 24 0 0 0 
13 425 412 173 1 0 0 0 0 479 524 21 0 0 0 0 21 883 120 0 0 0 0 0 
0 270 527 160 67 0 0 0 0 514 340 94 73 3 0 0 88 714 101 107 14 0 0 0 
0 294 394 280 56 0 0 0 0 177 561 271 15 0 0 0 0 525 395 103 1 0 0 0 
0 23 655 233 113 0 0 0 0 0 589 366 69 0 0 0 0 84 681 242 17 0 0 0 
0 14 733 155 122 0 0 0 0 0 363 482 129 50 0 0 0 15 665 181 148 15 0 0 
0 23 777 184 40 0 0 0 0 0 589 337 96 2 0 0 0 50 719 191 56 8 0 0 
0 77 932 15 0 0 0 0 0 50 448 526 0 0 0 0 6 126 875 17 0 0 0 0 
0 0 170 240 216 376 22 0 0 0 160 170 175 398 120 1 0 31 261 76 168 476 12 0 
0 1 111 287 221 328 68 8 0 67 115 229 134 225 225 29 24 95 231 130 101 289 143 11 
0 61 100 238 172 357 96 0 0 29 64 356 284 274 17 0 0 46 261 403 282 32 0 0 
0 0 48 356 332 268 20 0 0 0 2 245 524 184 67 2 0 0 116 487 318 91 12 0 
0 0 17 189 269 342 206 1 0 0 14 74 464 243 229 0 0 0 36 271 421 280 16 0 
0 7 134 115 204 323 241 0 0 0 0 133 313 369 209 0 0 0 0 214 406 376 28 0 
0 9 242 319 261 178 15 0 0 0 10 315 377 295 27 0 0 3 152 296 391 180 2 0 
0 20 258 132 201 315 98 0 0 0 77 381 235 295 36 0 0 0 347 253 326 98 0 0 
0 25 330 309 84 210 66 0 0 0 222 388 163 236 15 0 0 119 381 243 224 57 0 0 
0 37 256 522 167 36 5 1 0 34 629 111 146 85 19 0 0 533 230 53 170 34 4 0 
0 0 82 887 55 0 0 0 0 56 893 75 0 0 0 0 24 289 699 12 0 0 0 0 
0 0 0 1010 14 0 0 0 0 0 992 32 0 0 0 0 0 27 993 4 0 0 0 0 
0 0 217 787 20 0 0 0 0 2 932 86 4 0 0 0 0 178 750 91 5 0 0 0 
0 0 427 597 0 0 0 0 0 150 857 17 0 0 0 0 0 237 768 19 0 0 0 0 
0 194 515 315 0 0 0 0 0 607 409 8 0 0 0 0 86 571 361 6 0 0 0 0 
0 460 496 68 0 0 0 0 0 711 102 211 0 0 0 0 422 304 94 204 0 0 0 0 
0 374 258 392 0 0 0 0 8 465 31 384 136 0 0 0 354 115 31 275 249 0 0 0 
0 186 152 682 4 0 0 0 1 253 26 132 612 0 0 0 208 45 25 71 675 0 0 0 
0 104 45 726 149 0 0 0 0 112 26 32 826 28 0 0 55 56 24 26 786 77 0 0 
3 53 345 490 133 0 0 0 1 63 192 332 417 19 0 0 3 78 174 312 365 92 0 0 
0 52 128 56 455 333 0 0 2 138 80 38 413 353 0 0 120 83 38 50 653 80 0 0 
0 0 0 0 554 470 0 0 0 0 0 0 425 599 0 0 0 0 0 0 984 40 0 0 
0 0 0 7 745 272 0 0 0 0 0 0 546 478 0 0 0 0 0 11 929 84 0 0 
0 0 5 98 745 176 0 0 0 0 13 82 347 582 0 0 0 4 24 42 893 61 0 0 
674 211 78 35 24 2 0 0 547 370 66 17 14 10 0 0 867 99 26 13 19 0 0 0 
413 476 86 36 13 0 0 0 178 570 191 36 26 18 5 0 221 440 154 124 36 23 18 8 
70 582 324 42 6 0 0 0 55 508 376 55 18 11 1 0 65 500 312 71 40 22 12 2 
354 423 207 29 7 4 0 0 352 477 170 15 7 3 0 0 535 432 43 9 4 1 0 0 
122 314 209 379 0 0 0 0 257 188 57 412 110 0 0 0 386 69 42 112 387 28 0 0 
0 0 136 888 0 0 0 0 0 0 6 946 72 0 0 0 0 0 0 48 976 0 0 0 
0 0 5 1019 0 0 0 0 0 0 0 922 102 0 0 0 0 0 0 0 1024 0 0 0 
0 0 341 187 142 48 59 247 0 0 90 259 178 147 45 305 0 0 0 0 140 364 186 334 
0 876 148 0 0 0 0 0 321 509 190 4 0 0 0 0 0 472 245 181 123 3 0 0 
0 579 443 2 0 0 0 0 416 176 398 34 0 0 0 0 277 374 130 243 0 0 0 0 
12 942 70 0 0 0 0 0 12 893 117 2 0 0 0 0 52 864 105 3 0 0 0 0 
124 730 166 4 0 0 0 0 15 867 137 5 0 0 0 0 220 747 57 0 0 0 0 0 
112 546 335 31 0 0 0 0 50 814 144 16 0 0 0 0 565 414 45 0 0 0 0 0 
0 556 416 52 0 0 0 0 0 590 395 39 0 0 0 0 123 607 260 34 0 0 0 0 
5 619 314 86 0 0 0 0 0 519 350 148 7 0 0 0 0 500 305 202 17 0 0 0 
20 847 150 7 0 0 0 0 0 848 120 56 0 0 0 0 0 846 101 77 0 0 0 0 
0 570 412 42 0 0 0 0 3 719 267 35 0 0 0 0 278 651 94 1 0 0 0 0 
0 392 327 266 39 0 0 0 0 254 496 259 15 0 0 0 13 559 327 124 1 0 0 0 
0 8 278 366 331 41 0 0 0 0 389 383 246 6 0 0 0 43 558 327 96 0 0 0 
0 2 206 233 388 192 3 0 0 0 170 294 431 129 0 0 0 4 315 376 315 14 0 0 
0 57 558 200 203 6 0 0 0 16 435 322 229 22 0 0 0 142 495 261 123 3 0 0 
0 4 448 367 175 30 0 0 0 3 407 492 122 0 0 0 0 184 489 334 17 0 0 0 
0 0 98 423 229 244 30 0 0 0 101 167 390 311 55 0 0 62 143 93 410 316 0 0 
0 0 146 497 200 181 0 0 0 0 124 279 296 206 119 0 0 6 226 205 246 277 64 0 
0 22 271 719 10 2 0 0 0 0 74 440 510 0 0 0 0 13 230 764 17 0 0 0 
0 0 169 511 264 80 0 0 0 0 0 258 626 110 30 0 0 0 7 528 439 50 0 0 
0 0 499 487 38 0 0 0 0 0 82 239 703 0 0 0 0 0 100 655 269 0 0 0 
0 2 450 405 56 90 21 0 0 0 0 421 495 100 8 0 0 0 0 657 287 79 1 0 
0 0 69 335 224 359 37 0 0 0 19 414 238 314 39 0 0 0 214 391 195 223 1 0 
0 3 233 514 194 75 5 0 0 12 144 664 195 9 0 0 0 38 511 431 44 0 0 0 
0 8 179 300 188 268 81 0 0 0 106 372 329 208 9 0 0 21 322 425 241 15 0 0 
0 0 13 161 583 266 1 0 0 0 128 346 355 192 3 0 0 63 359 275 285 42 0 0 
0 0 109 373 347 195 0 0 0 73 354 283 129 175 10 0 50 235 364 132 88 155 0 0 
0 0 26 327 463 207 1 0 0 0 322 120 38 409 135 0 0 93 305 44 30 510 42 0 
0 0 195 245 487 95 2 0 0 58 281 74 69 437 105 0 0 120 209 68 69 409 137 12 
0 78 470 297 179 0 0 0 0 449 49 147 182 197 0 0 157 300 31 132 182 222 0 0 
0 218 799 7 0 0 0 0 18 269 517 220 0 0 0 0 212 81 497 234 0 0 0 0 
0 0 656 368 0 0 0 0 0 0 20 1004 0 0 0 0 0 0 32 992 0 0 0 0 
0 0 19 1005 0 0 0 0 0 0 0 654 370 0 0 0 0 0 0 686 338 0 0 0 
0 0 0 1016 8 0 0 0 0 0 0 33 991 0 0 0 0 0 0 12 1012 0 0 0 
0 0 0 858 166 0 0 0 0 0 0 0 1024 0 0 0 0 0 0 0 1023 1 0 0 
0 8 198 695 123 0 0 0 0 19 141 353 508 3 0 0 3 56 105 264 589 7 0 0 
0 60 120 58 781 5 0 0 0 132 87 35 770 0 0 0 135 78 33 39 739 0 0 0 
0 0 0 0 961 63 0 0 0 0 0 0 986 38 0 0 0 0 0 0 1024 0 0 0 
0 0 0 1 895 128 0 0 0 0 0 0 943 81 0 0 0 0 0 0 1013 11 0 0 
36 74 100 252 520 42 0 0 38 59 93 261 528 45 0 0 54 50 117 228 531 44 0 0 
438 364 117 48 56 1 0 0 255 540 118 48 62 1 0 0 501 320 97 49 55 2 0 0 
657 347 20 0 0 0 0 0 451 502 58 13 0 0 0 0 465 367 133 39 20 0 0 0 
861 148 15 0 0 0 0 0 598 364 53 9 0 0 0 0 565 329 78 30 22 0 0 0 
981 43 0 0 0 0 0 0 972 52 0 0 0 0 0 0 1022 2 0 0 0 0 0 0 
15 203 544 262 0 0 0 0 99 124 61 740 0 0 0 0 186 43 36 107 652 0 0 0 
0 0 596 428 0 0 0 0 0 0 0 1024 0 0 0 0 0 0 0 7 1017 0 0 0 
0 0 211 813 0 0 0 0 0 0 0 946 78 0 0 0 0 0 0 0 1023 1 0 0 
