0 0 504 520 0 0 0 0 0 0 671 353 0 0 0 0 0 519 450 55 0 0 0 0 
0 30 976 18 0 0 0 0 0 14 1004 6 0 0 0 0 0 991 33 0 0 0 0 0 
0 0 630 394 0 0 0 0 0 0 985 39 0 0 0 0 0 403 621 0 0 0 0 0 
0 0 177 847 0 0 0 0 0 0 850 174 0 0 0 0 0 128 896 0 0 0 0 0 
0 0 465 559 0 0 0 0 0 0 981 43 0 0 0 0 0 88 936 0 0 0 0 0 
0 50 142 832 0 0 0 0 0 49 348 627 0 0 0 0 5 86 930 3 0 0 0 0 
0 0 0 957 67 0 0 0 0 0 3 894 127 0 0 0 0 0 865 144 15 0 0 0 
0 0 23 505 496 0 0 0 0 0 17 104 903 0 0 0 0 0 30 706 288 0 0 0 
0 5 46 325 354 144 114 36 0 8 163 398 236 83 95 41 5 106 266 330 139 66 111 1 
0 6 298 365 340 7 8 0 0 100 256 645 5 9 8 1 3 266 481 255 8 5 6 0 
0 9 213 207 595 0 0 0 0 66 203 595 160 0 0 0 6 153 321 542 2 0 0 0 
0 1 205 814 4 0 0 0 0 272 747 4 1 0 0 0 5 1008 8 3 0 0 0 0 
0 104 242 458 44 36 23 117 0 369 432 38 28 33 13 111 39 639 97 54 43 27 21 104 
0 62 102 544 109 25 24 158 0 140 430 232 35 15 20 152 1 367 262 169 28 27 22 148 
0 0 141 310 480 17 18 58 0 82 285 145 431 17 5 59 0 250 113 229 352 16 14 50 
0 0 89 425 323 34 28 125 0 69 453 318 27 16 32 109 0 416 235 162 46 33 23 109 
0 11 71 218 480 85 30 129 1 73 228 501 46 38 14 123 6 225 381 171 67 34 18 122 
0 9 140 230 513 42 25 65 0 136 241 519 29 23 15 61 12 225 571 85 37 17 22 55 
0 16 44 164 496 293 11 0 1 124 408 437 52 2 0 0 129 293 501 71 16 12 2 0 
15 255 279 387 82 4 2 0 8 43 235 685 48 5 0 0 0 15 185 383 220 199 22 0 
0 0 30 143 252 599 0 0 0 0 49 247 181 547 0 0 0 0 58 251 139 576 0 0 
0 6 39 472 458 49 0 0 0 22 35 431 497 39 0 0 0 30 35 878 46 35 0 0 
0 47 263 229 221 121 64 79 25 220 269 218 115 61 49 67 157 158 180 202 138 63 58 68 
12 126 625 133 92 30 3 3 64 191 649 101 10 3 4 2 156 178 574 98 10 2 3 3 
14 220 518 76 90 99 5 2 14 255 460 123 139 26 5 2 87 454 376 75 22 3 5 2 
0 154 392 305 135 37 1 0 28 313 382 224 74 3 0 0 65 471 359 112 17 0 0 0 
28 47 273 498 163 15 0 0 52 262 591 116 3 0 0 0 47 548 392 37 0 0 0 0 
0 53 174 466 210 71 24 26 69 212 379 238 53 27 24 22 83 280 446 93 57 22 23 20 
0 141 306 121 121 88 84 163 84 314 240 71 43 76 68 128 70 333 201 93 57 73 80 117 
20 618 363 21 2 0 0 0 34 598 370 20 1 1 0 0 90 845 83 5 1 0 0 0 
20 681 199 124 0 0 0 0 78 628 194 124 0 0 0 0 104 718 202 0 0 0 0 0 
34 599 241 150 0 0 0 0 2 559 342 121 0 0 0 0 26 782 216 0 0 0 0 0 
0 0 577 447 0 0 0 0 0 0 710 314 0 0 0 0 0 599 380 45 0 0 0 0 
0 45 922 57 0 0 0 0 0 27 952 45 0 0 0 0 0 908 116 0 0 0 0 0 
0 0 397 627 0 0 0 0 0 0 875 149 0 0 0 0 0 191 833 0 0 0 0 0 
0 0 162 862 0 0 0 0 0 0 582 442 0 0 0 0 0 11 1013 0 0 0 0 0 
0 0 375 649 0 0 0 0 0 0 885 139 0 0 0 0 0 44 980 0 0 0 0 0 
0 52 223 749 0 0 0 0 0 53 261 710 0 0 0 0 5 77 942 0 0 0 0 0 
0 0 0 1017 7 0 0 0 0 0 14 939 71 0 0 0 0 0 911 112 1 0 0 0 
0 0 41 718 265 0 0 0 0 0 33 112 879 0 0 0 0 0 45 865 114 0 0 0 
0 0 65 350 381 228 0 0 0 15 195 265 373 176 0 0 29 120 162 275 274 164 0 0 
0 25 421 348 215 13 2 0 0 210 291 332 177 11 3 0 1 329 377 287 27 3 0 0 
0 21 219 238 478 61 4 3 0 116 183 350 326 44 3 2 2 192 252 460 110 6 2 0 
0 1 461 562 0 0 0 0 0 447 577 0 0 0 0 0 9 1015 0 0 0 0 0 0 
0 18 551 455 0 0 0 0 0 524 500 0 0 0 0 0 17 998 9 0 0 0 0 0 
0 2 365 656 1 0 0 0 0 282 728 14 0 0 0 0 0 969 46 9 0 0 0 0 
0 0 277 307 437 3 0 0 0 98 409 97 420 0 0 0 0 404 136 212 272 0 0 0 
0 0 100 482 431 11 0 0 0 104 464 341 114 1 0 0 2 452 378 132 60 0 0 0 
0 2 47 297 664 14 0 0 0 46 275 531 142 30 0 0 3 233 516 159 113 0 0 0 
0 0 16 84 597 327 0 0 0 19 91 610 302 2 0 0 306 264 419 29 6 0 0 0 
0 0 3 30 373 576 42 0 0 47 251 525 197 4 0 0 641 122 242 19 0 0 0 0 
0 99 144 276 463 42 0 0 0 110 557 296 55 6 0 0 0 0 320 329 222 135 18 0 
0 191 227 154 282 170 0 0 0 1 161 432 297 133 0 0 0 0 25 192 622 180 5 0 
0 0 35 357 599 33 0 0 0 6 52 373 569 24 0 0 0 20 62 846 73 23 0 0 
0 271 631 109 8 2 3 0 0 397 562 55 6 3 1 0 0 450 527 39 5 3 0 0 
11 797 212 2 2 0 0 0 42 904 76 0 2 0 0 0 38 970 14 2 0 0 0 0 
47 299 298 369 5 1 3 2 60 303 641 11 4 2 3 0 58 912 45 3 3 3 0 0 
1 235 401 382 5 0 0 0 5 370 625 24 0 0 0 0 71 888 65 0 0 0 0 0 
0 356 283 380 5 0 0 0 0 426 589 9 0 0 0 0 4 991 29 0 0 0 0 0 
0 255 399 255 111 4 0 0 0 399 549 62 12 2 0 0 185 622 194 19 4 0 0 0 
102 563 235 115 9 0 0 0 98 641 211 68 5 1 0 0 200 680 128 14 2 0 0 0 
205 768 47 2 1 1 0 0 198 744 78 2 1 1 0 0 265 748 7 2 1 1 0 0 
32 947 45 0 0 0 0 0 31 940 52 1 0 0 0 0 88 913 23 0 0 0 0 0 
296 685 43 0 0 0 0 0 275 722 27 0 0 0 0 0 336 685 3 0 0 0 0 0 
0 0 700 324 0 0 0 0 0 0 548 476 0 0 0 0 0 468 498 58 0 0 0 0 
0 23 543 458 0 0 0 0 0 44 491 488 1 0 0 0 0 406 273 345 0 0 0 0 
0 0 398 626 0 0 0 0 0 0 436 563 25 0 0 0 0 46 583 395 0 0 0 0 
0 31 317 676 0 0 0 0 0 18 442 321 243 0 0 0 0 42 483 499 0 0 0 0 
0 37 340 647 0 0 0 0 0 32 429 108 455 0 0 0 0 48 449 522 5 0 0 0 
0 57 234 722 11 0 0 0 0 54 202 293 475 0 0 0 0 83 351 573 17 0 0 0 
0 31 83 902 8 0 0 0 0 26 123 327 548 0 0 0 0 31 338 641 14 0 0 0 
0 17 48 912 47 0 0 0 0 19 37 308 660 0 0 0 0 29 95 899 1 0 0 0 
0 86 127 555 256 0 0 0 0 56 119 179 670 0 0 0 0 52 126 725 121 0 0 0 
0 29 58 335 602 0 0 0 0 32 50 135 807 0 0 0 0 42 66 557 359 0 0 0 
0 36 32 208 746 2 0 0 0 35 32 117 838 2 0 0 0 39 55 377 553 0 0 0 
0 41 82 69 832 0 0 0 1 61 71 37 854 0 0 0 0 68 68 234 654 0 0 0 
0 89 119 111 705 0 0 0 0 129 95 82 718 0 0 0 6 167 82 257 512 0 0 0 
35 183 128 204 474 0 0 0 47 204 107 174 492 0 0 0 51 247 206 93 427 0 0 0 
14 199 150 228 433 0 0 0 36 216 135 190 447 0 0 0 55 248 204 273 244 0 0 0 
0 36 142 98 748 0 0 0 4 65 110 93 624 128 0 0 10 105 83 195 623 8 0 0 
0 0 55 32 631 305 1 0 0 12 44 125 572 271 0 0 291 128 96 76 423 10 0 0 
0 0 0 0 346 674 4 0 0 0 0 692 332 0 0 0 972 49 3 0 0 0 0 0 
0 0 0 0 715 309 0 0 0 31 471 460 62 0 0 0 442 163 397 22 0 0 0 0 
0 0 0 212 810 2 0 0 0 255 767 2 0 0 0 0 0 0 473 551 0 0 0 0 
31 148 116 220 505 4 0 0 0 141 694 93 84 10 2 0 0 8 218 515 216 41 23 3 
15 94 111 333 467 4 0 0 0 29 152 415 420 8 0 0 0 32 103 687 156 33 13 0 
0 185 472 182 106 78 1 0 0 306 496 174 45 2 1 0 147 576 270 27 1 3 0 0 
0 465 240 168 98 52 1 0 0 510 305 180 27 2 0 0 147 694 146 30 5 2 0 0 
0 306 346 220 121 31 0 0 0 229 567 185 43 0 0 0 184 707 133 0 0 0 0 0 
4 373 168 284 148 40 4 3 3 428 320 203 50 14 2 4 264 509 152 58 29 6 3 3 
0 105 382 339 111 45 18 24 0 179 459 223 99 28 14 22 4 328 395 161 61 30 18 27 
0 14 169 417 267 49 35 73 0 54 327 352 144 52 31 64 37 109 335 274 102 43 35 89 
1 408 406 177 26 6 0 0 8 615 237 142 17 5 0 0 87 632 210 83 8 4 0 0 
0 308 570 139 7 0 0 0 0 429 437 155 3 0 0 0 22 586 379 35 2 0 0 0 
0 88 552 272 46 33 18 15 0 103 539 262 54 31 18 17 0 294 519 113 46 26 17 9 
0 176 515 223 42 38 27 3 0 186 479 249 48 32 28 2 3 349 468 117 37 37 13 0 
186 184 400 254 0 0 0 0 176 170 322 356 0 0 0 0 199 316 440 69 0 0 0 0 
184 163 300 377 0 0 0 0 169 145 261 449 0 0 0 0 180 271 265 308 0 0 0 0 
12 273 206 524 8 1 0 0 9 281 191 524 19 0 0 0 59 355 256 353 1 0 0 0 
0 15 75 934 0 0 0 0 0 14 60 502 448 0 0 0 0 24 107 893 0 0 0 0 
0 34 202 759 29 0 0 0 0 62 247 222 493 0 0 0 0 300 107 617 0 0 0 0 
0 16 46 633 328 1 0 0 0 4 127 375 518 0 0 0 0 92 331 598 3 0 0 0 
2 95 105 798 24 0 0 0 0 95 104 121 704 0 0 0 15 165 56 787 1 0 0 0 
0 26 104 848 46 0 0 0 0 16 109 148 751 0 0 0 0 86 110 828 0 0 0 0 
0 12 167 603 238 4 0 0 0 25 213 234 552 0 0 0 0 150 248 623 3 0 0 0 
0 48 78 271 611 16 0 0 0 43 115 240 626 0 0 0 0 103 244 575 102 0 0 0 
0 44 101 383 481 15 0 0 0 64 174 210 572 4 0 0 2 260 134 511 117 0 0 0 
0 1 121 338 559 5 0 0 0 25 218 275 506 0 0 0 0 181 263 503 77 0 0 0 
0 8 74 186 644 110 2 0 0 4 143 178 662 37 0 0 0 114 148 516 246 0 0 0 
0 58 105 130 607 122 2 0 0 71 107 139 637 70 0 0 13 130 87 336 458 0 0 0 
0 0 0 8 1001 15 0 0 0 0 0 0 690 334 0 0 0 0 0 45 977 2 0 0 
0 14 37 49 737 184 3 0 0 33 23 68 751 149 0 0 131 173 49 167 504 0 0 0 
0 0 0 13 158 790 63 0 0 0 12 436 561 15 0 0 823 174 17 5 5 0 0 0 
0 0 0 0 424 600 0 0 0 0 13 779 231 1 0 0 874 150 0 0 0 0 0 0 
0 0 0 0 482 499 42 1 0 5 195 699 114 11 0 0 347 63 233 232 119 30 0 0 
0 0 0 371 532 106 12 3 0 48 837 112 23 4 0 0 0 0 287 669 57 11 0 0 
0 0 0 645 375 2 1 1 0 191 827 3 2 0 1 0 0 0 502 519 0 2 1 0 
18 130 200 374 299 3 0 0 0 15 586 286 124 12 1 0 0 0 268 381 287 71 17 0 
126 234 370 249 44 1 0 0 1 105 262 489 166 1 0 0 20 286 429 256 29 3 1 0 
78 139 301 383 94 26 3 0 0 103 371 360 173 16 1 0 28 302 334 297 60 3 0 0 
2 6 30 343 566 75 2 0 0 0 81 494 428 20 1 0 0 64 513 401 44 2 0 0 
59 204 282 300 169 6 3 1 0 6 171 507 318 20 1 1 0 90 428 300 203 1 1 1 
0 0 98 378 308 221 13 6 0 0 160 411 393 45 10 5 0 17 287 423 263 24 5 5 
0 0 22 315 581 103 3 0 0 0 41 466 457 60 0 0 0 4 181 513 301 25 0 0 
1 209 546 118 135 13 2 0 0 586 206 129 94 9 0 0 31 678 143 116 53 3 0 0 
32 465 349 144 23 8 3 0 62 552 277 106 20 5 2 0 175 570 229 36 6 7 1 0 
20 752 222 22 8 0 0 0 24 815 162 19 4 0 0 0 171 810 33 8 2 0 0 0 
18 652 339 11 3 1 0 0 45 866 105 6 2 0 0 0 247 757 16 3 1 0 0 0 
0 94 365 563 2 0 0 0 0 104 208 712 0 0 0 0 15 199 601 209 0 0 0 0 
0 49 171 802 1 1 0 0 0 47 108 867 1 1 0 0 2 93 416 511 1 1 0 0 
8 109 103 793 11 0 0 0 0 126 95 761 42 0 0 0 75 138 91 720 0 0 0 0 
0 6 31 986 1 0 0 0 0 7 21 264 732 0 0 0 1 22 65 936 0 0 0 0 
0 83 147 792 2 0 0 0 0 95 113 466 350 0 0 0 9 166 304 545 0 0 0 0 
0 8 21 939 56 0 0 0 0 8 13 136 867 0 0 0 0 18 49 956 1 0 0 0 
5 108 122 663 126 0 0 0 0 120 116 114 674 0 0 0 69 141 63 743 8 0 0 0 
0 36 68 833 87 0 0 0 0 39 40 183 762 0 0 0 7 62 103 838 14 0 0 0 
0 52 86 598 288 0 0 0 0 75 43 258 648 0 0 0 3 92 138 760 31 0 0 0 
0 39 50 170 765 0 0 0 0 37 36 53 898 0 0 0 5 49 46 784 140 0 0 0 
0 44 123 146 675 36 0 0 0 67 109 57 764 27 0 0 2 124 75 579 243 1 0 0 
0 11 107 296 608 1 1 0 0 18 98 190 716 1 1 0 0 63 121 715 123 1 1 0 
0 12 63 169 777 3 0 0 0 18 51 135 819 1 0 0 2 35 91 673 223 0 0 0 
0 50 136 99 697 36 6 0 0 73 112 109 682 48 0 0 3 126 113 306 466 10 0 0 
0 10 51 40 922 1 0 0 0 17 46 29 732 200 0 0 4 33 52 37 898 0 0 0 
0 0 64 186 441 273 55 5 0 0 22 404 562 36 0 0 665 218 21 49 71 0 0 0 
0 0 0 0 6 317 565 136 0 0 8 289 351 353 23 0 437 399 97 52 36 3 0 0 
0 0 0 0 16 414 432 162 0 0 30 299 534 157 4 0 387 363 173 101 0 0 0 0 
0 0 0 0 173 844 7 0 0 0 532 441 51 0 0 0 229 118 636 41 0 0 0 0 
0 0 0 20 377 573 49 5 0 0 338 570 83 30 3 0 0 0 103 711 159 43 8 0 
0 0 0 165 536 292 27 4 0 2 391 517 92 19 3 0 0 0 62 731 196 32 3 0 
0 0 3 351 575 67 23 5 0 21 780 169 31 17 6 0 0 0 519 418 56 22 9 0 
0 29 104 507 288 69 17 10 0 127 450 246 159 20 9 13 11 265 342 314 51 16 15 10 
0 64 158 432 143 151 62 14 0 216 337 149 220 69 23 10 109 362 146 201 148 40 14 4 
0 49 87 237 361 253 26 11 0 50 133 294 394 133 14 6 0 101 254 450 184 24 6 5 
0 59 105 294 317 243 6 0 0 86 143 392 253 149 1 0 0 107 328 385 200 4 0 0 
2 224 202 317 214 60 4 1 3 265 278 325 132 17 4 0 6 336 422 214 36 8 2 0 
0 113 138 347 283 60 31 52 0 120 159 388 253 32 35 37 0 148 355 241 193 31 20 36 
1 234 444 139 59 20 34 93 10 522 214 112 43 23 46 54 50 523 206 98 36 37 24 50 
13 484 395 92 18 9 6 7 9 566 334 69 22 9 7 8 111 673 198 24 6 6 4 2 
0 316 444 134 94 19 5 12 0 386 365 140 94 21 6 12 3 402 423 140 29 13 3 11 
9 421 407 92 88 7 0 0 21 534 259 130 80 0 0 0 120 603 205 94 2 0 0 0 
0 8 210 800 6 0 0 0 0 22 183 819 0 0 0 0 4 104 323 593 0 0 0 0 
0 12 116 893 3 0 0 0 0 4 212 808 0 0 0 0 0 129 394 501 0 0 0 0 
3 135 119 729 33 5 0 0 0 119 118 615 172 0 0 0 37 167 152 666 2 0 0 0 
0 2 40 981 1 0 0 0 0 1 19 224 780 0 0 0 0 2 51 971 0 0 0 0 
0 0 44 727 252 1 0 0 0 4 88 513 419 0 0 0 1 67 403 553 0 0 0 0 
0 0 39 746 239 0 0 0 0 0 10 128 886 0 0 0 0 3 72 932 17 0 0 0 
5 106 105 374 434 0 0 0 0 129 105 63 727 0 0 0 58 144 61 570 191 0 0 0 
0 13 110 667 234 0 0 0 0 47 90 65 822 0 0 0 3 124 56 791 50 0 0 0 
0 53 204 469 295 3 0 0 0 123 268 174 458 1 0 0 3 355 160 501 5 0 0 0 
0 19 22 146 837 0 0 0 0 18 51 210 737 8 0 0 4 51 197 636 136 0 0 0 
0 32 104 232 636 17 3 0 0 38 130 200 641 13 2 0 16 143 175 626 54 10 0 0 
0 18 170 371 463 1 1 0 0 84 195 360 383 1 1 0 2 261 311 442 7 1 0 0 
0 25 143 220 514 122 0 0 0 76 139 215 574 20 0 0 6 200 127 573 118 0 0 0 
0 38 123 59 685 119 0 0 0 47 118 70 744 45 0 0 7 108 95 281 533 0 0 0 
0 0 0 52 948 24 0 0 0 0 9 161 678 176 0 0 121 29 17 45 812 0 0 0 
0 0 73 322 460 142 27 0 0 196 551 250 27 0 0 0 1018 6 0 0 0 0 0 0 
0 0 0 0 34 475 451 64 0 54 206 390 286 86 2 0 671 201 124 28 0 0 0 0 
0 0 0 0 0 314 579 131 0 1 47 77 694 205 0 0 103 531 319 71 0 0 0 0 
0 0 0 21 328 551 108 16 0 2 337 473 171 27 14 0 66 255 394 189 69 33 16 2 
0 0 0 12 462 360 120 70 0 0 308 482 124 73 35 2 0 0 251 542 116 78 34 3 
0 0 0 2 368 392 211 51 0 0 262 436 197 91 37 1 0 8 234 495 149 89 45 4 
0 0 0 0 106 639 256 23 0 0 129 537 300 44 14 0 0 58 408 364 132 45 17 0 
0 10 83 266 238 365 60 2 0 162 480 338 41 3 0 0 8 267 657 85 6 1 0 0 
0 173 680 165 6 0 0 0 0 13 727 273 8 3 0 0 0 243 748 29 4 0 0 0 
0 4 825 182 4 5 4 0 0 0 742 264 6 4 5 3 0 263 727 21 3 6 4 0 
0 237 379 158 133 117 0 0 0 387 267 181 189 0 0 0 11 567 232 211 3 0 0 0 
5 744 252 11 8 4 0 0 0 568 426 17 11 2 0 0 5 916 90 13 0 0 0 0 
0 13 125 288 438 120 21 19 0 33 163 439 292 72 8 17 0 146 394 373 80 12 4 15 
3 67 490 184 146 47 27 60 14 89 512 192 105 27 47 38 50 265 410 144 60 16 52 27 
0 24 534 354 86 17 9 0 0 7 342 508 123 33 8 3 0 160 647 165 38 10 4 0 
0 32 614 141 157 69 4 7 0 18 565 182 162 85 3 9 0 373 375 225 29 11 3 8 
0 1 301 330 243 149 0 0 0 0 214 425 312 73 0 0 0 32 510 477 5 0 0 0 
30 49 255 690 0 0 0 0 25 52 105 842 0 0 0 0 38 71 558 357 0 0 0 0 
6 49 161 808 0 0 0 0 6 49 78 862 29 0 0 0 16 74 348 586 0 0 0 0 
6 120 131 739 27 1 0 0 1 124 114 580 205 0 0 0 61 146 130 687 0 0 0 0 
1 33 71 919 0 0 0 0 0 36 55 723 210 0 0 0 7 50 131 836 0 0 0 0 
0 95 125 802 2 0 0 0 0 104 89 678 153 0 0 0 5 149 240 630 0 0 0 0 
0 26 51 848 99 0 0 0 0 26 49 363 586 0 0 0 4 46 122 850 2 0 0 0 
2 121 142 388 371 0 0 0 0 158 121 133 611 1 0 0 68 175 88 645 48 0 0 0 
0 6 53 486 479 0 0 0 0 5 43 173 803 0 0 0 3 14 131 875 1 0 0 0 
0 0 71 700 253 0 0 0 0 0 71 305 648 0 0 0 0 18 180 826 0 0 0 0 
0 11 55 263 692 3 0 0 0 23 68 134 794 5 0 0 0 67 107 721 129 0 0 0 
0 99 126 176 615 8 0 0 0 144 98 169 610 3 0 0 16 211 128 602 67 0 0 0 
0 1 59 239 725 0 0 0 0 8 106 237 673 0 0 0 0 75 188 732 29 0 0 0 
0 0 60 131 755 77 1 0 0 2 95 161 756 10 0 0 0 96 94 728 105 1 0 0 
0 79 138 101 611 95 0 0 0 125 134 96 592 77 0 0 20 185 99 287 429 4 0 0 
0 9 72 163 513 267 0 0 0 45 143 72 474 290 0 0 0 111 102 92 589 130 0 0 
0 16 81 389 305 220 13 0 0 177 350 94 209 194 0 0 442 71 56 128 250 77 0 0 
0 1 45 233 438 236 65 6 0 314 477 217 14 2 0 0 974 27 8 11 4 0 0 0 
0 0 0 5 268 364 336 51 0 39 198 462 248 75 2 0 731 141 59 93 0 0 0 0 
0 0 0 165 419 255 110 75 0 91 297 328 157 84 47 20 173 201 199 125 138 101 59 28 
0 0 7 269 314 224 155 55 0 100 376 224 192 88 32 12 0 146 319 253 165 93 35 13 
0 0 6 144 310 369 146 49 1 72 415 355 107 52 21 1 15 162 530 193 63 40 20 1 
0 39 86 187 235 404 61 12 0 363 290 319 38 3 11 0 0 531 394 78 6 5 10 0 
0 47 264 364 335 13 1 0 5 530 348 125 15 1 0 0 20 670 311 17 5 1 0 0 
0 125 703 195 1 0 0 0 0 196 660 168 0 0 0 0 1 473 501 49 0 0 0 0 
0 104 704 184 32 0 0 0 0 75 627 278 44 0 0 0 0 329 628 64 3 0 0 0 
10 262 280 173 99 149 26 25 129 425 137 91 169 44 9 20 270 365 107 161 67 19 11 24 
10 275 336 90 81 54 57 121 4 236 418 98 61 42 55 110 12 480 156 68 57 59 54 138 
0 257 240 204 143 95 36 49 0 252 337 174 135 58 31 37 5 316 258 185 122 50 34 54 
1 104 213 302 225 104 50 25 2 125 241 340 158 82 49 27 33 172 279 281 118 79 32 30 
9 421 249 147 66 49 29 54 1 318 342 146 81 41 29 66 1 322 294 164 88 49 37 69 
19 526 238 133 62 22 12 12 4 535 245 135 61 21 10 13 14 584 232 121 31 22 8 12 
6 288 362 264 62 24 14 4 0 297 352 266 65 23 15 6 1 344 392 201 47 22 14 3 
0 63 93 868 0 0 0 0 0 65 129 830 0 0 0 0 15 157 498 354 0 0 0 0 
3 73 119 813 15 1 0 0 0 74 213 689 47 1 0 0 14 227 391 391 0 1 0 0 
13 106 97 790 18 0 0 0 0 133 94 743 54 0 0 0 65 142 161 656 0 0 0 0 
0 1 7 1016 0 0 0 0 0 0 4 966 54 0 0 0 0 3 162 859 0 0 0 0 
0 74 169 724 57 0 0 0 0 130 217 663 14 0 0 0 22 253 595 154 0 0 0 0 
0 24 45 945 10 0 0 0 0 34 51 867 72 0 0 0 8 56 237 723 0 0 0 0 
0 94 128 526 276 0 0 0 0 134 91 152 647 0 0 0 50 162 16 783 13 0 0 0 
0 15 90 816 103 0 0 0 0 30 76 270 648 0 0 0 3 82 163 776 0 0 0 0 
0 33 194 725 72 0 0 0 0 78 175 529 242 0 0 0 14 212 407 391 0 0 0 0 
0 0 5 301 718 0 0 0 0 1 53 142 828 0 0 0 1 41 136 791 55 0 0 0 
0 75 113 200 631 5 0 0 0 116 137 123 636 12 0 0 35 190 129 439 229 2 0 0 
0 1 111 364 548 0 0 0 0 16 168 287 553 0 0 0 1 173 197 653 0 0 0 0 
0 4 74 200 713 33 0 0 0 19 107 184 711 3 0 0 1 93 112 701 117 0 0 0 
0 71 110 36 543 223 34 7 1 149 46 38 458 302 27 3 20 155 42 88 581 120 18 0 
0 32 14 18 114 846 0 0 0 32 18 14 59 901 0 0 5 30 17 13 408 551 0 0 
0 0 79 54 650 240 1 0 0 29 63 56 609 267 0 0 0 58 70 77 750 69 0 0 
0 14 101 126 222 355 188 18 0 36 186 38 166 433 165 0 100 89 44 34 365 256 136 0 
1 50 125 101 398 41 90 218 5 83 396 217 7 19 130 167 505 112 67 15 10 25 127 163 
153 177 63 41 187 298 77 28 179 180 142 348 124 21 16 14 556 268 100 41 21 9 17 12 
8 359 110 182 103 40 33 189 10 534 194 32 27 20 19 188 36 416 263 42 28 34 18 187 
0 70 133 191 64 45 141 380 3 215 171 52 21 57 364 141 4 215 167 50 26 55 354 153 
0 18 84 40 51 290 379 162 0 47 64 47 68 347 443 8 0 52 57 48 118 327 410 12 
0 0 327 382 296 18 1 0 0 257 506 219 39 3 0 0 1 632 344 27 19 1 0 0 
17 193 485 217 111 1 0 0 0 237 505 263 17 2 0 0 5 576 404 31 8 0 0 0 
0 25 400 278 156 108 31 26 55 90 413 270 88 64 26 18 57 152 520 119 71 62 24 19 
0 0 37 233 317 199 125 113 48 68 133 252 202 151 64 106 46 96 225 194 177 128 54 104 
0 0 29 158 254 294 148 141 0 0 74 222 313 193 108 114 0 6 109 251 277 162 93 126 
0 0 0 0 265 480 131 148 0 0 0 100 485 219 90 130 0 0 10 287 323 170 97 137 
1 57 236 407 190 112 19 2 7 87 332 357 142 85 12 2 17 140 417 256 141 45 7 1 
0 595 288 107 21 7 4 2 0 651 210 117 31 9 2 4 3 719 171 90 28 7 4 2 
0 167 331 280 181 56 6 3 0 159 292 280 194 84 12 3 2 278 359 269 96 14 3 3 
0 0 175 416 290 102 28 13 0 0 160 374 311 123 40 16 0 0 216 419 265 73 39 12 
0 42 229 753 0 0 0 0 0 43 115 866 0 0 0 0 6 101 899 18 0 0 0 0 
0 37 178 809 0 0 0 0 0 38 133 853 0 0 0 0 8 115 900 1 0 0 0 0 
13 156 128 724 3 0 0 0 12 179 109 707 17 0 0 0 110 167 670 77 0 0 0 0 
0 42 60 922 0 0 0 0 0 44 55 923 2 0 0 0 7 58 566 393 0 0 0 0 
0 54 94 875 1 0 0 0 0 86 157 780 1 0 0 0 79 132 677 136 0 0 0 0 
0 32 62 873 57 0 0 0 0 50 228 746 0 0 0 0 20 282 552 170 0 0 0 0 
0 131 163 592 138 0 0 0 0 235 75 296 418 0 0 0 73 210 165 565 11 0 0 0 
0 10 72 923 19 0 0 0 0 11 67 262 684 0 0 0 0 56 78 890 0 0 0 0 
0 16 167 729 112 0 0 0 0 63 253 385 323 0 0 0 12 324 154 534 0 0 0 0 
0 6 51 512 455 0 0 0 0 17 132 306 569 0 0 0 0 110 290 605 19 0 0 0 
1 154 117 365 386 1 0 0 0 190 150 168 509 7 0 0 48 291 128 470 86 1 0 0 
0 16 116 587 305 0 0 0 0 60 272 207 485 0 0 0 0 311 178 535 0 0 0 0 
0 5 128 288 552 51 0 0 0 30 186 215 584 9 0 0 2 174 135 659 54 0 0 0 
2 85 123 122 518 167 7 0 0 151 75 134 556 101 6 1 30 139 102 364 348 39 2 0 
0 63 53 43 635 230 0 0 5 71 40 40 508 360 0 0 24 59 40 55 794 52 0 0 
0 5 33 44 682 257 3 0 0 6 33 82 731 172 0 0 0 14 38 230 725 17 0 0 
0 0 36 42 281 195 264 206 0 9 30 67 305 172 372 69 0 11 49 105 317 134 360 48 
143 129 90 42 22 32 180 386 143 193 54 16 34 33 401 150 144 191 56 17 32 42 391 151 
495 500 29 0 0 0 0 0 459 565 0 0 0 0 0 0 551 473 0 0 0 0 0 0 
67 699 236 22 0 0 0 0 146 858 20 0 0 0 0 0 225 789 10 0 0 0 0 0 
54 212 57 29 26 123 510 13 57 234 36 24 26 243 404 0 82 212 38 24 28 260 380 0 
0 4 23 35 181 442 320 19 0 7 29 33 318 400 237 0 0 9 32 35 414 298 236 0 
71 141 187 227 120 99 96 83 0 149 411 168 153 58 21 64 72 402 231 99 62 41 32 85 
73 177 276 211 128 57 79 23 0 253 409 173 66 52 56 15 175 471 135 85 44 60 48 6 
0 0 158 362 177 170 98 59 0 64 313 255 155 141 72 24 0 133 329 203 164 113 64 18 
0 8 137 502 272 70 20 15 0 37 419 392 123 26 13 14 1 294 411 194 62 31 14 17 
0 0 11 75 551 354 29 4 0 1 38 525 384 67 5 4 0 15 369 469 150 14 4 3 
0 0 11 317 433 184 64 15 0 0 70 481 300 114 46 13 0 2 213 482 198 95 25 9 
0 10 171 485 198 65 62 33 0 31 304 473 81 61 49 25 7 112 445 278 68 64 31 19 
0 499 414 104 7 0 0 0 0 590 327 101 6 0 0 0 21 694 269 37 3 0 0 0 
0 95 363 335 133 45 19 34 0 106 320 332 159 46 24 37 0 166 332 303 106 42 34 41 
0 45 404 385 119 47 11 13 0 46 379 388 141 43 15 12 0 106 350 369 138 36 13 12 
0 65 249 710 0 0 0 0 0 67 145 812 0 0 0 0 15 168 822 19 0 0 0 0 
0 67 242 711 3 1 0 0 0 76 266 679 3 0 0 0 10 283 710 18 3 0 0 0 
29 53 94 848 0 0 0 0 16 136 16 856 0 0 0 0 64 101 727 132 0 0 0 0 
0 44 32 948 0 0 0 0 0 56 22 946 0 0 0 0 33 34 660 297 0 0 0 0 
0 161 159 704 0 0 0 0 3 189 159 673 0 0 0 0 56 247 719 2 0 0 0 0 
0 27 59 919 18 1 0 0 0 37 99 886 1 1 0 0 7 117 860 38 1 1 0 0 
5 140 103 733 43 0 0 0 9 202 40 559 214 0 0 0 65 168 163 628 0 0 0 0 
0 15 41 966 2 0 0 0 0 20 39 667 298 0 0 0 4 50 184 786 0 0 0 0 
0 25 127 869 3 0 0 0 0 70 92 787 75 0 0 0 5 132 446 441 0 0 0 0 
0 0 0 855 169 0 0 0 0 0 0 298 726 0 0 0 0 0 17 1005 2 0 0 0 
2 182 87 328 425 0 0 0 0 208 57 88 671 0 0 0 43 190 60 694 37 0 0 0 
0 26 125 717 156 0 0 0 0 42 108 482 392 0 0 0 2 121 193 708 0 0 0 0 
0 66 80 524 354 0 0 0 0 103 74 356 491 0 0 0 7 123 118 776 0 0 0 0 
0 117 86 69 745 7 0 0 0 158 48 55 748 15 0 0 24 157 51 579 213 0 0 0 
0 69 27 77 707 144 0 0 1 82 15 73 682 171 0 0 15 69 35 209 657 39 0 0 
0 8 94 112 801 9 0 0 0 36 73 114 789 12 0 0 0 70 67 376 511 0 0 0 
0 2 36 78 493 276 139 0 0 9 30 90 485 322 88 0 0 15 50 105 585 217 52 0 
147 68 121 127 139 236 179 7 154 234 120 28 71 257 160 0 200 262 55 28 108 217 154 0 
163 137 125 278 302 19 0 0 163 452 408 1 0 0 0 0 195 789 40 0 0 0 0 0 
0 1 17 88 690 221 7 0 0 91 804 111 18 0 0 0 1 754 203 54 12 0 0 0 
0 58 140 205 99 104 323 95 1 305 93 56 55 180 318 16 21 330 64 56 62 204 268 19 
0 12 47 58 456 90 348 13 0 31 52 100 404 235 200 2 0 44 50 385 117 281 145 2 
11 55 119 169 234 43 241 152 0 30 224 173 477 87 12 21 0 195 405 184 178 31 7 24 
14 98 453 254 54 81 70 0 0 174 424 338 87 1 0 0 38 454 314 211 6 1 0 0 
0 45 486 393 44 18 16 22 0 269 441 232 28 18 12 24 6 414 287 214 35 23 20 25 
0 12 296 472 196 30 11 7 0 111 452 378 55 15 7 6 7 415 361 200 22 8 9 2 
0 31 194 306 320 156 9 8 0 65 348 395 185 21 9 1 0 188 549 238 34 10 5 0 
0 18 74 208 556 162 5 1 0 31 134 396 430 29 4 0 0 58 267 590 100 5 4 0 
0 274 389 154 141 62 3 1 6 422 318 128 133 15 2 0 51 480 284 148 54 6 1 0 
0 560 355 102 6 1 0 0 1 564 359 95 4 1 0 0 58 621 327 17 1 0 0 0 
0 447 479 35 62 1 0 0 0 372 502 82 58 10 0 0 1 651 296 42 34 0 0 0 
0 194 638 74 111 4 3 0 0 210 616 83 108 4 2 1 1 420 437 155 4 4 3 0 
3 150 290 581 0 0 0 0 20 183 97 724 0 0 0 0 123 142 742 17 0 0 0 0 
0 120 345 556 3 0 0 0 0 278 196 550 0 0 0 0 165 289 541 29 0 0 0 0 
19 88 141 766 10 0 0 0 10 116 284 612 2 0 0 0 65 293 543 123 0 0 0 0 
0 79 85 860 0 0 0 0 0 113 39 872 0 0 0 0 41 82 749 152 0 0 0 0 
0 91 154 779 0 0 0 0 0 156 160 708 0 0 0 0 140 152 716 16 0 0 0 0 
0 24 95 884 21 0 0 0 0 75 281 668 0 0 0 0 36 310 646 32 0 0 0 0 
21 183 76 740 4 0 0 0 17 187 111 706 3 0 0 0 86 188 365 385 0 0 0 0 
0 7 54 963 0 0 0 0 0 11 53 960 0 0 0 0 0 45 789 190 0 0 0 0 
0 59 253 712 0 0 0 0 0 156 273 595 0 0 0 0 34 349 542 99 0 0 0 0 
0 0 73 917 34 0 0 0 0 15 217 731 61 0 0 0 3 176 422 423 0 0 0 0 
0 119 135 726 44 0 0 0 0 185 68 505 266 0 0 0 63 169 79 713 0 0 0 0 
0 26 137 790 71 0 0 0 0 67 296 597 64 0 0 0 4 321 428 271 0 0 0 0 
0 30 203 550 197 44 0 0 0 112 182 521 209 0 0 0 5 257 221 525 16 0 0 0 
0 61 70 188 664 41 0 0 0 104 40 116 764 0 0 0 14 107 70 636 197 0 0 0 
0 80 33 27 884 0 0 0 0 97 19 19 889 0 0 0 8 99 12 508 397 0 0 0 
0 15 79 99 754 77 0 0 0 61 56 174 733 0 0 0 3 72 120 493 336 0 0 0 
0 0 0 15 351 443 215 0 0 0 5 47 384 586 2 0 0 0 9 106 527 375 7 0 
0 0 10 140 202 267 404 1 0 42 231 25 82 609 35 0 11 201 76 15 160 540 21 0 
0 0 52 652 306 14 0 0 2 247 763 10 1 1 0 0 30 936 55 2 1 0 0 0 
0 0 86 382 454 96 6 0 0 338 597 30 18 41 0 0 39 806 115 10 31 23 0 0 
0 20 88 86 95 572 153 10 1 84 99 45 143 604 46 2 4 140 49 47 167 562 54 1 
0 0 39 68 479 419 19 0 0 0 41 350 262 364 7 0 0 16 32 450 228 287 11 0 
0 0 101 275 271 360 17 0 0 81 439 417 81 6 0 0 0 143 265 521 92 3 0 0 
0 0 192 160 185 403 79 5 7 16 425 519 49 2 3 3 0 20 342 528 125 3 3 3 
31 211 371 272 73 25 13 28 59 270 364 247 36 11 18 19 55 301 435 166 22 10 19 16 
10 41 213 594 149 16 1 0 11 47 572 360 31 3 0 0 22 80 742 173 7 0 0 0 
0 6 408 508 94 8 0 0 0 1 751 257 8 7 0 0 0 115 887 12 10 0 0 0 
0 0 12 505 441 64 2 0 0 2 201 548 261 12 0 0 0 42 579 383 20 0 0 0 
1 50 228 537 208 0 0 0 16 69 314 535 90 0 0 0 47 143 631 199 4 0 0 0 
0 0 344 604 35 26 13 2 0 21 523 410 33 28 9 0 0 112 801 65 32 13 1 0 
0 4 392 519 106 3 0 0 0 57 649 256 60 2 0 0 0 217 680 114 13 0 0 0 
0 0 545 368 109 2 0 0 0 1 666 274 82 1 0 0 0 23 852 145 4 0 0 0 
0 54 282 688 0 0 0 0 1 57 146 820 0 0 0 0 36 97 887 4 0 0 0 0 
1 85 574 364 0 0 0 0 8 89 334 593 0 0 0 0 58 254 712 0 0 0 0 0 
25 43 144 812 0 0 0 0 26 37 94 867 0 0 0 0 53 84 886 1 0 0 0 0 
0 118 132 774 0 0 0 0 0 153 96 775 0 0 0 0 76 126 792 30 0 0 0 0 
0 106 219 699 0 0 0 0 5 115 206 698 0 0 0 0 55 185 784 0 0 0 0 0 
0 34 139 851 0 0 0 0 0 41 131 852 0 0 0 0 10 131 880 3 0 0 0 0 
22 166 105 731 0 0 0 0 15 213 71 704 21 0 0 0 97 167 585 175 0 0 0 0 
0 34 25 947 18 0 0 0 0 36 33 821 134 0 0 0 16 35 416 557 0 0 0 0 
0 63 100 848 13 0 0 0 0 94 73 774 83 0 0 0 18 122 624 260 0 0 0 0 
0 0 47 976 1 0 0 0 0 0 88 919 17 0 0 0 0 56 520 448 0 0 0 0 
0 82 201 734 7 0 0 0 0 137 152 631 104 0 0 0 15 241 178 590 0 0 0 0 
0 12 80 867 65 0 0 0 0 30 95 745 154 0 0 0 10 82 306 626 0 0 0 0 
0 13 72 730 209 0 0 0 0 34 97 656 237 0 0 0 3 78 275 668 0 0 0 0 
0 48 77 630 269 0 0 0 0 74 68 372 510 0 0 0 7 87 120 809 1 0 0 0 
0 62 100 180 682 0 0 0 0 96 65 114 749 0 0 0 7 130 60 806 21 0 0 0 
0 0 2 120 526 145 231 0 0 0 4 100 581 314 25 0 0 0 28 554 106 297 39 0 
0 0 0 0 0 16 1006 2 0 0 0 0 0 890 134 0 0 0 0 0 0 807 217 0 
0 0 0 2 12 6 1002 2 0 0 9 5 3 934 73 0 0 5 6 4 4 915 90 0 
0 0 1 176 465 97 285 0 0 61 610 42 19 285 7 0 2 588 108 21 22 283 0 0 
0 0 1 156 323 334 210 0 0 117 445 63 45 354 0 0 1 403 200 31 72 317 0 0 
0 0 0 0 25 221 778 0 0 0 0 18 27 979 0 0 0 0 0 18 22 984 0 0 
0 7 51 378 386 127 75 0 0 13 69 528 283 131 0 0 0 28 192 452 236 116 0 0 
0 0 12 172 170 640 30 0 0 15 563 441 5 0 0 0 0 66 258 665 35 0 0 0 
0 18 25 49 95 793 44 0 0 68 340 603 13 0 0 0 6 55 85 792 86 0 0 0 
238 143 190 215 103 34 35 66 0 59 459 323 63 38 20 62 9 449 272 157 31 32 17 57 
0 2 297 480 193 46 4 2 0 12 530 377 78 24 3 0 0 225 561 180 47 8 3 0 
0 1 297 552 142 21 4 7 0 63 683 200 54 14 6 4 0 601 305 71 30 10 5 2 
0 1 235 514 252 19 3 0 0 90 382 405 129 16 2 0 0 301 477 209 29 8 0 0 
1 71 164 610 146 19 7 6 29 87 193 589 99 15 6 6 53 147 410 362 35 11 4 2 
0 1 538 394 67 15 3 6 0 4 582 378 39 12 4 5 0 127 639 222 22 8 5 1 
0 17 803 196 7 1 0 0 0 134 772 115 2 1 0 0 0 481 463 77 2 1 0 0 
0 253 748 20 3 0 0 0 0 606 408 9 1 0 0 0 9 755 250 10 0 0 0 0 
1 64 423 536 0 0 0 0 0 62 77 885 0 0 0 0 33 92 897 2 0 0 0 0 
12 316 444 252 0 0 0 0 26 340 302 356 0 0 0 0 209 417 398 0 0 0 0 0 
2 18 269 716 19 0 0 0 2 51 242 729 0 0 0 0 23 239 762 0 0 0 0 0 
34 170 65 755 0 0 0 0 36 173 30 785 0 0 0 0 138 83 803 0 0 0 0 0 
0 202 346 476 0 0 0 0 0 319 175 530 0 0 0 0 202 283 539 0 0 0 0 0 
0 75 237 672 40 0 0 0 0 164 429 431 0 0 0 0 86 487 451 0 0 0 0 0 
37 182 42 742 21 0 0 0 31 186 99 708 0 0 0 0 106 174 585 159 0 0 0 0 
0 20 37 955 12 0 0 0 0 21 29 770 204 0 0 0 6 41 579 398 0 0 0 0 
0 175 252 597 0 0 0 0 0 227 215 577 5 0 0 0 56 345 585 38 0 0 0 0 
0 3 36 968 17 0 0 0 0 19 222 782 1 0 0 0 0 229 603 192 0 0 0 0 
0 79 178 765 2 0 0 0 0 104 196 643 81 0 0 0 7 276 148 593 0 0 0 0 
3 50 219 740 12 0 0 0 0 157 256 611 0 0 0 0 32 366 433 193 0 0 0 0 
1 67 154 682 115 5 0 0 2 143 148 671 60 0 0 0 19 254 447 300 4 0 0 0 
0 47 24 806 127 20 0 0 0 53 22 687 262 0 0 0 4 60 81 876 3 0 0 0 
0 43 130 517 334 0 0 0 0 80 95 54 795 0 0 0 0 160 25 839 0 0 0 0 
0 0 3 124 222 41 634 0 0 0 3 47 311 575 88 0 0 0 5 308 48 460 203 0 
0 0 0 0 0 19 1005 0 0 0 0 0 3 883 138 0 0 0 0 0 1 787 236 0 
0 0 0 0 0 4 1020 0 0 0 0 0 0 1013 11 0 0 0 0 0 0 983 41 0 
0 0 0 0 0 6 1018 0 0 0 0 0 0 1024 0 0 0 0 0 0 0 1024 0 0 
0 0 0 0 0 130 894 0 0 0 0 0 0 1024 0 0 0 0 0 0 0 1024 0 0 
0 0 0 0 10 335 679 0 0 0 0 0 80 944 0 0 0 0 0 0 87 937 0 0 
0 11 39 380 162 207 225 0 0 15 60 445 194 310 0 0 2 24 181 356 146 315 0 0 
0 0 105 648 133 138 0 0 0 8 426 574 16 0 0 0 0 79 157 657 131 0 0 0 
0 24 195 517 121 167 0 0 0 80 435 487 22 0 0 0 0 87 87 669 181 0 0 0 
0 280 555 140 39 7 3 0 2 418 475 96 24 6 3 0 16 574 333 74 18 6 3 0 
0 205 177 321 301 20 0 0 2 273 241 436 72 0 0 0 7 399 539 74 5 0 0 0 
0 2 294 327 373 16 8 4 0 54 425 476 48 10 7 4 2 289 611 92 16 8 3 3 
0 5 44 345 543 68 14 5 0 12 143 615 221 17 12 4 0 40 537 381 40 18 6 2 
38 595 244 103 43 1 0 0 0 327 548 140 9 0 0 0 402 420 172 30 0 0 0 0 
0 66 796 134 15 6 3 4 0 78 798 123 14 4 4 3 0 252 702 54 6 6 3 1 
0 304 536 160 19 5 0 0 2 380 487 133 17 5 0 0 2 427 464 110 16 5 0 0 
0 791 178 48 6 1 0 0 14 829 110 57 13 1 0 0 22 841 91 53 15 2 0 0 
0 44 827 153 0 0 0 0 0 41 170 813 0 0 0 0 2 95 927 0 0 0 0 0 
4 142 714 164 0 0 0 0 6 124 380 514 0 0 0 0 40 258 725 1 0 0 0 0 
0 45 436 543 0 0 0 0 0 59 175 790 0 0 0 0 4 194 826 0 0 0 0 0 
49 197 205 573 0 0 0 0 44 207 93 680 0 0 0 0 142 152 730 0 0 0 0 0 
0 53 345 626 0 0 0 0 0 123 144 757 0 0 0 0 97 99 828 0 0 0 0 0 
0 35 236 753 0 0 0 0 0 137 219 668 0 0 0 0 87 209 721 7 0 0 0 0 
30 217 93 684 0 0 0 0 37 205 165 617 0 0 0 0 107 262 602 53 0 0 0 0 
0 33 138 853 0 0 0 0 0 55 203 766 0 0 0 0 11 227 615 171 0 0 0 0 
0 152 218 654 0 0 0 0 0 290 88 646 0 0 0 0 126 208 669 21 0 0 0 0 
0 5 118 898 3 0 0 0 0 17 339 668 0 0 0 0 3 296 600 125 0 0 0 0 
0 124 203 697 0 0 0 0 0 166 169 689 0 0 0 0 26 267 239 492 0 0 0 0 
0 25 347 652 0 0 0 0 0 213 177 631 3 0 0 0 60 309 233 422 0 0 0 0 
0 36 283 646 59 0 0 0 0 216 128 672 8 0 0 0 4 281 254 485 0 0 0 0 
0 29 66 749 171 9 0 0 0 35 100 781 108 0 0 0 4 58 252 710 0 0 0 0 
0 98 152 759 15 0 0 0 0 170 89 548 217 0 0 0 8 220 66 730 0 0 0 0 
0 5 39 214 184 38 465 79 0 38 205 141 75 88 477 0 0 193 94 149 27 51 510 0 
0 0 0 4 55 346 606 13 0 0 15 64 138 651 156 0 0 0 66 16 119 621 202 0 
0 0 0 0 0 177 847 0 0 0 0 0 49 975 0 0 0 0 0 0 36 981 7 0 
0 0 0 0 0 39 985 0 0 0 0 0 0 1024 0 0 0 0 0 0 0 1024 0 0 
0 0 0 0 0 354 670 0 0 0 0 0 0 1024 0 0 0 0 0 0 6 1018 0 0 
0 0 17 39 119 681 168 0 0 1 34 72 369 548 0 0 0 12 31 72 407 502 0 0 
0 8 23 295 89 482 127 0 0 33 46 290 223 432 0 0 2 45 191 145 305 336 0 0 
0 18 309 386 157 57 46 51 0 125 383 318 72 38 38 50 22 367 247 183 79 36 43 47 
0 23 289 202 132 134 66 178 0 136 262 217 135 65 42 167 1 212 225 138 142 64 42 200 
76 217 364 194 91 54 20 8 100 234 402 142 86 42 12 6 114 417 265 112 79 20 11 6 
427 359 98 123 11 4 1 1 504 331 98 79 5 5 1 1 557 311 136 7 6 5 1 1 
263 296 211 233 21 0 0 0 354 288 328 53 1 0 0 0 413 490 117 4 0 0 0 0 
34 339 498 99 52 2 0 0 57 697 184 73 13 0 0 0 120 739 121 43 1 0 0 0 
0 126 654 210 34 0 0 0 1 592 394 37 0 0 0 0 137 789 94 4 0 0 0 0 
91 268 651 14 0 0 0 0 107 648 269 0 0 0 0 0 118 886 20 0 0 0 0 0 
319 377 303 19 6 0 0 0 330 525 143 14 12 0 0 0 355 596 49 16 8 0 0 0 
434 435 146 1 3 5 0 0 475 468 72 1 5 3 0 0 555 426 34 2 5 2 0 0 
4 28 975 17 0 0 0 0 1 27 267 729 0 0 0 0 16 80 926 2 0 0 0 0 
9 261 749 5 0 0 0 0 30 255 598 141 0 0 0 0 137 471 416 0 0 0 0 0 
0 11 705 308 0 0 0 0 0 40 183 801 0 0 0 0 7 189 828 0 0 0 0 0 
54 152 362 456 0 0 0 0 64 147 45 768 0 0 0 0 120 114 790 0 0 0 0 0 
11 143 535 335 0 0 0 0 15 157 247 605 0 0 0 0 124 212 688 0 0 0 0 0 
0 94 421 509 0 0 0 0 3 115 265 641 0 0 0 0 60 234 728 2 0 0 0 0 
44 176 64 740 0 0 0 0 46 172 62 744 0 0 0 0 109 148 727 40 0 0 0 0 
0 18 91 915 0 0 0 0 0 35 107 882 0 0 0 0 11 136 830 47 0 0 0 0 
0 166 172 686 0 0 0 0 2 197 150 675 0 0 0 0 81 240 701 2 0 0 0 0 
0 15 25 984 0 0 0 0 0 17 61 946 0 0 0 0 7 62 955 0 0 0 0 0 
0 133 130 761 0 0 0 0 0 193 63 768 0 0 0 0 38 201 423 362 0 0 0 0 
0 38 72 914 0 0 0 0 0 58 79 887 0 0 0 0 14 111 831 68 0 0 0 0 
0 71 90 863 0 0 0 0 0 96 93 835 0 0 0 0 13 138 772 101 0 0 0 0 
0 0 27 997 0 0 0 0 0 0 19 1005 0 0 0 0 0 7 557 460 0 0 0 0 
0 141 114 760 9 0 0 0 0 214 36 736 38 0 0 0 28 205 85 706 0 0 0 0 
0 12 134 651 218 9 0 0 0 371 417 224 12 0 0 0 10 753 57 204 0 0 0 0 
0 0 11 204 196 454 159 0 0 87 286 57 138 456 0 0 0 282 136 15 132 459 0 0 
0 0 0 14 17 685 308 0 0 0 13 8 272 731 0 0 0 6 8 7 280 723 0 0 
0 0 4 129 27 561 303 0 0 3 136 15 118 752 0 0 0 96 45 14 115 754 0 0 
0 0 0 12 164 742 106 0 0 0 10 20 377 617 0 0 0 0 21 23 398 582 0 0 
0 0 36 233 428 257 70 0 0 17 276 337 164 230 0 0 0 263 313 76 139 233 0 0 
0 0 96 431 479 18 0 0 0 136 609 278 1 0 0 0 37 728 259 0 0 0 0 0 
0 34 82 383 450 75 0 0 0 84 525 393 22 0 0 0 20 607 384 13 0 0 0 0 
17 18 256 314 261 158 0 0 0 116 558 270 80 0 0 0 0 666 298 60 0 0 0 0 
218 139 365 238 57 7 0 0 12 228 358 321 105 0 0 0 118 659 246 1 0 0 0 0 
150 309 228 241 96 0 0 0 49 255 284 375 61 0 0 0 143 711 170 0 0 0 0 0 
55 195 40 705 29 0 0 0 80 204 700 40 0 0 0 0 121 554 346 3 0 0 0 0 
21 253 81 500 169 0 0 0 30 276 699 19 0 0 0 0 124 416 484 0 0 0 0 0 
4 254 219 494 53 0 0 0 39 380 585 20 0 0 0 0 135 638 251 0 0 0 0 0 
87 409 477 29 13 9 0 0 473 412 134 5 0 0 0 0 551 438 32 3 0 0 0 0 
476 309 199 40 0 0 0 0 538 393 93 0 0 0 0 0 597 422 5 0 0 0 0 0 
324 34 143 500 23 0 0 0 330 134 552 8 0 0 0 0 347 646 31 0 0 0 0 0 
152 295 547 23 7 0 0 0 153 330 360 172 8 1 0 0 253 340 415 15 1 0 0 0 
26 362 620 16 0 0 0 0 147 238 385 254 0 0 0 0 292 369 363 0 0 0 0 0 
0 49 536 334 63 29 5 8 0 81 361 507 47 20 5 3 11 249 604 95 35 17 8 5 
32 174 382 292 68 40 17 19 17 265 252 359 63 35 13 20 124 247 456 98 42 25 13 19 
63 220 539 202 0 0 0 0 41 458 190 335 0 0 0 0 392 214 418 0 0 0 0 0 
26 232 459 282 11 12 2 0 29 301 279 398 14 2 1 0 127 363 492 28 10 3 1 0 
26 154 273 360 104 43 25 39 20 205 238 385 78 50 13 35 59 207 422 186 53 42 18 37 
19 229 341 434 1 0 0 0 12 372 181 458 1 0 0 0 202 292 527 3 0 0 0 0 
0 136 405 483 0 0 0 0 0 304 178 542 0 0 0 0 123 329 570 2 0 0 0 0 
0 4 226 794 0 0 0 0 0 47 395 582 0 0 0 0 9 373 642 0 0 0 0 0 
0 187 145 692 0 0 0 0 0 208 138 678 0 0 0 0 62 248 645 69 0 0 0 0 
1 72 396 539 8 3 1 4 0 211 377 424 6 2 1 3 120 422 465 9 3 1 1 3 
0 22 496 303 81 58 28 36 0 107 507 250 70 42 17 31 0 329 457 89 55 40 19 35 
26 248 346 351 37 10 0 6 16 303 393 270 29 7 2 4 61 425 428 88 15 1 3 3 
6 170 138 568 137 5 0 0 6 240 232 514 29 3 0 0 64 430 394 109 25 2 0 0 
36 300 327 356 4 1 0 0 38 505 296 183 1 1 0 0 115 657 242 8 1 1 0 0 
0 206 226 431 82 41 20 18 12 320 417 145 60 38 18 14 46 516 225 112 67 30 11 17 
0 124 382 350 68 44 56 0 2 445 409 49 27 91 1 0 58 712 102 45 19 88 0 0 
0 12 50 659 291 11 1 0 3 187 798 31 3 2 0 0 19 877 120 5 2 1 0 0 
0 0 0 383 526 70 45 0 0 6 575 366 19 58 0 0 0 590 352 9 19 54 0 0 
0 0 0 82 529 396 17 0 0 0 215 603 203 3 0 0 0 242 641 141 0 0 0 0 
0 6 10 230 654 120 4 0 0 16 495 463 50 0 0 0 7 622 352 43 0 0 0 0 
2 32 21 171 434 364 0 0 4 36 427 457 100 0 0 0 13 454 466 91 0 0 0 0 
63 126 140 180 255 259 1 0 28 155 146 526 169 0 0 0 108 179 378 359 0 0 0 0 
235 125 166 181 310 7 0 0 1 103 282 573 65 0 0 0 26 325 651 22 0 0 0 0 
158 229 327 269 41 0 0 0 0 179 466 345 34 0 0 0 30 600 392 2 0 0 0 0 
202 122 218 475 7 0 0 0 0 62 531 427 4 0 0 0 16 690 317 1 0 0 0 0 
224 151 176 448 25 0 0 0 2 40 492 490 0 0 0 0 13 618 393 0 0 0 0 0 
232 128 282 365 17 0 0 0 0 63 518 443 0 0 0 0 76 639 309 0 0 0 0 0 
7 402 384 231 0 0 0 0 318 400 185 121 0 0 0 0 363 417 243 1 0 0 0 0 
192 511 259 61 1 0 0 0 447 511 66 0 0 0 0 0 639 382 3 0 0 0 0 0 
31 351 385 244 13 0 0 0 165 545 314 0 0 0 0 0 381 624 19 0 0 0 0 0 
390 155 479 0 0 0 0 0 353 192 478 1 0 0 0 0 459 420 145 0 0 0 0 0 
243 275 503 3 0 0 0 0 276 266 479 3 0 0 0 0 425 532 66 1 0 0 0 0 
104 337 554 28 1 0 0 0 28 373 467 154 2 0 0 0 472 296 256 0 0 0 0 0 
55 445 516 5 3 0 0 0 35 413 379 195 2 0 0 0 695 323 4 2 0 0 0 0 
1 218 756 49 0 0 0 0 0 191 398 435 0 0 0 0 407 562 54 1 0 0 0 0 
12 403 432 151 21 5 0 0 8 377 167 439 22 11 0 0 323 647 41 11 2 0 0 0 
90 435 308 174 17 0 0 0 58 492 185 275 14 0 0 0 538 453 25 8 0 0 0 0 
29 143 186 666 0 0 0 0 6 158 99 761 0 0 0 0 102 94 825 3 0 0 0 0 
0 96 299 629 0 0 0 0 0 113 171 740 0 0 0 0 24 192 807 1 0 0 0 0 
0 28 117 697 32 26 124 0 0 32 117 705 33 133 4 0 7 91 748 27 46 105 0 0 
0 130 131 529 10 37 187 0 0 157 108 527 27 205 0 0 56 170 549 33 79 137 0 0 
10 61 110 674 6 35 128 0 14 84 127 632 24 141 2 0 53 162 639 14 110 46 0 0 
131 379 136 375 3 0 0 0 52 246 320 405 1 0 0 0 112 353 394 128 37 0 0 0 
456 545 21 2 0 0 0 0 0 169 329 517 8 1 0 0 3 249 67 260 375 70 0 0 
489 395 60 25 45 10 0 0 0 80 193 586 164 1 0 0 0 104 103 112 347 358 0 0 
457 294 129 139 4 1 0 0 0 1 233 672 115 3 0 0 0 7 151 173 362 322 9 0 
333 389 155 129 12 1 5 0 0 47 183 675 104 8 4 3 0 31 144 270 426 142 7 4 
5 48 115 58 68 454 276 0 0 41 118 75 105 678 7 0 0 44 118 72 92 694 4 0 
2 149 176 85 64 260 288 0 30 253 118 56 53 480 34 0 89 267 81 25 66 455 41 0 
0 0 6 169 501 270 78 0 0 0 191 429 184 219 1 0 0 177 379 94 155 219 0 0 
0 48 108 526 293 49 0 0 0 85 417 371 130 21 0 0 33 406 286 164 127 8 0 0 
0 107 173 645 53 46 0 0 1 124 262 579 58 0 0 0 67 158 688 95 16 0 0 0 
12 89 248 529 56 89 1 0 34 105 409 441 35 0 0 0 59 129 663 173 0 0 0 0 
0 207 286 362 169 0 0 0 0 155 641 185 43 0 0 0 0 43 796 185 0 0 0 0 
0 86 118 204 600 16 0 0 0 23 424 486 91 0 0 0 4 240 672 108 0 0 0 0 
49 132 517 216 110 0 0 0 73 165 641 144 1 0 0 0 102 574 347 1 0 0 0 0 
187 265 328 213 31 0 0 0 42 268 420 290 4 0 0 0 183 696 145 0 0 0 0 0 
284 197 364 143 36 0 0 0 11 165 331 515 2 0 0 0 141 696 187 0 0 0 0 0 
260 187 302 234 41 0 0 0 0 59 348 611 6 0 0 0 80 702 242 0 0 0 0 0 
15 580 255 174 0 0 0 0 0 545 280 199 0 0 0 0 9 681 334 0 0 0 0 0 
136 747 64 77 0 0 0 0 158 723 122 21 0 0 0 0 479 452 93 0 0 0 0 0 
308 354 294 68 0 0 0 0 319 444 224 37 0 0 0 0 450 433 141 0 0 0 0 0 
417 220 387 0 0 0 0 0 415 186 423 0 0 0 0 0 426 564 34 0 0 0 0 0 
40 375 559 50 0 0 0 0 332 350 342 0 0 0 0 0 511 512 1 0 0 0 0 0 
3 404 590 27 0 0 0 0 110 292 600 22 0 0 0 0 596 385 43 0 0 0 0 0 
4 202 799 19 0 0 0 0 0 141 611 272 0 0 0 0 960 57 7 0 0 0 0 0 
0 48 967 9 0 0 0 0 0 19 186 819 0 0 0 0 1002 22 0 0 0 0 0 0 
0 62 854 85 23 0 0 0 0 37 241 710 36 0 0 0 871 116 37 0 0 0 0 0 
99 271 545 88 18 3 0 0 15 338 452 181 36 2 0 0 867 106 41 10 0 0 0 0 
0 172 741 111 0 0 0 0 0 179 634 211 0 0 0 0 23 568 433 0 0 0 0 0 
0 90 381 223 78 76 127 49 0 108 385 363 29 42 97 0 0 239 511 108 40 91 35 0 
0 2 20 27 73 329 521 52 1 21 66 342 202 193 199 0 0 6 97 344 286 280 11 0 
0 0 1 11 19 347 520 126 1 18 80 258 188 256 223 0 0 12 37 264 426 233 52 0 
0 0 134 606 35 81 128 40 0 403 319 128 42 94 38 0 0 556 207 83 129 25 24 0 
112 241 267 404 0 0 0 0 0 35 618 371 0 0 0 0 0 241 622 140 21 0 0 0 
692 320 7 3 2 0 0 0 0 64 418 536 2 4 0 0 0 0 185 387 436 12 4 0 
893 131 0 0 0 0 0 0 0 0 93 930 1 0 0 0 0 0 7 146 838 33 0 0 
871 146 7 0 0 0 0 0 0 0 61 959 4 0 0 0 0 0 0 98 741 185 0 0 
593 430 1 0 0 0 0 0 0 2 543 479 0 0 0 0 0 0 187 588 239 10 0 0 
16 135 257 316 300 0 0 0 36 181 311 351 145 0 0 0 102 180 331 361 50 0 0 0 
2 65 142 454 306 48 7 0 24 362 105 346 176 10 1 0 238 222 134 328 101 1 0 0 
0 0 8 591 373 46 6 0 0 0 28 717 248 26 5 0 0 0 253 681 79 11 0 0 
0 0 326 551 116 27 4 0 0 0 565 388 48 22 1 0 0 284 459 236 34 11 0 0 
0 1 816 207 0 0 0 0 0 81 932 11 0 0 0 0 0 937 87 0 0 0 0 0 
0 60 319 633 12 0 0 0 0 177 821 26 0 0 0 0 0 412 612 0 0 0 0 0 
0 0 5 616 370 29 4 0 0 0 690 310 21 3 0 0 0 2 728 285 7 2 0 0 
0 15 518 455 36 0 0 0 0 26 667 325 6 0 0 0 0 432 525 67 0 0 0 0 
0 28 841 155 0 0 0 0 0 73 944 7 0 0 0 0 0 607 417 0 0 0 0 0 
0 28 806 190 0 0 0 0 0 105 917 2 0 0 0 0 0 907 117 0 0 0 0 0 
0 119 634 271 0 0 0 0 0 209 807 8 0 0 0 0 0 752 272 0 0 0 0 0 
0 251 514 259 0 0 0 0 0 312 700 12 0 0 0 0 1 761 262 0 0 0 0 0 
0 198 645 181 0 0 0 0 0 275 733 16 0 0 0 0 0 706 318 0 0 0 0 0 
0 88 540 396 0 0 0 0 0 154 752 118 0 0 0 0 0 560 464 0 0 0 0 0 
0 14 481 529 0 0 0 0 0 54 898 72 0 0 0 0 0 425 599 0 0 0 0 0 
28 17 31 141 45 54 64 644 35 186 329 148 79 217 25 5 169 442 171 161 60 14 6 1 
34 140 324 174 63 211 15 63 291 357 89 271 10 4 2 0 621 241 158 2 0 2 0 0 
16 627 380 1 0 0 0 0 182 467 374 1 0 0 0 0 695 329 0 0 0 0 0 0 
23 381 543 35 22 20 0 0 3 271 638 81 31 0 0 0 615 325 46 33 5 0 0 0 
71 503 190 35 81 142 2 0 3 501 210 73 202 35 0 0 435 265 35 193 65 31 0 0 
45 546 114 18 99 195 7 0 6 548 142 64 224 40 0 0 296 356 95 205 56 16 0 0 
36 512 123 31 59 173 90 0 13 574 95 55 263 24 0 0 126 489 114 246 38 11 0 0 
5 494 130 67 59 100 165 4 2 561 114 56 251 37 3 0 13 603 110 275 20 3 0 0 
0 224 164 142 242 77 156 19 0 317 162 258 188 87 12 0 1 376 334 181 95 37 0 0 
0 0 83 121 209 235 285 91 1 103 187 304 381 47 1 0 0 112 181 261 440 30 0 0 
0 0 38 93 116 150 490 137 4 102 216 460 226 16 0 0 1 91 169 411 325 27 0 0 
0 0 357 386 54 61 148 18 0 240 591 147 45 1 0 0 0 515 310 140 58 1 0 0 
80 228 547 159 8 2 0 0 0 109 710 191 13 1 0 0 1 383 502 119 19 0 0 0 
535 296 162 31 0 0 0 0 0 106 509 407 2 0 0 0 0 60 350 263 341 10 0 0 
324 478 222 0 0 0 0 0 0 28 537 444 15 0 0 0 0 32 298 322 339 33 0 0 
142 518 307 30 8 6 3 10 0 17 468 311 204 11 3 10 0 10 244 321 213 215 12 9 
243 414 272 54 15 11 7 8 0 45 426 369 138 28 10 8 0 79 210 273 303 121 27 11 
53 346 350 212 58 5 0 0 45 562 348 57 7 4 1 0 166 585 195 54 19 4 1 0 
0 22 126 331 330 55 32 128 16 343 283 94 97 41 26 124 105 386 185 100 66 36 24 122 
0 0 0 95 324 144 67 394 0 0 0 109 363 104 83 365 0 0 1 227 288 66 87 355 
0 0 31 402 386 41 42 122 0 1 201 401 236 38 44 103 0 118 281 318 126 44 47 90 
0 4 288 601 128 3 0 0 0 96 551 366 11 0 0 0 0 577 430 17 0 0 0 0 
0 86 447 382 109 0 0 0 0 261 597 166 0 0 0 0 1 774 248 1 0 0 0 0 
0 29 136 548 266 13 9 23 0 57 391 499 36 11 10 20 0 72 525 371 18 9 8 21 
0 51 345 510 116 2 0 0 0 72 454 427 71 0 0 0 0 102 642 276 4 0 0 0 
29 76 484 397 36 2 0 0 15 170 582 240 17 0 0 0 13 406 539 64 2 0 0 0 
32 190 549 246 6 0 1 0 27 320 607 65 4 0 1 0 30 785 202 6 0 1 0 0 
39 304 577 88 9 4 1 2 37 452 492 30 6 5 0 2 39 844 120 10 5 4 0 2 
34 366 383 195 35 8 3 0 32 560 342 72 14 4 0 0 85 792 125 19 3 0 0 0 
44 566 371 43 0 0 0 0 36 803 170 15 0 0 0 0 57 908 59 0 0 0 0 0 
40 326 502 152 4 0 0 0 36 507 421 59 1 0 0 0 40 715 257 11 1 0 0 0 
38 156 665 161 2 2 0 0 37 268 689 28 1 1 0 0 42 714 261 5 2 0 0 0 
0 0 0 0 1 87 63 873 0 0 2 82 94 830 16 0 9 81 106 778 50 0 0 0 
34 75 19 118 161 519 89 9 46 73 61 684 129 26 5 0 178 194 413 206 11 22 0 0 
35 147 30 127 271 335 77 2 50 131 32 229 350 194 37 1 126 63 45 263 274 150 101 2 
2 75 29 27 98 381 412 0 2 84 27 32 128 423 328 0 3 85 32 65 78 205 554 2 
6 88 46 41 78 275 490 0 6 114 37 40 91 511 225 0 1 128 44 74 39 96 642 0 
0 13 59 122 190 108 529 3 0 22 169 159 123 97 454 0 1 136 188 134 23 26 439 77 
0 5 129 338 221 150 172 9 0 45 483 253 118 60 65 0 86 395 312 98 39 34 47 13 
0 0 32 226 382 136 168 80 0 9 470 242 169 116 18 0 34 522 255 70 100 43 0 0 
0 0 92 305 303 188 90 46 0 81 482 235 138 68 20 0 5 275 506 108 83 47 0 0 
0 2 49 184 640 138 11 0 0 51 669 215 75 14 0 0 0 141 727 103 50 3 0 0 
0 4 321 564 104 31 0 0 0 88 645 242 49 0 0 0 0 155 703 140 26 0 0 0 
0 32 157 353 419 59 2 2 0 277 357 261 119 7 2 1 0 172 569 251 24 6 2 0 
0 67 157 398 323 50 29 0 0 79 167 403 311 55 9 0 0 148 175 581 64 52 4 0 
0 75 143 228 4 41 533 0 0 62 166 218 2 181 395 0 0 72 193 183 7 195 374 0 
0 68 320 118 54 38 398 28 0 76 370 75 44 122 312 25 0 103 374 46 43 141 287 30 
0 189 365 247 95 55 38 35 0 177 429 214 100 39 28 37 5 206 431 202 89 40 22 29 
21 214 367 234 99 38 43 8 3 139 435 228 99 78 30 12 8 236 417 202 95 40 12 14 
10 75 215 235 106 163 216 4 0 115 220 206 152 251 80 0 4 253 273 291 149 45 9 0 
0 56 179 302 262 124 49 52 0 64 343 221 220 91 38 47 0 161 328 249 171 58 15 42 
0 2 32 38 153 280 220 299 0 0 53 53 264 284 158 212 0 1 40 97 320 227 131 208 
0 41 42 67 220 331 140 183 0 41 63 169 284 227 76 164 0 48 138 230 271 106 80 151 
1 64 34 376 250 299 0 0 0 79 175 421 263 86 0 0 11 237 372 164 240 0 0 0 
0 64 24 418 463 55 0 0 0 64 38 666 252 4 0 0 2 70 280 520 151 1 0 0 
2 47 87 175 343 115 249 6 0 37 50 393 214 219 104 7 0 52 198 368 112 251 37 6 
0 32 14 21 74 105 778 0 0 33 10 31 96 498 356 0 0 34 28 66 66 658 172 0 
0 17 33 323 238 171 242 0 0 12 182 277 218 253 82 0 0 39 284 168 211 287 35 0 
0 1 124 302 298 282 14 3 0 11 279 316 255 155 4 4 0 69 363 232 202 153 3 2 
0 6 209 335 183 188 97 6 0 24 314 259 186 192 48 1 0 151 369 187 117 168 32 0 
0 6 231 223 200 225 128 11 0 124 332 169 166 191 36 6 87 262 207 99 173 174 17 5 
0 0 218 337 266 191 11 1 97 431 295 42 81 78 0 0 323 382 148 15 90 66 0 0 
4 141 399 376 82 15 5 2 8 447 354 180 20 8 5 2 64 449 359 117 19 11 3 2 
5 386 252 199 157 24 1 0 5 489 271 152 106 0 1 0 4 475 335 172 37 0 1 0 
0 0 0 0 0 9 427 588 0 0 66 135 156 167 462 38 839 185 0 0 0 0 0 0 
0 0 0 0 14 26 34 950 0 0 2 17 63 122 283 537 92 45 27 21 36 32 74 697 
0 0 0 5 207 608 122 82 0 0 23 166 418 298 53 66 0 0 37 199 353 285 74 76 
0 0 0 0 110 271 643 0 0 0 0 118 106 281 519 0 0 0 105 90 19 143 665 2 
0 0 0 11 318 208 487 0 0 0 16 392 146 99 371 0 0 2 370 167 13 17 455 0 
0 0 0 0 142 270 601 11 0 0 4 266 169 147 438 0 0 1 220 203 32 22 394 152 
0 0 0 1 47 119 533 324 0 0 23 58 53 64 667 159 5 21 44 59 27 45 301 522 
0 0 8 48 133 236 354 245 0 0 50 90 159 252 356 117 0 50 106 93 173 191 216 195 
0 13 33 98 76 167 345 292 0 0 44 90 139 392 202 157 0 0 75 84 250 311 124 180 
11 50 144 141 149 153 218 158 0 2 106 256 216 248 168 28 0 92 132 244 220 169 131 36 
0 23 409 310 237 42 3 0 0 119 450 328 127 0 0 0 3 308 401 295 17 0 0 0 
0 29 123 391 216 150 113 2 0 97 237 305 161 165 58 1 0 56 335 307 147 112 66 1 
7 97 166 103 115 460 76 0 0 0 2 89 351 539 43 0 0 0 15 219 232 515 43 0 
0 7 235 219 221 252 90 0 0 0 106 245 191 407 75 0 0 0 24 234 147 265 354 0 
0 0 208 150 169 173 215 109 8 194 180 125 83 290 144 0 5 174 100 181 65 179 320 0 
0 18 94 23 59 149 569 112 1 77 96 47 99 314 389 1 2 89 93 43 101 352 343 1 
0 27 188 107 141 93 291 177 0 326 217 98 117 156 101 9 21 333 236 96 78 163 87 10 
0 7 247 253 328 118 66 5 0 142 247 355 215 47 18 0 0 177 254 365 187 41 0 0 
0 0 95 99 153 296 238 143 0 2 183 236 191 227 68 117 0 52 79 280 249 182 56 126 
0 0 0 28 45 100 433 418 0 0 14 80 71 210 365 284 0 0 23 60 90 183 347 321 
0 0 0 24 141 196 470 193 0 26 93 451 168 87 92 107 80 298 196 111 84 61 90 104 
0 29 83 39 318 128 336 91 12 141 223 542 90 8 7 1 363 385 236 23 2 12 3 0 
0 240 257 92 136 180 119 0 3 360 240 104 98 152 67 0 7 428 215 102 92 149 31 0 
0 0 110 133 185 398 136 62 0 0 78 181 284 361 60 60 0 10 173 122 276 337 51 55 
0 58 291 134 71 194 276 0 0 119 254 121 88 360 82 0 0 264 108 150 83 387 32 0 
0 12 128 209 109 467 97 2 0 78 180 123 205 408 29 1 0 92 218 78 226 401 8 1 
0 0 6 62 159 614 181 2 0 3 21 139 221 594 45 1 0 10 51 154 221 544 43 1 
0 0 0 49 212 397 355 11 0 6 70 127 213 499 109 0 0 14 73 157 203 452 125 0 
0 0 0 93 378 417 135 1 0 0 63 200 352 392 17 0 0 15 124 160 351 361 13 0 
0 0 28 154 135 669 38 0 0 20 128 82 301 489 4 0 2 42 134 89 340 414 3 0 
0 0 139 131 204 498 52 0 0 75 158 130 255 394 12 0 0 60 160 127 293 372 12 0 
0 65 215 166 156 272 150 0 108 300 156 74 215 171 0 0 164 283 114 75 238 149 1 0 
0 0 0 0 0 20 562 442 0 2 87 172 214 129 420 0 966 57 1 0 0 0 0 0 
0 0 0 0 0 5 72 947 0 0 7 20 33 121 550 293 130 63 31 29 15 12 84 660 
0 0 0 0 77 587 213 147 0 0 11 146 582 111 59 115 0 0 46 261 495 44 38 140 
0 0 0 1 52 256 539 176 0 0 0 103 558 362 1 0 0 0 93 596 279 36 20 0 
0 0 0 20 174 378 367 85 0 0 52 315 450 186 18 3 0 39 356 447 151 10 6 15 
0 0 0 0 198 151 299 376 0 0 13 256 116 82 372 185 0 3 269 97 68 30 124 433 
0 0 1 99 93 109 634 88 0 0 6 188 83 151 556 40 0 0 47 131 95 34 530 187 
0 0 50 166 141 54 408 205 0 0 88 155 118 81 430 152 0 11 87 163 95 36 332 300 
4 128 356 373 125 32 6 0 0 48 574 177 147 73 5 0 3 373 238 202 86 34 33 55 
19 139 344 461 60 1 0 0 0 82 603 254 74 11 0 0 1 281 508 135 35 12 4 48 
0 116 510 282 89 26 1 0 0 431 361 164 62 5 1 0 32 569 321 75 26 1 0 0 
0 0 21 679 161 73 85 5 0 2 406 391 106 108 11 0 43 297 442 143 60 34 5 0 
0 4 8 23 266 483 228 12 0 0 15 59 422 400 124 4 1 29 93 180 442 209 69 1 
0 63 147 106 50 506 152 0 0 0 114 172 93 605 40 0 0 0 0 136 230 616 42 0 
1 65 96 128 264 406 31 33 0 51 133 191 342 306 1 0 0 49 37 200 501 237 0 0 
0 0 0 3 133 244 562 82 0 21 13 130 162 398 289 11 0 45 101 114 301 291 168 4 
0 29 95 237 182 217 185 79 0 205 211 232 225 85 66 0 5 292 316 217 69 97 28 0 
0 17 83 159 213 210 207 135 0 128 359 195 113 221 8 0 0 174 335 237 193 85 0 0 
0 0 0 0 30 355 312 327 0 0 3 69 255 290 142 265 0 0 13 144 258 210 114 285 
0 0 102 131 123 345 288 35 0 8 193 182 141 434 45 21 17 213 109 127 266 234 41 17 
0 0 129 152 174 389 176 4 0 15 346 315 84 252 11 1 89 338 160 139 244 41 13 0 
0 8 55 365 252 213 128 3 3 30 281 552 101 54 3 0 78 204 397 248 93 4 0 0 
0 19 78 377 209 238 102 1 0 81 211 326 120 232 54 0 0 98 454 120 187 149 16 0 
0 0 17 226 417 316 48 0 0 5 51 433 263 270 2 0 0 10 158 421 196 236 3 0 
0 6 41 366 174 343 91 3 0 16 126 373 137 361 10 1 1 65 333 173 247 199 5 1 
0 0 16 366 182 393 66 1 0 0 131 328 202 357 6 0 2 142 302 111 252 209 6 0 
0 1 40 166 363 404 50 0 0 4 72 225 369 347 7 0 0 18 116 229 538 116 7 0 
0 0 0 31 756 200 35 2 0 0 1 314 638 58 11 2 0 0 7 584 372 49 11 1 
0 0 3 107 687 221 5 1 0 1 63 369 516 73 1 1 0 3 83 564 339 34 0 1 
0 0 13 289 403 315 4 0 0 0 42 519 249 213 1 0 0 0 124 474 356 69 1 0 
0 0 17 298 578 126 5 0 0 10 43 680 255 34 2 0 0 10 83 696 196 37 2 0 
0 0 247 310 167 258 42 0 18 121 416 103 329 36 1 0 48 300 266 131 241 37 1 0 
0 0 0 0 0 12 568 444 0 0 45 110 123 157 589 0 950 74 0 0 0 0 0 0 
0 0 0 0 0 5 67 952 0 0 6 12 52 161 519 274 204 66 31 24 8 22 86 583 
0 0 3 31 67 353 329 241 0 0 23 72 323 314 120 172 0 0 24 82 328 266 105 219 
0 0 0 37 184 112 394 297 0 0 15 138 319 163 235 154 0 0 6 276 275 66 113 288 
0 0 0 30 140 75 264 515 0 0 0 77 194 131 442 180 0 0 2 112 200 72 118 520 
0 0 1 166 261 108 294 194 0 0 1 179 275 138 367 64 0 0 1 138 236 123 190 336 
0 10 210 449 209 33 109 4 0 0 244 503 132 37 107 1 0 165 200 393 119 31 91 25 
0 48 293 512 171 0 0 0 0 0 693 206 125 0 0 0 0 680 118 129 97 0 0 0 
0 5 549 424 46 0 0 0 0 3 860 160 1 0 0 0 4 800 214 5 1 0 0 0 
0 22 449 431 122 0 0 0 0 39 647 338 0 0 0 0 120 741 157 6 0 0 0 0 
0 16 705 141 145 16 1 0 0 616 194 141 70 2 1 0 85 706 103 125 4 1 0 0 
0 0 138 367 187 216 109 7 0 10 424 192 232 151 15 0 53 479 269 157 44 21 1 0 
0 5 73 287 251 217 180 11 0 9 180 360 222 228 25 0 41 268 383 215 97 20 0 0 
0 0 8 122 379 377 138 0 0 0 23 228 392 364 17 0 0 0 84 355 221 356 8 0 
0 0 52 270 400 246 51 5 0 5 212 299 330 169 8 1 0 64 334 316 196 113 1 0 
0 0 16 223 396 263 117 9 0 27 70 443 301 161 15 7 39 55 372 326 194 29 5 4 
0 0 7 281 314 224 194 4 10 93 278 450 120 52 19 2 394 97 221 200 70 33 8 1 
0 0 1 152 602 153 109 7 0 129 430 360 74 28 3 0 161 113 558 132 46 14 0 0 
0 0 0 37 218 447 320 2 0 0 35 360 532 93 3 1 523 225 154 68 37 8 8 1 
0 0 1 116 303 215 273 116 0 0 49 319 186 203 189 78 35 110 221 147 129 211 122 49 
0 79 130 241 202 122 143 107 0 164 174 308 92 110 107 69 0 284 281 147 78 116 92 26 
0 44 369 544 60 6 0 1 0 163 491 347 16 6 0 1 0 162 624 216 16 5 0 1 
0 16 268 489 212 31 6 2 0 68 471 396 76 8 3 2 0 180 592 209 30 5 6 2 
0 0 134 726 113 20 10 21 0 2 466 446 66 15 11 18 0 109 550 256 66 13 9 21 
0 0 229 714 65 11 3 2 0 37 668 274 34 6 5 0 0 337 554 99 27 3 4 0 
1 18 275 453 119 148 10 0 4 66 589 122 115 127 1 0 8 479 237 83 146 71 0 0 
0 1 381 340 178 117 7 0 0 203 341 224 142 110 4 0 10 280 318 173 136 103 4 0 
0 68 304 343 262 39 6 2 0 228 234 377 154 25 5 1 0 281 309 348 69 14 3 0 
0 0 127 542 323 24 3 5 0 87 353 464 106 8 2 4 0 205 372 400 34 7 2 4 
0 5 363 527 118 9 2 0 0 273 391 329 28 1 2 0 0 411 372 223 15 1 2 0 
0 139 435 407 41 2 0 0 0 206 582 227 9 0 0 0 1 466 442 108 7 0 0 0 
0 2 692 289 30 4 3 4 0 314 603 84 14 2 5 2 90 642 231 47 6 2 5 1 
0 0 18 132 272 18 218 366 0 3 212 349 132 105 223 0 1006 18 0 0 0 0 0 0 
0 0 1 80 313 12 75 543 0 6 84 190 185 82 151 326 299 54 32 69 177 26 34 333 
16 188 144 226 175 99 89 87 110 126 289 131 145 71 73 79 118 191 223 111 160 75 65 81 
4 294 93 294 166 61 112 0 183 164 299 140 100 54 84 0 253 282 184 67 107 95 36 0 
0 250 93 189 294 59 137 2 2 281 149 254 183 24 131 0 27 269 302 89 179 32 126 0 
89 261 65 196 255 79 79 0 1 331 70 230 240 41 111 0 120 239 77 311 135 79 63 0 
239 323 186 121 35 84 36 0 14 323 194 290 73 27 103 0 238 405 119 122 17 88 35 0 
248 366 209 56 18 106 21 0 99 228 471 74 17 47 88 0 295 514 52 20 21 121 1 0 
4 21 391 585 23 0 0 0 10 4 781 209 20 0 0 0 12 668 341 3 0 0 0 0 
0 0 329 247 434 14 0 0 0 180 314 505 25 0 0 0 175 471 359 15 4 0 0 0 
0 12 831 115 33 30 3 0 2 956 64 2 0 0 0 0 184 828 11 1 0 0 0 0 
0 0 97 322 186 78 270 71 3 398 151 141 148 181 1 1 75 429 193 189 133 4 1 0 
0 0 1 71 186 306 433 27 0 0 11 259 395 345 13 1 0 84 358 263 296 22 1 0 
0 0 0 5 46 369 537 67 0 0 4 117 459 365 56 23 0 2 152 465 254 102 36 13 
0 0 9 126 299 88 463 39 0 0 59 343 156 381 77 8 0 2 149 370 221 258 22 2 
0 0 15 28 212 497 216 56 0 0 46 155 358 372 69 24 0 9 142 416 282 135 22 18 
0 0 0 0 32 379 585 28 0 0 0 46 380 548 43 7 0 0 55 446 456 52 12 3 
0 0 17 232 282 191 243 59 0 0 93 405 181 263 50 32 0 9 373 338 170 78 23 33 
0 0 0 93 441 426 64 0 0 0 6 384 400 230 4 0 5 10 198 639 160 10 2 0 
0 0 0 42 56 647 277 2 0 0 8 73 399 526 18 0 0 0 119 450 397 58 0 0 
0 211 186 31 38 453 97 8 0 343 79 34 237 308 15 8 4 396 89 331 185 8 6 5 
0 317 429 102 129 39 5 3 0 560 224 107 120 7 3 3 9 563 281 136 24 4 4 3 
0 183 698 134 6 3 0 0 1 667 344 10 2 0 0 0 37 920 62 5 0 0 0 0 
0 30 463 382 108 24 13 4 0 246 552 153 41 22 6 4 4 571 310 87 25 19 5 3 
0 125 598 287 12 1 1 0 5 472 500 43 3 1 0 0 92 809 112 9 2 0 0 0 
0 27 458 400 115 19 5 0 0 233 595 160 26 8 2 0 14 699 236 51 17 6 1 0 
0 63 455 466 30 9 1 0 0 300 645 60 13 5 1 0 86 697 205 26 6 4 0 0 
0 99 540 325 58 0 1 1 0 352 470 185 15 1 0 1 22 465 420 114 1 1 0 1 
0 16 733 256 10 8 1 0 0 248 687 75 9 5 0 0 5 448 523 39 6 3 0 0 
0 169 793 42 12 2 3 3 0 687 303 21 6 1 5 1 14 862 124 11 6 1 5 1 
0 87 715 197 24 1 0 0 0 589 353 75 7 0 0 0 10 770 204 38 2 0 0 0 
0 7 476 367 167 7 0 0 0 229 485 301 9 0 0 0 5 493 449 75 2 0 0 0 
