108 409 88 87 106 153 71 2 119 369 79 116 154 156 29 2 418 90 96 92 128 169 30 1 
14 425 94 72 121 165 118 15 32 415 88 83 138 156 104 8 275 202 80 45 80 192 131 19 
103 308 136 23 53 121 217 63 108 366 90 60 116 118 139 27 232 291 38 46 110 142 127 38 
10 131 370 72 48 109 189 95 27 264 254 58 82 148 165 26 96 368 108 43 74 111 182 42 
20 272 295 119 55 75 129 59 12 425 168 115 110 84 90 20 197 335 89 69 99 120 97 18 
0 260 246 114 39 112 178 75 2 384 149 139 120 111 105 14 156 308 124 67 123 161 82 3 
10 282 130 101 128 176 140 57 2 313 108 101 182 194 114 10 93 263 91 80 192 186 98 21 
8 400 206 60 111 155 80 4 12 430 173 67 140 136 66 0 83 442 80 67 140 149 55 8 
105 545 112 28 52 117 55 10 36 636 133 72 69 59 19 0 187 581 57 66 60 69 4 0 
132 602 64 74 82 66 4 0 87 640 56 62 90 80 9 0 324 400 39 69 84 89 19 0 
184 408 182 93 65 83 9 0 215 321 163 123 93 105 4 0 373 158 176 112 112 89 4 0 
42 312 162 133 106 125 93 51 160 286 154 107 104 146 63 4 327 144 144 92 90 141 65 21 
887 42 42 43 9 1 0 0 912 45 23 14 21 9 0 0 924 39 20 11 3 3 20 4 
300 152 261 112 67 34 64 34 333 245 246 81 45 28 37 9 445 270 164 36 46 29 31 3 
2 152 373 103 62 102 153 77 9 292 290 100 116 103 96 18 121 362 126 90 123 100 90 12 
1 79 600 106 43 71 84 40 0 173 590 66 48 48 75 24 51 641 105 48 48 54 72 5 
0 23 667 77 43 53 105 56 3 81 660 25 52 54 107 42 40 656 62 32 50 62 109 13 
2 101 530 43 91 107 127 23 0 284 357 44 103 108 107 21 100 523 59 61 95 91 95 0 
21 385 242 74 132 118 51 1 19 444 186 89 134 89 63 0 163 434 77 88 126 93 41 2 
52 451 108 112 127 144 27 3 42 449 110 101 110 133 75 4 234 235 103 101 118 127 75 31 
572 163 100 86 67 34 2 0 512 195 111 110 59 37 0 0 652 51 68 98 107 46 2 0 
82 182 70 82 93 146 358 11 95 213 103 72 53 126 329 33 230 99 90 63 58 108 232 144 
54 26 76 218 285 57 292 16 77 63 289 227 33 38 269 28 94 150 368 54 23 48 132 155 
11 234 349 109 113 105 82 21 46 404 250 103 68 71 72 10 168 448 118 99 47 82 53 9 
3 345 324 58 85 81 96 32 30 479 129 45 67 108 124 42 289 321 35 53 72 112 110 32 
4 249 355 81 74 87 118 56 16 310 307 43 60 84 129 75 250 339 62 38 54 67 142 72 
10 182 567 85 52 43 66 19 54 299 467 48 42 47 53 14 213 561 77 24 46 52 41 10 
0 431 331 32 73 73 62 22 10 575 181 30 66 84 61 17 280 463 48 51 65 51 56 10 
2 187 109 136 199 157 212 22 32 254 188 163 190 159 38 0 210 222 130 125 193 123 21 0 
78 338 131 173 162 107 31 4 32 388 167 157 137 103 39 1 301 216 145 99 119 113 30 1 
475 126 120 126 123 52 2 0 419 122 114 154 147 65 3 0 448 104 112 113 172 64 10 1 
2 7 2 48 242 555 153 15 1 7 3 46 234 552 160 21 6 3 1 41 187 556 189 41 
1 2 11 62 132 434 354 28 1 3 11 57 128 425 362 37 1 5 9 48 98 382 350 131 
76 227 180 57 108 254 117 5 62 296 204 27 77 233 123 2 249 258 62 22 83 205 130 15 
123 401 146 66 75 73 85 55 125 514 133 50 72 52 71 7 490 259 54 73 60 37 51 0 
57 380 151 42 95 91 133 75 60 474 138 57 88 73 103 31 421 231 49 77 73 82 67 24 
163 129 143 149 158 154 106 22 145 259 177 183 111 74 63 12 193 295 192 157 91 65 24 7 
42 393 105 62 112 113 130 67 72 442 123 106 121 79 63 18 335 248 89 118 106 67 58 3 
63 205 256 203 139 103 44 11 60 255 129 158 199 185 36 2 180 195 119 170 189 134 37 0 
71 236 132 384 96 37 62 6 45 239 50 38 76 225 349 2 203 99 38 44 86 295 259 0 
248 122 147 231 203 72 1 0 251 122 160 214 198 78 1 0 406 138 94 104 176 104 2 0 
0 0 10 295 472 227 20 0 0 0 8 298 473 230 15 0 0 0 5 249 485 239 46 0 
0 4 16 113 271 248 367 5 0 4 16 112 264 238 379 11 0 3 16 103 246 253 295 108 
71 79 35 33 74 278 384 70 30 66 23 59 108 268 388 82 56 36 24 34 73 240 347 214 
134 204 150 125 112 115 136 48 82 211 111 130 218 143 93 36 161 148 90 125 143 159 129 69 
111 185 134 98 142 183 152 19 98 184 131 183 207 144 74 3 176 149 130 168 184 139 63 15 
469 50 59 64 88 120 136 38 421 103 78 79 93 142 96 12 255 256 113 98 155 103 37 7 
194 157 125 129 152 189 70 8 226 167 145 159 148 122 55 2 258 193 131 160 94 104 72 12 
112 228 136 59 94 378 17 0 77 174 86 263 388 18 18 0 136 167 78 414 195 22 11 1 
108 315 203 62 70 202 64 0 1 15 76 344 441 136 11 0 2 25 116 354 414 107 6 0 
288 68 59 244 254 105 6 0 252 78 68 234 265 110 17 0 299 61 54 144 297 124 45 0 
0 1 36 80 265 356 286 0 0 0 31 78 220 325 369 1 0 0 15 65 176 306 431 31 
7 22 79 137 123 246 404 6 7 20 78 137 116 149 500 17 7 20 83 107 128 94 516 69 
13 44 183 452 154 121 54 3 15 44 187 459 137 128 49 5 24 44 280 395 89 124 61 7 
123 133 164 225 207 87 81 4 125 136 190 212 188 87 80 6 154 152 179 219 143 89 67 21 
380 131 195 158 111 46 3 0 329 233 213 121 93 31 4 0 378 287 166 111 64 17 1 0 
281 101 131 125 184 178 24 0 313 132 143 156 162 111 7 0 282 228 165 170 138 40 1 0 
286 143 169 166 142 98 19 1 271 156 214 233 83 55 12 0 302 175 256 134 92 50 12 3 
110 93 114 127 361 209 10 0 71 189 209 480 51 23 1 0 120 193 324 356 16 14 1 0 
238 373 277 85 37 14 0 0 3 48 180 302 286 185 20 0 7 66 240 302 257 146 6 0 
363 180 219 166 95 1 0 0 374 143 168 207 128 4 0 0 423 108 150 188 140 15 0 0 
402 20 121 89 48 271 73 0 386 30 96 104 57 187 163 1 403 16 74 110 56 109 253 3 
407 389 106 30 41 35 16 0 373 414 115 20 45 33 24 0 471 363 67 14 49 33 27 0 
46 517 354 103 4 0 0 0 40 504 370 106 4 0 0 0 91 578 284 70 1 0 0 0 
253 408 191 137 35 0 0 0 293 414 184 101 32 0 0 0 435 384 116 66 23 0 0 0 
580 233 75 80 54 2 0 0 411 213 236 99 64 1 0 0 412 189 168 185 70 0 0 0 
131 143 319 322 100 9 0 0 123 142 308 352 97 2 0 0 139 202 380 256 47 0 0 0 
222 248 133 111 136 148 26 0 73 326 247 212 155 11 0 0 49 181 398 260 117 19 0 0 
456 351 63 48 65 36 5 0 110 431 359 43 41 39 1 0 99 178 411 260 38 36 2 0 
575 292 141 16 0 0 0 0 159 350 158 128 167 61 1 0 25 338 284 171 166 40 0 0 
