0 2 119 122 329 225 214 13 0 30 174 250 219 214 137 0 108 233 132 158 202 179 12 0 
0 1 183 154 130 141 242 173 0 47 233 108 94 139 352 51 337 294 144 38 60 79 62 10 
0 0 257 449 310 8 0 0 0 0 669 104 251 0 0 0 0 697 319 8 0 0 0 0 
0 0 3 679 294 48 0 0 0 0 548 185 291 0 0 0 0 635 340 49 0 0 0 0 
0 0 51 656 293 24 0 0 0 0 478 274 272 0 0 0 2 634 358 30 0 0 0 0 
17 0 457 520 14 16 0 0 17 0 783 197 19 8 0 0 138 803 64 19 0 0 0 0 
134 56 90 283 138 313 10 0 154 97 119 323 174 157 0 0 228 228 323 239 6 0 0 0 
6 45 76 212 276 407 2 0 0 13 64 277 320 349 1 0 26 99 576 273 49 1 0 0 
15 14 120 499 260 111 5 0 2 12 173 528 266 43 0 0 29 402 405 177 11 0 0 0 
17 92 252 611 52 0 0 0 1 51 341 613 18 0 0 0 34 760 222 8 0 0 0 0 
0 0 3 36 65 93 562 265 0 0 37 54 46 96 751 40 11 54 32 31 62 467 367 0 
0 0 2 37 20 59 242 664 0 2 6 41 21 98 475 381 1 9 33 20 61 198 611 91 
0 4 121 258 263 135 170 73 0 56 263 213 164 185 43 100 86 322 198 92 181 34 18 93 
7 36 147 225 215 174 193 27 18 58 184 218 214 138 141 53 119 203 277 159 158 50 14 44 
20 131 168 227 212 101 142 23 28 169 224 263 146 61 109 24 79 234 331 175 91 77 14 23 
27 120 293 235 138 110 101 0 32 197 400 174 77 131 13 0 198 401 221 89 115 0 0 0 
13 51 118 214 267 198 163 0 13 56 145 236 261 171 142 0 92 188 351 261 132 0 0 0 
4 16 65 108 309 429 92 1 1 25 94 179 375 288 61 1 45 151 358 374 90 4 2 0 
41 97 167 172 291 244 12 0 9 136 161 243 316 159 0 0 94 262 403 252 13 0 0 0 
75 144 143 534 119 9 0 0 42 153 159 549 117 4 0 0 150 598 249 26 1 0 0 0 
0 0 11 64 164 209 339 237 0 4 33 84 199 213 326 165 1 27 105 189 156 196 237 113 
0 3 13 29 219 130 242 388 0 4 12 38 232 133 255 350 4 11 50 235 196 191 166 171 
0 24 126 124 75 82 309 284 0 6 109 89 44 114 266 396 66 125 107 100 153 167 107 199 
0 0 255 125 61 136 244 203 0 0 158 179 63 135 229 260 88 237 91 171 164 88 59 126 
5 42 49 99 487 79 171 92 21 42 67 194 403 60 138 99 50 93 511 102 42 125 36 65 
0 34 161 393 420 16 0 0 8 91 342 515 68 0 0 0 86 419 497 22 0 0 0 0 
0 1 21 39 49 70 844 0 0 1 34 28 50 102 809 0 13 43 56 98 813 1 0 0 
24 12 71 176 278 262 191 10 28 4 2 29 282 463 207 9 32 1 106 403 432 50 0 0 
0 3 41 123 166 689 2 0 0 0 12 47 237 728 0 0 5 27 351 614 27 0 0 0 
0 0 0 313 559 152 0 0 0 0 0 389 498 137 0 0 0 52 904 68 0 0 0 0 
0 0 59 304 227 180 180 74 0 0 34 292 252 213 192 41 25 150 154 153 277 214 50 1 
24 39 106 255 255 106 130 109 19 32 70 172 354 148 144 85 61 128 238 245 150 146 56 0 
11 7 55 146 201 160 244 200 9 9 25 112 209 197 262 201 31 113 212 163 168 205 97 35 
0 6 274 260 110 112 138 124 0 0 189 332 99 128 140 136 84 223 286 99 109 113 21 89 
147 74 54 237 221 41 133 117 11 146 126 304 149 44 125 119 26 267 383 53 56 120 11 108 
0 55 372 515 82 0 0 0 2 221 367 434 0 0 0 0 245 515 264 0 0 0 0 0 
29 8 52 35 147 512 238 3 35 23 48 47 196 446 229 0 91 28 110 423 324 48 0 0 
109 60 140 45 32 521 113 4 196 144 29 22 32 518 83 0 345 33 21 469 83 70 3 0 
58 51 76 78 96 645 15 5 78 71 99 71 82 623 0 0 134 121 162 581 26 0 0 0 
12 49 50 572 231 110 0 0 11 44 71 572 221 105 0 0 40 388 520 76 0 0 0 0 
14 58 242 396 304 9 1 0 5 66 145 543 252 11 2 0 219 332 347 77 28 21 0 0 
63 130 423 341 46 12 9 0 5 43 184 547 225 20 0 0 256 407 209 88 39 24 1 0 
164 193 133 363 89 82 0 0 144 188 65 288 235 101 3 0 352 184 298 72 113 5 0 0 
521 111 15 239 23 115 0 0 523 108 16 235 27 115 0 0 625 18 239 25 115 2 0 0 
145 149 131 423 72 104 0 0 106 156 293 309 57 103 0 0 217 276 356 63 112 0 0 0 
68 176 291 481 8 0 0 0 101 312 560 49 2 0 0 0 384 618 15 7 0 0 0 0 
0 1 74 77 317 553 2 0 0 26 63 90 272 572 1 0 48 45 96 115 414 306 0 0 
157 29 59 97 211 369 102 0 150 30 42 126 201 338 137 0 161 34 105 242 172 310 0 0 
24 160 95 180 398 123 42 2 113 90 104 271 294 103 49 0 168 150 239 331 72 62 2 0 
9 57 140 672 118 24 4 0 1 36 204 638 116 25 4 0 29 626 258 83 20 8 0 0 
36 151 245 315 240 34 3 0 16 141 261 371 215 20 0 0 42 262 460 217 30 13 0 0 
47 347 564 61 5 0 0 0 21 104 506 358 34 1 0 0 637 362 21 3 1 0 0 0 
351 181 220 186 76 10 0 0 347 165 132 230 121 29 0 0 412 170 203 141 96 2 0 0 
963 38 12 6 2 3 0 0 982 19 9 10 3 1 0 0 1004 9 5 6 0 0 0 0 
437 129 293 120 45 0 0 0 472 112 357 46 37 0 0 0 559 372 34 58 1 0 0 0 
297 350 270 83 24 0 0 0 482 297 192 34 19 0 0 0 632 320 42 30 0 0 0 0 
30 86 432 50 351 75 0 0 70 88 400 59 345 62 0 0 430 118 29 259 188 0 0 0 
543 344 83 38 16 0 0 0 566 340 38 60 19 1 0 0 832 105 59 13 15 0 0 0 
111 660 104 58 77 14 0 0 90 707 65 107 44 11 0 0 767 89 53 92 23 0 0 0 
179 754 27 35 29 0 0 0 301 641 22 39 21 0 0 0 939 35 22 28 0 0 0 0 
246 185 355 134 104 0 0 0 285 161 345 100 133 0 0 0 373 360 137 154 0 0 0 0 
250 494 202 70 8 0 0 0 283 291 315 94 36 5 0 0 738 252 31 2 1 0 0 0 
628 253 98 21 22 2 0 0 427 372 156 45 17 7 0 0 466 208 234 99 17 0 0 0 
508 331 114 31 28 12 0 0 529 272 139 51 30 2 1 0 593 199 132 80 18 2 0 0 
534 295 90 4 6 4 7 84 584 266 68 5 6 4 7 84 690 214 15 5 5 6 6 83 
506 230 30 6 6 6 6 234 516 218 32 6 5 7 6 234 619 138 11 6 4 6 8 232 
74 395 152 10 12 15 45 321 94 471 56 9 11 9 28 346 491 116 15 10 9 15 27 341 
83 334 20 18 28 59 97 385 80 341 24 18 33 63 86 379 347 115 42 24 31 61 70 334 
96 154 8 12 27 99 193 435 98 157 48 72 83 77 127 362 205 134 83 49 62 69 108 314 
40 58 44 114 145 153 168 302 25 104 133 127 89 162 98 286 221 186 94 79 67 61 82 234 
