17 825 37 33 112 0 0 0 144 730 42 108 0 0 0 0 869 65 90 0 0 0 0 0 
0 768 37 36 176 7 0 0 123 675 41 167 12 6 0 0 766 116 122 5 11 4 0 0 
0 673 66 52 217 16 0 0 83 624 55 226 22 14 0 0 586 174 208 23 26 7 0 0 
0 654 71 75 220 4 0 0 37 664 73 234 16 0 0 0 498 276 224 18 8 0 0 0 
0 643 101 64 182 34 0 0 21 699 90 182 32 0 0 0 468 326 208 22 0 0 0 0 
0 646 102 36 217 23 0 0 36 701 43 216 28 0 0 0 583 197 243 1 0 0 0 0 
0 624 107 61 208 24 0 0 18 693 72 230 11 0 0 0 468 308 248 0 0 0 0 0 
0 574 95 105 217 33 0 0 5 653 110 218 38 0 0 0 442 312 266 4 0 0 0 0 
0 532 143 74 230 45 0 0 4 654 68 267 31 0 0 0 445 276 288 15 0 0 0 0 
0 505 144 72 275 28 0 0 53 584 84 265 38 0 0 0 548 174 248 54 0 0 0 0 
0 476 127 109 276 36 0 0 81 531 96 279 37 0 0 0 563 141 256 64 0 0 0 0 
0 440 110 138 305 31 0 0 61 493 124 283 63 0 0 0 520 141 265 98 0 0 0 0 
0 406 133 100 352 33 0 0 95 439 98 331 61 0 0 0 494 128 268 134 0 0 0 0 
0 384 118 100 390 32 0 0 129 365 105 351 74 0 0 0 486 113 261 164 0 0 0 0 
0 350 109 122 416 27 0 0 86 363 114 314 147 0 0 0 429 150 241 204 0 0 0 0 
0 316 103 109 445 51 0 0 105 300 116 285 218 0 0 0 409 112 263 240 0 0 0 0 
0 295 37 91 492 109 0 0 92 229 83 172 441 7 0 0 318 85 254 360 7 0 0 0 
0 259 37 28 525 175 0 0 33 260 27 137 469 98 0 0 292 29 182 398 123 0 0 0 
0 213 59 27 548 177 0 0 43 223 22 200 409 127 0 0 270 45 181 317 211 0 0 0 
0 189 51 28 546 210 0 0 61 179 26 189 386 183 0 0 234 73 158 245 314 0 0 0 
0 153 52 31 521 267 0 0 20 198 18 176 380 232 0 0 206 53 177 255 333 0 0 0 
0 132 52 32 468 340 0 0 8 172 36 176 334 298 0 0 196 28 192 223 377 8 0 0 
0 100 60 27 481 356 0 0 0 156 30 163 367 308 0 0 160 43 181 234 398 8 0 0 
0 86 42 32 516 348 0 0 0 127 33 170 407 287 0 0 126 37 197 286 374 4 0 0 
0 69 47 24 596 288 0 0 7 91 35 185 437 269 0 0 100 40 190 335 359 0 0 0 
0 51 41 36 682 214 0 0 31 58 35 175 524 201 0 0 75 50 195 450 254 0 0 0 
0 37 27 39 736 185 0 0 26 38 32 202 566 160 0 0 64 43 192 513 212 0 0 0 
0 18 31 32 788 155 0 0 2 40 62 212 563 145 0 0 47 91 150 558 178 0 0 0 
0 0 32 32 859 101 0 0 0 18 37 403 475 91 0 0 29 35 175 692 93 0 0 0 
0 0 0 39 644 120 73 148 0 0 26 325 375 71 68 159 0 35 196 485 61 35 63 149 
0 0 0 40 546 61 64 313 0 0 5 234 354 51 53 327 0 36 229 273 75 39 63 309 
0 0 0 152 801 29 18 24 0 0 55 340 558 28 18 25 0 140 212 527 82 22 16 25 
0 0 0 198 826 0 0 0 0 0 81 352 591 0 0 0 0 130 206 688 0 0 0 0 
0 0 0 206 818 0 0 0 0 0 115 337 572 0 0 0 0 143 180 701 0 0 0 0 
0 0 0 202 822 0 0 0 0 0 120 292 612 0 0 0 0 152 128 744 0 0 0 0 
0 0 0 345 679 0 0 0 0 0 116 375 533 0 0 0 0 145 110 769 0 0 0 0 
0 0 0 432 592 0 0 0 0 0 135 482 407 0 0 0 0 141 151 732 0 0 0 0 
0 0 0 495 529 0 0 0 0 0 124 519 381 0 0 0 0 126 215 683 0 0 0 0 
29 706 60 40 61 128 0 0 310 714 0 0 0 0 0 0 1019 5 0 0 0 0 0 0 
4 594 48 24 72 282 0 0 97 551 43 17 42 274 0 0 605 63 32 27 34 263 0 0 
0 0 129 65 93 737 0 0 0 0 14 157 58 795 0 0 0 0 0 137 77 803 7 0 
0 0 252 104 130 538 0 0 0 0 25 269 118 612 0 0 0 0 0 195 192 594 43 0 
0 0 259 131 136 490 8 0 0 0 22 295 125 573 9 0 0 0 13 225 199 551 36 0 
0 5 270 86 86 572 5 0 0 6 26 302 77 604 9 0 0 14 19 83 278 596 34 0 
0 29 167 50 46 732 0 0 0 36 29 170 42 738 9 0 0 48 22 61 150 724 19 0 
0 55 47 65 87 770 0 0 0 74 27 52 74 792 5 0 0 75 26 48 68 786 21 0 
0 63 65 24 34 838 0 0 0 103 31 18 24 842 6 0 2 112 28 17 35 830 0 0 
0 110 50 24 31 809 0 0 0 140 20 23 22 806 13 0 8 136 16 30 22 812 0 0 
0 146 42 45 42 748 1 0 0 164 28 43 38 749 2 0 28 147 19 41 40 742 7 0 
0 180 32 21 25 766 0 0 4 188 25 22 19 766 0 0 114 80 29 22 24 755 0 0 
0 184 44 40 33 723 0 0 9 193 39 29 31 723 0 0 123 89 42 24 33 713 0 0 
0 238 50 12 21 701 2 0 48 210 30 16 18 696 6 0 181 82 25 21 16 699 0 0 
0 284 25 19 27 669 0 0 26 262 24 20 23 666 3 0 224 72 24 16 27 661 0 0 
0 299 35 21 41 627 1 0 45 275 24 13 34 621 12 0 252 70 29 14 36 623 0 0 
0 324 38 24 27 611 0 0 51 289 24 21 28 610 1 0 285 66 19 22 24 608 0 0 
0 364 36 22 22 579 1 0 1 371 28 22 18 571 13 0 323 60 22 27 26 566 0 0 
0 390 41 17 26 550 0 0 13 393 26 18 26 548 0 0 329 85 25 23 22 540 0 0 
0 408 40 32 19 523 2 0 0 433 18 29 25 497 22 0 357 89 17 21 28 510 2 0 
0 403 79 27 38 477 0 0 0 461 32 19 31 470 11 0 332 134 30 31 31 466 0 0 
0 382 129 35 30 448 0 0 0 477 39 28 20 447 13 0 353 141 32 26 28 444 0 0 
0 215 329 32 25 423 0 0 0 497 47 31 20 421 8 0 371 148 39 19 34 413 0 0 
0 296 278 26 20 404 0 0 0 538 38 22 22 401 3 0 423 134 24 27 26 390 0 0 
0 495 101 30 26 372 0 0 2 574 32 20 31 357 8 0 502 84 29 22 31 354 2 0 
0 607 31 29 32 325 0 0 291 328 25 24 28 325 3 0 577 48 23 23 32 321 0 0 
22 697 37 31 58 179 0 0 645 82 30 29 32 206 0 0 703 36 21 35 39 190 0 0 
42 802 30 19 94 37 0 0 777 85 16 25 89 32 0 0 841 36 17 86 44 0 0 0 
0 811 56 27 98 32 0 0 568 282 25 26 83 40 0 0 836 37 24 79 48 0 0 0 
0 814 89 37 30 54 0 0 320 559 38 31 63 13 0 0 854 61 28 37 44 0 0 0 
1 774 129 67 42 11 0 0 127 714 100 49 30 4 0 0 798 137 49 31 9 0 0 0 
0 870 76 45 33 0 0 0 154 772 46 52 0 0 0 0 926 56 42 0 0 0 0 0 
16 856 56 34 62 0 0 0 136 776 47 65 0 0 0 0 927 50 47 0 0 0 0 0 
4 695 86 68 119 52 0 0 174 569 78 108 33 62 0 0 717 98 97 29 34 49 0 0 
1 665 96 57 141 64 0 0 237 468 72 135 42 70 0 0 690 114 92 32 43 53 0 0 
0 664 69 75 162 54 0 0 378 321 67 162 32 64 0 0 664 135 97 32 55 41 0 0 
43 700 63 67 147 4 0 0 616 164 80 141 12 11 0 0 772 173 54 12 12 1 0 0 
99 482 54 125 257 7 0 0 513 109 107 117 120 58 0 0 594 225 26 45 134 0 0 0 
0 0 0 2 204 733 80 5 135 458 151 106 136 38 0 0 452 274 102 119 77 0 0 0 
65 315 36 28 161 385 32 2 221 311 71 53 82 286 0 0 419 135 79 63 72 256 0 0 
0 0 108 107 142 667 0 0 0 0 5 167 123 726 3 0 0 0 0 139 142 732 11 0 
0 0 534 142 124 224 0 0 0 0 12 600 102 305 5 0 0 0 0 338 353 317 16 0 
0 0 298 188 149 389 0 0 0 0 2 377 170 459 16 0 0 0 0 201 314 456 53 0 
0 0 175 44 210 595 0 0 0 0 0 185 160 658 21 0 0 0 0 40 299 643 42 0 
0 0 625 99 71 229 0 0 0 0 1 673 80 249 21 0 0 0 0 180 552 239 53 0 
0 0 567 89 84 284 0 0 0 0 0 613 85 297 29 0 0 0 0 114 558 308 44 0 
0 0 190 53 76 705 0 0 0 0 1 216 58 740 9 0 0 0 0 76 187 751 10 0 
0 0 243 234 170 377 0 0 0 0 13 350 185 440 36 0 0 0 0 193 315 454 62 0 
0 0 238 100 85 600 1 0 0 0 0 282 94 632 16 0 0 0 0 89 268 641 26 0 
0 0 459 94 117 354 0 0 0 0 1 509 112 382 20 0 0 0 0 152 443 396 33 0 
0 0 338 112 82 492 0 0 0 0 1 403 83 515 22 0 0 0 0 101 374 518 31 0 
0 0 368 87 55 514 0 0 0 0 0 411 65 539 9 0 0 0 0 55 401 514 54 0 
0 0 140 125 142 617 0 0 0 0 0 204 143 627 50 0 0 0 0 94 223 568 139 0 
0 0 262 113 61 588 0 0 0 0 0 309 95 585 35 0 0 0 0 24 370 590 40 0 
0 0 182 117 105 620 0 0 0 0 0 241 99 621 63 0 0 0 0 12 308 636 68 0 
0 0 208 47 52 717 0 0 0 0 0 216 65 714 29 0 0 0 0 8 260 718 38 0 
0 0 198 208 112 506 0 0 0 0 0 291 158 484 91 0 0 0 0 40 378 495 111 0 
0 0 94 239 176 515 0 0 0 0 0 196 227 496 105 0 0 0 0 35 339 520 130 0 
0 0 20 67 109 828 0 0 0 0 0 46 101 758 119 0 0 0 0 15 120 840 49 0 
0 0 211 144 117 551 1 0 0 0 0 230 154 542 98 0 0 0 0 17 350 598 59 0 
0 0 26 41 65 892 0 0 0 0 0 32 57 844 91 0 0 0 0 10 84 897 33 0 
0 0 251 99 88 586 0 0 0 0 0 286 98 586 54 0 0 0 0 32 334 629 29 0 
0 0 8 75 74 866 1 0 0 0 0 63 59 834 68 0 0 0 0 5 111 859 49 0 
0 0 210 68 97 649 0 0 0 0 0 245 91 640 48 0 0 0 0 50 284 630 60 0 
12 180 207 90 100 434 1 0 110 82 16 249 81 475 11 0 161 31 32 146 162 480 12 0 
95 88 20 23 453 345 0 0 140 49 21 39 536 239 0 0 180 28 17 250 549 0 0 0 
0 0 0 15 915 94 0 0 0 0 0 15 915 94 0 0 0 0 1 474 549 0 0 0 
0 0 0 3 894 127 0 0 0 0 0 3 945 76 0 0 0 0 1 496 527 0 0 0 
0 0 0 2 693 329 0 0 0 0 0 2 693 329 0 0 0 0 0 377 647 0 0 0 
9 578 51 35 133 218 0 0 491 114 48 28 106 237 0 0 597 44 32 80 271 0 0 0 
148 876 0 0 0 0 0 0 768 256 0 0 0 0 0 0 1024 0 0 0 0 0 0 0 
0 64 64 0 108 788 0 0 22 42 64 0 53 840 3 0 64 44 20 0 72 824 0 0 
0 0 0 0 430 594 0 0 0 0 0 0 2 1022 0 0 0 0 0 0 218 806 0 0 
0 0 0 0 242 782 0 0 0 0 0 0 17 1007 0 0 0 0 0 0 139 885 0 0 
424 248 46 62 131 113 0 0 617 55 56 48 59 189 0 0 664 28 63 45 83 141 0 0 
223 104 48 9 541 99 0 0 281 55 40 8 84 556 0 0 315 37 32 7 633 0 0 0 
0 0 0 0 18 999 7 0 0 7 225 530 262 0 0 0 1 95 755 173 0 0 0 0 
63 405 43 29 81 394 9 0 216 280 102 122 115 187 2 0 397 140 136 112 117 122 0 0 
0 319 33 39 103 530 0 0 1 333 18 22 68 571 11 0 112 236 9 27 57 583 0 0 
0 277 55 23 31 638 0 0 0 319 14 20 22 625 24 0 76 244 21 12 24 647 0 0 
0 261 59 6 38 660 0 0 0 297 23 5 22 660 17 0 25 277 18 8 19 677 0 0 
0 233 92 51 50 578 20 0 0 271 19 62 50 580 42 0 10 271 15 32 65 600 31 0 
0 209 50 22 21 722 0 0 0 239 19 21 21 716 8 0 35 210 18 20 17 722 2 0 
0 191 97 45 45 646 0 0 0 217 17 87 38 656 9 0 39 179 17 38 83 645 23 0 
0 156 80 51 57 678 2 0 0 192 15 68 49 682 18 0 8 184 30 36 78 678 10 0 
0 131 158 92 36 601 6 0 0 180 13 167 47 594 23 0 5 187 2 115 84 608 23 0 
0 124 77 39 52 719 13 0 0 160 24 47 49 706 38 0 19 144 29 22 59 728 23 0 
0 126 298 107 84 397 12 0 0 160 9 334 75 387 59 0 32 128 32 119 273 369 71 0 
0 96 118 119 70 608 13 0 3 138 7 149 74 591 62 0 27 118 9 88 112 624 46 0 
0 97 109 41 59 705 13 0 0 104 20 101 61 659 79 0 6 106 14 21 141 694 42 0 
0 59 75 71 91 692 36 0 0 71 25 86 94 636 112 0 9 68 19 29 132 669 98 0 
0 38 105 72 54 724 31 0 0 45 19 123 61 669 107 0 5 50 13 23 154 720 59 0 
0 24 39 95 38 790 38 0 0 24 16 85 52 704 143 0 0 32 16 24 110 761 81 0 
0 8 127 49 63 752 25 0 0 0 32 85 108 624 175 0 0 10 22 15 171 735 71 0 
0 0 62 137 114 692 19 0 0 0 18 93 145 541 227 0 0 0 21 12 202 586 203 0 
0 0 80 153 84 684 23 0 0 0 0 102 163 404 355 0 0 0 0 14 238 606 166 0 
0 0 104 110 49 747 14 0 0 0 0 70 162 436 356 0 0 0 0 1 219 630 174 0 
0 0 85 104 80 755 0 0 0 0 0 60 152 440 372 0 0 0 0 1 200 632 191 0 
0 0 0 53 49 914 8 0 0 0 0 30 38 503 453 0 0 0 0 0 70 858 96 0 
0 0 158 121 75 670 0 0 0 0 0 137 177 481 229 0 0 0 0 15 284 658 67 0 
0 0 0 15 72 937 0 0 0 0 0 4 59 840 121 0 0 0 0 4 53 893 74 0 
0 0 168 97 171 588 0 0 0 0 0 208 137 453 226 0 0 0 0 38 307 593 86 0 
7 173 55 80 63 646 0 0 61 129 11 91 66 638 28 0 160 32 23 41 96 662 10 0 
64 95 30 8 185 642 0 0 99 61 29 19 166 648 2 0 132 49 15 105 718 5 0 0 
0 0 0 0 366 658 0 0 0 0 0 0 235 789 0 0 0 0 0 44 980 0 0 0 
0 0 0 0 428 596 0 0 0 0 0 0 318 706 0 0 0 0 0 8 1016 0 0 0 
0 0 0 0 220 804 0 0 0 0 0 0 195 829 0 0 0 0 0 94 930 0 0 0 
0 609 55 32 39 289 0 0 470 153 49 24 26 302 0 0 609 55 26 19 315 0 0 0 
139 885 0 0 0 0 0 0 718 306 0 0 0 0 0 0 1023 1 0 0 0 0 0 0 
0 64 40 24 52 844 0 0 1 64 47 16 32 857 7 0 64 32 28 4 57 839 0 0 
0 0 0 0 236 788 0 0 0 0 0 0 0 1024 0 0 0 0 0 0 57 967 0 0 
0 0 0 0 137 887 0 0 0 0 0 0 0 1024 0 0 0 0 0 0 63 961 0 0 
539 159 38 64 88 136 0 0 648 53 28 71 48 168 8 0 680 24 80 24 56 160 0 0 
204 114 34 27 300 345 0 0 246 74 32 24 55 593 0 0 274 73 9 28 637 3 0 0 
0 0 0 1 216 669 133 5 9 457 315 135 107 1 0 0 234 377 236 131 46 0 0 0 
30 575 23 26 107 235 27 1 142 681 76 66 50 9 0 0 564 300 64 77 19 0 0 0 
0 1006 18 0 0 0 0 0 3 1021 0 0 0 0 0 0 257 767 0 0 0 0 0 0 
0 969 55 0 0 0 0 0 0 1023 1 0 0 0 0 0 181 843 0 0 0 0 0 0 
0 557 121 320 26 0 0 0 1 597 59 331 36 0 0 0 111 523 76 314 0 0 0 0 
0 59 76 850 39 0 0 0 0 66 44 799 115 0 0 0 0 78 98 844 4 0 0 0 
0 62 69 844 49 0 0 0 0 89 42 783 110 0 0 0 0 96 102 805 21 0 0 0 
0 80 83 811 50 0 0 0 0 99 54 779 92 0 0 0 2 134 94 789 5 0 0 0 
0 69 161 710 84 0 0 0 0 120 46 769 89 0 0 0 0 145 230 649 0 0 0 0 
0 97 497 334 95 1 0 0 0 157 344 425 97 1 0 0 4 185 617 216 2 0 0 0 
0 110 666 131 117 0 0 0 0 186 560 162 116 0 0 0 27 227 642 103 25 0 0 0 
0 171 510 283 46 14 0 0 20 450 439 61 51 3 0 0 331 463 169 35 26 0 0 0 
0 146 256 605 17 0 0 0 12 370 599 42 1 0 0 0 318 665 41 0 0 0 0 0 
0 82 272 628 42 0 0 0 4 294 656 70 0 0 0 0 111 876 37 0 0 0 0 0 
0 68 337 504 113 2 0 0 23 337 492 166 6 0 0 0 142 824 54 4 0 0 0 0 
0 104 339 433 148 0 0 0 3 386 469 159 7 0 0 0 169 802 50 3 0 0 0 0 
0 114 357 425 128 0 0 0 0 380 492 152 0 0 0 0 182 775 67 0 0 0 0 0 
0 81 398 458 87 0 0 0 0 346 570 96 12 0 0 0 235 727 62 0 0 0 0 0 
0 102 444 378 100 0 0 0 12 299 581 109 23 0 0 0 205 741 78 0 0 0 0 0 
36 221 482 224 60 1 0 0 133 326 467 75 23 0 0 0 368 551 89 16 0 0 0 0 
0 55 413 445 95 16 0 0 0 174 685 102 46 17 0 0 369 441 159 27 15 13 0 0 
0 65 359 495 73 32 0 0 5 132 695 142 18 32 0 0 311 503 139 36 3 32 0 0 
0 64 401 451 76 4 28 0 1 262 597 101 31 2 30 0 414 425 119 9 25 12 20 0 
0 49 528 328 66 21 32 0 0 388 453 106 23 22 32 0 410 407 118 25 21 11 32 0 
0 32 766 120 36 44 26 0 2 457 429 40 25 18 53 0 415 446 64 17 15 48 19 0 
0 87 721 98 14 89 15 0 20 524 335 21 16 30 78 0 313 555 23 17 12 47 57 0 
4 438 452 10 25 95 0 0 31 787 72 14 24 62 34 0 340 535 25 16 16 78 14 0 
15 85 61 13 125 725 0 0 66 51 45 11 97 754 0 0 95 57 16 15 408 433 0 0 
0 0 0 0 45 979 0 0 0 0 0 0 17 1007 0 0 0 0 0 51 884 89 0 0 
0 0 0 0 35 989 0 0 0 0 0 0 1 1023 0 0 0 0 0 0 1004 20 0 0 
0 0 0 0 229 795 0 0 0 0 0 0 146 878 0 0 0 0 0 68 956 0 0 0 
1 644 37 26 43 273 0 0 375 281 33 27 46 262 0 0 647 40 25 50 262 0 0 0 
30 994 0 0 0 0 0 0 442 582 0 0 0 0 0 0 1024 0 0 0 0 0 0 0 
105 592 54 50 35 188 0 0 429 295 40 37 35 170 18 0 701 62 3 37 37 184 0 0 
116 386 67 203 35 217 0 0 336 202 158 72 32 222 2 0 503 228 21 40 18 214 0 0 
158 371 87 184 20 204 0 0 387 159 205 42 13 218 0 0 518 217 33 32 32 192 0 0 
137 761 52 26 24 24 0 0 823 96 39 18 17 31 0 0 903 37 25 17 30 12 0 0 
183 196 41 17 231 356 0 0 294 86 40 17 29 558 0 0 335 63 38 10 504 74 0 0 
0 0 0 2 122 797 103 0 0 23 187 382 315 117 0 0 10 170 350 322 166 6 0 0 
62 478 19 18 60 366 18 3 143 423 149 136 142 31 0 0 375 261 182 129 77 0 0 0 
0 985 39 0 0 0 0 0 0 1021 3 0 0 0 0 0 185 839 0 0 0 0 0 0 
0 947 77 0 0 0 0 0 0 1016 8 0 0 0 0 0 121 903 0 0 0 0 0 0 
0 561 410 53 0 0 0 0 0 752 161 111 0 0 0 0 122 724 137 41 0 0 0 0 
14 207 521 282 0 0 0 0 17 347 339 321 0 0 0 0 96 483 218 227 0 0 0 0 
0 18 587 419 0 0 0 0 0 106 515 403 0 0 0 0 1 499 177 347 0 0 0 0 
0 28 597 399 0 0 0 0 0 106 508 410 0 0 0 0 1 503 212 308 0 0 0 0 
0 21 607 396 0 0 0 0 0 128 492 404 0 0 0 0 0 434 276 314 0 0 0 0 
0 14 707 303 0 0 0 0 0 67 536 421 0 0 0 0 0 311 460 253 0 0 0 0 
0 111 721 192 0 0 0 0 0 235 544 245 0 0 0 0 66 422 523 13 0 0 0 0 
0 213 371 273 119 48 0 0 17 406 412 68 39 82 0 0 396 322 181 20 105 0 0 0 
0 0 45 457 414 98 10 0 0 18 474 20 45 451 16 0 53 427 31 21 414 78 0 0 
0 0 2 497 335 129 61 0 0 0 480 32 13 423 76 0 30 442 33 7 348 130 34 0 
0 0 16 456 273 177 102 0 0 12 452 50 30 344 134 2 115 366 31 15 236 177 84 0 
0 0 17 536 131 168 154 18 0 80 424 100 41 172 174 33 161 348 58 69 115 86 179 8 
11 129 52 457 348 27 0 0 118 94 405 153 197 57 0 0 299 384 81 151 107 2 0 0 
7 124 38 524 190 58 73 10 118 28 432 187 116 48 74 21 198 499 59 108 47 35 74 4 
0 0 0 528 92 249 155 0 0 0 482 94 31 216 201 0 101 424 48 22 121 185 123 0 
0 0 0 451 271 237 65 0 0 0 404 194 26 339 61 0 59 498 35 32 196 204 0 0 
0 24 65 568 211 152 4 0 1 20 520 197 104 178 4 0 68 586 87 61 214 8 0 0 
0 20 79 631 229 65 0 0 0 39 674 56 138 117 0 0 181 548 39 91 165 0 0 0 
1 68 79 628 222 26 0 0 24 119 633 3 114 131 0 0 544 228 5 75 172 0 0 0 
3 16 51 640 272 42 0 0 4 396 295 39 57 233 0 0 650 45 39 29 261 0 0 0 
0 0 88 613 282 41 0 0 0 647 37 30 202 108 0 0 654 29 26 39 276 0 0 0 
0 117 462 305 125 15 0 0 4 720 138 41 106 15 0 0 654 210 59 87 14 0 0 0 
12 740 272 0 0 0 0 0 27 992 5 0 0 0 0 0 447 577 0 0 0 0 0 0 
61 332 58 28 53 488 4 0 148 261 45 26 45 486 13 0 370 63 37 21 228 305 0 0 
37 270 18 19 113 567 0 0 138 174 20 18 83 591 0 0 304 16 24 18 521 141 0 0 
47 233 13 27 124 580 0 0 129 155 20 16 97 607 0 0 270 18 27 15 660 34 0 0 
86 154 31 16 149 588 0 0 149 101 22 16 120 616 0 0 238 30 17 43 682 14 0 0 
18 683 77 35 29 182 0 0 337 379 64 38 24 182 0 0 710 73 26 31 184 0 0 0 
0 466 284 130 121 23 0 0 160 330 285 110 115 24 0 0 486 305 105 119 9 0 0 0 
2 162 482 174 186 18 0 0 41 227 426 125 154 51 0 0 208 502 116 159 39 0 0 0 
11 61 634 175 141 2 0 0 24 146 568 140 140 6 0 0 80 596 212 132 4 0 0 0 
53 234 417 204 105 11 0 0 111 165 363 261 107 17 0 0 226 349 284 148 17 0 0 0 
36 315 301 122 248 2 0 0 86 327 230 138 235 8 0 0 373 206 196 217 32 0 0 0 
192 399 169 255 9 0 0 0 567 141 244 72 0 0 0 0 676 178 141 29 0 0 0 0 
0 0 0 0 194 692 125 13 0 623 185 161 54 1 0 0 15 721 185 64 39 0 0 0 
68 432 20 21 111 328 44 0 160 608 113 52 59 32 0 0 297 540 77 50 60 0 0 0 
0 923 101 0 0 0 0 0 0 1015 9 0 0 0 0 0 114 910 0 0 0 0 0 0 
0 857 167 0 0 0 0 0 0 1001 23 0 0 0 0 0 53 971 0 0 0 0 0 0 
0 539 485 0 0 0 0 0 0 956 68 0 0 0 0 0 93 931 0 0 0 0 0 0 
173 244 607 0 0 0 0 0 248 466 310 0 0 0 0 0 350 672 2 0 0 0 0 0 
0 87 614 321 2 0 0 0 36 174 531 283 0 0 0 0 70 561 239 154 0 0 0 0 
67 415 539 3 0 0 0 0 373 183 468 0 0 0 0 0 462 468 94 0 0 0 0 0 
18 279 710 17 0 0 0 0 223 132 669 0 0 0 0 0 292 437 295 0 0 0 0 0 
0 17 999 8 0 0 0 0 0 23 1001 0 0 0 0 0 7 240 777 0 0 0 0 0 
0 59 941 24 0 0 0 0 1 214 801 8 0 0 0 0 64 608 352 0 0 0 0 0 
1 219 356 191 185 72 0 0 89 315 333 55 23 209 0 0 351 321 104 24 218 6 0 0 
0 0 0 0 1016 8 0 0 0 0 0 0 4 1020 0 0 0 0 0 0 1020 4 0 0 
0 0 0 0 954 70 0 0 0 0 0 0 0 1024 0 0 0 0 0 0 1017 7 0 0 
0 0 0 0 968 56 0 0 0 0 0 0 0 1024 0 0 0 0 0 0 1016 8 0 0 
0 0 0 64 941 19 0 0 0 0 0 44 130 850 0 0 0 0 10 110 902 2 0 0 
84 131 85 145 524 55 0 0 183 46 67 139 502 87 0 0 201 72 93 314 344 0 0 0 
13 176 55 113 451 216 0 0 148 61 47 77 282 409 0 0 186 45 80 233 433 47 0 0 
0 0 0 0 474 550 0 0 0 0 0 0 0 1024 0 0 0 0 0 0 1019 5 0 0 
0 0 0 0 421 603 0 0 0 0 0 0 0 1024 0 0 0 0 0 0 1014 10 0 0 
8 60 36 24 492 400 4 0 10 56 38 24 204 686 6 0 49 47 32 95 736 65 0 0 
0 0 0 11 898 115 0 0 0 0 0 4 631 389 0 0 0 0 1 377 646 0 0 0 
0 0 32 0 846 146 0 0 0 0 32 5 250 737 0 0 0 32 0 164 828 0 0 0 
0 64 0 32 850 78 0 0 2 62 0 32 24 904 0 0 48 16 29 3 928 0 0 0 
0 0 0 0 1024 0 0 0 0 0 0 0 395 629 0 0 0 0 0 2 1022 0 0 0 
0 282 111 71 533 27 0 0 0 352 70 49 519 34 0 0 289 134 62 448 91 0 0 0 
0 953 71 0 0 0 0 0 0 1024 0 0 0 0 0 0 988 36 0 0 0 0 0 0 
0 1006 18 0 0 0 0 0 3 1021 0 0 0 0 0 0 948 76 0 0 0 0 0 0 
0 1024 0 0 0 0 0 0 0 1024 0 0 0 0 0 0 1022 2 0 0 0 0 0 0 
0 1005 19 0 0 0 0 0 3 1021 0 0 0 0 0 0 968 56 0 0 0 0 0 0 
0 984 20 18 2 0 0 0 18 970 20 14 2 0 0 0 982 27 13 2 0 0 0 0 
3 225 205 208 376 7 0 0 1 264 170 173 347 69 0 0 262 178 133 318 131 2 0 0 
16 43 250 214 441 60 0 0 23 58 237 169 382 155 0 0 85 220 150 350 218 1 0 0 
0 8 101 214 660 41 0 0 0 7 92 133 514 278 0 0 2 84 132 398 408 0 0 0 
32 150 107 256 429 50 0 0 34 146 92 223 395 134 0 0 156 106 220 385 157 0 0 0 
3 78 205 415 277 46 0 0 1 91 198 336 297 101 0 0 30 191 321 333 149 0 0 0 
0 87 246 230 429 32 0 0 1 156 166 247 360 94 0 0 88 333 207 247 149 0 0 0 
104 129 453 293 44 1 0 0 174 406 190 215 39 0 0 0 554 214 162 91 3 0 0 0 
18 470 56 106 225 92 48 9 176 478 158 174 36 2 0 0 339 489 115 61 20 0 0 0 
29 815 52 10 57 39 11 11 153 761 53 37 19 1 0 0 417 525 34 38 10 0 0 0 
0 790 234 0 0 0 0 0 2 996 26 0 0 0 0 0 48 976 0 0 0 0 0 0 
0 720 304 0 0 0 0 0 0 928 96 0 0 0 0 0 17 997 10 0 0 0 0 0 
177 565 278 4 0 0 0 0 223 712 87 2 0 0 0 0 311 705 8 0 0 0 0 0 
409 328 247 40 0 0 0 0 481 409 130 4 0 0 0 0 692 277 55 0 0 0 0 0 
38 165 413 379 27 2 0 0 174 166 515 169 0 0 0 0 248 213 535 28 0 0 0 0 
21 501 469 33 0 0 0 0 377 519 128 0 0 0 0 0 653 357 14 0 0 0 0 0 
162 605 240 17 0 0 0 0 561 395 68 0 0 0 0 0 872 141 11 0 0 0 0 0 
476 272 264 12 0 0 0 0 586 258 176 4 0 0 0 0 705 276 43 0 0 0 0 0 
175 265 556 28 0 0 0 0 229 434 346 15 0 0 0 0 330 576 117 1 0 0 0 0 
0 46 501 253 159 65 0 0 22 225 470 83 59 165 0 0 167 405 228 32 189 3 0 0 
0 0 0 0 1004 20 0 0 0 0 0 0 0 1024 0 0 0 0 0 0 993 31 0 0 
0 0 0 0 912 112 0 0 0 0 0 0 0 1024 0 0 0 0 0 0 914 110 0 0 
0 0 0 0 936 88 0 0 0 0 0 0 0 1024 0 0 0 0 0 0 952 72 0 0 
0 0 0 0 968 56 0 0 0 0 0 0 0 1024 0 0 0 0 0 0 989 35 0 0 
0 0 0 0 922 102 0 0 0 0 0 0 0 1024 0 0 0 0 0 0 1024 0 0 0 
0 0 0 0 934 90 0 0 0 0 0 0 0 1024 0 0 0 0 0 0 1024 0 0 0 
0 0 0 0 865 159 0 0 0 0 0 0 0 1024 0 0 0 0 0 0 1024 0 0 0 
0 0 0 0 852 172 0 0 0 0 0 0 0 1024 0 0 0 0 0 0 1024 0 0 0 
11 92 47 49 630 195 0 0 17 86 47 49 197 628 0 0 88 56 53 107 702 18 0 0 
0 64 40 31 780 109 0 0 0 64 38 28 235 659 0 0 64 23 43 177 717 0 0 0 
1 67 57 34 791 74 0 0 1 69 55 33 328 538 0 0 66 56 31 243 628 0 0 0 
10 32 2 24 893 63 0 0 15 27 2 22 32 926 0 0 32 11 4 21 956 0 0 0 
0 0 0 0 987 37 0 0 0 0 0 0 48 976 0 0 0 0 0 0 1024 0 0 0 
0 236 94 65 472 125 32 0 9 264 76 55 419 165 36 0 260 87 65 445 164 3 0 0 
3 670 202 29 51 37 22 10 67 858 52 28 14 5 0 0 868 97 30 23 5 1 0 0 
0 467 138 55 113 144 97 10 126 672 75 57 62 30 2 0 721 117 60 60 60 6 0 0 
0 470 76 74 167 134 91 12 64 650 113 84 74 38 1 0 642 109 111 95 61 6 0 0 
3 552 383 58 26 2 0 0 267 714 27 11 5 0 0 0 910 86 18 10 0 0 0 0 
0 483 349 64 128 0 0 0 34 466 332 55 137 0 0 0 544 292 62 126 0 0 0 0 
19 178 440 140 240 7 0 0 3 124 472 143 250 32 0 0 165 490 77 241 47 4 0 0 
21 60 516 258 143 26 0 0 1 67 512 254 124 66 0 0 83 437 317 123 64 0 0 0 
0 0 280 581 151 12 0 0 0 0 285 636 78 25 0 0 5 392 570 33 24 0 0 0 
0 13 356 477 156 22 0 0 0 3 384 409 198 30 0 0 0 339 369 251 65 0 0 0 
1 13 69 522 419 0 0 0 4 42 63 413 496 6 0 0 14 57 378 489 86 0 0 0 
125 80 272 486 61 0 0 0 126 183 320 360 35 0 0 0 167 453 351 53 0 0 0 0 
150 156 68 431 217 2 0 0 251 104 334 155 166 14 0 0 439 303 74 175 32 1 0 0 
12 612 40 22 307 31 0 0 54 601 20 304 45 0 0 0 221 514 269 20 0 0 0 0 
0 882 142 0 0 0 0 0 3 996 25 0 0 0 0 0 140 884 0 0 0 0 0 0 
12 703 246 28 25 8 2 0 15 845 101 29 24 9 1 0 66 877 29 24 22 6 0 0 
2 578 408 36 0 0 0 0 3 782 208 31 0 0 0 0 22 915 64 23 0 0 0 0 
85 376 409 59 79 16 0 0 88 445 341 49 49 52 0 0 115 595 185 37 51 41 0 0 
241 133 69 319 238 24 0 0 270 114 121 209 131 179 0 0 349 74 195 111 169 126 0 0 
34 115 210 434 230 1 0 0 65 125 238 357 97 142 0 0 139 163 303 199 98 122 0 0 
177 131 129 310 257 20 0 0 273 63 101 242 197 148 0 0 314 86 176 145 203 100 0 0 
117 164 169 284 288 2 0 0 204 109 168 213 232 98 0 0 274 126 221 111 250 42 0 0 
203 161 358 302 0 0 0 0 240 232 384 168 0 0 0 0 354 311 340 19 0 0 0 0 
140 254 510 120 0 0 0 0 164 530 239 91 0 0 0 0 380 463 167 14 0 0 0 0 
0 162 454 160 179 69 0 0 31 337 308 107 76 165 0 0 253 335 171 72 188 5 0 0 
0 0 0 0 976 48 0 0 0 0 0 0 0 1024 0 0 0 0 0 0 233 791 0 0 
0 0 0 0 460 564 0 0 0 0 0 0 0 1024 0 0 0 0 0 0 25 999 0 0 
0 0 0 0 530 494 0 0 0 0 0 0 0 1024 0 0 0 0 0 0 650 374 0 0 
0 0 0 0 687 337 0 0 0 0 0 0 0 1024 0 0 0 0 0 0 514 510 0 0 
0 0 0 0 1014 10 0 0 0 0 0 0 2 1022 0 0 0 0 0 0 1024 0 0 0 
0 0 0 0 1012 12 0 0 0 0 0 0 0 1024 0 0 0 0 0 0 1024 0 0 0 
0 0 0 0 956 68 0 0 0 0 0 0 0 1024 0 0 0 0 0 0 1024 0 0 0 
0 0 0 0 817 207 0 0 0 0 0 0 0 1024 0 0 0 0 0 0 1022 2 0 0 
0 0 0 0 984 40 0 0 0 0 0 0 0 1024 0 0 0 0 0 0 1024 0 0 0 
0 0 0 0 970 54 0 0 0 0 0 0 108 916 0 0 0 0 0 2 1022 0 0 0 
0 0 0 0 1023 1 0 0 0 0 0 0 21 1003 0 0 0 0 0 0 1024 0 0 0 
0 0 0 0 1024 0 0 0 0 0 0 0 122 902 0 0 0 0 0 0 1024 0 0 0 
0 0 5 3 719 220 77 0 0 0 5 3 42 826 148 0 5 3 9 163 844 0 0 0 
0 234 159 67 96 176 288 4 2 278 121 71 98 163 288 3 362 102 87 289 183 1 0 0 
18 130 157 282 114 188 132 3 226 311 57 69 74 177 108 2 532 142 92 238 20 0 0 0 
95 111 284 242 182 99 11 0 317 223 183 144 119 35 3 0 456 189 182 136 53 8 0 0 
135 116 157 253 215 101 47 0 312 206 187 141 84 70 24 0 451 182 196 89 75 31 0 0 
0 40 129 148 389 272 46 0 88 144 83 281 302 113 13 0 243 198 236 176 138 31 2 0 
0 103 338 397 186 0 0 0 24 51 313 434 202 0 0 0 51 292 503 176 2 0 0 0 
27 208 264 273 208 44 0 0 0 179 370 218 220 37 0 0 239 328 229 215 13 0 0 0 
13 52 232 299 388 40 0 0 0 55 191 343 303 132 0 0 67 154 372 266 165 0 0 0 
0 0 88 417 365 154 0 0 0 0 90 588 219 127 0 0 61 278 431 166 88 0 0 0 
0 3 197 420 330 74 0 0 0 0 126 443 315 140 0 0 1 45 421 327 230 0 0 0 
0 2 163 487 323 49 0 0 0 4 164 326 433 97 0 0 4 167 198 487 168 0 0 0 
5 45 104 401 430 39 0 0 15 37 167 291 439 75 0 0 37 171 229 461 126 0 0 0 
5 30 88 795 91 15 0 0 24 32 571 307 72 18 0 0 139 503 257 106 19 0 0 0 
8 521 107 9 364 15 0 0 76 538 27 327 56 0 0 0 223 423 343 35 0 0 0 0 
0 824 200 0 0 0 0 0 3 928 93 0 0 0 0 0 35 984 5 0 0 0 0 0 
2 574 314 12 14 94 14 0 6 653 234 10 17 72 32 0 19 796 81 8 19 91 10 0 
2 72 153 113 143 523 18 0 1 136 84 114 106 549 34 0 2 181 59 102 227 445 8 0 
0 153 373 53 54 133 208 50 0 259 274 45 39 138 219 50 1 291 242 42 85 97 156 110 
0 0 0 0 52 158 805 9 0 0 0 0 8 173 678 165 0 0 0 0 7 164 269 584 
0 0 0 58 162 143 658 3 0 0 0 28 90 225 554 127 0 0 0 21 85 228 299 391 
0 0 0 32 190 137 649 16 0 0 0 3 142 203 609 67 0 0 0 12 117 219 300 376 
0 0 0 25 330 261 406 2 0 0 0 15 138 387 468 16 0 0 0 16 247 273 310 178 
4 8 291 616 92 13 0 0 5 11 425 421 141 21 0 0 10 119 539 266 73 17 0 0 
0 168 600 247 9 0 0 0 0 334 436 253 1 0 0 0 164 341 439 80 0 0 0 0 
30 268 263 120 262 79 2 0 160 278 171 69 222 122 2 0 297 273 86 159 153 55 1 0 
0 0 0 24 885 115 0 0 0 0 0 1 397 626 0 0 0 0 0 189 649 186 0 0 
0 0 0 0 413 611 0 0 0 0 0 0 0 1024 0 0 0 0 0 0 32 992 0 0 
0 0 0 0 368 656 0 0 0 0 0 0 0 1024 0 0 0 0 0 0 196 828 0 0 
0 0 0 0 702 322 0 0 0 0 0 0 0 1024 0 0 0 0 0 0 716 308 0 0 
0 4 9 13 888 110 0 0 0 3 11 12 19 979 0 0 2 4 14 13 988 3 0 0 
0 0 0 5 868 151 0 0 0 0 0 3 9 1012 0 0 0 0 0 9 1015 0 0 0 
0 0 0 0 875 149 0 0 0 0 0 0 0 1024 0 0 0 0 0 0 1024 0 0 0 
0 0 0 0 922 102 0 0 0 0 0 0 0 1024 0 0 0 0 0 0 1024 0 0 0 
0 0 0 0 834 190 0 0 0 0 0 0 0 1024 0 0 0 0 0 0 1024 0 0 0 
0 0 0 0 990 34 0 0 0 0 0 0 133 891 0 0 0 0 0 5 1019 0 0 0 
0 0 0 0 1022 2 0 0 0 0 0 0 10 1014 0 0 0 0 0 0 1024 0 0 0 
0 0 0 0 1024 0 0 0 0 0 0 0 48 976 0 0 0 0 0 0 1024 0 0 0 
0 0 0 1 771 159 93 0 0 0 0 0 139 775 110 0 0 4 1 142 877 0 0 0 
0 95 61 33 93 481 261 0 6 113 47 33 96 476 253 0 150 45 253 363 203 10 0 0 
17 94 95 180 168 267 191 12 189 196 104 80 80 256 119 0 367 137 164 244 81 21 10 0 
50 67 193 188 231 182 100 13 247 235 228 129 111 65 9 0 334 289 155 123 100 23 0 0 
74 93 135 152 293 151 109 17 270 175 192 187 121 57 22 0 328 192 184 171 100 37 12 0 
29 187 147 131 209 272 48 1 213 143 122 145 298 100 3 0 342 176 241 169 77 17 2 0 
0 3 343 395 252 31 0 0 0 6 342 288 365 23 0 0 2 371 318 331 2 0 0 0 
0 16 88 648 263 9 0 0 0 20 81 689 234 0 0 0 34 203 719 68 0 0 0 0 
0 0 21 431 545 27 0 0 0 0 0 594 371 59 0 0 82 132 393 326 91 0 0 0 
0 25 74 483 404 38 0 0 0 40 59 436 370 119 0 0 3 68 346 358 249 0 0 0 
0 0 48 399 516 61 0 0 0 0 14 312 555 143 0 0 0 0 247 480 297 0 0 0 
0 0 23 427 430 144 0 0 0 0 21 159 687 157 0 0 0 13 94 699 218 0 0 0 
0 3 68 124 747 82 0 0 0 1 67 88 513 355 0 0 0 51 58 321 594 0 0 0 
60 142 161 269 380 12 0 0 150 143 203 160 325 43 0 0 322 216 128 311 47 0 0 0 
23 527 58 15 385 16 0 0 78 523 15 373 35 0 0 0 208 414 362 40 0 0 0 0 
0 800 224 0 0 0 0 0 2 950 72 0 0 0 0 0 54 967 3 0 0 0 0 0 
2 563 259 7 15 154 24 0 1 675 148 5 13 129 53 0 25 761 39 9 16 159 15 0 
0 0 0 7 146 869 2 0 0 0 0 0 99 899 26 0 0 0 0 7 234 783 0 0 
0 103 168 16 127 291 267 52 1 132 136 18 98 313 173 153 1 90 168 30 253 177 52 253 
0 0 0 0 0 0 703 321 0 0 0 0 0 0 318 706 0 0 0 0 0 0 118 906 
0 0 0 0 11 190 610 213 0 0 0 0 0 133 274 617 0 0 0 0 0 57 178 789 
0 0 0 0 14 195 581 234 0 0 0 0 0 183 332 509 0 0 0 0 0 137 182 705 
0 0 0 0 11 340 561 112 0 0 0 0 6 108 608 302 0 0 0 0 6 94 484 440 
125 158 333 247 129 27 5 0 149 180 356 113 181 38 6 1 227 304 234 90 127 31 11 0 
45 378 467 89 20 19 6 0 104 512 258 96 20 26 5 3 403 385 158 36 20 14 6 2 
44 239 214 35 389 103 0 0 86 288 138 33 336 143 0 0 281 176 70 89 325 83 0 0 
0 0 0 34 980 10 0 0 0 0 0 12 566 446 0 0 0 0 6 117 896 5 0 0 
0 0 0 0 882 142 0 0 0 0 0 0 636 388 0 0 0 0 0 21 842 161 0 0 
0 0 2 71 632 319 0 0 0 0 0 47 314 663 0 0 0 0 37 176 559 252 0 0 
0 9 11 3 768 233 0 0 0 5 14 2 142 861 0 0 3 14 5 89 885 28 0 0 
22 115 94 69 585 139 0 0 41 114 77 69 291 432 0 0 85 120 77 149 592 1 0 0 
39 155 142 108 535 45 0 0 44 153 141 108 297 281 0 0 134 143 104 236 405 2 0 0 
20 136 133 88 454 193 0 0 27 131 131 89 174 472 0 0 70 150 113 140 504 47 0 0 
0 0 2 22 625 375 0 0 0 0 0 10 66 948 0 0 0 0 0 8 924 92 0 0 
0 0 0 59 852 113 0 0 0 0 0 19 130 874 1 0 0 0 0 19 981 23 1 0 
0 0 5 55 793 171 0 0 0 0 4 31 169 820 0 0 0 0 0 28 964 32 0 0 
0 0 4 10 929 81 0 0 0 0 4 10 102 908 0 0 0 0 4 11 1003 6 0 0 
0 33 16 24 871 80 0 0 8 30 14 23 179 770 0 0 28 18 21 36 921 0 0 0 
0 0 0 16 972 36 0 0 0 0 0 20 239 765 0 0 0 0 0 73 951 0 0 0 
0 0 0 13 36 728 247 0 0 0 0 9 20 331 664 0 0 0 0 12 27 500 485 0 
26 65 100 83 96 603 47 4 171 90 32 29 58 236 408 0 228 49 25 39 55 332 296 0 
149 217 207 157 134 98 48 14 534 196 157 66 47 18 6 0 628 186 119 39 38 13 1 0 
141 231 211 164 135 89 38 15 496 200 119 115 46 32 11 5 604 144 130 83 22 28 13 0 
0 107 76 109 285 391 55 1 162 93 118 197 315 135 4 0 368 245 226 130 54 1 0 0 
100 238 172 202 262 42 8 0 69 213 179 255 279 28 1 0 403 167 204 246 4 0 0 0 
20 49 273 223 392 67 0 0 38 78 293 169 340 106 0 0 95 294 180 328 121 6 0 0 
19 156 262 178 371 38 0 0 100 206 235 159 285 39 0 0 251 273 178 283 39 0 0 0 
0 30 441 140 290 123 0 0 6 30 466 109 235 178 0 0 44 448 108 174 236 14 0 0 
0 5 332 199 459 29 0 0 0 6 382 147 302 187 0 0 4 277 238 128 342 35 0 0 
0 9 334 409 122 150 0 0 0 19 386 341 128 150 0 0 2 323 385 117 135 62 0 0 
0 0 309 228 284 203 0 0 0 33 428 112 246 205 0 0 12 425 126 120 316 25 0 0 
0 2 44 516 353 109 0 0 8 29 281 388 183 135 0 0 70 416 221 126 187 4 0 0 
23 454 111 14 385 37 0 0 56 509 30 384 45 0 0 0 115 499 369 41 0 0 0 0 
5 822 197 0 0 0 0 0 11 955 58 0 0 0 0 0 127 892 5 0 0 0 0 0 
0 620 379 4 4 7 10 0 1 756 242 4 4 8 9 0 7 937 55 6 3 9 7 0 
2 163 312 10 72 427 36 2 1 251 224 11 49 439 48 1 5 355 118 12 102 411 20 1 
0 69 552 31 35 57 151 129 0 108 509 33 39 51 31 253 2 187 347 96 49 54 31 258 
0 0 0 0 41 222 194 567 0 0 0 0 40 191 143 650 0 0 0 0 24 172 159 669 
0 0 0 0 10 170 174 670 0 0 0 0 0 65 172 787 0 0 0 0 0 12 202 810 
0 0 0 0 0 167 221 636 0 0 0 0 0 161 113 750 0 0 0 0 0 142 96 786 
0 0 0 0 0 285 291 448 0 0 0 0 0 55 476 493 0 0 0 0 0 51 453 520 
331 129 122 132 116 139 54 1 371 111 132 85 82 118 122 3 408 110 114 67 73 110 132 10 
21 434 330 176 34 20 9 0 464 200 204 114 24 2 12 4 638 143 139 67 20 7 10 0 
29 169 322 195 192 91 22 4 133 215 239 127 168 110 25 7 367 172 140 131 107 79 23 5 
0 0 43 379 600 2 0 0 0 0 18 225 692 89 0 0 0 0 167 445 412 0 0 0 
0 0 0 24 1000 0 0 0 0 0 0 3 990 31 0 0 0 0 0 343 681 0 0 0 
0 0 38 305 652 29 0 0 0 0 27 183 717 97 0 0 0 14 177 564 264 5 0 0 
0 2 41 197 506 278 0 0 0 2 38 131 390 463 0 0 2 28 111 311 560 12 0 0 
5 20 108 110 724 57 0 0 5 20 111 94 575 219 0 0 14 102 102 452 352 2 0 0 
0 10 32 77 779 124 2 0 3 35 65 69 492 360 0 0 48 60 63 392 461 0 0 0 
5 10 22 27 362 412 186 0 10 14 21 26 136 408 409 0 12 20 25 50 427 98 392 0 
0 0 21 236 413 183 159 12 0 0 0 21 295 495 104 109 0 0 0 8 218 536 145 117 
0 9 120 245 404 230 16 0 0 0 0 89 413 395 127 0 0 0 0 19 303 506 185 11 
0 6 134 257 454 167 6 0 0 0 55 201 366 376 26 0 0 0 1 135 419 422 46 1 
0 0 18 133 682 165 26 0 0 0 3 76 310 585 48 2 0 0 3 52 730 199 32 8 
0 99 58 55 744 68 0 0 28 86 48 54 269 539 0 0 104 50 49 92 729 0 0 0 
0 0 0 83 826 115 0 0 0 0 0 131 218 675 0 0 0 0 19 223 782 0 0 0 
0 0 0 67 96 670 191 0 0 0 0 75 46 353 550 0 0 0 20 66 55 452 431 0 
0 2 96 123 114 642 43 4 105 134 16 35 50 326 358 0 174 69 25 30 62 417 247 0 
30 125 281 230 198 105 50 5 213 229 230 158 122 68 4 0 320 273 163 162 89 17 0 0 
4 43 164 262 255 176 101 19 77 203 166 186 216 154 22 0 125 201 169 197 198 123 11 0 
0 25 188 296 293 133 76 13 144 196 166 217 194 92 15 0 219 182 175 228 170 40 10 0 
0 296 179 211 317 21 0 0 33 277 174 248 270 22 0 0 324 209 203 248 40 0 0 0 
0 222 289 90 393 30 0 0 14 258 220 99 285 148 0 0 222 273 93 244 184 8 0 0 
0 226 190 253 339 16 0 0 1 233 160 322 228 80 0 0 182 214 333 219 76 0 0 0 
5 53 341 301 259 65 0 0 22 77 352 209 266 98 0 0 95 283 227 256 157 6 0 0 
0 10 284 261 343 126 0 0 0 13 267 314 220 210 0 0 5 182 367 175 292 3 0 0 
0 33 225 399 194 170 3 0 0 87 296 396 96 149 0 0 38 310 401 113 146 16 0 0 
0 17 309 255 232 204 7 0 0 34 392 264 170 164 0 0 4 370 292 176 178 4 0 0 
0 0 23 499 374 128 0 0 0 28 237 529 95 135 0 0 54 386 354 83 137 10 0 0 
21 457 82 27 401 36 0 0 81 467 31 395 50 0 0 0 196 391 376 61 0 0 0 0 
2 813 209 0 0 0 0 0 6 921 97 0 0 0 0 0 52 963 9 0 0 0 0 0 
0 651 373 0 0 0 0 0 4 797 223 0 0 0 0 0 13 968 43 0 0 0 0 0 
5 411 442 13 26 74 52 1 6 463 392 10 25 57 64 7 15 667 178 12 22 60 64 6 
12 244 406 40 27 114 127 54 14 202 442 41 24 80 100 121 41 247 307 87 26 68 120 128 
0 118 337 20 23 254 72 200 0 118 336 21 15 191 123 220 0 154 281 33 17 170 133 236 
0 13 447 37 20 47 84 376 0 19 422 50 24 28 71 410 0 37 335 96 32 25 59 440 
0 7 413 35 14 98 83 374 0 0 413 39 16 97 39 420 0 5 296 136 23 88 51 425 
0 0 154 27 53 326 199 265 0 0 139 35 40 201 323 286 0 0 100 63 40 188 333 300 
92 68 162 130 148 362 57 5 114 78 150 95 146 215 219 7 122 105 139 111 142 293 107 5 
43 205 453 118 44 107 44 10 130 158 450 77 79 107 16 7 199 235 360 99 82 32 12 5 
6 65 625 76 92 118 34 8 58 151 516 126 76 74 12 11 151 253 447 110 36 9 8 10 
0 5 473 42 419 85 0 0 0 37 468 292 188 39 0 0 0 148 612 91 173 0 0 0 
32 52 511 75 354 0 0 0 9 72 505 33 398 7 0 0 63 146 397 242 176 0 0 0 
44 51 527 161 235 6 0 0 1 72 534 69 321 27 0 0 54 180 409 343 38 0 0 0 
0 5 505 104 360 50 0 0 0 10 500 86 173 255 0 0 0 85 492 137 309 1 0 0 
0 1 534 65 341 83 0 0 0 4 531 47 213 229 0 0 0 93 474 196 261 0 0 0 
0 24 496 44 360 100 0 0 0 55 470 48 243 208 0 0 1 389 167 205 255 7 0 0 
2 143 324 60 174 321 0 0 46 344 119 35 81 300 99 0 103 385 35 37 196 151 117 0 
0 27 115 61 195 290 310 26 29 147 96 128 93 227 207 97 58 130 102 111 157 170 143 153 
2 126 258 58 60 416 104 0 0 192 186 56 25 86 442 37 8 249 127 39 39 46 314 202 
0 76 366 109 286 150 37 0 0 304 140 31 160 248 140 1 2 408 39 43 225 91 196 20 
0 32 502 55 196 152 72 15 0 262 307 55 79 232 54 35 4 539 41 81 212 63 50 34 
0 110 434 32 304 118 26 0 0 407 140 29 125 285 38 0 0 536 24 33 349 82 0 0 
0 225 363 121 229 86 0 0 0 530 61 131 180 120 2 0 58 528 105 155 164 14 0 0 
8 59 37 110 139 396 275 0 14 70 37 58 99 210 532 4 57 38 63 29 119 267 441 10 
79 202 61 75 101 422 82 2 149 139 50 54 108 221 303 0 241 72 33 67 108 245 258 0 
85 68 121 169 231 302 48 0 124 76 122 166 203 243 90 0 144 71 120 187 204 253 45 0 
69 197 218 145 208 161 26 0 288 206 90 85 170 169 16 0 393 130 95 138 167 100 1 0 
76 186 150 210 198 120 70 14 358 258 190 107 89 20 2 0 474 248 145 83 67 7 0 0 
0 51 136 328 492 17 0 0 1 74 84 271 466 128 0 0 86 87 243 343 265 0 0 0 
0 6 103 375 511 29 0 0 0 12 57 265 583 107 0 0 14 42 172 521 273 2 0 0 
0 33 157 483 346 5 0 0 0 14 76 366 498 70 0 0 7 65 246 592 114 0 0 0 
0 1 22 437 544 20 0 0 0 0 16 255 669 84 0 0 0 10 100 680 234 0 0 0 
6 24 114 405 392 83 0 0 14 27 100 293 459 128 3 0 24 70 198 471 246 15 0 0 
0 0 0 298 662 64 0 0 0 0 0 163 710 151 0 0 0 0 89 411 523 1 0 0 
0 0 54 389 507 74 0 0 0 0 89 410 272 253 0 0 0 17 369 225 366 47 0 0 
0 4 85 452 411 72 0 0 1 64 368 147 279 165 0 0 128 324 111 187 274 0 0 0 
50 279 159 230 240 64 2 0 84 260 132 267 146 97 38 0 105 281 212 147 158 96 24 1 
103 480 198 74 69 64 36 0 162 493 120 72 62 55 60 0 166 498 84 89 72 53 62 0 
32 440 313 76 61 61 40 1 46 540 222 70 62 55 29 0 70 609 159 66 47 55 18 0 
22 151 36 129 179 402 101 4 24 148 37 91 181 260 278 5 32 143 37 96 174 197 337 8 
86 89 29 60 130 476 153 1 115 59 28 42 120 355 301 4 116 57 29 34 108 251 420 9 
0 69 44 16 189 549 157 0 1 67 44 14 98 454 346 0 0 44 60 19 74 387 436 4 
4 95 196 20 132 492 85 0 0 95 200 12 74 370 273 0 0 117 175 15 45 320 352 0 
11 192 432 179 83 119 8 0 2 197 417 19 102 201 86 0 12 241 360 16 56 226 112 1 
19 111 150 29 37 509 169 0 61 83 142 25 64 600 49 0 101 103 212 247 195 131 35 0 
0 6 21 154 173 589 81 0 0 2 6 12 180 658 166 0 0 2 53 157 197 492 123 0 
0 38 58 314 170 426 18 0 0 13 38 20 261 581 111 0 0 16 35 13 194 642 124 0 
76 216 442 44 65 86 88 7 89 234 410 36 43 109 103 0 91 337 299 37 38 120 102 0 
37 109 368 249 221 40 0 0 24 113 330 28 52 442 35 0 9 156 295 32 31 388 112 1 
62 88 456 236 130 44 8 0 49 71 387 90 135 253 36 3 48 182 320 94 132 208 40 0 
15 45 427 140 276 111 10 0 16 24 438 197 200 132 14 3 22 184 400 177 185 46 9 1 
2 54 363 48 65 346 145 1 1 60 349 56 54 127 376 1 2 218 206 65 37 234 261 1 
0 51 323 144 157 140 203 6 0 73 380 150 82 85 253 1 0 159 196 92 199 114 262 2 
73 126 237 25 104 335 120 4 94 156 186 29 101 292 161 5 112 243 86 40 109 312 122 0 
5 163 142 56 50 445 161 2 147 177 29 24 21 408 211 7 189 157 11 27 35 460 145 0 
41 82 26 83 173 375 214 30 281 232 120 141 182 66 2 0 307 222 122 156 187 30 0 0 
77 83 89 91 81 445 156 2 88 115 57 95 75 317 274 3 117 103 82 79 155 357 129 2 
11 258 183 54 160 303 55 0 75 341 51 82 121 207 147 0 162 266 50 94 108 229 115 0 
0 139 587 50 68 79 70 31 40 719 87 68 54 41 15 0 128 685 45 68 56 42 0 0 
7 329 509 11 26 82 60 0 25 770 50 11 22 54 90 2 105 726 16 20 35 99 23 0 
20 463 305 18 21 133 64 0 35 695 59 17 12 85 121 0 180 596 20 13 20 129 66 0 
33 48 11 92 258 481 101 0 36 43 18 48 97 325 457 0 54 34 28 62 164 378 303 1 
69 172 53 79 169 340 139 3 121 188 74 121 95 316 109 0 211 125 75 152 267 182 12 0 
24 56 53 72 266 401 130 22 85 126 126 224 153 202 108 0 167 187 125 131 131 200 83 0 
12 152 93 119 181 346 106 15 242 171 91 120 114 128 158 0 332 161 85 81 106 201 58 0 
133 155 96 284 196 114 41 5 326 248 193 115 76 53 13 0 408 242 154 83 80 43 14 0 
0 72 135 523 269 25 0 0 1 94 161 513 204 51 0 0 101 208 487 181 47 0 0 0 
6 114 296 226 338 44 0 0 6 179 259 196 302 82 0 0 128 315 226 241 112 2 0 0 
54 239 147 146 350 88 0 0 80 202 102 159 309 172 0 0 229 113 138 273 268 3 0 0 
5 61 276 131 400 151 0 0 8 129 201 117 293 274 2 0 83 245 123 148 338 87 0 0 
0 17 191 308 367 141 0 0 0 29 175 292 175 351 2 0 23 165 278 154 296 108 0 0 
14 65 149 351 429 16 0 0 0 46 133 343 408 94 0 0 80 134 295 330 185 0 0 0 
32 222 249 211 249 61 0 0 17 156 197 281 170 203 0 0 91 117 263 243 266 44 0 0 
57 77 202 315 339 34 0 0 56 155 381 322 45 63 2 0 139 637 119 46 57 26 0 0 
46 217 196 201 213 123 28 0 94 193 225 170 167 140 35 0 84 221 227 123 172 162 35 0 
1 69 392 347 143 65 7 0 24 148 383 260 127 64 18 0 88 348 290 188 73 37 0 0 
1 85 358 184 78 298 20 0 6 93 371 151 85 279 39 0 21 209 326 108 141 208 11 0 
0 2 54 113 381 422 52 0 0 2 30 109 221 512 148 2 0 6 33 120 356 361 144 4 
56 103 90 135 159 385 94 2 80 75 81 125 142 338 175 8 83 80 82 114 127 311 213 14 
42 321 62 15 111 416 57 0 112 243 66 17 27 366 193 0 98 265 57 19 24 325 236 0 
18 299 84 34 82 431 76 0 53 264 77 28 48 317 236 1 42 276 76 32 38 243 316 1 
17 310 98 237 129 212 21 0 11 300 84 60 134 301 134 0 8 308 85 58 91 307 167 0 
21 279 174 100 58 310 82 0 29 330 96 55 113 384 17 0 68 344 228 265 69 50 0 0 
12 217 244 118 106 256 71 0 16 265 187 55 118 320 63 0 32 317 210 118 67 220 60 0 
0 173 356 157 121 207 10 0 0 298 197 41 137 294 57 0 0 352 151 31 98 352 40 0 
94 258 354 51 47 131 76 13 128 330 249 38 43 148 84 4 118 394 195 39 34 158 81 5 
5 223 228 68 275 210 5 10 8 269 140 75 99 391 32 10 28 305 100 77 57 387 62 8 
87 363 248 125 121 71 7 2 102 395 104 81 147 141 51 3 129 416 90 56 110 192 29 2 
63 36 55 126 202 453 81 8 66 26 48 125 247 260 242 10 76 27 91 201 166 285 170 8 
4 316 120 41 73 362 108 0 14 324 99 32 66 203 286 0 25 344 71 43 61 344 136 0 
3 283 114 121 226 214 57 6 2 293 172 130 119 162 146 0 5 308 87 134 147 261 82 0 
73 313 140 72 119 234 68 5 78 325 114 97 150 162 93 5 174 259 100 123 139 153 72 4 
18 434 82 48 87 274 81 0 115 392 51 53 168 185 60 0 228 289 49 72 198 140 48 0 
27 387 51 149 135 170 101 4 137 376 128 169 107 73 31 3 297 238 142 167 93 68 16 3 
89 313 164 78 109 206 65 0 126 266 139 108 116 163 106 0 255 210 134 142 135 78 70 0 
73 444 93 71 85 161 97 0 133 385 83 69 82 122 150 0 350 194 73 69 75 123 140 0 
29 348 72 107 106 184 155 23 106 356 90 144 75 96 157 0 330 183 89 98 91 99 134 0 
32 572 72 44 47 160 97 0 88 495 73 38 54 133 142 1 459 139 58 60 132 135 41 0 
25 621 109 29 30 202 8 0 74 557 31 33 98 109 121 1 419 225 25 23 66 173 92 1 
246 396 138 112 81 50 1 0 366 240 83 63 81 141 50 0 536 93 79 90 50 146 30 0 
186 314 244 144 81 47 8 0 227 254 99 70 122 225 26 1 348 169 92 75 156 165 19 0 
108 327 288 140 98 55 8 0 312 372 117 82 62 60 17 2 558 200 103 45 72 39 7 0 
104 306 206 100 96 161 51 0 240 397 51 48 73 154 60 1 505 148 52 49 95 154 21 0 
21 194 184 178 213 209 25 0 165 275 80 99 149 192 61 3 340 143 92 132 154 147 16 0 
166 151 158 145 340 64 0 0 418 112 67 71 322 34 0 0 499 98 88 264 75 0 0 0 
84 292 126 202 279 41 0 0 316 131 86 145 297 49 0 0 434 102 176 259 51 2 0 0 
252 238 75 67 288 104 0 0 396 103 64 57 219 184 1 0 476 54 62 157 253 22 0 0 
41 177 94 109 420 183 0 0 266 77 52 37 267 323 2 0 322 50 50 156 391 55 0 0 
73 221 81 73 400 176 0 0 226 121 27 59 241 350 0 0 297 72 53 162 300 140 0 0 
37 150 72 69 500 196 0 0 35 100 95 77 356 357 4 0 157 74 64 243 470 16 0 0 
62 62 25 116 526 233 0 0 83 42 22 66 315 493 3 0 114 22 32 161 553 142 0 0 
0 21 29 475 248 251 0 0 6 107 399 115 71 316 10 0 198 366 57 59 134 210 0 0 
0 2 55 175 441 324 26 1 7 50 138 318 306 198 7 0 30 61 130 298 314 181 10 0 
0 76 199 214 405 109 19 2 18 191 199 141 298 167 10 0 91 301 267 217 115 30 3 0 
0 9 171 179 297 367 1 0 0 28 234 108 258 384 12 0 27 218 257 300 178 44 0 0 
0 0 0 8 422 575 19 0 0 0 0 8 306 600 110 0 0 0 46 255 424 244 55 0 
122 96 51 56 290 336 70 3 182 58 50 102 303 250 78 1 233 132 133 134 161 187 44 0 
169 104 41 67 147 409 86 1 240 54 47 69 206 293 112 3 275 90 121 155 150 175 58 0 
119 131 63 111 126 363 109 2 215 86 90 75 162 248 147 1 303 133 106 81 147 189 63 2 
6 20 47 97 120 585 149 0 15 27 73 82 206 344 277 0 55 51 149 132 185 327 125 0 
60 352 122 64 56 260 110 0 189 307 58 67 109 197 97 0 300 266 115 80 79 145 39 0 
0 78 328 61 97 347 110 3 0 265 166 53 136 270 133 1 10 320 174 136 163 171 50 0 
40 314 218 76 100 201 73 2 94 330 149 59 107 148 122 15 139 365 87 100 108 144 76 5 
99 274 146 76 122 190 110 7 148 289 117 79 127 116 145 3 183 325 90 76 111 181 57 1 
25 197 108 112 183 257 118 24 72 207 142 120 160 151 163 9 89 223 143 152 140 165 106 6 
82 286 174 88 128 186 71 9 133 371 104 81 134 86 115 0 207 304 127 83 130 129 44 0 
1 38 71 194 244 429 47 0 9 42 109 132 222 424 85 1 35 65 122 96 205 414 84 3 
1 38 39 88 309 454 95 0 9 40 64 108 214 455 134 0 23 43 102 103 170 430 151 2 
0 9 67 189 389 329 41 0 5 41 73 163 333 341 68 0 32 42 84 176 311 341 38 0 
9 32 78 186 320 340 59 0 9 47 98 167 289 316 98 0 25 56 109 158 303 303 70 0 
3 331 37 109 241 255 48 0 27 328 25 87 231 241 85 0 138 228 51 115 222 210 56 4 
98 675 108 55 28 46 14 0 314 490 85 55 20 33 27 0 606 239 82 24 21 49 3 0 
123 76 93 142 227 307 54 2 132 59 92 135 210 246 147 3 147 104 132 162 197 192 90 0 
29 93 123 115 174 347 143 0 63 53 87 109 154 263 274 21 77 72 95 119 151 275 229 6 
51 102 126 237 179 291 38 0 76 67 82 216 200 280 99 4 87 89 160 227 168 259 34 0 
85 160 173 194 181 185 45 1 166 151 144 188 160 139 75 1 177 159 215 194 138 123 17 1 
5 38 147 164 239 320 111 0 3 77 162 164 250 258 110 0 11 48 181 257 299 182 46 0 
278 189 164 122 127 101 43 0 353 160 129 110 133 91 48 0 386 129 147 129 138 75 20 0 
352 125 76 91 246 129 5 0 430 72 61 69 172 197 23 0 473 61 51 107 223 106 3 0 
156 640 115 35 57 19 2 0 304 578 49 37 46 9 1 0 777 133 45 46 18 5 0 0 
56 862 41 27 26 11 1 0 186 744 32 31 21 10 0 0 875 71 28 29 15 6 0 0 
35 554 81 125 195 30 4 0 256 361 54 129 190 27 5 2 525 145 121 177 40 10 4 2 
0 0 2 41 927 54 0 0 0 0 3 48 575 398 0 0 0 2 36 287 699 0 0 0 
1 32 86 299 554 52 0 0 13 58 79 238 559 77 0 0 67 90 305 446 116 0 0 0 
66 105 161 195 407 90 0 0 202 54 101 227 242 198 0 0 235 150 221 188 229 1 0 0 
101 68 55 125 468 204 3 0 185 30 66 105 324 314 0 0 211 75 108 227 352 51 0 0 
31 94 87 141 593 77 1 0 181 70 40 85 381 267 0 0 225 47 43 173 490 46 0 0 
184 184 149 247 234 26 0 0 278 133 123 176 268 46 0 0 375 139 184 254 71 1 0 0 
252 296 240 195 36 5 0 0 583 178 156 90 14 3 0 0 729 172 91 28 4 0 0 0 
30 101 73 421 366 33 0 0 114 74 457 159 175 45 0 0 254 456 69 151 90 4 0 0 
82 141 180 242 216 128 33 2 204 216 220 145 155 78 6 0 311 261 101 113 148 80 10 0 
36 619 106 79 78 92 14 0 116 617 91 62 47 88 3 0 225 541 75 59 60 64 0 0 
0 658 236 2 27 101 0 0 1 805 87 3 14 100 14 0 9 838 47 2 16 105 7 0 
14 525 177 21 71 173 43 0 57 603 58 27 70 160 49 0 119 570 54 73 91 98 19 0 
171 310 92 77 111 174 77 12 259 256 84 87 107 187 36 8 334 241 105 83 142 107 6 6 
150 420 147 25 53 162 63 4 253 426 54 50 60 165 14 2 324 395 64 51 88 98 4 0 
115 380 155 73 69 163 60 9 231 365 118 68 42 157 38 5 337 371 73 40 80 106 16 1 
26 227 244 105 79 245 93 5 60 315 193 73 89 188 106 0 132 316 188 79 78 157 74 0 
15 290 510 60 43 60 46 0 50 362 444 45 38 65 20 0 103 468 331 39 47 24 12 0 
2 176 588 61 58 92 46 1 4 288 525 49 28 103 27 0 34 425 402 30 51 82 0 0 
9 227 523 62 72 103 27 1 61 401 312 64 53 91 38 4 85 480 259 45 51 85 19 0 
63 179 525 56 48 86 56 11 100 380 335 48 39 92 23 7 123 455 248 44 61 77 10 6 
42 119 203 172 192 163 117 16 57 146 202 153 122 167 160 17 92 175 195 143 113 216 75 15 
80 318 155 91 148 148 76 8 141 308 149 43 94 147 142 0 226 293 92 43 117 151 102 0 
25 267 107 115 168 255 86 1 88 253 113 120 127 189 130 4 145 297 90 86 95 243 67 1 
15 272 160 177 184 150 66 0 49 297 186 161 120 93 118 0 118 342 159 93 109 156 47 0 
211 143 255 161 120 101 32 1 247 252 188 114 91 98 31 3 379 223 140 68 102 84 26 2 
90 295 122 89 158 144 125 1 277 197 112 119 87 113 118 1 444 131 109 78 122 99 41 0 
69 366 100 86 147 181 73 2 240 243 104 110 83 108 133 3 403 177 90 68 86 117 83 0 
141 333 102 79 147 153 69 0 204 286 90 72 108 131 129 4 323 198 87 95 123 127 68 3 
53 668 127 86 55 22 12 1 193 616 123 46 21 18 7 0 719 200 45 31 16 13 0 0 
85 828 57 17 15 10 10 2 367 603 12 12 17 4 9 0 849 124 11 18 10 9 3 0 
80 892 38 7 5 2 0 0 473 533 10 3 5 0 0 0 957 54 5 6 2 0 0 0 
51 882 39 23 20 7 2 0 438 527 18 25 13 3 0 0 923 59 24 12 6 0 0 0 
9 885 61 24 33 12 0 0 541 393 31 27 23 9 0 0 925 44 25 25 5 0 0 0 
137 814 31 23 16 3 0 0 724 240 21 17 16 6 0 0 948 33 13 20 8 2 0 0 
173 636 20 27 111 39 18 0 389 424 18 15 73 78 25 2 752 70 11 16 74 75 25 1 
205 551 116 64 45 32 11 0 353 416 103 64 42 24 22 0 629 201 70 52 32 29 11 0 
121 386 81 46 133 227 30 0 294 243 68 45 114 216 44 0 470 98 77 71 182 125 1 0 
25 260 229 307 109 87 7 0 194 191 298 179 118 39 5 0 404 166 221 178 40 13 2 0 
167 108 109 204 409 21 4 2 221 105 85 156 360 92 4 1 320 85 148 306 161 4 0 0 
357 189 47 128 288 12 3 0 413 148 34 89 308 29 3 0 531 65 124 223 78 3 0 0 
1 120 395 75 343 90 0 0 90 195 257 50 332 100 0 0 273 270 77 298 106 0 0 0 
45 60 265 82 394 178 0 0 100 59 242 58 358 207 0 0 156 248 54 327 217 22 0 0 
0 45 44 88 711 136 0 0 0 58 36 134 396 400 0 0 54 59 127 291 424 69 0 0 
42 102 84 238 546 12 0 0 112 58 68 214 543 29 0 0 165 110 168 526 55 0 0 0 
16 105 207 463 186 42 5 0 328 283 106 162 105 35 3 2 614 133 145 92 34 4 2 0 
1 72 110 474 294 73 0 0 85 124 577 65 85 83 5 0 587 216 54 64 83 20 0 0 
54 394 25 237 312 2 0 0 159 312 310 243 0 0 0 0 274 581 168 1 0 0 0 0 
18 970 36 0 0 0 0 0 97 922 5 0 0 0 0 0 275 749 0 0 0 0 0 0 
0 775 249 0 0 0 0 0 6 951 67 0 0 0 0 0 23 989 12 0 0 0 0 0 
8 427 234 126 87 82 60 0 1 386 210 115 102 105 104 1 7 493 158 120 82 95 69 0 
8 157 165 92 167 399 35 1 8 107 149 106 131 398 122 3 4 162 153 79 136 345 141 4 
13 128 78 41 345 402 17 0 15 165 40 21 168 574 41 0 13 162 45 48 218 498 40 0 
57 291 111 67 152 334 10 2 90 294 75 52 113 344 54 2 96 311 61 65 147 312 29 3 
29 177 266 16 54 455 27 0 33 287 152 10 45 312 185 0 63 293 117 18 43 379 111 0 
47 218 552 18 107 81 1 0 58 278 475 18 40 141 14 0 71 352 387 14 30 123 47 0 
1 169 823 11 6 13 1 0 3 242 748 11 2 13 5 0 3 254 736 11 1 11 8 0 
0 121 901 2 0 0 0 0 0 332 692 0 0 0 0 0 7 430 587 0 0 0 0 0 
0 110 771 25 27 78 13 0 41 395 588 0 0 0 0 0 40 520 462 2 0 0 0 0 
1 36 164 149 458 140 66 10 8 76 105 88 157 305 254 31 3 43 153 121 128 425 115 36 
51 26 16 39 360 287 222 23 27 40 22 18 46 438 382 51 32 40 22 19 81 450 330 50 
8 28 54 65 97 571 198 3 9 27 49 64 73 386 412 4 10 28 55 71 94 485 280 1 
54 445 33 14 24 309 145 0 125 396 11 16 17 159 299 1 252 269 11 15 22 268 186 1 
154 112 38 63 125 442 88 2 200 65 43 53 65 357 239 2 226 44 50 58 130 377 139 0 
286 71 64 52 49 238 263 1 376 50 42 39 55 381 81 0 429 72 213 186 108 16 0 0 
153 71 155 212 290 134 6 3 265 183 123 113 95 189 56 0 373 159 127 139 164 59 3 0 
140 53 65 130 416 203 17 0 147 59 72 152 291 277 26 0 186 66 113 346 253 51 9 0 
23 818 28 22 12 74 45 2 159 700 13 20 19 96 17 0 688 186 20 50 65 15 0 0 
0 1020 4 0 0 0 0 0 15 1009 0 0 0 0 0 0 741 283 0 0 0 0 0 0 
0 1015 9 0 0 0 0 0 90 934 0 0 0 0 0 0 989 35 0 0 0 0 0 0 
139 885 0 0 0 0 0 0 613 411 0 0 0 0 0 0 1024 0 0 0 0 0 0 0 
30 91 42 45 172 412 232 0 88 44 37 103 219 212 321 0 103 52 115 208 100 291 155 0 
14 48 27 30 203 413 288 1 35 29 29 61 295 205 369 1 53 37 72 268 131 233 230 0 
37 420 23 59 166 214 105 0 233 229 28 55 133 167 179 0 412 65 61 49 122 242 73 0 
115 833 40 24 12 0 0 0 659 291 40 11 23 0 0 0 887 68 37 29 3 0 0 0 
59 909 44 12 0 0 0 0 753 234 35 2 0 0 0 0 960 44 20 0 0 0 0 0 
156 480 149 136 82 17 4 0 495 205 164 77 63 19 1 0 691 146 82 82 18 5 0 0 
1 6 17 39 251 547 162 1 2 9 18 42 289 528 136 0 12 13 39 115 346 378 121 0 
12 50 74 84 95 437 272 0 16 59 76 82 105 369 317 0 31 80 54 86 136 307 330 0 
82 224 373 269 32 14 29 1 227 165 382 181 26 14 29 0 322 381 241 32 10 16 22 0 
19 17 134 854 0 0 0 0 19 19 212 774 0 0 0 0 34 131 859 0 0 0 0 0 
0 68 276 680 0 0 0 0 0 97 271 656 0 0 0 0 46 251 718 9 0 0 0 0 
0 6 572 361 84 1 0 0 0 84 648 212 79 1 0 0 44 622 276 82 0 0 0 0 
6 76 227 176 250 282 7 0 26 77 279 102 230 118 192 0 86 189 185 203 75 182 104 0 
0 36 32 126 144 658 28 0 39 17 155 56 73 279 405 0 115 94 49 66 64 257 379 0 
41 381 44 158 143 181 75 1 139 347 163 123 85 112 55 0 222 404 147 69 50 124 8 0 
3 988 33 0 0 0 0 0 30 989 5 0 0 0 0 0 169 855 0 0 0 0 0 0 
18 870 136 0 0 0 0 0 54 945 25 0 0 0 0 0 130 885 9 0 0 0 0 0 
54 273 78 69 133 355 62 0 49 210 78 94 137 273 179 4 118 220 67 125 185 291 18 0 
3 50 76 71 212 580 32 0 0 7 65 101 185 516 149 1 7 64 86 138 298 380 51 0 
0 19 52 96 315 505 37 0 0 8 60 120 235 495 106 0 6 44 102 193 313 345 21 0 
45 59 159 240 186 282 52 1 49 56 126 180 210 258 139 6 43 70 104 154 239 293 113 8 
26 74 36 51 91 661 85 0 36 69 32 40 68 456 322 1 70 47 30 41 74 514 248 0 
30 79 67 64 333 424 21 6 68 64 107 243 224 258 52 8 87 64 69 157 243 304 92 8 
61 160 78 58 105 437 124 1 95 139 75 57 108 344 206 0 111 125 72 67 87 355 207 0 
0 81 75 63 153 559 93 0 13 76 80 49 142 425 239 0 21 83 78 65 191 478 108 0 
15 83 71 96 142 471 145 1 37 315 234 124 98 201 15 0 56 166 372 142 108 177 3 0 
4 59 110 213 538 89 9 2 6 52 57 164 295 319 128 3 12 53 87 202 293 334 42 1 
107 135 66 79 302 209 126 0 96 133 61 52 67 355 254 6 102 140 60 54 101 381 184 2 
35 159 87 78 95 459 111 0 58 149 75 68 81 262 330 1 80 135 91 77 76 383 182 0 
143 263 97 41 56 294 130 0 184 231 83 45 39 185 254 3 220 214 79 32 75 256 148 0 
81 243 114 88 86 332 80 0 106 237 76 95 90 202 218 0 177 192 99 82 80 235 159 0 
402 348 36 20 32 106 79 1 475 296 19 27 45 126 36 0 631 168 105 55 35 27 3 0 
312 349 50 109 124 42 26 12 445 307 59 56 33 69 54 1 651 125 75 64 61 28 20 0 
255 313 64 113 166 71 41 1 362 215 68 114 121 105 38 1 506 100 86 158 98 49 26 1 
77 370 78 70 62 301 66 0 238 238 65 63 68 287 65 0 387 121 75 61 238 139 3 0 
99 445 76 61 175 131 37 0 362 209 59 53 94 179 68 0 476 127 43 54 127 167 30 0 
144 724 57 60 38 1 0 0 391 488 55 64 25 1 0 0 843 81 65 35 0 0 0 0 
355 500 49 62 58 0 0 0 682 173 52 70 46 1 0 0 844 62 81 37 0 0 0 0 
248 220 66 51 169 218 52 0 442 37 74 83 168 145 75 0 486 60 113 102 101 128 34 0 
288 180 37 36 187 270 26 0 443 43 35 101 239 162 1 0 475 38 139 233 116 23 0 0 
162 229 56 92 222 256 7 0 355 63 51 135 236 175 9 0 412 54 188 149 160 60 1 0 
405 455 94 44 26 0 0 0 733 123 93 50 25 0 0 0 809 107 62 42 4 0 0 0 
191 690 85 45 11 2 0 0 883 94 20 11 13 3 0 0 940 49 12 13 10 0 0 0 
352 313 113 137 65 17 27 0 623 107 54 117 78 13 32 0 704 70 145 49 16 25 15 0 
0 15 12 86 406 328 177 0 0 14 12 159 327 292 219 1 14 23 172 212 175 243 185 0 
0 0 19 193 355 310 147 0 0 4 58 283 256 206 217 0 8 95 165 232 160 205 159 0 
75 53 57 50 270 388 130 1 101 69 39 110 183 284 238 0 141 60 46 197 168 285 127 0 
25 25 148 551 151 104 20 0 35 57 291 363 132 111 35 0 100 401 191 183 89 60 0 0 
25 60 197 629 106 6 1 0 67 69 351 400 109 25 3 0 163 456 321 75 6 3 0 0 
6 54 216 361 315 72 0 0 23 90 286 226 249 149 1 0 122 222 225 194 200 61 0 0 
0 36 159 231 254 308 36 0 0 69 204 248 168 170 165 0 0 83 230 237 170 180 124 0 
0 0 0 0 0 1021 3 0 0 0 0 0 0 356 668 0 0 0 0 0 0 358 666 0 
27 382 78 270 229 33 5 0 145 421 320 125 13 0 0 0 250 575 178 21 0 0 0 0 
8 981 35 0 0 0 0 0 70 947 7 0 0 0 0 0 239 784 1 0 0 0 0 0 
12 960 52 0 0 0 0 0 77 944 3 0 0 0 0 0 213 811 0 0 0 0 0 0 
57 566 106 63 60 116 54 2 136 542 73 48 64 126 35 0 195 499 83 46 80 99 22 0 
33 308 139 115 128 201 100 0 83 293 111 106 131 205 94 1 103 294 121 108 151 187 58 2 
5 405 211 70 132 164 35 2 28 497 94 76 123 170 36 0 44 502 94 81 139 143 21 0 
28 431 223 72 101 120 46 3 37 554 95 68 103 124 43 0 39 570 100 56 133 98 28 0 
5 388 592 15 7 17 0 0 8 720 254 18 3 20 1 0 21 770 191 18 3 20 1 0 
0 226 796 2 0 0 0 0 1 664 359 0 0 0 0 0 2 795 227 0 0 0 0 0 
1 267 755 1 0 0 0 0 4 643 377 0 0 0 0 0 11 752 261 0 0 0 0 0 
196 461 296 32 34 5 0 0 214 634 96 12 33 31 4 0 268 622 61 34 19 20 0 0 
110 437 298 27 106 46 0 0 67 557 126 84 35 112 43 0 117 522 132 82 47 112 12 0 
8 247 514 27 63 96 65 4 22 522 222 26 46 95 74 17 22 541 203 28 51 86 76 17 
53 401 468 10 10 62 19 1 74 750 101 7 9 41 40 2 92 774 61 6 12 49 29 1 
43 603 332 37 9 0 0 0 31 816 33 27 76 41 0 0 71 792 24 41 95 1 0 0 
0 430 594 0 0 0 0 0 0 890 134 0 0 0 0 0 0 961 63 0 0 0 0 0 
0 361 663 0 0 0 0 0 0 960 64 0 0 0 0 0 0 1013 11 0 0 0 0 0 
0 876 148 0 0 0 0 0 0 1024 0 0 0 0 0 0 6 1018 0 0 0 0 0 0 
8 960 49 2 2 1 2 0 23 991 4 1 2 1 2 0 195 821 3 0 3 2 0 0 
35 582 73 60 97 134 39 4 87 533 64 55 85 92 100 8 291 321 75 50 92 100 89 6 
119 176 44 70 156 367 92 0 220 85 30 48 134 171 335 1 257 59 33 88 101 227 259 0 
114 228 111 196 229 146 0 0 240 81 53 74 244 264 68 0 261 50 54 45 152 283 179 0 
14 1010 0 0 0 0 0 0 947 77 0 0 0 0 0 0 1024 0 0 0 0 0 0 0 
2 1022 0 0 0 0 0 0 1012 12 0 0 0 0 0 0 1024 0 0 0 0 0 0 0 
70 954 0 0 0 0 0 0 1022 2 0 0 0 0 0 0 1024 0 0 0 0 0 0 0 
207 817 0 0 0 0 0 0 1024 0 0 0 0 0 0 0 1024 0 0 0 0 0 0 0 
82 718 18 87 57 57 5 0 762 38 3 80 55 73 13 0 793 7 18 74 62 62 8 0 
399 324 100 58 39 40 64 0 659 106 81 49 29 27 73 0 701 86 82 41 24 22 68 0 
102 142 203 143 62 107 262 3 214 157 165 99 61 44 282 2 273 150 153 91 42 50 265 0 
2 20 27 37 88 386 460 4 8 47 78 70 123 170 525 3 45 65 77 70 152 179 436 0 
5 16 41 96 311 411 144 0 9 24 43 148 223 305 271 1 19 35 119 92 186 377 196 0 
0 5 36 266 383 268 65 1 0 13 93 295 352 217 54 0 22 148 219 242 223 158 12 0 
0 16 67 202 465 265 8 1 0 78 228 257 323 136 2 0 10 149 257 217 282 109 0 0 
0 125 317 278 166 133 5 0 0 7 60 226 451 250 30 0 54 202 184 326 202 56 0 0 
0 0 62 306 351 287 18 0 0 24 85 186 475 221 33 0 33 103 213 414 161 100 0 0 
11 64 231 143 95 335 145 0 75 259 135 61 306 100 88 0 304 115 79 70 327 55 74 0 
15 196 125 113 77 360 138 0 85 246 150 94 83 114 252 0 161 169 98 134 96 114 252 0 
297 279 199 83 36 119 11 0 621 140 75 27 22 57 82 0 649 123 70 23 24 79 56 0 
32 507 229 158 85 12 1 0 145 536 188 94 50 11 0 0 393 452 114 51 14 0 0 0 
6 1001 17 0 0 0 0 0 44 978 2 0 0 0 0 0 230 794 0 0 0 0 0 0 
1 946 77 0 0 0 0 0 28 981 15 0 0 0 0 0 169 853 2 0 0 0 0 0 
62 490 31 29 101 306 5 0 128 448 6 29 73 221 119 0 211 369 6 44 118 174 102 0 
72 218 92 129 135 321 57 0 76 188 51 135 126 271 174 3 69 192 85 117 130 296 127 8 
54 617 116 41 30 124 41 1 133 578 53 44 51 120 45 0 191 542 53 43 29 131 35 0 
80 306 51 29 42 429 87 0 152 268 24 24 37 292 222 5 168 255 20 30 34 317 195 5 
87 179 67 60 80 437 109 5 107 188 34 65 58 206 359 7 99 200 32 62 57 246 322 6 
30 393 470 11 16 73 30 1 69 673 152 10 18 31 70 1 71 714 109 10 17 26 77 0 
87 305 313 11 28 204 74 2 166 421 117 11 21 103 178 7 193 431 82 10 18 106 182 2 
143 50 44 189 252 289 57 0 148 42 29 52 161 387 199 6 143 49 37 138 129 281 236 11 
2 188 130 83 462 159 0 0 11 281 15 26 89 529 73 0 25 272 19 21 255 391 41 0 
41 243 226 114 193 188 18 1 80 284 117 107 150 234 50 2 104 291 134 99 169 199 27 1 
181 113 64 32 131 376 126 1 211 112 35 23 50 219 368 6 239 87 41 27 67 235 324 4 
160 341 241 164 88 30 0 0 171 130 16 47 451 171 38 0 204 103 23 127 437 98 32 0 
89 300 223 46 68 209 87 2 135 364 96 33 52 179 165 0 170 362 73 21 48 227 123 0 
10 270 284 39 44 244 133 0 21 493 52 34 44 158 222 0 46 500 30 33 46 200 169 0 
52 702 270 0 0 0 0 0 108 915 1 0 0 0 0 0 220 804 0 0 0 0 0 0 
85 242 40 89 93 272 186 17 161 188 31 88 87 125 331 13 215 137 44 108 67 297 155 1 
34 110 62 60 145 478 126 9 64 94 51 49 116 268 357 25 38 113 55 49 121 344 281 23 
32 26 33 143 195 513 82 0 32 29 28 106 221 314 294 0 34 33 30 88 176 343 320 0 
7 36 141 345 358 134 3 0 7 13 36 108 452 401 7 0 3 6 39 32 293 581 70 0 
79 205 37 88 187 370 58 0 223 77 23 90 136 268 207 0 255 57 32 110 88 315 167 0 
108 236 23 20 209 412 16 0 312 33 22 14 111 454 78 0 338 11 26 41 126 452 30 0 
154 288 23 10 77 456 16 0 427 18 23 9 45 448 54 0 434 25 13 21 117 411 3 0 
336 246 27 79 102 190 44 0 555 34 43 62 87 200 43 0 568 53 51 73 123 150 6 0 
74 175 29 24 245 425 52 0 230 22 22 24 188 441 94 3 235 25 20 61 328 302 50 3 
0 0 0 1 110 656 257 0 0 0 0 0 97 442 485 0 0 0 0 1 219 512 292 0 
0 0 12 186 320 318 182 6 0 0 8 112 238 380 278 8 0 0 28 148 266 361 215 6 
0 29 96 167 436 238 55 3 0 7 101 243 424 192 53 4 16 90 163 251 355 106 40 3 
0 0 0 73 394 399 153 5 0 9 85 205 386 336 3 0 22 102 260 243 293 104 0 0 
0 2 74 181 248 364 155 0 2 51 125 112 391 342 1 0 113 183 508 202 18 0 0 0 
0 6 135 418 279 179 7 0 0 0 1 74 525 361 63 0 0 7 189 419 245 149 15 0 
0 66 294 276 230 156 2 0 0 0 12 274 441 254 43 0 0 77 417 237 146 142 5 0 
0 39 272 248 208 164 93 0 10 59 54 122 418 199 162 0 42 82 248 229 199 122 102 0 
0 11 41 140 255 440 137 0 5 33 106 186 371 209 114 0 16 90 246 239 258 129 46 0 
0 0 28 158 123 450 265 0 66 92 66 209 223 171 197 0 125 71 264 215 92 139 118 0 
178 252 133 110 132 168 51 0 357 116 110 85 104 176 76 0 376 123 113 73 114 169 56 0 
90 503 181 132 77 33 7 1 316 408 136 95 33 22 14 0 610 225 116 39 23 11 0 0 
39 972 13 0 0 0 0 0 164 859 1 0 0 0 0 0 436 588 0 0 0 0 0 0 
2 994 28 0 0 0 0 0 24 998 2 0 0 0 0 0 143 881 0 0 0 0 0 0 
78 388 36 85 175 260 2 0 147 332 16 41 155 263 70 0 215 265 27 75 141 233 68 0 
44 78 89 124 269 394 26 0 31 55 64 97 167 445 164 1 35 55 82 97 198 441 116 0 
97 355 128 54 141 194 47 8 211 239 102 51 108 239 65 9 257 202 111 51 139 207 48 9 
80 184 86 48 86 452 77 11 161 128 74 46 112 346 143 14 152 128 92 38 118 372 112 12 
111 106 56 78 141 481 51 0 142 75 59 62 89 322 274 1 157 63 54 70 88 335 256 1 
89 354 369 28 22 132 30 0 135 413 224 68 13 82 89 0 166 396 227 50 14 90 81 0 
77 306 146 39 79 272 104 1 142 246 118 62 43 161 252 0 161 230 109 65 49 159 248 3 
119 24 59 192 294 262 72 2 122 16 39 48 176 376 244 3 117 29 39 107 148 285 279 20 
46 161 99 100 591 27 0 0 92 105 98 39 76 600 14 0 103 117 82 39 307 376 0 0 
76 401 262 200 78 7 0 0 178 112 179 220 207 105 22 1 232 171 234 161 152 65 9 0 
71 72 110 124 94 483 70 0 67 44 96 142 97 208 370 0 94 64 125 128 72 174 367 0 
207 324 237 166 46 44 0 0 196 61 25 83 439 204 16 0 214 55 50 155 450 96 4 0 
4 175 207 241 172 216 9 0 14 60 33 103 377 371 66 0 32 51 30 45 228 532 102 4 
4 93 29 22 86 640 150 0 20 82 24 22 60 400 416 0 24 81 25 23 86 547 238 0 
114 413 66 39 185 198 9 0 315 221 66 41 128 204 48 1 463 96 54 47 169 176 19 0 
58 154 34 34 59 576 106 3 169 46 32 37 55 334 349 2 180 40 33 40 61 522 148 0 
32 318 72 63 133 359 46 1 192 165 65 48 106 295 150 3 178 183 61 53 121 344 81 3 
82 96 97 107 123 486 33 0 102 97 87 89 121 355 173 0 111 112 82 98 110 430 81 0 
202 142 181 211 267 21 0 0 274 54 57 121 266 250 2 0 268 39 39 71 199 381 27 0 
219 132 113 298 187 71 4 0 229 101 59 133 303 183 16 0 215 101 72 113 176 308 38 1 
312 59 25 8 153 454 13 0 348 23 25 8 78 471 71 0 360 15 23 12 78 514 22 0 
371 48 26 22 61 484 12 0 401 23 23 23 67 457 30 0 411 23 18 30 89 452 1 0 
371 102 69 104 120 200 58 0 400 107 110 93 126 166 22 0 477 106 141 84 97 117 2 0 
0 1 35 180 343 426 39 0 2 61 193 196 374 189 9 0 101 310 278 144 124 67 0 0 
0 0 0 45 173 720 86 0 0 0 45 58 99 623 199 0 0 29 64 61 303 514 53 0 
59 37 35 54 125 640 70 4 75 27 33 32 99 315 439 4 77 30 35 45 148 669 15 5 
9 121 129 132 143 444 45 1 9 122 126 130 137 375 124 1 51 125 137 133 158 409 11 0 
6 152 141 142 90 365 121 7 119 199 164 129 81 311 21 0 211 196 165 85 94 273 0 0 
0 4 207 288 182 253 90 0 94 90 47 160 355 257 21 0 158 77 155 219 264 151 0 0 
7 58 365 337 218 39 0 0 1 26 61 148 629 146 13 0 1 74 308 413 217 11 0 0 
33 202 389 247 143 10 0 0 0 0 25 265 573 151 10 0 22 199 378 320 98 7 0 0 
0 14 238 202 149 393 28 0 0 0 0 96 417 313 197 1 0 39 286 167 75 308 149 0 
0 8 189 265 162 366 34 0 0 28 102 105 152 443 194 0 0 5 99 108 274 367 171 0 
0 0 332 269 213 193 17 0 22 13 38 107 368 393 83 0 31 39 141 207 346 206 54 0 
114 89 157 132 265 262 5 0 142 84 148 111 215 312 12 0 175 132 124 100 372 120 1 0 
103 218 31 130 230 296 16 0 228 100 96 132 107 342 19 0 292 122 107 101 342 60 0 0 
78 939 7 0 0 0 0 0 336 687 1 0 0 0 0 0 655 369 0 0 0 0 0 0 
3 1010 11 0 0 0 0 0 36 988 0 0 0 0 0 0 200 824 0 0 0 0 0 0 
21 790 38 16 45 113 1 0 103 720 28 13 41 74 45 0 231 597 24 21 40 79 32 0 
102 337 128 116 117 191 32 1 133 303 117 111 102 146 110 2 168 279 123 115 87 141 106 5 
136 600 167 32 29 60 0 0 208 537 153 26 25 48 27 0 268 487 138 29 30 46 26 0 
83 173 138 161 249 211 9 0 102 176 138 152 219 204 33 0 82 175 124 110 224 267 42 0 
25 590 221 29 42 80 37 0 66 702 69 26 28 58 75 0 96 647 82 38 26 67 68 0 
6 623 364 8 7 4 12 0 11 844 129 18 6 4 12 0 13 854 119 16 6 6 10 0 
6 404 549 8 13 32 12 0 17 843 94 12 14 19 25 0 25 863 70 9 15 18 24 0 
8 363 577 25 5 45 1 0 12 883 48 29 2 46 4 0 19 906 24 23 3 45 4 0 
1 380 623 20 0 0 0 0 5 940 49 30 0 0 0 0 8 968 30 18 0 0 0 0 
2 331 439 71 90 57 33 1 19 660 84 75 85 57 40 4 24 676 72 69 78 61 39 5 
0 573 451 0 0 0 0 0 1 1018 5 0 0 0 0 0 14 1007 3 0 0 0 0 0 
6 778 240 0 0 0 0 0 28 996 0 0 0 0 0 0 92 932 0 0 0 0 0 0 
9 733 251 12 12 7 0 0 27 957 10 14 11 5 0 0 140 850 6 15 10 3 0 0 
8 649 108 42 107 92 18 0 72 684 10 40 74 110 34 0 178 582 14 41 94 99 16 0 
16 996 12 0 0 0 0 0 460 564 0 0 0 0 0 0 912 112 0 0 0 0 0 0 
21 850 75 56 21 1 0 0 509 355 61 40 56 3 0 0 775 85 21 44 54 45 0 0 
9 700 27 62 107 89 30 0 477 246 27 43 105 87 38 1 603 115 17 42 110 92 44 1 
105 395 268 110 130 16 0 0 167 301 152 159 213 30 2 0 88 247 212 135 243 96 3 0 
371 382 127 63 66 15 0 0 445 144 161 168 60 43 3 0 324 192 149 144 155 53 7 0 
262 279 167 187 125 4 0 0 55 282 251 179 205 52 0 0 56 175 317 249 169 48 10 0 
346 348 61 31 83 151 4 0 226 202 205 166 175 50 0 0 228 103 215 195 254 29 0 0 
188 118 25 27 105 561 0 0 292 38 14 47 511 122 0 0 310 24 34 247 403 6 0 0 
670 175 69 42 21 41 6 0 637 124 160 52 36 15 0 0 531 233 110 122 25 3 0 0 
0 0 62 248 259 419 36 0 12 165 194 203 429 21 0 0 334 370 292 28 0 0 0 0 
0 122 295 206 131 270 0 0 2 124 197 234 265 202 0 0 46 244 230 248 161 95 0 0 
17 101 119 84 140 530 33 0 36 78 51 161 122 475 101 0 88 48 75 170 226 412 5 0 
0 0 1 42 251 685 45 0 0 0 1 2 210 494 317 0 0 1 1 15 344 661 2 0 
0 0 0 0 71 930 23 0 0 0 0 0 40 637 347 0 0 0 0 2 248 774 0 0 
0 0 24 59 126 787 28 0 0 6 20 60 101 830 7 0 0 23 22 92 318 569 0 0 
41 90 117 336 314 126 0 0 69 63 59 200 391 231 11 0 115 59 186 363 216 85 0 0 
0 0 104 775 137 8 0 0 0 0 0 14 625 367 18 0 0 1 18 522 448 34 1 0 
1 20 177 247 386 182 11 0 6 23 64 146 342 413 30 0 30 66 119 283 356 169 1 0 
6 63 150 192 166 374 73 0 0 92 106 104 243 256 222 1 0 42 174 169 265 186 187 1 
0 11 82 89 249 572 21 0 0 0 35 93 287 438 171 0 0 47 85 149 367 238 138 0 
87 109 99 85 445 199 0 0 146 78 83 86 388 243 0 0 188 90 68 170 487 21 0 0 
91 274 20 88 124 385 42 0 314 61 57 104 177 311 0 0 366 44 38 124 256 196 0 0 
174 850 0 0 0 0 0 0 792 232 0 0 0 0 0 0 960 64 0 0 0 0 0 0 
46 975 3 0 0 0 0 0 222 802 0 0 0 0 0 0 557 467 0 0 0 0 0 0 
102 919 3 0 0 0 0 0 313 711 0 0 0 0 0 0 514 510 0 0 0 0 0 0 
104 27 22 84 92 635 60 0 116 21 15 73 97 632 70 0 122 15 28 84 105 660 10 0 
0 5 20 89 605 285 20 0 0 2 10 80 328 592 12 0 0 5 27 74 420 489 9 0 
0 0 0 26 573 421 4 0 0 0 11 93 182 731 7 0 0 0 14 113 228 668 1 0 
58 443 96 114 186 113 14 0 103 404 16 106 157 178 60 0 184 327 19 78 181 177 58 0 
52 172 92 225 273 203 7 0 46 194 18 58 303 366 39 0 62 179 20 41 250 438 34 0 
26 209 379 209 97 85 19 0 32 313 228 122 185 77 67 0 34 362 195 176 120 82 55 0 
17 212 404 124 73 163 31 0 34 421 152 75 112 105 124 1 45 429 152 118 68 93 119 0 
14 560 271 35 43 80 20 1 80 761 40 74 49 20 0 0 136 709 32 62 59 26 0 0 
2 224 408 110 81 108 76 15 87 514 111 85 59 83 71 14 106 507 91 85 73 77 70 15 
35 433 536 13 7 0 0 0 69 803 130 15 7 0 0 0 122 786 99 14 3 0 0 0 
23 476 90 13 46 291 85 0 92 477 24 33 37 347 14 0 193 404 66 274 75 12 0 0 
26 608 132 23 103 125 7 0 149 568 50 26 80 102 49 0 250 486 38 45 101 97 7 0 
12 46 66 127 54 618 101 0 10 20 33 152 84 477 248 0 3 17 35 142 106 545 176 0 
57 123 278 286 213 59 8 0 69 64 85 316 345 104 41 0 81 66 128 236 351 120 42 0 
37 131 214 191 263 168 20 0 85 68 86 240 221 231 90 3 98 62 67 140 230 270 146 11 
230 134 127 82 113 287 51 0 237 68 129 127 167 239 57 0 240 52 63 129 299 211 30 0 
324 224 287 90 34 50 15 0 391 277 192 81 36 33 14 0 250 381 226 93 33 35 6 0 
782 215 26 1 0 0 0 0 793 135 91 5 0 0 0 0 589 322 103 10 0 0 0 0 
109 299 298 297 21 0 0 0 41 47 383 315 238 0 0 0 31 35 377 448 133 0 0 0 
422 205 105 153 92 47 0 0 40 314 323 123 206 18 0 0 34 254 427 205 100 4 0 0 
13 37 28 49 137 677 82 1 67 88 84 149 267 368 1 0 136 85 168 219 351 65 0 0 
504 128 56 83 63 162 28 0 603 86 75 54 62 143 1 0 657 77 72 51 153 14 0 0 
0 0 16 286 594 127 1 0 0 51 180 512 272 9 0 0 56 439 482 47 0 0 0 0 
203 248 283 122 81 84 3 0 233 174 258 255 94 10 0 0 141 432 356 94 1 0 0 0 
82 244 308 214 176 0 0 0 87 186 320 332 99 0 0 0 181 222 375 237 9 0 0 0 
0 5 136 488 198 190 7 0 0 48 287 354 135 200 0 0 18 173 320 210 139 164 0 0 
0 0 0 194 223 598 9 0 0 0 13 271 138 567 35 0 0 0 80 305 70 569 0 0 
0 0 0 1 73 948 2 0 0 0 0 9 59 888 68 0 0 0 0 26 80 918 0 0 
0 0 13 174 131 706 0 0 0 0 0 0 185 755 84 0 0 0 0 113 210 701 0 0 
0 0 17 439 428 140 0 0 0 0 0 4 290 688 39 3 0 0 4 85 670 249 16 0 
0 92 130 438 255 109 0 0 0 0 0 43 440 529 12 0 0 0 6 234 554 229 1 0 
17 58 188 319 276 166 0 0 0 16 32 103 363 423 87 0 0 2 106 141 449 287 39 0 
11 30 172 158 298 330 25 0 32 64 151 136 275 355 11 0 92 152 138 208 330 94 10 0 
181 173 86 83 387 114 0 0 323 80 47 67 321 186 0 0 357 72 50 227 307 11 0 0 
9 305 62 102 303 223 20 0 49 304 62 244 124 222 19 0 146 248 168 190 55 217 0 0 
340 666 18 0 0 0 0 0 869 145 10 0 0 0 0 0 949 74 1 0 0 0 0 0 
98 802 20 12 83 9 0 0 545 361 15 12 76 15 0 0 864 56 11 54 39 0 0 0 
147 490 23 17 316 31 0 0 408 233 22 17 181 163 0 0 574 74 19 25 332 0 0 0 
62 34 16 16 126 746 24 0 88 15 9 21 83 789 19 0 93 11 16 15 105 780 4 0 
0 0 6 71 409 538 0 0 0 0 6 50 212 736 20 0 0 0 6 61 260 692 5 0 
0 15 28 85 499 380 17 0 13 31 88 95 236 504 56 1 23 34 86 138 244 475 24 0 
0 0 0 46 120 856 2 0 0 0 0 1 87 332 604 0 0 0 0 2 95 285 642 0 
0 0 0 0 3 1018 3 0 0 0 0 0 1 577 446 0 0 0 0 0 1 475 548 0 
18 11 36 77 262 597 23 0 23 7 31 28 86 686 163 0 21 9 33 55 141 694 71 0 
74 59 31 46 243 570 1 0 115 30 23 22 45 623 163 3 120 30 26 33 108 624 83 0 
14 153 166 107 145 337 100 2 67 150 209 199 219 174 6 0 116 113 223 223 250 99 0 0 
27 175 162 149 215 181 82 33 213 389 221 82 60 30 29 0 274 226 268 113 71 41 28 3 
246 201 109 141 201 121 5 0 323 126 46 52 218 165 93 1 326 128 38 68 139 181 136 8 
3 22 59 53 68 587 232 0 10 30 66 35 87 619 177 0 35 74 155 213 143 321 83 0 
4 98 106 233 169 304 108 2 47 87 186 220 138 217 129 0 30 93 118 217 208 293 65 0 
32 81 98 94 107 553 59 0 29 85 120 63 76 488 163 0 19 88 140 64 60 551 102 0 
107 181 271 220 150 85 10 0 88 98 122 228 290 168 30 0 76 97 94 200 290 242 25 0 
61 199 112 123 220 231 76 2 162 144 102 162 173 228 53 0 206 97 116 181 183 202 39 0 
151 307 122 71 73 296 4 0 344 129 100 74 85 277 15 0 375 101 109 72 138 224 5 0 
158 454 236 64 39 73 0 0 477 276 63 99 33 73 3 0 344 320 120 73 97 70 0 0 
496 283 175 62 7 1 0 0 605 150 173 91 5 0 0 0 455 233 182 79 73 2 0 0 
482 313 155 74 0 0 0 0 393 95 346 137 53 0 0 0 363 99 207 267 88 0 0 0 
708 227 65 22 2 0 0 0 388 278 252 75 27 4 0 0 405 150 290 158 21 0 0 0 
328 67 32 60 29 457 51 0 402 68 25 17 35 475 2 0 424 48 34 16 479 23 0 0 
499 82 62 71 61 242 7 0 634 86 39 24 91 146 4 0 687 53 36 38 201 9 0 0 
0 0 33 273 486 232 0 0 93 492 176 158 81 24 0 0 398 322 122 112 68 2 0 0 
412 148 175 113 143 33 0 0 605 149 63 190 17 0 0 0 632 217 155 20 0 0 0 0 
54 89 250 298 297 36 0 0 89 234 283 239 171 8 0 0 133 318 291 184 93 5 0 0 
0 11 74 119 169 498 151 2 0 23 88 142 257 400 114 0 0 23 90 172 239 424 76 0 
0 0 0 96 838 82 8 0 0 0 10 111 668 219 16 0 0 0 18 407 511 80 8 0 
0 0 1 109 814 100 0 0 0 0 14 302 566 141 1 0 0 0 46 601 263 114 0 0 
0 0 0 96 510 416 2 0 0 0 0 426 179 410 9 0 0 0 0 495 130 399 0 0 
0 0 0 74 188 757 5 0 0 0 0 207 58 730 29 0 0 0 0 230 49 744 1 0 
0 0 0 3 18 1003 0 0 0 0 0 2 16 958 48 0 0 0 0 4 19 999 2 0 
0 0 0 0 19 1003 2 0 0 0 0 0 0 815 209 0 0 0 0 0 23 951 50 0 
0 0 44 96 324 560 0 0 0 22 113 128 159 578 24 0 39 94 93 93 220 480 5 0 
0 6 10 99 456 453 0 0 0 6 30 87 340 525 36 0 2 7 75 140 501 299 0 0 
86 68 77 244 182 357 10 0 148 81 128 102 187 332 46 0 240 110 38 123 159 348 6 0 
401 423 10 37 21 124 8 0 790 34 4 35 26 111 24 0 812 14 8 41 18 120 11 0 
211 590 57 96 70 0 0 0 719 106 62 84 53 0 0 0 798 77 95 54 0 0 0 0 
12 67 141 275 485 43 1 0 59 67 184 214 406 77 17 0 85 155 230 279 244 14 17 0 
82 365 127 125 139 164 22 0 264 204 107 113 149 139 48 0 315 165 124 103 136 148 33 0 
7 782 48 86 81 20 0 0 114 678 33 73 80 46 0 0 486 311 48 76 78 25 0 0 
4 788 28 32 133 32 7 0 50 744 24 8 59 113 26 0 111 683 24 7 70 106 23 0 
0 793 41 49 35 103 3 0 33 767 32 36 35 58 63 0 218 582 32 43 36 67 46 0 
2 819 49 34 29 89 2 0 80 753 37 32 26 62 34 0 284 546 40 29 29 72 24 0 
13 661 75 84 75 103 13 0 112 592 56 117 33 85 29 0 374 342 63 110 23 87 25 0 
12 467 76 163 206 98 2 0 87 436 34 293 76 75 23 0 143 387 88 263 46 89 8 0 
50 674 102 101 96 1 0 0 246 539 127 72 39 1 0 0 402 418 114 70 20 0 0 0 
23 556 131 107 121 63 23 0 156 485 129 52 84 88 30 0 353 317 106 54 82 83 29 0 
29 956 29 10 0 0 0 0 509 478 19 15 3 0 0 0 863 120 16 16 9 0 0 0 
10 973 20 21 0 0 0 0 744 243 17 20 0 0 0 0 962 37 10 15 0 0 0 0 
0 1011 13 0 0 0 0 0 843 181 0 0 0 0 0 0 993 31 0 0 0 0 0 0 
2 1022 0 0 0 0 0 0 994 30 0 0 0 0 0 0 1023 1 0 0 0 0 0 0 
2 1022 0 0 0 0 0 0 1016 8 0 0 0 0 0 0 1024 0 0 0 0 0 0 0 
1 1023 0 0 0 0 0 0 1003 21 0 0 0 0 0 0 1024 0 0 0 0 0 0 0 
33 735 10 67 88 85 6 0 746 23 32 50 93 71 9 0 764 4 48 39 103 63 3 0 
41 941 40 2 0 0 0 0 956 48 20 0 0 0 0 0 963 43 18 0 0 0 0 0 
147 877 0 0 0 0 0 0 1024 0 0 0 0 0 0 0 1024 0 0 0 0 0 0 0 
527 497 0 0 0 0 0 0 1024 0 0 0 0 0 0 0 1024 0 0 0 0 0 0 0 
903 121 0 0 0 0 0 0 1024 0 0 0 0 0 0 0 1024 0 0 0 0 0 0 0 
1024 0 0 0 0 0 0 0 1024 0 0 0 0 0 0 0 1024 0 0 0 0 0 0 0 
739 104 47 42 55 33 4 0 955 28 12 11 10 5 3 0 970 19 14 9 7 5 0 0 
1 57 242 321 264 139 0 0 143 272 293 159 88 69 0 0 271 323 199 111 119 1 0 0 
621 119 61 76 114 33 0 0 879 98 24 22 1 0 0 0 938 48 23 15 0 0 0 0 
96 32 33 319 506 38 0 0 101 48 183 285 405 2 0 0 123 81 177 469 171 3 0 0 
0 0 15 48 52 817 92 0 0 0 16 63 68 448 429 0 0 0 15 61 72 468 408 0 
0 0 0 37 411 539 37 0 0 0 0 22 210 733 59 0 0 0 0 44 622 321 37 0 
0 0 0 37 604 383 0 0 0 0 0 35 325 664 0 0 0 0 0 56 819 149 0 0 
0 0 0 0 939 85 0 0 0 0 0 145 748 131 0 0 0 0 0 338 624 62 0 0 
0 0 0 9 1015 0 0 0 0 0 0 660 359 5 0 0 0 0 0 886 138 0 0 0 
0 0 0 183 777 63 1 0 0 0 0 890 69 40 25 0 0 0 0 927 38 58 1 0 
0 46 227 232 192 311 16 0 194 80 95 275 58 114 208 0 226 64 112 264 44 231 83 0 
0 7 30 242 161 578 6 0 15 24 51 170 172 208 384 0 22 23 85 175 136 507 76 0 
0 0 0 0 183 832 9 0 0 0 0 0 173 668 183 0 0 0 0 0 175 767 82 0 
0 0 3 31 175 804 11 0 0 0 0 15 135 760 114 0 0 0 0 15 137 745 127 0 
463 216 24 1 13 281 26 0 671 8 24 1 4 247 69 0 672 10 22 0 16 267 37 0 
265 749 6 4 0 0 0 0 976 42 5 1 0 0 0 0 1009 10 5 0 0 0 0 0 
5 62 74 760 54 57 12 0 32 51 546 278 49 54 14 0 67 350 423 82 35 62 5 0 
8 261 19 68 273 380 15 0 115 154 19 54 246 382 54 0 142 132 16 50 244 356 84 0 
7 998 11 3 5 0 0 0 56 954 6 3 5 0 0 0 562 449 7 4 2 0 0 0 
1 861 98 39 19 6 0 0 13 876 75 35 19 6 0 0 282 663 45 20 14 0 0 0 
4 760 104 49 107 0 0 0 73 734 71 47 99 0 0 0 316 543 33 103 29 0 0 0 
1 682 205 109 27 0 0 0 10 729 101 147 37 0 0 0 94 663 149 97 21 0 0 0 
0 452 67 63 411 31 0 0 3 470 48 71 428 4 0 0 101 404 28 293 198 0 0 0 
0 0 0 0 1024 0 0 0 0 0 0 105 919 0 0 0 0 0 0 838 186 0 0 0 
27 239 41 58 392 258 9 0 161 127 46 95 295 241 59 0 233 62 48 266 132 258 25 0 
1 431 37 29 87 388 51 0 170 282 33 33 53 371 82 0 325 122 35 28 62 352 100 0 
0 1023 1 0 0 0 0 0 430 594 0 0 0 0 0 0 999 25 0 0 0 0 0 0 
17 1007 0 0 0 0 0 0 621 403 0 0 0 0 0 0 985 39 0 0 0 0 0 0 
49 975 0 0 0 0 0 0 604 420 0 0 0 0 0 0 977 47 0 0 0 0 0 0 
0 1024 0 0 0 0 0 0 686 338 0 0 0 0 0 0 1001 23 0 0 0 0 0 0 
33 991 0 0 0 0 0 0 990 34 0 0 0 0 0 0 1024 0 0 0 0 0 0 0 
80 600 27 25 45 188 59 0 623 63 25 24 42 65 182 0 671 44 28 19 33 81 148 0 
51 574 35 57 129 149 29 0 593 46 30 50 176 120 9 0 641 89 69 68 84 67 6 0 
20 945 23 17 4 4 11 0 939 34 29 4 4 13 1 0 951 30 34 9 0 0 0 0 
28 996 0 0 0 0 0 0 1024 0 0 0 0 0 0 0 1024 0 0 0 0 0 0 0 
401 368 65 64 78 48 0 0 725 62 57 59 65 55 1 0 741 61 69 61 70 22 0 0 
778 198 4 14 19 11 0 0 966 10 5 7 20 16 0 0 968 10 6 13 22 5 0 0 
866 76 49 17 14 2 0 0 917 31 18 9 40 9 0 0 928 24 14 19 37 2 0 0 
237 93 203 321 103 66 1 0 334 169 210 260 45 6 0 0 482 218 270 47 7 0 0 0 
0 6 122 234 378 282 2 0 48 280 380 206 79 31 0 0 222 354 221 149 64 14 0 0 
429 98 117 118 170 92 0 0 631 211 154 24 4 0 0 0 850 141 30 3 0 0 0 0 
43 21 22 272 647 19 0 0 73 34 139 256 511 11 0 0 117 56 167 408 276 0 0 0 
0 2 78 74 206 659 5 0 0 0 61 98 168 541 156 0 0 0 31 134 194 594 71 0 
0 0 3 80 718 214 9 0 0 0 8 152 685 151 28 0 0 17 343 352 210 94 8 0 
0 28 41 64 647 244 0 0 0 32 40 63 597 272 20 0 0 19 45 445 273 241 1 0 
0 0 20 17 482 482 23 0 0 10 12 17 154 671 160 0 0 13 13 21 617 166 194 0 
0 0 0 8 459 556 1 0 0 0 0 21 427 538 38 0 0 0 0 67 433 475 49 0 
0 40 74 221 623 66 0 0 41 55 75 381 415 57 0 0 60 64 78 468 306 48 0 0 
0 2 165 691 166 0 0 0 264 254 178 184 144 0 0 0 390 164 197 222 51 0 0 0 
0 0 15 268 741 0 0 0 2 19 24 210 769 0 0 0 12 18 28 335 631 0 0 0 
0 0 0 0 1024 0 0 0 0 0 0 0 1024 0 0 0 0 0 0 0 1024 0 0 0 
0 0 0 51 288 685 0 0 0 0 0 21 171 660 172 0 0 0 0 21 176 667 160 0 
417 287 0 0 66 203 51 0 671 33 0 0 36 200 84 0 672 32 0 0 42 186 92 0 
367 657 0 0 0 0 0 0 992 32 0 0 0 0 0 0 1024 0 0 0 0 0 0 0 
51 190 60 704 15 4 0 0 153 100 480 279 9 3 0 0 235 271 486 28 4 0 0 0 
3 73 27 151 414 351 5 0 5 69 32 103 407 373 35 0 11 68 60 219 277 366 23 0 
4 103 91 507 316 3 0 0 3 108 59 337 509 8 0 0 29 96 131 691 77 0 0 0 
0 0 135 445 368 76 0 0 0 0 194 517 251 62 0 0 0 93 406 374 143 8 0 0 
0 0 0 200 550 261 13 0 0 0 7 347 476 181 13 0 0 0 135 418 345 123 3 0 
0 0 17 535 390 65 17 0 0 0 1 269 556 155 42 1 0 0 20 439 396 124 39 6 
50 147 91 180 397 159 0 0 82 110 82 151 412 163 24 0 114 94 80 276 314 142 4 0 
0 3 141 191 524 153 12 0 0 0 48 222 532 147 75 0 0 0 36 399 368 127 94 0 
46 223 137 232 271 105 10 0 141 200 134 192 247 64 46 0 212 175 175 253 121 49 39 0 
155 269 129 183 173 87 28 0 243 236 149 171 132 71 22 0 265 209 162 178 126 63 21 0 
588 329 49 9 18 19 12 0 685 265 16 8 19 16 13 2 633 309 21 7 17 14 19 4 
462 212 98 143 90 19 0 0 496 124 61 78 69 167 29 0 441 161 63 81 65 191 22 0 
47 120 220 436 145 56 0 0 32 52 91 173 294 377 5 0 34 43 82 140 274 425 26 0 
214 356 84 345 25 0 0 0 408 149 70 130 163 102 2 0 495 54 90 93 112 169 11 0 
121 596 92 45 59 89 22 0 584 233 70 85 48 4 0 0 636 178 59 93 44 14 0 0 
62 34 0 32 67 825 4 0 64 32 0 32 179 325 392 0 66 49 38 135 120 284 332 0 
2 9 5 7 103 798 93 7 7 8 6 17 384 583 14 5 20 179 384 354 61 16 10 0 
17 222 54 69 78 503 81 0 225 47 65 60 224 395 8 0 278 136 337 245 28 0 0 0 
100 452 140 155 116 61 0 0 491 157 150 99 79 48 0 0 611 187 100 65 61 0 0 0 
121 113 55 272 201 251 11 0 195 60 67 300 116 249 37 0 174 69 48 57 339 286 51 0 
274 277 93 155 151 64 10 0 548 123 158 60 88 46 1 0 741 85 60 73 62 3 0 0 
217 84 64 204 320 133 2 0 267 80 215 215 180 66 1 0 419 226 145 150 82 2 0 0 
0 0 69 124 678 153 0 0 0 173 139 72 462 178 0 0 135 181 67 259 377 5 0 0 
0 0 0 0 377 646 1 0 0 178 474 183 189 0 0 0 116 596 310 2 0 0 0 0 
115 106 218 224 174 186 1 0 194 239 394 141 56 0 0 0 463 408 141 12 0 0 0 0 
5 70 112 286 534 17 0 0 54 73 173 383 341 0 0 0 94 114 291 353 172 0 0 0 
0 10 107 194 382 330 1 0 0 1 95 192 360 365 11 0 0 7 47 275 507 188 0 0 
0 9 55 266 397 275 22 0 0 0 58 244 383 212 127 0 0 19 62 277 363 175 128 0 
0 5 40 152 396 421 10 0 0 34 73 119 324 460 14 0 9 42 82 166 288 422 15 0 
27 355 138 71 90 286 56 1 318 166 68 58 75 84 255 0 349 144 70 72 49 67 272 1 
0 0 0 39 117 865 3 0 0 0 5 62 114 790 53 0 0 0 13 74 137 737 63 0 
0 195 94 111 167 453 4 0 187 67 89 107 150 422 2 0 221 57 106 124 116 400 0 0 
0 87 313 474 133 17 0 0 202 423 219 150 30 0 0 0 358 381 185 84 16 0 0 0 
0 0 0 245 757 22 0 0 0 0 0 148 684 192 0 0 0 0 0 224 687 113 0 0 
0 0 0 0 1024 0 0 0 0 0 0 0 317 707 0 0 0 0 0 0 376 648 0 0 
0 199 107 71 235 390 22 0 159 136 51 54 91 435 98 0 213 92 52 51 104 472 40 0 
542 162 0 32 77 168 42 1 677 27 0 26 40 183 67 4 686 18 2 28 36 193 58 3 
860 164 0 0 0 0 0 0 1024 0 0 0 0 0 0 0 1024 0 0 0 0 0 0 0 
6 10 80 361 120 422 25 0 6 10 322 118 92 326 150 0 13 128 290 67 104 367 55 0 
1 19 48 236 206 508 6 0 11 18 111 155 163 525 41 0 17 29 179 88 156 525 30 0 
0 0 0 24 241 687 72 0 0 0 0 25 221 570 208 0 0 0 0 119 143 561 201 0 
0 0 0 18 289 678 39 0 0 0 0 25 261 626 112 0 0 0 2 92 202 604 124 0 
0 0 0 7 213 782 20 2 0 0 0 8 209 582 224 1 0 0 0 36 211 553 223 1 
0 0 0 11 242 678 93 0 0 0 0 5 190 572 255 2 0 0 0 12 229 512 269 2 
14 48 27 21 61 803 50 0 25 43 24 19 26 467 420 0 26 43 23 19 34 510 369 0 
0 0 0 10 128 860 26 0 0 0 0 0 39 528 457 0 0 0 0 0 39 528 457 0 
12 139 178 149 97 416 33 0 39 150 160 103 102 187 283 0 78 150 161 69 101 182 283 0 
92 204 213 160 191 110 54 0 124 183 173 155 172 138 71 8 127 206 152 170 172 117 70 10 
300 293 127 126 112 59 7 0 333 279 121 126 113 49 3 0 239 438 194 130 22 1 0 0 
112 150 80 123 151 392 16 0 217 73 77 86 146 416 9 0 250 107 96 217 306 48 0 0 
33 222 153 316 284 16 0 0 182 49 72 139 414 167 1 0 196 42 65 173 232 293 23 0 
124 523 244 119 14 0 0 0 209 119 170 316 168 42 0 0 223 43 82 137 387 152 0 0 
60 543 82 95 149 64 27 4 414 350 100 76 79 5 0 0 548 231 91 67 50 37 0 0 
53 354 56 107 172 275 7 0 338 88 45 67 144 166 176 0 366 71 45 100 142 141 159 0 
60 208 79 184 170 249 72 2 224 63 86 172 188 223 58 10 248 66 144 229 166 116 52 3 
45 193 187 144 97 317 41 0 158 191 166 80 126 278 25 0 226 223 158 152 149 116 0 0 
186 319 75 129 100 214 1 0 404 138 129 57 84 212 0 0 511 124 70 58 117 144 0 0 
285 222 170 85 117 145 0 0 395 163 135 91 46 189 5 0 423 91 141 55 77 229 8 0 
286 162 31 51 122 353 19 0 391 68 27 51 55 414 18 0 408 54 44 46 154 318 0 0 
359 80 38 41 273 208 25 0 385 64 33 39 122 355 26 0 401 55 41 30 214 283 0 0 
208 45 85 214 410 62 0 0 237 181 177 173 235 21 0 0 339 141 178 160 206 0 0 0 
0 0 0 29 469 518 8 0 152 477 301 67 26 1 0 0 544 361 61 45 13 0 0 0 
0 139 271 404 135 75 0 0 151 303 200 362 8 0 0 0 317 251 275 180 1 0 0 0 
15 239 148 434 167 21 0 0 0 28 411 427 126 27 5 0 0 52 288 493 150 25 16 0 
0 110 77 157 288 383 9 0 0 3 173 270 265 267 46 0 0 16 157 338 239 208 66 0 
70 227 110 161 315 137 4 0 7 52 296 167 269 193 40 0 8 22 20 349 403 167 55 0 
0 2 8 103 342 567 2 0 0 4 9 92 231 638 50 0 0 4 8 94 269 630 19 0 
0 20 67 330 338 268 1 0 0 28 64 270 253 389 20 0 1 37 104 249 212 404 17 0 
0 0 90 493 335 106 0 0 0 0 4 430 467 112 11 0 0 0 30 340 474 135 45 0 
0 90 414 243 277 0 0 0 0 23 308 547 146 0 0 0 0 2 248 705 69 0 0 0 
0 72 50 79 292 531 0 0 3 666 276 53 26 0 0 0 82 654 239 39 10 0 0 0 
0 0 0 106 350 550 18 0 2 226 105 78 363 240 10 0 35 191 96 99 364 219 20 0 
0 0 0 35 982 7 0 0 0 0 0 13 186 825 0 0 0 0 0 31 232 761 0 0 
0 6 85 120 267 524 22 0 4 49 110 93 153 537 78 0 25 72 111 132 154 464 66 0 
652 49 21 14 117 139 32 0 689 15 7 25 22 209 57 0 692 12 26 6 28 211 49 0 
923 54 15 18 14 0 0 0 954 25 15 18 12 0 0 0 953 26 15 17 13 0 0 0 
174 137 65 66 310 272 0 0 274 59 61 86 184 360 0 0 288 62 52 86 199 337 0 0 
51 74 43 53 241 562 0 0 89 44 44 49 111 640 47 0 82 47 48 54 114 648 31 0 
189 180 44 83 212 314 2 0 318 62 43 55 229 300 17 0 321 62 38 109 209 254 31 0 
85 274 48 44 322 251 0 0 309 65 36 47 329 238 0 0 320 55 45 124 265 215 0 0 
19 323 58 49 419 156 0 0 259 94 55 46 391 179 0 0 299 61 59 155 288 162 0 0 
6 253 64 52 524 125 0 0 146 124 60 50 484 160 0 0 219 70 53 84 486 112 0 0 
6 205 83 58 639 33 0 0 80 156 66 48 571 103 0 0 156 111 58 54 607 38 0 0 
6 309 51 40 257 361 0 0 163 160 38 36 76 551 0 0 188 136 42 37 242 376 3 0 
4 341 40 27 40 572 0 0 205 147 32 29 27 584 0 0 266 87 31 27 34 568 11 0 
4 166 93 61 94 604 2 0 101 99 78 50 66 624 6 0 101 107 76 43 60 620 17 0 
2 254 24 14 39 691 0 0 205 54 23 16 17 705 4 0 223 36 23 16 16 689 21 0 
0 191 23 17 21 772 0 0 163 32 18 19 16 776 0 0 168 29 16 17 16 775 3 0 
0 135 30 14 20 825 0 0 105 42 19 21 12 823 2 0 109 37 19 15 18 817 9 0 
2 98 27 25 30 842 0 0 69 41 18 24 24 848 0 0 75 37 18 23 23 845 3 0 
0 42 22 21 27 912 0 0 18 31 21 20 24 910 0 0 18 28 21 20 25 912 0 0 
0 1 9 12 28 974 0 0 0 2 8 8 26 980 0 0 0 1 9 9 25 980 0 0 
0 0 0 19 156 849 0 0 0 0 0 27 141 856 0 0 0 0 0 23 138 863 0 0 
0 0 0 19 62 943 0 0 0 0 0 18 55 951 0 0 0 0 0 13 52 957 2 0 
0 0 0 18 31 970 5 0 0 11 19 16 27 951 0 0 0 12 21 20 25 946 0 0 
0 0 0 63 52 909 0 0 26 38 19 27 29 885 0 0 33 34 24 21 36 876 0 0 
0 0 0 107 85 829 3 0 99 27 22 26 27 823 0 0 104 31 17 23 31 818 0 0 
0 0 0 171 280 573 0 0 155 36 19 24 60 730 0 0 163 31 22 24 53 731 0 0 
0 0 21 266 652 85 0 0 230 34 46 32 420 262 0 0 230 37 49 43 470 195 0 0 
0 0 76 285 442 205 16 0 377 203 159 159 103 23 0 0 446 186 159 123 89 21 0 0 
115 193 205 273 208 30 0 0 373 231 200 194 26 0 0 0 507 244 231 42 0 0 0 0 
24 339 425 224 12 0 0 0 6 72 765 120 49 12 0 0 46 248 153 265 251 52 9 0 
10 541 250 197 26 0 0 0 0 11 555 250 190 18 0 0 0 0 1 212 573 223 15 0 
91 234 108 104 331 156 0 0 0 25 374 84 275 242 24 0 0 0 4 226 534 259 1 0 
0 0 0 52 448 508 16 0 0 0 0 38 144 721 121 0 0 0 0 48 303 590 83 0 
4 182 414 246 136 41 1 0 122 251 263 167 169 39 13 0 138 277 233 159 161 52 4 0 
36 215 227 145 279 120 2 0 115 177 196 194 204 134 4 0 129 166 202 201 242 84 0 0 
0 2 123 348 406 145 0 0 18 64 203 378 206 155 0 0 26 149 316 248 163 122 0 0 
0 0 8 91 535 327 63 0 0 32 132 325 408 121 6 0 0 48 144 343 368 94 27 0 
0 0 0 90 530 403 1 0 0 0 45 478 461 40 0 0 0 0 40 536 448 0 0 0 
0 0 9 458 557 0 0 0 0 0 0 378 607 39 0 0 0 0 228 307 453 36 0 0 
