0 144 100 171 118 17 96 378 36 181 116 196 14 64 122 295 151 92 222 77 107 163 207 5 
0 36 166 292 84 28 108 310 13 192 161 192 42 88 197 139 105 151 284 59 112 221 88 4 
0 83 135 312 78 41 315 60 28 176 252 146 22 284 116 0 145 90 329 60 302 98 0 0 
0 145 97 314 26 234 208 0 53 152 303 71 148 297 0 0 113 119 315 172 302 3 0 0 
1 118 185 360 109 138 90 23 32 203 356 166 132 107 27 1 153 185 409 131 122 23 1 0 
2 201 168 474 170 9 0 0 123 162 338 355 46 0 0 0 207 289 498 30 0 0 0 0 
0 31 849 136 7 1 0 0 0 247 764 10 3 0 0 0 11 815 190 8 0 0 0 0 
0 14 952 10 7 11 27 3 0 498 475 6 12 25 8 0 1 941 34 13 15 20 0 0 
0 28 890 15 9 8 74 0 0 630 297 11 10 70 6 0 8 909 19 9 65 14 0 0 
0 83 800 8 14 85 34 0 0 828 59 13 63 61 0 0 10 871 10 50 80 3 0 0 
0 129 740 14 20 96 23 2 0 842 35 21 90 30 6 0 50 823 20 96 30 5 0 0 
0 123 655 217 28 1 0 0 27 596 344 53 4 0 0 0 227 647 140 10 0 0 0 0 
121 79 185 97 44 26 38 434 123 79 217 66 42 23 29 445 69 234 129 51 43 24 62 412 
198 71 243 17 9 7 15 464 190 161 168 9 10 6 11 469 151 343 25 8 12 4 17 464 
177 37 266 0 5 7 35 497 179 179 121 1 5 6 20 513 146 309 22 3 3 7 96 438 
186 67 292 36 44 97 240 62 197 306 42 38 35 92 225 89 185 324 34 41 42 187 171 40 
190 131 251 93 227 75 53 4 197 352 27 183 145 102 14 4 210 353 93 234 101 28 1 4 
48 147 348 273 75 98 30 5 84 397 262 121 45 101 10 4 203 418 227 34 119 19 3 1 
22 30 46 128 261 62 81 394 23 26 70 310 61 54 65 415 23 193 168 57 54 59 83 387 
43 42 21 178 359 65 85 231 38 49 27 502 34 56 75 243 39 476 90 31 43 59 122 164 
293 130 94 55 29 26 115 282 303 150 88 37 26 26 85 309 251 197 94 34 29 26 169 224 
18 28 43 79 93 239 425 99 17 28 44 74 88 248 410 115 17 24 43 79 95 435 244 87 
33 120 116 99 430 94 108 24 92 127 117 140 373 95 66 14 94 144 140 418 150 46 20 12 
2 129 284 147 320 73 65 4 36 344 113 362 56 92 21 0 227 202 214 248 101 31 1 0 
216 175 177 112 210 55 26 53 265 172 166 218 77 50 26 50 298 273 189 87 61 45 29 42 
354 130 78 113 320 27 2 0 408 130 61 343 78 4 0 0 477 317 144 79 7 0 0 0 
385 163 221 201 53 1 0 0 428 215 276 98 7 0 0 0 428 281 246 68 1 0 0 0 
115 197 171 201 115 91 120 14 178 164 203 186 84 106 85 18 174 190 216 165 82 106 78 13 
41 147 237 260 306 27 4 2 93 205 208 390 107 17 3 1 129 237 352 250 38 15 3 0 
519 210 84 76 123 0 2 10 402 368 70 144 28 0 5 7 381 389 142 100 0 1 6 5 
272 228 162 310 52 0 0 0 320 313 41 350 0 0 0 0 450 202 363 9 0 0 0 0 
548 223 40 159 54 0 0 0 619 174 27 201 3 0 0 0 642 151 154 77 0 0 0 0 
613 211 125 53 8 8 3 3 704 191 95 15 10 4 3 2 730 187 81 9 9 3 3 2 
132 359 47 484 2 0 0 0 450 56 115 403 0 0 0 0 435 80 475 34 0 0 0 0 
330 505 87 64 24 9 4 1 646 213 96 43 15 6 4 1 674 201 107 24 8 7 3 0 
456 472 95 1 0 0 0 0 401 566 57 0 0 0 0 0 452 496 76 0 0 0 0 0 
217 53 31 513 210 0 0 0 219 57 43 705 0 0 0 0 233 45 737 9 0 0 0 0 
393 81 26 486 38 0 0 0 398 87 109 427 3 0 0 0 401 84 455 84 0 0 0 0 
524 124 206 161 4 4 1 0 545 177 277 18 5 2 0 0 578 185 252 4 4 1 0 0 
237 141 126 518 2 0 0 0 250 147 290 337 0 0 0 0 257 148 579 40 0 0 0 0 
669 197 19 138 1 0 0 0 799 75 49 101 0 0 0 0 818 58 134 14 0 0 0 0 
4 740 71 209 0 0 0 0 536 237 109 142 0 0 0 0 678 116 230 0 0 0 0 0 
390 554 17 52 11 0 0 0 254 694 27 49 0 0 0 0 182 769 53 20 0 0 0 0 
631 344 29 19 1 0 0 0 357 635 15 17 0 0 0 0 167 814 31 12 0 0 0 0 
490 524 10 0 0 0 0 0 392 623 9 0 0 0 0 0 266 752 6 0 0 0 0 0 
798 226 0 0 0 0 0 0 513 511 0 0 0 0 0 0 354 670 0 0 0 0 0 0 
683 50 4 286 1 0 0 0 593 143 91 197 0 0 0 0 337 399 266 22 0 0 0 0 
0 0 0 1014 10 0 0 0 0 0 268 756 0 0 0 0 0 3 1021 0 0 0 0 0 
224 797 3 0 0 0 0 0 93 930 1 0 0 0 0 0 64 957 3 0 0 0 0 0 
81 943 0 0 0 0 0 0 3 1021 0 0 0 0 0 0 0 1024 0 0 0 0 0 0 
26 998 0 0 0 0 0 0 1 1023 0 0 0 0 0 0 0 1024 0 0 0 0 0 0 
60 964 0 0 0 0 0 0 0 1024 0 0 0 0 0 0 0 1024 0 0 0 0 0 0 
165 661 24 174 0 0 0 0 64 771 133 56 0 0 0 0 52 785 167 20 0 0 0 0 
0 47 20 946 11 0 0 0 0 51 465 508 0 0 0 0 3 50 951 20 0 0 0 0 
