62 23 40 50 96 64 391 298 82 26 66 97 51 200 383 119 81 32 106 87 38 365 253 62 
48 66 17 24 29 52 471 317 86 42 21 23 48 229 432 143 84 47 17 16 68 457 164 171 
194 160 135 66 41 66 318 44 302 167 76 46 48 330 24 31 284 198 66 51 107 275 18 25 
69 75 31 26 13 28 781 1 136 36 28 12 16 795 1 0 130 44 27 14 212 597 0 0 
68 150 42 46 40 146 497 35 181 61 46 27 137 541 7 24 82 162 46 43 526 119 23 23 
34 0 25 74 230 410 173 78 38 7 53 146 468 191 98 23 38 31 62 351 318 100 86 38 
32 0 0 21 101 504 292 74 34 8 23 96 410 318 122 13 37 11 22 137 251 413 137 16 
36 12 12 27 64 643 161 69 34 0 9 75 582 200 92 32 34 0 17 133 506 217 88 29 
32 0 0 0 6 986 0 0 32 0 0 7 985 0 0 0 32 0 0 12 980 0 0 0 
45 47 91 159 136 128 112 306 77 97 165 140 100 100 100 245 113 94 185 110 101 85 110 226 
400 111 67 99 93 54 45 155 491 76 116 93 37 33 46 132 500 111 88 84 37 40 40 124 
110 90 52 106 242 368 52 4 214 97 240 403 65 4 1 0 217 206 419 171 9 2 0 0 
401 159 79 47 53 53 232 0 567 86 66 48 37 219 1 0 581 93 73 33 95 149 0 0 
33 161 64 41 61 126 519 19 178 54 38 62 116 540 26 10 41 178 58 80 395 235 30 7 
1 8 28 96 394 179 278 40 5 29 82 396 160 257 82 13 14 47 252 253 131 228 84 15 
0 0 6 18 218 498 194 90 0 5 16 87 647 151 97 21 0 8 16 200 539 152 76 33 
5 16 15 69 180 467 177 95 22 24 95 157 463 98 148 17 21 24 83 152 451 144 132 17 
0 0 7 15 60 934 8 0 0 8 20 66 926 4 0 0 0 11 51 61 898 3 0 0 
67 44 113 223 220 91 68 198 101 176 123 243 100 66 48 167 151 156 192 190 69 54 59 153 
73 19 17 57 136 119 142 461 86 20 41 152 91 123 158 353 88 19 67 138 95 113 154 350 
4 6 23 69 274 419 123 106 222 57 249 267 52 51 83 43 27 146 491 149 40 52 76 43 
53 29 24 33 50 120 456 259 128 20 23 64 70 449 55 215 96 51 52 35 196 325 48 221 
82 156 49 42 36 132 519 8 188 80 45 48 93 545 25 0 108 142 67 57 378 252 20 0 
0 2 40 127 423 262 145 25 2 53 116 453 202 155 38 5 2 43 159 438 195 137 42 8 
0 0 14 35 450 208 269 48 9 57 55 351 226 250 73 3 0 7 33 236 410 222 106 10 
2 145 196 184 264 176 55 2 156 220 215 241 159 33 0 0 159 269 261 228 77 30 0 0 
0 44 278 379 277 44 2 0 55 371 403 163 31 1 0 0 83 496 387 40 18 0 0 0 
41 47 78 84 97 68 221 388 77 73 96 90 66 172 260 190 80 66 107 97 59 119 299 197 
0 0 0 0 0 9 113 902 0 0 0 0 6 76 550 392 0 0 0 0 3 46 504 471 
0 0 3 9 33 276 121 582 343 8 7 5 17 49 87 508 10 206 140 6 12 48 80 522 
0 0 10 30 34 198 71 681 225 6 9 12 30 58 101 583 26 201 13 12 43 43 93 593 
28 210 63 40 38 140 501 4 150 132 45 41 111 519 22 4 36 227 68 51 378 237 23 4 
2 8 96 171 248 362 130 7 4 64 199 277 313 145 22 0 8 76 176 270 335 129 30 0 
0 0 8 91 499 286 119 21 15 27 92 428 348 61 53 0 0 5 57 405 377 118 62 0 
4 78 70 75 131 623 41 2 121 104 151 563 82 3 0 0 79 112 103 599 121 10 0 0 
112 337 341 104 45 57 22 6 475 351 86 57 37 13 4 1 479 334 79 50 49 26 6 1 
32 19 59 55 80 80 189 510 46 48 83 72 62 154 360 199 48 49 86 71 57 102 395 216 
1 2 11 14 15 60 230 691 3 10 16 18 60 206 601 110 3 5 17 17 50 146 602 184 
0 0 1 1 3 20 223 776 4 0 2 0 7 208 399 404 3 1 2 0 3 162 408 445 
19 6 18 53 55 112 136 625 223 11 18 29 38 61 220 424 40 150 48 24 40 56 258 408 
10 130 57 45 24 114 389 255 60 130 39 21 100 442 129 103 22 163 49 23 385 222 66 94 
122 94 53 121 239 138 97 160 203 36 81 215 173 144 26 146 188 72 118 177 172 131 26 140 
8 4 21 86 121 201 261 322 9 10 57 221 150 183 166 228 9 9 43 200 229 215 160 159 
0 5 9 25 92 552 205 136 5 5 48 386 339 104 73 64 4 6 27 212 339 266 97 73 
0 0 0 0 5 97 234 688 0 0 0 30 106 270 239 379 0 0 0 0 71 158 287 508 
43 21 54 78 274 154 153 247 201 81 150 107 103 115 110 157 109 183 131 147 96 95 99 164 
1 2 8 18 98 97 727 73 10 34 98 50 58 668 90 16 6 60 78 50 53 584 178 15 
0 0 7 5 8 20 687 297 0 6 5 6 16 511 480 0 0 5 5 7 15 299 693 0 
11 19 21 48 51 91 458 325 69 28 40 67 53 416 221 130 48 44 65 58 353 136 216 104 
0 0 0 0 7 36 310 671 0 0 0 6 41 508 404 65 0 0 1 11 486 411 63 52 
365 69 6 8 3 7 10 556 420 14 6 8 6 17 501 52 408 26 9 6 13 454 86 22 
32 16 37 56 78 155 197 453 43 47 77 127 165 108 334 123 56 39 58 75 141 366 192 97 
1 4 12 10 26 322 569 80 8 14 7 104 580 260 40 11 3 6 14 18 210 637 121 15 
0 0 0 0 0 136 727 161 0 0 0 18 441 504 61 0 0 0 0 0 59 689 265 11 
39 10 43 42 146 183 470 91 45 37 40 145 178 417 115 47 42 35 39 157 287 308 111 45 
0 0 3 5 22 202 714 78 0 2 6 14 137 740 122 3 0 2 6 13 131 733 134 5 
14 21 191 283 116 127 224 48 22 87 378 120 135 226 11 45 22 99 364 114 125 240 17 43 
28 17 39 699 79 86 76 0 38 31 670 113 90 82 0 0 40 32 697 115 137 3 0 0 
7 16 43 403 57 155 281 62 17 27 418 48 132 288 84 10 18 40 416 77 280 142 50 1 
1 8 14 41 66 192 199 503 9 16 78 181 110 190 398 42 3 15 61 87 214 306 240 98 
17 103 104 130 238 297 102 33 52 199 210 244 232 69 17 1 22 140 162 228 312 119 35 6 
20 15 14 13 13 546 299 104 29 17 18 29 708 136 65 22 24 12 18 15 372 445 102 36 
0 0 0 0 41 804 179 0 0 0 1 205 801 17 0 0 0 0 0 42 616 366 0 0 
32 0 0 1 4 18 379 590 32 0 3 5 17 369 555 43 32 5 17 16 6 404 503 41 
0 0 0 0 0 29 190 805 0 0 0 0 28 214 782 0 0 0 0 0 29 214 781 0 
0 1 4 23 52 35 40 869 0 3 24 51 29 40 763 114 0 3 20 51 35 52 762 101 
59 45 70 139 28 35 97 551 89 59 151 37 33 93 562 0 80 73 147 33 34 111 546 0 
62 46 41 475 21 36 63 280 95 40 448 62 27 62 290 0 84 48 466 47 32 73 274 0 
13 11 25 125 152 348 244 106 44 100 318 262 123 42 130 5 24 38 206 310 267 61 113 5 
7 13 9 68 39 193 595 100 24 12 65 70 214 503 132 4 17 12 68 45 174 592 102 14 
0 0 0 1 0 819 181 23 0 0 0 32 946 34 10 2 0 0 0 1 563 435 20 5 
0 0 0 9 250 698 67 0 0 0 113 323 572 16 0 0 0 0 14 244 671 95 0 0 
32 0 0 0 0 0 0 992 32 0 0 0 0 0 963 29 32 0 0 0 0 0 918 74 
0 0 0 0 0 0 0 1024 0 0 0 0 0 0 926 98 0 0 0 0 0 0 1014 10 
0 0 0 0 1 20 21 982 0 0 0 0 26 14 783 201 0 0 0 1 30 9 876 108 
0 0 0 0 4 198 38 784 0 0 0 4 211 25 741 43 0 0 0 9 219 14 754 28 
0 0 18 88 100 258 123 437 5 42 133 126 240 97 364 17 1 19 113 144 252 135 350 10 
1 8 24 45 72 287 325 262 19 52 113 154 306 156 182 42 10 31 55 148 280 271 171 58 
1 0 3 12 38 515 417 38 2 6 9 242 526 200 39 0 1 1 8 52 400 516 45 1 
80 4 7 6 272 645 10 0 82 9 28 615 290 0 0 0 80 10 6 279 628 21 0 0 
400 14 8 53 133 404 12 0 413 31 67 313 200 0 0 0 409 11 49 116 414 25 0 0 
