9 37 165 103 77 216 274 143 5 23 113 158 55 147 330 193 11 105 167 45 102 191 236 167 
0 105 112 101 181 257 227 41 0 47 141 88 147 259 265 77 14 160 76 115 163 251 185 60 
5 183 229 90 91 172 200 54 0 120 203 112 72 138 289 90 29 238 148 63 80 205 187 74 
256 142 181 137 118 129 51 10 191 135 193 148 111 150 70 26 266 175 161 80 120 136 67 19 
108 156 231 101 75 101 234 18 65 90 235 217 91 91 187 48 148 179 214 91 112 120 139 21 
31 137 90 143 191 176 193 63 43 98 103 142 170 230 161 77 69 149 102 145 218 136 187 18 
0 62 114 135 198 351 118 46 10 53 110 133 201 334 123 60 21 78 142 165 268 206 128 16 
5 36 71 94 181 330 255 52 7 20 53 86 146 322 295 95 9 42 76 119 186 335 238 19 
1 1 46 229 196 246 249 56 2 2 8 187 156 324 253 92 3 1 107 173 265 178 245 52 
111 106 237 89 89 157 212 23 105 59 246 104 78 129 253 50 131 214 108 74 85 157 197 58 
38 315 309 50 76 136 100 0 19 268 376 51 64 110 136 0 146 498 54 54 82 144 46 0 
3 253 124 132 115 170 141 86 5 193 164 126 135 139 163 99 61 271 82 138 111 163 107 91 
125 417 131 92 104 112 35 8 46 326 279 78 111 133 41 10 214 399 84 90 129 75 22 11 
55 231 173 189 118 75 168 15 24 184 220 165 147 83 151 50 110 248 189 154 64 69 174 16 
22 214 346 117 89 59 152 25 0 113 395 172 90 58 104 92 18 346 172 67 51 93 209 68 
0 101 237 158 179 131 198 20 0 47 256 219 171 102 141 88 3 155 211 100 90 126 310 29 
28 161 84 123 278 165 179 6 8 122 125 111 229 228 162 39 43 164 83 128 226 169 188 23 
23 232 117 171 183 87 199 12 8 154 217 144 175 104 178 44 28 257 96 146 128 111 236 22 
33 121 92 161 304 237 75 1 38 124 103 166 289 168 134 2 83 120 139 244 222 159 56 1 
162 219 75 64 126 279 94 5 108 264 55 51 130 261 139 16 252 157 77 78 169 232 59 0 
174 253 73 101 211 161 39 12 78 328 68 84 207 190 47 22 352 94 84 153 193 95 40 13 
339 195 80 72 214 102 21 1 248 245 97 83 195 127 27 2 419 137 79 126 201 44 17 1 
96 141 144 152 161 159 169 2 86 185 227 159 141 116 105 5 272 236 162 105 62 132 53 2 
0 21 120 314 301 208 60 0 6 196 342 138 148 149 39 6 257 262 126 140 167 45 27 0 
5 66 368 221 78 104 173 9 3 35 273 275 97 100 195 46 8 221 289 110 92 122 168 14 
20 168 292 78 114 129 222 1 7 107 297 126 91 126 232 38 35 280 172 61 95 175 203 3 
6 121 307 125 110 150 196 9 4 47 289 194 130 126 211 23 5 226 235 131 95 155 175 2 
0 84 20 50 153 422 265 30 0 71 25 41 108 425 295 59 37 50 19 53 171 415 240 39 
105 361 107 38 102 212 94 5 70 294 195 49 91 209 105 11 178 369 33 58 153 156 73 4 
169 204 79 118 255 165 34 0 43 290 84 95 234 220 56 2 266 107 58 169 264 121 38 1 
242 184 160 151 155 90 42 0 167 234 131 172 168 101 49 2 328 148 141 165 148 59 35 0 
328 298 214 45 29 62 48 0 307 289 270 25 21 43 69 0 445 371 60 17 24 71 36 0 
29 98 166 221 89 142 278 1 49 334 102 64 46 125 303 1 352 126 67 40 108 298 33 0 
5 21 38 73 165 308 414 0 0 18 38 61 148 282 474 3 14 34 51 121 229 417 158 0 
75 74 262 330 74 115 94 0 57 71 164 347 168 76 138 3 89 113 349 221 59 140 53 0 
3 7 198 495 146 103 70 2 3 6 79 483 265 91 97 0 4 40 343 360 127 106 44 0 
14 240 435 237 45 53 0 0 0 168 456 278 67 49 6 0 79 332 362 188 15 48 0 0 
93 271 100 226 262 66 6 0 49 301 117 180 282 87 8 0 224 287 196 183 98 32 4 0 
191 655 95 24 55 4 0 0 73 687 180 17 52 15 0 0 284 584 74 30 50 2 0 0 
889 80 19 29 7 0 0 0 619 348 17 27 13 0 0 0 900 73 25 26 0 0 0 0 
329 397 201 34 45 18 0 0 272 339 309 32 46 26 0 0 371 368 202 48 34 1 0 0 
3 2 33 111 313 406 156 0 3 2 17 92 269 423 218 0 4 4 72 190 449 305 0 0 
0 14 104 225 303 361 17 0 0 8 67 202 299 412 36 0 1 41 189 253 372 168 0 0 
24 103 223 426 211 30 7 0 16 66 176 421 254 78 13 0 44 128 363 311 141 29 8 0 
0 33 125 470 383 13 0 0 0 22 66 295 577 63 1 0 1 55 178 496 284 10 0 0 
214 160 490 88 62 10 0 0 198 100 525 109 68 24 0 0 219 252 425 89 36 3 0 0 
51 283 532 82 55 8 10 3 27 186 648 69 67 13 8 6 88 537 328 35 20 6 9 1 
124 239 213 50 96 89 178 35 103 237 221 56 109 88 146 64 153 273 157 55 104 81 156 45 
77 30 54 580 236 45 2 0 81 61 109 343 409 21 0 0 97 91 120 313 388 15 0 0 
163 106 144 187 213 187 24 0 182 234 173 183 181 69 2 0 299 294 185 82 140 23 1 0 
67 127 94 103 217 324 92 0 65 128 95 113 197 309 117 0 114 141 119 165 266 219 0 0 
36 227 224 160 143 174 60 0 22 195 235 171 148 166 87 0 64 298 195 150 157 159 1 0 
0 5 289 636 81 13 0 0 0 2 129 736 106 51 0 0 0 18 474 439 81 12 0 0 
1 15 188 414 136 264 6 0 1 7 39 428 221 286 42 0 1 12 222 384 125 271 9 0 
105 113 118 34 116 531 6 1 10 82 165 77 72 403 214 1 32 149 79 61 109 547 47 0 
11 22 40 108 226 263 258 96 2 46 102 82 109 247 271 165 49 108 65 63 136 206 212 185 
0 1 26 77 132 261 414 113 0 9 49 30 110 244 386 196 37 25 8 43 103 212 355 241 
4 123 116 43 173 292 251 22 1 69 175 41 131 270 278 59 4 133 114 36 114 259 281 83 
496 213 57 62 80 77 39 0 447 255 54 54 73 79 58 4 506 207 45 54 78 75 54 5 
674 138 84 100 28 0 0 0 667 117 97 99 44 0 0 0 685 152 86 96 5 0 0 0 
616 328 80 0 0 0 0 0 536 361 125 2 0 0 0 0 617 383 24 0 0 0 0 0 
190 598 210 26 0 0 0 0 126 554 288 56 0 0 0 0 181 666 163 14 0 0 0 0 
131 238 356 243 56 0 0 0 78 177 335 331 95 8 0 0 143 197 376 249 52 7 0 0 
