0 0 0 0 120 460 129 315 0 0 0 92 255 216 137 324 0 0 217 308 23 101 85 290 
0 0 0 0 10 611 211 192 0 0 0 64 72 531 157 200 0 0 131 510 25 147 62 149 
0 0 0 0 103 595 156 170 0 0 0 64 321 316 124 199 0 0 420 260 32 121 60 131 
0 0 0 15 443 326 93 147 0 0 0 110 525 127 113 149 0 95 447 127 117 89 21 128 
0 5 30 4 20 187 534 244 0 20 16 67 61 32 511 317 0 13 44 111 32 490 188 146 
2 45 26 26 17 488 271 149 7 42 31 78 23 265 431 147 7 31 37 81 404 294 32 138 
2 36 26 24 46 659 101 130 3 42 26 86 46 628 65 128 7 29 42 155 592 64 7 128 
0 0 0 0 90 675 129 130 0 0 0 62 124 559 151 128 0 0 6 237 512 141 1 127 
14 66 41 35 25 364 294 185 0 36 65 104 29 309 292 189 0 14 41 127 258 316 112 156 
7 33 49 25 46 142 366 356 0 17 46 124 43 57 327 410 0 1 29 139 69 266 190 330 
0 0 0 3 38 171 360 452 0 0 1 61 12 74 289 587 0 0 1 62 43 185 278 455 
0 0 0 0 6 153 495 370 0 0 0 0 0 58 346 620 0 0 0 0 19 260 333 412 
2 2 4 9 21 160 511 315 2 2 1 8 12 71 363 565 3 2 4 7 39 267 395 307 
0 2 14 38 334 255 204 177 0 1 9 50 398 153 181 232 1 10 367 122 137 127 142 118 
0 24 23 9 19 167 519 263 13 20 20 8 53 152 216 542 17 20 26 93 48 87 642 91 
7 14 61 25 48 371 452 46 9 32 41 28 76 302 494 42 12 23 60 16 142 605 160 6 
9 58 61 30 50 662 122 32 23 68 46 33 54 529 258 13 34 60 51 29 433 362 52 3 
0 3 4 16 31 639 228 103 0 4 6 23 23 658 211 99 5 17 20 26 680 165 46 65 
0 3 11 55 93 270 372 220 0 6 17 94 118 254 357 178 8 77 154 176 128 247 169 65 
11 33 73 91 77 119 157 463 1 41 75 159 80 82 106 480 71 104 87 112 85 94 234 237 
0 1 17 84 215 197 146 364 0 7 119 198 91 120 179 310 4 64 183 159 66 78 166 304 
18 11 46 113 114 176 201 345 15 11 76 155 90 132 180 365 30 92 165 119 71 139 145 263 
1 2 8 86 289 265 188 185 1 1 4 49 260 228 255 226 3 18 197 161 172 229 148 96 
1 1 0 86 120 257 480 79 0 1 1 84 173 174 287 304 1 30 195 128 118 213 306 33 
5 163 62 18 66 69 470 171 3 23 183 36 34 75 179 491 6 25 188 30 95 103 517 60 
9 572 85 22 36 252 10 38 4 347 311 27 54 231 15 35 16 264 387 262 48 10 11 26 
10 217 185 38 35 408 109 22 12 146 206 81 53 356 142 28 19 101 230 212 258 141 51 12 
0 5 21 34 45 712 169 38 1 7 25 43 39 448 418 43 5 36 42 49 590 249 39 14 
0 35 157 179 136 254 152 111 1 54 187 199 94 226 180 83 29 196 210 100 185 192 69 43 
0 13 61 180 142 234 169 225 0 27 105 263 108 176 159 186 32 175 194 130 144 166 48 135 
0 6 83 188 246 146 75 280 28 159 120 176 198 74 66 203 90 156 128 256 89 66 51 188 
67 135 212 195 122 106 98 89 49 172 268 190 100 91 87 67 111 274 209 150 87 86 72 35 
209 202 162 140 236 65 10 0 75 189 160 176 223 162 24 15 287 241 244 166 61 22 3 0 
129 161 133 117 182 169 114 19 54 129 149 131 182 159 175 45 204 180 170 141 77 73 140 39 
27 93 82 60 102 182 217 261 17 97 79 60 84 152 238 297 46 77 94 94 156 174 216 167 
34 120 35 35 85 255 204 256 27 94 69 52 86 267 181 248 45 72 95 245 237 62 67 201 
41 116 115 26 24 287 339 76 24 104 136 33 62 311 312 42 27 98 145 95 517 87 45 10 
31 47 33 152 297 434 24 6 30 42 45 162 388 315 42 0 28 110 367 194 284 41 0 0 
0 112 212 118 111 453 16 2 0 124 233 148 147 359 13 0 12 267 350 383 12 0 0 0 
0 107 82 75 124 296 153 187 9 120 69 185 119 287 77 158 59 220 183 310 73 25 27 127 
0 5 116 225 160 148 114 256 17 102 154 227 110 101 118 195 65 205 189 134 101 92 77 161 
66 107 191 227 145 140 121 27 52 144 195 233 142 145 98 15 148 248 238 117 136 111 26 0 
410 336 152 78 38 9 1 0 132 350 274 132 78 41 13 4 607 222 111 62 19 3 0 0 
116 218 268 297 69 19 27 10 31 166 258 382 94 58 22 13 352 467 108 60 26 11 0 0 
0 0 0 0 0 20 998 6 0 0 0 0 0 535 487 2 0 0 0 983 39 2 0 0 
0 0 0 0 0 11 1013 0 0 0 0 0 0 82 942 0 0 0 0 233 791 0 0 0 
5 45 78 22 85 191 585 13 4 31 79 26 33 107 732 12 6 32 85 26 536 206 133 0 
1 4 13 8 137 304 438 119 1 5 13 5 91 337 565 7 5 8 11 36 481 393 90 0 
0 0 15 44 144 250 371 200 0 0 15 59 114 260 558 18 0 30 96 110 190 596 2 0 
0 0 7 29 97 416 206 269 0 0 3 95 104 370 299 153 0 9 77 329 39 400 44 126 
0 9 201 165 200 165 82 202 9 51 142 262 161 166 73 160 46 204 183 216 121 75 25 154 
73 126 275 292 155 72 26 5 63 98 191 343 213 101 14 1 138 232 348 169 94 42 1 0 
560 304 111 29 11 9 0 0 260 463 186 76 19 10 9 1 703 223 71 12 12 3 0 0 
179 254 184 339 31 7 30 0 66 268 234 365 33 34 23 1 393 490 65 41 33 2 0 0 
0 0 190 30 17 45 742 0 0 0 62 159 15 588 200 0 0 0 83 878 62 1 0 0 
28 27 221 316 45 14 363 10 17 31 54 281 232 120 283 6 27 25 90 380 451 46 5 0 
33 52 26 51 445 257 148 12 15 51 37 14 71 578 253 5 19 47 36 14 128 683 97 0 
0 8 4 3 1 86 510 412 0 8 5 2 1 21 883 104 2 8 5 1 14 901 86 7 
8 140 89 15 5 11 147 609 0 102 120 27 6 11 556 202 0 48 150 52 10 674 78 12 
8 28 29 7 4 67 127 754 6 22 37 71 4 3 487 394 3 11 50 72 7 677 68 136 
3 89 198 122 256 125 54 177 7 58 198 195 199 160 48 159 19 143 137 242 222 84 17 160 
32 103 238 332 186 84 47 2 39 82 129 221 398 120 35 0 65 94 130 370 289 70 6 0 
499 190 111 209 15 0 0 0 392 280 147 93 112 0 0 0 500 281 51 96 96 0 0 0 
268 224 232 243 52 5 0 0 75 326 256 266 95 2 4 0 221 353 122 236 91 1 0 0 
0 0 239 599 90 78 18 0 0 0 58 217 632 116 1 0 0 0 49 227 742 6 0 0 
0 0 0 206 251 93 466 8 0 0 0 0 251 394 379 0 0 0 0 3 729 292 0 0 
0 0 0 0 23 25 723 253 0 0 0 0 0 49 954 21 0 0 0 0 118 906 0 0 
0 0 0 0 0 0 155 869 0 0 0 0 0 0 746 278 0 0 0 0 0 1023 1 0 
27 673 91 10 9 10 57 147 24 666 98 13 10 12 104 97 26 548 203 26 13 103 73 32 
59 169 86 15 25 60 251 359 59 80 179 77 27 15 316 271 74 48 93 181 34 330 104 160 
