0 0 0 109 69 385 77 384 0 0 4 66 240 235 91 388 0 0 0 21 118 358 107 420 
0 0 0 3 73 946 2 0 0 0 0 3 846 175 0 0 0 0 0 0 35 989 0 0 
0 0 0 0 8 1016 0 0 0 0 0 0 496 528 0 0 0 0 0 0 8 1016 0 0 
0 0 0 0 38 974 12 0 0 0 0 0 116 908 0 0 0 0 0 0 54 970 0 0 
0 0 0 0 10 995 19 0 0 0 0 0 106 918 0 0 0 0 0 0 54 970 0 0 
0 0 0 0 0 198 826 0 0 0 0 0 6 1018 0 0 0 0 0 0 0 979 45 0 
0 0 0 0 0 342 682 0 0 0 0 0 0 1024 0 0 0 0 0 0 0 1023 1 0 
0 0 0 0 0 192 832 0 0 0 0 0 0 1024 0 0 0 0 0 0 0 1024 0 0 
0 0 0 0 8 140 876 0 0 0 0 0 11 1013 0 0 0 0 0 0 0 1024 0 0 
0 0 0 0 32 160 832 0 0 0 0 0 96 928 0 0 0 0 0 0 32 816 176 0 
0 0 0 0 64 96 864 0 0 0 0 0 120 904 0 0 0 0 0 0 16 912 96 0 
0 0 0 0 80 48 896 0 0 0 0 0 112 912 0 0 0 0 0 0 60 948 16 0 
0 0 0 0 56 42 926 0 0 0 0 0 66 958 0 0 0 0 0 0 24 958 42 0 
0 0 0 0 32 146 846 0 0 0 0 0 40 984 0 0 0 0 0 0 8 963 53 0 
0 0 0 0 29 111 884 0 0 0 0 0 17 992 15 0 0 0 0 0 0 792 232 0 
0 0 0 0 0 138 886 0 0 0 0 0 10 877 137 0 0 0 0 0 0 699 325 0 
0 0 0 0 0 73 951 0 0 0 0 0 3 501 520 0 0 0 0 0 3 369 652 0 
0 0 0 0 1 78 942 3 0 0 0 0 16 407 601 0 0 0 0 0 13 301 710 0 
0 0 0 0 0 33 991 0 0 0 0 0 0 67 957 0 0 0 0 0 0 18 1006 0 
0 0 0 0 0 24 1000 0 0 0 0 0 0 80 944 0 0 0 0 0 0 8 1016 0 
0 0 0 0 0 8 1016 0 0 0 0 0 0 968 56 0 0 0 0 0 0 0 1024 0 
0 0 0 0 0 0 1024 0 0 0 0 0 0 561 463 0 0 0 0 0 0 1 1023 0 
0 0 0 0 0 0 1024 0 0 0 0 0 0 0 1024 0 0 0 0 0 0 0 1024 0 
0 0 0 0 0 0 1024 0 0 0 0 0 0 0 1024 0 0 0 0 0 0 0 1024 0 
0 0 0 0 0 0 1024 0 0 0 0 0 0 276 748 0 0 0 0 0 0 32 992 0 
0 0 0 0 0 0 1016 8 0 0 0 0 0 396 628 0 0 0 0 0 0 35 989 0 
0 0 0 0 0 0 1024 0 0 0 0 0 0 0 1024 0 0 0 0 0 0 0 1024 0 
0 0 0 0 0 0 1024 0 0 0 0 0 0 0 1024 0 0 0 0 0 0 0 1024 0 
0 0 0 0 0 0 1024 0 0 0 0 0 0 0 1024 0 0 0 0 0 0 0 1024 0 
0 0 0 0 0 0 1024 0 0 0 0 0 0 0 1024 0 0 0 0 0 0 0 1024 0 
0 0 0 0 0 0 1024 0 0 0 0 0 0 400 624 0 0 0 0 0 0 0 1024 0 
0 0 0 0 0 0 1024 0 0 0 0 0 0 1014 10 0 0 0 0 0 0 0 1024 0 
0 0 0 0 0 0 1024 0 0 0 0 0 0 1024 0 0 0 0 0 0 0 0 1024 0 
0 0 0 0 0 269 755 0 0 0 0 0 0 556 468 0 0 0 0 0 0 417 607 0 
0 0 0 0 0 0 1024 0 0 0 0 0 0 255 769 0 0 0 0 0 0 44 980 0 
0 0 0 0 0 0 1008 16 0 0 0 0 0 904 120 0 0 0 0 0 0 79 945 0 
0 0 0 0 0 0 960 64 0 0 0 0 0 970 54 0 0 0 0 0 0 182 842 0 
0 0 0 0 0 8 984 32 0 0 0 0 0 1013 11 0 0 0 0 0 0 841 183 0 
0 1 63 76 61 180 35 608 0 91 110 36 94 83 45 565 0 25 138 60 55 136 58 552 
0 0 214 127 95 578 10 0 0 289 114 56 561 4 0 0 0 64 284 84 149 443 0 0 
0 2 251 118 112 525 16 0 1 393 55 44 258 273 0 0 0 95 312 66 78 473 0 0 
0 0 160 84 102 656 22 0 2 235 70 46 206 465 0 0 0 69 199 71 75 609 1 0 
0 0 45 103 81 785 10 0 0 118 95 32 427 352 0 0 0 9 150 65 65 734 1 0 
0 0 0 0 0 224 800 0 0 0 0 0 32 992 0 0 0 0 0 0 0 1024 0 0 
0 0 0 0 0 526 498 0 0 0 0 0 0 1024 0 0 0 0 0 0 0 1024 0 0 
0 0 0 0 0 832 192 0 0 0 0 0 0 1024 0 0 0 0 0 0 0 1024 0 0 
0 0 0 0 0 234 790 0 0 0 0 0 0 1024 0 0 0 0 0 0 0 1024 0 0 
0 0 0 2 22 211 789 0 0 0 0 16 27 978 3 0 0 0 9 24 28 887 76 0 
0 3 59 82 59 204 612 5 0 40 85 55 115 715 14 0 0 28 80 85 72 681 78 0 
0 0 0 0 0 162 862 0 0 0 0 0 0 1024 0 0 0 0 0 0 0 1024 0 0 
0 0 0 0 0 0 1024 0 0 0 0 0 0 1024 0 0 0 0 0 0 0 1024 0 0 
0 0 0 0 0 16 1008 0 0 0 0 0 0 1024 0 0 0 0 0 0 0 832 192 0 
0 0 0 0 0 48 976 0 0 0 0 0 0 983 41 0 0 0 0 0 0 818 206 0 
0 0 0 0 10 311 703 0 0 0 0 10 17 987 10 0 0 0 0 9 13 743 259 0 
0 0 0 0 11 125 887 1 0 0 0 1 53 846 124 0 0 0 0 3 31 677 313 0 
0 0 0 0 5 150 869 0 0 0 0 1 86 852 85 0 0 0 0 1 26 647 350 0 
0 0 11 26 17 89 878 3 0 2 34 9 40 584 354 1 0 1 31 23 27 344 598 0 
0 0 24 46 50 100 801 3 0 11 41 45 88 494 345 0 0 7 62 49 115 105 686 0 
0 0 14 26 32 54 897 1 0 3 33 18 47 864 59 0 0 1 37 23 56 62 845 0 
0 0 0 0 0 0 1024 0 0 0 0 0 0 608 416 0 0 0 0 0 0 24 1000 0 
0 0 0 0 0 0 1020 4 0 0 0 0 0 1 1023 0 0 0 0 0 0 0 1024 0 
0 0 0 0 0 0 1024 0 0 0 0 0 0 0 1024 0 0 0 0 0 0 0 1024 0 
0 0 0 0 0 0 1024 0 0 0 0 0 0 312 712 0 0 0 0 0 0 144 880 0 
0 0 108 223 82 254 318 39 0 90 334 60 59 363 116 2 0 3 261 180 58 293 217 12 
0 0 186 231 63 54 470 20 0 135 308 51 32 201 297 0 0 8 311 162 33 62 444 4 
0 0 168 196 71 73 500 16 0 121 289 50 37 264 262 1 0 9 274 167 34 65 473 2 
0 0 0 0 0 3 1021 0 0 0 0 0 0 562 462 0 0 0 0 0 0 16 1008 0 
0 0 6 57 63 34 851 13 0 48 92 13 12 410 449 0 0 1 43 95 16 19 842 8 
0 0 21 65 83 79 753 23 1 96 93 21 29 690 94 0 0 6 101 88 23 84 717 5 
0 0 0 8 31 78 907 0 0 25 21 12 16 935 15 0 0 0 18 23 21 73 889 0 
0 0 0 0 0 88 936 0 0 0 0 0 4 972 48 0 0 0 0 0 0 58 966 0 
0 0 181 117 52 352 322 0 0 41 240 51 152 353 187 0 0 2 237 75 72 339 299 0 
0 0 264 179 82 89 405 5 0 104 314 77 74 423 32 0 0 11 364 130 75 155 289 0 
0 0 262 167 72 140 381 2 0 129 276 81 65 456 17 0 0 6 345 126 79 231 235 2 
0 0 286 150 77 221 290 0 0 181 231 66 77 468 1 0 0 6 358 115 81 237 227 0 
0 0 232 202 90 195 305 0 0 100 303 78 111 431 1 0 0 6 347 134 105 391 41 0 
0 0 31 33 74 198 106 582 0 57 79 88 129 76 26 569 15 88 135 88 53 62 17 566 
0 0 103 88 197 541 94 1 3 149 133 183 433 123 0 0 176 198 254 132 119 134 11 0 
0 1 104 82 209 491 137 0 12 227 128 141 397 117 2 0 24 209 408 127 104 136 16 0 
0 9 122 92 137 474 177 13 8 232 139 154 399 90 2 0 208 167 326 208 94 20 1 0 
0 3 137 111 149 434 178 12 8 223 146 112 302 226 7 0 77 110 290 132 128 273 14 0 
0 0 0 0 0 190 834 0 0 0 0 0 48 976 0 0 0 0 0 0 0 992 32 0 
0 0 0 0 0 864 160 0 0 0 0 0 0 1024 0 0 0 0 0 0 0 1024 0 0 
0 0 0 0 0 1024 0 0 0 0 0 0 0 1024 0 0 0 0 0 0 0 1024 0 0 
0 0 0 0 0 752 272 0 0 0 0 0 0 1024 0 0 0 0 0 0 0 1024 0 0 
0 4 125 136 79 636 41 3 0 78 157 69 214 490 16 0 5 37 221 85 90 578 8 0 
0 3 309 186 171 233 111 11 0 231 195 164 202 195 36 1 20 141 393 192 180 91 6 1 
0 3 250 129 141 275 210 16 0 156 183 137 167 324 55 2 6 60 328 159 156 260 52 3 
0 1 235 130 118 201 313 26 1 131 211 109 136 381 53 2 0 27 302 136 119 354 78 8 
0 1 75 76 71 578 214 9 1 26 107 64 70 738 16 2 1 25 116 70 64 712 34 2 
0 0 1 7 6 352 653 5 0 1 7 6 7 991 12 0 0 1 3 6 7 801 206 0 
0 0 5 126 97 313 476 7 0 0 3 69 93 833 25 1 0 0 2 84 153 514 270 1 
0 0 36 207 284 220 261 16 0 14 153 268 203 299 87 0 0 1 34 169 339 272 202 7 
0 0 5 31 67 273 616 32 0 5 28 60 192 628 109 2 0 1 14 38 119 342 502 8 
0 0 121 233 171 237 222 40 0 33 295 180 199 234 82 1 11 51 194 262 186 218 100 2 
0 1 157 197 143 247 231 48 1 67 237 188 155 284 88 4 85 129 347 222 125 85 26 5 
0 0 113 108 129 182 482 10 0 39 173 126 105 522 59 0 53 89 282 101 74 129 296 0 
0 0 0 0 44 172 803 5 0 0 0 13 128 432 451 0 0 0 0 8 105 151 760 0 
0 0 0 0 0 0 1024 0 0 0 0 0 0 0 1024 0 0 0 0 0 0 0 1024 0 
0 0 0 0 0 0 1024 0 0 0 0 0 0 0 1024 0 0 0 0 0 0 0 1024 0 
0 0 0 0 0 65 959 0 0 0 0 0 6 346 672 0 0 0 0 0 0 227 789 8 
0 1 76 62 62 423 340 60 0 85 152 71 233 430 53 0 113 125 263 170 89 244 20 0 
0 2 58 35 126 406 359 38 5 132 100 94 298 361 33 1 6 99 258 253 143 243 20 2 
0 2 196 182 199 317 107 21 16 329 208 114 201 123 33 0 0 37 432 287 115 108 34 11 
0 3 124 219 228 245 172 33 6 211 302 104 120 213 65 3 0 17 309 282 136 152 111 17 
0 2 78 129 107 315 352 41 8 130 167 87 202 382 48 0 182 101 251 172 78 112 118 10 
0 0 155 120 69 263 363 54 6 139 216 88 158 342 75 0 94 61 275 145 65 131 250 3 
0 0 209 91 46 269 385 24 0 103 188 40 95 462 136 0 0 4 230 79 54 368 272 17 
0 0 0 0 11 222 791 0 0 0 0 3 56 786 179 0 0 0 0 0 14 280 730 0 
0 0 77 129 56 319 438 5 0 7 22 13 263 459 260 0 1 43 199 138 78 288 277 0 
0 1 42 150 105 345 380 1 0 7 32 21 195 661 108 0 9 59 107 226 125 350 148 0 
0 0 14 80 59 422 448 1 0 6 66 31 126 695 100 0 2 3 43 108 114 577 177 0 
0 0 62 170 103 371 318 0 0 24 35 68 256 611 30 0 4 36 166 199 176 352 91 0 
0 4 43 169 191 449 168 0 0 18 37 29 414 522 4 0 1 26 152 229 305 285 26 0 
0 0 0 0 30 394 24 576 0 0 0 24 225 199 0 576 0 0 0 7 94 347 0 576 
0 0 1 72 243 705 3 0 0 11 100 180 641 92 0 0 0 2 72 162 262 526 0 0 
0 0 0 8 159 844 13 0 0 3 34 115 671 201 0 0 0 0 5 111 261 647 0 0 
0 0 13 13 105 838 55 0 0 13 13 43 334 621 0 0 0 0 18 15 131 853 7 0 
0 0 53 20 49 856 46 0 0 49 23 17 668 267 0 0 0 9 58 10 81 844 22 0 
0 0 0 0 0 379 645 0 0 0 0 0 13 1011 0 0 0 0 0 0 2 1005 17 0 
0 0 0 0 0 933 91 0 0 0 0 0 0 1024 0 0 0 0 0 0 0 1024 0 0 
0 0 0 0 0 1024 0 0 0 0 0 0 0 1024 0 0 0 0 0 0 0 1024 0 0 
0 0 0 0 0 895 129 0 0 0 0 0 10 1014 0 0 0 0 0 0 0 1020 4 0 
0 4 82 43 33 475 386 1 1 50 66 24 215 660 8 0 4 45 104 34 66 600 171 0 
0 1 154 68 70 261 462 8 1 119 92 32 186 575 18 1 21 109 157 61 64 583 29 0 
0 4 159 71 64 252 468 6 1 112 107 31 163 585 23 2 7 82 172 45 121 521 75 1 
0 5 125 84 104 432 257 17 1 88 117 31 159 581 46 1 2 64 156 48 122 526 105 1 
0 1 53 54 120 532 255 9 0 43 57 50 235 610 29 0 3 28 79 61 162 590 100 1 
0 0 3 6 52 240 716 7 0 3 6 33 73 851 57 1 0 0 5 12 66 476 465 0 
0 1 6 46 65 251 648 7 0 1 6 49 78 727 161 2 0 1 4 40 71 374 529 5 
0 0 0 1 29 223 768 3 0 0 1 1 101 516 405 0 0 0 0 2 45 327 649 1 
0 0 5 9 30 221 737 22 0 9 7 20 140 456 392 0 0 0 10 8 59 323 622 2 
0 0 50 41 39 260 609 25 0 36 51 29 160 582 164 2 0 12 57 34 60 310 542 9 
0 2 134 89 63 174 521 41 0 79 130 59 134 464 155 3 0 32 169 46 104 177 476 20 
0 0 82 72 81 217 546 26 0 57 90 50 157 514 156 0 0 10 119 44 138 196 507 10 
0 0 0 0 45 221 753 5 0 0 0 14 221 237 552 0 0 0 0 7 212 68 733 4 
0 0 0 0 0 0 1024 0 0 0 0 0 0 0 1024 0 0 0 0 0 0 0 1024 0 
0 0 0 0 0 0 1024 0 0 0 0 0 0 0 1024 0 0 0 0 0 0 0 1024 0 
0 0 0 0 0 83 940 1 0 0 0 0 11 301 712 0 0 0 0 0 0 101 921 2 
0 4 180 45 16 228 504 47 1 79 142 20 94 339 349 0 0 7 192 30 16 228 510 41 
0 0 274 46 12 205 452 35 0 254 64 14 91 227 374 0 0 6 282 32 17 202 454 31 
0 6 156 40 16 296 474 36 0 143 48 20 155 297 361 0 0 26 155 21 22 287 484 29 
0 0 18 37 42 382 510 35 0 13 30 23 170 422 366 0 0 4 24 34 56 407 476 23 
0 1 71 73 97 294 450 38 6 102 98 76 161 319 262 0 3 42 150 81 70 258 410 10 
0 3 106 43 50 358 429 35 2 102 94 57 207 373 188 1 0 36 141 48 69 305 399 26 
0 0 0 0 18 346 638 22 0 0 1 23 232 514 254 0 0 0 0 0 37 419 554 14 
0 0 0 2 40 325 624 33 0 0 16 32 222 465 289 0 0 0 5 17 51 385 561 5 
0 1 288 59 34 252 389 1 1 116 227 28 130 350 172 0 0 3 288 56 30 293 349 5 
0 0 510 35 16 242 214 7 0 420 122 16 181 212 73 0 0 22 489 37 47 267 157 5 
0 4 536 36 31 210 207 0 0 468 98 30 180 197 51 0 0 77 472 31 77 221 146 0 
0 9 508 54 40 196 208 9 0 422 127 34 177 230 34 0 1 66 476 41 81 184 173 2 
0 2 500 94 58 186 184 0 0 323 255 37 174 221 14 0 0 45 542 54 88 167 128 0 
0 0 1 17 27 398 16 565 0 0 16 16 276 140 24 552 0 0 9 26 203 210 25 551 
0 0 69 83 349 523 0 0 1 101 71 319 532 0 0 0 0 10 111 266 597 40 0 0 
0 1 145 88 209 567 14 0 2 201 153 116 495 57 0 0 0 27 219 158 412 206 2 0 
0 1 242 165 117 470 27 2 4 250 177 74 348 171 0 0 0 53 318 110 112 424 7 0 
0 0 45 55 62 857 5 0 0 80 47 28 853 16 0 0 0 16 70 46 49 843 0 0 
0 0 0 0 0 424 600 0 0 0 0 0 40 984 0 0 0 0 0 0 0 976 48 0 
0 0 0 0 0 1024 0 0 0 0 0 0 0 1024 0 0 0 0 0 0 0 1024 0 0 
0 0 0 0 0 1024 0 0 0 0 0 0 0 1024 0 0 0 0 0 0 0 1024 0 0 
0 0 0 0 0 928 96 0 0 0 0 0 0 1024 0 0 0 0 0 0 0 1024 0 0 
0 0 0 0 0 349 675 0 0 0 0 0 0 1024 0 0 0 0 0 0 0 712 312 0 
0 0 0 0 0 221 803 0 0 0 0 0 0 1023 1 0 0 0 0 0 0 935 89 0 
0 0 0 0 0 738 286 0 0 0 0 0 0 1024 0 0 0 0 0 0 0 1012 12 0 
0 0 0 0 0 1018 6 0 0 0 0 0 0 1024 0 0 0 0 0 0 0 1024 0 0 
0 0 0 4 38 815 143 24 0 0 2 14 184 774 46 4 0 0 0 6 78 856 79 5 
0 0 0 6 77 334 607 0 0 0 2 38 212 755 17 0 0 0 0 4 108 430 482 0 
0 0 0 0 0 0 1024 0 0 0 0 0 0 680 344 0 0 0 0 0 0 16 1008 0 
0 0 0 0 0 0 1024 0 0 0 0 0 0 248 776 0 0 0 0 0 0 0 1024 0 
0 0 0 0 0 0 1024 0 0 0 0 0 0 832 192 0 0 0 0 0 0 0 1024 0 
0 0 0 0 0 0 1024 0 0 0 0 0 0 826 198 0 0 0 0 0 0 0 1024 0 
0 0 0 0 0 14 1010 0 0 0 0 0 0 1024 0 0 0 0 0 0 0 10 1014 0 
0 0 0 19 85 228 692 0 0 0 48 44 148 777 7 0 0 0 10 79 161 119 655 0 
0 0 0 7 1 191 825 0 0 0 6 2 32 492 492 0 0 0 5 3 141 70 805 0 
0 0 0 0 0 0 1024 0 0 0 0 0 0 0 1024 0 0 0 0 0 0 0 1024 0 
0 0 0 0 0 0 1024 0 0 0 0 0 0 0 1024 0 0 0 0 0 0 0 1024 0 
0 0 0 0 0 40 984 0 0 0 0 0 0 416 608 0 0 0 0 0 0 32 992 0 
0 0 0 12 201 258 542 11 2 66 92 181 70 307 306 0 0 0 27 201 146 152 498 0 
0 0 0 14 39 68 898 5 0 15 64 24 18 281 622 0 0 0 18 64 30 35 876 1 
0 0 0 1 20 30 967 6 0 0 3 26 14 87 891 3 0 0 2 13 18 32 955 4 
0 0 0 0 0 0 1024 0 0 0 0 0 0 0 1024 0 0 0 0 0 0 0 1024 0 
0 0 0 0 0 0 1024 0 0 0 0 0 0 16 1008 0 0 0 0 0 0 0 1024 0 
0 0 0 0 0 0 1024 0 0 0 0 0 0 896 128 0 0 0 0 0 0 0 1024 0 
0 0 0 0 0 0 1024 0 0 0 0 0 0 1024 0 0 0 0 0 0 0 0 1024 0 
0 0 0 0 0 48 976 0 0 0 0 0 0 896 128 0 0 0 0 0 0 32 992 0 
0 0 0 0 0 338 686 0 0 0 0 0 4 583 437 0 0 0 0 0 0 380 644 0 
0 0 0 0 0 0 1024 0 0 0 0 0 0 790 234 0 0 0 0 0 0 0 1024 0 
0 0 0 0 0 24 1000 0 0 0 0 0 0 1014 10 0 0 0 0 0 0 41 983 0 
0 0 0 2 46 152 824 0 2 38 34 13 60 877 0 0 0 0 19 49 33 227 696 0 
0 0 0 0 0 104 920 0 0 0 0 0 72 952 0 0 0 0 0 0 8 240 776 0 
0 0 0 14 153 204 98 555 0 1 31 157 160 100 32 543 0 0 5 104 199 111 61 544 
0 5 74 164 232 393 135 21 5 80 83 255 361 212 25 3 15 59 154 202 329 214 45 6 
0 4 173 112 205 395 127 8 10 218 125 266 279 113 13 0 73 135 287 200 210 105 14 0 
0 4 193 136 173 402 112 4 3 207 155 231 320 104 4 0 1 56 264 163 363 162 14 1 
0 0 79 49 84 777 32 3 0 92 78 136 503 215 0 0 0 27 93 72 222 601 9 0 
0 0 0 0 0 542 482 0 0 0 0 0 57 967 0 0 0 0 0 0 0 1016 8 0 
0 0 0 0 0 984 40 0 0 0 0 0 0 1024 0 0 0 0 0 0 0 1024 0 0 
0 0 0 0 0 1024 0 0 0 0 0 0 0 1024 0 0 0 0 0 0 0 1024 0 0 
0 0 0 0 19 954 51 0 0 11 13 5 24 971 0 0 0 0 11 13 15 985 0 0 
0 0 0 3 63 783 175 0 1 19 13 21 306 662 2 0 0 0 16 76 189 740 3 0 
0 1 43 36 62 560 307 15 0 30 41 30 289 596 38 0 0 17 71 43 263 569 61 0 
0 14 349 111 103 281 159 7 3 282 173 105 93 356 11 1 0 83 404 113 89 319 15 1 
0 2 167 126 89 579 55 6 0 114 135 101 117 547 8 2 0 20 206 129 101 546 20 2 
0 0 0 29 404 513 73 5 0 0 0 10 415 582 17 0 80 224 115 32 86 449 36 2 
0 0 0 206 123 107 588 0 0 0 6 199 187 596 36 0 5 112 98 24 76 511 198 0 
0 1 15 24 52 158 771 3 0 11 22 45 62 663 221 0 0 12 28 61 65 267 591 0 
0 0 3 26 49 104 839 3 0 0 7 45 73 769 130 0 0 0 6 42 48 124 803 1 
0 0 20 26 31 142 804 1 0 45 49 5 57 854 14 0 0 0 61 30 17 158 758 0 
0 1 50 82 83 113 685 10 7 172 91 29 27 662 35 1 0 10 158 102 44 60 647 3 
0 1 32 62 62 119 747 1 3 62 74 36 47 780 22 0 0 15 123 57 32 108 688 1 
0 0 5 36 132 426 425 0 0 5 63 92 273 590 1 0 0 5 33 109 417 287 173 0 
0 0 0 1 11 349 663 0 0 0 1 6 82 412 523 0 0 0 0 6 142 235 641 0 
0 0 0 0 0 0 1024 0 0 0 0 0 0 0 1024 0 0 0 0 0 0 0 1024 0 
0 0 0 0 0 0 1024 0 0 0 0 0 0 0 1024 0 0 0 0 0 0 0 1024 0 
0 0 0 0 0 208 816 0 0 0 0 0 0 464 560 0 0 0 0 0 0 352 672 0 
0 0 6 80 407 442 87 2 11 96 168 271 318 151 9 0 0 6 95 284 377 219 41 2 
0 3 16 397 234 211 125 38 0 9 280 364 183 134 35 19 0 8 24 435 296 127 105 29 
0 0 4 31 115 272 586 16 0 2 25 117 197 313 368 2 0 0 11 65 184 244 517 3 
0 0 0 0 0 0 1024 0 0 0 0 0 0 210 814 0 0 0 0 0 0 0 1024 0 
0 0 0 0 0 0 1024 0 0 0 0 0 0 392 632 0 0 0 0 0 0 0 1024 0 
0 0 0 0 0 0 1024 0 0 0 0 0 0 1024 0 0 0 0 0 0 0 0 1024 0 
0 0 0 0 0 0 1024 0 0 0 0 0 0 1024 0 0 0 0 0 0 0 0 1024 0 
0 0 0 0 0 27 997 0 0 0 0 0 0 857 167 0 0 0 0 0 0 28 996 0 
0 0 0 49 235 422 260 58 0 3 124 208 306 290 74 19 0 0 12 177 259 368 178 30 
0 0 0 103 266 322 251 82 0 6 160 241 249 265 65 38 0 0 20 245 280 268 151 60 
0 0 0 61 218 312 362 71 0 0 93 207 144 480 67 33 0 0 13 180 201 403 161 66 
0 0 3 97 360 309 229 26 0 46 200 259 256 233 21 9 0 4 87 346 281 228 66 12 
0 0 0 0 0 40 984 0 0 0 0 0 0 1024 0 0 0 0 0 0 0 512 512 0 
0 0 0 9 41 369 59 546 0 0 12 42 169 239 18 544 0 0 10 32 58 360 20 544 
0 0 32 31 52 878 30 1 0 20 32 23 762 185 1 1 0 9 26 37 125 819 7 1 
0 0 105 36 55 814 14 0 0 118 23 19 762 102 0 0 0 15 121 20 94 771 3 0 
0 0 107 21 52 844 0 0 0 116 12 40 552 304 0 0 0 13 112 3 76 820 0 0 
0 0 46 21 15 911 31 0 0 39 27 10 736 212 0 0 0 4 54 7 35 920 4 0 
0 0 0 0 0 546 478 0 0 0 0 0 20 1004 0 0 0 0 0 0 0 1015 9 0 
0 0 0 0 0 1016 8 0 0 0 0 0 0 1024 0 0 0 0 0 0 0 1022 2 0 
0 0 0 0 0 1012 12 0 0 0 0 0 8 1016 0 0 0 0 0 0 0 1022 2 0 
0 0 30 40 52 755 142 5 3 43 35 28 100 802 13 0 0 19 47 40 77 800 40 1 
0 0 31 57 116 594 217 9 1 70 34 43 340 498 38 0 0 7 78 80 288 540 30 1 
0 2 109 114 158 441 191 9 1 104 93 152 372 286 16 0 18 89 217 168 267 243 22 0 
0 5 205 174 254 254 118 14 4 140 175 254 254 173 24 0 9 82 273 224 242 152 42 0 
0 1 68 161 208 389 178 19 0 51 92 180 293 313 90 5 0 25 108 210 263 353 61 4 
0 0 0 37 697 278 12 0 0 0 0 111 687 226 0 0 296 279 132 89 85 141 2 0 
0 0 4 17 54 404 541 4 0 2 16 91 192 704 19 0 0 4 32 118 133 632 105 0 
0 14 336 225 103 166 153 27 3 236 292 122 170 148 53 0 5 119 475 139 98 138 40 10 
0 3 90 143 197 372 180 39 0 63 131 137 237 320 120 16 0 28 160 179 281 280 80 16 
0 3 190 125 130 320 203 53 5 98 234 76 277 233 84 17 4 19 297 136 216 226 101 25 
0 0 220 132 133 224 258 57 5 199 177 92 171 296 66 18 1 16 268 148 137 306 114 34 
0 0 183 115 106 227 367 26 1 73 225 104 145 438 34 4 0 12 245 154 267 302 38 6 
0 0 19 35 193 467 304 6 0 14 71 112 389 420 18 0 0 14 43 212 485 248 22 0 
0 0 0 0 12 278 733 1 0 0 0 10 71 386 557 0 0 0 0 17 46 276 685 0 
0 0 0 0 0 0 1024 0 0 0 0 0 0 0 1024 0 0 0 0 0 0 0 1024 0 
0 0 0 0 0 0 1024 0 0 0 0 0 0 0 1024 0 0 0 0 0 0 0 1024 0 
0 0 1 4 52 294 657 16 0 0 2 19 111 344 539 9 0 0 1 7 68 318 614 16 
0 0 45 89 380 405 85 20 4 101 111 239 382 155 29 3 0 21 100 186 420 236 55 6 
0 0 26 226 354 244 118 56 0 15 309 265 179 180 61 15 0 1 62 360 265 192 118 26 
0 2 124 199 102 267 286 44 2 73 227 95 152 316 151 8 1 27 233 166 105 154 285 53 
0 0 156 166 101 242 330 29 0 97 193 101 142 387 99 5 0 28 259 132 96 176 298 35 
0 1 170 190 89 190 357 27 0 69 248 99 135 346 119 8 0 19 293 156 99 163 271 23 
0 0 193 146 87 164 389 45 0 72 247 78 124 401 89 13 0 13 282 144 80 151 300 54 
0 0 192 176 94 163 382 17 0 45 292 95 116 428 47 1 0 13 300 138 79 151 330 13 
0 0 87 70 68 211 579 9 0 27 112 60 93 558 174 0 0 2 117 76 57 223 539 10 
0 0 10 192 318 293 162 49 0 3 221 273 313 168 33 13 0 0 55 300 314 272 68 15 
0 0 20 179 288 274 153 110 0 18 297 257 208 129 72 43 0 0 97 312 265 190 94 66 
0 0 8 136 189 356 249 86 0 4 167 190 169 405 48 41 0 1 44 227 169 396 120 67 
0 0 26 205 390 269 114 20 11 108 242 341 160 136 24 2 0 7 164 392 243 165 48 5 
0 0 48 287 98 308 283 0 0 30 289 86 100 519 0 0 0 2 236 123 123 499 41 0 
0 0 0 3 79 350 44 548 0 0 9 41 179 244 11 540 0 0 3 11 140 319 23 528 
0 0 0 0 83 921 20 0 0 0 0 16 625 383 0 0 0 0 0 2 239 783 0 0 
0 0 119 83 91 699 32 0 0 127 103 42 519 233 0 0 0 11 187 67 163 596 0 0 
0 4 400 156 116 341 7 0 1 440 186 42 294 61 0 0 0 34 501 105 98 286 0 0 
0 0 148 130 79 665 2 0 0 191 133 45 617 38 0 0 0 7 239 84 76 618 0 0 
0 0 0 0 0 507 517 0 0 0 0 0 67 957 0 0 0 0 0 0 0 1000 24 0 
0 0 0 0 0 1024 0 0 0 0 0 0 0 1024 0 0 0 0 0 0 0 1024 0 0 
0 0 0 0 0 1012 12 0 0 0 0 0 0 1024 0 0 0 0 0 0 0 1022 2 0 
0 0 0 0 0 1024 0 0 0 0 0 0 19 1005 0 0 0 0 0 0 0 1024 0 0 
0 0 0 0 0 684 340 0 0 0 0 0 52 972 0 0 0 0 0 0 2 974 48 0 
0 0 0 0 8 938 78 0 0 0 0 0 64 960 0 0 0 0 0 0 18 984 22 0 
0 0 0 0 26 922 76 0 0 0 0 0 68 956 0 0 0 0 0 0 37 983 4 0 
0 0 0 0 32 894 98 0 0 0 0 4 93 927 0 0 0 0 0 0 58 942 24 0 
0 0 0 3 86 834 101 0 0 0 0 7 123 893 1 0 1 6 26 22 58 863 48 0 
0 0 3 1 16 505 499 0 0 0 3 4 45 965 7 0 0 0 3 3 23 789 206 0 
0 3 133 81 58 417 330 2 0 98 118 42 86 667 13 0 0 20 160 61 58 512 213 0 
0 3 36 49 51 148 731 6 0 29 35 37 103 765 53 2 0 14 49 49 53 200 659 0 
0 4 113 42 40 110 701 14 0 75 97 36 74 676 66 0 0 30 128 46 64 140 616 0 
0 2 139 32 62 130 647 12 5 120 98 48 64 598 91 0 0 34 134 63 69 117 603 4 
0 1 22 33 62 212 684 10 0 26 60 52 127 658 101 0 0 16 43 49 173 211 530 2 
0 0 2 4 27 211 720 60 0 5 14 35 136 566 264 4 0 3 17 35 170 285 514 0 
0 0 0 3 13 124 864 20 0 4 6 11 39 264 700 0 0 4 6 10 39 176 785 4 
0 0 0 0 0 0 1024 0 0 0 0 0 0 1 1023 0 0 0 0 0 0 0 1024 0 
0 0 0 0 0 0 1024 0 0 0 0 0 0 0 1024 0 0 0 0 0 0 0 1024 0 
0 0 2 18 87 148 761 8 0 2 6 57 118 257 580 4 0 0 5 19 89 128 776 7 
0 2 46 38 160 287 465 26 0 28 40 95 217 322 315 7 0 8 48 53 182 272 441 20 
0 0 17 22 69 349 543 24 0 10 27 49 220 430 288 0 0 0 20 30 116 376 474 8 
0 0 92 52 58 235 560 27 0 42 98 39 134 377 332 2 0 3 127 63 73 183 529 46 
0 3 95 59 41 268 491 67 0 53 100 28 149 407 273 14 0 20 156 66 33 209 479 61 
0 2 109 37 40 286 486 64 0 43 101 60 187 355 271 7 13 76 168 70 53 121 453 70 
0 3 99 48 43 281 462 88 0 41 94 30 214 367 269 9 9 27 135 83 65 223 414 68 
0 0 94 56 79 396 370 29 0 15 112 81 234 424 153 5 0 30 130 108 117 276 350 13 
0 0 41 47 111 393 420 12 0 3 78 50 246 488 159 0 0 0 41 65 89 369 442 18 
0 0 0 59 250 412 230 73 0 0 25 241 459 209 74 16 0 0 2 94 395 403 92 38 
0 0 10 242 143 333 203 93 0 2 209 200 317 187 89 20 0 0 33 285 254 294 118 40 
0 0 3 75 255 308 273 110 0 0 20 149 281 372 165 37 0 1 21 154 305 342 145 56 
0 0 10 256 347 348 51 12 4 125 290 192 295 98 20 0 0 1 176 350 276 191 25 5 
0 0 2 72 67 419 462 2 0 7 75 39 218 682 3 0 0 2 69 38 87 765 63 0 
0 0 42 102 146 190 16 528 0 40 139 77 200 35 20 513 0 7 124 98 209 57 15 514 
0 0 162 313 286 234 29 0 0 89 318 311 207 99 0 0 0 8 193 338 314 169 2 0 
0 0 28 61 265 659 11 0 1 47 62 185 656 73 0 0 30 125 182 100 462 125 0 0 
0 0 160 80 161 556 67 0 4 237 103 133 485 62 0 0 116 379 377 118 28 6 0 0 
0 0 155 28 57 717 66 1 2 183 60 101 355 323 0 0 46 120 264 94 84 416 0 0 
0 0 0 0 0 528 496 0 0 0 0 0 40 984 0 0 0 0 0 0 0 1024 0 0 
0 0 0 0 0 1024 0 0 0 0 0 0 0 1024 0 0 0 0 0 0 0 1024 0 0 
0 0 0 0 0 1024 0 0 0 0 0 0 0 1024 0 0 0 0 0 0 0 1024 0 0 
0 0 0 1 2 1020 1 0 0 0 0 2 15 1007 0 0 0 0 0 2 11 1011 0 0 
0 0 11 29 16 717 251 0 0 8 28 18 48 922 0 0 0 2 18 27 19 814 144 0 
0 0 6 4 21 989 4 0 0 4 6 14 86 914 0 0 0 3 6 5 25 983 2 0 
0 1 10 10 38 945 20 0 1 8 13 19 168 815 0 0 0 3 17 8 62 927 7 0 
0 0 5 7 43 962 7 0 0 5 8 24 177 810 0 0 0 0 7 12 60 940 5 0 
0 0 0 0 33 989 2 0 0 0 0 19 135 870 0 0 0 0 0 0 49 975 0 0 
0 0 0 0 4 368 652 0 0 0 0 2 62 949 11 0 0 0 0 0 6 862 156 0 
0 0 36 119 76 468 320 5 0 22 76 39 136 698 52 1 3 33 110 130 58 598 90 2 
0 0 0 0 0 14 1010 0 0 0 0 0 0 1024 0 0 0 0 0 0 0 191 833 0 
0 0 0 0 0 0 1024 0 0 0 0 0 0 1024 0 0 0 0 0 0 0 0 1024 0 
0 0 0 0 0 0 1024 0 0 0 0 0 0 1024 0 0 0 0 0 0 0 0 1024 0 
0 0 0 0 0 0 1024 0 0 0 0 0 0 1024 0 0 0 0 0 0 0 0 1024 0 
0 0 0 0 0 0 1024 0 0 0 0 0 0 1024 0 0 0 0 0 0 0 0 1024 0 
0 0 0 0 0 63 961 0 0 0 0 0 0 417 607 0 0 0 0 0 0 35 989 0 
0 0 0 0 0 0 1024 0 0 0 0 0 0 0 1024 0 0 0 0 0 0 0 1024 0 
0 0 0 0 0 0 1024 0 0 0 0 0 0 0 1024 0 0 0 0 0 0 0 1024 0 
0 0 0 0 0 8 1016 0 0 0 0 0 0 584 440 0 0 0 0 0 0 0 1024 0 
0 0 0 0 0 0 1024 0 0 0 0 0 0 113 911 0 0 0 0 0 0 8 1016 0 
0 0 0 0 0 0 1024 0 0 0 0 0 0 0 1024 0 0 0 0 0 0 0 1024 0 
0 0 0 0 0 0 1024 0 0 0 0 0 0 48 976 0 0 0 0 0 0 0 1024 0 
0 0 0 0 0 0 1024 0 0 0 0 0 0 48 976 0 0 0 0 0 0 0 1024 0 
0 0 0 0 8 23 989 4 0 0 0 0 20 274 729 1 0 0 0 0 0 30 990 4 
0 0 0 0 8 85 931 0 0 0 0 0 25 942 57 0 0 0 0 0 0 68 954 2 
0 0 0 0 6 74 944 0 0 0 0 0 40 920 64 0 0 0 0 0 7 64 952 1 
0 0 0 0 15 157 852 0 0 0 0 0 25 744 255 0 0 0 0 0 10 196 818 0 
0 0 0 4 13 110 897 0 0 0 3 10 19 334 658 0 0 0 0 8 11 203 802 0 
0 0 0 50 40 83 851 0 0 0 24 55 21 237 687 0 0 0 0 61 30 91 842 0 
0 0 1 33 53 133 799 5 0 0 14 58 43 593 314 2 0 0 3 52 60 145 761 3 
0 0 31 79 97 125 692 0 0 18 84 95 65 692 70 0 0 0 76 99 59 119 671 0 
0 0 65 179 52 131 596 1 0 32 215 40 66 659 12 0 0 0 208 69 41 236 470 0 
0 0 52 74 74 282 30 512 0 12 113 70 188 129 8 504 0 4 74 87 107 238 8 506 
0 0 0 16 154 834 20 0 0 0 9 67 741 207 0 0 0 0 1 25 261 737 0 0 
0 0 0 0 107 902 15 0 0 0 0 37 841 146 0 0 13 35 39 24 184 728 1 0 
0 0 98 34 62 828 2 0 0 92 31 51 691 159 0 0 19 81 77 30 89 728 0 0 
0 0 38 22 47 908 9 0 0 33 19 35 825 112 0 0 0 0 44 18 70 892 0 0 
0 0 0 0 0 660 364 0 0 0 0 0 62 962 0 0 0 0 0 0 0 886 138 0 
0 0 0 0 0 1024 0 0 0 0 0 0 0 1024 0 0 0 0 0 0 0 1024 0 0 
0 0 0 0 0 1019 5 0 0 0 0 0 0 1024 0 0 0 0 0 0 0 1021 3 0 
0 4 86 54 57 768 54 1 2 55 78 29 179 676 5 0 0 11 119 25 82 750 35 2 
0 6 372 122 101 278 142 3 0 300 193 73 227 225 6 0 1 22 436 77 119 291 78 0 
0 13 353 140 138 280 99 1 3 285 240 150 187 149 10 0 1 69 371 190 171 176 46 0 
0 14 264 70 184 405 83 4 11 237 230 352 155 38 1 0 2 54 347 350 206 63 2 0 
0 11 330 79 186 348 69 1 4 292 287 261 138 40 2 0 0 58 413 323 167 59 4 0 
0 15 396 95 166 286 64 2 4 338 232 222 152 74 2 0 0 82 433 245 150 109 5 0 
0 3 142 143 95 463 177 1 3 107 130 94 168 518 4 0 0 15 179 177 85 452 116 0 
0 2 329 229 134 229 92 9 5 256 329 179 140 97 18 0 30 146 529 170 67 75 7 0 
0 10 333 215 102 214 144 6 8 208 339 115 187 156 11 0 30 139 524 147 89 74 21 0 
0 3 277 220 85 198 225 16 0 134 341 92 137 290 28 2 0 42 458 135 125 209 55 0 
0 1 216 214 86 137 354 16 0 106 311 94 89 388 36 0 3 67 386 119 65 165 218 1 
0 0 41 174 72 116 615 6 0 24 189 59 62 673 17 0 1 4 141 138 66 211 463 0 
0 0 37 66 77 131 712 1 0 12 109 55 45 798 5 0 0 4 76 68 63 106 707 0 
0 0 16 56 64 107 775 6 0 46 75 43 22 217 621 0 0 2 79 75 37 70 758 3 
0 0 0 0 0 0 1024 0 0 0 0 0 0 0 1024 0 0 0 0 0 0 0 1024 0 
0 0 0 0 0 0 1024 0 0 0 0 0 0 1 1023 0 0 0 0 0 0 0 1024 0 
0 0 3 16 17 154 832 2 0 3 14 12 48 548 399 0 0 0 19 19 41 236 709 0 
0 2 40 63 82 165 663 9 0 33 59 78 102 236 515 1 0 27 77 96 115 139 569 1 
0 0 16 42 76 135 751 4 0 20 29 56 95 333 491 0 0 6 54 84 96 95 689 0 
0 0 2 17 60 130 813 2 1 1 13 38 91 340 540 0 0 3 22 51 92 107 749 0 
0 0 2 5 31 82 904 0 0 2 3 25 50 310 634 0 0 3 10 22 58 96 835 0 
0 0 1 2 13 60 948 0 0 0 1 5 31 577 410 0 0 1 1 6 37 77 902 0 
0 0 0 0 0 28 996 0 0 0 0 0 8 1015 1 0 0 0 0 0 9 28 987 0 
0 0 0 0 0 0 1024 0 0 0 0 0 0 1024 0 0 0 0 0 0 0 1 1023 0 
0 0 0 0 0 148 876 0 0 0 0 0 0 870 154 0 0 0 0 0 0 285 739 0 
0 0 0 0 0 0 1024 0 0 0 0 0 0 168 856 0 0 0 0 0 0 104 920 0 
0 0 0 0 0 0 1024 0 0 0 0 0 0 128 896 0 0 0 0 0 0 0 1024 0 
0 0 0 0 0 2 1022 0 0 0 0 0 0 406 618 0 0 0 0 0 0 5 1019 0 
0 0 0 0 0 0 1024 0 0 0 0 0 0 1024 0 0 0 0 0 0 0 0 1024 0 
0 0 0 0 2 8 1014 0 0 0 0 0 5 1019 0 0 0 0 3 3 7 99 912 0 
0 0 17 34 61 406 26 480 0 6 38 49 291 152 8 480 0 3 38 61 72 354 21 475 
0 0 61 92 139 726 4 2 0 40 91 111 758 22 2 0 0 15 112 134 169 594 0 0 
0 2 164 104 176 574 4 0 2 125 127 131 632 7 0 0 0 37 211 152 163 461 0 0 
0 1 260 100 189 473 1 0 0 190 147 143 494 50 0 0 0 26 298 156 191 352 1 0 
0 0 194 121 122 586 1 0 0 193 109 107 612 3 0 0 0 27 257 101 151 488 0 0 
0 0 0 0 0 915 109 0 0 0 0 0 96 928 0 0 0 0 0 0 0 964 60 0 
0 0 0 0 0 1024 0 0 0 0 0 0 0 1024 0 0 0 0 0 0 0 1024 0 0 
0 0 0 0 0 1024 0 0 0 0 0 0 0 1024 0 0 0 0 0 0 0 1024 0 0 
0 2 35 17 19 932 19 0 0 22 24 19 38 920 1 0 0 3 35 16 20 933 17 0 
0 1 103 25 34 757 104 0 0 72 49 23 134 746 0 0 0 14 91 23 44 751 101 0 
0 9 105 46 59 708 97 0 2 104 40 52 166 660 0 0 1 24 104 42 77 712 64 0 
0 15 218 46 95 605 45 0 8 206 70 81 195 464 0 0 1 84 170 100 115 538 16 0 
0 22 419 70 156 290 64 3 7 389 164 141 190 133 0 0 0 137 337 171 184 189 6 0 
0 28 347 78 170 292 100 9 3 326 182 205 158 148 2 0 0 111 325 218 153 189 28 0 
0 2 88 160 90 496 187 1 0 49 159 62 179 575 0 0 19 35 137 83 140 507 103 0 
0 0 264 52 150 400 157 1 0 260 204 199 115 229 17 0 0 90 442 163 87 216 26 0 
0 2 141 170 145 342 223 1 2 99 147 225 211 275 65 0 33 105 364 242 114 125 41 0 
0 2 243 177 98 264 238 2 0 55 226 39 189 444 71 0 22 93 399 151 86 230 43 0 
0 2 161 299 155 261 145 1 0 54 122 45 316 433 54 0 61 158 311 280 128 75 11 0 
0 5 63 104 147 377 321 7 1 49 115 66 222 513 58 0 7 44 173 123 311 314 51 1 
0 0 35 86 320 271 303 9 0 35 200 214 206 361 8 0 0 6 109 233 415 218 40 3 
0 4 75 11 8 55 866 5 1 15 73 6 11 255 663 0 0 5 82 6 5 107 815 4 
0 0 0 0 0 0 1024 0 0 0 0 0 0 0 1024 0 0 0 0 0 0 0 1024 0 
0 0 0 0 0 0 1024 0 0 0 0 0 0 0 1024 0 0 0 0 0 0 0 1024 0 
0 0 24 104 20 142 724 10 0 8 112 22 34 441 404 3 27 36 77 88 31 177 578 10 
0 3 157 251 46 181 366 20 0 56 341 31 95 364 133 4 4 21 296 139 57 173 318 16 
0 3 314 173 40 143 338 13 1 115 360 44 67 289 147 1 0 32 392 105 47 150 288 10 
0 4 267 232 56 189 252 24 2 114 377 50 92 262 123 4 1 35 367 153 63 203 190 12 
0 7 323 224 77 158 225 10 1 161 376 71 93 250 72 0 0 54 431 136 79 145 177 2 
0 2 331 199 110 147 207 28 1 117 398 94 120 178 112 4 0 30 449 158 105 122 147 13 
0 3 400 225 125 173 94 4 0 187 410 123 156 138 10 0 0 28 528 174 145 106 40 3 
0 2 253 182 122 215 244 6 1 102 313 98 156 327 26 1 0 22 346 142 159 186 167 2 
0 0 72 110 98 395 348 1 0 21 142 74 231 440 116 0 0 5 105 108 163 391 251 1 
0 0 99 154 94 144 532 1 0 93 281 56 33 310 251 0 0 1 226 159 57 161 420 0 
0 0 75 128 94 119 607 1 4 111 208 43 38 464 156 0 0 7 158 149 60 142 508 0 
0 0 26 62 92 174 670 0 0 103 117 41 46 706 11 0 0 3 86 126 60 174 575 0 
0 0 16 38 95 194 681 0 0 85 86 40 51 762 0 0 0 2 65 93 72 204 588 0 
0 0 2 26 112 305 579 0 1 17 60 83 94 769 0 0 0 1 36 103 98 322 464 0 
0 0 193 87 70 168 50 456 0 186 148 53 111 46 32 448 1 44 388 60 49 18 16 448 
0 3 273 52 135 547 14 0 0 229 95 181 452 67 0 0 26 83 315 107 216 276 1 0 
0 0 252 29 182 555 6 0 0 228 52 166 514 64 0 0 12 58 278 75 196 403 2 0 
0 0 114 65 398 427 20 0 0 99 174 368 326 57 0 0 21 81 235 156 374 155 2 0 
0 3 62 53 428 470 8 0 2 55 197 328 411 31 0 0 0 19 118 167 331 388 1 0 
0 0 0 0 0 1023 1 0 0 0 0 0 113 911 0 0 0 0 0 0 2 1022 0 0 
0 0 0 0 0 1024 0 0 0 0 0 0 0 1024 0 0 0 0 0 0 0 1024 0 0 
0 0 0 0 0 1024 0 0 0 0 0 0 0 1024 0 0 0 0 0 0 0 1024 0 0 
0 0 0 0 0 1024 0 0 0 0 0 0 0 1024 0 0 0 0 0 0 0 1024 0 0 
0 0 0 7 42 920 55 0 0 0 3 38 174 809 0 0 0 7 16 50 64 854 33 0 
0 0 2 52 242 719 9 0 8 67 62 186 189 512 0 0 1 29 125 197 144 528 0 0 
0 10 412 21 52 515 14 0 0 408 29 39 117 430 1 0 0 96 336 55 63 464 10 0 
0 14 740 209 59 2 0 0 1 852 165 4 2 0 0 0 0 121 881 19 2 1 0 0 
0 0 384 392 235 12 1 0 0 384 576 52 8 4 0 0 0 3 800 206 4 11 0 0 
0 1 0 113 85 779 46 0 1 0 140 45 67 771 0 0 0 1 37 120 44 766 56 0 
0 0 0 0 0 478 546 0 0 0 0 0 33 991 0 0 0 0 0 0 0 507 517 0 
0 0 0 0 7 342 675 0 0 0 0 4 51 968 1 0 0 0 0 1 9 340 674 0 
0 0 12 20 143 301 542 6 0 3 18 39 231 684 49 0 0 1 18 26 169 319 491 0 
0 0 72 47 72 316 517 0 0 26 82 45 99 725 47 0 0 1 98 35 71 327 492 0 
0 0 46 31 134 476 337 0 0 0 70 43 397 440 74 0 0 0 66 22 264 403 269 0 
0 1 20 41 35 286 641 0 0 17 48 22 159 691 87 0 0 5 36 42 118 306 517 0 
0 1 30 22 22 66 883 0 0 8 39 11 31 196 739 0 0 1 37 15 21 55 895 0 
0 0 0 0 0 0 1024 0 0 0 0 0 0 0 1024 0 0 0 0 0 0 0 1024 0 
0 0 0 0 0 0 1024 0 0 0 0 0 0 0 1024 0 0 0 0 0 0 0 1024 0 
0 0 27 34 27 131 784 21 0 12 42 23 26 408 513 0 12 17 47 41 42 138 705 22 
0 1 83 36 47 308 540 9 0 23 86 37 124 501 253 0 1 12 108 64 53 263 504 19 
0 0 67 46 41 213 641 16 0 32 63 44 206 404 275 0 47 72 96 64 68 172 492 13 
0 1 98 36 56 306 507 20 0 28 97 50 280 407 162 0 95 48 153 72 125 250 269 12 
0 1 59 40 39 323 553 9 0 38 50 42 246 532 113 3 43 50 108 63 88 258 400 14 
0 1 56 33 27 265 622 20 0 22 66 12 234 512 175 3 82 93 117 73 85 239 323 12 
0 0 2 2 87 439 494 0 0 1 2 58 237 647 79 0 0 28 39 55 141 353 408 0 
0 0 0 66 122 424 409 3 0 0 46 128 375 434 41 0 0 24 69 246 215 215 255 0 
0 0 51 157 156 384 274 2 0 25 162 200 300 233 103 1 1 30 172 263 155 213 190 0 
0 1 474 115 100 275 59 0 0 313 341 96 177 97 0 0 128 181 581 95 37 2 0 0 
0 0 249 75 139 393 165 3 3 224 220 115 239 217 6 0 195 173 404 166 70 16 0 0 
0 13 251 88 101 308 253 10 0 226 218 105 205 261 9 0 1 106 410 124 108 256 18 1 
0 3 342 187 150 234 104 4 3 250 342 156 179 94 0 0 29 110 554 199 98 31 3 0 
0 3 289 236 188 223 80 5 0 169 388 200 194 71 2 0 17 34 512 291 113 51 6 0 
0 0 29 40 75 375 65 440 0 44 54 63 191 218 24 430 0 45 163 53 103 212 29 419 
0 3 34 56 238 675 18 0 0 35 59 96 361 473 0 0 0 9 70 69 312 560 4 0 
0 1 61 42 118 784 18 0 0 48 44 74 483 375 0 0 0 7 62 57 144 750 4 0 
0 2 47 45 83 843 4 0 0 34 49 60 665 216 0 0 0 13 44 44 85 838 0 0 
0 0 0 8 33 983 0 0 0 0 4 23 109 888 0 0 0 0 0 11 36 977 0 0 
0 0 0 0 0 1024 0 0 0 0 0 0 0 1024 0 0 0 0 0 0 0 1024 0 0 
0 0 0 0 0 1024 0 0 0 0 0 0 0 1024 0 0 0 0 0 0 0 1024 0 0 
0 0 0 0 0 1024 0 0 0 0 0 0 0 1024 0 0 0 0 0 0 0 1024 0 0 
0 0 0 0 4 1019 1 0 0 0 0 0 106 918 0 0 0 0 0 0 21 1003 0 0 
0 0 3 40 231 719 31 0 1 31 47 120 458 367 0 0 0 1 49 115 250 605 4 0 
0 0 5 251 440 311 17 0 24 213 235 310 219 23 0 0 1 75 392 392 138 25 1 0 
0 10 594 284 105 31 0 0 1 559 375 57 30 2 0 0 0 85 719 180 31 9 0 0 
0 0 60 720 244 0 0 0 0 134 875 15 0 0 0 0 0 0 884 138 2 0 0 0 
0 0 8 136 730 149 0 1 0 32 596 395 0 1 0 0 0 1 303 718 1 0 0 1 
0 0 20 70 281 635 17 1 3 35 273 61 71 580 1 0 0 1 78 272 30 623 19 1 
0 0 29 84 144 467 300 0 21 164 92 33 58 656 0 0 0 8 142 119 53 390 312 0 
0 0 5 33 117 493 375 1 5 42 35 57 112 766 7 0 0 4 55 67 101 490 307 0 
0 0 2 27 114 396 473 12 0 0 27 62 159 555 220 1 0 14 45 74 176 473 242 0 
0 0 0 6 656 301 60 1 0 0 0 551 331 118 24 0 0 1 2 389 467 103 62 0 
0 0 0 2 716 304 2 0 0 0 0 542 474 8 0 0 0 0 0 350 626 48 0 0 
0 0 0 2 441 134 447 0 0 0 0 372 150 498 4 0 0 0 0 188 317 91 428 0 
0 0 0 0 0 64 960 0 0 0 0 0 0 272 752 0 0 0 0 0 0 56 968 0 
0 0 0 0 0 0 1024 0 0 0 0 0 0 2 1022 0 0 0 0 0 0 0 1024 0 
0 0 0 0 0 0 1024 0 0 0 0 0 0 0 1024 0 0 0 0 0 0 0 1024 0 
0 0 0 0 0 1 1023 0 0 0 0 0 0 687 337 0 0 0 0 0 0 0 1024 0 
0 0 0 0 0 0 1024 0 0 0 0 0 0 0 1024 0 0 0 0 0 0 0 1024 0 
0 1 191 66 13 65 673 15 0 25 230 12 24 334 398 1 0 0 207 50 13 62 680 12 
0 0 606 107 16 65 229 1 0 277 429 16 36 190 76 0 0 1 657 55 18 70 222 1 
0 0 675 76 11 53 207 2 0 287 461 7 34 141 94 0 0 20 713 22 15 57 197 0 
0 0 165 83 81 225 466 4 0 84 156 41 131 482 129 1 0 0 202 57 83 234 444 4 
0 0 32 39 50 151 746 6 0 9 48 26 93 719 129 0 0 0 27 45 44 138 762 8 
0 1 15 34 70 235 655 14 0 9 59 52 162 610 130 2 0 6 70 105 65 167 602 9 
0 0 61 89 62 250 557 5 0 35 95 77 92 537 188 0 0 8 82 98 67 298 468 3 
0 0 184 146 156 110 426 2 0 99 168 162 90 187 318 0 2 28 258 151 69 105 410 1 
0 0 89 185 181 200 368 1 0 85 123 205 154 278 179 0 15 80 206 198 89 132 304 0 
0 0 138 88 144 274 363 17 0 112 171 85 203 343 110 0 1 21 215 102 179 272 233 1 
0 0 139 97 229 277 279 3 0 71 209 164 263 295 22 0 40 197 279 193 100 90 125 0 
0 0 150 108 219 342 197 8 0 47 220 147 354 242 14 0 107 122 319 219 132 86 39 0 
0 0 0 0 0 576 32 416 0 0 0 0 0 584 27 413 0 0 0 0 0 580 28 416 
0 0 0 0 0 1024 0 0 0 0 0 0 0 1024 0 0 0 0 0 0 0 1024 0 0 
0 0 0 2 6 1016 0 0 0 0 0 3 379 642 0 0 0 0 0 0 4 1020 0 0 
0 0 0 0 0 1024 0 0 0 0 0 0 760 264 0 0 0 0 0 0 0 1024 0 0 
0 0 0 0 0 1024 0 0 0 0 0 0 160 864 0 0 0 0 0 0 0 1024 0 0 
0 0 0 0 0 1024 0 0 0 0 0 0 0 1024 0 0 0 0 0 0 0 1024 0 0 
0 0 0 0 0 1024 0 0 0 0 0 0 0 1024 0 0 0 0 0 0 0 1024 0 0 
0 0 0 0 0 1024 0 0 0 0 0 0 19 1005 0 0 0 0 0 0 0 1024 0 0 
0 0 0 12 114 895 3 0 0 7 17 69 439 492 0 0 0 0 10 28 160 825 1 0 
0 0 2 52 373 587 10 0 0 16 86 217 576 129 0 0 0 0 39 171 397 414 3 0 
0 0 5 97 288 454 176 4 25 184 81 171 193 356 14 0 1 13 178 261 161 376 33 1 
0 0 30 223 372 191 194 14 0 59 475 140 84 217 49 0 0 14 338 308 62 214 88 0 
0 0 1 641 362 20 0 0 0 155 829 40 0 0 0 0 0 0 802 222 0 0 0 0 
0 0 10 251 648 112 3 0 0 27 719 265 11 2 0 0 0 9 355 625 34 1 0 0 
0 3 70 175 163 558 55 0 0 60 189 134 252 389 0 0 0 17 139 213 115 517 23 0 
0 43 370 243 142 202 24 0 9 312 163 188 253 98 1 0 1 120 466 199 146 85 7 0 
0 10 432 196 154 162 69 1 7 231 167 356 122 136 5 0 0 35 289 361 133 173 32 1 
0 0 473 228 91 151 81 0 0 0 151 585 99 179 10 0 0 0 34 621 148 186 35 0 
0 0 1 32 855 135 1 0 0 0 18 819 184 3 0 0 0 0 3 598 416 7 0 0 
0 0 0 0 672 350 2 0 0 0 0 308 714 2 0 0 0 0 0 125 896 3 0 0 
0 0 8 26 798 135 57 0 0 5 18 499 421 80 1 0 0 0 10 225 667 76 46 0 
0 0 0 4 24 98 895 3 0 0 2 16 55 168 783 0 0 0 0 4 27 105 886 2 
0 0 0 0 0 0 1024 0 0 0 0 0 0 0 1024 0 0 0 0 0 0 0 1024 0 
0 0 0 0 0 0 1024 0 0 0 0 0 0 0 1024 0 0 0 0 0 0 0 1024 0 
0 0 0 0 0 42 982 0 0 0 0 0 0 716 308 0 0 0 0 0 0 99 925 0 
0 0 55 78 29 50 810 2 0 2 133 27 35 387 440 0 0 0 97 43 26 49 804 5 
0 0 625 348 36 4 6 5 0 336 669 4 3 7 5 0 0 0 848 161 0 2 6 7 
0 2 773 227 22 0 0 0 0 408 602 14 0 0 0 0 0 9 904 111 0 0 0 0 
0 2 893 129 0 0 0 0 0 639 383 2 0 0 0 0 0 23 947 54 0 0 0 0 
0 0 782 53 23 111 55 0 0 562 264 23 30 145 0 0 0 3 799 39 22 101 60 0 
0 1 13 11 13 165 821 0 0 10 10 12 9 982 1 0 0 0 8 13 12 178 813 0 
0 0 0 0 0 0 1024 0 0 0 0 0 0 1024 0 0 0 0 0 0 0 0 1024 0 
0 0 0 0 0 200 824 0 0 0 0 0 10 878 136 0 0 0 0 0 0 290 734 0 
0 0 0 0 0 106 917 1 0 0 0 0 0 147 877 0 0 0 0 0 0 97 922 5 
0 0 0 0 0 8 1016 0 0 0 0 0 0 88 936 0 0 0 0 0 0 5 1019 0 
0 0 0 0 0 4 1020 0 0 0 0 0 0 575 449 0 0 0 0 0 0 10 1014 0 
0 0 0 0 0 69 955 0 0 0 0 0 35 974 15 0 0 0 0 0 4 76 944 0 
0 0 0 0 0 101 891 32 0 0 0 0 34 956 30 4 0 0 0 0 3 230 791 0 
0 0 0 0 0 592 32 400 0 0 0 0 2 606 32 384 0 0 0 0 0 616 21 387 
0 0 0 0 0 1024 0 0 0 0 0 0 192 832 0 0 0 0 0 0 0 1024 0 0 
0 0 0 0 0 1024 0 0 0 0 0 0 992 32 0 0 0 0 0 0 0 1024 0 0 
0 0 0 0 0 1024 0 0 0 0 0 0 992 32 0 0 0 0 0 0 0 1024 0 0 
0 0 0 0 0 1024 0 0 0 0 0 0 896 128 0 0 0 0 0 0 0 1024 0 0 
0 0 0 0 0 1024 0 0 0 0 0 0 128 896 0 0 0 0 0 0 0 1024 0 0 
0 0 0 0 0 1024 0 0 0 0 0 0 8 1016 0 0 0 0 0 0 0 1024 0 0 
0 0 0 0 0 1024 0 0 0 0 0 0 256 768 0 0 0 0 0 0 0 1024 0 0 
0 0 0 0 8 1016 0 0 0 0 0 0 656 368 0 0 0 0 0 0 0 1024 0 0 
0 0 0 0 16 736 272 0 0 0 0 0 535 489 0 0 0 0 0 0 33 962 29 0 
0 0 0 0 0 55 924 45 0 0 0 0 3 697 324 0 0 0 0 0 0 386 638 0 
0 0 1 18 24 6 535 440 0 2 36 6 6 83 890 1 0 2 27 17 6 42 923 7 
0 0 1 517 304 11 116 75 0 7 796 16 13 50 142 0 0 3 612 208 9 30 160 2 
0 0 4 384 423 17 146 50 1 17 700 96 16 78 113 3 0 2 299 504 16 48 149 6 
0 0 31 30 56 131 659 117 0 30 44 34 66 253 597 0 0 5 35 54 47 187 696 0 
0 7 109 67 211 420 210 0 0 135 94 89 274 374 58 0 0 18 134 130 188 398 156 0 
0 5 222 89 177 401 127 3 18 114 74 274 276 262 6 0 0 42 61 303 194 337 85 2 
0 0 334 305 74 237 74 0 0 0 109 609 154 152 0 0 0 0 27 576 227 142 52 0 
0 0 4 42 779 185 14 0 0 0 28 706 251 39 0 0 0 0 9 500 424 89 2 0 
0 0 0 12 431 182 399 0 0 0 7 223 279 393 122 0 0 0 4 118 387 232 283 0 
0 1 45 78 253 448 181 18 0 32 86 180 331 327 65 3 0 4 120 224 386 198 87 5 
0 1 26 31 28 90 845 3 0 16 43 25 65 83 792 0 0 5 45 39 47 55 831 2 
0 0 0 0 0 0 1024 0 0 0 0 0 0 0 1024 0 0 0 0 0 0 0 1024 0 
0 0 0 0 0 0 1024 0 0 0 0 0 0 0 1024 0 0 0 0 0 0 0 1024 0 
0 0 25 132 70 359 425 13 0 13 131 50 202 467 161 0 0 6 89 88 90 397 354 0 
0 4 123 276 162 191 247 21 0 60 314 155 154 283 58 0 0 24 259 210 164 156 207 4 
0 0 6 346 584 87 1 0 0 4 735 271 14 0 0 0 0 0 232 748 44 0 0 0 
0 0 129 366 162 366 1 0 0 20 478 318 208 0 0 0 0 0 283 456 285 0 0 0 
0 1 512 301 108 87 15 0 0 258 616 131 19 0 0 0 0 5 676 321 22 0 0 0 
0 1 929 79 12 3 0 0 0 700 318 6 0 0 0 0 0 9 970 44 1 0 0 0 
0 0 728 151 44 50 51 0 0 556 305 54 31 76 2 0 0 0 102 714 87 64 56 1 
0 0 226 33 24 343 398 0 0 152 100 21 168 583 0 0 0 0 40 218 103 392 271 0 
0 0 0 0 20 470 534 0 0 0 0 0 207 726 91 0 0 0 0 0 74 592 358 0 
0 0 0 0 37 727 252 8 0 0 0 9 292 702 21 0 0 0 0 0 102 831 89 2 
0 0 0 0 0 287 737 0 0 0 0 0 22 560 442 0 0 0 0 0 4 474 546 0 
0 0 0 0 0 216 808 0 0 0 0 0 10 668 346 0 0 0 0 0 1 309 714 0 
0 0 0 0 0 52 972 0 0 0 0 0 0 979 45 0 0 0 0 0 0 126 898 0 
0 0 0 0 0 118 874 32 0 0 0 0 48 936 13 27 0 0 0 0 1 194 802 27 
0 0 0 0 0 613 27 384 0 0 0 0 15 617 16 376 0 0 0 0 0 632 8 384 
0 0 0 0 0 1024 0 0 0 0 0 0 814 210 0 0 0 0 0 0 0 1024 0 0 
0 0 0 0 0 1024 0 0 0 0 0 0 1024 0 0 0 0 0 0 0 0 1024 0 0 
0 0 0 0 0 1024 0 0 0 0 0 0 1024 0 0 0 0 0 0 0 0 1024 0 0 
0 0 0 0 18 1006 0 0 0 0 0 3 1015 6 0 0 0 0 0 0 44 980 0 0 
0 0 0 0 0 1024 0 0 0 0 0 0 712 312 0 0 0 0 0 0 43 981 0 0 
0 0 0 0 0 1004 20 0 0 0 0 0 673 351 0 0 0 0 0 0 47 977 0 0 
0 0 0 0 0 1024 0 0 0 0 0 0 912 112 0 0 0 0 0 0 0 1024 0 0 
0 0 0 3 48 908 65 0 0 0 1 22 695 306 0 0 0 0 0 10 59 954 1 0 
0 0 0 0 5 227 783 9 0 0 0 3 18 835 168 0 0 0 0 0 5 692 327 0 
0 0 0 0 0 0 579 445 0 0 0 0 0 101 922 1 0 0 0 0 0 13 964 47 
0 0 0 0 0 0 550 474 0 0 0 0 0 28 996 0 0 0 0 0 0 1 1007 16 
0 0 4 50 25 41 632 272 0 5 54 20 33 312 600 0 0 4 35 36 32 152 755 10 
0 0 0 1 1 22 961 39 0 0 1 1 7 581 434 0 0 0 1 0 2 279 742 0 
0 0 0 0 0 0 936 88 0 0 0 0 0 418 606 0 0 0 0 0 0 97 927 0 
0 0 0 23 31 42 892 36 0 3 36 16 3 411 555 0 0 0 15 35 8 189 777 0 
0 0 2 25 39 431 521 6 0 7 38 18 12 912 37 0 0 0 21 40 11 785 167 0 
0 0 0 0 20 882 122 0 0 0 0 5 55 959 5 0 0 0 0 0 24 921 79 0 
0 0 4 20 39 544 417 0 0 8 18 17 97 876 8 0 0 0 11 18 46 597 352 0 
0 0 0 2 16 529 474 3 0 4 2 7 62 869 80 0 0 0 4 4 22 630 364 0 
0 0 40 35 54 295 599 1 0 12 58 24 123 721 86 0 0 0 50 33 58 339 544 0 
0 0 9 19 5 70 919 2 0 7 17 5 25 205 765 0 0 1 14 14 7 62 922 4 
0 0 0 0 0 0 1024 0 0 0 0 0 0 0 1024 0 0 0 0 0 0 0 1024 0 
0 0 0 0 0 0 1024 0 0 0 0 0 0 21 1003 0 0 0 0 0 0 0 1024 0 
0 0 41 39 36 478 412 18 0 9 58 41 179 515 222 0 0 0 52 43 81 463 379 6 
0 1 34 50 144 388 396 11 0 12 62 95 244 490 120 1 0 5 43 95 200 434 244 3 
0 0 28 156 523 308 9 0 0 2 475 488 52 7 0 0 0 0 140 787 82 14 1 0 
0 0 1 34 55 931 3 0 0 0 50 783 191 0 0 0 0 0 20 746 258 0 0 0 
0 0 0 17 190 804 13 0 0 0 148 766 105 5 0 0 0 0 81 830 105 8 0 0 
0 1 527 194 144 105 53 0 0 330 448 77 57 99 13 0 0 11 635 209 59 43 55 12 
0 3 264 83 119 443 112 0 2 188 142 70 265 355 2 0 0 1 69 262 241 429 21 1 
0 0 95 62 79 460 328 0 0 60 89 45 158 672 0 0 0 0 6 131 158 726 3 0 
0 0 0 50 226 484 263 1 0 8 123 174 300 374 45 0 0 0 65 166 249 357 187 0 
0 0 8 227 360 340 78 11 0 5 213 371 291 121 20 3 0 0 127 433 311 105 44 4 
0 0 0 23 92 461 447 1 0 0 22 60 206 676 59 1 0 0 13 78 131 624 177 1 
0 0 1 53 56 350 557 7 0 17 50 36 153 734 34 0 0 0 2 15 88 532 379 8 
0 0 3 21 33 331 636 0 0 6 20 14 107 876 1 0 0 0 0 3 30 445 546 0 
0 0 30 56 45 501 337 55 0 3 73 56 181 647 29 35 0 0 16 61 76 649 187 35 
0 0 0 0 0 632 32 360 0 0 0 0 336 307 29 352 0 0 0 0 0 640 32 352 
0 0 0 0 8 1016 0 0 0 0 0 5 995 24 0 0 0 0 0 0 8 1016 0 0 
0 0 0 0 0 1024 0 0 0 0 0 0 1024 0 0 0 0 0 0 0 0 1024 0 0 
0 0 0 0 0 1024 0 0 0 0 0 0 1022 2 0 0 0 0 0 0 0 1024 0 0 
0 0 0 0 24 972 28 0 0 0 0 7 967 50 0 0 0 0 0 0 147 877 0 0 
0 0 0 0 14 875 135 0 0 0 0 15 872 137 0 0 0 0 0 2 137 885 0 0 
0 0 0 3 30 281 708 2 0 0 5 28 257 734 0 0 0 0 0 21 55 936 12 0 
0 0 0 2 7 343 672 0 0 0 2 5 310 707 0 0 0 0 1 3 74 938 8 0 
0 0 0 0 16 791 217 0 0 0 0 0 474 550 0 0 0 0 0 0 31 991 2 0 
0 0 0 0 0 404 586 34 0 0 0 0 136 757 131 0 0 0 0 0 0 721 303 0 
0 0 0 0 0 0 565 459 0 0 0 0 0 85 927 12 0 0 0 0 0 2 933 89 
0 0 0 0 0 0 573 451 0 0 0 0 0 126 896 2 0 0 0 0 0 12 975 37 
0 0 0 0 0 14 911 99 0 0 0 0 0 444 580 0 0 0 0 0 0 184 840 0 
0 0 0 0 0 86 931 7 0 0 0 0 2 880 142 0 0 0 0 0 0 596 428 0 
0 0 6 136 100 140 638 4 0 13 200 25 65 691 30 0 0 2 136 91 33 572 190 0 
0 0 5 257 497 44 209 12 0 15 657 94 19 205 33 1 0 5 268 483 24 158 85 1 
0 0 3 293 528 91 99 10 0 36 669 175 36 87 21 0 0 3 299 546 58 81 34 3 
0 0 0 111 291 161 445 16 0 58 96 234 124 402 110 0 0 2 94 241 159 307 220 1 
0 0 45 386 489 76 14 14 0 47 256 459 234 10 17 1 0 2 189 625 176 12 14 6 
0 0 4 162 454 216 160 28 1 46 159 295 243 207 70 3 0 1 60 398 213 223 125 4 
0 0 3 80 265 535 141 0 0 22 73 182 298 444 5 0 0 0 16 128 215 458 207 0 
0 0 0 19 128 470 403 4 0 7 61 235 323 157 241 0 0 0 2 51 291 319 359 2 
0 0 0 0 38 370 616 0 0 0 29 202 173 149 471 0 0 0 0 10 220 192 596 6 
0 0 0 0 11 217 793 3 0 0 10 29 125 273 587 0 0 0 0 1 39 158 822 4 
0 0 0 0 0 712 312 0 0 0 0 0 160 864 0 0 0 0 0 0 0 541 483 0 
0 0 0 0 2 365 657 0 0 0 0 0 64 948 12 0 0 0 0 0 2 73 902 47 
0 0 1 229 418 329 47 0 0 1 419 196 138 270 0 0 0 0 28 507 88 86 298 17 
0 0 2 176 558 288 0 0 0 0 464 546 8 6 0 0 0 0 25 978 7 5 9 0 
0 0 0 16 290 395 303 20 0 1 102 578 16 18 305 4 0 0 20 651 20 12 15 306 
0 0 1 10 19 76 910 8 0 5 15 14 8 604 378 0 0 0 12 21 5 21 88 877 
0 0 2 13 24 591 394 0 0 1 10 11 214 760 28 0 0 0 1 11 83 519 342 68 
0 0 0 0 39 609 376 0 0 0 0 16 156 810 42 0 0 0 0 4 63 705 252 0 
0 0 2 46 192 416 368 0 0 5 108 185 217 498 11 0 0 0 103 173 146 261 341 0 
0 0 9 145 277 454 138 1 0 1 220 206 284 305 8 0 0 0 136 243 184 341 118 2 
0 0 1 35 195 560 232 1 0 5 58 140 391 427 3 0 0 0 21 92 257 587 66 1 
0 0 0 7 55 599 359 4 0 7 22 50 267 630 48 0 0 0 7 24 94 723 165 11 
0 0 1 21 100 797 105 0 0 9 25 78 481 431 0 0 0 0 7 26 155 793 43 0 
0 0 39 243 300 331 46 65 0 12 180 299 346 120 16 51 0 0 28 205 415 312 16 48 
0 0 86 320 245 20 1 352 0 33 250 360 23 6 11 341 0 0 83 498 71 18 10 344 
0 0 304 507 149 64 0 0 0 210 518 224 69 3 0 0 0 3 238 658 65 58 2 0 
0 0 47 384 288 305 0 0 0 40 405 266 313 0 0 0 0 0 178 498 55 293 0 0 
0 0 0 32 129 863 0 0 0 0 32 120 872 0 0 0 0 0 1 123 55 845 0 0 
0 0 0 27 77 669 251 0 0 0 29 57 594 344 0 0 0 0 0 40 329 652 3 0 
0 0 0 1 12 923 88 0 0 0 1 14 939 70 0 0 0 0 0 4 475 542 3 0 
0 0 0 10 40 328 644 2 0 0 10 44 352 616 2 0 0 0 4 25 91 896 8 0 
0 0 0 9 19 310 686 0 0 0 9 16 304 695 0 0 0 0 1 16 19 975 13 0 
0 0 1 15 19 604 385 0 0 0 15 16 347 646 0 0 0 0 1 20 44 929 30 0 
0 0 0 0 0 327 595 102 0 0 0 0 257 432 335 0 0 0 0 0 0 461 559 4 
0 0 0 0 0 0 703 321 0 0 0 0 0 106 918 0 0 0 0 0 0 17 1006 1 
0 0 0 0 0 2 834 188 0 0 0 0 0 283 741 0 0 0 0 0 0 86 933 5 
0 0 0 0 0 6 628 390 0 0 0 0 0 302 720 2 0 0 0 0 0 120 878 26 
0 0 0 0 0 32 529 463 0 0 0 0 2 205 815 2 0 0 0 0 0 120 862 42 
0 0 1 111 582 98 62 170 0 8 600 172 11 34 196 3 0 1 374 399 20 27 191 12 
0 0 23 162 763 49 24 3 0 75 839 56 32 20 2 0 0 23 548 401 35 17 0 0 
0 0 321 552 107 27 14 3 0 209 709 53 25 22 6 0 0 17 775 168 31 28 5 0 
0 1 187 580 168 71 15 2 0 71 591 278 70 9 5 0 0 5 417 466 99 32 5 0 
0 0 15 435 399 168 7 0 0 7 278 525 212 2 0 0 0 0 406 590 25 3 0 0 
0 0 10 228 391 203 182 10 0 0 147 466 200 62 149 0 0 0 80 490 163 143 147 1 
0 0 0 4 219 584 211 6 0 0 52 569 355 40 8 0 0 0 5 562 388 56 13 0 
0 0 2 24 189 289 453 67 1 3 55 203 163 358 193 48 0 1 8 196 80 172 236 331 
0 0 0 3 8 73 930 10 0 3 7 20 19 543 432 0 0 0 1 8 18 20 92 885 
0 0 0 0 3 380 641 0 0 0 0 0 19 921 84 0 0 0 0 0 0 13 269 742 
0 0 0 0 0 448 576 0 0 0 0 0 1 1023 0 0 0 0 0 0 0 0 274 750 
0 0 0 0 0 677 347 0 0 0 0 0 38 986 0 0 0 0 0 0 0 0 506 518 
0 0 0 0 0 782 242 0 0 0 0 0 25 999 0 0 0 0 0 0 0 0 606 418 
0 0 4 61 100 141 711 7 0 3 115 35 36 463 370 2 0 0 19 102 28 15 149 711 
0 0 1 3 6 154 855 5 0 1 4 4 3 505 507 0 0 1 3 4 2 3 99 912 
0 0 0 0 0 125 899 0 0 0 0 0 0 764 260 0 0 0 0 0 0 0 166 858 
0 0 0 16 54 92 860 2 0 0 6 47 43 765 163 0 0 0 0 20 50 51 426 477 
0 0 0 1 48 169 806 0 0 0 0 34 94 891 5 0 0 0 0 9 66 145 803 1 
0 0 0 0 10 433 581 0 0 0 0 0 313 708 3 0 0 0 0 0 3 440 581 0 
0 0 0 0 6 91 927 0 0 0 0 0 50 967 7 0 0 0 0 0 6 95 923 0 
0 0 0 0 13 195 816 0 0 0 0 0 94 927 3 0 0 0 0 0 9 230 785 0 
0 0 0 0 4 512 508 0 0 0 0 0 190 832 2 0 0 0 0 0 9 692 323 0 
0 0 4 46 40 747 187 0 0 1 28 47 274 674 0 0 0 0 3 42 63 786 130 0 
0 0 4 81 225 552 91 71 0 0 38 164 308 419 39 56 0 0 12 108 256 555 52 41 
0 0 12 158 501 21 12 320 0 4 125 543 12 19 1 320 0 0 18 645 19 20 3 319 
0 0 41 408 570 3 2 0 0 4 326 689 3 2 0 0 0 0 65 953 4 2 0 0 
0 0 1 201 674 147 1 0 0 1 196 657 159 11 0 0 0 5 150 659 150 60 0 0 
0 0 0 101 339 584 0 0 0 0 150 265 609 0 0 0 0 0 51 324 262 387 0 0 
0 0 1 79 120 594 230 0 0 5 75 70 640 234 0 0 0 0 3 88 309 580 44 0 
0 0 0 0 2 895 127 0 0 0 0 9 874 141 0 0 0 0 0 0 579 428 17 0 
0 0 0 8 39 658 319 0 0 1 9 45 737 232 0 0 0 0 3 25 248 747 1 0 
0 0 0 6 16 412 589 1 0 0 8 14 503 499 0 0 0 0 1 18 28 946 31 0 
0 0 0 0 14 356 654 0 0 0 0 9 60 955 0 0 0 0 0 4 21 965 34 0 
0 0 0 9 49 269 637 60 0 9 9 45 234 482 245 0 0 0 7 33 70 487 427 0 
0 0 0 20 167 20 396 421 1 172 17 16 13 158 647 0 0 0 125 65 17 35 775 7 
0 0 0 21 204 20 412 367 5 203 20 14 21 146 615 0 0 0 114 115 14 48 711 22 
0 0 2 8 70 236 418 290 1 5 20 78 148 274 498 0 0 1 5 17 135 153 702 11 
0 0 0 2 42 287 558 135 0 0 2 34 247 465 271 5 0 0 0 10 97 247 617 53 
0 0 5 85 264 330 316 24 3 211 94 62 206 418 29 1 0 1 212 129 68 267 328 19 
0 0 2 296 436 161 111 18 23 668 38 25 185 63 15 7 0 3 613 115 95 149 30 19 
0 0 0 158 638 126 98 4 15 691 68 44 116 85 2 3 0 5 630 170 140 74 1 4 
0 0 2 174 646 89 113 0 2 674 110 48 87 103 0 0 0 2 676 145 99 101 1 0 
0 0 3 164 485 61 206 105 0 404 91 163 59 132 105 70 0 1 392 250 67 131 101 82 
0 0 2 9 21 186 629 177 0 5 6 9 120 370 435 79 0 1 9 5 81 229 569 130 
0 0 0 3 31 173 759 58 0 1 7 140 41 283 549 3 0 1 9 144 32 87 745 6 
0 0 3 68 206 155 427 165 0 53 66 227 69 107 417 85 0 1 53 233 67 56 221 393 
0 0 4 35 35 47 713 190 0 33 22 29 33 187 618 102 0 0 17 30 33 20 128 796 
0 0 3 56 200 169 565 31 3 212 44 33 40 638 46 8 0 2 24 213 38 58 70 619 
0 0 3 102 101 592 226 0 0 152 33 21 104 714 0 0 0 0 86 90 18 34 315 481 
0 0 0 0 5 878 141 0 0 0 0 0 179 845 0 0 0 0 0 0 0 0 503 521 
0 0 0 0 9 855 160 0 0 0 0 0 135 889 0 0 0 0 0 0 0 9 496 519 
0 0 1 0 7 387 629 0 0 0 1 2 66 814 141 0 0 0 0 0 1 14 237 772 
0 0 0 0 0 274 750 0 0 0 0 0 47 698 279 0 0 0 0 0 0 0 238 786 
0 0 0 0 0 2 1022 0 0 0 0 0 0 80 944 0 0 0 0 0 0 0 0 1024 
0 0 0 0 0 0 1024 0 0 0 0 0 0 400 624 0 0 0 0 0 0 0 126 898 
0 0 0 137 250 100 537 0 0 0 122 254 63 550 35 0 0 0 29 219 157 94 493 32 
0 0 0 0 96 435 492 1 0 27 110 22 343 519 3 0 0 0 1 88 76 392 467 0 
0 0 0 3 52 196 773 0 0 8 32 35 98 850 1 0 0 0 5 32 50 205 732 0 
0 0 0 0 3 110 911 0 0 0 0 0 48 976 0 0 0 0 0 0 3 127 894 0 
0 0 0 0 0 96 928 0 0 0 0 0 0 1024 0 0 0 0 0 0 0 464 560 0 
0 0 0 0 0 960 64 0 0 0 0 0 0 1024 0 0 0 0 0 0 0 1024 0 0 
0 0 0 0 0 882 50 92 0 0 0 0 32 896 18 78 0 0 8 8 37 859 62 50 
0 0 0 299 405 0 14 306 0 0 333 366 5 0 27 293 0 0 256 433 15 0 24 296 
0 0 0 101 923 0 0 0 0 0 242 782 0 0 0 0 0 0 81 943 0 0 0 0 
0 0 3 120 623 259 19 0 0 4 133 601 220 66 0 0 4 13 153 545 141 161 7 0 
0 0 0 165 460 382 17 0 0 1 222 366 378 57 0 0 0 2 154 394 250 224 0 0 
0 0 1 64 833 126 0 0 0 0 93 753 178 0 0 0 0 0 5 744 240 35 0 0 
0 0 4 115 351 235 318 1 0 28 133 298 255 310 0 0 0 0 15 395 159 413 42 0 
0 0 0 3 37 822 162 0 0 0 9 51 847 117 0 0 0 0 2 19 489 513 1 0 
0 0 1 71 159 524 269 0 2 192 25 36 539 230 0 0 0 0 188 38 120 674 4 0 
0 0 0 87 494 40 397 6 50 510 20 17 17 407 3 0 0 0 516 65 16 302 125 0 
0 0 0 85 842 32 65 0 144 767 17 10 15 71 0 0 0 1 793 133 13 75 9 0 
0 0 0 46 895 55 25 3 168 763 15 18 48 12 0 0 0 2 868 79 63 10 2 0 
0 0 0 28 312 494 188 2 28 264 37 58 477 158 2 0 0 3 207 131 518 163 2 0 
0 0 0 0 91 678 255 0 0 0 0 95 674 255 0 0 0 0 0 2 724 298 0 0 
0 0 0 0 31 772 221 0 0 0 0 3 786 235 0 0 0 0 0 0 645 379 0 0 
0 0 1 43 310 270 308 92 1 264 54 67 221 281 103 33 0 2 226 130 247 220 82 117 
0 0 3 52 220 56 389 304 6 249 21 25 25 275 310 113 0 4 162 109 25 25 251 448 
0 0 0 53 238 26 360 347 1 269 21 17 14 236 362 104 0 4 48 237 10 19 111 595 
0 0 0 48 614 39 156 167 12 637 26 14 21 129 122 63 0 2 467 203 17 19 106 210 
0 0 0 29 995 0 0 0 82 942 0 0 0 0 0 0 0 0 983 41 0 0 0 0 
0 0 2 207 589 18 30 178 32 671 88 11 14 15 88 105 0 2 623 171 10 17 55 146 
0 0 4 90 104 75 563 188 0 163 28 11 27 347 340 108 0 2 133 60 18 94 576 141 
0 0 0 0 0 2 1016 6 0 0 0 0 0 391 633 0 0 0 0 0 0 16 1005 3 
0 0 0 0 9 136 819 60 0 3 4 3 108 496 405 5 0 0 2 3 17 167 799 36 
0 0 0 253 583 148 35 5 8 786 27 21 124 45 13 0 0 0 555 264 41 133 29 2 
0 0 2 924 65 32 0 1 44 925 14 7 24 10 0 0 0 1 927 53 5 15 22 1 
0 0 4 610 66 231 113 0 10 631 23 16 85 258 1 0 0 0 574 73 18 22 178 159 
0 0 30 377 66 498 53 0 3 417 20 18 246 320 0 0 0 0 333 99 17 79 416 80 
0 0 0 0 0 693 331 0 0 0 0 0 139 869 16 0 0 0 0 0 0 0 684 340 
0 0 0 0 1 249 774 0 0 0 0 0 14 714 296 0 0 0 0 0 0 1 80 943 
0 0 0 0 0 0 1024 0 0 0 0 0 0 24 1000 0 0 0 0 0 0 0 0 1024 
0 0 0 0 0 0 1024 0 0 0 0 0 0 312 712 0 0 0 0 0 0 0 40 984 
0 0 5 21 9 256 733 0 0 2 13 17 22 925 45 0 0 0 7 16 9 80 588 324 
0 0 0 0 112 877 33 2 3 36 21 80 721 159 4 0 0 1 25 126 240 610 21 1 
0 0 0 6 80 831 107 0 1 24 12 41 698 246 2 0 0 0 19 30 160 788 27 0 
0 0 0 3 40 678 302 1 0 1 2 27 379 614 1 0 0 0 1 4 85 729 205 0 
0 0 0 0 6 450 568 0 0 0 0 3 159 862 0 0 0 0 0 0 25 613 386 0 
0 1 59 34 188 666 76 0 0 49 51 136 243 545 0 0 0 10 88 105 145 663 13 0 
0 0 37 35 88 728 26 110 0 31 36 65 424 348 19 101 0 1 35 52 161 661 14 100 
0 0 16 539 149 24 8 288 0 9 614 81 9 15 8 288 0 0 441 263 14 10 8 288 
0 0 0 223 801 0 0 0 0 0 634 390 0 0 0 0 0 0 568 456 0 0 0 0 
0 0 13 407 487 109 8 0 0 11 630 253 111 19 0 0 0 0 566 306 86 66 0 0 
0 0 27 336 617 41 3 0 1 37 512 405 56 13 0 0 0 8 303 621 59 33 0 0 
0 0 51 596 369 8 0 0 0 47 736 225 16 0 0 0 0 20 585 402 17 0 0 0 
0 0 19 581 358 45 20 1 16 81 618 251 50 8 0 0 0 4 492 405 72 48 3 0 
0 0 0 76 772 84 90 2 479 317 33 60 71 63 1 0 0 5 679 174 51 103 12 0 
0 0 0 126 895 3 0 0 381 640 3 0 0 0 0 0 0 1 1010 12 1 0 0 0 
0 0 0 57 967 0 0 0 532 492 0 0 0 0 0 0 0 0 999 25 0 0 0 0 
0 0 0 21 1003 0 0 0 610 410 4 0 0 0 0 0 0 0 1002 22 0 0 0 0 
0 0 0 35 987 2 0 0 571 451 2 0 0 0 0 0 0 0 987 36 1 0 0 0 
0 0 1 74 573 316 58 2 239 339 43 145 222 36 0 0 0 1 487 123 136 239 35 3 
0 0 0 91 404 422 93 14 63 173 114 346 254 51 23 0 0 0 129 209 299 310 54 23 
0 0 0 90 403 425 89 17 79 208 116 265 301 53 2 0 0 0 206 225 206 328 51 8 
0 0 0 18 623 208 77 98 177 420 53 140 92 47 74 21 0 0 420 239 143 108 38 76 
0 1 4 20 830 58 78 33 372 481 25 20 47 44 31 4 0 2 483 383 23 40 47 46 
0 0 14 41 965 4 0 0 411 601 10 2 0 0 0 0 0 2 734 286 2 0 0 0 
0 0 0 2 1020 2 0 0 538 486 0 0 0 0 0 0 0 0 822 202 0 0 0 0 
0 0 0 47 977 0 0 0 591 433 0 0 0 0 0 0 0 0 1008 16 0 0 0 0 
0 0 0 118 906 0 0 0 460 564 0 0 0 0 0 0 0 0 1021 3 0 0 0 0 
0 0 1 172 841 1 3 6 542 467 4 1 3 1 2 4 0 0 949 65 1 3 1 5 
0 0 1 53 593 9 197 171 234 383 24 13 3 60 227 80 0 6 523 119 8 12 226 130 
0 0 5 129 379 200 249 62 113 361 32 19 168 131 184 16 0 3 441 64 47 196 244 29 
0 0 0 800 224 0 0 0 184 840 0 0 0 0 0 0 0 0 1021 3 0 0 0 0 
0 0 2 1013 8 1 0 0 256 764 3 1 0 0 0 0 0 5 1015 3 1 0 0 0 
0 0 0 1020 4 0 0 0 285 739 0 0 0 0 0 0 0 3 1021 0 0 0 0 0 
0 0 24 756 43 188 13 0 52 716 16 27 91 122 0 0 0 0 768 14 30 60 147 5 
0 0 13 26 33 771 178 3 0 24 20 18 414 537 11 0 0 0 12 17 18 65 693 219 
0 0 0 0 0 213 811 0 0 0 0 0 12 448 564 0 0 0 0 0 0 0 110 914 
0 0 0 0 0 0 1024 0 0 0 0 0 0 4 1020 0 0 0 0 0 0 0 0 1024 
0 0 0 0 0 14 1010 0 0 0 0 0 0 650 374 0 0 0 0 0 0 0 166 858 
0 0 0 0 0 350 674 0 0 0 0 0 18 981 25 0 0 0 0 0 0 36 465 523 
0 0 0 3 50 838 124 9 0 0 7 27 593 365 32 0 0 0 0 12 89 831 92 0 
0 0 3 8 104 793 101 15 0 2 7 28 837 102 48 0 0 0 2 8 230 691 87 6 
0 0 0 25 74 634 291 0 0 0 15 58 342 609 0 0 0 0 0 10 124 825 65 0 
0 0 0 17 105 810 92 0 0 17 45 68 522 372 0 0 0 0 14 65 255 660 30 0 
0 10 197 93 198 524 2 0 1 219 115 107 510 72 0 0 0 34 244 122 331 293 0 0 
0 4 357 133 122 272 8 128 0 229 238 109 275 45 0 128 0 22 382 124 298 67 8 123 
0 0 54 560 103 19 0 288 0 32 630 50 24 0 1 287 0 2 520 190 24 0 3 285 
0 0 0 436 588 0 0 0 0 0 623 401 0 0 0 0 0 0 556 468 0 0 0 0 
0 0 1 417 463 141 2 0 0 9 492 366 156 1 0 0 0 1 471 340 177 34 1 0 
0 0 9 200 596 206 13 0 0 11 336 453 196 28 0 0 0 1 251 499 145 121 7 0 
0 0 3 395 509 114 3 0 0 11 446 323 241 3 0 0 0 0 352 298 335 39 0 0 
0 0 6 314 630 71 3 0 308 391 145 123 56 1 0 0 0 10 769 115 99 31 0 0 
0 0 0 0 915 109 0 0 944 80 0 0 0 0 0 0 0 0 830 194 0 0 0 0 
0 0 0 254 760 10 0 0 559 452 7 2 4 0 0 0 0 3 975 41 4 1 0 0 
0 0 0 66 957 1 0 0 778 246 0 0 0 0 0 0 0 0 1002 22 0 0 0 0 
0 0 0 8 1016 0 0 0 982 42 0 0 0 0 0 0 0 0 997 27 0 0 0 0 
0 0 0 1 1015 8 0 0 932 91 1 0 0 0 0 0 0 0 962 62 0 0 0 0 
0 0 0 2 1018 4 0 0 971 53 0 0 0 0 0 0 0 0 1003 21 0 0 0 0 
0 0 0 1 1018 5 0 0 838 186 0 0 0 0 0 0 0 0 961 63 0 0 0 0 
0 0 0 0 1016 8 0 0 737 286 1 0 0 0 0 0 0 0 889 135 0 0 0 0 
0 0 0 0 1022 2 0 0 899 125 0 0 0 0 0 0 0 0 823 201 0 0 0 0 
0 0 0 1 1017 6 0 0 761 263 0 0 0 0 0 0 0 0 749 275 0 0 0 0 
0 0 0 0 1016 8 0 0 814 210 0 0 0 0 0 0 0 0 818 206 0 0 0 0 
0 0 0 2 1020 2 0 0 820 204 0 0 0 0 0 0 0 0 934 90 0 0 0 0 
0 0 0 0 1020 4 0 0 1009 15 0 0 0 0 0 0 0 0 935 89 0 0 0 0 
0 0 0 1 1003 20 0 0 959 65 0 0 0 0 0 0 0 0 880 144 0 0 0 0 
0 0 0 9 1014 1 0 0 1008 16 0 0 0 0 0 0 0 0 963 61 0 0 0 0 
0 0 0 90 934 0 0 0 969 55 0 0 0 0 0 0 0 0 1014 10 0 0 0 0 
0 0 0 773 249 2 0 0 779 241 4 0 0 0 0 0 0 1 1011 11 1 0 0 0 
0 0 1 990 33 0 0 0 643 380 1 0 0 0 0 0 0 6 1016 2 0 0 0 0 
0 0 15 1006 3 0 0 0 501 522 1 0 0 0 0 0 0 22 1001 1 0 0 0 0 
0 0 2 1019 3 0 0 0 512 512 0 0 0 0 0 0 0 4 1019 1 0 0 0 0 
0 0 11 463 117 326 107 0 15 431 80 63 126 306 3 0 0 4 448 101 47 88 335 1 
0 0 23 69 59 571 300 2 1 55 35 41 170 698 24 0 0 0 24 46 46 58 577 273 
0 0 0 0 0 12 1012 0 0 0 0 0 0 210 814 0 0 0 0 0 0 0 13 1011 
0 0 0 0 0 0 1024 0 0 0 0 0 0 382 642 0 0 0 0 0 0 0 0 1024 
0 0 0 0 0 38 986 0 0 0 0 0 0 988 36 0 0 0 0 0 0 0 380 644 
0 0 0 0 0 164 860 0 0 0 0 0 0 927 97 0 0 0 0 0 0 0 277 747 
0 0 0 8 75 583 307 51 0 0 6 33 381 447 143 14 0 0 0 2 86 541 367 28 
0 0 0 0 70 598 346 10 0 0 0 1 552 350 121 0 0 0 0 0 151 617 256 0 
0 0 0 0 36 465 523 0 0 0 0 11 236 593 184 0 0 0 0 0 55 546 423 0 
0 0 2 110 173 655 84 0 0 53 140 97 415 319 0 0 0 0 33 166 181 605 39 0 
0 1 11 85 431 461 35 0 0 28 105 287 454 150 0 0 0 5 35 260 381 325 18 0 
0 0 112 116 344 297 27 128 0 19 175 218 396 75 15 126 0 0 152 254 347 131 19 121 
0 0 12 639 85 0 5 283 0 5 669 62 0 0 24 264 0 0 620 116 0 9 15 264 
0 0 7 484 533 0 0 0 0 0 624 400 0 0 0 0 0 0 490 525 9 0 0 0 
0 0 0 161 529 328 6 0 0 0 240 434 333 17 0 0 2 13 351 253 286 114 5 0 
0 0 0 338 601 83 2 0 0 5 525 407 77 10 0 0 3 13 439 481 41 46 1 0 
0 0 89 759 176 0 0 0 0 122 811 91 0 0 0 0 0 31 867 126 0 0 0 0 
0 0 70 724 230 0 0 0 346 645 33 0 0 0 0 0 0 32 985 7 0 0 0 0 
0 0 0 110 806 108 0 0 640 262 11 15 96 0 0 0 0 2 870 54 98 0 0 0 
0 0 4 138 485 386 11 0 199 197 97 145 368 18 0 0 0 9 383 227 387 16 2 0 
0 0 16 252 723 26 7 0 419 411 76 83 26 9 0 0 0 5 870 97 42 10 0 0 
0 0 0 37 983 2 2 0 929 91 2 2 0 0 0 0 0 5 999 16 4 0 0 0 
0 0 0 8 1016 0 0 0 987 37 0 0 0 0 0 0 0 2 1013 9 0 0 0 0 
0 0 0 5 1013 6 0 0 1011 13 0 0 0 0 0 0 0 0 979 45 0 0 0 0 
0 0 0 0 965 59 0 0 1008 16 0 0 0 0 0 0 0 0 928 96 0 0 0 0 
0 0 0 4 938 81 1 0 988 33 3 0 0 0 0 0 0 0 853 171 0 0 0 0 
0 0 0 0 890 134 0 0 991 33 0 0 0 0 0 0 0 0 821 203 0 0 0 0 
0 0 0 0 936 88 0 0 981 43 0 0 0 0 0 0 0 0 773 251 0 0 0 0 
0 0 0 0 979 45 0 0 987 37 0 0 0 0 0 0 0 0 884 140 0 0 0 0 
0 0 0 0 957 67 0 0 992 29 3 0 0 0 0 0 0 0 838 186 0 0 0 0 
0 0 0 0 997 27 0 0 1020 4 0 0 0 0 0 0 0 0 910 114 0 0 0 0 
0 0 0 5 1007 11 1 0 1011 9 3 1 0 0 0 0 0 2 938 83 1 0 0 0 
0 0 0 93 931 0 0 0 954 70 0 0 0 0 0 0 0 0 991 33 0 0 0 0 
0 0 0 328 695 1 0 0 948 76 0 0 0 0 0 0 0 1 1011 12 0 0 0 0 
0 0 2 997 25 0 0 0 927 97 0 0 0 0 0 0 0 10 1014 0 0 0 0 0 
0 0 30 857 137 0 0 0 580 287 26 131 0 0 0 0 0 20 856 52 96 0 0 0 
0 0 128 401 443 48 4 0 194 314 33 423 28 32 0 0 0 42 474 69 391 26 19 3 
0 0 6 282 335 247 154 0 46 196 44 309 101 321 7 0 0 7 256 91 308 40 157 165 
0 0 4 54 431 399 134 2 0 20 45 380 265 310 4 0 0 2 14 64 407 164 341 32 
0 10 25 22 42 534 386 5 0 33 21 29 165 751 24 1 0 10 6 24 31 65 422 466 
0 0 0 0 0 382 642 0 0 0 0 0 0 896 128 0 0 0 0 0 0 0 197 827 
0 0 0 0 0 16 1008 0 0 0 0 0 0 959 65 0 0 0 0 0 0 0 64 960 
0 0 0 0 0 55 969 0 0 0 0 0 0 859 165 0 0 0 0 0 0 0 346 678 
0 0 0 0 0 74 950 0 0 0 0 0 0 1002 22 0 0 0 0 0 0 0 296 728 
0 0 1 7 83 585 342 6 0 3 8 47 284 622 60 0 0 0 1 7 98 384 530 4 
0 0 0 1 103 395 508 17 0 17 20 18 358 377 234 0 0 0 3 10 118 474 416 3 
0 0 18 45 107 733 121 0 4 98 54 41 98 682 47 0 0 12 55 78 55 719 105 0 
0 0 36 269 372 337 10 0 0 5 298 353 246 120 2 0 0 0 86 357 357 202 22 0 
0 0 118 368 409 127 1 1 0 67 423 373 153 6 2 0 0 2 198 507 296 19 1 1 
0 0 24 298 289 240 15 158 0 15 301 263 224 61 8 152 0 0 67 331 290 166 34 136 
0 0 41 576 119 11 21 256 0 17 584 135 13 19 0 256 0 1 551 188 21 7 0 256 
0 0 24 551 449 0 0 0 0 3 695 326 0 0 0 0 0 0 602 422 0 0 0 0 
0 0 2 258 737 26 1 0 0 1 341 655 27 0 0 0 0 3 267 717 29 8 0 0 
0 0 29 580 316 98 1 0 0 30 642 232 117 3 0 0 0 16 543 274 162 29 0 0 
0 0 3 938 83 0 0 0 0 4 978 42 0 0 0 0 0 0 918 106 0 0 0 0 
0 0 220 789 15 0 0 0 6 297 718 3 0 0 0 0 0 66 916 42 0 0 0 0 
0 0 66 300 205 353 91 9 26 184 268 82 365 77 22 0 0 0 282 223 229 226 60 4 
0 0 0 0 194 714 107 9 0 0 0 115 721 167 20 1 0 0 0 66 710 218 29 1 
0 0 0 5 835 176 8 0 0 0 5 679 322 18 0 0 0 0 3 661 345 15 0 0 
0 0 6 79 844 71 24 0 92 116 22 471 295 28 0 0 0 10 201 603 144 60 6 0 
0 0 2 74 865 82 1 0 496 103 25 359 41 0 0 0 0 10 579 353 81 1 0 0 
0 0 0 43 937 44 0 0 885 67 15 50 7 0 0 0 0 6 865 148 5 0 0 0 
0 0 0 0 987 37 0 0 1007 17 0 0 0 0 0 0 0 0 963 61 0 0 0 0 
0 0 0 0 1004 20 0 0 1012 12 0 0 0 0 0 0 0 0 986 38 0 0 0 0 
0 0 0 0 991 33 0 0 996 24 4 0 0 0 0 0 0 0 957 64 3 0 0 0 
0 0 0 0 946 78 0 0 1018 6 0 0 0 0 0 0 0 0 886 138 0 0 0 0 
0 0 0 0 631 392 1 0 959 64 1 0 0 0 0 0 0 1 596 427 0 0 0 0 
0 0 0 0 795 229 0 0 988 36 0 0 0 0 0 0 0 0 766 258 0 0 0 0 
0 0 0 2 1014 8 0 0 1015 9 0 0 0 0 0 0 0 0 989 35 0 0 0 0 
0 0 0 9 1004 11 0 0 991 33 0 0 0 0 0 0 0 2 981 41 0 0 0 0 
0 0 0 258 766 0 0 0 994 30 0 0 0 0 0 0 0 0 1018 6 0 0 0 0 
0 0 0 599 424 0 1 0 948 72 2 1 1 0 0 0 0 7 1010 5 1 1 0 0 
0 0 78 873 73 0 0 0 676 232 59 57 0 0 0 0 0 70 851 92 11 0 0 0 
0 0 47 351 432 67 123 4 46 214 231 333 31 139 30 0 0 19 398 192 222 28 42 123 
0 0 0 0 22 220 782 0 0 0 0 14 55 919 36 0 0 0 0 0 22 32 191 779 
0 0 0 0 0 208 816 0 0 0 0 0 5 963 56 0 0 0 0 0 0 0 68 956 
0 0 0 0 0 243 781 0 0 0 0 0 8 985 31 0 0 0 0 0 0 0 131 893 
0 0 0 0 0 108 916 0 0 0 0 0 0 864 160 0 0 0 0 0 0 0 9 1015 
0 0 0 0 0 158 866 0 0 0 0 0 5 1006 13 0 0 0 0 0 0 0 163 861 
0 0 0 0 0 44 980 0 0 0 0 0 0 1024 0 0 0 0 0 0 0 0 479 545 
0 0 0 0 0 125 899 0 0 0 0 0 0 1024 0 0 0 0 0 0 0 0 65 959 
0 0 0 0 0 202 822 0 0 0 0 0 35 989 0 0 0 0 0 0 0 0 343 681 
0 0 0 0 73 705 214 32 0 0 0 19 298 636 71 0 0 0 0 0 61 343 608 12 
0 2 127 93 149 334 231 88 0 209 86 107 287 115 220 0 25 41 205 107 182 173 265 26 
0 0 241 584 156 38 4 1 1 318 590 86 24 4 1 0 8 35 554 380 27 16 3 1 
0 2 191 695 95 29 8 4 3 548 397 40 26 8 2 0 1 12 639 304 37 25 6 0 
0 0 300 550 121 50 3 0 0 574 311 90 48 1 0 0 0 10 720 188 96 9 1 0 
0 0 31 461 213 151 8 160 0 78 449 203 111 23 8 152 0 0 224 364 221 55 3 157 
