0 7 13 19 103 323 508 51 0 7 11 22 122 354 457 51 0 0 5 26 150 398 416 29 
0 2 8 17 294 314 297 92 0 2 6 19 199 416 290 92 0 1 8 22 456 187 278 72 
0 2 3 16 561 300 122 20 0 2 2 20 511 337 130 22 0 3 6 40 723 143 95 14 
4 5 11 19 156 213 324 292 5 2 8 24 139 212 320 314 5 3 11 43 186 192 298 286 
0 0 0 1 6 37 256 724 0 0 0 1 6 29 226 762 0 0 0 0 7 59 297 661 
0 0 0 2 9 96 353 564 0 0 0 2 8 67 311 636 0 0 0 1 12 129 367 515 
0 0 0 0 13 86 269 656 0 0 0 1 8 65 244 706 0 0 0 1 13 99 285 626 
0 0 123 355 140 234 168 4 0 0 156 326 189 230 123 0 0 41 413 37 239 214 80 0 
1 2 12 54 158 344 415 38 1 2 14 52 242 276 407 30 1 4 51 26 300 256 357 29 
4 9 15 55 127 222 451 141 0 8 17 51 159 194 456 139 1 9 24 70 146 224 430 120 
20 137 130 204 172 115 169 77 16 81 151 197 203 123 169 84 17 116 194 240 107 121 158 71 
0 2 15 189 194 131 277 216 0 0 21 168 206 121 269 239 0 4 63 193 157 116 289 202 
2 2 5 15 31 69 279 621 2 5 7 19 36 53 224 678 2 7 8 25 30 70 295 587 
0 4 10 11 9 35 261 694 0 11 14 15 2 22 197 763 1 14 15 12 1 27 264 690 
21 108 227 194 122 80 189 83 24 105 246 178 135 68 190 78 66 238 238 41 150 28 186 77 
15 143 324 425 92 23 0 2 14 146 335 413 94 20 0 2 78 287 495 107 54 1 0 2 
0 78 323 227 227 73 92 4 0 81 330 225 241 61 86 0 19 251 278 219 121 61 75 0 
69 78 130 129 140 138 259 81 67 80 123 142 167 157 238 50 77 117 128 141 158 148 217 38 
1 20 56 172 213 191 321 50 1 21 45 170 225 182 327 53 4 30 59 196 189 180 325 41 
2 19 21 57 151 220 370 184 27 32 59 102 194 289 262 59 40 49 75 113 195 320 196 36 
135 133 78 80 65 51 330 152 185 177 101 50 18 16 214 263 244 154 86 35 18 11 322 154 
7 6 13 20 124 330 474 50 5 6 11 24 166 400 370 42 0 3 7 18 193 461 299 43 
10 20 17 22 97 340 412 106 22 9 18 23 108 358 388 98 24 4 9 42 120 378 353 94 
23 32 35 28 67 311 411 117 30 31 37 31 73 325 389 108 33 42 24 27 81 327 388 102 
75 73 98 106 106 278 246 42 68 97 127 97 132 321 152 30 78 128 105 101 168 271 139 34 
4 66 97 56 88 272 396 45 7 55 99 102 162 457 130 12 21 89 83 105 234 396 93 3 
7 19 38 55 126 310 376 93 2 12 37 58 107 254 414 140 1 10 38 69 98 198 370 240 
0 1 3 3 18 260 450 289 1 3 3 4 19 164 456 374 2 3 2 5 21 73 472 446 
188 19 5 302 115 161 233 1 193 14 10 306 114 199 187 1 199 15 268 98 125 199 119 1 
79 61 78 230 222 205 149 0 76 64 80 229 233 239 101 2 113 63 176 258 145 218 51 0 
26 31 114 255 304 229 64 1 26 32 125 280 275 223 63 0 31 52 171 349 185 192 44 0 
165 96 113 248 242 132 27 1 162 161 173 153 240 109 25 1 207 240 116 169 190 82 20 0 
41 61 159 318 140 228 54 23 78 194 192 199 161 137 47 16 164 206 171 207 104 121 38 13 
0 1 8 34 117 520 319 25 0 0 8 13 54 266 651 32 0 1 7 9 23 118 770 96 
4 5 23 39 215 616 117 5 34 18 20 37 90 511 307 7 36 18 20 23 44 287 593 3 
48 18 66 119 219 403 148 3 49 24 72 127 266 363 122 1 53 60 99 122 289 302 98 1 
27 48 118 140 179 224 253 35 27 49 124 164 175 224 224 37 44 89 123 156 166 196 213 37 
26 34 65 128 207 329 214 21 26 33 78 135 227 311 193 21 19 39 103 157 224 278 187 17 
127 72 107 164 247 210 91 6 118 84 111 171 235 215 83 7 122 102 124 174 217 208 69 8 
48 54 92 161 303 289 73 4 42 62 98 223 335 224 36 4 58 72 121 283 252 205 30 3 
1 1 22 119 288 472 121 0 1 2 15 117 379 445 61 4 1 1 10 156 271 296 272 17 
53 13 52 89 505 307 5 0 48 35 65 49 390 428 9 0 57 64 39 203 138 300 223 0 
19 18 34 36 79 324 441 73 16 17 34 54 86 355 409 53 3 6 37 54 134 366 366 58 
16 9 24 56 128 455 292 44 15 10 22 80 142 453 267 35 1 7 30 97 196 434 222 37 
38 87 99 109 195 379 115 2 39 92 114 112 241 327 96 3 48 120 102 122 287 279 61 5 
106 185 174 131 322 89 17 0 96 208 171 139 314 78 18 0 144 207 150 149 287 77 10 0 
71 142 102 167 419 104 19 0 69 151 103 148 369 168 16 0 90 145 103 151 286 228 21 0 
0 0 0 0 290 734 0 0 0 0 0 0 7 984 33 0 0 0 0 0 0 328 696 0 
0 0 4 227 655 138 0 0 40 18 7 363 318 277 1 0 37 24 60 401 60 365 77 0 
95 185 24 82 116 422 99 1 69 211 26 104 131 422 61 0 242 41 43 128 157 391 22 0 
88 258 215 96 121 180 64 2 77 295 214 96 121 177 42 2 210 235 173 81 119 184 20 2 
175 200 172 178 144 100 53 2 164 216 184 175 141 95 47 2 238 204 170 145 130 93 42 2 
221 115 149 168 214 120 37 0 218 118 162 170 200 116 40 0 228 142 160 178 179 99 37 1 
86 213 134 168 360 60 3 0 82 236 124 197 161 222 2 0 167 192 150 157 93 255 10 0 
0 0 0 55 701 268 0 0 0 0 0 16 135 870 3 0 0 0 0 0 55 741 228 0 
95 74 249 402 194 10 0 0 496 35 41 269 155 28 0 0 489 45 169 135 106 80 0 0 
25 134 133 280 205 145 98 4 21 141 155 308 168 150 77 4 108 130 143 312 114 156 58 3 
32 126 90 257 231 203 85 0 31 132 118 274 198 207 64 0 90 105 177 248 154 192 58 0 
26 53 75 149 287 322 105 7 27 55 91 150 299 299 98 5 26 65 108 182 321 233 80 9 
381 199 143 92 132 71 6 0 371 215 140 97 136 61 4 0 424 197 136 116 106 42 3 0 
34 99 165 232 433 54 7 0 38 118 160 179 331 194 4 0 59 142 166 215 173 266 3 0 
0 0 5 57 947 15 0 0 0 0 0 19 353 652 0 0 0 0 0 10 46 962 6 0 
82 52 226 451 211 2 0 0 311 22 49 469 173 0 0 0 311 41 43 491 118 20 0 0 
23 43 111 130 228 394 90 5 25 56 118 134 256 360 71 4 19 79 128 131 295 318 52 2 
17 26 49 138 373 414 7 0 17 30 62 156 421 334 4 0 21 50 81 179 473 217 3 0 
98 211 192 188 179 153 3 0 91 230 186 194 198 122 3 0 131 230 192 169 215 81 6 0 
89 77 150 286 313 105 4 0 89 80 162 315 282 94 2 0 94 128 183 338 207 70 4 0 
23 19 28 226 722 5 1 0 24 21 28 377 570 4 0 0 28 34 82 845 34 1 0 0 
0 0 25 295 652 52 0 0 0 6 77 650 283 8 0 0 1 21 185 788 19 9 1 0 
0 0 7 632 384 1 0 0 0 4 93 775 152 0 0 0 0 38 197 781 8 0 0 0 
