174 816 34 0 0 0 0 0 63 0 77 858 26 0 0 0 274 750 0 0 0 0 0 0 
32 166 810 16 0 0 0 0 32 0 0 155 837 0 0 0 51 973 0 0 0 0 0 0 
32 0 808 184 0 0 0 0 32 0 0 0 992 0 0 0 32 992 0 0 0 0 0 0 
32 16 962 14 0 0 0 0 32 0 0 0 992 0 0 0 32 992 0 0 0 0 0 0 
32 934 58 0 0 0 0 0 32 0 0 33 959 0 0 0 40 984 0 0 0 0 0 0 
36 749 36 24 16 18 25 120 32 0 24 152 648 23 117 28 36 660 132 23 26 86 57 4 
42 732 38 25 24 20 29 114 32 0 19 383 417 24 86 63 32 426 347 42 26 46 88 17 
32 777 78 17 16 13 19 72 32 0 8 303 570 20 70 21 32 572 286 25 19 43 47 0 
34 598 247 22 14 17 20 72 32 0 11 129 737 23 83 9 32 726 130 25 19 51 41 0 
32 119 786 15 8 12 14 38 32 0 0 17 906 14 53 2 32 850 56 13 13 32 28 0 
32 375 617 0 0 0 0 0 32 0 0 81 911 0 0 0 35 982 7 0 0 0 0 0 
54 970 0 0 0 0 0 0 32 0 0 851 141 0 0 0 146 878 0 0 0 0 0 0 
275 749 0 0 0 0 0 0 32 0 0 992 0 0 0 0 783 241 0 0 0 0 0 0 
864 160 0 0 0 0 0 0 32 0 23 969 0 0 0 0 985 39 0 0 0 0 0 0 
1019 5 0 0 0 0 0 0 32 0 515 477 0 0 0 0 1022 2 0 0 0 0 0 0 
1017 7 0 0 0 0 0 0 32 0 981 11 0 0 0 0 1024 0 0 0 0 0 0 0 
1024 0 0 0 0 0 0 0 32 34 958 0 0 0 0 0 1024 0 0 0 0 0 0 0 
1024 0 0 0 0 0 0 0 32 586 406 0 0 0 0 0 1024 0 0 0 0 0 0 0 
32 41 22 29 108 792 0 0 907 24 23 55 15 0 0 0 941 83 0 0 0 0 0 0 
0 77 122 26 25 768 6 0 754 35 20 48 167 0 0 0 795 229 0 0 0 0 0 0 
0 7 327 28 19 548 91 4 539 66 55 29 335 0 0 0 598 412 14 0 0 0 0 0 
0 116 357 23 45 237 231 15 279 151 58 34 495 7 0 0 365 602 27 25 5 0 0 0 
0 445 168 20 21 62 305 3 328 34 19 42 601 0 0 0 364 657 3 0 0 0 0 0 
3 494 59 33 31 57 119 228 87 25 53 237 334 33 196 59 102 400 201 27 28 96 159 11 
1 254 207 58 63 44 63 334 0 0 55 418 91 65 207 188 0 42 372 131 59 73 288 59 
10 358 186 56 35 38 68 273 0 0 32 547 56 56 189 144 0 13 512 91 48 66 266 28 
96 649 32 31 22 22 33 139 0 0 60 730 33 25 108 68 0 29 742 36 29 39 135 14 
194 462 56 30 33 37 86 126 0 0 70 653 41 45 188 27 0 53 665 47 31 136 85 7 
0 324 680 12 5 3 0 0 0 0 0 10 1010 4 0 0 0 1000 17 6 1 0 0 0 
0 791 17 9 8 18 181 0 0 0 0 371 444 74 135 0 10 783 11 9 16 170 25 0 
2 851 11 8 10 30 112 0 0 0 0 856 15 113 40 0 177 663 16 11 9 134 14 0 
216 789 4 4 4 5 2 0 0 0 0 1008 4 9 3 0 877 123 7 3 4 7 3 0 
621 403 0 0 0 0 0 0 0 0 0 1024 0 0 0 0 1024 0 0 0 0 0 0 0 
697 283 44 0 0 0 0 0 0 0 510 514 0 0 0 0 1022 2 0 0 0 0 0 0 
329 513 182 0 0 0 0 0 0 0 642 382 0 0 0 0 1015 9 0 0 0 0 0 0 
561 463 0 0 0 0 0 0 0 28 988 8 0 0 0 0 1024 0 0 0 0 0 0 0 
32 11 53 34 41 852 1 0 930 61 33 0 0 0 0 0 944 50 29 1 0 0 0 0 
0 0 6 10 10 985 13 0 985 39 0 0 0 0 0 0 1006 18 0 0 0 0 0 0 
0 0 0 0 0 804 220 0 1007 17 0 0 0 0 0 0 1016 8 0 0 0 0 0 0 
0 0 0 0 0 178 846 0 1024 0 0 0 0 0 0 0 1024 0 0 0 0 0 0 0 
0 0 0 0 0 76 925 23 888 29 14 20 56 17 0 0 896 34 15 53 26 0 0 0 
0 121 148 54 26 69 438 168 240 179 40 266 91 35 119 54 391 61 226 129 30 87 87 13 
0 477 147 54 41 35 54 216 0 0 36 610 58 52 120 148 0 19 529 141 50 69 182 34 
26 342 72 63 59 49 60 353 0 0 103 357 87 54 244 179 0 86 344 95 67 81 327 24 
52 287 92 63 37 45 77 371 0 0 120 348 52 61 269 174 0 66 368 72 46 93 353 26 
17 234 113 97 50 72 136 305 15 2 127 289 104 64 360 63 16 92 320 98 60 175 258 5 
0 285 178 24 43 444 40 10 417 45 36 35 468 23 0 0 450 518 15 15 18 8 0 0 
0 135 21 19 43 144 625 37 88 22 39 66 143 78 587 1 97 185 39 20 23 559 101 0 
0 0 0 55 77 148 688 56 0 16 56 73 73 552 254 0 0 32 67 69 83 721 52 0 
1 20 9 48 131 518 292 5 0 5 54 144 89 683 49 0 3 31 77 124 130 654 5 0 
21 154 12 71 80 607 79 0 0 1 72 227 88 636 0 0 105 73 82 70 337 357 0 0 
8 157 205 37 82 518 17 0 0 0 22 425 123 454 0 0 262 97 54 71 488 52 0 0 
0 536 157 15 19 297 0 0 0 0 35 665 104 220 0 0 584 94 21 11 314 0 0 0 
0 1024 0 0 0 0 0 0 0 0 533 491 0 0 0 0 1024 0 0 0 0 0 0 0 
133 182 198 372 139 0 0 0 52 111 580 269 11 1 0 0 272 720 23 8 1 0 0 0 
112 212 154 536 6 4 0 0 40 131 541 302 10 0 0 0 137 887 0 0 0 0 0 0 
52 274 257 331 24 71 15 0 164 108 440 303 9 0 0 0 283 741 0 0 0 0 0 0 
54 284 414 49 16 123 84 0 322 59 320 274 49 0 0 0 384 620 20 0 0 0 0 0 
19 308 299 60 14 54 269 1 406 86 215 211 106 0 0 0 492 505 27 0 0 0 0 0 
45 285 226 104 63 57 213 31 160 261 140 257 170 14 22 0 426 440 32 81 22 20 3 0 
54 481 168 78 51 64 124 4 171 148 39 510 121 27 6 2 323 345 248 69 20 17 2 0 
94 604 58 68 42 64 94 0 222 69 37 681 10 4 1 0 292 259 444 22 5 2 0 0 
80 456 108 90 72 120 56 42 232 49 52 541 59 40 20 31 280 190 412 43 37 33 22 7 
32 388 84 81 126 193 36 84 230 62 104 422 51 53 67 35 273 113 413 53 59 61 47 5 
0 0 11 13 17 869 97 17 957 22 6 7 8 20 4 0 971 10 7 7 18 11 0 0 
0 0 0 0 12 297 667 48 248 41 38 5 5 18 669 0 278 23 31 6 11 360 315 0 
0 27 37 17 21 50 862 10 0 15 47 21 22 360 559 0 14 41 25 18 42 801 83 0 
0 12 45 44 43 316 564 0 0 12 58 45 41 779 89 0 7 45 47 34 64 822 5 0 
0 2 39 76 75 672 158 2 0 3 90 68 87 752 24 0 2 30 95 70 148 676 3 0 
0 1 2 31 105 832 53 0 0 3 33 85 115 788 0 0 1 7 58 89 672 197 0 0 
0 94 25 41 220 635 9 0 109 66 34 160 188 467 0 0 243 64 34 60 618 5 0 0 
0 445 48 140 391 0 0 0 495 38 62 429 0 0 0 0 1010 14 0 0 0 0 0 0 
32 0 8 295 523 123 42 1 32 49 564 212 77 79 11 0 237 431 135 47 93 63 18 0 
0 0 12 222 749 24 17 0 0 9 608 377 16 14 0 0 27 914 41 18 13 11 0 0 
0 0 14 306 600 35 66 3 0 15 545 347 24 62 31 0 39 827 31 22 18 71 16 0 
1 1 149 302 290 118 150 13 4 37 492 280 43 94 74 0 37 618 84 60 67 97 57 4 
26 38 301 315 183 128 27 6 2 19 575 277 91 34 25 1 30 594 97 59 90 95 46 13 
0 0 360 219 170 134 125 16 0 3 610 149 74 94 94 0 27 647 53 49 65 102 81 0 
0 2 180 482 220 104 24 12 0 26 661 269 25 21 22 0 38 866 47 8 15 26 22 2 
23 69 159 627 93 53 0 0 8 82 389 529 16 0 0 0 103 749 149 22 1 0 0 0 
71 147 364 179 234 29 0 0 14 46 734 214 16 0 0 0 400 614 9 1 0 0 0 0 
142 194 413 179 96 0 0 0 3 47 696 277 1 0 0 0 358 666 0 0 0 0 0 0 
172 200 526 106 20 0 0 0 82 138 514 290 0 0 0 0 588 434 2 0 0 0 0 0 
211 164 534 29 12 73 1 0 192 259 279 294 0 0 0 0 643 381 0 0 0 0 0 0 
204 201 406 16 30 135 21 11 235 264 221 270 9 11 14 0 733 252 6 9 9 15 0 0 
182 204 237 133 50 140 65 13 83 227 321 278 14 75 26 0 563 268 74 14 33 71 1 0 
222 258 85 113 114 158 74 0 96 297 370 77 48 122 14 0 614 172 40 43 73 81 1 0 
206 239 96 84 177 183 39 0 157 168 381 64 88 166 0 0 581 102 73 70 135 63 0 0 
114 224 34 39 271 329 13 0 246 133 294 13 141 197 0 0 617 46 19 22 316 4 0 0 
90 148 38 74 674 0 0 0 819 120 85 0 0 0 0 0 1024 0 0 0 0 0 0 0 
32 1 34 381 240 216 115 5 32 50 489 192 70 134 57 0 132 495 69 70 92 136 30 0 
0 0 9 506 265 76 149 19 0 101 563 115 50 79 115 1 166 572 19 42 46 115 64 0 
0 2 7 425 220 76 239 55 4 125 449 99 33 103 210 1 338 268 56 30 42 137 151 2 
2 7 35 360 73 149 287 111 21 273 181 68 87 169 215 10 378 58 61 65 82 212 162 6 
25 68 109 374 125 102 170 51 7 174 241 136 170 111 173 12 240 33 42 92 163 211 215 28 
0 0 2 184 94 199 462 83 0 130 41 82 142 273 348 8 160 10 14 85 175 315 264 1 
4 22 39 174 183 192 310 100 0 94 58 217 175 230 231 19 99 98 68 73 146 328 190 22 
2 4 102 186 303 172 186 69 153 146 268 214 48 81 114 0 246 274 202 86 26 126 63 1 
0 1 21 79 319 312 263 29 24 85 255 267 157 152 84 0 284 271 128 151 62 74 54 0 
6 19 41 115 405 287 147 4 15 31 272 190 233 214 69 0 135 208 243 225 100 73 40 0 
3 16 49 164 515 233 44 0 6 38 274 304 250 140 12 0 102 292 178 230 144 71 7 0 
3 33 105 207 481 159 36 0 15 61 478 293 169 8 0 0 270 360 166 109 78 41 0 0 
11 51 175 280 322 165 20 0 39 90 493 267 119 16 0 0 330 406 181 61 33 13 0 0 
3 50 92 633 117 101 28 0 48 186 150 559 72 9 0 0 145 260 581 29 8 1 0 0 
0 46 8 72 386 512 0 0 2 60 224 27 692 19 0 0 263 28 20 240 473 0 0 0 
94 527 123 99 120 61 0 0 188 489 110 100 136 1 0 0 524 191 114 98 97 0 0 0 
34 617 191 131 48 3 0 0 45 491 291 187 10 0 0 0 383 231 256 147 7 0 0 0 
98 571 240 107 8 0 0 0 82 531 285 125 1 0 0 0 625 232 148 19 0 0 0 0 
86 55 37 75 544 156 51 20 32 17 304 562 75 23 11 0 69 312 426 96 110 11 0 0 
39 32 66 125 523 167 48 24 2 29 109 582 228 58 16 0 11 129 486 132 143 92 27 4 
10 19 24 115 538 280 38 0 5 42 130 760 33 27 26 1 71 354 447 49 32 39 26 6 
0 0 2 146 219 470 84 103 3 47 158 578 155 54 22 7 117 278 382 82 123 28 13 1 
1 3 10 186 179 528 57 60 0 46 221 607 61 49 31 9 189 286 412 30 47 33 23 4 
0 0 1 272 250 443 26 32 0 111 244 565 67 18 14 5 271 359 329 25 14 8 11 7 
0 0 0 305 190 432 76 21 0 106 253 522 106 37 0 0 302 314 308 84 14 2 0 0 
0 3 25 655 226 93 14 8 3 59 284 586 72 14 5 1 168 363 405 57 21 5 4 1 
0 0 92 269 418 177 63 5 2 312 304 359 27 14 6 0 456 463 43 20 15 24 3 0 
0 0 152 249 473 85 45 20 0 376 315 258 6 18 51 0 456 474 19 6 12 40 17 0 
11 30 260 209 311 86 112 5 108 344 190 229 17 60 76 0 450 383 34 17 19 114 7 0 
4 22 256 203 295 112 121 11 92 313 209 181 53 120 56 0 431 294 45 38 60 145 11 0 
0 3 148 267 375 171 59 1 0 323 282 161 104 133 21 0 373 379 66 47 65 93 1 0 
0 1 94 475 106 274 74 0 0 89 181 480 140 134 0 0 81 194 526 72 92 59 0 0 
0 97 194 159 234 338 2 0 32 185 371 237 189 10 0 0 395 207 138 58 222 4 0 0 
30 204 223 307 140 119 1 0 75 327 223 256 132 11 0 0 436 216 191 80 100 1 0 0 
9 269 246 310 151 39 0 0 72 325 299 306 22 0 0 0 427 242 207 121 27 0 0 0 
37 463 233 215 69 7 0 0 337 359 208 107 13 0 0 0 679 230 90 22 3 0 0 0 
60 76 139 208 130 205 158 48 72 54 136 332 178 108 140 4 87 108 291 110 145 184 89 10 
30 105 110 178 173 89 224 115 84 96 81 181 186 188 188 20 138 104 151 121 154 184 165 7 
9 27 132 132 137 179 315 93 34 114 102 155 141 197 270 11 132 145 103 110 110 216 207 1 
0 101 78 69 66 198 186 326 111 80 106 176 201 142 159 49 169 130 139 136 165 117 148 20 
7 35 132 121 99 115 259 256 47 130 140 102 143 163 269 30 156 153 108 74 166 159 199 9 
0 0 8 57 252 470 165 72 0 0 114 425 244 150 86 5 5 137 419 178 145 78 56 6 
0 0 0 0 147 253 457 167 0 0 17 451 556 0 0 0 0 27 490 507 0 0 0 0 
0 3 20 117 259 272 238 115 2 14 136 309 250 181 127 5 22 145 279 274 134 128 42 0 
0 39 107 299 192 165 170 52 14 73 154 242 216 204 121 0 183 190 30 45 96 301 168 11 
43 93 172 313 156 70 124 53 25 187 182 119 183 188 140 0 193 48 55 107 144 266 204 7 
49 129 192 246 139 93 136 40 27 167 201 159 189 177 104 0 181 87 146 158 201 192 58 1 
14 43 218 155 82 131 261 120 57 175 207 113 151 222 99 0 210 101 147 166 174 207 19 0 
11 29 169 198 199 129 230 59 54 202 236 133 79 211 107 2 146 175 164 143 148 197 50 1 
8 32 81 140 179 326 256 2 38 78 144 189 221 329 25 0 59 135 161 128 337 203 1 0 
2 86 84 195 193 345 117 2 55 109 233 409 125 83 10 0 359 208 184 87 125 61 0 0 
0 43 142 273 237 271 58 0 21 153 357 280 111 100 2 0 360 255 174 93 94 48 0 0 
0 8 105 331 376 196 8 0 13 133 333 378 134 33 0 0 378 267 137 138 100 4 0 0 
0 0 242 391 274 117 0 0 18 256 385 213 150 2 0 0 268 337 193 165 61 0 0 0 
32 0 39 157 295 246 215 40 32 10 49 260 155 239 231 48 32 5 209 137 165 174 231 71 
0 4 12 46 71 164 459 268 0 3 15 47 134 379 423 23 6 53 145 105 152 311 230 22 
0 0 4 46 150 154 304 366 2 64 118 161 179 295 204 1 112 344 340 125 41 35 27 0 
60 190 161 161 152 85 106 109 0 13 248 321 226 134 68 14 15 65 200 351 235 109 45 4 
26 34 90 219 256 223 152 24 1 22 142 266 315 212 65 1 8 49 177 295 299 156 40 0 
4 48 44 36 139 562 186 5 36 57 64 408 398 61 0 0 51 73 339 344 215 2 0 0 
25 61 58 42 118 247 308 165 86 66 93 294 441 38 2 4 98 84 229 430 173 5 2 3 
18 39 92 184 278 296 104 13 61 48 198 345 285 59 26 2 78 164 309 239 181 37 14 2 
0 0 1 51 340 322 216 94 6 39 177 449 262 65 24 2 48 462 146 100 168 80 20 0 
0 0 3 34 492 104 217 174 0 5 340 227 93 141 210 8 45 477 44 38 94 164 160 2 
49 44 81 120 504 115 85 26 2 11 266 458 128 103 53 3 87 477 110 96 87 120 46 1 
74 56 47 97 333 123 251 43 32 55 249 196 212 52 227 1 84 262 30 61 155 308 124 0 
70 70 119 263 256 61 182 3 0 53 295 163 235 129 146 3 70 294 32 68 130 326 103 1 
46 85 96 338 106 191 162 0 0 9 99 417 159 254 86 0 6 50 303 88 216 335 26 0 
0 0 46 352 153 318 153 2 0 7 207 600 84 115 11 0 268 241 312 36 85 82 0 0 
0 174 164 261 48 258 118 1 50 223 175 411 27 132 6 0 422 161 270 19 94 58 0 0 
2 322 119 153 153 259 16 0 211 207 199 206 152 49 0 0 505 192 159 54 113 1 0 0 
0 321 220 126 168 189 0 0 186 220 371 116 118 13 0 0 528 272 75 61 88 0 0 0 
32 0 42 238 370 119 140 83 32 63 104 262 251 108 133 71 32 111 257 288 70 79 118 69 
0 6 16 156 395 175 181 95 2 25 143 406 89 121 201 37 6 115 361 146 67 118 163 48 
0 0 5 100 382 138 217 182 26 151 129 447 67 50 144 10 96 167 430 79 66 78 105 3 
0 0 1 90 427 172 187 147 0 41 140 486 84 80 182 11 21 189 557 55 33 57 112 0 
0 1 9 102 363 177 104 268 1 36 111 338 135 102 90 211 15 131 286 81 163 77 79 192 
0 0 1 8 84 301 280 350 0 2 52 295 221 51 99 304 1 20 226 288 67 30 117 275 
0 0 0 0 52 280 662 30 0 0 62 451 511 0 0 0 0 2 349 627 46 0 0 0 
0 0 22 96 327 376 135 68 0 9 175 402 215 134 44 45 1 100 389 221 128 117 26 42 
0 0 4 90 425 114 278 113 0 28 335 250 130 77 170 34 73 463 105 82 33 102 159 7 
4 16 29 87 473 57 220 138 3 36 420 152 36 94 256 27 104 404 58 39 47 151 217 4 
17 52 51 102 379 105 254 64 12 28 333 215 85 187 161 3 24 348 83 87 157 255 70 0 
19 56 54 94 297 153 313 38 5 78 319 63 109 325 125 0 37 257 99 81 149 326 74 1 
24 66 128 284 239 208 72 3 4 82 370 209 174 180 5 0 38 264 92 155 249 212 14 0 
4 29 64 610 147 120 50 0 0 16 74 626 203 103 2 0 10 36 568 115 227 68 0 0 
0 0 17 621 226 154 6 0 0 9 179 771 45 20 0 0 148 207 601 25 37 6 0 0 
0 467 138 419 0 0 0 0 145 450 37 392 0 0 0 0 578 49 397 0 0 0 0 0 
3 1009 12 0 0 0 0 0 898 126 0 0 0 0 0 0 1023 1 0 0 0 0 0 0 
8 749 235 24 8 0 0 0 586 247 190 1 0 0 0 0 806 205 13 0 0 0 0 0 
32 1 44 289 319 130 107 102 32 21 103 418 202 63 95 90 35 77 444 188 23 89 92 76 
0 5 46 58 109 231 340 235 1 30 130 120 165 194 248 136 23 69 137 174 89 241 180 111 
0 0 6 22 68 123 292 513 36 101 97 119 124 106 196 245 120 144 96 94 77 103 208 182 
0 0 0 0 1 11 87 925 0 0 0 2 16 61 174 771 0 19 28 8 9 44 239 677 
0 0 0 0 0 0 13 1011 0 0 0 0 0 2 66 956 0 0 0 0 0 5 102 917 
0 0 0 0 11 47 137 829 0 0 5 32 117 16 53 801 0 2 27 119 13 25 69 769 
0 0 0 1 119 462 287 155 0 0 15 534 278 24 82 91 0 1 420 390 25 18 95 75 
0 0 1 16 80 50 103 774 0 1 6 30 106 47 159 675 0 2 22 91 47 50 224 588 
22 51 18 66 61 103 325 378 35 63 86 59 107 151 351 172 13 155 104 43 66 228 315 100 
5 9 20 77 230 106 362 215 3 65 169 112 60 172 409 34 30 257 43 35 80 258 313 8 
0 0 4 66 293 144 401 116 0 33 321 91 65 262 245 7 28 344 60 35 117 311 129 0 
0 0 4 128 293 184 342 73 0 19 349 52 67 329 202 6 90 288 26 25 170 340 85 0 
14 38 56 177 352 210 162 15 10 38 187 155 355 197 82 0 33 89 69 165 350 283 35 0 
4 4 38 415 217 219 123 4 2 10 79 485 234 193 21 0 1 37 465 109 223 187 2 0 
0 0 26 417 421 146 14 0 0 8 294 606 70 46 0 0 276 230 445 16 32 25 0 0 
0 194 258 298 262 12 0 0 45 412 102 444 21 0 0 0 616 121 256 31 0 0 0 0 
77 558 217 69 48 53 2 0 543 356 82 14 16 13 0 0 870 111 10 10 21 2 0 0 
37 556 248 92 72 19 0 0 481 385 144 10 3 1 0 0 893 118 8 3 2 0 0 0 
32 0 0 0 121 870 0 1 32 0 2 687 301 1 1 0 32 0 387 599 5 0 1 0 
0 0 0 0 19 178 56 771 0 0 0 107 104 9 82 722 0 0 48 142 22 13 140 659 
0 0 0 0 0 0 69 955 0 0 0 0 0 0 103 921 0 0 0 0 0 0 140 884 
0 0 0 0 0 0 66 958 0 0 0 0 0 0 92 932 0 0 0 0 0 0 99 925 
0 0 0 0 0 0 0 1024 0 0 0 0 0 0 0 1024 0 0 0 0 0 0 0 1024 
0 0 0 0 0 0 0 1024 0 0 0 0 0 0 0 1024 0 0 0 0 0 0 5 1019 
0 0 0 0 6 47 61 910 0 0 0 63 37 9 33 882 0 0 34 62 7 10 62 849 
0 1 18 14 7 11 176 797 0 1 20 13 7 14 226 743 0 2 19 15 8 28 254 698 
9 30 33 48 67 72 71 694 27 74 108 73 29 13 37 663 30 79 73 84 48 14 93 603 
97 118 158 133 187 131 162 38 13 85 296 322 128 98 79 3 42 135 182 319 195 110 38 3 
55 196 124 82 158 128 249 32 43 112 271 145 123 170 160 0 9 147 152 177 193 264 82 0 
16 91 111 178 212 246 166 4 9 85 241 189 131 288 81 0 70 194 146 148 168 263 35 0 
0 1 41 72 198 447 264 1 0 43 40 101 296 509 35 0 19 52 61 158 387 342 5 0 
0 0 3 88 238 498 197 0 0 5 47 225 324 421 2 0 20 64 128 195 440 176 1 0 
12 27 49 107 288 497 43 1 3 23 237 244 351 166 0 0 146 122 163 217 345 31 0 0 
5 137 179 253 381 69 0 0 38 152 163 438 221 12 0 0 145 104 281 402 87 5 0 0 
50 238 139 175 287 132 3 0 124 247 135 265 243 10 0 0 280 148 190 337 61 7 1 0 
83 451 253 80 99 35 7 16 404 354 103 49 79 15 6 14 689 134 71 79 27 7 7 10 
62 81 79 340 264 167 29 2 78 88 336 412 62 32 14 2 84 165 451 236 44 32 8 4 
15 15 6 19 50 205 582 132 21 11 16 114 66 84 540 172 12 12 37 139 24 98 511 191 
13 79 62 45 25 146 606 48 25 47 74 55 25 157 597 44 26 85 51 40 38 145 566 73 
1 2 7 9 25 32 326 622 1 2 7 14 20 31 326 623 1 3 6 12 14 33 244 711 
0 0 0 0 0 0 3 1021 0 0 0 0 0 0 5 1019 0 0 0 0 0 0 4 1020 
0 0 0 0 0 0 0 1024 0 0 0 0 0 0 3 1021 0 0 0 0 0 0 20 1004 
0 0 0 0 0 0 0 1024 0 0 0 0 0 0 0 1024 0 0 0 0 0 0 0 1024 
0 0 0 0 0 16 165 843 0 0 0 0 0 0 119 905 0 0 0 0 0 0 9 1015 
0 0 2 1 1 26 169 825 0 2 1 1 3 9 181 827 2 1 1 2 1 16 127 874 
1 7 21 164 149 179 237 266 8 31 178 156 174 178 240 59 42 144 144 156 145 174 210 9 
8 25 71 248 197 252 197 26 12 64 245 160 190 249 96 8 76 163 101 185 207 236 55 1 
5 48 114 186 205 227 235 4 8 72 127 175 249 338 55 0 19 122 130 213 232 288 20 0 
30 100 77 142 197 189 284 5 16 136 97 235 266 262 11 1 34 184 167 238 195 203 2 1 
44 71 91 211 200 207 180 20 29 76 110 262 254 222 61 10 35 84 162 226 252 200 58 7 
106 104 129 81 213 322 67 2 14 27 108 301 341 222 11 0 65 161 156 224 343 75 0 0 
4 444 51 42 246 237 0 0 0 344 157 73 426 24 0 0 268 217 55 343 139 2 0 0 
17 167 88 90 442 220 0 0 0 225 66 139 569 25 0 0 147 129 65 452 231 0 0 0 
94 296 129 216 238 51 0 0 92 340 178 259 153 2 0 0 314 197 232 252 29 0 0 0 
113 317 140 110 112 70 50 112 164 299 188 135 82 35 16 105 163 197 234 159 99 58 86 28 
114 344 176 147 90 68 72 13 254 225 233 154 69 42 43 4 240 166 200 219 82 64 39 14 
171 371 183 104 80 59 55 1 132 244 217 205 96 57 73 0 124 211 247 204 112 87 36 3 
0 5 2 6 24 58 565 364 0 0 5 5 19 63 604 328 0 0 5 2 16 49 494 458 
0 0 1 1 0 2 53 967 0 1 1 0 0 3 128 891 0 2 0 0 3 58 100 861 
2 119 100 15 15 24 129 620 8 177 48 11 19 42 132 587 20 180 31 15 24 130 42 582 
0 0 0 0 0 0 0 1024 0 0 0 0 0 0 0 1024 0 0 0 0 0 0 0 1024 
0 0 0 0 0 0 3 1021 0 0 0 0 0 0 41 983 0 0 0 0 0 0 81 943 
0 0 0 0 0 0 106 918 0 0 0 0 0 0 313 711 0 0 0 0 0 0 377 647 
0 0 35 85 102 78 241 483 2 83 76 111 57 96 364 235 78 99 105 90 54 39 389 170 
0 5 181 230 184 283 110 31 34 277 141 137 169 217 40 9 204 173 119 217 213 50 37 11 
25 12 62 204 110 367 239 5 4 223 49 48 169 455 76 0 202 19 42 97 253 388 22 1 
55 70 150 181 168 253 143 4 52 330 151 134 179 172 6 0 318 188 90 124 224 80 0 0 
10 25 255 214 213 222 85 0 31 353 165 113 170 164 28 0 418 63 70 110 196 160 7 0 
9 28 158 342 232 219 36 0 18 304 127 194 272 95 14 0 320 115 165 129 256 39 0 0 
0 61 266 444 168 84 1 0 71 601 98 62 173 19 0 0 632 116 37 100 133 6 0 0 
0 172 276 414 140 22 0 0 156 641 55 38 133 1 0 0 778 65 22 55 104 0 0 0 
6 141 504 336 29 8 0 0 107 450 322 122 23 0 0 0 363 397 230 19 15 0 0 0 
