64 80 88 37 53 80 137 485 4 29 18 15 88 207 232 431 3 6 52 9 20 73 210 651 
128 181 271 99 27 31 67 220 98 230 235 99 35 36 70 221 74 293 200 86 23 37 75 236 
12 69 255 417 55 49 83 84 0 45 227 394 43 104 100 111 0 109 263 357 49 64 69 113 
90 109 121 85 51 143 158 267 83 114 107 98 54 140 163 265 127 93 85 95 103 118 159 244 
213 177 26 37 66 118 183 204 181 200 26 35 63 140 177 202 171 213 21 28 55 158 133 245 
65 229 40 22 50 338 157 123 51 248 34 19 50 331 157 134 46 241 43 18 65 324 123 164 
1 177 180 22 27 219 211 187 0 268 92 20 35 242 198 169 0 252 101 21 36 244 185 185 
0 202 170 30 41 205 189 187 0 280 94 32 59 213 174 172 0 256 115 31 57 232 157 176 
54 126 85 54 221 278 78 128 57 128 82 59 237 269 95 97 79 107 86 82 310 175 85 100 
25 256 347 24 27 26 187 132 37 260 311 15 17 39 213 132 146 454 17 15 23 158 56 155 
25 138 206 39 38 71 231 276 9 185 129 27 48 176 257 193 53 308 44 28 62 183 127 219 
31 191 78 19 17 78 161 449 29 143 59 13 41 154 214 371 86 185 32 17 37 74 182 411 
234 106 118 67 41 113 130 215 225 107 115 72 44 109 149 203 217 138 103 54 59 116 141 196 
207 227 88 39 64 98 148 153 210 217 95 43 64 109 151 135 237 152 138 40 53 122 143 139 
698 121 50 29 60 18 22 26 773 72 37 56 21 20 19 26 782 62 41 55 18 19 21 26 
308 157 218 60 45 59 99 78 376 85 226 44 33 81 105 74 411 68 161 100 39 85 97 63 
7 77 318 72 60 92 166 232 1 91 370 62 83 128 173 116 51 97 296 148 89 124 129 90 
146 111 112 77 313 165 51 49 138 112 122 86 340 150 50 26 111 137 114 123 366 97 51 25 
55 854 102 11 2 0 0 0 135 784 105 0 0 0 0 0 749 158 117 0 0 0 0 0 
187 771 61 5 0 0 0 0 170 739 115 0 0 0 0 0 757 169 98 0 0 0 0 0 
291 680 7 4 4 8 5 25 258 687 38 8 21 12 0 0 730 275 12 4 1 2 0 0 
438 325 9 10 20 108 63 51 413 350 9 12 18 106 72 44 575 217 8 14 53 60 65 32 
54 474 110 28 52 83 144 79 38 397 211 38 46 121 118 55 283 123 274 24 46 105 106 63 
185 51 75 146 218 246 103 0 232 94 130 339 227 2 0 0 239 105 161 397 121 1 0 0 
728 65 103 43 27 36 14 8 753 41 101 42 21 17 42 7 768 39 96 35 23 20 32 11 
32 176 468 40 42 55 136 75 48 130 475 33 51 111 127 49 168 67 448 31 31 124 108 47 
68 237 144 162 346 31 21 15 73 224 131 156 351 50 27 12 95 210 141 275 200 39 43 21 
853 155 14 2 0 0 0 0 843 165 16 0 0 0 0 0 832 118 74 0 0 0 0 0 
169 249 444 14 15 31 101 1 135 236 488 10 21 28 95 11 130 268 464 5 21 32 92 12 
24 210 484 59 50 10 137 50 11 88 587 73 65 10 73 117 12 224 469 66 53 13 35 152 
152 493 136 159 31 47 5 1 148 440 182 127 73 47 4 3 149 375 243 71 130 50 4 2 
64 83 573 115 38 69 79 3 67 7 451 219 127 68 82 3 66 18 461 77 201 108 90 3 
2 216 346 249 205 6 0 0 3 18 194 457 210 134 8 0 3 34 147 289 285 158 108 0 
17 22 46 224 301 308 106 0 12 6 16 60 125 289 311 205 8 7 9 46 52 220 318 364 
0 0 87 119 129 460 229 0 0 0 85 110 43 147 533 106 8 8 102 93 39 208 349 217 
20 108 184 380 13 109 210 0 18 97 182 393 12 95 227 0 22 128 253 288 19 225 89 0 
257 265 502 0 0 0 0 0 32 461 531 0 0 0 0 0 69 423 526 6 0 0 0 0 
54 281 538 147 4 0 0 0 0 125 746 147 6 0 0 0 1 149 805 66 3 0 0 0 
82 412 120 137 117 75 70 11 5 325 244 111 170 96 57 16 7 386 177 107 176 114 45 12 
247 69 136 339 107 26 29 71 225 46 34 124 264 210 45 76 222 42 28 67 247 274 70 74 
269 190 278 245 24 18 0 0 125 54 158 245 342 100 0 0 119 24 80 220 307 272 2 0 
1 54 291 602 76 0 0 0 0 0 4 121 522 374 3 0 0 0 0 15 276 634 99 0 
35 50 174 358 279 128 0 0 0 9 34 120 257 370 224 10 0 3 10 47 165 324 383 92 
1 27 38 250 419 286 3 0 0 0 13 53 192 443 304 19 0 0 0 44 132 404 331 113 
75 353 328 52 5 193 18 0 0 21 376 391 23 204 9 0 1 76 245 444 45 202 11 0 
729 217 4 11 4 23 34 2 12 849 89 9 6 22 36 1 11 711 227 6 10 25 34 0 
57 66 197 162 65 58 332 87 0 87 140 234 86 55 331 91 0 97 232 138 89 67 351 50 
4 59 171 141 51 19 375 204 0 13 167 173 66 21 323 261 0 27 182 154 53 54 333 221 
120 112 131 156 39 71 215 180 50 43 126 149 157 86 115 298 44 36 88 169 143 125 242 177 
104 141 198 80 65 67 49 320 13 74 117 110 190 92 104 324 4 38 111 88 209 128 100 346 
13 121 211 252 275 152 0 0 0 0 33 168 227 279 305 12 0 0 2 67 215 288 339 113 
67 152 182 295 202 125 1 0 1 10 89 187 272 266 188 11 0 2 22 132 210 322 253 83 
61 89 186 294 294 100 0 0 11 10 96 192 227 338 146 4 9 8 56 179 180 341 200 51 
791 72 27 54 80 0 0 0 2 72 744 62 52 92 0 0 0 15 626 233 42 99 9 0 
