2 15 72 503 117 160 155 0 4 30 196 430 71 168 125 0 43 164 402 107 61 217 30 0 
0 0 0 18 52 716 232 6 0 0 0 42 29 669 284 0 0 0 17 51 65 806 85 0 
1 6 9 12 90 884 22 0 0 10 13 16 161 812 12 0 6 15 13 20 606 364 0 0 
0 0 0 35 310 438 241 0 0 0 0 36 335 427 226 0 0 0 0 152 377 442 53 0 
0 0 0 64 828 115 2 15 0 0 0 55 936 16 2 15 0 0 1 292 713 2 1 15 
0 0 0 0 621 62 29 312 0 0 0 0 653 30 23 318 0 0 0 75 584 26 36 303 
0 28 27 31 853 10 3 72 0 22 30 22 869 6 4 71 2 32 30 791 85 9 3 72 
0 0 2 384 638 0 0 0 0 0 1 236 787 0 0 0 0 0 28 984 12 0 0 0 
0 0 0 137 848 39 0 0 0 0 0 49 775 200 0 0 0 0 10 281 733 0 0 0 
0 4 23 486 132 257 107 15 0 6 23 493 211 234 47 10 28 66 508 142 149 103 22 6 
8 10 10 240 338 250 145 23 0 0 39 337 308 214 107 19 0 17 173 334 283 166 40 11 
0 0 2 339 168 290 212 13 0 1 6 428 107 341 133 8 0 3 355 142 146 360 15 3 
0 0 0 64 51 339 566 4 0 0 3 82 75 419 445 0 0 3 71 46 232 452 220 0 
33 41 74 157 237 406 71 5 22 46 60 168 229 417 82 0 55 29 145 141 415 236 3 0 
44 40 150 500 169 27 77 17 14 50 83 562 187 27 48 53 72 22 394 389 39 29 62 17 
0 0 0 78 637 151 128 30 0 0 0 50 648 138 162 26 0 0 11 593 183 139 70 28 
0 0 0 226 738 60 0 0 0 0 0 118 779 127 0 0 0 0 32 644 348 0 0 0 
0 0 0 4 219 801 0 0 0 0 0 4 27 993 0 0 0 0 1 11 1011 1 0 0 
10 44 162 188 333 216 67 4 1 49 177 229 336 182 48 2 2 170 129 351 271 91 10 0 
26 89 57 89 271 347 130 15 28 104 54 104 315 327 80 12 57 109 74 223 355 169 34 3 
8 37 154 133 236 342 106 8 8 44 176 131 273 338 54 0 23 190 113 155 344 182 17 0 
0 5 39 171 113 411 278 7 0 6 82 143 150 453 184 6 8 40 161 81 270 320 130 14 
9 11 17 56 55 375 275 226 10 12 23 62 75 390 200 252 15 23 66 59 184 260 117 300 
50 154 39 127 400 197 57 0 17 167 51 98 438 174 77 2 80 137 54 459 137 140 17 0 
16 103 80 136 364 281 44 0 0 127 90 77 345 290 95 0 17 182 82 142 427 169 5 0 
0 3 17 175 497 220 12 100 0 3 29 201 338 348 9 96 0 14 123 151 594 24 14 104 
0 7 50 158 473 319 15 2 0 18 53 157 366 421 7 2 8 40 67 240 598 67 4 0 
32 16 14 369 593 0 0 0 11 31 22 556 404 0 0 0 2 44 160 814 4 0 0 0 
0 0 81 440 404 75 19 5 0 0 106 601 248 55 12 2 1 64 161 712 59 18 9 0 
0 33 205 292 145 286 54 9 8 42 257 252 196 241 24 4 48 158 378 88 260 79 13 0 
109 158 291 238 122 96 10 0 99 169 336 220 129 66 5 0 186 294 289 135 96 22 2 0 
327 98 154 124 71 92 104 54 324 98 139 128 102 78 101 54 377 130 153 89 69 38 44 124 
230 89 115 316 251 23 0 0 111 194 110 260 329 20 0 0 157 220 185 427 23 12 0 0 
211 216 71 207 319 0 0 0 234 209 107 129 343 2 0 0 375 164 77 307 100 1 0 0 
10 136 46 306 376 26 18 106 119 30 64 323 303 66 13 106 132 74 220 194 258 24 14 108 
192 59 88 196 427 62 0 0 182 59 91 186 440 66 0 0 205 69 102 269 363 16 0 0 
0 17 56 676 275 0 0 0 0 21 97 781 125 0 0 0 5 77 641 286 15 0 0 0 
47 52 147 593 185 0 0 0 36 40 169 661 118 0 0 0 59 117 482 325 41 0 0 0 
133 168 418 144 139 22 0 0 116 122 428 224 123 11 0 0 171 302 404 98 48 1 0 0 
99 162 179 233 265 79 7 0 106 183 207 173 301 54 0 0 199 242 199 285 74 25 0 0 
491 125 102 170 112 24 0 0 467 136 104 152 142 22 1 0 508 150 143 142 48 28 5 0 
268 40 57 163 449 47 0 0 252 54 53 188 419 58 0 0 279 62 68 483 72 46 14 0 
154 146 41 125 431 127 0 0 193 101 62 89 459 120 0 0 256 94 39 310 300 25 0 0 
57 133 37 192 450 118 23 14 99 45 78 143 457 134 46 22 102 61 163 396 132 70 41 59 
185 110 141 188 354 46 0 0 195 131 117 174 361 46 0 0 212 131 180 357 133 11 0 0 
0 63 77 773 111 0 0 0 0 70 84 833 37 0 0 0 4 106 735 179 0 0 0 0 
0 51 40 625 254 49 4 1 1 52 58 624 243 42 4 0 11 93 475 399 42 3 1 0 
0 0 90 182 719 33 0 0 0 0 49 225 725 25 0 0 0 7 238 740 38 1 0 0 
485 191 112 86 148 2 0 0 428 251 79 131 134 1 0 0 571 141 148 157 7 0 0 0 
342 83 125 117 225 132 0 0 333 92 130 172 173 123 1 0 364 145 110 227 39 108 31 0 
27 54 55 57 734 97 0 0 31 43 57 70 729 93 1 0 37 43 79 671 106 52 36 0 
0 12 60 49 834 69 0 0 0 4 53 44 799 124 0 0 0 0 34 476 354 122 38 0 
0 22 6 212 370 154 67 193 0 2 23 223 359 113 87 217 0 35 176 287 118 38 66 304 
61 19 70 496 364 14 0 0 59 17 76 382 462 28 0 0 7 150 340 460 67 0 0 0 
33 71 189 726 5 0 0 0 121 60 189 651 3 0 0 0 134 147 725 18 0 0 0 0 
0 25 121 778 96 3 0 1 11 27 126 828 31 1 0 0 17 108 691 204 4 0 0 0 
0 0 38 506 480 0 0 0 0 0 34 982 8 0 0 0 0 17 364 642 1 0 0 0 
288 387 157 63 129 0 0 0 293 421 119 167 24 0 0 0 569 259 37 159 0 0 0 0 
18 64 50 71 821 0 0 0 17 77 55 153 722 0 0 0 31 99 61 832 1 0 0 0 
0 6 204 15 795 4 0 0 0 0 199 26 799 0 0 0 0 0 123 752 149 0 0 0 
0 24 209 17 762 12 0 0 0 0 231 17 760 16 0 0 0 0 200 382 422 18 2 0 
0 0 16 176 751 81 0 0 0 0 15 228 690 74 17 0 0 2 86 570 261 55 38 12 
0 0 87 936 1 0 0 0 0 0 59 965 0 0 0 0 0 49 907 68 0 0 0 0 
