0 0 11 144 515 312 42 0 0 3 157 480 265 119 0 0 0 43 486 296 199 0 0 0 
0 0 150 698 176 0 0 0 0 224 675 125 0 0 0 0 12 606 406 0 0 0 0 0 
0 1 120 274 46 170 283 130 1 147 244 42 144 91 355 0 19 349 50 100 115 138 253 0 
0 0 4 31 136 482 367 4 0 7 50 165 427 298 77 0 2 30 132 301 407 142 10 0 
0 6 143 158 234 403 72 8 66 174 141 234 378 30 1 0 200 180 261 345 38 0 0 0 
0 0 21 250 638 115 0 0 1 82 514 405 22 0 0 0 24 314 591 95 0 0 0 0 
0 0 4 27 44 71 442 436 0 5 59 21 51 184 403 301 4 23 57 61 135 301 202 241 
0 5 73 92 144 389 307 14 40 81 98 216 325 203 61 0 82 123 233 322 163 100 1 0 
0 8 145 123 109 461 172 6 37 178 90 131 456 129 3 0 114 161 122 361 252 14 0 0 
0 0 1 130 376 231 213 73 0 31 213 327 186 183 79 5 9 169 342 199 180 108 17 0 
0 0 0 6 62 245 133 578 0 0 10 84 227 98 45 560 0 2 65 191 125 54 84 503 
0 0 0 12 54 162 532 264 0 6 20 48 146 318 402 84 0 10 39 135 164 432 206 38 
0 0 129 266 284 135 104 106 16 307 202 201 96 88 74 40 160 302 234 85 94 84 55 10 
0 0 25 19 23 102 691 164 0 30 16 24 63 358 512 21 9 31 17 42 135 566 218 6 
0 0 0 7 57 92 663 205 0 3 40 20 26 323 484 128 3 32 22 12 134 449 266 106 
0 0 2 51 115 185 180 491 1 30 91 108 117 157 66 454 31 95 112 63 116 110 79 418 
0 0 0 0 0 0 15 1009 0 0 0 0 0 0 69 955 0 0 0 0 0 1 144 879 
0 0 1 3 6 43 283 688 0 1 2 6 23 124 399 469 1 2 4 7 53 173 507 277 
0 24 507 381 110 2 0 0 11 520 393 99 1 0 0 0 140 634 241 9 0 0 0 0 
0 109 686 226 3 0 0 0 10 672 334 8 0 0 0 0 201 752 69 2 0 0 0 0 
0 71 321 66 22 253 132 159 49 330 78 20 240 44 260 3 189 248 30 229 50 115 163 0 
0 0 0 2 17 547 444 14 0 0 2 17 566 399 40 0 0 0 15 353 488 168 0 0 
0 0 19 36 256 522 185 6 3 31 54 312 447 173 3 1 16 43 290 419 236 19 1 0 
0 2 32 211 506 168 103 2 12 51 481 291 84 97 8 0 28 370 378 129 53 66 0 0 
1 32 20 41 79 45 420 386 35 22 72 41 51 107 443 253 43 59 53 72 73 366 160 198 
6 91 17 31 79 232 358 210 94 19 55 114 232 202 267 41 105 58 152 191 162 141 209 6 
0 0 0 14 90 351 424 145 0 2 32 109 292 318 265 6 0 19 102 189 314 270 130 0 
0 0 10 274 77 159 378 126 2 240 90 47 153 352 81 59 70 240 46 64 219 265 115 5 
0 0 0 12 38 122 230 622 0 0 12 37 114 201 90 570 0 4 26 76 152 144 102 520 
0 0 0 3 6 47 265 703 0 0 4 4 29 114 293 580 0 0 7 25 39 211 260 482 
0 0 24 31 21 12 183 753 0 33 25 18 10 47 201 690 21 23 24 13 17 114 227 585 
0 0 1 3 15 46 340 619 0 3 6 19 33 165 497 301 0 4 16 30 47 191 558 178 
0 0 70 136 28 115 567 108 17 108 81 29 69 173 502 45 51 123 44 26 102 179 464 35 
0 2 107 80 34 73 302 426 10 128 52 24 74 161 159 416 47 125 22 41 67 240 66 416 
0 0 0 0 0 39 219 766 0 0 0 8 35 116 348 517 0 0 16 41 81 241 299 346 
0 0 5 7 14 44 304 650 0 5 7 13 43 112 467 377 1 9 8 19 84 240 445 218 
56 107 328 352 145 36 0 0 98 345 372 165 44 0 0 0 217 491 235 79 2 0 0 0 
0 91 636 187 85 25 0 0 26 673 214 87 24 0 0 0 268 613 73 70 0 0 0 0 
0 124 295 62 52 264 117 110 65 367 54 54 248 38 198 0 204 264 45 249 51 142 69 0 
0 0 0 9 92 314 586 23 0 0 10 89 253 430 242 0 0 9 65 211 404 316 19 0 
0 0 0 48 305 571 91 9 0 0 83 283 490 159 9 0 0 60 256 439 260 9 0 0 
0 1 26 160 470 361 6 0 10 26 223 526 234 5 0 0 22 147 443 405 7 0 0 0 
0 0 2 48 90 43 391 450 0 15 51 98 18 26 470 346 7 43 75 57 20 356 166 300 
0 0 0 5 23 169 585 242 0 0 7 26 176 443 295 77 0 4 15 147 413 249 171 25 
0 0 0 0 15 254 665 90 0 0 0 22 225 526 233 18 0 0 14 155 419 404 28 4 
0 0 0 0 15 248 648 113 0 0 1 44 200 514 253 12 0 0 43 145 291 480 64 1 
0 0 0 1 62 153 215 593 0 0 11 83 118 181 76 555 0 2 61 102 141 129 126 463 
0 0 0 1 13 24 365 621 0 0 2 13 18 160 558 273 0 0 7 22 82 411 360 142 
0 3 3 15 38 93 414 458 3 9 9 34 68 278 381 242 5 13 19 48 203 321 351 64 
0 0 19 80 124 202 296 303 1 66 71 126 180 156 369 55 37 77 116 157 154 130 337 16 
0 19 292 206 72 58 272 105 112 378 33 75 50 37 322 17 212 296 43 78 39 60 284 12 
0 0 214 136 60 6 160 448 20 268 77 48 3 32 158 418 77 243 58 36 2 75 117 416 
0 0 0 0 0 6 110 908 0 0 0 0 0 26 210 788 0 0 0 0 7 63 254 700 
0 0 3 5 5 38 243 730 0 5 5 4 19 110 238 643 5 7 6 10 45 145 272 534 
169 221 443 148 39 4 0 0 175 553 200 88 8 0 0 0 384 475 147 14 4 0 0 0 
15 545 318 87 55 4 0 0 109 697 153 63 2 0 0 0 565 339 91 29 0 0 0 0 
1 384 90 63 54 269 136 27 122 340 71 64 258 36 133 0 388 111 69 260 44 144 8 0 
0 0 0 16 232 517 235 24 0 0 14 161 550 221 78 0 0 7 132 527 258 100 0 0 
32 27 33 184 407 217 120 4 59 41 220 396 213 90 5 0 67 144 454 211 139 7 2 0 
86 85 46 296 311 76 120 4 162 52 407 220 55 122 6 0 178 233 392 75 109 37 0 0 
0 0 7 89 89 28 407 404 0 25 126 36 28 44 493 272 11 107 59 27 36 386 237 161 
0 0 0 0 15 120 719 170 0 0 0 14 125 529 355 1 0 0 10 89 436 417 72 0 
0 0 0 4 20 86 729 185 0 0 4 24 49 599 315 33 0 3 17 31 325 523 125 0 
0 0 17 105 167 174 399 162 14 103 182 102 81 251 226 65 68 206 124 68 141 300 106 11 
0 0 37 153 143 172 350 169 27 161 121 171 245 193 38 68 143 158 178 254 181 26 40 44 
0 0 0 0 13 185 345 481 0 0 9 39 238 133 422 183 3 97 118 86 86 205 353 76 
1 90 12 29 45 86 369 392 92 10 42 43 63 205 405 164 94 21 52 53 130 219 376 79 
1 203 65 40 60 85 266 304 207 57 48 68 62 112 343 127 229 47 52 71 61 157 293 114 
0 36 73 147 84 130 268 286 40 189 39 75 110 94 342 135 93 150 49 86 94 102 332 118 
0 1 36 82 34 23 208 640 2 78 54 14 14 48 342 472 32 83 27 12 16 68 326 460 
0 0 0 0 1 11 200 812 0 0 0 0 7 62 308 647 0 0 0 1 17 153 310 543 
0 0 0 0 6 45 348 625 0 0 0 2 22 199 341 460 0 0 0 9 81 274 262 398 
0 46 412 366 156 44 0 0 9 493 360 120 42 0 0 0 186 579 188 69 2 0 0 0 
0 424 489 69 38 4 0 0 258 622 98 41 3 2 0 0 557 395 62 6 4 0 0 0 
0 186 401 52 28 258 97 2 190 406 49 25 247 92 15 0 380 235 44 250 35 80 0 0 
0 11 147 165 148 280 273 0 87 165 141 101 227 301 2 0 186 190 86 216 261 85 0 0 
0 7 76 106 224 589 22 0 25 133 68 313 474 11 0 0 101 97 198 602 26 0 0 0 
0 0 18 75 360 566 5 0 24 65 95 620 220 0 0 0 74 102 326 522 0 0 0 0 
0 0 26 35 109 126 392 336 0 42 34 152 68 124 367 237 38 30 85 133 50 335 295 58 
0 10 72 102 154 231 277 178 34 85 144 186 142 117 293 23 87 154 204 113 87 231 145 3 
0 5 109 228 174 178 288 42 47 237 158 163 98 191 130 0 176 224 162 117 116 209 20 0 
0 0 56 277 369 243 78 1 45 300 404 222 39 14 0 0 186 501 262 60 12 3 0 0 
0 0 0 9 112 239 491 173 0 30 143 190 313 345 3 0 9 130 193 342 332 18 0 0 
0 0 13 60 102 159 385 305 14 75 85 34 135 272 290 119 66 99 52 102 204 199 244 58 
0 4 227 162 120 120 133 258 162 138 151 74 88 130 240 41 219 160 110 61 141 64 265 4 
0 0 68 135 45 125 320 331 0 129 85 30 102 259 360 59 1 163 57 70 137 230 331 35 
0 0 8 156 172 123 355 210 0 37 180 117 87 259 286 58 0 78 191 98 88 275 261 33 
0 0 0 2 10 74 151 787 0 0 3 8 55 98 270 590 0 0 7 17 67 100 339 494 
0 11 65 55 44 46 87 716 37 66 36 41 36 49 158 601 58 60 43 39 43 50 203 528 
0 0 0 0 11 42 162 809 0 0 0 4 12 55 309 644 0 0 0 10 29 95 361 529 
0 135 270 424 180 15 0 0 84 394 401 129 16 0 0 0 233 479 290 17 5 0 0 0 
32 262 217 419 90 4 0 0 150 439 344 85 6 0 0 0 293 586 130 10 5 0 0 0 
2 139 155 330 93 260 45 0 119 248 267 106 236 48 0 0 189 386 94 294 55 6 0 0 
0 61 226 168 279 176 114 0 148 194 163 240 153 122 4 0 217 218 247 186 123 33 0 0 
0 1 93 240 430 217 43 0 40 221 140 433 147 43 0 0 160 200 290 296 78 0 0 0 
0 0 92 137 275 418 102 0 164 125 116 234 293 92 0 0 249 144 79 430 117 5 0 0 
0 0 16 59 46 197 514 192 2 53 47 37 187 234 444 20 42 40 34 181 87 437 203 0 
0 8 137 153 155 112 370 89 60 164 142 133 76 217 232 0 166 166 151 86 59 328 68 0 
0 14 100 129 157 132 371 121 57 145 108 163 64 307 166 14 124 143 171 77 61 336 112 0 
0 25 24 80 320 387 182 6 32 104 294 355 204 35 0 0 73 350 435 152 13 1 0 0 
1 83 77 87 127 198 375 76 136 117 132 170 208 230 19 12 194 139 195 233 228 18 17 0 
0 0 0 8 38 184 452 342 2 22 23 102 190 319 227 139 11 61 126 226 209 124 218 49 
0 5 114 27 57 36 72 713 91 34 34 42 32 47 132 612 107 28 47 29 43 39 258 473 
0 0 12 58 24 48 94 788 0 16 54 11 46 39 131 727 0 56 15 39 29 56 199 630 
0 0 0 51 71 70 117 715 0 0 53 68 61 101 43 698 0 30 68 66 58 81 122 599 
0 0 0 0 14 39 68 903 0 0 2 14 29 36 115 828 0 1 11 23 23 41 150 775 
0 0 0 10 136 277 57 544 1 102 218 101 24 8 45 525 28 297 88 23 12 10 65 501 
0 0 0 16 129 91 55 733 2 11 96 88 53 27 72 675 9 92 84 59 8 39 117 616 
0 108 352 317 247 0 0 0 149 376 367 132 0 0 0 0 292 392 340 0 0 0 0 0 
0 72 312 538 102 0 0 0 128 349 487 60 0 0 0 0 260 512 249 3 0 0 0 0 
1 161 222 182 209 249 0 0 245 160 290 100 229 0 0 0 323 202 222 262 15 0 0 0 
4 221 218 184 134 115 148 0 309 229 155 72 88 171 0 0 400 215 138 61 210 0 0 0 
2 246 246 135 158 236 1 0 349 195 112 184 184 0 0 0 450 145 136 283 10 0 0 0 
0 173 341 71 25 384 30 0 360 185 50 30 393 6 0 0 462 100 43 255 164 0 0 0 
0 15 107 36 58 141 488 179 63 69 41 46 127 262 416 0 105 43 60 44 185 421 166 0 
0 15 296 225 147 157 169 15 188 309 149 98 106 129 45 0 351 280 129 60 87 107 10 0 
0 6 39 150 579 153 85 12 237 221 290 132 47 44 53 0 338 400 135 30 42 68 11 0 
1 154 33 37 127 353 291 28 159 50 97 279 275 164 0 0 189 148 307 270 110 0 0 0 
27 418 85 84 173 131 103 3 491 161 178 68 81 45 0 0 559 282 74 91 18 0 0 0 
0 0 0 0 20 691 230 83 185 309 54 177 132 130 37 0 28 542 196 147 76 35 0 0 
0 0 0 0 9 353 101 561 143 173 22 24 18 72 77 495 21 296 32 17 40 79 91 448 
0 0 0 0 0 8 248 768 0 0 0 0 0 47 298 679 0 0 0 0 2 125 253 644 
0 0 0 0 0 49 148 827 0 0 0 0 9 115 97 803 0 0 0 0 33 140 58 793 
0 0 0 4 24 129 63 804 0 0 3 18 114 66 60 763 0 0 8 39 126 37 68 746 
0 0 0 18 223 466 111 206 0 215 215 338 0 2 106 148 62 466 227 13 0 4 104 148 
0 0 0 107 198 404 217 98 3 72 152 361 287 46 36 67 22 221 420 202 17 46 54 42 
62 28 195 690 49 0 0 0 80 324 617 3 0 0 0 0 117 769 138 0 0 0 0 0 
31 181 460 352 0 0 0 0 172 718 134 0 0 0 0 0 235 776 13 0 0 0 0 0 
7 124 187 489 74 143 0 0 116 269 429 139 71 0 0 0 135 640 78 171 0 0 0 0 
0 0 15 160 226 563 60 0 0 14 167 257 508 78 0 0 0 120 167 497 240 0 0 0 
0 35 83 159 315 369 63 0 55 76 168 392 299 34 0 0 75 143 236 478 86 6 0 0 
2 264 279 42 270 70 97 0 392 151 53 268 62 98 0 0 463 104 106 236 102 13 0 0 
0 22 166 38 89 50 618 41 169 36 19 94 44 405 257 0 176 32 31 111 71 575 28 0 
0 0 7 25 32 73 833 54 2 20 19 42 44 451 446 0 14 20 32 35 71 798 54 0 
0 0 2 51 774 177 15 5 876 58 20 48 10 12 0 0 871 75 37 22 18 1 0 0 
3 66 18 121 376 341 51 48 674 165 53 39 30 42 21 0 634 246 45 32 38 25 4 0 
6 80 13 18 197 710 0 0 883 127 13 1 0 0 0 0 364 647 13 0 0 0 0 0 
0 0 0 0 19 999 6 0 947 46 25 6 0 0 0 0 207 803 14 0 0 0 0 0 
0 0 0 0 20 634 67 303 414 200 18 8 27 51 96 210 62 548 22 13 37 56 129 157 
0 0 0 0 0 18 184 822 0 0 0 0 0 83 193 748 0 0 0 0 15 146 109 754 
0 0 0 0 12 60 170 782 0 0 0 0 34 116 110 764 0 0 0 23 39 143 79 740 
0 0 0 1 27 66 69 861 0 0 4 16 70 41 91 802 0 0 14 30 63 31 63 823 
0 0 0 9 55 124 80 756 5 43 77 92 19 13 52 723 19 102 94 13 17 16 46 717 
0 0 0 17 47 97 167 696 0 1 39 79 117 76 37 675 0 33 90 101 65 41 40 654 
432 324 124 127 17 0 0 0 735 152 137 0 0 0 0 0 780 173 71 0 0 0 0 0 
447 533 43 1 0 0 0 0 862 153 9 0 0 0 0 0 906 112 6 0 0 0 0 0 
248 516 69 55 105 31 0 0 673 148 61 120 22 0 0 0 742 117 60 103 2 0 0 0 
0 11 170 396 170 245 32 0 0 87 478 195 218 46 0 0 25 432 229 180 158 0 0 0 
6 18 180 564 251 5 0 0 24 162 725 112 1 0 0 0 65 661 295 3 0 0 0 0 
158 467 350 28 19 2 0 0 880 98 33 13 0 0 0 0 928 59 32 5 0 0 0 0 
0 35 360 34 17 83 476 19 394 16 22 16 70 319 187 0 400 16 23 24 83 444 34 0 
0 1 61 543 245 52 118 4 295 446 80 48 36 53 66 0 505 293 51 41 35 99 0 0 
0 8 55 100 746 42 57 16 715 100 108 26 46 29 0 0 703 192 47 47 28 7 0 0 
0 0 5 22 177 386 245 189 404 82 62 54 102 209 111 0 234 300 43 86 184 176 1 0 
0 0 0 0 131 891 2 0 996 20 7 1 0 0 0 0 179 837 7 1 0 0 0 0 
0 0 0 0 75 949 0 0 962 62 0 0 0 0 0 0 175 849 0 0 0 0 0 0 
0 0 0 0 30 743 127 124 504 191 11 22 48 108 61 79 5 690 13 31 80 90 60 55 
0 0 1 21 24 75 271 632 0 0 19 24 32 193 196 560 0 6 20 22 69 226 180 501 
0 0 2 16 10 129 281 586 0 3 18 9 61 259 171 503 0 7 17 11 133 226 151 479 
0 0 3 27 49 76 108 761 0 7 31 42 62 82 81 719 3 24 32 46 61 75 84 699 
0 0 4 3 6 4 7 1000 0 5 4 4 5 6 7 993 2 3 5 3 6 7 10 988 
0 0 4 6 21 18 22 953 0 6 8 22 14 10 24 940 4 7 10 21 12 13 27 930 
112 67 274 571 0 0 0 0 162 548 314 0 0 0 0 0 178 844 2 0 0 0 0 0 
138 109 124 584 69 0 0 0 254 143 607 20 0 0 0 0 288 518 218 0 0 0 0 0 
136 121 74 92 600 1 0 0 254 94 152 524 0 0 0 0 281 107 609 27 0 0 0 0 
8 150 165 102 345 254 0 0 163 182 101 435 143 0 0 0 214 172 186 450 2 0 0 0 
0 176 206 49 147 445 1 0 201 184 66 127 440 6 0 0 284 134 102 241 263 0 0 0 
4 226 164 53 67 346 164 0 330 79 57 67 231 260 0 0 359 67 60 113 314 111 0 0 
0 51 201 113 105 123 418 13 217 90 122 50 125 353 67 0 248 110 107 40 146 363 10 0 
0 19 298 189 73 112 313 20 325 172 54 51 94 187 141 0 406 116 57 75 121 222 27 0 
0 3 127 449 106 103 205 31 571 64 42 75 87 141 44 0 587 66 67 91 111 93 9 0 
0 0 0 25 92 63 244 600 86 28 29 31 67 382 370 31 90 39 28 49 226 539 53 0 
0 0 0 6 91 762 45 120 454 387 22 12 19 43 87 0 116 725 23 15 39 101 5 0 
0 0 0 0 72 952 0 0 622 402 0 0 0 0 0 0 86 938 0 0 0 0 0 0 
0 2 28 17 110 652 101 114 382 310 34 53 33 75 60 77 56 641 45 47 45 75 46 69 
0 0 20 38 185 188 341 252 13 18 88 145 131 223 304 102 13 32 162 121 158 256 200 82 
0 0 0 43 196 207 297 281 0 0 103 141 145 229 257 149 0 15 156 133 170 263 162 125 
0 0 6 47 85 181 231 474 0 5 73 59 155 176 148 408 0 51 59 80 156 213 63 402 
1 34 98 98 132 177 151 333 37 138 106 162 119 46 148 268 89 157 164 117 53 48 129 267 
3 172 207 133 170 177 147 15 148 256 200 153 183 70 13 1 239 296 203 183 71 27 5 0 
54 814 94 62 0 0 0 0 700 289 35 0 0 0 0 0 802 222 0 0 0 0 0 0 
53 722 55 181 13 0 0 0 762 71 190 1 0 0 0 0 769 170 85 0 0 0 0 0 
33 717 70 30 173 1 0 0 766 56 36 166 0 0 0 0 802 26 180 16 0 0 0 0 
0 319 370 27 150 158 0 0 334 362 21 177 130 0 0 0 512 196 81 235 0 0 0 0 
0 495 115 22 35 356 1 0 507 104 22 40 346 5 0 0 560 62 22 137 243 0 0 0 
2 427 55 9 13 295 223 0 467 16 10 11 173 347 0 0 472 13 9 15 440 75 0 0 
1 156 45 204 144 63 405 6 164 122 196 88 42 395 17 0 187 232 142 39 37 387 0 0 
0 0 0 1 35 242 574 172 0 0 3 87 222 409 303 0 0 1 86 238 336 353 10 0 
0 0 0 0 4 39 336 645 0 0 0 6 34 148 740 96 0 0 0 38 93 531 358 4 
0 0 0 4 20 75 323 602 2 7 14 22 78 218 507 176 4 12 20 70 228 378 312 0 
0 0 0 1 315 450 127 131 491 220 14 23 68 64 144 0 143 573 25 65 63 155 0 0 
0 0 0 0 160 859 5 0 889 134 1 0 0 0 0 0 113 906 5 0 0 0 0 0 
0 5 27 15 176 386 52 363 421 155 19 10 14 20 104 281 89 482 26 9 18 17 106 277 
0 0 136 43 41 29 67 708 93 49 33 41 24 27 180 577 110 34 43 36 20 32 184 565 
0 0 80 93 40 21 73 717 61 100 38 21 19 12 131 642 118 51 43 14 18 10 139 631 
0 0 30 140 62 74 102 616 8 135 73 28 74 15 186 505 81 93 52 39 56 20 179 504 
12 67 49 160 47 63 74 552 81 190 32 48 52 14 144 463 165 118 33 56 38 9 138 467 
1 64 184 192 20 17 165 381 81 328 35 16 17 25 317 205 199 230 18 17 22 34 242 262 
274 638 20 73 19 0 0 0 893 31 58 42 0 0 0 0 907 22 90 5 0 0 0 0 
277 742 2 3 0 0 0 0 1015 5 3 1 0 0 0 0 1013 7 3 1 0 0 0 0 
38 955 31 0 0 0 0 0 1006 18 0 0 0 0 0 0 1021 3 0 0 0 0 0 0 
7 638 379 0 0 0 0 0 681 343 0 0 0 0 0 0 797 227 0 0 0 0 0 0 
2 1007 15 0 0 0 0 0 1023 1 0 0 0 0 0 0 1023 1 0 0 0 0 0 0 
0 655 369 0 0 0 0 0 969 55 0 0 0 0 0 0 988 36 0 0 0 0 0 0 
0 42 563 418 1 0 0 0 367 579 78 0 0 0 0 0 454 569 1 0 0 0 0 0 
0 5 210 71 178 193 347 20 35 209 91 176 161 259 93 0 104 177 186 157 195 204 1 0 
0 0 0 0 0 58 488 478 0 0 0 0 65 260 541 158 0 0 0 28 191 454 347 4 
0 6 101 8 9 17 313 570 100 10 7 8 16 187 424 272 105 9 8 10 104 343 429 16 
0 14 669 243 33 8 43 14 936 16 5 7 4 26 30 0 905 50 3 8 12 46 0 0 
0 0 168 707 84 65 0 0 1000 24 0 0 0 0 0 0 892 132 0 0 0 0 0 0 
0 0 7 466 343 74 8 126 435 116 246 85 8 10 39 85 382 235 253 12 11 7 43 81 
0 0 1 82 552 37 42 310 0 3 390 257 17 17 76 264 0 84 510 64 14 19 100 233 
0 0 0 108 410 30 16 460 0 22 271 237 14 14 55 411 0 112 334 87 16 11 98 366 
0 0 0 82 191 164 83 504 0 23 136 196 78 20 148 423 0 75 156 191 14 35 172 381 
0 0 0 0 40 280 57 647 0 0 0 95 217 21 217 474 0 0 10 247 66 19 130 552 
0 1 5 37 183 118 265 415 0 3 31 199 95 52 541 103 1 15 106 165 59 49 428 201 
0 0 0 229 794 1 0 0 0 0 148 873 3 0 0 0 0 0 733 291 0 0 0 0 
1 30 10 15 662 306 0 0 25 13 10 496 480 0 0 0 29 11 52 828 104 0 0 0 
14 146 16 10 68 769 1 0 156 16 11 17 694 130 0 0 157 19 9 125 713 1 0 0 
0 275 36 8 9 457 239 0 282 28 9 7 103 595 0 0 282 28 9 8 292 405 0 0 
0 315 130 9 11 32 526 1 392 54 8 11 8 426 125 0 426 20 9 10 13 512 34 0 
0 255 314 25 9 8 377 36 481 101 12 9 7 44 370 0 498 87 11 8 7 83 330 0 
0 14 495 225 6 9 112 163 238 485 12 8 7 12 221 41 342 388 5 9 6 12 218 44 
0 186 473 147 21 26 46 125 440 342 28 18 26 38 41 91 517 276 22 20 42 23 22 102 
0 48 237 279 205 22 47 186 211 283 201 78 18 13 120 100 293 288 178 17 20 27 162 39 
0 1 250 501 151 34 8 79 208 499 151 74 6 7 30 49 354 461 114 6 6 8 68 7 
0 0 863 161 0 0 0 0 939 83 2 0 0 0 0 0 976 48 0 0 0 0 0 0 
0 0 518 506 0 0 0 0 1024 0 0 0 0 0 0 0 1024 0 0 0 0 0 0 0 
0 0 61 579 384 0 0 0 505 117 397 5 0 0 0 0 521 186 317 0 0 0 0 0 
0 0 0 98 922 4 0 0 0 0 933 91 0 0 0 0 0 140 884 0 0 0 0 0 
0 0 0 226 793 5 0 0 0 2 851 171 0 0 0 0 0 139 880 5 0 0 0 0 
0 0 1 372 583 68 0 0 0 138 492 394 0 0 0 0 0 320 418 286 0 0 0 0 
0 0 2 532 435 55 0 0 2 391 307 317 7 0 0 0 33 518 369 104 0 0 0 0 
0 0 8 828 188 0 0 0 0 368 622 34 0 0 0 0 7 792 225 0 0 0 0 0 
0 0 0 253 771 0 0 0 0 0 155 869 0 0 0 0 0 0 787 237 0 0 0 0 
0 0 0 0 642 382 0 0 0 0 0 479 545 0 0 0 0 0 2 929 93 0 0 0 
0 0 0 0 0 1024 0 0 0 0 0 0 848 176 0 0 0 0 0 45 979 0 0 0 
0 0 0 0 0 689 335 0 0 0 0 0 23 1001 0 0 0 0 0 0 442 582 0 0 
0 0 0 0 0 38 985 1 0 0 0 0 0 838 186 0 0 0 0 0 6 967 51 0 
0 0 0 0 0 0 971 53 0 0 0 0 0 87 937 0 0 0 0 0 0 300 724 0 
0 0 0 0 0 0 462 562 0 0 0 0 0 0 1005 19 0 0 0 0 0 0 1014 10 
0 0 0 0 0 0 84 940 0 0 0 0 0 0 562 462 0 0 0 0 0 0 618 406 
0 9 6 4 3 5 40 957 11 4 4 3 5 6 93 898 11 4 4 3 5 4 70 923 
0 12 125 12 9 7 16 843 119 21 8 10 4 9 36 817 127 14 9 8 5 10 28 823 
0 0 202 97 9 8 8 700 195 96 9 8 7 7 10 692 244 46 11 8 7 6 11 691 
0 0 206 241 9 9 10 549 241 197 9 9 9 8 10 541 359 80 9 8 9 8 9 542 
0 0 172 345 92 10 12 393 246 246 109 8 10 8 10 387 381 147 77 4 10 10 9 386 
0 0 162 262 347 10 9 234 97 173 489 11 9 9 10 226 188 192 381 10 9 8 9 227 
0 0 149 552 236 6 10 71 71 219 629 16 9 8 10 62 164 306 460 6 9 9 8 62 
0 0 38 644 342 0 0 0 11 400 430 183 0 0 0 0 132 426 450 16 0 0 0 0 
0 0 321 575 128 0 0 0 228 576 202 18 0 0 0 0 470 415 138 1 0 0 0 0 
0 0 459 561 4 0 0 0 33 953 38 0 0 0 0 0 306 711 7 0 0 0 0 0 
