991 19 14 0 0 0 0 0 997 27 0 0 0 0 0 0 1021 3 0 0 0 0 0 0 
452 155 348 64 5 0 0 0 477 489 55 3 0 0 0 0 976 48 0 0 0 0 0 0 
7 34 327 578 31 25 22 0 19 618 320 27 35 5 0 0 886 89 38 11 0 0 0 0 
0 12 513 114 211 75 86 13 22 546 244 62 106 44 0 0 577 269 116 49 13 0 0 0 
0 178 399 403 11 11 19 3 137 820 22 13 12 17 3 0 964 18 11 18 11 2 0 0 
0 0 17 286 277 92 347 5 0 176 376 68 309 95 0 0 296 301 261 166 0 0 0 0 
5 15 14 440 139 135 245 31 5 252 278 87 231 159 12 0 442 129 227 170 49 7 0 0 
0 92 48 374 187 133 186 4 36 134 483 62 233 71 5 0 492 196 231 92 10 3 0 0 
202 811 11 0 0 0 0 0 645 379 0 0 0 0 0 0 1024 0 0 0 0 0 0 0 
142 421 236 56 102 57 10 0 309 505 84 109 11 6 0 0 788 153 68 9 6 0 0 0 
237 738 24 17 8 0 0 0 820 183 19 2 0 0 0 0 998 26 0 0 0 0 0 0 
4 508 345 57 78 32 0 0 82 784 68 75 15 0 0 0 873 125 23 3 0 0 0 0 
64 90 479 107 54 59 152 19 98 526 91 73 67 127 42 0 587 122 94 54 149 18 0 0 
41 72 369 170 50 83 239 0 82 484 92 60 177 129 0 0 567 114 183 65 95 0 0 0 
5 12 715 99 32 43 114 4 28 759 54 33 79 66 5 0 792 61 94 40 36 1 0 0 
0 0 9 707 148 37 123 0 0 467 387 26 128 16 0 0 821 56 135 12 0 0 0 0 
2 7 9 301 298 105 282 20 2 53 513 67 305 57 27 0 456 130 324 60 45 9 0 0 
3 16 51 53 232 124 501 44 2 58 205 120 416 186 37 0 74 271 419 201 50 9 0 0 
21 169 206 136 103 125 251 13 103 247 141 53 181 275 24 0 312 178 111 168 252 3 0 0 
3 86 265 116 119 181 254 0 40 283 125 106 304 166 0 0 312 135 239 257 81 0 0 0 
70 831 84 24 9 6 0 0 573 409 28 14 0 0 0 0 969 53 2 0 0 0 0 0 
29 267 232 101 115 141 138 1 68 474 87 121 137 125 12 0 553 127 140 93 110 1 0 0 
72 52 422 239 65 54 107 13 93 532 160 65 90 61 23 0 647 157 108 33 72 7 0 0 
30 41 383 246 102 60 132 30 51 508 188 63 93 100 21 0 617 164 113 81 46 3 0 0 
10 67 315 97 92 167 171 105 40 346 91 140 176 189 42 0 389 180 203 183 67 2 0 0 
21 44 57 151 281 191 171 108 33 105 309 181 211 163 22 0 317 238 239 189 37 4 0 0 
3 23 13 41 552 121 152 119 8 22 502 140 117 214 20 1 441 185 137 205 52 3 1 0 
0 6 5 19 563 93 200 138 0 8 545 89 89 282 11 0 513 110 97 284 16 4 0 0 
0 506 454 16 9 9 21 9 367 603 12 8 9 24 1 0 971 14 13 26 0 0 0 0 
0 650 283 91 0 0 0 0 493 463 68 0 0 0 0 0 963 61 0 0 0 0 0 0 
4 605 162 97 109 45 2 0 263 507 76 105 71 2 0 0 786 85 84 69 0 0 0 0 
40 153 260 103 99 123 227 19 87 337 129 96 164 172 39 0 403 177 162 101 178 3 0 0 
8 34 140 298 90 82 297 75 20 167 319 65 98 244 111 0 276 241 123 89 291 4 0 0 
9 5 194 260 192 96 141 127 14 348 242 95 93 199 33 0 405 256 131 160 70 2 0 0 
0 47 644 248 11 20 20 34 48 886 8 16 17 49 0 0 937 14 20 52 1 0 0 0 
0 0 4 180 335 198 274 33 0 132 354 155 305 44 31 3 428 182 294 80 30 8 2 0 
0 0 0 0 186 139 626 73 0 0 180 82 427 280 51 4 156 90 292 402 64 19 1 0 
0 0 1 7 16 94 689 217 0 1 16 40 431 452 80 4 7 28 388 482 90 29 0 0 
0 159 298 53 64 97 142 211 116 365 31 38 96 246 132 0 475 43 55 207 206 38 0 0 
0 266 58 77 87 178 338 20 233 92 58 94 241 295 11 0 329 79 129 310 177 0 0 0 
0 555 220 141 62 45 1 0 194 588 119 89 29 5 0 0 815 107 78 23 1 0 0 0 
32 199 300 100 66 57 228 42 60 426 135 84 66 204 49 0 479 157 113 74 201 0 0 0 
67 130 101 109 77 165 253 122 118 148 135 123 169 216 115 0 254 188 179 135 256 12 0 0 
31 47 82 202 93 87 210 272 61 156 158 101 96 301 134 17 199 210 118 254 188 45 10 0 
0 7 204 92 86 126 295 214 25 243 67 72 155 332 102 28 255 81 124 344 149 47 13 11 
0 1 15 166 155 108 306 273 0 111 206 59 106 330 199 13 187 136 81 306 258 49 6 1 
0 0 5 78 337 164 237 203 1 50 338 102 170 194 164 5 133 296 158 239 175 18 3 2 
0 1 6 93 333 163 182 246 0 17 317 151 142 245 152 0 129 263 173 247 206 6 0 0 
0 222 313 16 16 37 130 290 118 428 12 16 30 251 162 7 542 21 19 198 189 51 4 0 
0 614 149 9 13 45 182 12 491 275 8 12 134 98 6 0 763 15 110 93 42 1 0 0 
49 435 162 149 146 62 21 0 396 262 100 128 99 29 10 0 696 90 124 83 19 12 0 0 
42 333 287 93 88 104 77 0 122 483 149 110 114 38 8 0 568 239 141 34 42 0 0 0 
31 161 134 232 165 218 78 5 109 262 243 205 184 21 0 0 407 343 251 23 0 0 0 0 
6 45 177 393 99 94 145 65 47 521 120 67 159 107 3 0 594 130 185 107 7 1 0 0 
0 141 771 47 18 16 12 19 122 831 14 16 12 13 10 6 952 19 17 9 13 9 5 0 
0 0 30 117 161 214 502 0 2 108 110 210 297 297 0 0 137 241 244 402 0 0 0 0 
0 0 0 0 9 96 733 186 0 0 0 40 170 781 30 3 0 19 117 829 44 10 3 2 
0 0 0 0 12 91 630 291 0 0 0 37 153 782 46 6 0 18 87 805 93 13 6 2 
0 239 411 89 44 34 97 110 97 603 51 40 34 189 9 1 698 67 35 186 32 4 2 0 
0 703 100 37 62 64 48 10 604 197 37 64 58 55 8 1 788 66 67 68 28 6 1 0 
278 365 281 82 18 0 0 0 430 436 122 33 3 0 0 0 823 172 28 1 0 0 0 0 
0 20 434 108 99 151 207 5 7 438 144 99 115 211 10 0 417 250 47 154 156 0 0 0 
57 217 158 83 168 144 187 10 207 222 175 146 113 149 12 0 441 314 75 59 134 1 0 0 
30 31 145 122 136 150 377 33 55 173 136 143 233 259 24 1 249 203 231 227 105 8 1 0 
0 118 167 75 82 189 322 71 102 169 67 112 286 233 51 4 249 82 304 257 114 14 4 0 
0 12 61 115 168 222 334 112 1 90 139 163 264 307 56 4 83 200 256 370 92 22 1 0 
5 27 50 117 312 200 257 56 35 82 244 246 165 229 21 2 77 431 202 249 56 7 1 1 
1 27 32 136 137 322 343 26 23 106 154 123 321 274 23 0 69 216 341 330 66 2 0 0 
0 84 78 111 171 247 325 8 57 82 109 193 422 155 5 1 132 132 483 241 32 3 1 0 
0 113 121 123 263 361 36 7 98 87 147 338 282 63 4 5 124 309 371 200 12 3 4 1 
433 536 51 4 0 0 0 0 622 401 1 0 0 0 0 0 1019 5 0 0 0 0 0 0 
0 6 532 486 0 0 0 0 1 935 88 0 0 0 0 0 1020 4 0 0 0 0 0 0 
0 16 194 146 338 330 0 0 3 278 220 333 190 0 0 0 391 525 108 0 0 0 0 0 
0 0 213 225 150 405 31 0 1 421 19 329 246 8 0 0 432 421 152 19 0 0 0 0 
0 482 409 19 77 36 1 0 327 565 40 64 27 1 0 0 893 85 41 5 0 0 0 0 
0 0 110 168 393 349 4 0 0 171 297 536 18 2 0 0 246 724 47 7 0 0 0 0 
0 0 0 42 368 614 0 0 0 5 138 881 0 0 0 0 34 846 144 0 0 0 0 0 
0 0 0 0 601 423 0 0 0 0 147 877 0 0 0 0 0 944 80 0 0 0 0 0 
0 549 190 11 50 219 5 0 361 385 17 162 99 0 0 0 749 150 125 0 0 0 0 0 
0 1024 0 0 0 0 0 0 1021 3 0 0 0 0 0 0 1024 0 0 0 0 0 0 0 
