0 0 2 30 805 187 0 0 0 0 2 21 699 302 0 0 0 1 3 282 714 24 0 0 
0 1 9 23 470 380 140 1 0 0 3 39 447 390 144 1 0 0 22 328 373 218 83 0 
0 0 0 171 685 111 57 0 0 0 2 210 642 107 63 0 0 1 125 616 185 82 15 0 
0 0 0 69 725 230 0 0 0 0 0 91 768 165 0 0 0 0 30 548 446 0 0 0 
0 3 4 126 776 115 0 0 0 3 4 205 716 96 0 0 1 3 93 634 293 0 0 0 
0 0 10 175 795 44 0 0 0 0 10 232 761 21 0 0 0 2 133 693 196 0 0 0 
0 0 6 138 625 255 0 0 0 0 6 184 632 202 0 0 0 3 135 485 401 0 0 0 
120 62 112 215 224 211 80 0 136 83 105 186 220 164 130 0 173 109 92 241 147 196 66 0 
29 216 144 199 141 239 53 3 37 218 130 200 137 216 82 4 113 171 173 183 149 197 38 0 
77 83 73 269 347 129 44 2 41 78 76 270 383 120 53 3 16 20 78 443 297 129 34 7 
0 3 16 77 214 602 111 1 0 3 14 67 161 647 130 2 0 9 30 134 615 188 48 0 
56 28 15 26 131 446 322 0 55 27 16 25 145 427 329 0 56 31 16 85 416 303 117 0 
127 73 62 77 200 417 68 0 126 60 74 77 218 392 76 1 119 70 62 90 402 223 58 0 
155 108 56 94 125 435 51 0 149 85 80 98 134 420 57 1 135 67 97 116 392 173 41 3 
88 191 185 229 174 143 14 0 93 192 171 214 167 164 23 0 149 182 184 217 172 109 11 0 
47 317 179 147 89 224 21 0 80 377 86 141 90 209 41 0 218 286 73 160 69 217 1 0 
144 97 172 519 74 15 3 0 61 127 190 533 89 21 3 0 19 39 319 386 183 67 10 1 
0 1 14 172 210 369 239 19 0 0 15 162 204 350 263 30 0 5 88 201 172 371 181 6 
49 94 68 132 183 324 174 0 49 99 62 129 173 318 194 0 77 93 83 164 280 282 45 0 
263 225 119 80 137 167 33 0 242 270 95 78 129 170 40 0 278 237 84 90 154 161 20 0 
209 98 301 158 151 90 17 0 207 120 303 137 139 101 17 0 225 298 199 103 112 73 12 2 
117 99 139 341 270 42 16 0 126 106 140 340 256 47 9 0 137 120 237 333 159 30 8 0 
63 152 491 186 78 54 0 0 99 176 457 161 67 64 0 0 161 341 350 62 81 29 0 0 
158 118 219 438 52 28 10 1 124 131 222 455 56 25 10 1 39 107 498 236 117 27 0 0 
29 34 177 528 154 70 32 0 70 60 210 451 130 67 36 0 78 141 343 310 85 52 15 0 
91 65 167 325 328 41 6 1 167 104 206 293 229 21 4 0 141 190 332 284 70 6 1 0 
555 162 117 111 38 29 11 1 546 169 112 118 37 27 14 1 508 191 179 75 29 35 7 0 
351 131 106 139 158 107 27 5 454 122 166 137 72 57 15 1 507 175 212 99 30 1 0 0 
543 77 198 74 37 78 17 0 556 74 179 83 32 78 22 0 559 130 166 50 51 64 4 0 
29 108 220 270 173 188 32 4 60 99 238 238 146 199 40 4 84 152 331 97 260 80 19 1 
110 158 216 430 86 23 1 0 110 123 266 405 96 22 2 0 79 127 449 231 111 22 5 0 
12 54 117 286 529 22 2 2 26 56 117 296 510 15 2 2 37 87 180 426 287 3 3 1 
30 197 82 133 222 358 2 0 56 199 101 103 333 230 2 0 140 146 110 171 421 36 0 0 
541 441 18 12 9 3 0 0 641 342 15 14 10 2 0 0 845 141 15 13 9 1 0 0 
590 95 83 130 112 14 0 0 961 50 9 4 0 0 0 0 986 28 6 4 0 0 0 0 
155 76 628 57 66 36 6 0 162 387 318 52 52 47 6 0 169 576 159 36 72 12 0 0 
42 83 265 353 214 56 11 0 66 71 309 318 197 49 14 0 85 223 394 165 135 22 0 0 
11 49 45 117 705 97 0 0 8 24 78 109 787 18 0 0 13 66 63 188 693 1 0 0 
0 0 12 67 296 631 18 0 0 0 0 12 542 455 15 0 0 0 0 3 894 124 3 0 
1 22 55 75 324 541 6 0 4 19 1 40 390 566 4 0 16 8 0 77 627 296 0 0 
72 87 174 144 498 49 0 0 77 83 48 285 513 18 0 0 104 82 68 353 417 0 0 0 
138 43 81 216 488 58 0 0 369 75 56 73 449 2 0 0 395 90 61 185 293 0 0 0 
