10 261 586 111 38 18 0 0 20 620 243 88 37 16 0 0 0 547 304 114 33 26 0 0 
0 173 564 97 121 69 0 0 0 173 570 104 111 66 0 0 0 172 564 97 119 72 0 0 
0 20 581 87 153 169 14 0 0 66 545 84 153 164 12 0 0 96 513 82 154 167 12 0 
0 89 678 139 29 72 17 0 50 81 734 45 29 71 14 0 21 87 736 63 29 67 21 0 
0 0 1024 0 0 0 0 0 0 0 1024 0 0 0 0 0 0 0 1024 0 0 0 0 0 
0 0 1019 5 0 0 0 0 0 0 1019 5 0 0 0 0 0 0 1019 5 0 0 0 0 
0 0 995 18 5 6 0 0 0 0 995 18 5 6 0 0 0 0 995 18 5 6 0 0 
0 75 837 33 51 24 4 0 0 154 758 33 51 24 4 0 0 82 830 33 51 24 4 0 
0 70 832 44 17 51 10 0 0 78 828 41 17 55 5 0 0 55 803 86 17 44 19 0 
0 0 983 21 7 9 4 0 0 0 982 22 7 9 4 0 0 0 985 20 6 9 4 0 
0 1 915 89 2 7 9 1 0 1 979 25 2 7 9 1 0 1 947 57 2 7 9 1 
0 0 998 17 4 5 0 0 0 0 998 17 4 5 0 0 0 0 998 17 4 5 0 0 
0 114 773 53 21 55 8 0 0 114 773 53 21 55 8 0 0 114 773 53 21 55 8 0 
0 180 344 359 42 97 2 0 0 203 326 354 43 98 0 0 0 216 293 367 39 104 5 0 
0 22 639 122 45 191 5 0 0 97 575 116 42 190 4 0 0 101 573 100 48 187 15 0 
0 0 672 27 86 239 0 0 0 0 676 25 99 224 0 0 0 16 660 25 52 269 2 0 
0 0 585 39 145 254 1 0 0 0 588 40 161 235 0 0 0 0 582 40 100 302 0 0 
0 0 499 54 300 171 0 0 0 0 499 56 325 144 0 0 0 0 495 52 213 264 0 0 
3 7 423 137 370 84 0 0 4 6 427 127 406 54 0 0 1 4 421 113 324 160 1 0 
2 4 299 148 532 39 0 0 2 4 297 195 497 29 0 0 0 2 281 158 489 94 0 0 
0 25 20 359 588 32 0 0 2 21 40 569 380 12 0 0 0 9 39 522 435 19 0 0 
0 0 0 639 385 0 0 0 0 0 0 860 164 0 0 0 0 0 0 835 189 0 0 0 
79 497 253 93 102 0 0 0 419 361 98 103 43 0 0 0 546 312 32 63 71 0 0 0 
778 246 0 0 0 0 0 0 979 45 0 0 0 0 0 0 1003 21 0 0 0 0 0 0 
409 592 12 3 8 0 0 0 964 44 7 5 4 0 0 0 961 48 6 5 4 0 0 0 
200 713 61 44 6 0 0 0 820 123 38 40 3 0 0 0 810 135 38 38 3 0 0 0 
30 968 16 10 0 0 0 0 641 365 15 3 0 0 0 0 922 83 14 5 0 0 0 0 
0 886 138 0 0 0 0 0 348 676 0 0 0 0 0 0 685 339 0 0 0 0 0 0 
0 784 240 0 0 0 0 0 185 839 0 0 0 0 0 0 501 523 0 0 0 0 0 0 
0 549 196 278 1 0 0 0 180 550 293 1 0 0 0 0 379 435 209 1 0 0 0 0 
0 0 837 187 0 0 0 0 0 808 216 0 0 0 0 0 0 899 125 0 0 0 0 0 
0 19 675 71 259 0 0 0 0 618 118 160 128 0 0 0 95 609 32 160 128 0 0 0 
0 148 105 132 345 265 29 0 81 156 115 153 318 196 5 0 11 156 131 170 278 263 15 0 
0 0 24 226 610 162 2 0 0 0 68 253 556 145 2 0 0 0 43 224 479 266 12 0 
0 0 32 31 247 685 29 0 0 0 32 35 265 673 19 0 0 0 21 29 167 715 92 0 
0 2 132 93 122 628 47 0 0 0 76 139 146 622 41 0 0 0 43 112 137 614 118 0 
0 0 180 179 271 277 108 9 42 21 210 100 284 288 75 4 6 38 214 68 233 354 107 4 
0 4 105 150 311 351 94 9 24 63 132 119 281 343 57 5 3 64 148 103 256 355 88 7 
14 37 80 90 167 517 118 1 2 20 86 112 164 529 111 0 5 24 84 89 167 490 162 3 
0 11 23 80 324 488 98 0 0 0 19 95 318 502 90 0 7 81 138 102 227 341 128 0 
10 173 129 146 235 236 84 11 3 179 157 128 231 236 73 17 0 36 219 192 222 233 102 20 
24 25 194 110 255 316 85 15 21 33 197 114 257 308 79 15 12 37 198 94 236 340 86 21 
0 4 273 52 253 317 124 1 0 18 258 47 246 334 120 1 0 7 268 26 179 339 203 2 
0 55 320 78 123 296 151 1 0 108 273 71 123 304 144 1 0 96 282 67 109 268 195 7 
25 124 112 70 168 375 143 7 28 179 74 104 167 345 123 4 24 167 105 100 144 326 152 6 
12 177 411 106 72 157 79 10 18 241 371 92 62 152 78 10 19 395 251 59 55 130 104 11 
0 5 198 356 249 202 13 1 0 7 257 305 229 212 13 1 19 249 599 127 26 2 2 0 
0 17 274 30 315 368 20 0 0 12 280 30 331 354 17 0 0 14 278 29 216 455 32 0 
0 11 695 156 58 80 22 2 0 20 733 129 41 84 17 0 9 70 771 44 19 77 31 3 
2 2 605 216 79 110 10 0 2 2 606 219 77 109 9 0 2 4 631 196 67 112 12 0 
3 8 681 274 26 32 0 0 3 8 670 285 26 32 0 0 3 8 729 226 26 32 0 0 
0 0 503 521 0 0 0 0 0 0 669 355 0 0 0 0 0 0 657 367 0 0 0 0 
0 0 0 320 704 0 0 0 0 0 0 409 615 0 0 0 0 0 24 366 634 0 0 0 
0 0 0 91 933 0 0 0 0 0 0 379 645 0 0 0 0 0 0 251 773 0 0 0 
106 422 248 103 145 0 0 0 309 368 171 61 115 0 0 0 480 340 36 57 111 0 0 0 
28 145 291 251 302 7 0 0 27 112 320 265 297 3 0 0 30 71 276 339 303 5 0 0 
0 206 403 370 45 0 0 0 0 201 417 386 20 0 0 0 20 382 218 389 15 0 0 0 
0 48 493 424 59 0 0 0 3 326 289 391 15 0 0 0 0 206 386 406 26 0 0 0 
0 243 455 132 136 54 4 0 6 473 245 115 129 52 4 0 205 268 244 121 119 60 7 0 
0 65 488 142 270 59 0 0 0 461 106 145 257 55 0 0 88 534 161 81 102 58 0 0 
0 18 356 193 362 93 2 0 0 267 116 180 372 88 1 0 114 449 196 80 118 65 2 0 
0 40 203 571 189 21 0 0 2 142 358 327 176 19 0 0 23 365 414 159 47 16 0 0 
0 0 787 237 0 0 0 0 0 734 269 21 0 0 0 0 0 826 198 0 0 0 0 0 
0 0 632 119 273 0 0 0 0 571 165 39 249 0 0 0 53 642 41 37 251 0 0 0 
0 17 66 315 123 464 39 0 21 32 45 324 117 457 28 0 0 0 30 363 124 419 88 0 
0 0 32 316 291 323 62 0 0 0 44 332 295 293 60 0 0 0 32 336 231 298 127 0 
0 0 2 254 95 533 140 0 0 0 2 254 104 549 115 0 0 0 2 254 59 467 242 0 
0 1 37 236 35 558 157 0 0 0 33 234 43 587 127 0 0 0 23 231 51 291 428 0 
0 8 38 288 169 338 182 1 0 1 46 242 206 374 154 1 0 0 29 225 118 308 340 4 
0 5 24 215 127 432 213 8 7 25 54 211 158 381 188 0 3 22 47 220 147 287 295 3 
19 56 96 202 95 362 190 4 2 41 101 229 96 374 177 4 20 79 92 196 93 264 268 12 
0 4 57 138 91 416 318 0 0 2 45 147 96 435 299 0 4 43 147 166 68 203 393 0 
23 102 127 106 164 311 188 3 16 107 117 128 144 309 201 2 1 40 141 126 178 287 249 2 
99 105 74 74 157 248 252 15 78 138 94 82 128 255 235 14 32 150 95 99 115 215 296 22 
0 4 23 78 307 363 246 3 0 3 20 55 283 433 228 2 0 0 6 30 163 418 394 13 
4 39 32 29 26 592 302 0 2 25 40 34 29 592 300 2 0 4 31 51 29 390 490 29 
14 139 89 77 149 319 216 21 54 139 99 106 136 300 182 8 26 147 106 115 129 259 230 12 
13 364 203 99 171 126 47 1 46 428 209 78 93 110 59 1 27 411 217 99 84 113 73 0 
6 282 261 301 126 28 17 3 21 301 238 301 116 26 19 2 23 428 315 169 51 20 16 2 
0 0 6 81 281 645 11 0 0 0 10 87 312 604 11 0 16 85 132 157 201 397 36 0 
2 21 58 139 346 422 33 3 1 18 54 131 390 393 34 3 3 29 75 135 302 440 37 3 
176 172 106 178 193 138 58 3 151 210 112 145 209 146 49 2 114 235 90 170 184 173 54 4 
139 415 98 91 109 163 9 0 288 287 78 88 120 154 9 0 285 246 92 88 115 185 13 0 
0 111 128 481 155 141 8 0 2 199 54 499 138 131 1 0 5 197 45 500 139 137 1 0 
0 0 0 312 712 0 0 0 0 0 0 312 712 0 0 0 0 0 0 312 712 0 0 0 
0 0 0 0 1024 0 0 0 0 0 0 18 1006 0 0 0 0 0 0 2 1022 0 0 0 
103 311 257 161 192 0 0 0 328 269 208 43 176 0 0 0 435 333 48 34 174 0 0 0 
94 257 270 263 140 0 0 0 277 232 156 236 123 0 0 0 330 193 125 234 142 0 0 0 
22 442 341 193 26 0 0 0 326 339 195 144 20 0 0 0 433 354 81 139 17 0 0 0 
16 449 304 181 74 0 0 0 389 248 188 167 32 0 0 0 426 177 209 182 30 0 0 0 
13 546 188 179 72 26 0 0 299 331 230 84 68 12 0 0 534 266 78 97 36 13 0 0 
0 597 161 148 79 39 0 0 192 539 145 52 69 27 0 0 584 283 60 62 32 3 0 0 
0 657 80 195 52 40 0 0 106 606 196 44 47 25 0 0 505 382 52 48 32 5 0 0 
0 524 74 372 46 8 0 0 170 426 322 92 8 6 0 0 486 310 200 17 11 0 0 0 
0 0 417 587 20 0 0 0 0 72 829 123 0 0 0 0 0 542 482 0 0 0 0 0 
0 0 573 163 288 0 0 0 0 403 330 35 256 0 0 0 20 675 41 32 256 0 0 0 
0 0 33 991 0 0 0 0 0 0 33 991 0 0 0 0 0 0 33 991 0 0 0 0 
0 0 332 692 0 0 0 0 0 0 103 921 0 0 0 0 0 0 187 837 0 0 0 0 
0 0 81 943 0 0 0 0 0 0 78 946 0 0 0 0 0 0 422 602 0 0 0 0 
0 0 351 673 0 0 0 0 0 0 305 719 0 0 0 0 0 0 742 282 0 0 0 0 
0 0 512 512 0 0 0 0 0 0 507 517 0 0 0 0 0 0 807 217 0 0 0 0 
0 0 2 1020 2 0 0 0 0 0 2 1020 2 0 0 0 0 0 210 812 2 0 0 0 
0 0 131 886 7 0 0 0 0 0 70 947 7 0 0 0 0 0 503 516 5 0 0 0 
0 0 749 275 0 0 0 0 0 0 711 313 0 0 0 0 0 0 749 275 0 0 0 0 
0 0 726 298 0 0 0 0 0 0 718 306 0 0 0 0 0 0 742 282 0 0 0 0 
0 0 296 728 0 0 0 0 0 0 304 720 0 0 0 0 0 0 336 688 0 0 0 0 
0 0 71 945 8 0 0 0 0 0 71 945 8 0 0 0 0 0 71 945 8 0 0 0 
0 0 200 792 11 21 0 0 0 0 155 837 11 21 0 0 0 0 289 703 11 21 0 0 
54 291 136 356 159 18 10 0 142 258 152 450 11 1 10 0 110 290 197 400 16 0 11 0 
27 256 92 60 54 177 294 64 137 227 78 105 205 265 7 0 51 312 78 164 168 247 4 0 
1 179 343 177 91 58 156 19 2 328 321 136 62 161 14 0 1 312 354 128 65 151 13 0 
5 44 20 807 42 86 20 0 15 36 22 808 37 88 18 0 7 43 21 797 50 81 25 0 
0 0 127 736 27 124 10 0 0 0 128 735 27 124 10 0 0 0 124 739 27 109 25 0 
303 317 229 86 17 71 1 0 461 187 213 74 17 71 1 0 428 219 201 86 17 68 5 0 
72 628 256 27 18 12 9 2 234 735 22 14 13 6 0 0 242 731 19 14 13 5 0 0 
52 703 220 13 20 16 0 0 305 628 43 12 21 15 0 0 211 716 48 13 14 22 0 0 
1 11 49 234 728 1 0 0 1 12 52 230 728 1 0 0 0 7 38 235 743 1 0 0 
0 0 0 0 1024 0 0 0 0 0 0 0 1024 0 0 0 0 0 0 0 1024 0 0 0 
0 466 127 207 224 0 0 0 190 410 176 43 205 0 0 0 409 359 8 40 208 0 0 0 
221 803 0 0 0 0 0 0 826 198 0 0 0 0 0 0 1009 15 0 0 0 0 0 0 
0 923 101 0 0 0 0 0 717 248 59 0 0 0 0 0 809 192 23 0 0 0 0 0 
0 998 22 4 0 0 0 0 404 611 9 0 0 0 0 0 708 309 7 0 0 0 0 0 
0 737 287 0 0 0 0 0 81 943 0 0 0 0 0 0 696 328 0 0 0 0 0 0 
0 589 435 0 0 0 0 0 0 1024 0 0 0 0 0 0 402 622 0 0 0 0 0 0 
0 368 656 0 0 0 0 0 0 1024 0 0 0 0 0 0 114 910 0 0 0 0 0 0 
0 278 484 209 53 0 0 0 11 717 234 62 0 0 0 0 161 666 197 0 0 0 0 0 
0 0 13 971 40 0 0 0 0 0 855 169 0 0 0 0 0 55 969 0 0 0 0 0 
0 0 380 360 284 0 0 0 0 228 504 33 259 0 0 0 8 664 64 32 256 0 0 0 
0 0 35 529 235 186 39 0 0 0 33 510 256 173 52 0 0 0 33 494 240 175 81 1 
26 103 274 429 106 42 38 6 21 30 242 364 217 101 43 6 23 50 254 382 194 63 50 8 
0 10 724 176 100 14 0 0 0 9 690 174 121 30 0 0 0 9 731 139 123 22 0 0 
3 3 398 239 249 116 16 0 3 3 421 224 235 124 14 0 3 3 449 189 237 125 18 0 
41 19 196 342 160 149 96 21 41 19 189 349 160 149 97 20 37 23 339 186 173 149 91 26 
63 21 74 378 106 180 151 51 63 21 79 375 118 176 147 45 62 22 334 108 116 157 162 63 
0 5 185 252 98 257 172 55 0 5 181 256 89 258 181 54 0 5 371 62 92 249 174 71 
0 8 576 23 66 186 138 27 0 9 575 23 66 186 139 26 0 6 578 23 66 183 140 28 
27 16 462 65 86 110 206 52 27 16 459 68 91 110 203 50 28 14 475 51 82 101 201 72 
37 60 146 275 105 185 159 57 35 59 146 279 106 186 160 53 30 55 156 272 108 171 170 62 
81 181 116 334 79 99 93 41 36 165 130 355 84 113 94 47 32 173 118 354 71 116 108 52 
68 142 117 379 117 92 97 12 25 128 142 407 114 99 92 17 15 126 140 399 118 105 102 19 
11 80 172 319 226 102 79 35 44 166 221 329 48 102 76 38 46 158 245 311 46 102 76 40 
0 10 80 180 233 273 227 21 16 98 214 278 233 184 1 0 8 93 240 298 219 166 0 0 
0 17 123 89 74 142 558 21 3 75 149 94 168 524 7 4 3 87 149 97 202 475 8 3 
4 41 13 619 102 109 106 30 18 48 54 670 102 77 52 3 10 48 54 677 107 73 51 4 
30 56 508 430 0 0 0 0 45 56 505 418 0 0 0 0 40 54 505 425 0 0 0 0 
56 113 392 190 178 31 58 6 86 185 507 162 51 33 0 0 60 206 475 195 56 32 0 0 
0 13 40 90 179 361 338 3 9 41 129 188 541 116 0 0 13 44 131 194 539 103 0 0 
11 460 151 109 112 132 46 3 209 416 114 81 108 88 8 0 118 503 119 83 103 87 11 0 
0 4 21 163 814 22 0 0 0 5 21 152 829 17 0 0 0 1 13 98 880 31 1 0 
0 0 0 0 1024 0 0 0 0 0 0 0 1024 0 0 0 0 0 0 0 1024 0 0 0 
110 237 154 238 261 24 0 0 198 236 238 85 267 0 0 0 291 288 130 46 269 0 0 0 
49 202 142 327 257 44 3 0 113 181 149 309 232 38 2 0 197 174 135 259 219 39 1 0 
1 89 381 282 232 39 0 0 1 153 430 168 229 43 0 0 45 420 511 18 22 8 0 0 
0 127 453 52 187 205 0 0 2 532 63 41 184 202 0 0 45 518 30 38 178 215 0 0 
0 58 518 79 187 175 7 0 15 521 52 80 174 180 2 0 89 456 42 81 163 185 8 0 
0 27 342 63 213 344 35 0 0 359 36 77 221 305 26 0 22 337 34 69 192 327 43 0 
0 13 294 54 198 426 39 0 3 289 33 78 179 415 27 0 4 287 26 74 144 429 60 0 
6 50 308 376 225 59 0 0 0 224 273 296 175 56 0 0 4 273 320 187 170 69 1 0 
0 0 0 900 124 0 0 0 0 0 792 232 0 0 0 0 0 33 962 29 0 0 0 0 
0 0 257 479 272 16 0 0 0 187 549 32 256 0 0 0 0 495 241 32 256 0 0 0 
0 3 38 299 340 286 54 4 0 0 10 169 459 316 65 5 0 0 5 89 435 377 110 8 
7 26 162 221 203 317 86 2 7 25 185 189 272 266 80 0 7 13 155 183 214 339 109 4 
120 54 147 343 124 161 61 14 140 45 150 345 179 102 50 13 118 65 160 329 155 131 53 13 
117 52 79 196 319 152 91 18 127 52 89 191 322 140 84 19 118 60 84 195 278 177 94 18 
178 192 95 88 139 113 186 33 220 170 103 99 158 88 165 21 132 248 105 116 133 90 168 32 
162 97 79 72 70 173 318 53 195 105 92 93 69 151 292 27 173 119 98 92 67 133 300 42 
6 55 63 56 56 317 408 63 0 23 60 99 70 312 409 51 0 3 44 87 106 279 424 81 
3 41 74 75 148 285 346 52 3 17 72 86 160 292 343 51 0 8 57 96 167 295 322 79 
2 3 59 111 112 187 449 101 0 12 52 99 112 187 460 102 0 4 58 102 88 188 460 124 
0 0 5 47 231 396 263 82 0 0 5 43 231 395 269 81 0 0 4 39 224 375 294 88 
7 46 85 106 262 266 157 95 2 38 82 118 224 297 169 94 9 88 80 90 176 334 149 98 
11 27 39 32 263 327 230 95 5 29 40 29 204 398 224 95 0 28 41 32 197 387 243 96 
0 0 47 353 164 156 253 51 0 12 374 132 49 155 248 54 0 34 367 117 49 142 255 60 
0 3 59 148 171 310 284 49 25 99 140 242 408 92 18 0 14 88 159 235 371 134 23 0 
0 0 4 6 17 278 688 31 0 8 7 14 411 574 10 0 1 7 7 48 469 485 7 0 
0 1 18 118 206 204 233 244 0 5 30 150 267 235 120 217 0 6 28 156 289 208 120 217 
0 22 215 341 201 108 136 1 0 22 215 341 197 116 132 1 0 18 220 336 179 117 150 4 
0 29 137 399 295 78 82 4 6 83 352 250 188 66 77 2 1 41 367 263 191 60 96 5 
0 0 13 20 192 727 62 10 2 20 37 412 537 8 2 6 0 18 52 580 352 15 1 6 
27 115 61 67 102 223 188 241 45 121 57 82 250 185 56 228 50 112 66 83 266 153 57 237 
97 53 25 69 585 187 8 0 26 122 27 74 573 192 10 0 25 117 27 51 565 228 11 0 
0 0 0 0 1024 0 0 0 0 0 0 0 1024 0 0 0 0 0 0 0 1024 0 0 0 
161 158 154 240 280 31 0 0 177 253 254 50 275 15 0 0 308 323 83 31 270 9 0 0 
95 150 245 323 145 56 10 0 51 214 339 226 132 54 8 0 139 359 196 168 105 50 7 0 
9 115 401 389 88 16 3 3 28 210 556 130 84 13 0 3 165 332 400 77 35 11 2 2 
0 43 114 275 281 274 37 0 16 120 226 189 230 234 9 0 145 320 131 149 114 158 7 0 
22 253 237 259 164 78 11 0 101 187 319 197 149 58 13 0 186 274 219 154 120 66 5 0 
0 113 67 267 313 239 25 0 68 75 223 114 344 186 14 0 116 216 36 104 333 200 19 0 
0 165 87 225 201 319 27 0 82 104 231 80 232 273 22 0 125 255 52 59 220 291 22 0 
25 193 95 409 285 16 1 0 116 135 230 345 184 13 1 0 142 282 264 150 171 14 1 0 
0 0 0 752 272 0 0 0 0 0 701 323 0 0 0 0 0 0 879 145 0 0 0 0 
0 0 228 528 168 100 0 0 0 160 576 32 229 27 0 0 2 434 318 22 246 2 0 0 
73 55 405 218 15 93 164 1 73 55 386 237 15 93 164 1 73 61 479 139 14 93 164 1 
75 56 620 70 25 63 87 28 75 56 620 70 25 65 85 28 51 80 616 74 23 63 87 30 
0 11 668 140 20 18 146 21 0 11 656 152 20 18 146 21 0 11 689 119 20 18 146 21 
0 5 338 510 15 14 96 46 0 5 424 424 15 14 96 46 0 5 507 341 15 14 96 46 
3 8 661 224 8 10 73 37 3 7 617 269 8 10 75 35 3 13 713 167 8 10 70 40 
0 0 130 801 13 10 29 41 0 0 119 812 13 10 29 41 0 0 156 775 13 10 29 41 
0 0 33 941 15 20 13 2 0 0 33 937 19 20 13 2 0 0 34 950 5 20 13 2 
0 0 0 984 8 32 0 0 0 0 0 976 16 32 0 0 0 0 0 992 8 24 0 0 
0 0 0 992 32 0 0 0 0 0 0 992 32 0 0 0 0 0 24 968 32 0 0 0 
0 0 0 1016 8 0 0 0 0 0 0 1016 8 0 0 0 0 0 56 968 0 0 0 0 
0 0 26 998 0 0 0 0 0 0 22 1002 0 0 0 0 0 0 118 906 0 0 0 0 
5 5 301 713 0 0 0 0 5 5 131 883 0 0 0 0 5 7 472 540 0 0 0 0 
0 0 30 994 0 0 0 0 0 3 60 961 0 0 0 0 0 3 324 697 0 0 0 0 
0 1 227 484 135 172 5 0 0 96 466 349 113 0 0 0 0 142 453 327 102 0 0 0 
21 14 116 181 229 162 77 224 31 115 185 254 158 51 12 218 30 146 173 286 122 37 13 217 
0 1 1 2 2 5 13 1000 0 1 1 2 9 8 9 994 0 1 1 2 9 9 9 993 
0 0 38 341 16 14 13 602 0 1 53 332 10 15 13 600 0 1 48 336 11 15 13 600 
3 18 156 816 4 2 4 21 3 14 75 902 4 2 3 21 2 17 87 887 4 2 4 21 
0 0 21 402 95 54 174 278 0 0 103 390 38 51 182 260 0 1 181 318 31 46 148 299 
0 0 0 0 0 1 59 964 0 0 0 0 0 1 59 964 0 0 0 0 0 1 59 964 
62 88 31 8 309 162 16 348 27 123 32 6 310 162 17 347 29 119 33 6 310 163 14 350 
0 0 0 0 1024 0 0 0 0 0 0 0 1024 0 0 0 0 0 0 0 1024 0 0 0 
12 285 190 207 263 67 0 0 191 304 180 32 276 41 0 0 334 279 71 27 286 27 0 0 
203 776 29 16 0 0 0 0 925 83 16 0 0 0 0 0 965 59 0 0 0 0 0 0 
16 1008 0 0 0 0 0 0 952 72 0 0 0 0 0 0 1024 0 0 0 0 0 0 0 
0 1008 16 0 0 0 0 0 249 775 0 0 0 0 0 0 1008 16 0 0 0 0 0 0 
0 1024 0 0 0 0 0 0 18 1006 0 0 0 0 0 0 872 152 0 0 0 0 0 0 
0 1024 0 0 0 0 0 0 338 686 0 0 0 0 0 0 960 64 0 0 0 0 0 0 
6 390 22 26 331 246 3 0 177 223 27 20 404 170 3 0 251 147 21 26 150 428 1 0 
10 83 12 55 297 553 14 0 59 39 45 192 426 261 2 0 30 66 174 69 47 633 5 0 
0 0 0 730 294 0 0 0 0 0 675 349 0 0 0 0 0 20 888 116 0 0 0 0 
0 0 164 606 117 137 0 0 0 131 637 8 159 89 0 0 3 435 330 18 196 42 0 0 
48 202 767 7 0 0 0 0 57 234 730 3 0 0 0 0 54 272 697 1 0 0 0 0 
57 277 608 82 0 0 0 0 85 272 614 53 0 0 0 0 48 307 607 62 0 0 0 0 
0 0 930 25 19 22 19 9 0 0 933 22 20 25 16 8 0 0 933 22 20 22 18 9 
6 21 747 69 31 60 60 30 6 21 775 44 29 60 66 23 6 22 782 33 30 59 56 36 
3 14 303 450 58 78 93 25 3 20 371 378 58 78 91 25 3 32 549 189 58 77 91 25 
0 0 95 603 50 82 151 43 0 0 98 600 50 82 151 43 0 1 356 342 51 81 149 44 
0 0 13 625 44 127 163 52 0 0 9 630 45 126 163 51 0 0 33 608 42 116 168 57 
0 0 29 593 111 136 102 53 0 0 34 590 108 137 102 53 0 0 46 575 107 122 114 60 
0 0 79 519 48 111 185 82 0 3 72 523 44 115 181 86 0 10 408 181 40 106 187 92 
0 11 178 390 116 157 134 38 0 8 154 416 117 157 134 38 0 18 519 44 115 156 134 38 
0 4 115 409 54 129 213 100 0 1 107 420 62 130 208 96 0 8 412 109 56 129 195 115 
39 111 190 273 79 92 160 80 16 85 204 295 90 92 162 80 9 88 299 197 96 92 159 84 
6 41 110 188 99 194 313 73 1 26 168 138 99 220 297 75 1 29 191 110 100 209 303 81 
344 93 135 199 69 60 103 21 352 96 164 171 65 54 100 22 285 163 160 165 71 57 101 22 
71 56 27 59 88 76 179 468 82 51 61 19 90 79 172 470 79 61 54 20 83 76 177 474 
0 0 0 0 0 5 365 654 0 0 0 0 0 7 377 640 0 0 0 0 0 0 318 706 
0 0 0 0 0 0 63 961 0 0 0 0 0 0 68 956 0 0 0 0 0 0 43 981 
42 70 54 81 109 92 36 540 16 77 86 74 111 84 36 540 12 79 82 78 111 85 36 541 
0 0 0 28 49 257 682 8 0 0 0 28 49 287 653 7 0 0 0 25 47 175 759 18 
0 0 0 0 0 0 142 882 0 0 0 0 0 0 142 882 0 0 0 0 0 0 142 882 
0 0 0 0 103 136 83 702 0 0 0 0 103 137 85 699 0 0 0 0 103 135 74 712 
0 0 0 0 937 87 0 0 0 0 0 0 937 87 0 0 0 0 0 0 937 87 0 0 
0 158 287 225 271 83 0 0 38 407 211 24 277 67 0 0 200 422 45 21 281 55 0 0 
83 299 98 207 244 85 8 0 265 131 97 205 244 77 5 0 312 86 82 193 257 84 10 0 
3 598 142 93 121 60 7 0 132 531 98 97 103 60 3 0 424 229 99 99 113 55 5 0 
0 311 713 0 0 0 0 0 0 1024 0 0 0 0 0 0 278 746 0 0 0 0 0 0 
0 216 808 0 0 0 0 0 0 1024 0 0 0 0 0 0 210 814 0 0 0 0 0 0 
0 236 788 0 0 0 0 0 0 1024 0 0 0 0 0 0 226 798 0 0 0 0 0 0 
0 128 172 19 455 246 4 0 10 267 23 23 496 201 4 0 101 179 22 22 195 502 3 0 
0 10 28 85 299 597 5 0 0 11 45 193 540 232 3 0 0 10 175 68 61 699 11 0 
0 0 0 758 266 0 0 0 0 0 668 356 0 0 0 0 0 5 925 94 0 0 0 0 
0 0 132 636 80 176 0 0 0 146 622 24 64 168 0 0 0 453 315 24 168 64 0 0 
65 63 181 70 232 247 144 22 57 60 182 63 243 250 148 21 47 75 168 52 213 291 152 26 
137 60 47 102 165 249 206 58 148 59 40 107 162 256 202 50 132 56 42 74 174 247 210 89 
21 43 28 51 145 336 290 110 22 47 25 50 150 346 276 108 21 31 35 39 147 303 313 135 
27 180 138 67 139 280 153 40 30 146 103 138 135 281 150 41 7 95 115 125 178 295 152 57 
8 17 87 197 211 307 169 28 8 22 69 197 232 308 160 28 7 20 39 172 262 326 157 41 
23 75 80 153 188 204 251 50 37 76 50 121 190 239 256 55 55 53 48 87 198 249 274 60 
2 12 45 119 191 313 318 24 5 9 35 124 171 315 335 30 5 11 13 82 160 368 339 46 
5 30 76 276 266 211 134 26 1 16 39 149 328 285 173 33 0 1 24 84 317 341 222 35 
0 1 27 61 179 337 362 57 0 0 20 39 98 390 398 79 0 0 8 34 81 328 454 119 
17 11 58 90 175 310 268 95 17 9 47 106 211 292 247 95 19 8 50 115 261 261 203 107 
0 0 13 6 42 225 677 61 0 0 13 6 43 235 667 60 0 0 10 7 41 195 690 81 
2 23 17 50 164 293 393 82 2 14 30 37 173 364 334 70 2 13 21 37 147 350 365 89 
9 25 57 75 218 398 205 37 5 26 49 80 240 399 193 32 3 23 57 71 231 425 171 43 
396 72 37 43 99 170 199 8 405 62 37 45 97 176 194 8 394 72 36 45 95 156 216 10 
0 0 6 13 46 394 536 29 0 0 10 9 44 426 507 28 0 0 9 10 44 325 576 60 
0 0 0 0 65 338 598 23 0 0 0 0 69 354 591 10 0 0 0 0 58 281 588 97 
0 0 0 0 0 14 74 936 0 0 0 0 0 15 81 928 0 0 0 0 0 2 69 953 
0 0 0 0 5 52 104 863 0 0 0 0 5 52 104 863 0 0 0 0 4 45 111 864 
0 0 0 0 0 136 710 178 0 0 0 0 0 147 703 174 0 0 0 0 0 103 670 251 
0 0 0 0 0 0 161 863 0 0 0 0 0 0 168 856 0 0 0 0 0 0 160 864 
0 0 0 0 74 138 313 499 0 0 0 0 75 138 328 483 0 0 0 0 82 118 258 566 
0 0 0 0 922 102 0 0 0 0 0 0 922 102 0 0 0 0 0 0 914 110 0 0 
9 244 135 238 87 311 0 0 152 212 250 34 58 318 0 0 226 319 83 23 130 243 0 0 
168 435 209 126 49 32 5 0 565 242 92 41 52 27 5 0 601 226 51 56 47 38 5 0 
2 596 231 114 42 34 5 0 542 350 32 26 55 18 1 0 627 278 17 26 48 27 1 0 
0 576 368 80 0 0 0 0 514 462 48 0 0 0 0 0 636 388 0 0 0 0 0 0 
2 602 272 69 55 21 3 0 524 331 56 57 48 7 1 0 634 249 33 59 40 8 1 0 
0 603 303 118 0 0 0 0 521 375 128 0 0 0 0 0 624 400 0 0 0 0 0 0 
0 633 98 177 32 84 0 0 463 253 178 15 45 70 0 0 631 249 19 10 23 92 0 0 
2 504 100 256 72 89 1 0 450 146 239 68 51 70 0 0 519 306 62 15 39 64 19 0 
0 0 0 858 166 0 0 0 0 0 796 228 0 0 0 0 0 92 910 22 0 0 0 0 
0 0 184 605 71 164 0 0 0 149 632 32 76 135 0 0 0 522 260 32 146 64 0 0 
13 61 146 133 156 178 290 47 13 46 123 145 165 199 287 46 0 22 122 132 145 220 327 56 
0 10 120 96 145 275 323 55 0 10 130 91 139 278 327 49 0 10 120 76 121 276 355 66 
0 8 220 56 51 242 382 65 0 9 220 56 50 260 371 58 0 5 220 56 45 179 432 87 
4 16 99 263 43 188 342 69 10 12 98 263 44 188 339 70 4 15 100 264 38 177 348 78 
2 10 341 143 49 94 321 64 2 18 338 139 53 91 317 66 2 13 337 142 53 90 318 69 
21 15 356 196 29 40 261 106 21 15 347 206 20 48 260 107 18 21 433 115 17 36 272 112 
5 4 355 272 38 78 212 60 5 4 354 271 38 72 223 57 5 4 353 271 39 71 221 60 
0 0 548 173 42 42 144 75 0 0 540 181 42 42 144 75 0 0 628 92 39 42 135 88 
0 0 227 557 18 16 137 69 0 0 217 567 21 15 138 66 0 0 531 253 21 14 137 68 
0 0 421 424 14 8 104 53 0 0 415 430 14 8 104 53 0 0 565 280 14 8 104 53 
0 2 792 130 9 14 31 46 0 2 850 72 9 14 31 46 0 2 872 50 9 14 31 46 
0 7 932 67 7 3 5 3 0 7 935 64 7 3 5 3 0 11 920 75 7 3 5 3 
47 15 395 141 45 227 154 0 48 16 393 143 44 223 155 2 44 18 395 141 42 195 185 4 
101 28 20 23 70 469 301 12 103 27 19 23 76 505 262 9 105 25 20 24 77 360 402 11 
8 75 45 62 127 457 197 53 9 85 39 64 194 439 142 52 13 77 46 82 373 272 103 58 
0 0 0 0 214 637 170 3 0 0 0 0 215 644 162 3 0 0 0 0 198 572 245 9 
0 0 0 0 0 37 229 758 0 0 0 0 0 40 241 743 0 0 0 0 0 31 185 808 
0 0 0 3 23 69 68 861 0 0 0 3 23 71 69 858 0 0 0 3 17 68 63 873 
0 0 0 2 86 320 234 382 0 0 0 2 86 325 246 365 0 0 0 2 86 306 186 444 
0 0 0 0 0 27 444 553 0 0 0 0 0 28 491 505 0 0 0 0 0 24 206 794 
0 0 0 0 4 276 438 306 0 0 0 0 5 280 446 293 0 0 0 0 4 249 397 374 
0 0 0 0 800 224 0 0 0 0 0 0 800 224 0 0 0 0 0 0 800 224 0 0 
2 101 181 239 231 267 3 0 32 203 265 55 212 256 1 0 90 325 110 30 279 190 0 0 
166 336 34 69 155 226 30 8 417 95 24 69 158 225 29 7 459 50 35 59 153 233 28 7 
62 457 19 44 190 220 30 2 505 23 11 51 181 219 32 2 479 47 12 51 185 215 32 3 
23 473 27 57 191 207 43 3 407 95 21 63 186 207 42 3 434 68 21 43 177 234 44 3 
35 388 30 76 190 248 50 7 203 232 19 75 191 247 50 7 377 58 19 76 190 248 49 7 
27 403 57 121 205 152 50 9 378 100 92 118 193 109 26 8 346 119 97 118 196 109 31 8 
58 281 70 65 210 258 73 9 228 124 72 53 210 259 69 9 253 95 67 53 195 269 79 13 
39 186 115 314 186 137 44 3 110 127 256 210 171 105 42 3 107 238 223 164 161 76 45 10 
0 0 0 793 231 0 0 0 0 0 747 277 0 0 0 0 0 176 836 12 0 0 0 0 
0 0 229 577 41 177 0 0 0 256 544 32 90 102 0 0 7 697 96 32 169 23 0 0 
0 0 246 503 64 47 164 0 0 0 277 473 68 126 80 0 0 0 497 252 65 42 166 2 
0 5 427 186 27 77 285 17 0 11 445 170 22 175 201 0 0 5 507 108 25 68 299 12 
0 20 768 10 5 73 131 17 0 25 763 12 3 141 63 17 0 32 759 7 5 68 136 17 
0 36 876 112 0 0 0 0 0 58 865 101 0 0 0 0 0 107 837 80 0 0 0 0 
0 6 756 262 0 0 0 0 0 6 820 198 0 0 0 0 0 24 876 124 0 0 0 0 
0 0 542 295 61 62 57 7 0 8 588 265 46 60 50 7 0 7 659 195 46 59 51 7 
0 6 580 51 49 109 153 76 0 7 574 58 51 116 145 73 0 8 599 30 56 110 147 74 
0 2 516 202 68 111 117 8 0 4 522 198 67 115 110 8 0 5 616 104 66 112 113 8 
0 6 154 432 48 142 167 75 0 8 155 429 51 143 165 73 0 7 357 228 50 143 165 74 
23 64 620 71 30 90 93 33 9 56 632 77 33 92 91 34 6 54 640 74 33 90 91 36 
56 93 568 150 55 70 28 4 32 87 582 161 69 69 20 4 30 102 572 161 65 66 24 4 
0 0 405 130 79 234 148 28 0 0 405 130 86 226 150 27 0 0 405 127 83 229 146 34 
0 10 122 37 58 455 340 2 0 10 122 37 57 461 335 2 0 11 121 38 54 443 355 2 
0 0 12 36 261 621 88 6 0 0 21 30 260 624 86 3 0 0 20 33 262 607 98 4 
16 11 14 40 291 240 316 96 18 13 12 52 288 236 332 73 18 14 15 51 276 220 330 100 
0 0 15 47 213 392 253 104 0 0 15 47 216 394 255 97 0 0 13 44 206 390 169 202 
0 0 0 0 76 150 206 592 0 0 0 0 77 150 220 577 0 0 0 0 70 150 159 645 
0 0 0 0 28 58 60 878 0 0 0 0 42 47 66 869 0 0 0 0 28 60 58 878 
0 0 0 15 177 336 309 187 0 0 1 23 197 318 310 175 0 0 0 13 146 318 346 201 
0 0 0 0 31 159 648 186 0 0 0 0 34 188 633 169 0 0 0 0 21 136 586 281 
0 0 0 0 19 227 586 192 0 0 0 0 29 240 574 181 0 0 0 0 1 202 512 309 
0 0 0 0 946 78 0 0 0 0 0 0 946 78 0 0 0 0 0 0 946 78 0 0 
3 160 75 277 354 154 1 0 69 157 264 57 364 112 1 0 134 263 115 38 401 71 2 0 
13 627 58 193 49 73 11 0 565 93 206 35 43 72 10 0 622 207 41 28 51 59 16 0 
0 629 65 213 47 67 3 0 374 299 214 27 52 56 2 0 635 221 31 24 47 52 14 0 
0 607 102 118 121 53 23 0 55 617 107 74 96 61 14 0 498 238 61 63 91 59 14 0 
0 610 102 219 29 51 13 0 13 641 251 28 29 51 11 0 461 417 31 23 31 54 7 0 
0 585 54 252 71 59 3 0 67 571 244 62 71 9 0 0 568 259 64 50 63 20 0 0 
3 593 57 236 52 67 15 1 318 323 231 26 47 66 12 1 535 299 48 18 37 66 18 3 
11 521 114 314 47 11 6 0 480 121 334 41 31 11 6 0 483 375 93 28 33 6 6 0 
0 0 40 893 91 0 0 0 0 58 817 149 0 0 0 0 0 502 522 0 0 0 0 0 
0 0 456 382 99 87 0 0 0 449 367 37 143 28 0 0 19 759 57 33 124 32 0 0 
0 0 0 32 380 424 188 0 0 0 0 32 388 531 73 0 0 0 0 32 381 365 246 0 
0 0 0 0 93 580 343 8 0 0 0 0 108 703 210 3 0 0 0 0 71 482 460 11 
3 53 141 110 128 251 338 0 3 54 141 115 122 422 167 0 1 61 131 102 127 156 442 4 
0 24 205 325 226 160 74 10 1 39 217 303 224 155 74 11 0 44 209 286 217 175 73 20 
17 41 80 175 279 297 94 41 21 38 107 149 278 291 104 36 24 35 92 174 236 305 118 40 
0 8 16 42 148 454 279 77 0 15 26 33 144 455 279 72 0 14 30 29 137 445 291 78 
0 27 20 15 90 585 255 32 1 33 13 18 93 598 239 29 0 21 23 16 56 572 279 57 
2 30 88 103 100 434 233 34 0 35 52 118 119 440 228 32 0 6 55 80 140 408 300 35 
18 61 107 101 104 378 223 32 0 34 98 149 97 394 224 28 12 120 119 73 79 331 251 39 
12 62 90 78 164 418 199 1 3 43 81 108 187 386 213 3 1 30 61 119 189 371 244 9 
12 74 116 151 325 252 87 7 6 32 125 149 332 276 90 14 6 39 116 143 323 287 98 12 
0 34 33 44 86 450 355 22 1 16 48 41 92 459 347 20 0 6 34 58 81 432 386 27 
0 7 35 19 298 552 112 1 0 4 15 39 300 561 104 1 0 4 6 24 323 570 96 1 
0 0 0 0 669 355 0 0 0 0 0 0 669 355 0 0 0 0 0 0 669 355 0 0 
0 0 0 0 469 531 15 9 0 0 0 0 475 526 14 9 0 0 0 0 445 552 18 9 
0 0 0 111 256 193 191 273 0 0 0 111 256 195 195 267 0 0 0 107 251 192 180 294 
0 0 0 10 126 84 582 222 0 0 0 21 119 86 597 201 0 0 0 13 120 63 447 381 
0 0 0 76 53 182 355 358 0 0 3 75 59 188 364 335 0 0 1 74 42 132 325 450 
0 0 0 260 471 169 117 7 0 0 0 281 483 139 114 7 0 0 0 276 358 248 129 13 
0 0 0 23 255 324 337 85 0 0 0 48 245 325 331 75 0 0 0 43 221 295 339 126 
0 0 0 0 25 359 601 39 0 0 0 0 40 381 576 27 0 0 0 0 14 262 646 102 
0 0 0 0 964 60 0 0 0 0 0 0 964 60 0 0 0 0 0 0 964 60 0 0 
5 102 154 181 425 157 0 0 35 185 185 109 398 112 0 0 105 205 118 98 417 81 0 0 
139 367 70 75 204 156 13 0 407 141 32 87 224 127 6 0 473 82 37 94 252 78 7 1 
25 661 148 92 56 38 4 0 486 225 158 61 54 36 4 0 593 128 157 58 51 33 4 0 
12 830 12 21 38 68 37 6 202 644 12 18 42 67 34 5 715 134 14 16 46 68 29 2 
4 717 19 26 97 125 34 2 100 627 22 22 95 121 35 2 649 80 23 23 108 111 29 1 
17 696 20 24 93 116 58 0 334 391 21 40 78 107 53 0 620 107 22 36 81 102 56 0 
5 339 29 57 142 374 76 2 318 95 71 257 124 131 28 0 327 83 55 296 141 93 29 0 
8 295 77 208 217 217 2 0 277 106 99 139 189 210 4 0 292 123 82 134 195 182 16 0 
0 45 328 607 35 4 5 0 21 379 549 59 8 4 4 0 11 746 218 31 7 4 4 3 
0 23 327 234 280 101 43 16 14 265 191 140 262 104 38 10 20 332 83 142 276 109 46 16 
0 0 2 69 450 62 437 4 0 0 3 97 426 291 206 1 0 0 4 91 426 51 447 5 
0 0 0 0 44 362 616 2 0 0 0 0 52 493 477 2 0 0 0 0 25 242 752 5 
0 4 23 150 110 128 609 0 0 4 21 151 115 392 341 0 0 4 17 131 129 100 637 6 
0 1 49 244 361 256 113 0 0 1 54 238 376 246 109 0 0 0 36 223 355 290 120 0 
1 14 90 208 244 347 118 2 0 4 76 151 260 402 128 3 0 1 70 104 206 449 182 12 
37 186 160 145 112 298 85 1 102 230 178 67 85 284 78 0 136 225 154 68 72 284 85 0 
0 5 19 288 261 335 116 0 3 15 147 370 56 330 103 0 5 42 293 204 43 278 159 0 
0 2 195 237 122 156 295 17 0 7 269 230 51 161 286 20 0 5 286 205 48 138 313 29 
0 9 573 26 31 148 228 9 0 9 573 25 29 154 225 9 0 9 576 36 21 137 236 9 
0 4 725 23 24 77 156 15 0 4 725 23 24 77 156 15 0 4 725 23 24 77 156 15 
0 3 866 27 28 33 58 9 0 3 866 27 28 33 58 9 0 3 866 27 28 33 58 9 
0 18 981 7 4 6 7 1 0 18 981 7 4 6 7 1 0 18 981 7 4 6 7 1 
0 6 81 24 745 165 3 0 0 6 81 29 776 129 3 0 0 6 81 25 771 138 3 0 
0 0 2 36 782 183 21 0 0 0 2 36 782 183 21 0 0 0 2 36 782 183 21 0 
0 0 11 51 374 362 121 105 0 0 11 51 376 363 119 104 0 0 11 45 373 349 128 118 
0 0 0 33 416 235 193 147 0 0 0 63 398 228 193 142 0 0 0 61 388 214 198 163 
0 0 0 2 484 427 67 44 0 0 0 13 483 419 68 41 0 0 0 8 449 417 96 54 
0 0 2 113 184 488 169 68 0 0 3 116 193 477 186 49 0 0 0 97 168 485 164 110 
0 0 0 165 195 260 256 148 0 0 0 179 191 259 259 136 0 0 0 126 201 241 254 202 
0 0 0 0 59 417 456 92 0 0 0 0 65 423 453 83 0 0 0 0 24 393 353 254 
0 0 0 0 79 366 480 99 0 0 0 0 92 379 467 86 0 0 0 0 4 331 473 216 
0 0 0 0 983 41 0 0 0 0 0 0 983 41 0 0 0 0 0 0 983 41 0 0 
28 164 94 197 478 63 0 0 45 77 315 74 465 48 0 0 57 97 192 172 466 40 0 0 
1 182 87 106 373 225 46 4 2 48 227 155 382 177 29 4 11 40 79 347 372 146 25 4 
0 98 124 82 346 275 93 6 1 15 194 132 348 256 75 3 1 22 42 376 297 208 76 2 
29 34 97 128 362 243 102 29 35 22 105 150 405 203 90 14 37 20 66 307 331 164 89 10 
9 42 37 116 216 319 260 25 12 40 47 121 248 281 252 23 11 30 56 155 223 273 250 26 
6 43 95 111 164 251 274 80 18 54 87 111 170 252 268 64 4 33 92 115 170 247 269 94 
0 0 69 237 241 308 143 26 2 95 318 213 120 121 137 18 2 156 180 226 166 112 139 43 
9 19 68 365 327 226 10 0 16 136 215 162 293 200 2 0 38 211 107 150 304 210 4 0 
1 74 138 392 193 197 19 10 31 85 354 90 258 182 22 2 33 394 65 88 223 188 29 4 
1 29 169 404 323 88 10 0 1 49 221 343 330 75 5 0 1 22 170 325 374 126 6 0 
0 0 100 399 84 101 307 33 0 0 99 400 84 114 300 27 0 0 378 121 83 69 332 41 
0 0 136 461 10 56 325 36 0 0 113 484 10 67 314 36 0 0 513 84 10 29 352 36 
0 5 161 573 13 25 226 21 0 5 153 581 13 25 228 19 0 5 526 207 13 24 225 24 
0 41 207 638 10 21 91 16 0 85 150 651 10 21 91 16 3 98 599 186 10 21 91 16 
1 396 354 244 20 4 3 2 153 473 219 165 6 3 3 2 261 411 277 61 6 4 3 1 
20 235 547 222 0 0 0 0 98 583 275 68 0 0 0 0 290 478 244 12 0 0 0 0 
0 151 594 264 15 0 0 0 36 489 449 50 0 0 0 0 60 659 294 11 0 0 0 0 
60 126 56 407 375 0 0 0 148 67 145 659 5 0 0 0 170 69 587 197 1 0 0 0 
0 0 541 265 112 78 28 0 0 1 611 279 38 71 24 0 0 0 723 175 41 62 23 0 
0 2 735 54 54 116 63 0 0 2 732 57 54 116 63 0 0 2 740 50 53 117 62 0 
0 1 733 29 81 139 40 1 0 1 733 28 83 141 37 1 0 8 713 46 76 144 36 1 
0 47 517 91 114 205 48 2 0 91 506 94 163 135 34 1 0 69 517 93 165 140 37 3 
0 4 23 48 540 370 30 9 0 4 25 78 803 92 16 6 0 4 25 110 772 88 20 5 
0 0 5 39 220 181 536 43 0 0 5 50 215 192 524 38 0 0 6 51 200 143 550 74 
0 0 0 32 759 222 10 1 0 0 0 114 685 217 7 1 0 0 0 33 729 248 13 1 
0 0 0 165 674 157 28 0 0 0 0 425 421 150 28 0 0 0 0 383 460 154 27 0 
0 0 0 91 402 419 112 0 0 0 0 236 279 400 109 0 0 0 0 206 302 371 144 1 
0 0 0 0 34 462 389 139 0 0 0 0 38 482 365 139 0 0 0 0 20 354 483 167 
0 0 0 0 33 288 555 148 0 0 0 0 35 307 550 132 0 0 0 0 3 247 538 236 
0 0 0 0 0 0 247 777 0 0 0 0 0 0 345 679 0 0 0 0 0 0 32 992 
0 0 0 1 79 157 596 191 0 0 0 1 85 183 576 179 0 0 0 0 43 103 448 430 
1 16 39 150 687 108 23 0 20 26 49 167 641 106 15 0 4 27 30 242 597 105 19 0 
17 123 100 194 264 293 33 0 88 133 114 147 230 281 31 0 27 101 129 258 208 245 56 0 
10 147 174 97 110 388 94 4 46 165 169 75 120 370 79 0 17 88 173 167 124 286 160 9 
7 171 192 110 117 253 153 21 7 65 246 172 116 229 166 23 0 20 152 263 157 146 248 38 
10 105 240 268 195 103 65 38 40 161 201 264 165 91 61 41 4 112 210 269 223 94 63 49 
43 76 184 170 311 105 89 46 59 96 158 199 287 101 77 47 45 76 186 177 305 112 73 50 
54 23 34 49 323 298 197 46 61 20 36 51 324 296 199 37 59 22 29 49 329 273 186 77 
76 48 140 149 40 329 199 43 97 92 188 42 40 331 196 38 87 121 149 55 40 296 207 69 
131 156 301 272 62 46 33 23 213 343 278 46 52 45 23 24 272 437 156 62 43 29 13 12 
27 127 112 104 57 82 435 80 44 100 130 86 67 104 420 73 85 167 88 77 303 216 81 7 
21 131 255 150 94 91 217 65 23 144 252 150 97 91 217 50 18 139 266 167 265 130 34 5 
0 0 274 750 0 0 0 0 0 0 146 878 0 0 0 0 0 0 968 56 0 0 0 0 
0 0 87 937 0 0 0 0 0 0 118 906 0 0 0 0 0 0 606 418 0 0 0 0 
0 4 89 931 0 0 0 0 0 4 84 936 0 0 0 0 0 4 765 255 0 0 0 0 
0 328 164 532 0 0 0 0 85 334 204 401 0 0 0 0 234 243 448 99 0 0 0 0 
12 663 349 0 0 0 0 0 471 553 0 0 0 0 0 0 617 407 0 0 0 0 0 0 
0 23 914 87 0 0 0 0 6 1017 1 0 0 0 0 0 35 989 0 0 0 0 0 0 
0 37 599 388 0 0 0 0 17 738 269 0 0 0 0 0 46 919 59 0 0 0 0 0 
22 297 417 267 21 0 0 0 139 482 319 84 0 0 0 0 259 594 169 2 0 0 0 0 
0 0 74 470 270 164 46 0 0 14 323 286 211 150 40 0 0 250 297 93 183 152 48 1 
0 19 48 57 273 415 204 8 0 14 45 61 273 420 203 8 4 53 28 41 260 421 209 8 
4 15 40 144 382 344 95 0 4 14 45 143 388 336 94 0 1 11 44 128 389 349 102 0 
1 21 73 415 309 177 22 6 5 51 390 244 177 126 25 6 5 35 368 254 185 141 30 6 
0 8 66 117 245 413 121 54 3 47 138 250 381 39 125 41 3 46 156 251 362 30 111 65 
6 65 129 245 145 114 257 63 28 85 178 189 122 110 262 50 27 72 162 208 129 101 226 99 
0 0 10 263 503 110 102 36 0 0 32 331 415 108 103 35 0 0 25 308 443 108 103 37 
0 0 0 425 569 12 18 0 0 0 0 662 333 10 17 2 0 0 0 659 336 11 16 2 
0 0 0 0 431 537 20 36 0 0 0 19 415 537 17 36 0 0 0 3 406 538 41 36 
0 0 0 8 88 351 416 161 0 0 0 10 94 375 391 154 0 0 0 6 53 327 424 214 
0 0 0 0 21 497 476 30 0 0 0 0 29 525 441 29 0 0 0 0 7 371 600 46 
0 0 0 0 4 82 650 288 0 0 0 0 4 83 707 230 0 0 0 0 1 65 275 683 
0 0 0 0 1 176 650 197 0 0 0 0 2 189 720 113 0 0 0 0 0 81 475 468 
0 0 0 280 722 9 13 0 0 0 0 511 489 9 15 0 0 0 0 934 64 10 16 0 
1 12 88 95 828 0 0 0 2 12 87 94 829 0 0 0 5 21 91 680 227 0 0 0 
0 0 0 0 1008 16 0 0 0 0 0 0 1013 11 0 0 0 0 0 370 654 0 0 0 
0 9 50 186 721 52 2 4 0 13 49 263 652 41 2 4 1 26 54 333 593 11 2 4 
199 430 160 194 34 7 0 0 239 434 130 174 43 4 0 0 235 456 168 135 27 3 0 0 
362 638 19 5 0 0 0 0 590 419 15 0 0 0 0 0 494 510 20 0 0 0 0 0 
494 453 48 18 11 0 0 0 763 191 47 19 4 0 0 0 836 115 48 20 5 0 0 0 
632 240 11 100 41 0 0 0 850 25 27 95 27 0 0 0 849 25 24 96 30 0 0 0 
383 420 151 69 1 0 0 0 506 351 137 29 1 0 0 0 464 370 158 31 1 0 0 0 
377 536 111 0 0 0 0 0 480 465 79 0 0 0 0 0 341 589 94 0 0 0 0 0 
812 169 43 0 0 0 0 0 893 100 31 0 0 0 0 0 885 101 38 0 0 0 0 0 
0 2 480 54 103 296 88 1 0 2 455 79 103 296 88 1 0 5 500 31 103 290 94 1 
2 1 169 403 115 197 112 25 2 1 244 336 117 187 115 22 2 1 405 173 116 185 113 29 
0 0 89 350 241 217 125 2 0 0 107 347 228 224 116 2 0 3 234 218 226 228 113 2 
269 441 229 61 14 10 0 0 542 276 140 45 12 9 0 0 670 208 113 14 12 7 0 0 
59 280 582 103 0 0 0 0 177 508 339 0 0 0 0 0 195 549 280 0 0 0 0 0 
0 268 465 291 0 0 0 0 84 653 287 0 0 0 0 0 99 783 142 0 0 0 0 0 
12 218 597 186 11 0 0 0 96 702 210 15 1 0 0 0 124 741 157 2 0 0 0 0 
112 391 272 181 61 7 0 0 407 354 194 60 9 0 0 0 501 386 113 24 0 0 0 0 
0 258 473 255 38 0 0 0 95 525 322 77 5 0 0 0 242 639 102 37 4 0 0 0 
11 40 57 269 318 314 15 0 1 46 190 210 288 276 13 0 12 53 256 183 212 284 24 0 
0 6 20 106 440 297 105 50 0 4 22 97 371 376 106 48 2 6 17 60 262 521 81 75 
7 16 37 82 104 167 416 195 8 30 55 60 96 177 426 172 2 27 58 58 96 134 379 270 
0 0 0 50 183 191 497 103 0 0 0 73 171 186 507 87 0 0 0 68 173 176 389 218 
0 0 0 97 240 291 393 3 0 0 0 111 236 295 380 2 0 0 0 106 230 281 399 8 
0 0 0 0 360 170 480 14 0 0 0 24 341 172 476 11 0 0 0 12 344 156 421 91 
0 0 0 59 575 152 218 20 0 0 0 172 468 151 218 15 0 0 0 91 537 140 209 47 
0 0 0 39 696 109 67 113 0 0 0 275 477 94 67 111 0 0 0 157 574 112 62 119 
4 4 18 119 229 327 262 61 4 4 19 131 237 318 253 58 4 4 9 74 239 317 257 120 
0 0 0 0 93 466 432 33 0 0 0 0 105 475 414 30 0 0 0 0 44 363 559 58 
0 0 0 0 8 134 723 159 0 0 0 0 10 148 725 141 0 0 0 0 8 78 597 341 
0 0 0 49 55 378 515 27 0 0 0 51 62 425 467 19 0 0 1 42 36 192 631 122 
0 0 0 477 546 1 0 0 0 0 0 888 136 0 0 0 0 0 0 993 31 0 0 0 
0 7 120 123 770 4 0 0 0 9 122 134 757 2 0 0 0 18 124 773 109 0 0 0 
0 0 0 0 1024 0 0 0 0 0 0 0 1024 0 0 0 0 0 0 874 150 0 0 0 
0 0 23 382 595 24 0 0 0 0 26 468 510 20 0 0 0 0 40 586 398 0 0 0 
0 133 500 391 0 0 0 0 0 233 424 367 0 0 0 0 0 405 396 223 0 0 0 0 
0 1024 0 0 0 0 0 0 0 1024 0 0 0 0 0 0 72 952 0 0 0 0 0 0 
352 672 0 0 0 0 0 0 432 592 0 0 0 0 0 0 408 616 0 0 0 0 0 0 
616 408 0 0 0 0 0 0 775 249 0 0 0 0 0 0 745 279 0 0 0 0 0 0 
311 713 0 0 0 0 0 0 664 360 0 0 0 0 0 0 593 431 0 0 0 0 0 0 
792 232 0 0 0 0 0 0 915 109 0 0 0 0 0 0 874 150 0 0 0 0 0 0 
1024 0 0 0 0 0 0 0 1024 0 0 0 0 0 0 0 1024 0 0 0 0 0 0 0 
0 2 46 122 158 461 205 30 3 57 114 96 88 466 172 28 2 26 138 94 93 458 176 37 
0 18 76 101 249 489 90 1 23 89 82 87 234 432 77 0 9 67 112 88 244 422 82 0 
0 13 224 177 172 335 84 19 0 105 130 167 183 338 83 18 5 126 93 144 201 334 98 23 
419 585 19 1 0 0 0 0 806 210 8 0 0 0 0 0 955 66 3 0 0 0 0 0 
8 83 156 777 0 0 0 0 63 389 572 0 0 0 0 0 82 706 236 0 0 0 0 0 
0 0 255 718 51 0 0 0 0 585 437 2 0 0 0 0 0 776 248 0 0 0 0 0 
0 0 311 655 58 0 0 0 0 659 335 29 1 0 0 0 5 819 192 8 0 0 0 0 
92 289 95 469 79 0 0 0 345 151 492 36 0 0 0 0 378 440 202 4 0 0 0 0 
105 544 320 54 1 0 0 0 406 547 70 1 0 0 0 0 564 446 14 0 0 0 0 0 
0 38 359 501 126 0 0 0 5 284 318 246 171 0 0 0 48 436 155 172 205 8 0 0 
0 17 304 558 145 0 0 0 0 5 112 536 371 0 0 0 0 0 55 401 543 25 0 0 
30 271 500 164 22 5 17 15 31 176 479 246 55 5 17 15 18 38 511 307 107 10 18 15 
21 575 105 11 8 21 224 59 24 583 95 10 8 18 230 56 15 144 542 11 8 13 185 106 
2 173 255 8 12 62 433 79 8 215 208 11 9 69 430 74 1 70 358 8 11 39 380 157 
1 46 106 24 142 324 338 43 1 62 94 22 140 331 333 41 0 37 116 24 139 325 330 53 
0 1 2 4 362 305 322 28 0 1 2 10 372 301 313 25 0 1 2 2 331 282 364 42 
0 0 0 1 325 498 81 119 0 0 0 8 343 477 78 118 0 0 0 2 180 604 114 124 
306 25 48 166 134 164 94 87 310 23 49 174 126 171 86 85 302 27 26 162 141 147 108 111 
670 17 10 13 17 57 150 90 671 18 13 13 14 61 149 85 659 26 13 13 14 40 153 106 
620 14 25 98 46 36 55 130 619 20 21 98 47 37 60 122 564 71 32 93 40 34 42 148 
0 18 241 594 23 38 79 31 0 18 249 586 24 39 82 26 0 22 350 482 16 31 66 57 
0 9 44 928 43 0 0 0 0 8 48 928 40 0 0 0 0 12 87 906 19 0 0 0 
0 15 110 639 241 15 4 0 0 21 112 695 177 15 4 0 0 14 190 731 73 14 2 0 
0 0 0 11 1013 0 0 0 0 0 0 53 971 0 0 0 0 0 2 932 90 0 0 0 
0 0 2 480 529 13 0 0 0 0 7 517 494 6 0 0 0 0 38 731 255 0 0 0 
0 1 373 650 0 0 0 0 0 17 410 597 0 0 0 0 0 47 528 449 0 0 0 0 
27 803 194 0 0 0 0 0 86 861 77 0 0 0 0 0 53 940 31 0 0 0 0 0 
356 668 0 0 0 0 0 0 476 548 0 0 0 0 0 0 564 460 0 0 0 0 0 0 
463 554 7 0 0 0 0 0 679 343 2 0 0 0 0 0 597 420 7 0 0 0 0 0 
773 251 0 0 0 0 0 0 908 116 0 0 0 0 0 0 900 124 0 0 0 0 0 0 
984 40 0 0 0 0 0 0 1024 0 0 0 0 0 0 0 1024 0 0 0 0 0 0 0 
1024 0 0 0 0 0 0 0 1024 0 0 0 0 0 0 0 1024 0 0 0 0 0 0 0 
0 0 0 265 45 437 276 1 0 0 0 265 52 455 252 0 0 0 0 267 46 333 378 0 
0 0 0 473 29 265 257 0 0 0 0 473 29 279 243 0 0 0 0 473 29 227 295 0 
0 129 286 361 41 123 81 3 0 281 154 340 42 123 81 3 78 232 157 311 40 123 80 3 
502 522 0 0 0 0 0 0 939 85 0 0 0 0 0 0 1003 21 0 0 0 0 0 0 
297 64 206 457 0 0 0 0 333 279 412 0 0 0 0 0 365 619 40 0 0 0 0 0 
0 30 562 428 4 0 0 0 104 796 106 18 0 0 0 0 38 894 82 10 0 0 0 0 
0 48 713 263 0 0 0 0 136 844 41 3 0 0 0 0 59 945 20 0 0 0 0 0 
425 89 125 385 0 0 0 0 480 197 347 0 0 0 0 0 499 525 0 0 0 0 0 0 
874 150 0 0 0 0 0 0 1011 13 0 0 0 0 0 0 1011 13 0 0 0 0 0 0 
32 458 390 144 0 0 0 0 293 366 282 83 0 0 0 0 353 360 193 118 0 0 0 0 
0 243 404 363 14 0 0 0 0 213 360 276 175 0 0 0 0 89 411 205 313 6 0 0 
0 600 134 290 0 0 0 0 0 539 112 288 85 0 0 0 0 119 508 133 264 0 0 0 
0 640 349 35 0 0 0 0 0 593 349 82 0 0 0 0 0 240 643 128 13 0 0 0 
22 616 386 0 0 0 0 0 29 577 418 0 0 0 0 0 5 345 672 2 0 0 0 0 
345 476 203 0 0 0 0 0 307 533 184 0 0 0 0 0 11 621 392 0 0 0 0 0 
82 854 25 9 8 9 16 21 71 851 43 8 7 11 16 17 14 732 214 9 9 10 14 22 
4 124 598 37 60 46 52 103 5 97 624 39 67 37 46 109 0 31 599 131 53 50 41 119 
598 35 290 14 18 22 4 43 598 38 290 13 19 19 4 43 597 68 260 10 20 21 5 43 
993 29 0 1 1 0 0 0 957 65 0 1 1 0 0 0 735 285 2 1 1 0 0 0 
666 227 113 18 0 0 0 0 547 358 101 18 0 0 0 0 285 600 119 20 0 0 0 0 
5 408 433 178 0 0 0 0 5 394 445 179 1 0 0 0 8 486 392 138 0 0 0 0 
15 112 157 720 20 0 0 0 35 117 175 683 14 0 0 0 49 128 280 564 3 0 0 0 
9 122 98 636 159 0 0 0 27 109 125 698 65 0 0 0 51 113 165 673 22 0 0 0 
15 106 99 182 622 0 0 0 22 111 110 196 585 0 0 0 27 111 130 709 47 0 0 0 
1 25 19 503 466 10 0 0 2 26 21 555 412 8 0 0 7 26 50 780 161 0 0 0 
0 0 224 800 0 0 0 0 0 0 296 728 0 0 0 0 0 0 475 549 0 0 0 0 
0 693 331 0 0 0 0 0 10 760 254 0 0 0 0 0 54 846 124 0 0 0 0 0 
509 481 17 14 3 0 0 0 799 193 16 14 2 0 0 0 811 181 16 14 2 0 0 0 
255 643 76 50 0 0 0 0 383 520 83 38 0 0 0 0 331 570 81 42 0 0 0 0 
968 56 0 0 0 0 0 0 1024 0 0 0 0 0 0 0 1024 0 0 0 0 0 0 0 
1024 0 0 0 0 0 0 0 1024 0 0 0 0 0 0 0 1024 0 0 0 0 0 0 0 
1024 0 0 0 0 0 0 0 1024 0 0 0 0 0 0 0 1024 0 0 0 0 0 0 0 
0 0 0 1024 0 0 0 0 0 0 0 1024 0 0 0 0 0 0 0 1024 0 0 0 0 
0 0 0 1024 0 0 0 0 0 0 0 1024 0 0 0 0 0 0 0 1024 0 0 0 0 
8 223 243 543 7 0 0 0 37 266 200 514 7 0 0 0 84 240 218 475 7 0 0 0 
577 434 13 0 0 0 0 0 898 125 1 0 0 0 0 0 963 60 1 0 0 0 0 0 
945 31 34 14 0 0 0 0 972 41 11 0 0 0 0 0 966 54 4 0 0 0 0 0 
83 99 517 325 0 0 0 0 136 662 226 0 0 0 0 0 154 838 32 0 0 0 0 0 
5 81 783 155 0 0 0 0 59 883 82 0 0 0 0 0 86 938 0 0 0 0 0 0 
807 167 50 0 0 0 0 0 936 88 0 0 0 0 0 0 974 50 0 0 0 0 0 0 
590 362 64 8 0 0 0 0 762 244 18 0 0 0 0 0 860 150 14 0 0 0 0 0 
25 126 302 240 144 120 55 12 78 259 267 135 109 115 52 9 88 280 211 95 117 96 103 34 
0 33 454 100 56 135 200 46 0 36 372 180 50 130 203 53 0 8 202 357 29 68 188 172 
0 88 586 329 6 8 7 0 0 46 476 467 20 8 7 0 0 0 326 474 205 6 8 5 
0 24 502 362 136 0 0 0 0 23 363 503 135 0 0 0 0 16 189 569 250 0 0 0 
62 592 116 168 86 0 0 0 82 573 118 188 63 0 0 0 0 635 112 151 126 0 0 0 
400 624 0 0 0 0 0 0 205 819 0 0 0 0 0 0 0 1024 0 0 0 0 0 0 
64 849 109 2 0 0 0 0 1 854 161 8 0 0 0 0 0 745 240 39 0 0 0 0 
1 180 756 87 0 0 0 0 0 150 712 160 2 0 0 0 0 216 503 276 29 0 0 0 
355 193 445 25 6 0 0 0 355 187 451 25 6 0 0 0 354 286 353 25 6 0 0 0 
1024 0 0 0 0 0 0 0 1024 0 0 0 0 0 0 0 994 30 0 0 0 0 0 0 
878 117 28 1 0 0 0 0 893 102 28 1 0 0 0 0 612 379 29 4 0 0 0 0 
122 303 322 277 0 0 0 0 84 344 323 273 0 0 0 0 55 417 370 182 0 0 0 0 
19 48 66 885 6 0 0 0 21 56 62 883 2 0 0 0 24 55 182 763 0 0 0 0 
387 114 78 421 24 0 0 0 387 112 76 415 34 0 0 0 334 177 81 419 13 0 0 0 
245 60 20 665 34 0 0 0 255 50 19 660 40 0 0 0 45 251 63 650 15 0 0 0 
39 14 36 736 199 0 0 0 39 14 38 734 199 0 0 0 6 47 98 858 15 0 0 0 
0 0 152 872 0 0 0 0 0 0 200 824 0 0 0 0 0 0 490 534 0 0 0 0 
0 620 404 0 0 0 0 0 2 681 341 0 0 0 0 0 94 734 196 0 0 0 0 0 
393 279 16 43 287 6 0 0 391 281 18 42 288 4 0 0 478 194 16 44 288 4 0 0 
380 69 82 42 410 41 0 0 383 64 85 48 403 41 0 0 263 174 70 58 416 43 0 0 
1020 4 0 0 0 0 0 0 1024 0 0 0 0 0 0 0 1024 0 0 0 0 0 0 0 
1024 0 0 0 0 0 0 0 1024 0 0 0 0 0 0 0 1024 0 0 0 0 0 0 0 
1024 0 0 0 0 0 0 0 1024 0 0 0 0 0 0 0 1024 0 0 0 0 0 0 0 
0 0 0 1024 0 0 0 0 0 0 0 1024 0 0 0 0 0 0 24 1000 0 0 0 0 
0 0 112 912 0 0 0 0 0 0 104 920 0 0 0 0 0 0 232 792 0 0 0 0 
19 380 356 268 1 0 0 0 80 341 326 276 1 0 0 0 54 243 442 284 1 0 0 0 
800 217 7 0 0 0 0 0 911 108 5 0 0 0 0 0 872 136 16 0 0 0 0 0 
897 123 4 0 0 0 0 0 912 108 4 0 0 0 0 0 861 148 15 0 0 0 0 0 
306 159 514 45 0 0 0 0 399 510 115 0 0 0 0 0 414 585 25 0 0 0 0 0 
0 140 830 54 0 0 0 0 110 736 178 0 0 0 0 0 132 892 0 0 0 0 0 0 
292 568 164 0 0 0 0 0 496 483 45 0 0 0 0 0 471 425 122 6 0 0 0 0 
516 458 50 0 0 0 0 0 719 290 15 0 0 0 0 0 714 268 41 1 0 0 0 0 
12 446 325 181 56 4 0 0 95 441 271 169 45 3 0 0 161 276 223 225 118 21 0 0 
0 41 213 312 219 144 86 9 2 44 225 289 221 141 89 13 0 9 69 271 252 214 145 64 
7 406 52 81 100 206 150 22 3 354 104 78 100 202 150 33 0 65 368 37 90 130 223 111 
0 433 580 11 0 0 0 0 0 211 771 42 0 0 0 0 0 3 764 257 0 0 0 0 
20 328 495 177 4 0 0 0 0 329 373 313 9 0 0 0 0 283 195 490 56 0 0 0 
126 898 0 0 0 0 0 0 47 977 0 0 0 0 0 0 0 1021 3 0 0 0 0 0 
2 678 300 37 7 0 0 0 0 585 340 84 13 2 0 0 0 369 482 146 23 4 0 0 
0 36 162 353 464 9 0 0 0 17 158 229 579 41 0 0 0 0 151 140 604 124 5 0 
109 27 35 75 743 35 0 0 123 15 35 74 742 35 0 0 120 19 33 75 741 36 0 0 
893 12 10 10 62 33 4 0 895 13 9 8 60 36 3 0 891 14 8 11 53 43 4 0 
1017 7 0 0 0 0 0 0 985 39 0 0 0 0 0 0 774 250 0 0 0 0 0 0 
702 165 44 113 0 0 0 0 567 300 45 112 0 0 0 0 78 780 111 55 0 0 0 0 
555 45 92 332 0 0 0 0 555 44 70 355 0 0 0 0 479 119 335 91 0 0 0 0 
1022 2 0 0 0 0 0 0 1012 12 0 0 0 0 0 0 847 177 0 0 0 0 0 0 
1016 8 0 0 0 0 0 0 960 64 0 0 0 0 0 0 335 684 5 0 0 0 0 0 
536 44 41 360 43 0 0 0 546 33 89 311 45 0 0 0 30 542 178 263 11 0 0 0 
0 0 327 697 0 0 0 0 0 91 588 345 0 0 0 0 0 507 406 111 0 0 0 0 
0 93 874 57 0 0 0 0 0 461 563 0 0 0 0 0 12 816 196 0 0 0 0 0 
55 88 782 20 76 3 0 0 76 802 58 12 73 3 0 0 91 822 24 11 73 3 0 0 
380 228 311 23 81 1 0 0 524 355 45 18 80 2 0 0 444 426 48 19 84 3 0 0 
958 66 0 0 0 0 0 0 1023 1 0 0 0 0 0 0 1013 11 0 0 0 0 0 0 
1018 6 0 0 0 0 0 0 1018 6 0 0 0 0 0 0 1018 6 0 0 0 0 0 0 
1024 0 0 0 0 0 0 0 1024 0 0 0 0 0 0 0 1024 0 0 0 0 0 0 0 
0 0 72 579 180 193 0 0 0 0 62 589 180 193 0 0 0 0 264 387 180 193 0 0 
1 60 91 368 151 353 0 0 1 66 68 381 154 354 0 0 0 20 157 335 152 353 7 0 
43 520 406 55 0 0 0 0 72 511 398 43 0 0 0 0 0 269 591 164 0 0 0 0 
125 588 273 37 1 0 0 0 166 590 238 30 0 0 0 0 36 475 403 104 6 0 0 0 
39 528 435 22 0 0 0 0 46 513 447 18 0 0 0 0 4 211 648 160 1 0 0 0 
35 278 700 10 1 0 0 0 205 756 51 12 0 0 0 0 202 754 42 25 1 0 0 0 
0 27 812 185 0 0 0 0 1 840 183 0 0 0 0 0 0 1006 15 3 0 0 0 0 
56 595 349 24 0 0 0 0 102 687 217 18 0 0 0 0 0 362 576 84 2 0 0 0 
40 644 309 31 0 0 0 0 116 613 275 20 0 0 0 0 0 412 509 102 1 0 0 0 
5 225 552 235 7 0 0 0 12 253 560 194 5 0 0 0 0 53 471 453 46 1 0 0 
14 363 452 177 18 0 0 0 41 383 431 153 16 0 0 0 0 163 441 358 62 0 0 0 
5 169 413 295 95 31 16 0 8 229 373 279 90 30 15 0 0 28 310 386 205 57 31 7 
5 847 53 44 33 35 7 0 6 774 122 45 30 35 12 0 0 192 688 40 36 33 32 3 
0 355 642 27 0 0 0 0 0 206 744 74 0 0 0 0 0 7 678 338 1 0 0 0 
13 849 132 30 0 0 0 0 13 743 231 37 0 0 0 0 0 528 417 75 4 0 0 0 
0 249 583 144 45 3 0 0 0 182 468 282 72 20 0 0 0 80 329 469 111 35 0 0 
138 25 389 170 221 80 1 0 134 23 312 208 180 165 2 0 129 24 200 264 168 185 54 0 
900 117 3 2 2 0 0 0 899 113 9 1 2 0 0 0 990 30 1 1 2 0 0 0 
1016 8 0 0 0 0 0 0 1004 20 0 0 0 0 0 0 1019 5 0 0 0 0 0 0 
1024 0 0 0 0 0 0 0 1024 0 0 0 0 0 0 0 951 73 0 0 0 0 0 0 
1024 0 0 0 0 0 0 0 1024 0 0 0 0 0 0 0 563 461 0 0 0 0 0 0 
919 100 3 2 0 0 0 0 805 211 6 2 0 0 0 0 469 542 9 4 0 0 0 0 
1024 0 0 0 0 0 0 0 1024 0 0 0 0 0 0 0 628 396 0 0 0 0 0 0 
1020 4 0 0 0 0 0 0 1016 8 0 0 0 0 0 0 170 849 5 0 0 0 0 0 
499 100 139 93 21 158 14 0 495 104 146 86 17 162 14 0 77 529 151 75 14 161 17 0 
188 86 157 244 143 201 5 0 201 99 213 145 149 208 9 0 209 165 154 129 149 208 10 0 
20 61 227 402 242 69 3 0 20 147 160 378 247 69 3 0 20 194 123 364 251 69 3 0 
0 199 643 167 15 0 0 0 19 701 200 104 0 0 0 0 39 759 116 110 0 0 0 0 
535 130 339 20 0 0 0 0 583 367 74 0 0 0 0 0 585 430 9 0 0 0 0 0 
1008 16 0 0 0 0 0 0 1008 16 0 0 0 0 0 0 1008 16 0 0 0 0 0 0 
1024 0 0 0 0 0 0 0 1024 0 0 0 0 0 0 0 1024 0 0 0 0 0 0 0 
1024 0 0 0 0 0 0 0 1024 0 0 0 0 0 0 0 1024 0 0 0 0 0 0 0 
0 0 140 22 17 823 22 0 0 0 140 22 18 823 21 0 0 0 140 20 18 806 40 0 
13 243 321 19 20 372 36 0 24 250 306 18 19 376 31 0 0 81 472 42 19 363 47 0 
25 529 455 15 0 0 0 0 52 593 370 9 0 0 0 0 0 204 737 83 0 0 0 0 
72 584 338 30 0 0 0 0 110 577 318 19 0 0 0 0 6 377 525 114 2 0 0 0 
41 571 381 31 0 0 0 0 75 583 339 27 0 0 0 0 5 246 601 169 3 0 0 0 
24 512 447 41 0 0 0 0 132 660 200 32 0 0 0 0 105 455 362 102 0 0 0 0 
3 250 739 32 0 0 0 0 20 781 211 12 0 0 0 0 1 658 317 47 1 0 0 0 
42 560 363 59 0 0 0 0 75 604 307 38 0 0 0 0 0 236 638 146 4 0 0 0 
13 378 553 78 2 0 0 0 23 445 493 61 2 0 0 0 1 139 610 265 9 0 0 0 
7 282 565 167 3 0 0 0 12 328 560 124 0 0 0 0 0 100 466 431 27 0 0 0 
37 460 477 50 0 0 0 0 62 497 427 38 0 0 0 0 5 233 581 191 14 0 0 0 
7 365 502 128 21 1 0 0 20 428 447 110 19 0 0 0 0 90 605 273 53 3 0 0 
48 605 169 103 75 23 1 0 17 644 162 103 70 26 2 0 1 490 184 166 97 66 20 0 
8 887 129 0 0 0 0 0 0 801 223 0 0 0 0 0 0 481 484 59 0 0 0 0 
33 389 539 63 0 0 0 0 31 284 469 240 0 0 0 0 8 105 482 414 15 0 0 0 
0 147 478 273 126 0 0 0 0 45 411 354 207 7 0 0 0 0 202 472 235 115 0 0 
0 1 47 304 561 111 0 0 0 0 29 178 520 291 6 0 0 0 2 94 350 475 103 0 
99 314 445 160 6 0 0 0 30 185 609 194 3 3 0 0 226 525 249 17 3 4 0 0 
728 172 96 28 0 0 0 0 739 161 105 19 0 0 0 0 751 200 67 6 0 0 0 0 
1024 0 0 0 0 0 0 0 1024 0 0 0 0 0 0 0 1024 0 0 0 0 0 0 0 
1023 1 0 0 0 0 0 0 1022 2 0 0 0 0 0 0 992 32 0 0 0 0 0 0 
993 31 0 0 0 0 0 0 1018 6 0 0 0 0 0 0 644 380 0 0 0 0 0 0 
1020 4 0 0 0 0 0 0 1011 13 0 0 0 0 0 0 507 517 0 0 0 0 0 0 
515 55 23 23 254 122 31 1 520 49 24 25 250 127 28 1 126 401 50 26 245 121 53 2 
87 41 27 36 319 487 27 0 16 98 31 31 298 522 28 0 0 3 77 63 239 559 83 0 
9 9 14 80 277 614 21 0 0 16 15 80 278 597 38 0 0 0 13 73 280 567 91 0 
257 127 91 201 191 155 2 0 146 223 102 208 191 153 1 0 15 97 183 309 229 162 29 0 
0 156 665 108 95 0 0 0 10 549 320 64 81 0 0 0 27 790 61 36 110 0 0 0 
599 97 239 89 0 0 0 0 623 87 314 0 0 0 0 0 631 123 270 0 0 0 0 0 
867 157 0 0 0 0 0 0 910 114 0 0 0 0 0 0 793 231 0 0 0 0 0 0 
1024 0 0 0 0 0 0 0 1024 0 0 0 0 0 0 0 1024 0 0 0 0 0 0 0 
1024 0 0 0 0 0 0 0 1024 0 0 0 0 0 0 0 1024 0 0 0 0 0 0 0 
0 0 1024 0 0 0 0 0 0 0 1024 0 0 0 0 0 0 0 1024 0 0 0 0 0 
20 477 527 0 0 0 0 0 40 497 487 0 0 0 0 0 0 169 839 16 0 0 0 0 
114 740 170 0 0 0 0 0 142 746 136 0 0 0 0 0 1 376 615 32 0 0 0 0 
100 617 300 7 0 0 0 0 144 620 253 7 0 0 0 0 0 340 606 78 0 0 0 0 
87 671 260 6 0 0 0 0 134 673 213 4 0 0 0 0 0 339 594 91 0 0 0 0 
79 688 254 3 0 0 0 0 135 700 188 1 0 0 0 0 0 448 526 50 0 0 0 0 
109 570 327 18 0 0 0 0 152 565 297 10 0 0 0 0 10 398 546 70 0 0 0 0 
31 654 312 27 0 0 0 0 68 679 257 20 0 0 0 0 0 253 677 92 2 0 0 0 
9 369 539 102 5 0 0 0 15 414 492 99 4 0 0 0 0 68 539 382 35 0 0 0 
14 285 577 147 1 0 0 0 25 335 550 114 0 0 0 0 0 71 505 416 32 0 0 0 
94 632 286 12 0 0 0 0 138 641 234 11 0 0 0 0 5 381 564 70 4 0 0 0 
24 550 438 12 0 0 0 0 64 618 335 7 0 0 0 0 1 217 714 92 0 0 0 0 
67 289 382 159 70 38 19 0 51 345 364 141 65 38 20 0 0 135 403 266 118 53 41 8 
162 841 4 5 9 3 0 0 159 831 17 6 8 3 0 0 4 945 55 5 5 7 3 0 
5 339 516 157 7 0 0 0 0 259 518 194 53 0 0 0 0 41 580 293 105 5 0 0 
0 11 734 279 0 0 0 0 0 0 286 702 36 0 0 0 0 0 13 823 187 1 0 0 
0 0 32 439 528 25 0 0 0 0 14 276 647 87 0 0 0 0 0 120 500 388 16 0 
93 337 524 34 4 32 0 0 69 334 520 64 4 30 3 0 136 536 273 37 9 20 13 0 
387 99 484 27 18 9 0 0 406 323 241 28 19 7 0 0 402 450 118 25 17 12 0 0 
1024 0 0 0 0 0 0 0 1024 0 0 0 0 0 0 0 1024 0 0 0 0 0 0 0 
998 23 3 0 0 0 0 0 1001 20 3 0 0 0 0 0 850 171 3 0 0 0 0 0 
1024 0 0 0 0 0 0 0 1024 0 0 0 0 0 0 0 978 46 0 0 0 0 0 0 
878 146 0 0 0 0 0 0 1018 6 0 0 0 0 0 0 333 691 0 0 0 0 0 0 
907 117 0 0 0 0 0 0 760 264 0 0 0 0 0 0 277 219 512 16 0 0 0 0 
1024 0 0 0 0 0 0 0 164 860 0 0 0 0 0 0 0 22 822 180 0 0 0 0 
844 113 16 13 26 12 0 0 342 587 35 18 23 19 0 0 0 142 558 253 42 27 2 0 
674 222 114 14 0 0 0 0 484 512 19 9 0 0 0 0 32 482 474 36 0 0 0 0 
8 56 875 85 0 0 0 0 37 365 604 18 0 0 0 0 47 921 41 15 0 0 0 0 
616 48 310 44 6 0 0 0 635 85 285 19 0 0 0 0 647 282 88 7 0 0 0 0 
974 50 0 0 0 0 0 0 1004 20 0 0 0 0 0 0 1003 21 0 0 0 0 0 0 
951 16 15 37 5 0 0 0 958 12 15 39 0 0 0 0 955 16 18 35 0 0 0 0 
678 74 46 167 59 0 0 0 702 60 59 203 0 0 0 0 691 68 65 200 0 0 0 0 
0 188 836 0 0 0 0 0 0 294 730 0 0 0 0 0 0 401 623 0 0 0 0 0 
54 569 374 27 0 0 0 0 78 571 348 27 0 0 0 0 0 279 700 45 0 0 0 0 
167 800 57 0 0 0 0 0 198 785 41 0 0 0 0 0 3 526 492 3 0 0 0 0 
107 640 271 6 0 0 0 0 166 634 219 5 0 0 0 0 0 347 613 64 0 0 0 0 
56 616 333 19 0 0 0 0 117 601 292 14 0 0 0 0 1 338 580 103 2 0 0 0 
51 709 254 10 0 0 0 0 87 742 188 7 0 0 0 0 1 369 611 43 0 0 0 0 
60 545 345 73 1 0 0 0 104 564 281 69 6 0 0 0 3 252 635 126 8 0 0 0 
34 500 438 52 0 0 0 0 35 553 388 48 0 0 0 0 0 134 632 247 11 0 0 0 
4 278 526 205 11 0 0 0 8 320 514 173 9 0 0 0 0 45 461 449 67 2 0 0 
24 478 436 86 0 0 0 0 62 508 388 66 0 0 0 0 0 140 596 267 21 0 0 0 
150 576 284 14 0 0 0 0 203 598 214 9 0 0 0 0 0 435 512 76 1 0 0 0 
29 484 467 44 0 0 0 0 51 528 413 32 0 0 0 0 0 252 621 151 0 0 0 0 
156 348 355 102 34 23 6 0 211 392 304 61 31 21 4 0 10 360 416 144 45 37 10 2 
669 323 5 5 8 4 8 2 767 225 6 4 8 4 8 2 1 985 9 5 5 6 5 8 
46 616 354 8 0 0 0 0 11 630 362 21 0 0 0 0 0 333 544 143 4 0 0 0 
0 58 406 507 53 0 0 0 0 40 143 582 259 0 0 0 0 0 97 406 448 73 0 0 
0 0 47 549 416 12 0 0 0 0 0 375 632 17 0 0 0 0 0 144 665 210 5 0 
14 97 838 24 18 29 4 0 17 610 322 23 17 31 4 0 18 894 35 21 12 36 8 0 
643 58 323 0 0 0 0 0 656 224 144 0 0 0 0 0 655 310 59 0 0 0 0 0 
899 22 25 75 3 0 0 0 906 21 79 18 0 0 0 0 901 26 83 14 0 0 0 0 
354 54 34 582 0 0 0 0 362 50 360 252 0 0 0 0 357 59 558 50 0 0 0 0 
674 26 20 293 11 0 0 0 682 27 39 274 2 0 0 0 676 35 216 97 0 0 0 0 
994 30 0 0 0 0 0 0 1019 5 0 0 0 0 0 0 930 94 0 0 0 0 0 0 
477 149 33 348 17 0 0 0 475 163 35 351 0 0 0 0 302 189 203 329 1 0 0 0 
550 18 25 428 3 0 0 0 324 252 24 424 0 0 0 0 68 127 281 548 0 0 0 0 
546 74 30 338 36 0 0 0 159 469 33 360 3 0 0 0 29 64 379 549 3 0 0 0 
61 88 26 842 7 0 0 0 16 137 91 780 0 0 0 0 0 26 233 765 0 0 0 0 
0 2 3 858 161 0 0 0 0 4 13 1005 2 0 0 0 0 4 27 993 0 0 0 0 
535 46 29 389 25 0 0 0 550 35 44 395 0 0 0 0 543 39 70 372 0 0 0 0 
896 63 20 42 3 0 0 0 915 49 23 37 0 0 0 0 909 53 42 20 0 0 0 0 
263 36 28 680 17 0 0 0 271 34 83 635 1 0 0 0 270 35 42 677 0 0 0 0 
134 69 88 733 0 0 0 0 138 83 221 582 0 0 0 0 108 99 141 676 0 0 0 0 
