0 10 18 130 46 56 136 628 0 5 14 25 66 154 225 535 0 0 3 11 32 87 331 560 
0 286 246 123 39 29 23 278 0 0 0 289 281 114 40 300 0 0 0 0 13 493 187 331 
0 34 990 0 0 0 0 0 0 0 0 2 451 571 0 0 0 0 0 0 0 109 902 13 
0 0 1024 0 0 0 0 0 0 0 0 0 0 1024 0 0 0 0 0 0 0 0 627 397 
0 0 1024 0 0 0 0 0 0 0 0 0 1 1023 0 0 0 0 0 0 0 0 1020 4 
0 0 1024 0 0 0 0 0 0 0 0 0 866 158 0 0 0 0 0 0 0 0 1024 0 
0 145 879 0 0 0 0 0 0 0 0 0 1024 0 0 0 0 0 0 0 0 428 596 0 
0 860 164 0 0 0 0 0 0 0 0 251 773 0 0 0 0 0 0 0 0 1024 0 0 
0 1024 0 0 0 0 0 0 0 0 0 1013 11 0 0 0 0 0 0 0 0 1024 0 0 
0 1024 0 0 0 0 0 0 0 0 0 1024 0 0 0 0 0 0 0 0 342 682 0 0 
0 1024 0 0 0 0 0 0 0 0 0 1024 0 0 0 0 0 0 0 0 1024 0 0 0 
0 1021 3 0 0 0 0 0 0 0 0 1023 1 0 0 0 0 0 0 0 1024 0 0 0 
0 721 124 100 68 11 0 0 0 5 54 849 106 10 0 0 0 27 33 115 843 6 0 0 
1 361 343 174 112 33 0 0 0 88 303 484 125 24 0 0 2 248 215 224 335 0 0 0 
0 334 343 254 89 4 0 0 0 238 239 421 124 2 0 0 6 379 248 301 90 0 0 0 
0 20 376 318 251 55 4 0 1 40 221 286 421 47 8 0 7 185 275 318 210 29 0 0 
0 36 404 347 179 56 2 0 2 88 338 241 276 72 7 0 16 347 273 166 149 73 0 0 
0 28 352 347 220 77 0 0 3 165 301 266 206 83 0 0 39 356 298 198 79 52 2 0 
0 43 172 255 308 204 39 3 0 1 144 297 357 185 34 6 5 124 210 387 219 77 2 0 
15 62 232 302 108 94 45 166 12 55 358 152 242 20 57 128 0 7 283 262 115 160 92 105 
0 121 123 357 149 38 24 212 0 3 29 240 368 126 53 205 0 0 16 26 248 381 148 205 
0 18 398 40 192 358 18 0 0 0 0 33 427 475 89 0 0 0 0 0 139 328 557 0 
0 0 440 16 118 422 28 0 0 0 0 0 144 757 123 0 0 0 0 0 78 192 746 8 
0 0 468 22 147 387 0 0 0 0 0 9 182 833 0 0 0 0 0 0 115 234 675 0 
324 53 464 27 85 71 0 0 0 284 80 65 482 113 0 0 0 0 0 64 392 123 445 0 
320 192 419 76 17 0 0 0 2 305 130 84 494 9 0 0 0 0 1 170 302 275 275 1 
394 434 156 38 2 0 0 0 3 399 71 183 368 0 0 0 0 0 3 345 137 526 13 0 
135 592 29 90 178 0 0 0 0 144 18 664 198 0 0 0 0 0 1 194 288 541 0 0 
0 633 26 205 160 0 0 0 0 0 0 765 259 0 0 0 0 0 0 57 534 433 0 0 
0 679 21 315 9 0 0 0 0 0 1 947 76 0 0 0 0 0 0 140 879 5 0 0 
0 692 43 277 12 0 0 0 0 0 69 930 25 0 0 0 0 0 8 269 744 3 0 0 
0 166 361 263 166 53 14 1 0 64 313 385 208 41 13 0 11 238 309 272 179 15 0 0 
0 34 274 333 243 108 29 3 0 36 291 359 248 72 18 0 6 199 386 307 108 17 1 0 
0 79 420 276 187 51 11 0 0 100 373 350 159 35 7 0 25 327 375 241 51 5 0 0 
0 69 441 294 141 68 11 0 1 120 456 278 134 35 0 0 21 413 365 169 55 1 0 0 
0 61 407 352 156 38 9 1 9 156 329 192 282 47 7 2 60 383 217 143 101 119 1 0 
0 44 387 361 190 38 4 0 2 171 334 199 157 160 1 0 27 397 233 128 105 129 5 0 
0 27 127 262 303 241 60 4 0 4 105 201 310 338 59 7 13 238 183 269 229 78 14 0 
14 48 230 344 184 144 60 0 13 149 363 248 219 19 13 0 0 58 439 272 105 136 14 0 
0 0 138 631 142 69 18 26 0 15 90 296 351 227 27 18 0 0 107 31 409 376 85 16 
4 34 33 150 363 440 0 0 7 5 29 170 515 298 0 0 0 12 49 120 323 493 27 0 
12 47 204 392 49 320 0 0 18 26 63 558 63 295 1 0 0 31 58 371 254 231 79 0 
15 23 233 360 68 325 0 0 25 12 90 523 68 306 0 0 0 32 71 374 235 290 22 0 
26 14 207 362 230 185 0 0 24 21 98 494 280 107 0 0 0 33 89 355 292 255 0 0 
8 33 147 411 421 4 0 0 12 31 115 485 381 0 0 0 0 30 104 369 470 51 0 0 
3 25 140 467 389 0 0 0 10 23 148 494 349 0 0 0 0 25 139 394 466 0 0 0 
5 30 141 478 370 0 0 0 14 26 148 530 306 0 0 0 0 29 169 410 416 0 0 0 
0 25 84 726 175 10 4 0 13 16 130 643 211 9 2 0 9 15 189 495 309 6 1 0 
0 16 62 939 5 2 0 0 0 17 79 921 5 2 0 0 0 1 156 757 108 2 0 0 
0 18 9 985 12 0 0 0 0 19 11 994 0 0 0 0 0 16 70 936 2 0 0 0 
0 1 53 674 204 66 26 0 0 0 33 792 120 57 22 0 0 4 160 753 82 25 0 0 
0 17 75 466 355 86 25 0 0 13 100 575 255 74 7 0 5 90 241 591 86 11 0 0 
0 30 66 231 580 116 1 0 0 27 89 296 540 71 1 0 20 70 246 626 62 0 0 0 
0 69 223 193 298 203 38 0 1 131 230 197 362 92 11 0 41 322 207 318 131 5 0 0 
0 105 354 283 186 94 2 0 3 215 373 256 153 23 1 0 62 490 311 143 17 1 0 0 
0 83 337 271 203 114 16 0 8 231 353 222 141 63 6 0 89 497 235 132 53 18 0 0 
0 100 248 405 189 75 7 0 0 9 169 219 221 381 25 0 25 139 111 196 190 296 67 0 
1 24 337 293 171 123 73 2 4 27 479 242 200 31 41 0 0 7 497 254 117 113 36 0 
0 0 80 705 125 75 34 5 0 7 75 336 323 250 33 0 0 0 67 63 421 400 70 3 
0 222 23 89 352 338 0 0 0 0 2 303 439 280 0 0 0 0 0 13 745 266 0 0 
0 899 125 0 0 0 0 0 0 0 0 1024 0 0 0 0 0 0 0 0 1024 0 0 0 
0 477 547 0 0 0 0 0 0 0 0 1024 0 0 0 0 0 0 0 7 1017 0 0 0 
79 181 467 28 40 211 18 0 0 83 68 604 44 225 0 0 0 0 105 86 649 184 0 0 
0 0 209 576 237 2 0 0 0 0 39 978 7 0 0 0 0 0 2 620 402 0 0 0 
0 3 184 642 194 1 0 0 0 0 38 554 432 0 0 0 0 0 0 100 897 27 0 0 
0 0 216 351 364 18 75 0 0 0 16 345 523 65 75 0 0 0 0 43 573 370 38 0 
0 0 345 319 118 124 100 18 0 0 13 77 541 266 107 20 0 0 15 30 319 563 77 20 
0 0 439 383 28 174 0 0 0 0 0 5 823 196 0 0 0 0 0 0 336 688 0 0 
0 73 506 288 15 142 0 0 0 3 13 294 566 148 0 0 0 2 10 21 752 239 0 0 
0 507 183 312 6 13 3 0 0 18 366 404 220 14 2 0 0 15 75 443 472 19 0 0 
0 322 191 200 165 16 16 114 0 13 374 190 242 76 14 115 0 18 80 470 272 59 98 27 
0 7 192 185 279 175 64 122 0 6 184 240 262 159 59 114 6 194 251 225 107 105 70 66 
0 35 285 242 210 88 108 56 0 81 293 246 184 69 111 40 23 339 305 138 61 85 41 32 
2 59 268 269 251 142 33 0 2 87 321 286 241 79 8 0 17 317 376 248 65 1 0 0 
0 1 187 307 257 136 89 47 0 25 275 322 191 100 70 41 13 287 347 203 96 59 19 0 
0 21 272 348 192 122 36 33 0 2 224 228 184 314 45 27 13 244 163 140 153 202 108 1 
0 0 43 123 30 16 800 12 0 1 61 60 75 40 787 0 0 0 30 85 16 120 773 0 
0 0 50 655 112 107 99 1 0 0 5 376 387 155 101 0 0 0 2 89 473 350 109 1 
0 256 8 121 365 274 0 0 0 0 1 395 377 251 0 0 0 0 0 19 767 238 0 0 
0 956 68 0 0 0 0 0 0 0 0 1024 0 0 0 0 0 0 0 0 1024 0 0 0 
0 293 731 0 0 0 0 0 0 0 0 1024 0 0 0 0 0 0 0 0 1024 0 0 0 
77 182 372 40 45 246 62 0 0 94 84 493 47 306 0 0 0 0 130 109 521 264 0 0 
0 0 83 637 274 25 5 0 0 0 77 913 15 19 0 0 0 0 25 922 60 17 0 0 
0 0 30 397 545 52 0 0 0 0 6 709 309 0 0 0 0 0 4 450 570 0 0 0 
0 0 36 424 386 27 151 0 0 2 44 278 520 32 148 0 0 0 25 182 602 139 76 0 
0 0 176 305 98 316 96 33 0 0 22 24 214 631 101 32 0 0 20 27 67 755 120 35 
0 2 25 67 148 760 22 0 0 5 30 86 121 777 5 0 0 6 30 70 144 766 8 0 
0 103 156 118 213 381 53 0 0 89 171 127 212 406 19 0 5 183 137 139 214 344 2 0 
0 214 394 235 111 48 22 0 0 58 456 331 119 53 7 0 11 265 330 310 67 40 1 0 
0 149 332 248 129 32 19 115 0 60 388 310 109 30 15 112 22 213 309 294 45 18 67 56 
0 7 241 173 168 88 68 279 0 23 293 165 151 67 57 268 10 199 256 136 58 65 94 206 
0 42 237 270 227 134 40 74 0 31 328 248 239 83 26 69 18 259 335 251 56 21 23 61 
0 72 328 274 182 122 46 0 0 60 374 265 203 91 31 0 33 381 251 282 74 3 0 0 
0 4 96 241 270 241 167 5 1 77 110 228 246 249 112 1 19 178 188 287 188 99 65 0 
0 112 224 401 158 113 16 0 0 0 55 226 230 507 6 0 0 42 76 187 199 407 113 0 
0 0 35 42 1 113 785 48 0 0 19 26 30 269 680 0 0 0 0 21 34 345 624 0 
0 0 104 566 133 111 110 0 0 0 11 382 346 171 114 0 0 0 0 129 445 331 119 0 
4 219 55 127 335 276 8 0 0 8 154 292 293 266 11 0 0 0 35 190 530 262 7 0 
18 817 29 25 38 62 30 5 12 37 339 555 39 33 6 3 3 43 78 307 563 24 2 4 
1 707 205 25 49 32 5 0 2 19 177 749 51 23 3 0 2 4 29 190 774 23 2 0 
88 330 304 71 55 133 32 11 16 106 124 530 82 151 12 3 0 16 131 177 563 129 8 0 
6 161 286 93 104 145 190 39 37 90 57 309 179 285 39 28 1 52 80 238 315 286 36 16 
0 11 403 81 170 72 269 18 0 7 33 161 497 115 200 11 1 7 45 132 283 525 24 7 
0 224 334 47 130 38 250 1 0 0 71 426 247 35 245 0 0 0 2 145 535 299 43 0 
1 70 367 116 98 277 51 44 8 25 66 202 319 315 45 44 2 24 33 113 222 546 36 48 
0 0 0 35 197 783 9 0 0 0 0 48 227 749 0 0 0 0 0 52 236 736 0 0 
0 8 12 33 219 649 103 0 0 6 17 52 245 697 7 0 0 13 20 82 264 645 0 0 
1 206 345 215 145 66 46 0 0 151 370 249 148 92 14 0 33 350 275 234 67 64 1 0 
0 127 511 255 106 21 1 3 4 169 502 256 73 15 2 3 51 538 297 115 18 2 1 2 
0 82 323 227 152 80 66 94 14 154 311 209 140 82 29 85 69 416 228 118 64 33 16 80 
0 7 157 298 258 168 56 80 0 15 255 288 270 88 39 69 6 259 303 253 90 23 28 62 
0 96 317 347 154 81 28 1 0 23 437 380 104 62 18 0 3 200 410 342 56 13 0 0 
0 4 147 325 223 186 115 24 1 129 191 212 185 194 94 18 9 252 146 278 153 138 48 0 
0 4 239 273 252 167 65 24 0 14 244 283 214 193 58 18 24 301 263 215 132 73 16 0 
0 0 52 228 234 150 301 59 0 14 77 81 400 170 282 0 0 3 72 76 266 352 255 0 
0 8 97 504 194 147 44 30 4 21 72 351 417 120 39 0 4 21 58 235 412 258 36 0 
1 78 35 143 369 302 96 0 0 11 86 228 325 321 53 0 0 3 50 184 396 339 52 0 
62 428 50 66 146 249 20 3 11 125 402 114 164 203 2 3 5 31 225 406 262 91 1 3 
15 305 115 98 79 194 215 3 19 36 380 166 97 303 23 0 9 25 136 387 177 290 0 0 
15 261 43 75 108 222 296 4 7 41 253 95 157 303 168 0 1 22 72 308 215 384 22 0 
2 195 178 101 76 122 237 113 23 58 124 313 94 121 256 35 5 74 121 253 223 189 153 6 
0 56 315 66 59 70 183 275 9 50 62 359 179 84 243 38 5 126 96 134 329 137 192 5 
6 75 256 67 109 123 143 245 3 31 81 240 170 171 177 151 1 11 66 97 354 201 284 10 
3 24 174 75 42 311 171 224 14 29 63 116 90 356 174 182 9 28 71 41 187 378 242 68 
0 93 104 53 147 519 108 0 0 0 122 180 138 584 0 0 0 47 213 258 195 311 0 0 
1 139 182 183 120 307 92 0 5 41 230 190 159 391 8 0 0 16 67 290 283 368 0 0 
0 63 157 151 209 210 224 10 1 56 170 162 202 278 150 5 6 109 217 179 191 293 29 0 
0 98 314 314 201 42 19 36 2 126 289 354 174 27 17 35 42 278 359 260 31 13 20 21 
0 227 286 204 142 65 34 66 3 238 347 199 102 49 24 62 65 492 210 107 52 23 33 42 
0 30 188 225 289 182 83 27 6 81 219 283 245 133 41 16 25 253 350 242 108 19 18 9 
0 42 164 283 222 158 101 54 0 56 204 333 209 141 78 3 45 180 299 318 113 66 3 0 
0 7 135 255 256 164 184 23 2 96 175 190 196 194 153 18 29 222 185 242 152 140 54 0 
0 108 210 444 165 82 15 0 0 9 134 178 193 493 17 0 0 55 97 229 180 302 161 0 
0 132 101 157 160 252 215 7 30 154 134 191 227 148 140 0 4 147 154 214 240 172 93 0 
0 23 88 245 286 221 112 49 10 56 246 347 281 63 19 2 10 49 219 384 296 54 11 1 
3 93 12 139 403 340 33 1 1 18 86 215 340 343 20 1 0 4 42 218 429 305 26 0 
57 382 82 39 164 155 129 16 29 228 269 34 167 190 102 5 19 173 221 151 180 226 53 1 
77 380 160 153 100 118 35 1 50 229 319 211 119 94 1 1 31 146 268 301 195 81 1 1 
142 470 151 99 53 80 28 1 14 129 478 230 90 72 11 0 11 53 224 539 141 51 5 0 
12 498 199 74 52 49 72 68 7 150 334 321 44 77 56 35 3 53 229 455 139 86 46 13 
11 121 481 118 74 60 81 78 6 40 156 314 300 95 42 71 3 31 101 184 417 187 59 42 
0 4 581 69 94 132 98 46 0 8 24 127 634 140 73 18 0 8 28 89 535 296 67 1 
0 54 385 141 128 236 48 32 0 22 102 182 437 207 43 31 0 17 100 167 388 289 30 33 
0 13 45 89 101 713 44 19 0 8 35 95 107 725 36 18 0 0 28 91 105 749 41 10 
0 18 35 83 112 751 25 0 0 3 42 79 130 759 10 1 0 0 20 87 132 777 8 0 
0 56 96 112 106 601 53 0 0 46 107 117 109 629 16 0 0 41 123 120 139 591 10 0 
0 32 600 278 46 48 20 0 16 168 610 124 44 61 1 0 32 654 223 62 16 37 0 0 
11 172 420 181 123 71 20 26 24 260 368 173 119 42 15 23 107 528 192 126 27 13 12 19 
0 169 368 200 182 72 25 8 4 213 376 215 147 54 15 0 53 373 345 196 27 26 3 1 
0 77 303 262 258 113 6 5 1 144 322 264 244 42 3 4 39 294 437 238 10 3 3 0 
0 12 213 260 238 161 118 22 3 83 244 247 224 134 74 15 52 290 294 208 101 62 17 0 
0 50 272 316 201 117 63 5 0 40 216 269 210 220 62 7 30 244 208 182 183 152 25 0 
0 98 124 253 262 245 42 0 36 79 241 260 292 113 3 0 0 111 214 331 295 73 0 0 
0 0 60 138 311 342 119 54 0 0 78 217 413 224 69 23 0 0 77 261 447 190 44 5 
5 7 38 137 524 280 33 0 0 4 68 280 398 274 0 0 1 11 26 240 469 277 0 0 
9 103 75 35 545 101 107 49 2 50 146 64 535 129 89 9 0 44 68 129 590 142 51 0 
196 441 33 24 70 138 120 2 121 222 337 42 98 190 14 0 22 159 235 300 161 147 0 0 
85 247 76 143 138 183 152 0 104 120 314 124 103 196 63 0 28 200 96 347 167 186 0 0 
0 176 142 30 21 91 315 249 4 55 183 114 57 209 271 131 2 39 70 241 113 344 141 74 
15 143 178 56 64 115 262 191 21 25 94 248 70 206 349 11 8 36 68 275 112 261 264 0 
1 63 187 127 108 136 177 225 2 39 130 257 103 151 278 64 0 46 121 253 177 196 229 2 
0 46 191 84 95 133 243 232 4 25 68 288 89 104 300 146 2 6 46 256 163 239 266 46 
2 66 170 48 62 63 314 299 0 7 41 205 82 81 437 171 0 1 13 167 133 152 533 25 
0 127 138 116 113 92 278 160 0 9 89 182 117 130 387 110 0 5 40 227 137 216 384 15 
0 86 252 235 101 165 179 6 16 211 213 179 112 166 122 5 21 224 179 200 156 198 46 0 
0 119 529 313 49 14 0 0 10 266 483 214 42 9 0 0 30 569 357 64 4 0 0 0 
9 451 269 151 87 42 12 3 57 423 249 155 95 33 12 0 58 594 253 84 23 11 1 0 
13 177 350 234 161 64 15 10 5 184 371 241 153 51 9 10 13 403 340 186 59 8 6 9 
0 201 271 303 197 46 6 0 0 114 461 276 153 15 5 0 16 260 581 149 16 2 0 0 
0 109 231 251 208 98 82 45 10 163 276 210 194 73 79 19 64 354 239 195 89 77 6 0 
0 129 303 229 212 90 55 6 0 197 314 243 165 87 18 0 43 458 299 163 55 6 0 0 
0 2 252 422 273 74 1 0 0 51 264 541 152 16 0 0 0 30 181 622 177 14 0 0 
0 0 145 304 334 183 58 0 0 0 177 440 321 74 12 0 0 0 54 544 347 79 0 0 
76 246 69 104 256 273 0 0 78 40 266 272 106 262 0 0 74 19 50 484 204 193 0 0 
12 646 150 68 38 76 21 13 13 33 389 397 46 43 101 2 11 15 36 521 266 62 75 38 
0 517 507 0 0 0 0 0 0 0 230 794 0 0 0 0 0 0 0 400 624 0 0 0 
0 829 165 12 9 9 0 0 0 20 489 498 12 5 0 0 0 0 47 748 229 0 0 0 
28 405 72 40 33 180 229 37 2 262 165 118 64 257 155 1 3 27 296 195 249 215 39 0 
0 30 599 35 19 163 174 4 0 0 15 495 182 241 91 0 0 0 5 63 749 199 8 0 
0 14 836 44 14 106 10 0 0 1 6 823 82 109 3 0 0 0 3 55 889 77 0 0 
0 24 720 24 102 89 42 23 0 0 11 673 175 108 32 25 0 0 1 28 873 64 33 25 
1 96 791 32 67 37 0 0 0 20 88 802 97 17 0 0 0 0 91 226 707 0 0 0 
0 519 449 29 27 0 0 0 0 50 118 819 35 2 0 0 0 18 115 322 568 1 0 0 
0 0 166 825 33 0 0 0 0 1 54 578 391 0 0 0 0 3 89 440 492 0 0 0 
0 0 19 999 6 0 0 0 0 0 0 991 33 0 0 0 0 0 615 409 0 0 0 0 
0 0 183 774 37 17 7 6 0 0 12 946 39 18 9 0 0 0 871 124 19 10 0 0 
0 41 449 426 82 20 6 0 0 20 365 520 100 13 6 0 6 150 644 202 16 6 0 0 
0 153 347 250 196 74 3 1 0 157 397 254 189 26 1 0 63 442 328 176 14 1 0 0 
1 134 250 232 207 126 47 27 6 255 214 223 211 67 35 13 113 339 243 234 53 38 4 0 
0 51 208 223 189 193 91 69 0 37 250 255 231 148 88 15 23 230 262 285 148 71 5 0 
15 54 91 375 279 153 36 21 28 80 131 336 343 81 25 0 0 43 116 287 459 96 22 1 
7 23 23 149 194 275 284 69 10 36 99 274 289 200 116 0 2 33 183 212 313 208 73 0 
151 62 76 115 273 286 61 0 167 56 114 266 113 293 15 0 158 52 62 339 322 91 0 0 
196 312 129 80 148 87 68 4 13 375 246 96 181 68 44 1 1 79 449 199 200 77 15 4 
48 140 329 148 110 123 63 63 110 196 187 230 116 100 62 23 22 194 261 215 177 88 53 14 
53 473 228 121 111 30 5 3 23 379 351 218 49 1 3 0 79 419 294 207 25 0 0 0 
2 22 57 97 189 312 258 87 14 36 130 274 232 244 48 46 391 238 144 33 93 119 2 4 
4 98 267 160 148 257 87 3 8 120 248 258 159 228 1 2 176 189 167 172 288 29 3 0 
1 197 294 145 79 203 105 0 9 205 160 291 151 208 0 0 2 206 149 193 423 51 0 0 
3 300 217 115 163 147 72 7 3 228 239 165 196 159 26 8 2 162 260 206 311 66 13 4 
13 113 290 443 127 29 8 1 3 92 193 511 185 31 8 1 0 41 194 635 120 28 5 1 
0 145 59 80 97 208 428 7 0 94 95 80 101 282 369 3 1 39 133 96 137 539 79 0 
3 62 430 302 146 80 1 0 36 67 280 371 227 42 1 0 28 88 387 353 161 7 0 0 
0 0 225 799 0 0 0 0 0 0 6 1014 4 0 0 0 0 0 632 392 0 0 0 0 
0 28 432 428 104 17 14 1 0 41 244 618 95 18 7 1 18 150 687 140 19 9 1 0 
0 68 408 361 158 15 11 3 0 110 346 400 147 13 7 1 33 285 546 140 10 9 1 0 
0 100 316 254 138 93 90 33 11 176 247 287 136 116 50 1 67 302 340 177 110 28 0 0 
0 145 270 214 259 87 36 13 3 265 243 229 204 54 24 2 140 355 257 210 44 17 1 0 
0 107 251 263 202 100 47 54 4 165 239 211 216 112 54 23 52 316 267 179 102 94 14 0 
228 340 114 149 66 107 10 10 367 247 138 126 120 16 8 2 96 325 245 192 140 17 8 1 
0 13 161 143 231 383 73 20 0 79 261 250 320 73 41 0 0 20 320 343 254 72 15 0 
12 189 121 131 307 233 31 0 9 191 132 336 235 118 3 0 1 130 185 351 332 25 0 0 
136 586 184 47 58 12 1 0 93 608 185 78 51 9 0 0 23 541 189 186 73 11 1 0 
175 418 178 139 112 2 0 0 116 384 224 275 25 0 0 0 51 347 159 382 82 3 0 0 
162 301 192 70 200 79 19 1 168 336 173 63 180 93 11 0 161 354 171 58 196 78 6 0 
41 123 339 207 117 187 10 0 52 186 341 178 73 191 3 0 40 168 429 133 75 179 0 0 
17 471 180 65 21 270 0 0 45 476 202 22 119 160 0 0 38 450 235 127 14 160 0 0 
35 133 59 196 66 518 17 0 88 108 114 127 349 229 9 0 87 126 183 176 268 184 0 0 
10 103 149 189 136 371 65 1 19 127 174 158 190 303 52 1 17 134 250 124 340 149 10 0 
172 210 194 186 73 188 1 0 25 388 169 193 63 186 0 0 0 121 429 217 105 152 0 0 
13 229 89 113 119 443 18 0 2 147 177 122 119 448 9 0 0 8 250 169 210 386 1 0 
1 353 572 98 0 0 0 0 17 200 564 242 1 0 0 0 8 83 657 274 2 0 0 0 
2 88 432 468 34 0 0 0 2 99 172 688 63 0 0 0 73 105 318 521 7 0 0 0 
0 111 376 410 90 25 9 3 1 184 341 358 112 17 10 1 52 417 310 219 14 12 0 0 
0 63 336 330 230 51 9 5 0 100 378 315 203 20 7 1 38 318 430 210 17 10 1 0 
0 106 565 257 71 16 6 3 25 254 426 261 42 10 5 1 109 410 411 79 7 8 0 0 
0 85 396 146 166 141 64 26 7 266 253 120 176 145 56 1 134 378 144 159 148 60 1 0 
1 73 339 279 177 99 51 5 0 57 256 261 277 146 27 0 26 170 238 280 211 98 1 0 
0 93 181 422 158 161 9 0 0 179 199 411 135 100 0 0 0 95 170 487 154 118 0 0 
0 1 84 463 267 209 0 0 0 2 107 515 306 94 0 0 0 0 50 613 286 75 0 0 
0 19 70 233 597 105 0 0 0 7 88 348 549 32 0 0 0 5 55 395 567 2 0 0 
14 41 78 325 482 84 0 0 24 28 72 283 617 0 0 0 9 41 46 299 629 0 0 0 
0 1 103 223 602 95 0 0 0 0 72 240 712 0 0 0 0 1 41 243 735 4 0 0 
0 0 71 207 647 99 0 0 0 0 64 217 667 76 0 0 0 0 34 193 715 82 0 0 
0 0 64 183 421 356 0 0 0 0 68 134 440 382 0 0 0 0 29 136 502 357 0 0 
0 0 64 160 366 434 0 0 0 0 62 88 419 455 0 0 0 0 20 95 471 438 0 0 
0 13 104 229 423 255 0 0 0 5 102 147 402 368 0 0 0 3 43 154 493 331 0 0 
0 5 52 239 552 173 3 0 0 2 50 142 670 157 3 0 0 1 19 135 729 138 2 0 
50 120 73 171 548 62 0 0 1 154 62 169 563 75 0 0 0 13 195 160 645 11 0 0 
35 253 32 30 620 54 0 0 0 247 73 38 594 72 0 0 0 28 292 48 648 8 0 0 
2 237 75 40 635 35 0 0 0 219 72 89 612 32 0 0 0 64 236 174 550 0 0 0 
0 62 233 254 475 0 0 0 0 100 166 381 375 2 0 0 55 117 198 453 201 0 0 0 
1 123 338 379 181 2 0 0 1 155 381 338 149 0 0 0 60 330 415 210 9 0 0 0 
0 75 472 335 94 30 13 5 2 240 465 230 51 27 8 1 109 552 271 65 22 5 0 0 
1 126 577 179 93 44 4 0 12 436 350 125 78 23 0 0 185 600 155 68 16 0 0 0 
0 67 350 213 149 187 56 2 29 275 171 168 164 191 25 1 167 313 181 176 143 44 0 0 
0 154 412 203 120 92 19 24 3 286 285 196 129 93 10 22 148 372 215 159 88 22 5 15 
