0 22 156 647 70 19 13 97 0 0 70 759 47 42 11 95 0 13 380 419 72 19 14 107 
0 0 1 78 148 208 252 337 0 0 0 55 117 211 253 388 0 0 6 75 152 225 220 346 
0 35 178 489 254 38 21 9 0 0 66 179 637 94 31 17 0 3 124 665 168 33 22 9 
0 0 0 46 978 0 0 0 0 0 0 0 1024 0 0 0 0 0 0 598 426 0 0 0 
0 0 0 0 1024 0 0 0 0 0 0 0 1024 0 0 0 0 0 0 66 958 0 0 0 
0 0 0 0 1024 0 0 0 0 0 0 0 1017 7 0 0 0 0 0 0 1024 0 0 0 
0 0 0 0 1024 0 0 0 0 0 0 0 708 316 0 0 0 0 0 0 1024 0 0 0 
0 0 0 0 1019 5 0 0 0 0 0 0 154 870 0 0 0 0 0 0 1024 0 0 0 
0 0 0 0 871 153 0 0 0 0 0 0 3 1021 0 0 0 0 0 0 1024 0 0 0 
0 0 0 0 372 652 0 0 0 0 0 0 0 1024 0 0 0 0 0 0 1006 18 0 0 
0 0 0 0 89 935 0 0 0 0 0 0 0 1024 0 0 0 0 0 0 948 76 0 0 
0 0 0 0 0 1024 0 0 0 0 0 0 0 1024 0 0 0 0 0 0 576 448 0 0 
0 0 0 0 4 1020 0 0 0 0 0 0 1 1023 0 0 0 0 0 0 502 522 0 0 
0 0 0 0 0 1024 0 0 0 0 0 0 0 1024 0 0 0 0 0 0 356 668 0 0 
0 0 0 0 8 1016 0 0 0 0 0 0 3 1021 0 0 0 0 0 0 650 374 0 0 
0 0 0 0 0 1024 0 0 0 0 0 0 0 1024 0 0 0 0 0 0 852 172 0 0 
0 0 0 0 0 1024 0 0 0 0 0 0 0 1024 0 0 0 0 0 0 932 92 0 0 
0 0 0 0 0 1024 0 0 0 0 0 0 0 1024 0 0 0 0 0 0 968 56 0 0 
0 0 0 0 0 1024 0 0 0 0 0 0 0 1024 0 0 0 0 0 0 934 90 0 0 
0 0 0 0 0 1024 0 0 0 0 0 0 0 1024 0 0 0 0 0 0 869 155 0 0 
0 0 0 0 0 1024 0 0 0 0 0 0 0 1024 0 0 0 0 0 0 817 207 0 0 
0 0 0 0 0 1024 0 0 0 0 0 0 0 1024 0 0 0 0 0 0 478 546 0 0 
0 0 0 0 0 1024 0 0 0 0 0 0 0 1024 0 0 0 0 0 0 346 678 0 0 
0 0 0 16 62 495 96 355 0 0 0 4 67 503 424 26 0 0 1 64 275 653 31 0 
0 0 0 0 0 2 293 729 0 0 0 0 0 62 897 65 0 0 0 0 54 799 171 0 
0 0 0 0 0 9 538 477 0 0 0 0 7 380 600 37 0 0 0 41 312 344 326 1 
0 0 0 0 0 13 678 333 0 0 0 0 2 529 407 86 0 0 0 327 239 367 22 69 
0 0 0 0 0 20 721 283 0 0 0 0 1 664 248 111 0 0 0 129 523 247 37 88 
0 0 0 0 0 16 837 171 0 0 0 0 0 719 297 8 0 0 0 0 657 345 22 0 
0 0 0 0 25 43 424 532 0 0 0 0 26 44 810 144 0 0 0 0 65 568 370 21 
0 0 0 192 258 103 60 411 0 0 0 7 237 271 49 460 0 0 0 32 378 108 58 448 
0 14 33 154 73 470 56 224 0 0 18 61 136 514 51 244 0 3 25 96 572 56 38 234 
0 0 2 2 56 686 278 0 0 0 0 2 11 723 288 0 0 0 0 3 727 120 174 0 
0 0 0 0 132 535 357 0 0 0 0 0 115 481 428 0 0 0 0 0 516 429 79 0 
0 0 0 9 245 414 350 6 0 0 0 9 170 461 328 56 0 0 3 17 465 387 152 0 
0 0 0 0 9 66 426 523 0 0 0 0 32 66 367 559 0 0 0 10 57 285 374 298 
0 0 0 0 0 96 300 628 0 0 0 0 2 98 287 637 0 0 0 0 36 179 360 449 
0 0 0 0 0 50 348 626 0 0 0 0 0 53 330 641 0 0 0 0 3 129 470 422 
0 0 0 0 0 36 542 446 0 0 0 0 0 39 535 450 0 0 0 0 0 107 691 226 
0 0 0 0 0 27 791 206 0 0 0 0 0 32 789 203 0 0 0 0 1 282 667 74 
0 1 400 66 70 64 34 389 0 0 46 410 54 80 36 398 0 0 392 53 47 65 45 422 
0 0 0 22 89 119 215 579 0 0 0 1 27 141 204 651 0 0 0 2 37 118 231 636 
0 8 83 812 90 12 8 11 0 0 14 228 692 65 8 17 0 3 38 789 147 26 8 13 
0 0 0 575 449 0 0 0 0 0 0 11 1013 0 0 0 0 0 0 983 41 0 0 0 
0 0 0 135 889 0 0 0 0 0 0 0 1024 0 0 0 0 0 0 883 141 0 0 0 
0 0 0 7 1017 0 0 0 0 0 0 0 1024 0 0 0 0 0 0 621 403 0 0 0 
0 0 0 0 1024 0 0 0 0 0 0 0 1016 8 0 0 0 0 0 303 721 0 0 0 
0 0 0 0 1024 0 0 0 0 0 0 0 910 114 0 0 0 0 0 78 946 0 0 0 
0 0 0 0 1024 0 0 0 0 0 0 0 742 282 0 0 0 0 0 18 1006 0 0 0 
0 0 0 0 1006 18 0 0 0 0 0 0 417 607 0 0 0 0 0 0 1024 0 0 0 
0 0 0 0 772 252 0 0 0 0 0 0 101 923 0 0 0 0 0 0 1024 0 0 0 
0 0 0 0 70 954 0 0 0 0 0 0 0 1024 0 0 0 0 0 0 1024 0 0 0 
0 0 0 0 0 1024 0 0 0 0 0 0 0 1024 0 0 0 0 0 0 986 38 0 0 
0 0 0 0 0 1024 0 0 0 0 0 0 0 1024 0 0 0 0 0 0 956 68 0 0 
0 0 0 0 6 1018 0 0 0 0 0 0 0 1024 0 0 0 0 0 0 976 48 0 0 
0 0 0 0 2 1022 0 0 0 0 0 0 0 1024 0 0 0 0 0 0 1023 1 0 0 
0 0 0 0 0 1024 0 0 0 0 0 0 0 1024 0 0 0 0 0 0 1024 0 0 0 
0 0 0 0 0 1024 0 0 0 0 0 0 0 1024 0 0 0 0 0 0 1008 16 0 0 
0 0 0 0 0 1024 0 0 0 0 0 0 0 1024 0 0 0 0 0 0 1017 7 0 0 
0 0 0 0 0 1024 0 0 0 0 0 0 0 1024 0 0 0 0 0 0 1011 13 0 0 
0 0 0 0 8 1016 0 0 0 0 0 0 0 1024 0 0 0 0 0 0 1022 2 0 0 
0 0 0 0 0 1024 0 0 0 0 0 0 0 1024 0 0 0 0 0 0 990 34 0 0 
0 0 0 0 0 1024 0 0 0 0 0 0 0 1024 0 0 0 0 0 0 905 119 0 0 
0 0 0 1 61 725 31 206 0 0 0 0 58 730 181 55 0 0 0 39 616 251 118 0 
0 0 0 2 164 102 17 739 0 0 0 7 127 138 606 146 0 0 0 81 198 493 252 0 
0 0 0 23 73 17 15 896 0 0 0 19 75 20 711 199 0 0 13 75 34 684 218 0 
0 0 0 0 1 3 22 998 0 0 0 0 1 2 824 197 0 0 0 1 6 879 138 0 
0 0 0 0 0 0 109 915 0 0 0 0 0 0 933 91 0 0 0 0 15 1001 8 0 
0 0 0 0 0 0 85 939 0 0 0 0 0 0 979 45 0 0 0 0 0 937 87 0 
0 0 0 0 0 0 344 680 0 0 0 0 0 0 918 106 0 0 0 0 0 540 474 10 
0 0 0 35 54 867 36 32 0 0 0 1 54 908 61 0 0 0 0 5 929 79 11 0 
0 0 0 0 328 696 0 0 0 0 0 0 55 969 0 0 0 0 0 0 1024 0 0 0 
0 0 0 0 289 735 0 0 0 0 0 0 118 906 0 0 0 0 0 0 1024 0 0 0 
0 0 0 0 500 524 0 0 0 0 0 0 422 602 0 0 0 0 0 9 1015 0 0 0 
0 0 0 0 827 42 155 0 0 0 0 0 722 145 157 0 0 0 0 119 744 138 23 0 
0 0 0 0 539 59 113 313 0 0 0 0 483 115 116 310 0 0 0 109 477 93 183 162 
0 0 0 0 374 123 164 363 0 0 0 0 357 134 171 362 0 0 0 165 262 182 92 323 
0 0 0 0 175 147 348 354 0 0 0 0 168 153 346 357 0 0 0 147 93 283 197 304 
0 0 0 0 10 105 423 486 0 0 0 0 7 103 431 483 0 0 0 8 35 238 393 350 
0 0 0 0 0 127 382 515 0 0 0 0 7 103 403 511 0 0 0 0 42 252 593 137 
0 12 309 145 115 44 53 346 0 0 50 344 130 87 57 356 0 0 313 55 104 82 61 409 
0 0 17 92 103 77 72 663 0 0 1 20 97 133 90 683 0 0 1 38 111 90 78 706 
0 14 78 913 15 4 0 0 0 0 26 653 334 8 3 0 0 0 44 932 38 8 2 0 
0 0 0 949 75 0 0 0 0 0 0 82 942 0 0 0 0 0 0 1024 0 0 0 0 
0 0 0 539 485 0 0 0 0 0 0 23 1001 0 0 0 0 0 0 1024 0 0 0 0 
0 0 0 220 804 0 0 0 0 0 0 0 1024 0 0 0 0 0 0 1022 2 0 0 0 
0 0 0 32 992 0 0 0 0 0 0 0 1024 0 0 0 0 0 0 1008 16 0 0 0 
0 0 0 0 1024 0 0 0 0 0 0 0 1024 0 0 0 0 0 0 828 196 0 0 0 
0 0 0 0 1024 0 0 0 0 0 0 0 1024 0 0 0 0 0 0 601 423 0 0 0 
0 0 0 0 1024 0 0 0 0 0 0 0 1023 1 0 0 0 0 0 368 656 0 0 0 
0 0 0 0 1024 0 0 0 0 0 0 0 979 45 0 0 0 0 0 216 808 0 0 0 
0 0 0 0 447 577 0 0 0 0 0 0 287 737 0 0 0 0 0 21 931 72 0 0 
0 0 0 0 178 846 0 0 0 0 0 0 49 975 0 0 0 0 0 2 860 162 0 0 
0 0 0 0 209 815 0 0 0 0 0 0 26 998 0 0 0 0 0 0 967 57 0 0 
0 0 0 0 489 535 0 0 0 0 0 0 142 882 0 0 0 0 0 8 1016 0 0 0 
0 0 0 0 448 576 0 0 0 0 0 0 123 901 0 0 0 0 0 1 1023 0 0 0 
0 0 0 0 244 780 0 0 0 0 0 0 3 1021 0 0 0 0 0 0 1024 0 0 0 
0 0 0 0 136 888 0 0 0 0 0 0 1 1023 0 0 0 0 0 0 1023 1 0 0 
0 0 0 0 79 945 0 0 0 0 0 0 0 1024 0 0 0 0 0 0 1024 0 0 0 
0 0 0 0 104 920 0 0 0 0 0 0 1 1023 0 0 0 0 0 0 1024 0 0 0 
0 0 0 0 19 1005 0 0 0 0 0 0 0 1024 0 0 0 0 0 0 1024 0 0 0 
0 0 0 0 172 852 0 0 0 0 0 0 0 1024 0 0 0 0 0 0 1023 1 0 0 
0 0 0 4 141 879 0 0 0 0 0 0 10 1014 0 0 0 0 0 7 1015 2 0 0 
0 0 0 4 170 817 33 0 0 0 0 0 83 889 50 2 0 0 0 12 787 212 13 0 
0 0 0 7 654 363 0 0 0 0 0 0 501 523 0 0 0 0 0 71 801 152 0 0 
0 0 0 46 475 298 30 175 0 0 0 6 337 454 22 205 0 0 0 99 471 226 24 204 
0 0 104 72 257 138 54 399 0 0 0 132 197 211 50 434 0 0 87 115 270 95 66 391 
0 14 84 41 208 383 16 278 0 0 41 81 83 520 140 159 0 12 90 51 574 138 49 110 
0 0 0 18 441 199 12 354 0 0 0 11 151 494 315 53 0 0 4 50 607 355 8 0 
0 0 0 19 414 51 19 521 0 0 0 7 287 189 339 202 0 0 1 55 434 342 183 9 
0 0 0 0 714 195 23 92 0 0 0 0 356 555 48 65 0 0 0 8 892 31 93 0 
0 0 0 0 1021 3 0 0 0 0 0 0 887 137 0 0 0 0 0 19 1005 0 0 0 
0 0 0 0 1002 22 0 0 0 0 0 0 766 258 0 0 0 0 0 69 955 0 0 0 
0 0 0 0 993 31 0 0 0 0 0 0 412 612 0 0 0 0 0 7 1017 0 0 0 
0 0 0 0 762 262 0 0 0 0 0 0 434 590 0 0 0 0 0 15 986 23 0 0 
0 0 0 0 476 548 0 0 0 0 0 0 389 635 0 0 0 0 0 27 996 1 0 0 
0 0 0 0 249 775 0 0 0 0 0 0 71 953 0 0 0 0 0 7 1017 0 0 0 
1 97 10 17 466 433 0 0 0 91 16 11 89 817 0 0 91 17 10 54 852 0 0 0 
48 378 17 16 471 60 16 18 35 385 19 15 238 294 14 24 398 42 14 173 358 12 17 10 
124 557 24 16 63 18 37 185 96 544 58 16 60 15 25 210 498 191 24 60 19 21 52 159 
0 18 240 59 83 100 88 436 0 0 103 203 56 92 114 456 0 0 229 45 55 93 101 501 
0 15 67 192 103 97 61 489 0 0 24 151 115 128 90 516 0 4 48 179 99 99 80 515 
0 0 9 1015 0 0 0 0 0 0 1 1009 14 0 0 0 0 0 12 1012 0 0 0 0 
0 0 0 1022 2 0 0 0 0 0 0 836 188 0 0 0 0 0 4 1020 0 0 0 0 
0 0 0 993 31 0 0 0 0 0 0 652 372 0 0 0 0 0 13 1011 0 0 0 0 
0 0 0 991 33 0 0 0 0 0 0 376 648 0 0 0 0 0 2 1022 0 0 0 0 
0 0 0 817 207 0 0 0 0 0 0 268 756 0 0 0 0 0 0 1024 0 0 0 0 
0 0 0 424 600 0 0 0 0 0 0 42 982 0 0 0 0 0 0 1023 1 0 0 0 
0 0 0 426 598 0 0 0 0 0 0 8 1016 0 0 0 0 0 0 1023 1 0 0 0 
0 0 0 325 699 0 0 0 0 0 0 33 991 0 0 0 0 0 0 1013 11 0 0 0 
0 0 0 329 695 0 0 0 0 0 0 160 864 0 0 0 0 0 59 926 39 0 0 0 
0 0 1 95 408 291 109 120 0 0 0 81 391 284 143 125 0 0 60 244 331 222 144 23 
0 0 0 0 207 352 230 235 0 0 0 0 139 400 245 240 0 0 0 1 349 369 285 20 
0 0 0 27 569 270 53 105 0 0 0 17 532 300 68 107 0 0 10 367 340 185 122 0 
0 0 0 1 1023 0 0 0 0 0 0 0 1024 0 0 0 0 0 0 723 301 0 0 0 
0 0 0 0 1023 1 0 0 0 0 0 0 965 59 0 0 0 0 0 386 638 0 0 0 
0 0 0 0 1018 6 0 0 0 0 0 0 836 188 0 0 0 0 0 206 818 0 0 0 
0 0 0 0 1010 14 0 0 0 0 0 0 769 255 0 0 0 0 0 175 849 0 0 0 
0 0 0 0 975 49 0 0 0 0 0 0 707 317 0 0 0 0 0 152 872 0 0 0 
0 0 0 0 908 116 0 0 0 0 0 0 321 703 0 0 0 0 0 9 1015 0 0 0 
0 0 0 0 692 332 0 0 0 0 0 0 378 646 0 0 0 0 0 72 952 0 0 0 
0 0 3 129 820 72 0 0 0 0 0 0 461 551 12 0 0 0 0 255 769 0 0 0 
0 0 33 466 458 67 0 0 0 0 0 0 4 511 506 3 0 0 0 71 687 266 0 0 
0 0 6 277 546 97 17 81 0 0 0 0 1 181 730 112 0 0 0 1 493 406 24 100 
0 0 0 14 237 407 126 240 0 0 0 5 89 313 362 255 0 0 0 47 437 242 95 203 
0 0 121 62 490 132 21 198 0 0 0 134 384 275 12 219 0 0 106 115 567 16 16 204 
0 0 23 10 876 115 0 0 0 0 0 26 474 524 0 0 0 0 12 156 856 0 0 0 
0 0 0 0 997 27 0 0 0 0 0 0 884 140 0 0 0 0 0 473 551 0 0 0 
0 0 0 0 1024 0 0 0 0 0 0 0 990 34 0 0 0 0 0 571 453 0 0 0 
0 0 0 0 1024 0 0 0 0 0 0 0 1009 15 0 0 0 0 0 359 665 0 0 0 
0 0 0 0 1017 7 0 0 0 0 0 0 709 315 0 0 0 0 0 115 909 0 0 0 
0 0 0 0 851 173 0 0 0 0 0 0 413 611 0 0 0 0 0 0 989 35 0 0 
0 0 0 0 526 498 0 0 0 0 0 0 171 853 0 0 0 0 0 2 851 171 0 0 
0 0 0 0 105 919 0 0 0 0 0 0 1 1023 0 0 0 0 0 0 505 519 0 0 
3 97 11 15 20 878 0 0 0 91 17 14 16 886 0 0 84 25 16 17 469 413 0 0 
53 370 23 18 25 535 0 0 4 411 26 20 19 544 0 0 361 75 26 18 505 39 0 0 
49 501 220 35 22 197 0 0 1 530 173 91 22 207 0 0 427 129 229 35 204 0 0 0 
139 468 410 4 2 1 0 0 78 468 467 6 4 1 0 0 416 212 392 3 1 0 0 0 
193 480 351 0 0 0 0 0 104 461 459 0 0 0 0 0 226 511 287 0 0 0 0 0 
290 680 54 0 0 0 0 0 191 702 131 0 0 0 0 0 469 533 22 0 0 0 0 0 
0 32 220 92 135 104 164 277 0 0 128 187 84 154 176 295 0 13 190 101 106 130 153 331 
0 20 226 374 79 80 72 173 0 0 36 510 115 91 67 205 0 7 244 344 105 62 68 194 
0 0 113 911 0 0 0 0 0 0 0 1024 0 0 0 0 0 0 430 594 0 0 0 0 
0 0 7 1017 0 0 0 0 0 0 0 1024 0 0 0 0 0 0 363 661 0 0 0 0 
0 0 2 1022 0 0 0 0 0 0 0 1023 1 0 0 0 0 0 418 606 0 0 0 0 
0 0 4 1020 0 0 0 0 0 0 0 1024 0 0 0 0 0 0 465 559 0 0 0 0 
0 0 3 1021 0 0 0 0 0 0 0 1006 18 0 0 0 0 0 363 661 0 0 0 0 
0 0 0 1024 0 0 0 0 0 0 0 1001 23 0 0 0 0 0 241 783 0 0 0 0 
0 0 0 1022 2 0 0 0 0 0 0 963 61 0 0 0 0 0 252 772 0 0 0 0 
0 0 0 1012 12 0 0 0 0 0 0 938 86 0 0 0 0 0 475 549 0 0 0 0 
0 0 2 1022 0 0 0 0 0 0 0 1024 0 0 0 0 0 0 761 263 0 0 0 0 
0 0 11 500 162 79 147 125 0 0 4 491 173 74 149 133 0 3 445 155 97 125 172 27 
0 0 47 355 144 139 187 152 0 0 41 347 160 131 198 147 0 40 237 234 135 156 215 7 
0 0 7 548 160 63 132 114 0 0 5 366 334 64 134 121 0 0 139 535 77 81 186 6 
0 0 0 411 613 0 0 0 0 0 0 28 996 0 0 0 0 0 2 1022 0 0 0 0 
0 0 0 160 864 0 0 0 0 0 0 0 1024 0 0 0 0 0 0 1024 0 0 0 0 
0 0 0 45 979 0 0 0 0 0 0 0 1024 0 0 0 0 0 0 983 41 0 0 0 
0 0 0 14 1010 0 0 0 0 0 0 0 1024 0 0 0 0 0 0 979 45 0 0 0 
0 0 0 3 1021 0 0 0 0 0 0 0 1024 0 0 0 0 0 0 890 134 0 0 0 
0 0 0 12 1012 0 0 0 0 0 0 0 1019 5 0 0 0 0 0 656 368 0 0 0 
0 0 0 62 889 73 0 0 0 0 0 32 896 96 0 0 0 0 2 792 187 43 0 0 
0 25 313 248 313 84 36 5 0 0 0 15 211 300 418 80 0 0 4 202 581 183 47 7 
0 2 229 551 189 52 1 0 0 0 0 0 0 53 348 623 0 0 0 0 96 639 289 0 
0 6 44 112 51 92 116 603 0 0 0 5 21 91 126 781 0 0 0 21 42 103 193 665 
0 0 0 2 40 142 218 622 0 0 0 0 14 129 169 712 0 0 0 6 82 128 257 551 
0 0 0 6 943 50 11 14 0 0 0 0 848 149 12 15 0 0 0 674 318 11 20 1 
0 0 0 0 1024 0 0 0 0 0 0 0 1024 0 0 0 0 0 0 828 196 0 0 0 
0 0 0 0 1024 0 0 0 0 0 0 0 1024 0 0 0 0 0 0 748 276 0 0 0 
0 0 0 17 946 61 0 0 0 0 0 16 896 112 0 0 0 0 4 546 474 0 0 0 
0 0 0 0 579 445 0 0 0 0 0 0 386 638 0 0 0 0 0 25 859 140 0 0 
0 0 0 0 190 834 0 0 0 0 0 0 18 1006 0 0 0 0 0 0 485 539 0 0 
6 94 17 9 22 876 0 0 0 94 14 17 19 880 0 0 93 20 12 20 305 574 0 0 
74 341 32 17 21 539 0 0 0 399 41 23 18 543 0 0 284 137 41 22 192 348 0 0 
2 435 187 180 24 196 0 0 0 431 181 189 19 204 0 0 222 231 210 161 91 109 0 0 
22 386 202 383 30 1 0 0 0 399 201 385 38 1 0 0 240 192 244 338 10 0 0 0 
105 253 286 380 0 0 0 0 49 280 257 438 0 0 0 0 156 288 260 320 0 0 0 0 
130 342 367 108 77 0 0 0 89 349 332 157 97 0 0 0 132 376 331 137 48 0 0 0 
161 331 60 209 252 11 0 0 153 653 142 70 6 0 0 0 212 536 191 84 1 0 0 0 
226 73 154 248 302 21 0 0 691 274 22 17 15 5 0 0 348 591 47 17 21 0 0 0 
312 302 322 80 8 0 0 0 265 226 363 124 46 0 0 0 311 252 232 218 11 0 0 0 
0 12 95 49 82 108 101 577 0 0 78 59 54 101 117 615 0 0 77 37 41 81 121 667 
0 81 616 74 27 19 25 182 0 0 76 598 93 38 22 197 0 2 548 173 64 16 22 199 
0 0 789 235 0 0 0 0 0 0 2 1022 0 0 0 0 0 0 1004 20 0 0 0 0 
0 0 626 398 0 0 0 0 0 0 2 1022 0 0 0 0 0 0 1014 10 0 0 0 0 
0 0 439 585 0 0 0 0 0 0 0 1024 0 0 0 0 0 0 1012 12 0 0 0 0 
0 0 383 641 0 0 0 0 0 0 0 1024 0 0 0 0 0 0 983 41 0 0 0 0 
0 0 90 934 0 0 0 0 0 0 0 1024 0 0 0 0 0 0 1024 0 0 0 0 0 
0 0 16 1008 0 0 0 0 0 0 0 1024 0 0 0 0 0 0 994 30 0 0 0 0 
0 0 31 993 0 0 0 0 0 0 0 1024 0 0 0 0 0 0 957 67 0 0 0 0 
0 0 4 1020 0 0 0 0 0 0 0 1024 0 0 0 0 0 0 897 127 0 0 0 0 
0 0 2 1022 0 0 0 0 0 0 0 1024 0 0 0 0 0 0 940 84 0 0 0 0 
0 0 3 732 94 82 76 37 0 0 0 709 105 85 85 40 0 0 649 145 75 86 60 9 
0 0 12 178 188 171 310 165 0 0 8 161 198 172 293 192 0 1 92 250 144 232 271 34 
0 0 31 464 311 102 84 32 0 0 32 371 414 89 88 30 2 25 258 470 133 62 74 0 
0 0 8 617 172 107 116 4 0 0 2 308 491 105 115 3 0 0 141 651 116 95 21 0 
0 0 0 898 126 0 0 0 0 0 0 244 780 0 0 0 0 0 24 1000 0 0 0 0 
0 0 0 660 364 0 0 0 0 0 0 40 984 0 0 0 0 0 0 1024 0 0 0 0 
0 0 0 625 399 0 0 0 0 0 0 254 770 0 0 0 0 0 9 1015 0 0 0 0 
0 0 0 328 672 24 0 0 0 0 0 69 885 70 0 0 0 0 6 852 166 0 0 0 
0 0 0 73 651 186 19 95 0 0 0 15 600 285 12 112 0 0 3 324 392 173 13 119 
0 0 0 52 251 193 40 488 0 0 0 13 211 256 33 511 0 0 0 137 175 159 35 518 
0 399 368 92 51 39 31 44 0 0 0 6 58 200 487 273 0 0 0 60 536 343 30 55 
0 11 150 413 260 144 46 0 0 0 0 0 0 17 187 820 0 0 0 0 27 247 649 101 
0 4 92 381 268 148 51 80 0 0 0 0 0 21 24 979 0 0 0 0 24 27 639 334 
0 21 357 203 34 41 94 274 0 0 0 0 17 46 85 876 0 0 0 23 33 395 253 320 
4 9 57 54 748 34 45 73 0 0 0 0 781 66 87 90 0 0 4 598 269 37 50 66 
0 0 0 0 745 279 0 0 0 0 0 0 711 313 0 0 0 0 0 523 496 5 0 0 
0 0 0 0 365 659 0 0 0 0 0 0 290 734 0 0 0 0 0 61 963 0 0 0 
3 88 13 16 51 853 0 0 0 87 12 15 25 885 0 0 64 36 17 17 887 3 0 0 
101 320 23 19 18 543 0 0 11 371 31 26 34 551 0 0 304 96 27 29 408 160 0 0 
182 468 69 49 59 197 0 0 42 407 73 104 174 224 0 0 304 158 72 83 170 229 8 0 
256 683 42 29 13 1 0 0 34 772 67 91 59 1 0 0 509 294 65 61 83 12 0 0 
548 317 86 19 27 27 0 0 220 484 92 65 154 9 0 0 453 226 104 54 77 98 12 0 
42 113 92 24 95 623 35 0 13 125 103 129 231 392 31 0 39 131 63 40 234 513 4 0 
128 144 120 149 420 63 0 0 110 151 150 257 316 40 0 0 128 137 127 274 328 30 0 0 
278 125 46 535 27 13 0 0 201 189 44 487 82 21 0 0 282 111 41 549 37 4 0 0 
3 4 144 398 373 102 0 0 0 43 70 387 373 151 0 0 2 39 137 460 351 35 0 0 
0 3 43 221 656 99 2 0 41 538 219 144 81 1 0 0 0 420 348 198 58 0 0 0 
0 0 61 228 677 48 10 0 593 351 40 13 15 12 0 0 46 709 219 19 25 6 0 0 
119 351 398 121 35 0 0 0 165 58 321 384 96 0 0 0 129 229 102 386 178 0 0 0 
0 32 78 133 117 118 109 437 0 1 65 113 104 138 125 478 0 5 53 109 101 119 123 514 
13 146 786 29 18 9 4 19 0 15 615 313 30 18 11 22 0 52 853 59 19 17 6 18 
0 0 1021 3 0 0 0 0 0 0 750 274 0 0 0 0 0 9 1015 0 0 0 0 0 
0 0 1012 12 0 0 0 0 0 0 562 462 0 0 0 0 0 9 1015 0 0 0 0 0 
0 0 1006 18 0 0 0 0 0 0 447 577 0 0 0 0 0 1 1023 0 0 0 0 0 
0 0 679 345 0 0 0 0 0 0 87 937 0 0 0 0 0 0 1024 0 0 0 0 0 
0 0 219 805 0 0 0 0 0 0 0 1024 0 0 0 0 0 0 1008 16 0 0 0 0 
0 0 33 991 0 0 0 0 0 0 0 1024 0 0 0 0 0 0 962 62 0 0 0 0 
0 0 175 849 0 0 0 0 0 0 0 1024 0 0 0 0 0 0 960 64 0 0 0 0 
0 0 514 510 0 0 0 0 0 0 11 1013 0 0 0 0 0 0 1000 24 0 0 0 0 
0 0 314 644 52 14 0 0 0 0 5 945 55 19 0 0 0 0 918 85 21 0 0 0 
0 0 87 424 281 115 116 1 0 0 52 442 294 122 114 0 0 26 368 352 176 93 9 0 
0 0 95 287 221 140 167 114 0 0 69 281 232 141 189 112 0 29 260 233 174 138 177 13 
0 0 17 337 344 155 70 101 0 0 9 318 349 173 87 88 0 5 248 357 238 76 100 0 
0 0 0 752 97 156 19 0 0 0 0 685 161 168 10 0 0 0 178 640 167 39 0 0 
0 0 0 1024 0 0 0 0 0 0 0 1002 22 0 0 0 0 0 388 636 0 0 0 0 
0 0 13 988 23 0 0 0 0 0 2 878 144 0 0 0 0 0 373 628 23 0 0 0 
0 0 30 530 366 25 17 56 0 0 15 413 420 62 34 80 0 0 122 466 287 25 35 89 
0 6 74 264 287 88 144 161 0 0 20 240 278 129 149 208 0 10 176 196 214 91 146 191 
0 23 29 538 157 44 46 187 0 0 41 296 394 38 51 204 0 12 177 510 58 44 42 181 
0 0 0 383 594 10 6 31 0 0 0 49 848 85 8 34 0 0 14 581 386 8 7 28 
11 648 158 150 29 17 11 0 0 0 0 99 171 178 419 157 0 6 70 255 441 240 12 0 
0 53 380 279 178 90 40 4 0 0 0 0 0 8 180 836 0 0 0 0 28 409 544 43 
0 17 82 305 263 172 179 6 0 0 0 0 2 22 85 915 0 0 0 2 32 106 577 307 
0 32 427 400 108 40 16 1 0 0 0 0 3 35 208 778 0 0 1 4 101 561 317 40 
5 91 187 76 106 559 0 0 0 81 16 10 35 716 165 1 54 46 13 45 812 54 0 0 
30 389 18 16 22 549 0 0 7 398 28 15 17 559 0 0 177 260 16 22 546 3 0 0 
99 561 118 18 23 205 0 0 10 582 182 17 20 213 0 0 307 409 77 24 202 5 0 0 
242 504 267 3 5 3 0 0 61 603 345 7 5 3 0 0 406 410 197 7 4 0 0 0 
196 415 274 82 41 16 0 0 48 260 290 70 221 132 3 0 160 266 180 73 131 181 33 0 
44 484 232 109 121 34 0 0 0 33 62 160 615 148 6 0 0 30 95 129 226 463 81 0 
208 557 146 67 32 14 0 0 5 348 182 208 264 17 0 0 139 296 126 132 200 129 2 0 
15 149 158 117 226 329 30 0 0 0 5 48 317 541 113 0 0 0 10 20 148 712 134 0 
0 0 0 66 186 719 53 0 0 0 0 23 326 622 53 0 0 0 0 8 136 716 164 0 
0 0 35 144 322 483 40 0 0 0 65 324 241 379 15 0 0 0 34 240 298 436 16 0 
0 0 5 313 202 480 24 0 0 0 0 312 145 513 54 0 0 0 1 344 285 385 9 0 
0 0 125 248 341 310 0 0 0 0 3 148 285 584 4 0 0 0 22 130 365 503 4 0 
0 27 111 177 589 108 12 0 0 425 235 185 148 31 0 0 2 99 548 213 151 11 0 0 
0 172 72 165 513 102 0 0 300 450 160 85 29 0 0 0 25 526 368 96 9 0 0 0 
44 357 292 268 59 4 0 0 47 227 300 340 110 0 0 0 39 375 229 327 54 0 0 0 
0 2 20 85 82 125 124 586 0 0 7 48 107 104 143 615 0 0 2 63 63 83 143 670 
0 242 722 51 9 0 0 0 0 0 860 96 59 9 0 0 0 87 827 80 27 3 0 0 
0 3 1021 0 0 0 0 0 0 0 1024 0 0 0 0 0 0 84 940 0 0 0 0 0 
0 6 1018 0 0 0 0 0 0 0 1023 1 0 0 0 0 0 319 705 0 0 0 0 0 
0 0 1024 0 0 0 0 0 0 0 1016 8 0 0 0 0 0 132 892 0 0 0 0 0 
0 0 1008 16 0 0 0 0 0 0 758 266 0 0 0 0 0 103 921 0 0 0 0 0 
0 0 399 625 0 0 0 0 0 0 104 917 3 0 0 0 0 0 901 123 0 0 0 0 
0 0 439 585 0 0 0 0 0 0 51 973 0 0 0 0 0 1 994 29 0 0 0 0 
0 0 934 90 0 0 0 0 0 0 600 424 0 0 0 0 0 6 1018 0 0 0 0 0 
0 0 995 29 0 0 0 0 0 0 723 301 0 0 0 0 0 70 954 0 0 0 0 0 
0 0 753 250 17 4 0 0 0 0 414 588 17 5 0 0 0 18 981 16 8 1 0 0 
0 0 541 114 140 196 33 0 0 0 172 476 130 213 33 0 0 8 637 86 244 49 0 0 
0 0 396 432 155 41 0 0 0 0 93 725 161 45 0 0 0 7 798 147 72 0 0 0 
0 0 288 736 0 0 0 0 0 0 28 996 0 0 0 0 0 0 996 28 0 0 0 0 
0 0 115 886 23 0 0 0 0 0 2 978 43 1 0 0 0 0 816 188 18 2 0 0 
0 0 12 583 231 73 47 78 0 0 0 509 273 84 51 107 0 0 257 370 184 54 50 109 
0 0 95 274 232 48 104 271 0 0 0 246 310 54 41 373 0 0 85 283 196 45 43 372 
0 0 188 544 24 40 32 196 0 0 4 619 114 22 37 228 0 0 496 237 19 30 28 214 
0 0 135 887 0 1 1 0 0 0 0 1018 4 0 1 1 0 0 899 123 0 1 1 0 
0 0 1 1006 17 0 0 0 0 0 0 830 194 0 0 0 0 0 538 486 0 0 0 0 
0 0 0 580 438 6 0 0 0 0 0 220 744 60 0 0 0 0 20 923 81 0 0 0 
25 387 95 172 344 1 0 0 0 0 4 106 475 236 197 6 0 2 107 467 423 25 0 0 
5 313 449 153 91 13 0 0 0 0 0 0 0 35 394 595 0 0 0 8 202 600 213 1 
0 11 669 302 36 6 0 0 0 0 0 0 0 8 40 976 0 0 0 0 17 422 567 18 
0 43 568 370 31 12 0 0 0 0 1 8 28 119 286 582 0 0 6 29 279 487 223 0 
81 594 154 34 67 82 12 0 11 507 236 51 54 103 62 0 279 422 89 33 111 80 10 0 
344 243 25 75 155 182 0 0 170 399 43 65 118 218 11 0 383 215 53 71 125 175 2 0 
498 128 85 195 95 23 0 0 408 104 57 251 162 42 0 0 460 56 136 254 105 13 0 0 
240 254 159 111 93 167 0 0 78 90 104 146 230 326 50 0 115 63 133 231 226 250 6 0 
0 154 124 248 268 217 13 0 0 0 6 81 477 364 95 1 0 0 6 167 315 453 80 3 
22 416 273 128 143 42 0 0 0 12 68 173 525 246 0 0 0 21 90 166 212 413 122 0 
14 462 297 135 95 17 4 0 0 229 158 174 350 105 8 0 44 272 135 209 148 163 49 4 
56 106 114 191 364 192 1 0 0 0 0 25 334 636 29 0 0 0 0 1 109 825 89 0 
0 12 81 38 86 607 200 0 0 0 89 110 256 400 169 0 0 82 26 30 195 637 54 0 
0 52 177 59 159 409 168 0 0 2 216 82 218 427 79 0 0 189 63 129 172 395 76 0 
19 106 208 112 258 278 43 0 1 78 234 127 239 261 84 0 28 245 92 278 127 242 12 0 
0 119 151 229 410 115 0 0 0 54 219 278 343 128 2 0 0 206 141 363 239 75 0 0 
25 238 174 234 349 4 0 0 41 263 226 284 207 3 0 0 75 291 206 305 147 0 0 0 
126 107 209 454 128 0 0 0 47 190 285 458 44 0 0 0 138 167 272 430 17 0 0 0 
115 186 386 337 0 0 0 0 22 199 418 385 0 0 0 0 127 206 418 273 0 0 0 0 
0 42 108 106 83 117 144 424 0 0 45 95 152 96 170 466 0 21 52 145 78 94 122 512 
0 759 264 1 0 0 0 0 0 26 988 10 0 0 0 0 0 803 220 1 0 0 0 0 
0 149 875 0 0 0 0 0 0 4 1020 0 0 0 0 0 0 620 404 0 0 0 0 0 
0 380 644 0 0 0 0 0 0 1 1023 0 0 0 0 0 0 985 39 0 0 0 0 0 
0 254 770 0 0 0 0 0 0 0 1024 0 0 0 0 0 0 930 94 0 0 0 0 0 
0 95 902 27 0 0 0 0 0 0 880 144 0 0 0 0 0 522 502 0 0 0 0 0 
0 34 409 277 147 157 0 0 0 3 296 364 194 167 0 0 4 174 371 253 129 93 0 0 
0 88 470 291 75 100 0 0 0 2 492 290 128 112 0 0 1 280 411 198 68 66 0 0 
0 13 1011 0 0 0 0 0 0 0 1006 18 0 0 0 0 0 163 861 0 0 0 0 0 
0 36 988 0 0 0 0 0 0 1 1014 9 0 0 0 0 0 487 537 0 0 0 0 0 
0 92 930 2 0 0 0 0 0 0 991 33 0 0 0 0 0 639 385 0 0 0 0 0 
0 0 1024 0 0 0 0 0 0 0 950 74 0 0 0 0 0 151 873 0 0 0 0 0 
0 0 866 130 23 4 1 0 0 0 690 294 29 8 2 1 0 240 677 77 23 6 1 0 
0 0 523 235 54 18 60 134 0 0 172 537 86 25 17 187 0 9 658 59 61 18 19 200 
0 0 128 319 87 40 93 357 0 0 15 374 113 46 34 442 0 0 330 101 76 35 31 451 
0 0 412 365 27 57 42 121 0 0 173 581 37 35 64 134 0 27 733 31 24 62 29 118 
0 0 723 301 0 0 0 0 0 0 172 844 8 0 0 0 0 1 951 72 0 0 0 0 
0 0 386 608 30 0 0 0 0 0 59 927 38 0 0 0 0 5 911 108 0 0 0 0 
0 0 61 630 333 0 0 0 0 0 2 639 383 0 0 0 0 0 386 612 26 0 0 0 
12 49 8 275 680 0 0 0 0 56 6 105 772 85 0 0 37 32 14 620 321 0 0 0 
28 287 39 40 595 35 0 0 0 207 100 49 155 513 0 0 89 153 81 86 612 3 0 0 
117 569 59 25 223 31 0 0 5 556 120 45 66 232 0 0 220 407 91 54 252 0 0 0 
118 358 248 126 126 48 0 0 25 115 55 44 209 233 280 63 85 71 100 258 271 229 10 0 
0 133 598 96 77 120 0 0 0 0 0 0 12 252 300 460 0 0 0 17 323 657 27 0 
0 5 249 140 280 296 54 0 0 0 1 9 238 389 260 127 7 23 40 66 462 409 17 0 
3 71 153 179 126 371 121 0 1 65 127 190 180 329 128 4 212 333 161 93 61 124 40 0 
0 0 23 383 255 223 135 5 0 8 312 534 131 39 0 0 88 422 284 166 56 8 0 0 
0 1 72 211 438 235 67 0 0 0 117 540 188 127 52 0 25 89 225 436 139 98 12 0 
2 55 103 216 258 339 51 0 0 13 120 202 213 355 121 0 0 23 192 198 238 359 14 0 
36 416 279 173 89 31 0 0 0 98 133 170 417 190 16 0 19 130 107 182 204 302 78 2 
11 282 318 311 69 31 2 0 0 114 157 310 242 147 32 22 25 187 144 262 94 180 114 18 
39 617 136 166 49 17 0 0 1 436 276 215 32 32 24 8 258 372 152 143 31 28 25 15 
76 106 253 515 74 0 0 0 24 88 227 532 118 35 0 0 70 190 239 425 80 20 0 0 
112 118 208 465 121 0 0 0 33 138 209 444 200 0 0 0 102 193 183 540 6 0 0 0 
202 96 147 372 200 7 0 0 94 176 124 391 232 7 0 0 201 109 217 443 47 7 0 0 
100 272 111 529 12 0 0 0 35 320 100 558 11 0 0 0 135 235 177 477 0 0 0 0 
71 90 92 195 89 240 247 0 17 169 212 249 126 243 8 0 88 84 111 313 122 280 26 0 
5 14 8 11 99 578 308 1 12 206 248 144 153 208 53 0 13 16 57 387 250 291 10 0 
0 0 45 371 287 152 163 6 8 206 191 224 122 84 189 0 0 53 307 276 115 171 102 0 
0 79 452 493 0 0 0 0 0 130 277 591 26 0 0 0 15 165 475 368 1 0 0 0 
0 333 216 81 31 73 58 232 0 37 379 139 80 47 85 257 0 233 219 147 46 43 65 271 
4 800 220 0 0 0 0 0 0 144 880 0 0 0 0 0 0 956 68 0 0 0 0 0 
0 451 573 0 0 0 0 0 0 70 954 0 0 0 0 0 0 884 140 0 0 0 0 0 
0 920 104 0 0 0 0 0 0 155 869 0 0 0 0 0 0 952 72 0 0 0 0 0 
0 651 373 0 0 0 0 0 0 75 949 0 0 0 0 0 16 957 51 0 0 0 0 0 
0 340 655 29 0 0 0 0 0 18 925 81 0 0 0 0 0 838 181 5 0 0 0 0 
0 103 358 210 193 160 0 0 0 34 374 244 164 208 0 0 19 289 289 127 265 35 0 0 
0 172 484 228 101 39 0 0 0 8 615 245 107 49 0 0 13 521 309 106 50 25 0 0 
0 179 838 7 0 0 0 0 0 5 1006 13 0 0 0 0 0 877 145 2 0 0 0 0 
0 677 347 0 0 0 0 0 0 96 928 0 0 0 0 0 0 995 29 0 0 0 0 0 
0 491 533 0 0 0 0 0 0 2 1022 0 0 0 0 0 0 1016 8 0 0 0 0 0 
0 96 653 124 18 20 29 84 0 0 621 221 40 15 18 109 0 395 333 116 28 16 19 117 
0 8 413 215 79 44 55 210 0 0 163 361 148 58 43 251 0 27 391 175 92 43 40 256 
0 9 683 94 27 28 43 140 0 0 502 249 48 22 30 173 0 165 587 38 28 19 31 156 
0 0 845 179 0 0 0 0 0 0 475 549 0 0 0 0 0 104 886 34 0 0 0 0 
0 0 372 621 31 0 0 0 0 0 176 639 209 0 0 0 0 20 739 265 0 0 0 0 
32 33 29 644 286 0 0 0 0 59 11 443 510 1 0 0 57 16 358 572 21 0 0 0 
84 269 40 208 423 0 0 0 2 322 65 82 543 10 0 0 134 230 80 552 28 0 0 0 
128 496 114 18 268 0 0 0 27 523 183 17 246 28 0 0 273 388 94 193 76 0 0 0 
490 376 42 72 44 0 0 0 291 541 59 24 36 73 0 0 584 286 39 28 23 63 1 0 
6 43 68 288 434 182 3 0 0 17 33 46 184 555 189 0 8 13 26 46 233 523 175 0 
16 317 239 224 181 47 0 0 0 210 141 233 348 92 0 0 149 129 102 287 318 39 0 0 
6 88 103 200 425 186 16 0 0 6 25 225 345 330 93 0 0 5 66 278 452 204 19 0 
0 0 0 16 126 781 101 0 0 0 0 1 58 556 406 3 0 0 2 129 294 548 51 0 
0 0 4 14 213 408 385 0 0 0 4 8 121 410 481 0 16 18 21 66 256 414 233 0 
3 209 200 70 50 262 230 0 0 116 240 104 65 348 150 1 210 356 157 107 74 110 10 0 
3 326 290 317 75 13 0 0 0 284 195 338 149 51 7 0 201 199 177 163 215 65 4 0 
60 240 210 259 131 64 53 7 10 198 301 295 99 63 53 5 132 359 271 110 68 55 29 0 
140 289 233 328 20 11 3 0 42 257 339 338 28 16 4 0 195 409 350 48 12 8 2 0 
110 103 95 673 33 10 0 0 27 141 120 616 106 11 3 0 112 117 345 398 38 11 3 0 
69 56 132 336 40 234 157 0 12 99 103 319 104 118 269 0 61 72 299 148 88 266 90 0 
86 418 164 73 32 161 90 0 19 388 235 95 34 149 104 0 276 268 133 67 47 180 53 0 
51 31 35 849 40 14 4 0 33 39 32 468 429 12 11 0 44 30 30 792 110 14 4 0 
0 0 3 458 169 255 139 0 0 0 1 56 520 157 289 1 0 0 1 349 343 311 20 0 
0 0 4 177 158 319 366 0 0 0 4 184 145 275 416 0 0 0 38 215 160 498 113 0 
0 201 51 292 43 139 283 15 1 216 86 265 65 101 282 8 8 157 115 307 47 192 198 0 
0 0 0 20 19 177 763 45 0 1 304 201 154 194 170 0 0 0 0 170 402 265 187 0 
0 0 0 4 127 471 409 13 0 179 291 244 155 107 48 0 0 7 119 370 316 172 40 0 
0 0 103 220 133 346 211 11 0 23 104 79 198 434 186 0 0 146 219 156 108 295 100 0 
3 42 828 141 8 2 0 0 0 1 162 243 464 154 0 0 24 551 360 88 1 0 0 0 
34 392 365 114 75 38 4 2 0 204 406 231 96 71 12 4 0 315 326 211 103 60 5 4 
19 587 405 13 0 0 0 0 0 401 545 78 0 0 0 0 0 750 215 59 0 0 0 0 
0 177 847 0 0 0 0 0 0 96 918 10 0 0 0 0 0 518 502 4 0 0 0 0 
1 854 169 0 0 0 0 0 0 231 793 0 0 0 0 0 0 732 292 0 0 0 0 0 
0 626 398 0 0 0 0 0 0 358 661 5 0 0 0 0 61 822 141 0 0 0 0 0 
0 217 670 120 17 0 0 0 0 0 776 222 26 0 0 0 0 521 465 38 0 0 0 0 
0 188 563 140 92 41 0 0 0 26 650 201 96 51 0 0 4 506 346 94 67 7 0 0 
4 318 252 334 109 7 0 0 0 158 396 344 120 6 0 0 11 487 392 130 4 0 0 0 
1 299 476 145 40 21 20 22 0 98 596 184 63 21 21 41 5 616 184 104 29 22 17 47 
0 816 118 21 9 9 24 27 0 559 361 29 7 8 17 43 36 873 32 12 10 9 16 36 
0 664 360 0 0 0 0 0 0 154 870 0 0 0 0 0 12 1004 8 0 0 0 0 0 
0 38 759 113 10 15 22 67 0 7 466 425 20 10 16 80 6 262 606 40 9 9 16 76 
0 61 944 19 0 0 0 0 0 0 760 264 0 0 0 0 0 390 632 2 0 0 0 0 
11 35 858 120 0 0 0 0 0 23 466 535 0 0 0 0 12 123 888 1 0 0 0 0 
216 145 139 517 7 0 0 0 24 309 83 538 70 0 0 0 257 119 440 208 0 0 0 0 
309 335 43 172 165 0 0 0 68 595 39 46 275 1 0 0 470 229 35 287 3 0 0 0 
589 339 51 16 29 0 0 0 273 608 87 19 34 3 0 0 780 132 66 29 16 1 0 0 
404 268 254 95 3 0 0 0 182 444 213 167 18 0 0 0 477 197 242 107 1 0 0 0 
164 275 196 141 197 51 0 0 105 520 268 77 54 0 0 0 319 373 290 42 0 0 0 0 
34 57 121 158 472 164 16 2 13 400 182 75 172 162 18 2 28 520 212 92 103 63 6 0 
0 13 18 145 503 301 44 0 0 2 15 6 43 534 422 2 0 17 8 24 176 535 262 2 
28 368 110 126 265 127 0 0 4 318 144 131 72 346 9 0 176 248 114 87 176 223 0 0 
0 95 306 194 212 196 21 0 0 16 319 174 178 262 74 1 1 190 261 103 206 240 22 1 
96 254 306 53 57 193 64 1 24 191 397 90 37 129 148 8 124 355 258 42 61 138 46 0 
37 237 169 43 108 172 258 0 2 140 286 57 124 152 252 11 25 310 114 56 161 211 141 6 
55 405 231 39 76 180 38 0 20 347 304 102 74 149 25 3 189 410 96 92 82 146 6 3 
5 104 27 45 98 259 482 4 0 105 30 52 132 564 141 0 141 445 285 108 40 5 0 0 
55 89 46 81 321 417 15 0 19 119 46 228 580 32 0 0 523 382 92 26 1 0 0 0 
63 167 57 143 119 199 274 2 15 203 64 130 122 215 272 3 108 164 88 140 132 261 131 0 
0 0 3 150 174 219 478 0 0 0 0 49 255 136 578 6 0 0 0 229 102 258 435 0 
21 70 27 62 375 352 115 2 0 159 159 170 199 228 104 5 0 2 235 145 422 155 65 0 
1 147 336 115 187 195 43 0 0 120 421 148 107 209 18 1 18 341 240 119 134 169 3 0 
0 0 0 42 59 494 429 0 0 0 0 9 48 346 620 1 0 0 0 16 84 706 218 0 
0 0 0 25 149 439 410 1 0 0 0 0 44 320 642 18 0 0 4 101 170 521 228 0 
0 0 7 15 32 572 398 0 0 0 0 0 6 349 669 0 0 0 33 53 96 647 195 0 
0 194 79 26 55 232 394 44 0 224 84 39 126 255 296 0 2 165 111 78 77 295 276 20 
0 124 34 20 30 178 626 12 0 154 257 157 126 150 179 1 5 152 25 177 288 222 155 0 
0 274 39 70 178 355 108 0 5 442 222 174 128 49 4 0 5 314 187 264 193 58 3 0 
0 457 166 132 106 146 17 0 0 356 122 62 270 214 0 0 29 711 120 62 69 33 0 0 
0 618 347 51 8 0 0 0 0 423 190 41 282 88 0 0 27 880 75 36 6 0 0 0 
0 31 421 348 92 60 12 60 0 0 193 469 155 92 47 68 0 0 244 447 174 71 26 62 
0 67 647 310 0 0 0 0 0 0 300 689 35 0 0 0 0 9 337 655 23 0 0 0 
0 70 864 90 0 0 0 0 0 0 569 455 0 0 0 0 0 56 763 205 0 0 0 0 
0 67 887 70 0 0 0 0 0 2 913 109 0 0 0 0 0 109 854 61 0 0 0 0 
0 99 902 23 0 0 0 0 0 23 882 119 0 0 0 0 6 211 787 20 0 0 0 0 
0 51 953 20 0 0 0 0 0 0 912 112 0 0 0 0 0 209 787 28 0 0 0 0 
0 15 1001 8 0 0 0 0 0 0 983 41 0 0 0 0 0 234 788 2 0 0 0 0 
0 49 878 90 7 0 0 0 0 0 732 249 37 6 0 0 0 235 690 83 16 0 0 0 
0 3 304 145 111 95 94 272 0 0 135 207 132 100 111 339 0 10 303 113 100 94 83 321 
0 172 546 188 39 20 12 47 0 11 521 284 97 35 17 59 0 316 454 130 38 23 12 51 
10 84 475 325 130 0 0 0 0 16 233 472 215 88 0 0 12 91 496 295 130 0 0 0 
40 169 140 380 295 0 0 0 2 168 91 197 336 230 0 0 80 136 141 404 262 1 0 0 
230 198 238 348 10 0 0 0 111 230 147 479 57 0 0 0 274 168 290 284 8 0 0 0 
301 214 269 210 26 3 1 0 114 327 186 323 67 3 4 0 329 191 283 183 32 4 1 1 
50 177 108 275 390 22 2 0 65 411 126 165 249 8 0 0 246 284 118 189 183 4 0 0 
36 150 180 342 293 23 0 0 20 288 243 295 148 29 1 0 163 297 259 212 82 11 0 0 
127 330 215 217 113 22 0 0 0 215 235 304 222 48 0 0 143 110 162 281 220 90 11 7 
44 185 177 269 197 143 9 0 0 144 183 194 339 161 3 0 164 320 290 180 57 13 0 0 
88 552 127 134 122 1 0 0 30 618 263 59 54 0 0 0 345 543 125 11 0 0 0 0 
94 146 320 123 203 128 10 0 43 181 331 128 154 159 26 2 97 373 207 86 160 92 9 0 
91 214 238 49 213 210 9 0 25 169 338 183 157 129 23 0 102 372 252 94 149 52 3 0 
40 307 216 81 128 240 12 0 18 256 281 73 139 162 95 0 112 390 68 103 137 207 7 0 
0 0 24 72 366 506 56 0 0 0 13 17 156 653 185 0 0 2 40 81 235 588 78 0 
10 119 111 207 291 274 12 0 1 113 97 166 263 243 141 0 14 130 147 235 195 238 65 0 
0 90 88 93 120 245 388 0 0 0 0 11 197 220 577 19 0 0 0 35 189 376 417 7 
39 315 501 99 57 10 3 0 0 109 266 166 358 98 20 7 172 383 182 106 117 48 10 6 
21 78 41 44 96 318 426 0 3 68 60 61 252 538 42 0 480 375 112 49 8 0 0 0 
0 0 23 147 270 288 249 47 0 0 1 122 195 216 394 96 190 66 43 24 52 156 492 1 
15 140 43 67 167 230 349 13 5 132 52 45 118 175 483 14 27 121 51 68 145 281 323 8 
0 175 84 54 39 214 458 0 0 108 60 112 57 125 554 8 2 139 24 54 123 286 396 0 
32 392 122 105 180 122 66 5 0 338 202 230 90 68 96 0 60 249 107 174 262 71 92 9 
16 595 139 47 64 93 70 0 0 576 164 35 28 60 148 13 163 524 61 30 27 55 146 18 
41 538 22 22 36 116 249 0 2 557 33 19 37 71 305 0 229 356 19 29 42 134 215 0 
179 550 34 78 110 66 7 0 5 699 31 18 93 161 17 0 313 426 58 95 107 23 2 0 
130 733 61 34 43 23 0 0 0 803 81 17 30 92 1 0 154 712 65 38 47 8 0 0 
67 870 67 17 3 0 0 0 0 928 86 6 4 0 0 0 43 882 94 3 2 0 0 0 
154 821 49 0 0 0 0 0 0 934 90 0 0 0 0 0 80 864 76 4 0 0 0 0 
54 502 43 362 55 8 0 0 0 459 119 123 273 42 8 0 40 501 314 143 26 0 0 0 
32 250 302 368 69 3 0 0 0 152 378 475 16 3 0 0 31 387 542 59 5 0 0 0 
148 237 205 191 184 57 2 0 14 334 280 183 130 82 1 0 162 282 215 180 141 44 0 0 
28 130 299 567 0 0 0 0 0 32 205 520 267 0 0 0 2 63 221 472 266 0 0 0 
96 128 148 633 19 0 0 0 1 135 199 397 292 0 0 0 84 127 186 426 201 0 0 0 
0 0 26 986 12 0 0 0 0 21 31 970 2 0 0 0 15 23 49 937 0 0 0 0 
27 45 124 828 0 0 0 0 0 12 58 954 0 0 0 0 0 17 159 848 0 0 0 0 
0 23 160 839 2 0 0 0 1 19 108 888 8 0 0 0 73 84 219 647 1 0 0 0 
6 23 150 843 2 0 0 0 0 0 33 976 15 0 0 0 2 26 430 563 3 0 0 0 
0 0 102 922 0 0 0 0 0 0 6 965 53 0 0 0 0 0 333 691 0 0 0 0 
31 9 150 834 0 0 0 0 29 8 28 959 0 0 0 0 36 8 870 110 0 0 0 0 
139 51 90 744 0 0 0 0 92 89 62 779 2 0 0 0 162 91 296 475 0 0 0 0 
72 222 470 260 0 0 0 0 61 222 242 497 2 0 0 0 120 232 492 180 0 0 0 0 
281 293 274 165 11 0 0 0 121 369 373 144 17 0 0 0 382 351 253 33 5 0 0 0 
44 56 85 419 407 10 3 0 19 80 62 262 516 79 4 2 139 106 168 408 177 23 3 0 
8 380 384 240 11 1 0 0 8 251 356 383 22 4 0 0 227 251 376 160 7 3 0 0 
140 219 194 327 128 11 5 0 40 268 150 324 212 18 7 5 266 190 238 245 68 11 4 2 
22 306 250 311 132 3 0 0 2 294 244 285 182 17 0 0 151 243 226 291 110 3 0 0 
86 305 273 214 146 0 0 0 2 328 319 210 165 0 0 0 193 340 206 216 69 0 0 0 
36 328 209 165 267 19 0 0 7 281 285 99 280 72 0 0 228 322 84 173 191 26 0 0 
236 439 56 103 157 25 8 0 112 458 217 116 54 58 9 0 401 339 154 31 73 26 0 0 
54 338 162 174 262 34 0 0 19 350 260 187 121 79 8 0 139 281 268 145 152 38 1 0 
2 87 209 167 287 238 34 0 5 57 182 102 234 345 88 11 28 91 167 156 332 221 29 0 
0 38 39 120 291 466 53 17 0 18 42 220 300 295 125 24 3 108 285 188 199 198 26 17 
1 163 267 132 224 232 5 0 0 119 300 152 189 215 49 0 21 347 112 155 204 182 3 0 
43 51 18 92 435 362 23 0 0 82 20 19 161 640 102 0 75 27 27 113 292 444 46 0 
129 245 51 78 228 284 9 0 0 320 85 40 186 327 66 0 146 240 48 98 236 242 14 0 
121 381 50 47 78 219 128 0 1 392 23 19 164 130 285 10 196 213 18 77 100 295 125 0 
107 676 209 25 7 0 0 0 5 633 120 60 196 10 0 0 444 440 56 44 29 11 0 0 
82 556 60 85 91 80 70 0 20 551 114 97 116 123 3 0 454 415 74 62 19 0 0 0 
12 498 103 235 98 32 42 4 0 413 122 149 225 63 52 0 131 345 119 205 131 60 33 0 
83 595 71 160 106 9 0 0 0 630 86 80 176 50 2 0 100 555 136 148 81 3 1 0 
167 393 53 84 178 137 12 0 65 481 29 84 167 175 23 0 207 366 70 142 202 37 0 0 
240 295 17 37 166 74 195 0 110 404 29 32 147 67 231 4 288 242 31 56 133 63 211 0 
187 570 122 21 6 108 10 0 147 555 174 15 13 90 30 0 351 491 35 14 14 113 6 0 
243 70 303 255 152 1 0 0 191 115 321 249 98 50 0 0 222 82 269 313 138 0 0 0 
45 45 106 275 348 188 14 3 1 108 124 221 412 157 1 0 4 82 218 219 365 136 0 0 
48 254 346 163 170 43 0 0 0 155 427 235 97 110 0 0 5 190 412 251 92 74 0 0 
3 139 292 203 148 119 120 0 0 144 369 120 103 96 187 5 0 106 425 119 121 166 87 0 
0 33 67 97 361 267 199 0 0 2 119 101 128 254 420 0 0 0 128 114 195 243 344 0 
0 8 138 289 339 239 11 0 0 0 9 138 400 326 151 0 0 0 195 289 236 292 12 0 
0 38 83 101 167 495 85 55 0 0 68 156 224 463 37 76 0 0 67 175 269 412 30 71 
2 258 274 185 167 130 8 0 0 113 447 199 121 133 11 0 0 155 369 213 171 112 4 0 
90 167 633 134 0 0 0 0 7 186 428 401 2 0 0 0 18 249 430 326 1 0 0 0 
229 245 151 370 29 0 0 0 1 220 585 192 26 0 0 0 79 430 400 109 6 0 0 0 
0 3 237 767 17 0 0 0 7 263 646 108 0 0 0 0 358 464 175 27 0 0 0 0 
100 272 488 162 2 0 0 0 12 190 482 334 5 1 0 0 139 169 424 276 13 3 0 0 
14 89 382 513 26 0 0 0 17 223 374 396 14 0 0 0 299 296 277 139 13 0 0 0 
0 38 326 355 193 73 24 15 0 1 147 508 234 82 28 24 6 151 548 206 66 20 18 9 
0 59 535 391 23 11 4 1 0 4 285 620 88 20 6 1 6 202 592 193 20 7 3 1 
45 124 512 343 0 0 0 0 19 93 681 225 5 1 0 0 90 456 343 112 22 1 0 0 
118 145 228 530 3 0 0 0 10 137 250 620 7 0 0 0 101 537 309 76 1 0 0 0 
250 329 209 232 4 0 0 0 209 422 166 221 6 0 0 0 377 435 153 55 4 0 0 0 
100 302 434 187 1 0 0 0 30 388 452 145 9 0 0 0 261 477 230 55 1 0 0 0 
296 264 224 144 96 0 0 0 124 433 183 148 120 16 0 0 415 218 210 131 46 4 0 0 
71 536 325 84 8 0 0 0 252 443 190 114 25 0 0 0 494 275 165 85 5 0 0 0 
244 153 252 297 78 0 0 0 134 220 182 312 171 5 0 0 280 140 217 300 85 2 0 0 
4 129 199 377 242 72 1 0 0 107 187 312 295 123 0 0 24 251 156 336 197 56 4 0 
101 153 90 180 442 58 0 0 12 219 135 205 406 47 0 0 345 192 171 210 106 0 0 0 
208 124 139 341 207 5 0 0 4 305 111 243 339 22 0 0 306 123 90 226 270 9 0 0 
320 142 157 177 214 14 0 0 33 409 87 212 171 112 0 0 489 119 86 148 166 16 0 0 
328 250 83 172 150 41 0 0 38 507 174 189 74 42 0 0 385 182 156 164 125 12 0 0 
265 275 152 116 85 87 44 0 0 488 125 90 134 105 82 0 298 260 113 79 141 89 44 0 
293 247 138 168 105 70 3 0 47 446 109 182 171 63 6 0 389 257 171 115 80 12 0 0 
349 385 47 99 104 40 0 0 70 642 39 79 111 80 3 0 445 289 31 67 157 35 0 0 
260 289 175 104 109 87 0 0 27 398 116 176 196 111 0 0 222 220 130 132 197 123 0 0 
273 219 284 244 4 0 0 0 2 309 181 397 135 0 0 0 107 230 274 331 82 0 0 0 
230 208 151 213 96 110 16 0 9 176 141 250 233 138 77 0 75 100 104 335 258 141 11 0 
38 411 59 53 80 290 93 0 0 407 67 57 83 209 201 0 129 311 30 70 100 359 25 0 
5 140 199 243 309 124 4 0 0 79 58 231 314 315 23 4 17 75 115 294 323 192 4 4 
0 35 324 453 92 20 33 67 0 0 35 388 431 37 19 114 0 0 130 567 170 28 24 105 
0 72 69 289 404 85 54 51 0 3 17 152 360 309 51 132 0 6 117 328 347 59 50 117 
0 12 47 159 206 352 91 157 0 0 16 66 189 397 152 204 0 18 97 258 255 154 53 189 
2 61 125 92 203 193 319 29 75 63 145 90 98 153 359 41 32 135 179 109 99 132 309 29 
1 410 257 108 94 79 75 0 104 390 286 50 25 42 127 0 205 507 104 39 25 103 41 0 
0 86 350 203 112 46 63 164 0 19 221 254 173 75 54 228 0 104 277 223 98 49 65 208 
0 10 86 121 350 161 65 231 0 1 26 108 285 198 81 325 0 0 91 174 231 181 38 309 
1 47 126 121 233 230 49 217 0 0 31 87 138 352 118 298 0 0 28 145 179 328 62 282 
5 82 104 273 105 156 192 107 0 28 41 234 154 106 334 127 0 40 45 323 98 208 190 120 
0 38 70 251 375 196 94 0 0 1 54 208 220 199 342 0 0 10 59 248 261 167 279 0 
0 4 32 159 371 348 33 77 0 0 1 79 183 381 265 115 0 0 12 104 223 525 62 98 
0 1 24 77 167 641 91 23 0 0 6 63 126 428 369 32 0 0 5 75 159 595 161 29 
0 103 227 264 163 254 13 0 0 18 174 308 181 252 91 0 0 31 212 293 168 286 34 0 
96 352 387 142 36 6 5 0 66 269 424 206 42 10 7 0 93 438 295 157 28 9 4 0 
139 439 298 125 23 0 0 0 81 334 489 120 0 0 0 0 187 445 337 55 0 0 0 0 
40 193 370 399 22 0 0 0 35 286 512 129 62 0 0 0 227 467 158 118 53 1 0 0 
125 261 432 206 0 0 0 0 36 173 563 251 1 0 0 0 198 436 261 126 3 0 0 0 
60 255 470 192 28 12 6 1 46 294 458 175 31 13 6 1 166 556 211 52 19 10 7 3 
22 238 411 234 83 30 5 1 0 80 465 289 146 36 6 2 31 446 344 133 48 17 2 3 
14 256 548 131 32 12 18 13 0 27 536 344 65 20 10 22 34 396 318 218 19 11 10 18 
5 219 564 222 13 1 0 0 0 77 678 223 45 1 0 0 50 449 322 179 18 5 1 0 
50 270 196 484 23 1 0 0 8 204 207 531 72 2 0 0 91 407 255 234 36 1 0 0 
200 336 209 269 10 0 0 0 75 401 223 239 86 0 0 0 404 217 188 203 12 0 0 0 
228 332 332 127 5 0 0 0 106 362 359 193 4 0 0 0 342 323 302 57 0 0 0 0 
196 336 336 148 8 0 0 0 5 469 248 268 32 2 0 0 306 282 300 126 9 1 0 0 
338 327 267 82 10 0 0 0 71 522 253 147 31 0 0 0 463 270 181 97 13 0 0 0 
439 302 180 74 29 0 0 0 49 505 254 178 38 0 0 0 438 261 232 69 24 0 0 0 
286 222 180 304 25 6 1 0 35 426 113 249 191 10 0 0 330 254 166 250 21 3 0 0 
335 180 223 210 74 2 0 0 41 386 171 307 100 18 1 0 350 203 246 182 38 5 0 0 
224 447 241 91 18 2 1 0 28 439 312 199 39 5 2 0 214 472 218 94 20 4 2 0 
248 406 244 55 46 17 7 1 35 329 391 175 55 33 3 3 140 472 267 75 50 16 2 2 
128 279 162 165 143 114 25 8 5 305 137 231 149 143 32 22 140 236 190 167 156 104 10 21 
2 43 257 444 124 46 55 53 0 7 105 384 306 79 27 116 0 28 262 437 112 48 33 104 
4 151 199 312 161 125 33 39 0 20 195 228 275 172 53 81 33 109 235 275 185 70 49 68 
36 327 103 108 143 144 83 80 0 277 143 109 103 177 52 163 125 315 50 76 105 155 55 143 
16 124 148 214 181 170 81 90 0 31 128 223 232 167 78 165 0 59 192 184 229 131 81 148 
19 136 175 281 61 60 42 250 0 3 95 281 233 50 55 307 0 1 105 379 154 38 54 293 
19 162 147 294 163 82 36 121 0 6 123 195 284 204 51 161 0 13 125 222 342 127 46 149 
46 336 92 109 149 143 105 44 0 321 93 79 118 202 126 85 108 264 45 101 112 202 115 77 
7 105 101 320 334 72 35 50 0 92 16 114 418 241 58 85 40 64 44 225 431 91 50 79 
0 1 43 155 293 389 45 98 0 0 9 89 187 501 88 150 75 200 153 207 154 35 67 133 
0 30 195 230 475 78 5 11 0 9 95 157 280 433 34 16 13 150 203 187 393 53 9 16 
13 46 111 148 215 300 191 0 0 0 28 82 211 383 318 2 0 40 115 149 282 325 112 1 
0 0 8 24 57 556 378 1 3 12 16 15 42 238 698 0 57 66 46 37 58 441 319 0 
1 386 145 52 95 230 115 0 0 325 209 49 78 207 156 0 282 416 86 68 74 97 1 0 
2 45 179 236 460 102 0 0 0 187 314 256 209 58 0 0 20 157 526 142 147 32 0 0 
0 2 81 315 491 135 0 0 0 0 47 150 616 201 10 0 0 0 112 650 218 44 0 0 
0 37 67 234 594 90 2 0 0 0 0 76 362 564 22 0 0 1 11 152 625 228 7 0 
57 64 108 372 386 37 0 0 0 12 90 245 370 299 8 0 0 9 149 207 325 211 115 8 
19 80 257 287 295 86 0 0 0 0 15 299 371 309 30 0 0 0 72 250 304 156 242 0 
0 0 128 60 241 594 1 0 0 0 3 59 143 677 142 0 0 0 2 98 155 492 277 0 
0 45 104 158 226 377 114 0 0 5 105 168 248 277 196 25 0 9 119 184 262 344 101 5 
26 112 35 67 362 399 23 0 0 44 119 78 321 427 35 0 1 86 93 111 399 316 18 0 
54 245 454 221 36 13 0 1 20 164 316 443 55 20 5 1 36 294 179 423 63 16 10 3 
77 362 431 143 9 1 1 0 20 259 398 298 44 4 1 0 90 335 265 277 50 6 1 0 
48 267 420 212 71 6 0 0 14 247 339 250 156 18 0 0 74 338 245 216 137 14 0 0 
5 163 586 228 19 10 10 3 2 183 536 237 45 8 10 3 73 391 473 50 12 9 12 4 
55 315 506 141 7 0 0 0 8 264 551 188 12 1 0 0 147 437 317 113 9 1 0 0 
100 179 177 424 139 2 2 1 12 68 370 526 39 5 2 2 87 310 389 212 19 5 0 2 
33 178 479 316 18 0 0 0 3 135 573 283 30 0 0 0 97 381 401 134 11 0 0 0 
5 166 270 278 225 62 10 8 0 146 283 232 259 79 12 13 77 282 188 230 177 41 17 12 
74 283 266 305 86 6 3 1 8 242 350 224 175 21 1 3 101 328 256 243 86 6 3 1 
173 449 218 175 9 0 0 0 52 409 292 196 75 0 0 0 383 316 194 117 14 0 0 0 
262 424 253 77 6 1 1 0 15 445 346 186 26 5 1 0 154 494 237 113 20 5 1 0 
65 390 456 88 14 5 5 1 4 280 522 169 35 7 6 1 122 454 339 75 23 5 6 0 
142 322 328 144 35 33 15 5 16 395 371 127 52 31 21 11 336 336 194 57 43 34 14 10 
119 332 480 37 21 21 6 8 48 212 562 140 22 17 9 14 223 472 238 36 16 20 9 10 
69 341 292 212 34 29 29 18 17 287 253 256 95 40 28 48 171 416 217 85 44 32 40 19 
95 180 225 164 127 68 66 99 6 139 181 279 127 75 46 171 91 159 250 163 94 59 43 165 
18 252 498 185 20 13 17 21 0 142 148 540 126 11 17 40 39 186 316 375 43 13 13 39 
18 121 422 291 150 21 1 0 0 59 167 582 205 10 1 0 81 193 291 435 21 2 1 0 
121 254 109 175 233 102 7 23 44 269 145 160 244 124 10 28 193 292 139 181 110 72 9 28 
26 131 454 277 78 12 13 33 0 54 370 347 177 16 15 45 41 326 274 239 74 14 15 41 
110 306 231 188 90 34 35 30 0 263 258 287 83 40 32 61 154 423 157 112 60 43 25 50 
118 327 116 129 236 73 15 10 14 417 148 150 155 103 15 22 249 323 145 116 132 27 12 20 
57 215 194 227 172 65 37 57 0 76 204 242 243 123 55 81 1 127 178 249 247 94 50 78 
148 187 167 439 74 5 3 1 0 187 136 229 432 27 7 6 1 227 111 415 249 10 5 6 
113 159 145 250 259 79 9 10 0 134 142 162 252 303 22 9 3 179 134 223 403 63 16 3 
188 382 128 116 106 86 17 1 0 351 177 116 196 138 38 8 93 338 149 150 168 86 33 7 
17 162 137 134 370 61 45 98 0 123 36 134 234 301 49 147 32 106 70 173 370 88 58 127 
47 312 288 207 109 45 9 7 0 51 263 229 291 157 13 20 0 165 321 210 284 15 12 17 
5 98 240 344 298 25 10 4 0 9 118 241 383 240 21 12 0 66 205 265 390 76 13 9 
24 189 192 143 174 183 119 0 0 3 196 212 165 234 195 19 2 77 274 201 189 161 103 17 
17 78 69 139 257 313 110 41 0 5 53 119 153 305 319 70 0 45 99 109 157 368 177 69 
2 390 197 69 99 107 106 54 0 330 236 50 54 114 96 144 100 362 95 61 67 117 59 163 
10 152 155 157 247 223 61 19 3 180 96 178 240 204 92 31 24 204 182 193 167 189 38 27 
16 187 224 164 201 220 12 0 0 6 201 279 211 108 213 6 0 31 336 240 117 153 143 4 
13 98 172 345 255 123 18 0 0 28 131 218 351 169 108 19 0 23 154 271 371 138 63 4 
176 286 149 150 108 144 6 5 2 218 67 81 347 198 104 7 56 174 68 45 111 283 272 15 
103 230 282 213 45 150 1 0 0 194 98 85 168 357 122 0 32 133 112 121 49 112 464 1 
26 63 213 231 242 233 16 0 0 53 114 107 160 423 167 0 0 60 165 163 77 186 372 1 
6 79 186 180 149 178 170 76 0 1 116 237 154 146 239 131 0 29 127 222 166 150 210 120 
69 202 195 90 78 114 267 9 0 23 267 212 109 102 271 40 0 89 278 148 100 111 287 11 
121 539 313 48 3 0 0 0 9 224 521 259 11 0 0 0 6 210 317 457 31 3 0 0 
125 382 319 138 55 5 0 0 10 196 407 302 100 9 0 0 28 203 256 409 112 14 2 0 
213 334 320 156 1 0 0 0 86 435 277 207 19 0 0 0 129 453 227 163 46 6 0 0 
110 369 371 94 42 17 11 10 31 396 391 112 56 13 13 12 64 404 362 103 47 15 12 17 
33 322 375 269 21 4 0 0 16 277 454 244 29 4 0 0 113 449 319 118 17 8 0 0 
106 366 330 196 26 0 0 0 134 381 354 155 0 0 0 0 304 481 174 64 1 0 0 0 
29 322 431 216 24 2 0 0 3 228 589 191 11 2 0 0 55 439 443 80 4 3 0 0 
54 157 252 420 95 33 12 1 83 414 300 81 88 45 12 1 276 462 111 57 78 28 11 1 
129 487 264 116 24 4 0 0 17 427 392 145 30 13 0 0 115 424 339 103 32 10 1 0 
297 310 319 97 1 0 0 0 177 388 311 147 1 0 0 0 397 324 264 39 0 0 0 0 
327 490 194 11 2 0 0 0 57 588 306 70 3 0 0 0 267 515 201 38 3 0 0 0 
143 588 286 3 2 2 0 0 7 452 518 42 2 2 1 0 189 668 158 5 1 3 0 0 
143 410 277 181 11 1 1 0 29 352 371 245 17 9 1 0 242 406 239 119 9 5 4 0 
132 714 116 35 7 10 10 0 33 572 303 64 24 9 9 10 248 590 92 52 16 7 7 12 
139 472 191 177 23 12 6 4 56 468 214 172 80 15 8 11 331 310 170 158 28 9 7 11 
145 610 210 46 13 0 0 0 76 574 280 70 22 2 0 0 340 476 153 43 10 2 0 0 
163 451 246 141 14 6 3 0 5 248 398 277 77 8 3 8 83 357 306 210 53 5 6 4 
82 502 268 123 21 13 15 0 0 121 542 289 28 16 16 12 62 386 464 50 22 14 17 9 
127 227 183 199 176 27 29 56 65 253 173 288 134 37 21 53 230 303 240 127 53 14 14 43 
30 635 172 110 26 11 20 20 1 458 310 138 57 10 12 38 55 584 213 86 32 7 10 37 
321 326 183 128 48 13 3 2 115 346 293 159 77 26 4 4 280 295 253 118 55 15 4 4 
340 307 69 119 145 36 8 0 77 535 104 125 129 45 5 4 423 273 121 104 79 18 2 4 
32 153 226 396 145 69 3 0 0 74 101 296 408 138 4 3 27 60 130 482 251 70 1 3 
26 283 311 306 94 2 2 0 0 65 277 363 273 42 2 2 32 166 325 388 105 4 2 2 
48 170 233 320 103 136 14 0 3 80 160 218 360 107 89 7 6 87 200 321 235 137 37 1 
47 276 61 96 177 340 27 0 1 265 68 98 100 343 149 0 107 186 42 82 169 394 44 0 
1 207 164 204 369 79 0 0 0 182 146 118 324 235 19 0 51 191 163 172 298 141 8 0 
5 5 53 231 531 197 2 0 1 6 3 14 209 641 150 0 6 4 2 62 551 370 29 0 
0 2 12 177 678 155 0 0 0 0 0 38 454 516 16 0 0 18 71 134 510 289 2 0 
0 19 170 94 230 393 118 0 0 0 0 109 182 300 392 41 0 0 0 113 231 240 402 38 
0 0 0 70 318 397 162 77 0 0 0 1 179 430 270 144 0 0 0 12 109 425 340 138 
4 347 114 33 115 356 55 0 0 291 174 35 71 217 236 0 142 250 87 67 102 291 85 0 
0 117 41 59 318 289 148 52 0 98 43 32 203 355 199 94 10 117 52 75 245 303 155 67 
0 0 15 41 131 668 137 32 0 0 2 13 62 220 649 78 0 3 29 57 106 392 404 33 
4 202 117 257 209 233 2 0 0 236 132 179 177 149 151 0 137 175 126 136 197 224 29 0 
284 222 108 71 119 174 45 1 110 422 162 66 112 106 46 0 352 187 85 121 117 132 30 0 
48 157 249 170 113 220 60 7 0 91 130 275 416 53 23 36 0 93 178 285 198 213 29 28 
6 3 29 215 169 345 257 0 0 0 9 132 420 261 202 0 0 0 44 234 350 351 45 0 
0 73 80 194 212 194 206 65 0 10 121 127 151 247 185 183 0 11 41 171 220 220 177 184 
0 9 57 86 202 219 438 13 0 0 16 61 177 238 483 49 0 0 21 80 174 257 472 20 
112 487 292 72 25 21 13 2 50 330 449 125 28 24 15 3 218 321 261 138 33 30 19 4 
154 283 375 146 48 18 0 0 27 220 467 213 75 21 1 0 116 307 289 209 73 28 2 0 
89 267 321 246 78 14 9 0 29 229 331 291 117 16 9 2 82 265 240 273 115 27 17 5 
16 215 282 374 112 21 4 0 0 194 265 362 158 35 9 1 49 307 125 349 142 36 14 2 
57 522 308 126 11 0 0 0 1 381 459 163 20 0 0 0 122 584 237 71 10 0 0 0 
255 512 212 44 1 0 0 0 91 608 261 63 1 0 0 0 282 640 72 30 0 0 0 0 
254 580 167 22 1 0 0 0 86 572 324 36 6 0 0 0 250 624 126 18 5 1 0 0 
98 412 301 183 17 5 7 1 65 385 208 309 36 10 6 5 227 335 252 158 29 10 6 7 
134 690 171 23 6 0 0 0 0 486 372 155 11 0 0 0 199 523 254 40 8 0 0 0 
101 322 372 132 74 18 5 0 237 459 177 83 48 16 4 0 286 450 192 63 18 7 8 0 
140 101 176 167 334 104 2 0 78 237 211 181 251 62 4 0 295 281 186 143 70 47 2 0 
779 232 13 0 0 0 0 0 362 561 101 0 0 0 0 0 770 241 13 0 0 0 0 0 
569 224 214 16 1 0 0 0 452 283 235 50 4 0 0 0 581 229 192 17 5 0 0 0 
217 719 85 3 0 0 0 0 59 595 350 20 0 0 0 0 527 423 64 10 0 0 0 0 
257 424 316 22 3 2 0 0 72 351 450 144 4 2 1 0 303 487 214 15 3 2 0 0 
48 213 470 205 55 8 20 5 2 125 357 400 91 9 13 27 171 315 382 102 7 11 10 26 
171 353 423 64 12 1 0 0 72 349 415 158 27 3 0 0 236 458 261 57 11 1 0 0 
42 537 352 60 26 5 1 1 4 401 470 101 37 8 1 2 133 615 214 38 16 6 0 2 
140 477 201 28 13 26 55 84 141 563 116 30 24 54 40 56 274 516 51 31 36 54 33 29 
329 503 85 15 18 15 32 27 195 531 199 18 28 35 18 0 413 436 88 30 32 25 0 0 
223 456 226 30 44 27 18 0 28 456 425 60 26 29 0 0 197 447 307 37 30 6 0 0 
571 223 46 94 84 6 0 0 176 599 78 114 47 9 1 0 625 195 101 82 19 2 0 0 
146 186 198 285 125 60 5 19 22 225 191 258 199 93 30 6 93 256 184 267 135 68 20 1 
258 254 226 274 12 0 0 0 0 352 308 275 82 7 0 0 55 491 298 156 20 4 0 0 
193 265 204 290 72 0 0 0 0 294 250 294 142 44 0 0 50 431 218 241 81 3 0 0 
92 201 170 202 209 128 22 0 10 215 226 301 239 29 4 0 81 256 353 252 68 14 0 0 
0 30 128 145 158 345 217 1 0 122 173 216 461 52 0 0 41 214 249 459 59 2 0 0 
14 308 347 271 83 1 0 0 2 394 125 302 172 29 0 0 134 350 192 224 122 2 0 0 
13 87 240 320 331 31 2 0 0 25 97 307 241 326 25 3 12 64 127 328 258 224 9 2 
20 135 234 234 190 165 46 0 0 12 118 283 224 226 161 0 0 13 119 295 235 237 125 0 
54 154 195 210 195 175 28 13 1 49 182 225 194 212 134 27 0 44 153 250 192 188 175 22 
36 412 142 95 141 143 36 19 0 403 85 83 87 243 80 43 156 270 60 87 79 242 91 39 
31 214 160 161 262 145 37 14 0 150 151 146 185 272 87 33 32 174 141 144 205 229 78 21 
89 167 311 242 121 91 3 0 0 23 226 400 192 124 59 0 0 43 368 334 129 138 12 0 
108 229 226 145 246 63 7 0 4 178 198 190 157 243 44 10 36 164 200 195 174 209 42 4 
17 125 193 102 135 321 131 0 29 61 274 174 185 251 50 0 7 60 233 212 179 290 43 0 
0 3 118 172 110 494 127 0 0 0 23 132 285 390 194 0 0 22 73 104 233 399 193 0 
0 5 63 133 242 323 258 0 0 0 3 80 272 519 150 0 0 0 2 76 244 530 172 0 
52 193 220 139 180 200 39 1 0 0 149 301 196 199 158 21 0 2 246 234 183 208 128 23 
20 321 261 138 131 75 75 3 0 63 330 194 188 142 94 13 15 143 286 139 143 202 84 12 
133 323 124 129 120 81 73 41 37 355 170 125 127 86 81 43 175 261 164 96 110 88 102 28 
69 710 193 38 4 2 0 8 14 648 298 48 6 2 2 6 182 645 158 26 5 2 6 0 
172 675 101 42 26 8 0 0 27 715 201 38 33 8 2 0 147 724 75 39 22 12 5 0 
0 613 347 61 3 0 0 0 0 408 533 72 11 0 0 0 42 694 219 59 10 0 0 0 
318 571 132 3 0 0 0 0 149 748 110 17 0 0 0 0 685 297 36 6 0 0 0 0 
100 800 118 6 0 0 0 0 44 637 328 15 0 0 0 0 296 633 89 6 0 0 0 0 
112 417 380 25 24 35 23 8 76 390 433 47 20 38 14 6 472 371 78 20 26 22 29 6 
230 498 112 22 50 71 39 2 51 591 176 41 46 72 38 9 423 381 38 21 53 55 39 14 
292 384 47 87 122 66 26 0 75 519 117 95 156 56 6 0 396 250 74 116 155 32 1 0 
14 37 65 158 210 417 123 0 4 27 97 339 294 216 47 0 37 121 156 137 239 205 91 38 
114 10 16 30 360 453 40 1 111 14 20 136 474 232 31 6 532 209 119 50 54 44 16 0 
824 159 19 17 4 1 0 0 421 566 32 3 1 1 0 0 821 197 6 0 0 0 0 0 
385 149 94 89 164 143 0 0 234 301 115 285 89 0 0 0 414 203 240 166 1 0 0 0 
253 298 123 221 77 51 1 0 38 466 87 197 157 41 38 0 295 268 155 183 62 27 34 0 
184 427 272 68 33 26 14 0 71 209 504 147 47 15 30 1 206 347 351 53 26 12 28 1 
134 537 218 100 32 3 0 0 14 196 537 170 97 8 2 0 100 369 358 110 83 4 0 0 
280 532 181 31 0 0 0 0 98 482 296 145 3 0 0 0 336 449 144 93 2 0 0 0 
185 481 346 12 0 0 0 0 5 403 512 104 0 0 0 0 84 564 336 40 0 0 0 0 
113 382 272 78 49 52 60 18 13 490 291 77 66 66 21 0 103 339 344 139 71 26 2 0 
2 31 14 17 33 89 313 525 0 28 24 32 102 350 488 0 2 36 41 111 416 399 19 0 
0 0 16 30 118 215 335 310 0 0 24 104 57 154 572 113 0 1 105 61 85 337 353 82 
279 91 55 63 73 334 129 0 6 335 48 73 78 31 379 74 279 92 76 54 47 65 355 56 
195 313 268 169 78 1 0 0 11 283 285 260 128 51 6 0 127 303 334 175 84 1 0 0 
122 377 204 315 6 0 0 0 0 277 385 190 172 0 0 0 102 564 142 216 0 0 0 0 
172 291 191 272 95 3 0 0 0 247 298 161 268 50 0 0 43 403 179 233 157 9 0 0 
9 80 184 185 316 200 50 0 0 73 185 415 171 146 34 0 4 135 379 253 148 103 2 0 
0 9 20 41 93 234 541 86 1 15 43 127 393 266 27 152 5 25 96 343 370 15 21 149 
28 361 202 232 128 45 28 0 0 372 145 185 186 70 33 33 102 324 114 185 187 43 20 49 
40 111 475 319 79 0 0 0 0 67 113 400 327 114 3 0 7 77 115 440 261 122 2 0 
25 126 153 215 75 249 181 0 0 39 150 267 79 133 356 0 0 57 175 258 62 187 285 0 
36 59 45 94 257 533 0 0 0 60 51 51 122 298 442 0 1 67 55 48 113 261 479 0 
15 403 21 67 267 183 53 15 0 383 48 39 99 272 130 53 53 320 52 42 77 290 118 72 
22 143 38 24 243 523 31 0 0 146 48 18 107 408 294 3 69 117 37 56 131 502 112 0 
0 1 6 130 445 433 9 0 0 0 0 16 158 515 334 1 0 0 2 45 257 541 179 0 
16 59 111 195 463 180 0 0 0 0 0 26 227 572 199 0 0 0 0 20 279 608 117 0 
0 0 5 222 761 36 0 0 0 0 0 7 208 791 18 0 0 0 0 10 374 640 0 0 
26 159 305 241 272 21 0 0 0 0 52 373 318 270 11 0 0 43 159 228 278 316 0 0 
32 147 297 131 409 8 0 0 0 24 126 329 129 389 27 0 0 19 75 194 209 455 72 0 
0 0 0 90 324 610 0 0 0 0 0 27 89 378 530 0 0 0 0 36 102 398 488 0 
11 192 34 120 238 403 21 5 0 190 39 40 236 365 139 15 25 169 36 69 226 429 57 13 
0 0 0 108 210 229 281 196 23 222 155 149 135 125 169 46 33 209 143 115 137 182 150 55 
74 204 216 186 88 111 143 2 93 214 155 189 136 148 87 2 139 226 149 173 110 130 89 8 
71 189 282 173 116 131 61 1 27 142 298 278 71 98 85 25 72 237 291 160 31 105 87 41 
99 310 551 24 40 0 0 0 3 259 670 35 54 3 0 0 128 312 507 29 48 0 0 0 
217 643 139 17 8 0 0 0 64 857 55 33 15 0 0 0 600 352 42 27 3 0 0 0 
251 564 208 1 0 0 0 0 64 514 425 21 0 0 0 0 315 433 255 21 0 0 0 0 
1 66 122 66 184 303 266 16 31 65 89 47 174 289 273 56 87 70 33 95 196 301 209 33 
66 164 154 144 251 228 17 0 2 181 185 174 193 217 72 0 59 195 167 161 186 204 52 0 
53 91 150 131 168 255 176 0 2 89 161 143 170 195 264 0 18 129 165 127 159 187 233 6 
0 37 132 215 327 280 33 0 0 20 144 238 304 282 36 0 19 92 227 285 254 130 17 0 
0 0 1 15 147 600 232 29 0 0 0 13 121 748 110 32 733 85 36 30 35 42 34 29 
9 22 13 18 45 111 657 149 7 25 19 105 39 50 688 91 805 119 100 0 0 0 0 0 
5 33 182 350 225 102 126 1 4 10 197 540 105 45 123 0 101 211 460 201 51 0 0 0 
0 44 200 295 321 155 9 0 65 140 135 144 287 146 105 2 104 183 221 130 174 110 101 1 
84 22 93 261 166 266 128 4 68 24 39 284 166 195 240 8 79 76 208 136 128 246 141 10 
94 35 19 49 141 479 196 11 45 56 33 24 49 407 345 65 83 36 24 29 135 431 244 42 
302 100 110 120 128 130 110 24 217 131 72 138 121 146 116 83 260 153 81 115 106 135 109 65 
291 392 158 10 23 61 88 1 154 423 262 7 9 40 99 30 171 469 174 36 19 45 92 18 
5 540 371 27 17 20 27 17 2 494 416 29 17 19 23 24 23 134 586 240 37 4 0 0 
19 225 189 41 131 113 188 118 0 215 199 61 80 316 54 99 17 178 136 235 247 186 24 1 
0 0 0 10 343 664 7 0 0 0 0 0 27 479 518 0 0 0 0 7 47 632 338 0 
2 5 2 1 66 695 253 0 0 3 4 2 2 44 886 83 0 3 4 2 3 26 876 110 
339 105 164 249 123 43 1 0 0 298 123 256 253 50 38 6 163 208 115 264 215 16 33 10 
193 348 424 59 0 0 0 0 0 162 296 511 55 0 0 0 81 220 365 357 1 0 0 0 
157 202 295 149 209 12 0 0 2 188 252 206 172 46 158 0 58 237 240 243 51 50 125 20 
0 0 0 58 692 171 103 0 0 0 0 81 35 132 740 36 0 0 30 65 48 127 535 219 
0 0 0 6 158 250 576 34 0 0 0 9 4 6 258 747 0 0 8 5 3 4 174 830 
42 155 49 81 22 97 578 0 0 55 135 49 86 18 25 656 0 83 88 68 64 32 20 669 
68 128 374 390 64 0 0 0 0 95 133 339 407 50 0 0 5 99 186 464 268 2 0 0 
15 109 375 258 205 60 2 0 0 64 171 295 267 137 86 4 4 94 215 345 262 92 12 0 
120 355 170 137 46 164 31 1 3 225 246 226 81 79 125 39 7 70 470 295 50 79 48 5 
189 490 171 133 41 0 0 0 1 471 238 241 57 14 2 0 137 370 275 207 24 11 0 0 
35 299 294 210 123 60 3 0 0 230 255 277 158 80 24 0 70 241 259 249 123 59 23 0 
17 318 461 148 50 26 4 0 2 124 414 310 116 41 14 3 25 301 439 150 72 27 8 2 
145 342 189 153 111 63 21 0 16 305 244 226 107 95 30 1 95 365 220 174 78 73 19 0 
74 203 198 234 173 29 82 31 0 18 271 406 189 140 0 0 0 171 374 277 115 87 0 0 
62 229 371 155 107 24 55 21 0 139 337 309 171 68 0 0 49 385 335 108 85 62 0 0 
98 130 57 166 252 64 25 232 0 149 78 161 111 236 37 252 0 171 141 109 84 156 101 262 
0 0 11 82 164 191 35 541 0 0 0 23 92 227 204 478 0 0 0 21 105 194 200 504 
0 0 0 0 13 48 13 950 0 0 0 0 0 51 15 958 0 0 0 0 0 53 45 926 
0 15 195 377 133 92 75 137 0 79 147 365 182 82 85 84 15 70 157 335 180 62 77 128 
0 7 79 379 192 213 83 71 0 15 35 253 334 139 152 96 24 39 85 292 241 109 163 71 
7 43 283 310 194 158 24 5 0 12 67 294 202 147 289 13 3 30 71 235 202 112 125 246 
1 70 101 128 173 215 220 116 0 7 117 161 254 208 155 122 1 25 138 173 176 142 212 157 
0 34 59 39 12 56 316 508 0 0 65 40 28 37 195 659 0 10 73 40 16 21 190 674 
14 309 170 55 60 112 190 114 0 84 315 148 52 108 164 153 13 212 293 84 93 109 127 93 
1 122 83 80 62 257 205 214 0 12 144 118 60 106 323 261 0 59 137 124 46 155 426 77 
60 208 251 190 223 80 12 0 0 122 294 189 144 231 44 0 30 159 261 264 213 72 23 2 
78 363 312 135 71 54 11 0 2 183 438 164 126 75 34 2 43 315 312 156 94 57 45 2 
7 112 276 298 245 82 4 0 0 33 205 322 285 164 15 0 40 158 380 227 152 59 8 0 
0 0 0 2 73 748 201 0 0 0 0 10 78 794 142 0 867 103 46 8 0 0 0 0 
0 0 0 0 0 15 980 29 0 0 0 0 0 44 959 21 848 172 4 0 0 0 0 0 
0 0 31 33 52 68 404 436 0 0 37 38 51 62 429 407 157 719 114 34 0 0 0 0 
70 391 214 175 151 6 14 3 45 453 236 203 64 5 14 4 204 459 209 113 38 1 0 0 
29 251 154 192 202 156 36 4 0 220 140 178 202 212 62 10 47 246 132 187 210 158 38 6 
24 94 154 259 276 175 40 2 7 49 106 89 217 414 133 9 27 114 116 132 170 234 188 43 
1 71 146 170 177 262 187 10 0 29 113 130 160 278 242 72 52 180 167 135 134 158 143 55 
47 411 64 114 137 133 112 6 7 421 62 69 124 159 138 44 40 371 137 91 143 125 90 27 
9 413 245 54 28 36 56 183 0 76 35 13 16 250 410 224 0 51 76 139 87 89 44 538 
39 370 495 31 31 28 20 10 0 269 314 26 20 24 249 122 10 92 289 224 26 29 15 339 
300 268 124 42 158 91 12 29 35 510 138 21 36 168 81 35 0 411 190 98 45 180 64 36 
6 18 12 25 206 544 206 7 0 23 11 121 272 257 336 4 0 23 78 253 175 157 325 13 
695 70 43 46 64 103 3 0 403 336 48 61 89 47 33 7 606 158 51 86 59 17 38 9 
648 145 67 58 76 30 0 0 551 203 72 122 76 0 0 0 631 156 134 103 0 0 0 0 
122 49 37 32 508 109 40 127 85 45 41 40 175 126 369 143 116 60 22 133 83 105 365 140 
0 0 0 0 313 224 477 10 0 0 0 3 237 503 279 2 0 0 0 154 536 88 207 39 
0 0 0 90 142 224 418 150 0 0 0 12 115 224 218 455 0 0 0 64 175 192 76 517 
42 17 39 82 87 514 243 0 0 46 18 18 86 29 145 682 1 34 19 23 64 42 26 815 
333 87 250 283 71 0 0 0 118 209 106 214 319 58 0 0 283 64 144 269 260 4 0 0 
102 94 201 127 260 237 3 0 28 84 31 124 227 262 260 8 66 54 58 229 134 351 132 0 
0 0 0 19 259 535 174 37 0 73 67 90 107 325 348 14 0 67 83 125 175 265 299 10 
24 102 25 76 214 278 43 262 5 131 73 325 281 159 50 0 43 128 125 303 225 159 41 0 
361 331 100 120 110 2 0 0 273 419 76 92 95 69 0 0 463 253 79 108 93 28 0 0 
0 0 97 276 416 44 36 155 0 0 46 135 322 306 44 171 0 0 53 94 316 441 69 51 
0 0 83 178 75 41 150 497 0 0 43 382 180 66 48 305 209 76 103 105 213 294 23 1 
0 0 0 0 4 11 52 957 0 0 0 460 260 257 37 10 305 317 155 176 31 27 11 2 
0 0 0 0 0 0 1 1023 0 0 0 0 30 175 468 351 0 0 42 367 352 91 102 70 
0 0 5 164 131 124 46 554 0 0 41 223 128 85 12 535 0 8 134 202 113 24 21 522 
0 0 0 0 0 0 19 1005 0 0 0 0 0 3 50 971 0 0 0 0 0 0 20 1004 
0 0 0 0 9 30 55 930 0 0 0 0 0 6 25 993 0 0 0 13 46 185 43 737 
1 32 82 34 93 512 251 19 0 5 62 83 67 293 483 31 0 0 55 62 37 55 611 204 
0 0 11 67 147 184 477 138 0 0 8 51 96 102 581 186 0 0 8 57 130 109 453 267 
0 14 253 259 154 127 190 27 0 0 17 85 100 145 497 180 0 0 24 129 138 108 75 550 
0 0 2 69 126 262 431 134 0 0 0 43 198 260 391 132 0 1 41 115 175 267 305 120 
0 5 58 39 88 272 493 69 0 0 0 58 88 193 478 207 0 0 0 3 113 311 346 251 
0 27 45 58 322 270 250 52 0 0 0 93 197 474 218 42 0 0 30 84 223 493 190 4 
6 78 56 93 265 210 173 143 0 58 74 86 122 296 202 186 28 95 84 90 166 254 257 50 
149 301 122 141 197 107 6 1 1 337 185 194 172 101 33 1 43 387 166 192 146 55 34 1 
28 171 198 187 264 154 22 0 0 122 169 236 215 226 55 1 54 137 219 209 212 137 51 5 
58 279 86 230 310 55 6 0 0 317 147 172 329 59 0 0 197 288 223 194 90 32 0 0 
0 0 0 0 0 665 359 0 0 0 0 0 1 760 263 0 1016 8 0 0 0 0 0 0 
0 0 0 3 20 117 836 48 0 0 0 11 21 208 760 24 635 323 55 11 0 0 0 0 
0 0 0 0 11 109 823 81 0 0 0 3 15 139 834 33 395 504 87 29 9 0 0 0 
0 54 148 170 113 29 407 103 0 16 111 183 161 38 447 68 389 245 206 162 15 3 3 1 
25 153 401 420 25 0 0 0 0 161 257 545 61 0 0 0 72 245 510 195 2 0 0 0 
1 141 139 546 192 5 0 0 0 127 145 326 407 18 1 0 32 174 213 408 178 11 8 0 
179 470 200 91 64 14 6 0 35 507 319 87 57 10 7 2 187 524 204 64 27 8 6 4 
138 715 45 47 54 14 7 4 16 782 91 46 39 36 6 8 95 561 228 55 50 20 9 6 
0 192 242 22 22 18 31 497 0 192 212 15 15 28 51 511 0 11 310 259 264 144 9 27 
91 263 230 52 32 44 51 261 68 250 223 47 26 31 60 319 108 195 269 95 61 210 21 65 
256 395 243 57 43 16 12 2 62 538 250 51 58 62 1 2 8 400 346 195 64 11 0 0 
27 106 70 214 250 246 111 0 4 90 121 191 309 248 55 6 55 195 160 177 174 168 87 8 
0 3 34 166 400 234 71 116 0 1 37 227 375 147 75 162 0 2 118 324 156 58 177 189 
0 24 71 107 160 351 66 245 0 9 117 145 315 120 31 287 0 52 154 346 152 19 51 250 
0 0 18 87 60 125 100 634 0 0 12 62 154 70 79 647 0 4 23 93 142 50 82 630 
0 0 0 245 424 181 74 100 0 0 0 73 252 169 371 159 0 0 7 171 176 119 218 333 
15 45 21 54 591 213 34 51 0 0 36 66 77 61 563 221 0 0 24 91 53 48 135 673 
28 105 66 67 94 45 140 479 0 0 129 84 182 92 188 349 0 10 113 189 105 125 142 340 
406 192 45 38 66 34 70 173 112 371 200 64 82 52 78 65 317 203 160 103 49 57 74 61 
811 164 19 30 0 0 0 0 283 549 145 22 25 0 0 0 611 298 73 21 21 0 0 0 
149 51 31 33 128 189 173 270 30 114 73 57 222 242 122 164 89 107 41 111 220 171 193 92 
0 0 0 0 15 195 225 589 0 0 0 3 35 269 249 468 0 0 0 4 36 267 373 344 
138 150 56 75 157 184 210 54 58 206 63 79 205 251 142 20 313 168 87 138 115 100 77 26 
0 9 20 77 242 165 153 358 0 9 77 106 207 186 119 320 18 39 100 117 226 404 81 39 
0 0 0 28 120 66 110 700 0 0 0 14 128 86 89 707 0 0 0 69 164 248 165 378 
0 0 0 1 13 27 113 870 0 0 0 165 406 351 92 10 0 244 297 264 107 90 20 2 
0 0 0 0 0 0 29 995 0 0 0 0 0 13 73 938 0 0 1 28 187 268 208 332 
0 0 0 0 35 180 272 537 0 0 0 5 117 258 150 494 0 0 11 69 137 202 210 395 
0 0 0 0 18 13 32 961 0 0 0 0 14 16 26 968 0 0 0 0 4 140 252 628 
0 0 0 68 75 56 81 744 0 0 0 0 26 39 31 928 0 0 0 7 98 58 103 758 
0 24 89 108 282 504 17 0 0 0 0 6 151 577 290 0 0 0 12 83 60 218 596 55 
0 0 11 248 314 311 137 3 0 0 0 1 53 491 460 19 0 0 0 89 235 195 388 117 
0 0 52 370 175 288 132 7 0 0 0 0 54 590 331 49 0 0 0 106 397 267 208 46 
0 0 8 176 352 438 50 0 0 0 0 0 234 552 238 0 0 0 0 67 353 417 179 8 
0 24 103 249 337 262 36 13 0 0 0 135 295 416 141 37 0 0 0 34 364 413 170 43 
0 37 157 397 336 93 4 0 0 0 20 249 358 364 33 0 0 0 11 177 334 377 124 1 
0 0 20 188 515 288 13 0 0 13 47 264 289 387 24 0 0 60 185 225 215 302 37 0 
0 3 69 271 566 114 1 0 0 21 89 572 175 155 12 0 8 171 466 230 104 41 4 0 
27 150 261 242 218 98 26 2 0 53 153 208 362 190 47 11 14 104 262 256 276 77 29 6 
92 100 214 266 110 203 37 2 11 431 212 113 72 166 19 0 247 205 340 168 48 14 2 0 
0 0 0 1 40 697 286 0 0 0 0 6 116 765 137 0 960 64 0 0 0 0 0 0 
0 0 0 0 0 20 1004 0 0 0 0 0 0 59 965 0 983 41 0 0 0 0 0 0 
0 0 25 45 157 384 413 0 0 0 39 63 194 433 295 0 930 87 7 0 0 0 0 0 
11 82 43 187 397 46 227 31 0 72 80 441 154 26 238 13 186 306 402 117 13 0 0 0 
105 322 260 304 32 1 0 0 0 210 331 386 89 8 0 0 11 304 449 239 21 0 0 0 
177 371 173 260 37 6 0 0 0 224 333 361 106 0 0 0 89 182 324 410 19 0 0 0 
23 143 222 416 209 11 0 0 0 224 347 331 117 5 0 0 44 369 349 243 19 0 0 0 
93 502 71 159 194 5 0 0 5 659 137 133 73 17 0 0 74 486 336 79 48 1 0 0 
11 756 257 0 0 0 0 0 7 809 208 0 0 0 0 0 0 15 778 231 0 0 0 0 
91 413 495 7 4 2 4 8 59 512 426 7 5 3 4 8 17 127 426 440 4 7 3 0 
122 559 205 21 22 22 73 0 57 553 279 20 25 88 2 0 81 168 315 346 72 42 0 0 
14 318 109 78 96 84 311 14 27 379 104 83 97 289 42 3 8 388 145 103 256 117 5 2 
75 241 45 132 120 130 208 73 28 358 95 126 94 78 82 163 61 284 99 158 113 77 63 169 
34 47 30 66 140 117 365 225 18 32 13 62 94 160 323 322 20 24 41 56 111 131 304 337 
0 34 127 147 113 108 274 221 0 6 31 123 158 167 301 238 0 7 43 176 195 131 268 204 
0 16 52 57 145 167 136 451 0 0 0 24 84 197 192 527 0 0 2 54 88 171 232 477 
7 45 97 275 428 126 19 27 0 0 39 240 262 348 128 7 0 6 119 292 164 183 240 20 
6 54 40 59 152 235 283 195 0 33 50 77 130 168 369 197 3 41 54 99 120 217 316 174 
45 67 8 25 73 547 214 45 4 90 41 21 56 444 277 91 29 78 31 29 75 526 192 64 
69 125 114 111 109 285 195 16 0 67 157 112 130 267 262 29 1 117 152 117 127 259 230 21 
21 62 28 54 206 162 155 336 0 26 52 63 188 267 251 177 0 49 58 116 236 289 197 79 
0 0 0 0 0 1 141 882 0 0 0 0 1 44 281 698 0 0 0 0 5 112 478 429 
0 7 170 231 208 144 100 164 0 20 306 215 154 88 117 124 165 306 156 68 45 82 113 89 
0 55 141 74 109 175 162 308 0 184 288 165 136 98 28 125 33 274 246 181 115 106 38 31 
0 0 0 0 0 0 0 1024 0 0 0 0 0 2 15 1007 0 0 0 0 2 37 259 726 
0 0 0 0 0 0 97 927 0 0 27 262 216 235 155 129 14 277 231 184 44 61 125 88 
0 0 0 0 0 0 11 1013 0 0 0 0 0 12 200 812 0 0 0 117 412 264 123 108 
0 0 0 0 59 338 89 538 0 0 0 3 227 290 24 480 0 0 0 65 290 179 30 460 
0 0 0 0 0 0 21 1003 0 0 0 0 0 0 47 977 0 0 0 0 13 36 161 814 
0 0 0 0 25 125 83 791 0 0 0 43 172 261 99 449 0 0 0 5 136 273 137 473 
1 149 232 212 279 129 19 3 0 0 153 232 124 350 145 20 0 2 150 158 162 338 189 25 
0 8 282 288 227 157 62 0 0 0 17 387 195 254 169 2 0 0 19 337 205 247 207 9 
0 0 217 323 314 144 26 0 0 0 0 412 229 204 178 1 0 0 0 164 447 320 91 2 
0 0 3 459 347 200 15 0 0 0 0 241 403 296 84 0 0 0 0 229 427 344 24 0 
0 0 103 591 290 37 3 0 0 0 0 406 437 161 20 0 0 0 0 505 293 174 44 8 
2 116 374 314 118 92 8 0 0 36 195 524 131 121 17 0 0 57 206 499 144 112 6 0 
150 399 172 126 165 12 0 0 0 195 414 169 126 106 14 0 5 314 330 119 106 99 47 4 
63 626 243 66 26 0 0 0 0 409 452 123 25 15 0 0 192 402 321 70 13 25 1 0 
387 390 83 58 45 41 18 2 7 601 168 84 76 43 34 11 390 300 115 71 63 35 33 17 
164 330 186 208 84 43 9 0 0 396 217 254 100 57 0 0 268 455 181 84 34 2 0 0 
1 5 35 164 342 434 43 0 0 2 38 194 385 387 18 0 282 161 250 247 69 13 2 0 
0 0 8 44 199 332 441 0 0 0 22 113 224 344 321 0 416 105 188 184 116 15 0 0 
0 233 222 92 153 240 84 0 0 20 387 174 134 294 15 0 475 157 338 35 19 0 0 0 
14 191 107 501 211 0 0 0 0 92 486 446 0 0 0 0 49 270 705 0 0 0 0 0 
91 107 336 425 64 1 0 0 0 77 359 464 110 14 0 0 1 331 413 209 63 7 0 0 
100 514 230 179 1 0 0 0 0 323 349 298 54 0 0 0 119 404 291 204 6 0 0 0 
27 145 166 470 214 2 0 0 1 139 200 493 186 5 0 0 70 214 377 293 70 0 0 0 
106 507 120 175 111 5 0 0 5 606 67 184 151 11 0 0 20 488 256 197 63 0 0 0 
63 875 86 0 0 0 0 0 15 928 81 0 0 0 0 0 0 223 705 96 0 0 0 0 
5 764 255 0 0 0 0 0 7 841 176 0 0 0 0 0 0 41 717 266 0 0 0 0 
49 556 85 254 50 30 0 0 26 562 130 218 55 33 0 0 16 160 579 219 50 0 0 0 
12 348 62 565 37 0 0 0 1 338 77 448 160 0 0 0 3 358 58 530 75 0 0 0 
11 210 31 81 75 206 337 73 108 500 115 151 34 44 53 19 30 243 187 303 119 42 65 35 
283 572 81 60 27 1 0 0 495 421 97 7 4 0 0 0 565 362 80 13 4 0 0 0 
2 611 287 59 35 24 6 0 58 654 122 61 99 25 5 0 123 627 95 113 57 8 1 0 
93 471 29 14 75 193 149 0 95 460 19 12 98 92 245 3 451 97 22 22 105 128 191 8 
27 297 18 71 156 370 83 2 0 279 83 87 323 65 166 21 172 136 51 207 213 74 116 55 
0 17 9 59 185 385 351 18 0 14 14 47 74 346 449 80 0 17 5 67 147 344 323 121 
0 4 64 69 164 200 270 253 0 0 0 68 123 249 316 268 0 0 3 68 196 258 235 264 
2 63 150 185 143 105 113 263 0 56 68 175 170 123 186 246 0 71 64 185 163 194 83 264 
0 145 237 166 82 70 172 152 0 93 194 210 106 95 163 163 1 144 195 214 152 109 153 56 
0 0 91 180 86 108 184 375 0 0 58 145 148 110 173 390 0 0 76 191 189 123 243 202 
0 0 16 358 420 67 80 83 0 0 4 318 465 68 75 94 0 4 341 310 173 54 55 87 
0 0 26 177 421 214 142 44 0 155 102 346 304 90 23 4 9 165 227 387 152 48 33 3 
0 0 0 400 126 237 124 137 0 0 0 39 497 330 109 49 0 0 0 23 191 316 214 280 
0 0 0 55 194 363 172 240 0 1 90 171 310 385 32 35 9 126 58 177 258 231 95 70 
0 0 0 0 2 431 339 252 0 0 0 46 304 578 96 0 0 59 113 220 428 204 0 0 
0 0 0 4 156 606 126 132 0 0 0 3 179 683 26 133 0 0 8 36 737 115 44 84 
0 0 0 39 97 662 65 161 0 0 0 0 130 719 32 143 0 0 0 11 762 120 108 23 
0 0 1 79 334 421 61 128 0 0 0 22 612 244 13 133 0 0 0 54 732 79 28 131 
1 174 316 258 259 16 0 0 0 0 98 405 295 218 8 0 0 0 41 224 264 303 188 4 
0 13 285 377 202 147 0 0 0 0 6 330 442 239 7 0 9 41 279 437 209 45 4 0 
0 0 148 588 228 57 3 0 0 0 0 265 620 123 15 1 0 0 3 608 316 78 19 0 
0 0 24 242 433 252 61 12 0 0 0 179 442 312 76 15 0 0 29 410 372 156 49 8 
0 0 82 422 448 62 10 0 0 0 2 164 448 376 29 5 0 0 74 376 390 163 19 2 
0 0 109 216 453 246 0 0 0 0 11 148 233 629 3 0 0 0 31 225 264 471 33 0 
29 113 254 179 383 63 3 0 0 8 43 236 279 422 36 0 0 11 60 177 377 287 105 7 
44 194 262 181 310 33 0 0 0 59 143 225 288 305 4 0 15 81 210 218 466 28 6 0 
0 72 219 192 440 86 15 0 0 1 35 275 356 306 46 5 0 4 73 299 512 87 39 10 
53 55 150 327 426 13 0 0 5 59 130 290 473 67 0 0 73 203 198 261 289 0 0 0 
0 75 179 91 402 277 0 0 0 1 244 128 438 212 1 0 268 201 457 90 8 0 0 0 
0 324 74 25 50 514 37 0 0 11 385 31 58 522 17 0 348 183 419 62 11 1 0 0 
3 895 93 6 5 12 10 0 0 85 906 7 7 13 6 0 39 204 778 3 0 0 0 0 
0 381 643 0 0 0 0 0 0 0 938 86 0 0 0 0 0 22 904 98 0 0 0 0 
0 157 741 125 1 0 0 0 0 5 684 329 6 0 0 0 3 150 574 297 0 0 0 0 
146 185 598 95 0 0 0 0 30 154 287 550 3 0 0 0 134 92 553 245 0 0 0 0 
51 260 215 372 126 0 0 0 9 211 147 278 333 46 0 0 116 159 145 398 202 4 0 0 
211 495 167 145 6 0 0 0 1 462 86 335 140 0 0 0 24 368 366 198 68 0 0 0 
180 811 33 0 0 0 0 0 43 974 7 0 0 0 0 0 0 293 603 128 0 0 0 0 
0 1011 13 0 0 0 0 0 0 1021 3 0 0 0 0 0 0 0 969 55 0 0 0 0 
208 700 105 11 0 0 0 0 82 819 95 28 0 0 0 0 47 402 533 40 2 0 0 0 
84 120 170 254 178 190 28 0 273 413 148 177 13 0 0 0 53 323 393 214 41 0 0 0 
0 0 3 31 217 376 395 2 67 568 141 53 128 54 13 0 0 36 322 446 137 64 19 0 
37 19 39 102 301 372 149 5 18 51 38 35 64 355 410 53 23 28 30 48 48 202 541 104 
0 11 10 70 131 383 412 7 0 9 12 51 76 176 633 67 0 12 26 58 61 219 616 32 
299 298 61 18 52 125 171 0 0 257 198 185 45 66 222 51 89 176 159 73 182 93 230 22 
223 620 145 36 0 0 0 0 0 548 73 92 112 130 69 0 423 179 198 87 60 70 7 0 
1 147 9 264 106 80 383 34 0 141 16 126 251 271 206 13 110 47 6 277 485 95 4 0 
0 0 0 448 32 32 486 26 0 0 0 255 228 90 451 0 0 0 0 148 876 0 0 0 
0 0 0 400 52 33 475 64 0 0 0 3 424 90 507 0 0 0 0 121 862 38 3 0 
0 0 0 293 149 31 507 44 0 0 0 23 416 33 552 0 0 0 0 2 989 30 3 0 
0 0 0 60 368 30 537 29 0 0 0 1 419 58 546 0 0 0 0 23 973 25 3 0 
0 0 0 43 373 32 478 98 0 0 0 0 417 50 557 0 0 0 0 0 986 38 0 0 
0 8 24 43 99 109 710 31 0 1 29 25 122 364 472 11 0 0 21 51 501 427 18 6 
0 0 0 108 47 170 370 329 0 0 0 93 50 510 25 346 0 0 0 97 465 104 18 340 
0 0 0 84 61 240 142 497 0 0 0 31 101 358 16 518 0 0 0 19 341 138 13 513 
0 0 0 95 50 179 44 656 0 0 0 73 62 202 27 660 0 0 0 85 205 50 26 658 
0 0 0 91 46 53 18 816 0 0 0 57 67 50 121 729 0 0 0 57 87 43 140 697 
0 0 0 21 8 10 15 970 0 0 0 0 20 8 22 974 0 0 0 0 19 14 25 966 
0 0 0 0 0 0 0 1024 0 0 0 0 0 0 0 1024 0 0 0 0 0 0 0 1024 
0 43 209 202 360 210 0 0 0 11 102 295 99 516 1 0 0 8 93 235 143 518 27 0 
53 66 148 256 239 262 0 0 14 103 145 158 141 463 0 0 51 93 206 195 113 366 0 0 
34 140 307 109 225 209 0 0 14 116 323 87 76 408 0 0 33 330 98 98 107 358 0 0 
55 141 256 157 216 199 0 0 16 68 266 230 88 355 1 0 32 205 255 110 203 218 1 0 
302 200 74 59 330 59 0 0 76 245 182 108 103 310 0 0 212 226 119 68 318 81 0 0 
101 199 104 86 489 45 0 0 9 182 152 94 247 340 0 0 85 172 150 91 479 47 0 0 
91 523 165 65 154 26 0 0 8 543 211 79 35 148 0 0 196 492 98 60 178 0 0 0 
156 197 130 380 140 21 0 0 4 214 182 175 386 63 0 0 118 173 140 184 405 4 0 0 
424 455 89 49 5 2 0 0 91 440 365 92 34 2 0 0 354 427 144 68 31 0 0 0 
679 310 34 1 0 0 0 0 128 615 262 19 0 0 0 0 690 285 46 3 0 0 0 0 
166 326 247 173 112 0 0 0 95 717 146 47 19 0 0 0 443 426 120 25 10 0 0 0 
18 449 187 79 81 191 19 0 108 525 369 21 1 0 0 0 322 430 264 8 0 0 0 0 
133 482 80 82 116 131 0 0 56 740 228 0 0 0 0 0 226 644 154 0 0 0 0 0 
91 261 231 97 159 183 2 0 118 381 504 21 0 0 0 0 367 387 227 43 0 0 0 0 
0 447 577 0 0 0 0 0 0 0 820 204 0 0 0 0 0 2 350 672 0 0 0 0 
105 485 430 4 0 0 0 0 20 185 699 120 0 0 0 0 143 120 494 267 0 0 0 0 
80 479 134 296 35 0 0 0 4 363 239 156 262 0 0 0 197 296 115 237 179 0 0 0 
150 237 253 255 129 0 0 0 0 144 206 305 361 8 0 0 14 116 176 327 385 6 0 0 
301 717 6 0 0 0 0 0 15 932 77 0 0 0 0 0 4 296 667 57 0 0 0 0 
99 892 33 0 0 0 0 0 18 925 81 0 0 0 0 0 0 81 688 255 0 0 0 0 
21 1001 2 0 0 0 0 0 5 1019 0 0 0 0 0 0 0 46 957 21 0 0 0 0 
40 518 184 248 34 0 0 0 3 165 266 484 95 11 0 0 69 345 328 170 92 18 2 0 
4 17 260 254 111 283 87 8 0 2 212 420 134 222 30 4 0 152 302 219 99 185 57 10 
0 3 8 63 134 661 143 12 0 2 29 46 32 460 440 15 0 2 6 68 87 279 550 32 
0 0 0 39 33 258 694 0 0 0 0 0 0 82 911 31 0 0 0 40 23 81 870 10 
335 141 54 39 24 54 354 23 66 88 133 161 118 32 330 96 93 65 131 117 104 92 356 66 
550 417 56 1 0 0 0 0 5 138 94 270 428 89 0 0 89 280 370 204 69 12 0 0 
13 158 35 417 287 87 27 0 1 169 12 80 423 151 187 1 152 28 23 163 439 168 51 0 
0 0 29 708 284 3 0 0 0 0 0 25 700 91 173 35 0 0 0 455 421 134 14 0 
0 0 0 937 87 0 0 0 0 0 0 198 826 0 0 0 0 0 0 474 550 0 0 0 
0 0 0 883 141 0 0 0 0 0 0 178 846 0 0 0 0 0 0 112 912 0 0 0 
0 0 0 215 809 0 0 0 0 0 0 362 662 0 0 0 0 0 0 284 735 5 0 0 
0 0 0 9 1015 0 0 0 0 0 0 1 994 29 0 0 0 0 0 1 829 194 0 0 
0 34 51 96 243 212 367 21 0 25 54 49 297 280 294 25 0 16 56 66 454 369 59 4 
0 0 0 0 0 0 0 1024 0 0 0 0 0 0 0 1024 0 0 0 0 0 0 0 1024 
0 0 0 0 0 0 0 1024 0 0 0 0 0 0 0 1024 0 0 0 0 0 0 0 1024 
0 0 0 0 0 0 2 1022 0 0 0 0 0 0 86 938 0 0 0 0 0 17 95 912 
0 0 0 0 0 9 48 967 0 0 0 0 91 31 193 709 0 0 0 0 7 87 236 694 
0 0 0 0 0 2 12 1010 0 0 0 1 32 24 271 696 0 0 0 0 27 227 165 605 
0 0 0 0 0 0 8 1016 0 0 0 0 0 0 0 1024 0 0 0 0 0 0 0 1024 
20 441 157 116 260 30 0 0 2 354 265 114 175 114 0 0 17 391 230 109 204 73 0 0 
123 661 233 7 0 0 0 0 23 536 423 42 0 0 0 0 41 695 254 34 0 0 0 0 
43 392 571 18 0 0 0 0 4 197 793 26 4 0 0 0 42 707 258 17 0 0 0 0 
126 198 429 194 72 5 0 0 198 326 367 93 34 6 0 0 265 405 258 56 30 10 0 0 
576 308 72 32 36 0 0 0 513 320 186 4 1 0 0 0 561 379 77 5 2 0 0 0 
162 344 415 81 22 0 0 0 106 209 612 41 56 0 0 0 192 339 409 77 7 0 0 0 
0 349 664 11 0 0 0 0 0 137 876 11 0 0 0 0 54 501 469 0 0 0 0 0 
0 62 953 9 0 0 0 0 0 3 977 43 1 0 0 0 0 98 905 19 2 0 0 0 
0 221 803 0 0 0 0 0 0 6 975 43 0 0 0 0 0 342 682 0 0 0 0 0 
0 245 779 0 0 0 0 0 0 50 955 19 0 0 0 0 1 385 638 0 0 0 0 0 
0 468 301 79 162 14 0 0 1 460 563 0 0 0 0 0 76 890 58 0 0 0 0 0 
3 619 123 59 44 149 27 0 21 478 525 0 0 0 0 0 166 539 319 0 0 0 0 0 
96 849 25 33 21 0 0 0 3 538 483 0 0 0 0 0 8 383 633 0 0 0 0 0 
361 182 84 63 234 100 0 0 518 303 203 0 0 0 0 0 754 199 71 0 0 0 0 0 
164 200 660 0 0 0 0 0 114 190 431 289 0 0 0 0 236 84 168 536 0 0 0 0 
57 649 318 0 0 0 0 0 15 68 917 24 0 0 0 0 64 83 416 461 0 0 0 0 
167 552 271 34 0 0 0 0 34 463 454 63 10 0 0 0 303 373 314 34 0 0 0 0 
8 362 292 206 156 0 0 0 0 31 450 249 227 67 0 0 2 158 366 229 245 24 0 0 
750 195 64 15 0 0 0 0 45 819 94 42 24 0 0 0 46 716 194 62 6 0 0 0 
102 900 22 0 0 0 0 0 0 356 668 0 0 0 0 0 0 50 555 419 0 0 0 0 
64 844 94 22 0 0 0 0 0 344 538 117 25 0 0 0 0 143 523 332 26 0 0 0 
27 179 233 297 68 180 40 0 6 115 260 255 122 82 184 0 109 447 323 114 23 7 1 0 
2 21 171 127 307 368 28 0 0 1 187 35 283 464 54 0 18 205 383 130 283 5 0 0 
17 92 183 227 235 267 3 0 0 27 131 212 251 329 74 0 49 138 320 185 148 136 48 0 
63 90 157 131 203 172 208 0 18 206 123 124 62 180 310 1 1 189 158 139 79 166 287 5 
171 112 182 145 109 54 251 0 78 306 144 110 86 34 266 0 172 278 93 75 58 73 271 4 
746 202 57 14 5 0 0 0 20 162 141 572 129 0 0 0 107 192 431 237 45 12 0 0 
11 186 110 399 265 53 0 0 0 196 16 116 365 227 100 4 130 75 56 150 421 176 16 0 
0 0 179 627 218 0 0 0 0 0 0 122 598 145 135 24 0 0 0 83 792 125 24 0 
0 0 54 943 27 0 0 0 0 0 0 109 915 0 0 0 0 0 0 54 970 0 0 0 
0 0 79 941 4 0 0 0 0 0 38 596 390 0 0 0 0 0 4 453 567 0 0 0 
0 0 19 209 400 375 21 0 0 0 15 314 369 282 44 0 0 0 8 337 375 295 9 0 
0 0 0 277 734 13 0 0 0 0 0 119 667 227 11 0 0 0 0 53 614 271 86 0 
0 37 46 364 135 428 14 0 0 27 50 159 370 405 13 0 0 13 69 107 695 95 45 0 
0 0 0 0 0 0 12 1012 0 0 0 0 0 2 35 987 0 0 0 0 7 23 29 965 
0 0 0 0 0 0 0 1024 0 0 0 0 0 0 498 526 0 0 0 0 337 147 49 491 
0 0 0 0 0 4 18 1002 0 0 0 0 27 40 558 399 0 0 0 4 495 96 74 355 
0 0 0 0 0 4 41 979 0 0 0 8 152 71 599 194 0 0 0 0 591 234 83 116 
0 0 0 0 0 0 36 988 0 0 0 2 57 107 568 290 0 0 0 86 481 141 97 219 
0 0 0 0 0 0 24 1000 0 0 0 0 0 48 365 611 0 0 0 0 119 211 119 575 
0 64 949 11 0 0 0 0 0 0 870 152 2 0 0 0 0 0 1002 20 2 0 0 0 
0 40 984 0 0 0 0 0 0 0 994 30 0 0 0 0 0 10 1014 0 0 0 0 0 
0 59 930 35 0 0 0 0 0 0 879 143 2 0 0 0 0 7 996 21 0 0 0 0 
0 62 944 15 3 0 0 0 0 0 790 229 5 0 0 0 0 21 989 11 3 0 0 0 
0 87 898 39 0 0 0 0 0 0 644 380 0 0 0 0 0 52 972 0 0 0 0 0 
0 0 877 147 0 0 0 0 0 0 180 844 0 0 0 0 0 0 1010 14 0 0 0 0 
0 5 981 38 0 0 0 0 0 0 526 498 0 0 0 0 0 22 972 30 0 0 0 0 
0 0 1024 0 0 0 0 0 0 0 668 356 0 0 0 0 0 2 1022 0 0 0 0 0 
0 0 1023 1 0 0 0 0 0 0 262 762 0 0 0 0 0 0 1024 0 0 0 0 0 
0 0 1023 1 0 0 0 0 0 0 354 670 0 0 0 0 0 1 1023 0 0 0 0 0 
0 29 717 83 175 20 0 0 0 170 776 78 0 0 0 0 25 499 500 0 0 0 0 0 
0 542 189 52 51 109 81 0 0 178 841 5 0 0 0 0 48 757 219 0 0 0 0 0 
92 922 10 0 0 0 0 0 0 352 672 0 0 0 0 0 0 203 821 0 0 0 0 0 
161 331 90 101 222 119 0 0 216 552 256 0 0 0 0 0 461 499 64 0 0 0 0 0 
223 259 520 12 7 3 0 0 122 346 382 174 0 0 0 0 420 61 107 436 0 0 0 0 
16 757 251 0 0 0 0 0 0 19 951 54 0 0 0 0 10 12 375 627 0 0 0 0 
336 296 182 210 0 0 0 0 123 535 71 272 23 0 0 0 505 182 91 243 3 0 0 0 
0 4 59 538 409 14 0 0 0 0 7 349 434 234 0 0 290 193 147 232 150 12 0 0 
656 148 83 103 34 0 0 0 7 773 54 98 92 0 0 0 69 657 142 133 23 0 0 0 
230 788 6 0 0 0 0 0 0 521 503 0 0 0 0 0 0 109 597 318 0 0 0 0 
59 723 61 95 86 0 0 0 0 268 464 207 84 1 0 0 2 140 563 246 73 0 0 0 
28 62 47 165 498 191 33 0 0 0 23 118 492 310 81 0 31 371 295 127 139 61 0 0 
8 75 60 135 251 421 73 1 0 23 67 77 225 492 105 35 2 65 79 171 211 400 90 6 
48 38 49 93 410 365 21 0 0 31 55 104 140 608 86 0 5 84 87 142 83 355 268 0 
0 0 89 203 342 153 221 16 10 203 212 229 201 169 0 0 139 173 194 145 171 201 1 0 
3 88 88 185 130 246 284 0 64 448 284 95 104 29 0 0 198 354 332 54 83 3 0 0 
172 251 356 100 79 55 11 0 0 65 34 45 184 441 255 0 0 54 32 48 109 196 311 274 
9 220 162 501 132 0 0 0 0 224 30 316 326 128 0 0 69 163 99 312 172 58 128 23 
0 0 216 808 0 0 0 0 0 0 0 625 391 8 0 0 0 0 0 33 790 193 8 0 
0 0 233 791 0 0 0 0 0 0 0 916 108 0 0 0 0 0 0 197 827 0 0 0 
0 0 283 741 0 0 0 0 0 0 114 910 0 0 0 0 0 0 36 971 17 0 0 0 
0 0 101 887 36 0 0 0 0 0 106 886 32 0 0 0 0 0 41 970 13 0 0 0 
0 0 0 979 45 0 0 0 0 0 1 432 586 5 0 0 0 0 0 265 697 62 0 0 
0 58 58 453 284 171 0 0 0 52 42 337 591 2 0 0 0 40 56 400 496 32 0 0 
0 0 0 0 7 34 23 960 0 0 0 0 24 41 915 44 0 0 0 12 691 276 23 22 
0 0 0 0 4 6 4 1010 0 0 0 11 4 7 1002 0 0 0 5 13 959 47 0 0 
0 0 0 0 20 7 5 992 0 0 0 24 4 7 989 0 0 0 2 65 943 13 1 0 
0 0 0 0 0 0 0 1024 0 0 0 0 0 17 1007 0 0 0 0 48 976 0 0 0 
0 0 0 67 47 25 38 847 0 0 28 99 57 278 451 111 0 0 4 174 560 127 108 51 
0 0 0 0 1 3 17 1003 0 0 0 0 5 306 310 403 0 0 0 22 286 199 164 353 
0 11 940 46 25 2 0 0 0 0 561 407 43 13 0 0 0 0 855 119 36 14 0 0 
0 0 957 63 4 0 0 0 0 0 186 816 22 0 0 0 0 0 860 151 13 0 0 0 
0 7 648 369 0 0 0 0 0 0 199 821 4 0 0 0 0 0 648 375 1 0 0 0 
0 0 484 540 0 0 0 0 0 0 72 952 0 0 0 0 0 0 607 417 0 0 0 0 
0 0 844 180 0 0 0 0 0 0 18 1006 0 0 0 0 0 0 818 206 0 0 0 0 
0 0 579 445 0 0 0 0 0 0 0 1024 0 0 0 0 0 0 540 484 0 0 0 0 
0 0 318 706 0 0 0 0 0 0 12 1012 0 0 0 0 0 0 574 450 0 0 0 0 
0 0 699 325 0 0 0 0 0 0 135 889 0 0 0 0 0 17 884 123 0 0 0 0 
0 0 926 98 0 0 0 0 0 0 147 877 0 0 0 0 0 0 1001 23 0 0 0 0 
0 0 991 33 0 0 0 0 0 0 442 582 0 0 0 0 0 0 1007 17 0 0 0 0 
0 10 641 170 189 14 0 0 0 232 617 175 0 0 0 0 38 410 569 7 0 0 0 0 
0 132 442 105 153 112 80 0 0 197 804 23 0 0 0 0 27 780 217 0 0 0 0 0 
118 556 128 117 102 3 0 0 52 552 417 3 0 0 0 0 79 465 480 0 0 0 0 0 
43 431 250 169 105 26 0 0 84 754 183 3 0 0 0 0 249 724 51 0 0 0 0 0 
6 364 406 57 119 72 0 0 15 423 368 214 4 0 0 0 117 410 128 369 0 0 0 0 
56 611 299 53 5 0 0 0 21 105 763 135 0 0 0 0 29 93 214 688 0 0 0 0 
723 252 44 5 0 0 0 0 521 370 119 14 0 0 0 0 753 188 59 24 0 0 0 0 
485 140 101 280 18 0 0 0 345 260 69 213 137 0 0 0 699 120 43 145 17 0 0 0 
778 59 44 140 3 0 0 0 46 788 19 58 113 0 0 0 14 778 66 139 27 0 0 0 
257 766 1 0 0 0 0 0 0 741 283 0 0 0 0 0 0 44 840 140 0 0 0 0 
59 535 83 261 86 0 0 0 4 329 448 145 98 0 0 0 32 244 382 277 89 0 0 0 
0 0 11 299 561 153 0 0 0 0 360 310 204 150 0 0 0 4 341 301 220 158 0 0 
0 0 1 43 359 564 57 0 0 0 168 95 172 462 122 5 0 95 172 149 132 364 112 0 
0 1 17 20 240 706 40 0 0 0 42 62 173 595 146 6 248 315 96 83 98 108 76 0 
0 13 30 107 83 479 304 8 0 0 60 115 100 192 513 44 274 156 135 88 105 122 144 0 
15 98 90 112 175 335 193 6 9 217 152 120 108 201 217 0 246 212 169 52 42 176 127 0 
98 196 267 224 105 132 2 0 0 35 29 32 187 467 274 0 0 33 31 29 308 233 175 215 
28 229 235 428 104 0 0 0 0 253 37 135 452 130 17 0 84 174 61 122 330 79 145 29 
0 0 523 499 2 0 0 0 0 0 0 142 499 179 204 0 0 0 0 0 368 330 304 22 
0 0 166 754 104 0 0 0 0 0 0 663 299 29 33 0 0 0 0 73 743 149 42 17 
0 0 538 486 0 0 0 0 0 0 214 810 0 0 0 0 0 0 27 977 20 0 0 0 
0 0 22 944 58 0 0 0 0 0 0 851 173 0 0 0 0 0 0 920 104 0 0 0 
0 0 0 387 587 50 0 0 0 0 0 54 507 463 0 0 0 0 0 90 359 451 124 0 
0 58 171 293 502 0 0 0 0 50 50 319 511 94 0 0 0 44 58 585 194 143 0 0 
0 0 0 0 32 40 22 930 0 0 0 0 60 33 931 0 0 0 0 34 953 37 0 0 
0 0 0 1 27 18 15 963 0 0 0 46 4 29 779 166 0 0 13 53 744 44 63 107 
0 0 0 5 30 64 105 820 0 0 0 21 53 186 639 125 0 0 1 58 551 172 153 89 
0 0 0 1 47 56 70 850 0 0 0 0 57 231 435 301 0 0 1 254 334 134 120 181 
0 0 0 0 0 2 24 998 0 0 0 12 124 165 276 447 0 0 0 183 230 165 128 318 
0 0 0 0 0 0 0 1024 0 0 0 0 0 896 97 31 0 0 0 577 324 63 37 23 
0 0 795 229 0 0 0 0 0 0 3 1021 0 0 0 0 0 0 97 927 0 0 0 0 
0 0 499 525 0 0 0 0 0 0 0 1024 0 0 0 0 0 0 27 997 0 0 0 0 
0 0 335 689 0 0 0 0 0 0 0 1024 0 0 0 0 0 0 121 903 0 0 0 0 
0 0 98 926 0 0 0 0 0 0 0 1024 0 0 0 0 0 0 35 989 0 0 0 0 
0 0 117 907 0 0 0 0 0 0 0 1024 0 0 0 0 0 0 85 939 0 0 0 0 
0 48 500 476 0 0 0 0 0 0 407 617 0 0 0 0 0 0 523 501 0 0 0 0 
0 0 656 368 0 0 0 0 0 0 98 926 0 0 0 0 0 0 554 470 0 0 0 0 
0 0 767 257 0 0 0 0 0 0 10 1014 0 0 0 0 0 0 704 320 0 0 0 0 
0 0 747 277 0 0 0 0 0 0 23 1001 0 0 0 0 0 0 809 215 0 0 0 0 
0 0 1017 7 0 0 0 0 0 0 500 524 0 0 0 0 0 0 1016 8 0 0 0 0 
3 42 667 141 149 22 0 0 1 202 798 23 0 0 0 0 75 378 571 0 0 0 0 0 
0 48 503 88 71 269 45 0 0 51 769 182 22 0 0 0 2 256 673 93 0 0 0 0 
44 373 378 57 49 119 4 0 32 264 645 78 5 0 0 0 126 441 413 44 0 0 0 0 
5 420 353 83 82 81 0 0 12 451 465 96 0 0 0 0 78 671 226 49 0 0 0 0 
165 174 100 127 418 40 0 0 138 380 166 238 102 0 0 0 263 349 78 320 14 0 0 0 
199 299 87 198 241 0 0 0 116 378 146 382 2 0 0 0 258 289 132 344 1 0 0 0 
581 393 50 0 0 0 0 0 324 567 133 0 0 0 0 0 659 340 25 0 0 0 0 0 
580 284 160 0 0 0 0 0 448 335 241 0 0 0 0 0 602 321 101 0 0 0 0 0 
978 46 0 0 0 0 0 0 66 958 0 0 0 0 0 0 32 784 208 0 0 0 0 0 
302 722 0 0 0 0 0 0 0 677 347 0 0 0 0 0 0 24 717 283 0 0 0 0 
200 449 117 225 33 0 0 0 81 438 304 139 62 0 0 0 181 292 287 203 61 0 0 0 
0 17 70 311 535 91 0 0 0 6 327 438 131 122 0 0 0 27 461 320 93 123 0 0 
0 2 10 147 657 202 6 0 0 0 266 326 263 169 0 0 0 63 259 265 267 154 16 0 
0 0 0 24 348 635 17 0 0 0 54 508 255 114 93 0 0 0 188 383 187 154 112 0 
1 18 36 35 207 598 129 0 0 0 26 160 205 320 296 17 0 3 18 154 215 315 302 17 
25 33 29 85 177 370 303 2 49 226 81 68 127 190 281 2 66 319 185 96 71 104 181 2 
96 362 210 91 73 145 47 0 0 34 36 155 433 203 157 6 0 38 24 176 323 220 236 7 
62 226 175 410 151 0 0 0 0 281 36 269 211 107 101 19 139 149 70 204 216 36 93 117 
0 0 188 301 528 7 0 0 0 0 0 0 0 236 635 153 0 0 0 0 0 0 232 792 
0 0 4 214 695 111 0 0 0 0 0 359 449 176 40 0 0 0 0 152 369 314 146 43 
0 0 743 230 51 0 0 0 0 0 208 814 2 0 0 0 0 0 6 995 23 0 0 0 
0 0 121 875 28 0 0 0 0 0 0 809 215 0 0 0 0 0 0 962 62 0 0 0 
0 0 0 468 523 33 0 0 0 0 0 27 740 257 0 0 0 0 0 374 273 330 47 0 
0 73 245 310 393 3 0 0 0 61 60 336 527 39 1 0 0 50 68 627 153 126 0 0 
0 0 0 0 70 26 26 902 0 0 0 0 89 37 898 0 0 0 0 84 922 18 0 0 
0 0 0 0 2 8 44 970 0 0 0 5 39 79 741 160 0 0 0 49 713 74 81 107 
0 0 0 16 100 204 197 507 0 0 0 21 167 226 234 376 0 0 0 27 173 284 336 204 
0 0 0 9 121 74 71 749 0 0 0 0 0 5 196 823 0 0 0 54 296 226 215 233 
0 0 1 31 244 140 103 505 0 0 0 15 52 201 398 358 0 0 7 169 483 284 58 23 
0 0 0 97 328 194 187 218 0 0 0 0 10 50 471 493 0 0 0 6 444 308 138 128 
