0 0 0 348 676 0 0 0 0 0 0 484 540 0 0 0 0 0 155 869 0 0 0 0 
0 0 0 0 1024 0 0 0 0 0 0 0 1024 0 0 0 0 0 0 586 438 0 0 0 
0 0 0 0 757 267 0 0 0 0 0 0 489 535 0 0 0 0 0 3 1021 0 0 0 
0 0 0 0 84 940 0 0 0 0 0 0 1 1023 0 0 0 0 0 0 1009 15 0 0 
0 0 0 1 76 947 0 0 0 0 0 0 73 948 3 0 0 0 0 44 581 399 0 0 
0 0 0 0 5 1019 0 0 0 0 0 0 4 1020 0 0 0 0 0 0 167 857 0 0 
0 0 0 6 51 964 3 0 0 3 6 7 17 977 14 0 0 3 9 8 58 946 0 0 
0 0 0 151 873 0 0 0 0 0 0 297 727 0 0 0 0 0 10 1014 0 0 0 0 
0 0 0 0 1024 0 0 0 0 0 0 0 1024 0 0 0 0 0 0 427 597 0 0 0 
0 0 0 0 775 249 0 0 0 0 0 0 639 385 0 0 0 0 0 0 1024 0 0 0 
0 0 16 65 142 772 27 2 0 11 70 142 69 719 12 1 99 51 56 57 699 58 3 1 
0 3 10 89 313 607 2 0 0 6 10 97 279 623 9 0 5 6 21 194 318 480 0 0 
0 2 20 120 281 584 17 0 32 136 149 134 99 470 4 0 88 132 145 125 143 391 0 0 
4 11 26 110 210 589 74 0 0 87 92 104 173 473 95 0 60 70 84 140 156 504 10 0 
0 0 0 833 191 0 0 0 0 0 0 904 120 0 0 0 0 0 105 919 0 0 0 0 
99 87 68 123 647 0 0 0 179 127 30 48 640 0 0 0 294 37 15 576 102 0 0 0 
6 228 117 123 483 67 0 0 267 100 43 87 450 77 0 0 355 39 57 115 451 7 0 0 
1 44 221 104 170 466 18 0 177 118 39 65 128 481 16 0 273 48 39 92 318 254 0 0 
0 3 10 25 142 810 34 0 6 10 7 16 142 705 138 0 16 3 8 61 147 775 14 0 
0 0 0 27 84 732 181 0 0 4 12 8 85 409 506 0 0 8 8 48 86 849 25 0 
0 0 0 22 72 141 789 0 0 0 1 24 68 44 887 0 0 0 5 48 56 754 161 0 
0 12 26 964 22 0 0 0 2 18 22 977 5 0 0 0 17 19 355 633 0 0 0 0 
743 185 25 38 32 1 0 0 878 66 17 39 24 0 0 0 919 38 21 46 0 0 0 0 
85 143 148 202 309 130 7 0 223 191 153 137 246 71 3 0 359 160 146 172 167 19 1 0 
6 4 40 201 319 401 53 0 33 42 90 175 228 387 67 2 66 88 127 177 239 302 25 0 
5 9 36 161 273 476 63 1 7 51 31 107 224 518 86 0 53 16 72 131 280 442 30 0 
0 5 7 92 204 556 156 4 0 7 55 82 169 449 260 2 33 21 35 136 160 604 34 1 
0 0 1 29 163 262 554 15 0 4 28 47 130 184 605 26 24 23 22 49 156 351 397 2 
0 16 111 888 9 0 0 0 6 55 104 853 6 0 0 0 52 60 514 398 0 0 0 0 
91 92 216 314 219 92 0 0 158 319 222 258 67 0 0 0 536 245 170 72 1 0 0 0 
0 9 257 378 294 79 7 0 6 108 379 313 156 55 7 0 110 306 286 176 103 43 0 0 
13 91 89 120 311 389 11 0 3 63 90 131 310 394 33 0 3 56 65 228 340 329 3 0 
0 0 0 80 237 654 53 0 0 0 0 92 211 659 62 0 0 0 13 155 265 575 16 0 
0 0 0 41 245 629 109 0 0 0 0 86 186 502 250 0 0 0 1 183 178 634 28 0 
0 0 0 6 166 197 655 0 0 0 0 7 148 181 688 0 0 0 0 57 167 756 44 0 
170 149 296 396 13 0 0 0 189 172 324 338 1 0 0 0 303 182 482 57 0 0 0 0 
1 20 130 640 114 119 0 0 1 25 136 784 78 0 0 0 50 156 779 39 0 0 0 0 
3 22 65 438 436 53 7 0 4 37 285 498 130 61 9 0 66 384 331 103 104 34 2 0 
24 154 181 348 228 86 3 0 31 237 370 147 125 111 3 0 285 386 101 90 151 11 0 0 
0 11 17 99 219 645 33 0 11 11 63 155 101 651 32 0 21 73 106 79 230 515 0 0 
0 4 69 98 109 670 72 2 26 54 43 76 80 663 82 0 69 33 62 70 117 664 9 0 
0 0 35 99 74 473 342 1 10 26 40 69 55 204 612 8 29 21 61 62 58 626 167 0 
209 404 288 123 0 0 0 0 186 423 257 158 0 0 0 0 359 387 190 88 0 0 0 0 
82 389 207 346 0 0 0 0 86 357 233 348 0 0 0 0 150 432 441 1 0 0 0 0 
20 144 283 451 114 12 0 0 45 129 275 409 144 22 0 0 84 263 405 220 46 6 0 0 
2 63 241 311 311 95 1 0 21 105 125 342 300 129 2 0 80 145 151 342 246 60 0 0 
0 1 126 161 393 310 33 0 38 113 114 157 281 302 19 0 68 149 103 168 360 175 1 0 
0 16 290 191 239 260 28 0 29 225 166 130 211 233 30 0 99 272 92 144 268 137 12 0 
1 12 136 181 232 399 63 0 5 97 100 129 212 321 160 0 64 102 88 151 201 386 32 0 
280 212 157 138 41 63 83 50 318 216 161 114 20 29 97 69 442 129 180 63 21 54 80 55 
196 697 114 10 1 2 4 0 441 401 156 19 1 2 2 2 463 507 33 14 1 2 4 0 
106 618 165 59 76 0 0 0 199 403 287 36 99 0 0 0 240 626 32 81 45 0 0 0 
32 369 360 219 44 0 0 0 324 136 103 372 89 0 0 0 392 77 127 342 86 0 0 0 
0 76 185 262 455 46 0 0 21 113 86 218 427 159 0 0 224 164 156 189 262 29 0 0 
1 24 114 308 452 124 1 0 4 45 108 302 359 206 0 0 51 74 162 290 411 36 0 0 
0 6 179 310 237 285 7 0 8 79 198 206 183 339 11 0 67 75 246 181 232 223 0 0 
0 23 107 59 45 273 425 92 1 45 117 25 31 166 485 154 13 46 112 26 51 297 380 99 
39 200 372 131 100 84 67 31 271 188 187 92 97 75 67 47 288 214 148 96 113 74 61 30 
64 210 535 162 36 14 3 0 449 190 202 124 39 14 6 0 474 121 179 155 69 20 6 0 
85 140 526 110 23 7 101 32 436 174 66 111 62 36 76 63 574 48 64 107 38 49 123 21 
26 130 146 110 70 107 399 36 52 105 92 126 97 86 381 85 109 60 56 85 112 186 392 24 
28 132 171 177 154 81 277 4 100 200 123 124 156 25 261 35 214 132 95 156 116 31 277 3 
28 162 371 181 237 45 0 0 198 284 130 108 226 78 0 0 388 140 82 132 233 49 0 0 
0 7 57 65 34 72 268 521 9 87 91 54 26 26 143 588 40 68 46 47 50 46 209 518 
0 2 127 554 63 62 104 112 68 463 115 129 28 21 47 153 560 96 93 38 22 26 95 94 
11 8 124 681 79 35 73 13 47 531 183 85 53 36 45 44 523 136 134 63 44 36 62 26 
702 22 32 42 37 23 53 113 4 31 20 24 387 365 44 149 30 17 20 11 19 673 117 137 
68 155 52 74 52 98 247 278 2 16 95 102 115 133 169 392 7 9 18 69 197 187 273 264 
23 551 115 58 26 19 177 55 217 427 62 50 19 19 99 131 307 366 59 31 11 30 165 55 
82 570 204 125 42 1 0 0 403 362 149 96 14 0 0 0 535 280 134 61 14 0 0 0 
