0 0 39 415 82 484 4 0 0 0 36 393 71 518 6 0 0 0 38 304 152 518 12 0 
0 0 25 159 160 623 57 0 0 0 25 148 188 590 73 0 0 0 25 124 241 467 167 0 
0 7 45 157 10 481 324 0 0 7 43 158 15 477 324 0 0 11 64 135 122 284 408 0 
0 0 35 189 16 307 477 0 0 0 31 192 17 405 379 0 0 0 46 176 18 423 361 0 
0 0 16 83 17 19 884 5 0 0 17 75 24 433 471 4 0 0 37 76 4 547 357 3 
0 1 7 6 4 6 995 5 0 1 7 5 5 420 581 5 0 1 8 5 5 671 331 3 
0 0 0 0 0 68 956 0 0 0 0 0 0 729 295 0 0 0 0 0 0 800 224 0 
9 7 2 4 4 698 300 0 7 7 4 4 3 885 114 0 12 4 3 3 165 755 82 0 
0 4 4 3 247 766 0 0 0 3 4 2 454 556 5 0 0 5 4 77 887 51 0 0 
0 0 0 329 686 9 0 0 0 0 0 491 533 0 0 0 0 0 22 877 125 0 0 0 
0 0 0 0 985 39 0 0 0 0 0 0 933 91 0 0 0 0 0 0 800 224 0 0 
0 8 5 70 270 420 251 0 0 6 7 67 225 387 332 0 0 5 7 56 174 342 440 0 
89 81 66 71 209 190 318 0 54 32 79 111 148 257 338 5 94 46 67 68 109 331 298 11 
14 17 26 185 280 412 88 2 13 26 16 106 311 443 108 1 6 29 18 102 267 468 130 4 
7 7 14 183 358 373 73 9 5 8 13 126 304 481 78 9 2 9 12 161 239 492 93 16 
58 9 42 320 270 223 94 8 53 15 37 267 252 291 102 7 70 15 55 246 227 303 104 4 
5 9 52 246 436 158 118 0 4 9 51 200 452 189 119 0 7 8 50 177 426 229 127 0 
2 13 54 54 227 24 650 0 1 13 52 49 233 26 650 0 2 13 50 47 236 80 596 0 
85 63 259 129 110 122 255 1 91 68 233 124 153 143 211 1 91 95 220 110 164 210 133 1 
10 19 182 270 226 274 43 0 17 16 134 292 259 269 37 0 19 26 269 253 167 283 7 0 
2 24 357 45 361 191 44 0 2 64 337 23 359 183 56 0 3 368 31 21 209 277 115 0 
17 49 91 70 175 171 451 0 27 51 72 66 150 183 475 0 42 49 59 54 137 163 520 0 
12 8 16 40 362 175 408 3 10 4 17 32 231 302 423 5 10 4 10 37 163 353 433 14 
14 17 30 76 431 273 172 11 12 16 27 61 270 439 192 7 13 14 31 44 231 453 224 14 
26 25 78 101 395 223 157 19 24 23 59 106 361 250 178 23 25 20 39 100 326 296 200 18 
61 28 19 85 423 240 153 15 57 29 26 71 395 270 163 13 112 30 45 39 342 271 170 15 
16 45 109 201 365 159 122 7 12 46 129 181 374 156 119 7 35 66 113 187 351 155 113 4 
24 22 35 46 221 173 498 5 19 27 33 55 217 160 513 0 27 23 19 40 235 318 357 5 
163 61 98 200 179 197 103 23 164 63 101 206 173 203 101 13 170 64 73 191 187 216 111 12 
44 34 50 367 182 204 134 9 49 26 45 363 178 221 140 2 47 26 50 363 176 222 136 4 
37 122 466 72 128 134 64 1 33 198 428 35 100 137 91 2 34 484 149 25 62 132 134 4 
25 138 168 69 41 50 531 2 26 114 191 66 43 46 535 3 34 135 155 60 45 43 529 23 
14 31 88 88 141 294 346 22 15 67 139 81 106 223 386 7 18 88 123 78 108 221 374 14 
28 24 127 91 194 416 112 32 28 40 149 79 139 446 125 18 35 51 156 57 120 416 165 24 
11 20 104 121 223 306 220 19 11 15 107 104 218 299 243 27 12 33 116 77 202 293 248 43 
36 27 85 122 142 295 268 49 29 15 76 128 141 274 304 57 11 29 124 72 133 285 306 64 
15 52 102 162 222 222 226 23 10 23 73 166 250 250 229 23 13 39 98 137 246 251 212 28 
5 23 47 101 118 525 204 1 4 20 33 105 123 547 191 1 7 33 18 107 123 593 142 1 
47 27 183 493 209 42 21 2 44 34 188 400 290 48 18 2 26 111 120 505 180 55 20 7 
102 31 177 515 123 53 21 2 106 34 157 509 143 48 26 1 111 103 124 497 109 52 20 8 
10 42 36 39 851 30 16 0 5 7 48 49 789 107 19 0 3 9 46 42 90 805 27 2 
23 29 24 91 138 291 428 0 3 17 37 74 135 292 466 0 2 18 31 51 152 183 587 0 
23 30 53 111 124 349 318 16 19 32 53 111 114 340 343 12 21 39 95 57 102 279 413 18 
20 19 51 135 201 373 222 3 20 14 57 131 150 405 243 4 31 44 85 111 128 385 221 19 
57 70 100 229 260 258 46 4 46 79 107 257 235 251 48 1 92 100 162 199 178 217 72 4 
258 79 176 120 163 158 59 11 256 117 171 102 155 149 66 8 33 111 269 197 165 168 66 15 
137 67 151 146 326 126 55 16 76 93 164 132 348 142 56 13 42 137 142 153 269 202 68 11 
51 24 37 94 213 503 101 1 14 11 52 122 211 542 72 0 11 33 43 146 177 547 66 1 
46 32 147 455 304 24 16 0 49 30 155 368 375 33 14 0 99 98 124 388 291 15 8 1 
119 64 249 289 129 133 41 0 138 61 252 285 127 116 45 0 373 179 142 181 45 57 46 1 
41 192 51 187 76 387 90 0 36 195 47 211 48 363 124 0 60 180 41 178 74 290 199 2 
20 77 70 135 108 509 105 0 20 77 70 134 104 442 177 0 39 74 71 114 99 144 482 1 
0 2 10 52 323 444 188 5 1 9 9 36 185 580 204 0 1 7 12 38 151 527 282 6 
0 19 10 42 311 472 167 3 1 7 19 36 155 620 185 1 17 4 19 33 139 610 193 9 
27 47 36 91 302 233 287 1 14 33 36 67 192 360 320 2 2 9 37 64 188 347 356 21 
8 8 31 160 485 278 53 1 7 23 63 142 424 314 51 0 2 20 58 136 407 317 83 1 
0 10 29 207 417 229 131 1 1 4 48 118 492 240 121 0 82 26 30 98 456 189 143 0 
18 21 30 57 154 709 31 4 17 32 40 51 162 695 27 0 54 64 36 51 155 638 24 2 
229 147 155 155 184 130 22 2 202 144 153 181 204 120 20 0 196 167 193 184 162 90 26 6 
44 46 94 545 191 93 11 0 38 31 105 546 201 88 15 0 112 82 95 471 179 77 8 0 
