-9.800962501110376479e+00 1.885106066360603094e+01 4.754836731270657424e+00 1.811371861679912598e+01 -4.602223853351238958e+00 -1.126717431051760343e+01 1.477834154950650536e+01 -8.519819281832672786e+00 -6.591206304395813564e-01 -4.475219801334305636e+00 6.960321960844735756e+00 -2.029362670393871859e+00 -2.156339080223526850e+01 1.381199584403331571e+00 1.064296706570219797e+00
-7.244979689777984788e+00 3.595962274159003158e+00 3.952247098157223526e+00 1.354261497554945137e+01 3.745900501530513793e+00 -7.380023373510438134e+00 5.016641663636936421e+00 -7.827053129841251788e+00 3.394133095975784720e+00 3.727252119704859812e+00 7.170432614343963396e-01 -4.438477880164498401e+00 -1.063673848559026958e+01 -2.275408023349164699e-01 4.123982570883389265e+00
-1.276491402344855999e+02 -4.217008085677616691e+01 1.100420377025187122e+02 1.079961369263775879e+02 9.240207416348015101e+01 -4.270329460467264227e+01 -3.379350550698924138e+01 -1.159163282133228421e+02 7.015214977219996761e+00 8.210233131707171950e+00 4.284925802905015502e+01 -1.007172824271557658e+02 -1.297468880824177120e+02 1.335087146016430815e+01 5.535843124763115242e+01
-6.907181989825031287e+00 1.105268760822856677e+01 1.485732474818516613e-01 7.498597686814603591e+00 -1.999910633622445255e+00 -3.614579582568694160e+00 6.301817846466339468e+00 -6.158882850876098658e+00 -1.012089000495536073e+00 -6.775330435612520574e+00 3.998150655677011667e+00 5.852771833744260244e-01 -9.788439495671802604e+00 -7.607620954172731320e-01 -2.769586027502306536e-01
-5.050882881478532909e+02 -1.401051581253754534e+02 5.302741010305025426e+00 5.264225905392614777e+02 2.496614284623275353e+02 -8.089175141867248442e+01 1.694459154706775905e+02 -3.710199044561039159e+02 1.144067997590711343e+02 2.149660328300439289e+02 6.944734394964729063e+01 -8.916188139568336624e+01 -5.868496469778168603e+02 -1.205986588027040654e+02 2.201545614455902751e+02
-2.478608982291540599e+02 3.459597077048609890e+02 -1.457342072564991597e-01 3.955399603316953971e+02 -1.506365501545702124e+01 -2.326326596830362519e+02 2.961540543655339661e+02 -1.641569558851165027e+02 -1.510550308315796997e+01 -7.591257736236129006e+01 1.133893429333003553e+02 -9.342290727708835618e+01 -5.118441509798277593e+02 -5.937541999460400888e+01 5.311272237216624603e+01
1.125576202094340772e+01 9.253200694699027906e+01 -1.174117344402503704e+01 1.072886363847378277e+02 6.105121405979345717e+00 6.182363710985229410e+00 1.449312583368245271e+02 -7.258641635591180830e+01 -7.184937461524815383e+00 -4.366063506120851656e+01 8.390393980503390026e+01 -3.380339514793617184e+01 -1.274312687959698991e+02 1.146176256613880362e+01 -6.754214426187546394e+01
-3.910299784114593891e+00 1.039840563007700069e+01 2.542962580199036093e+00 5.294891176810481603e+00 -1.714116268314752833e+00 -3.278497097974222729e+00 3.984484241786781400e+00 -6.541420103098124272e+00 -3.003962816420236326e+00 -1.188248099357435450e+01 9.760799203774020327e+00 -3.309189494792902586e+00 -1.100898792494234435e+01 4.059659561992408960e+00 1.323273648580855832e+00
-5.091155893714807945e+01 8.754282277929411293e+01 -5.026103951087312893e+00 7.454753167475259090e+01 -1.941578623145454330e+01 -3.159536112092738236e+01 9.519789554040526980e+01 -6.665462585403837181e+01 1.714142061824711405e+00 -7.116868276799154103e+01 4.225283745251142165e+01 -2.742052895388163325e+00 -9.235913528725086508e+01 4.960448537579977568e+01 8.023525384176428688e+00
-7.013247988997080995e+01 3.010467635709158785e+01 -3.323534434080653188e+00 1.314862756789887044e+02 3.782235469147139639e+01 -4.096681421643909005e+01 1.355551892158884897e+01 -1.239356722524016732e+02 6.624843784368145139e-01 -8.970160445231303470e+01 4.944770741621291421e+01 5.966680070767695909e+00 -1.587359087097531756e+02 4.638998416595977403e+01 6.523876872930823367e+01
-1.671216786610713489e+00 2.314124086621484722e+00 4.614951080713138865e+00 1.292630461304838896e+01 -1.210975675584400779e+00 -7.234670394204204769e+00 1.144512234629932301e+01 -2.885669467982551417e+00 -4.738006820731660573e-01 6.422417727651710706e+00 -1.597917896169916308e+00 -5.620849237500712192e+00 -1.250345004276899274e+01 -2.519627025288657673e+00 5.174909583736936547e+00
-2.301025643543389094e+02 2.386404568050772070e+02 -3.104846994176960706e+01 4.916298418391217524e+02 1.202656814814886559e+02 -2.445993144813565223e+01 1.941557303301119362e+02 -3.580078958053530300e+02 -6.493179531420950923e+01 4.080704989762698887e+01 1.870202408707479549e+02 -3.382889734799873622e+02 -4.680717679138219864e+02 -1.632815931879624216e+01 3.652809510063379150e+01
-2.568181375100450623e+02 1.480178112145374598e+02 4.390405973480276458e+01 3.801013434800469781e+02 1.062492517732618040e+02 -1.326604111507613197e+02 4.226533961371467285e+01 -2.801619010920755386e+02 5.050380954193293803e+01 1.068153961155652780e+02 3.427315807739309150e+01 -9.516908046126926024e+01 -3.023754199669005516e+02 -2.658824375894946357e+01 5.696379798365231295e+01
-6.842998046648515853e+00 1.717895156585510730e+00 1.369374193237111292e+01 1.527383927663663954e+01 -5.934221894496878313e-01 -7.972487756401553938e-01 8.770685301116237786e-02 -1.096329570473964310e+01 -1.800138171725059077e+00 5.019960121448068691e+00 3.089339396912419655e+00 -6.819389383648740477e+00 -1.296234320862774680e+01 1.861930820933603625e+00 4.318445258059083081e+00
-3.450468557473561759e+01 9.272777777660959941e+01 5.870041031074231697e+00 8.773543892405902511e+01 -1.722181257102189633e+01 -2.429568422726370969e+01 2.870679383217934699e+01 -7.592539680588878070e+01 -5.558007423421801718e+01 -5.568512647712693564e+01 7.850355789144100527e+01 1.307487895034993919e+01 -9.943519302743149524e+01 7.050578187426846455e+01 -5.114026014169864709e+01
-1.346291895859521759e+01 1.883270674154616131e+01 2.426935902894626906e+00 2.681599829389066514e+01 -6.268233979171580650e+00 -9.870817576452033393e+00 1.953283367992918329e+01 -8.806416053680811373e+00 4.605282837796631057e+00 -4.587536277514789873e+00 4.771304804994642268e+00 3.671640092454718785e-01 -2.292072901114150341e+01 1.814611084430387766e+00 1.191730238763363703e+00
-7.530083709202732507e+02 -1.588993482529820085e+02 -1.662876987842057019e+02 7.510766537684070272e+02 7.303325782158769925e+02 -4.210547725656432476e+02 -2.134720499261349289e+02 -4.787442220082392055e+02 -9.743741009471727921e+01 4.059616441979301271e+02 -2.059592820702940799e+02 -6.906046590428189802e+02 -1.086197113376318839e+03 -4.746371764206252237e+02 -2.710760813396595026e+01
-8.260526546318108387e+01 3.499197539930118950e+01 4.912349720511367934e+01 1.156732161283686366e+02 1.845306080622610878e+01 -4.807016579199239459e+01 3.121516845845927435e+01 -8.508307576205226042e+01 3.980377847842726524e+00 6.748317430802505790e+00 -4.607674929649403062e+00 -2.915819394816051346e+00 -1.184276484352132996e+02 -7.357383447143962485e+01 7.481593338324303488e+01
-8.680107705451925426e+01 1.097712989874370493e+01 1.159937082451037327e+01 1.328756104241314517e+02 7.339852994778466666e+01 -4.926854666551039230e+01 -1.011649803937140746e+01 -8.459756169817961791e+01 3.536234312306489613e+01 6.146839487815442027e+01 1.933638478265222282e+00 -6.712079992036855458e+01 -8.305244394837524169e+01 -4.539953168099209790e+01 3.055270508765914883e+01
-1.091050601463136900e+02 3.407728864462525280e+02 8.318518541025565582e+01 1.905257887928165133e+02 9.897860518909099881e+01 -1.745383769972783341e+02 8.776584263037541689e+00 -2.303566941941863320e+02 -8.601790531465806566e+01 -3.027069428722533644e+02 3.282702813589053221e+02 -7.823996514843396710e+01 -4.636687113178303434e+02 6.772580109165647855e+01 9.162396842212145032e+01
-1.258835835774320060e+02 1.425826753466482728e+02 -7.845976882618415971e+01 2.105345645640249188e+02 9.843396601493445530e+01 7.710268683974801363e+00 -7.478353527959110636e+01 -2.589058487759486411e+02 2.073263472063601398e+01 -3.817488929773981710e+01 5.142513923619713267e+01 -6.599811616654777424e+01 -9.809703875862017242e+01 1.938569434129353652e+01 -4.719740351709880599e+01
-1.100596192015235033e+02 1.267775983297558753e+02 -5.294768712995512061e+01 1.779353840890151730e+02 -2.068440995587038245e+01 -7.973888055049695822e+01 1.917283461297086262e+02 -9.762136688191500866e+01 5.422463206507033284e+00 -1.112891015830910391e+01 1.253559427549597816e+00 -2.135908711072479704e+01 -1.677449849199962841e+02 -7.357587080429562221e+00 2.946096456135596497e+01
-5.240855980283001969e+01 -1.742606359896879553e+01 2.345188672284387366e+01 9.122300258259338079e+01 7.927831913385237783e+01 -8.362243702549281466e+01 3.016322922850416077e+01 -3.547715624096704090e+01 1.115431573167696300e+01 -2.473111970478563126e+00 2.294600336225740023e+01 -6.047786539565971253e+01 -1.147142434736588115e+02 -4.158867223845309269e+01 6.843891204935354722e+01
-2.332270399455648260e+02 1.228334214221349754e+02 6.292841386303703644e+01 2.663637341777564416e+02 1.036619520969230877e+02 -9.802831368899946085e+01 1.536727435372864470e+01 -2.291061459549551103e+02 -1.569264619278850859e+01 1.804746151711598756e+01 5.297630978452185246e+01 -4.227079420855343272e+01 -3.090400301135479708e+02 -5.959935321154790699e+01 1.035304816813686557e+02
-3.104640871524862078e+01 3.091896137587853488e+01 3.093503691660453914e+00 5.791938807534474165e+01 -9.268074482800174874e-01 -2.097748296170621529e+01 2.787291149163790394e+01 -3.284622096360082111e+01 3.860890385014930537e+00 1.403815275203078805e+01 -1.471642340074384103e+00 -4.398194612223350397e+00 -4.706433509822538497e+01 -1.058381954208850928e+01 8.255951166001949559e+00
-8.245023660750473482e+01 -2.214900713968012358e+00 1.099369515270753794e+01 3.712044676575370517e+01 6.105801932833166745e+01 -5.689121163857089414e+01 5.357178818723841118e+01 7.772915219245549068e+00 9.068768200574215399e+00 -5.817601745243904077e+01 5.198466236506984472e+01 -1.240408400074175148e+02 -1.123023867333835284e+02 1.796678716789933006e+01 3.617434157048302978e+01
-2.054569665263113620e+01 8.464120442163901714e+01 1.615794793654291794e+01 9.579840979860951222e+01 -2.344148532914634941e+01 -3.136968333032834622e+01 1.077336121195946390e+02 -7.885001281205786938e+01 -3.087293510004306185e+01 -1.450737749264026633e+01 4.984256081096454238e+01 -5.581383546324400413e+01 -9.209430942183060154e+01 3.035428314367313263e+01 -1.126756917308999562e+01
-5.197609862849826641e+02 7.457289297197273754e+02 -1.217440933203573650e+02 5.214846480049360480e+02 4.247262623330394149e+01 -1.959682666592794078e+02 8.240727457229984338e+02 -8.313254390851027438e+02 7.034736236004061993e+01 -7.501495683655256244e+02 6.470403255390868935e+02 -5.540841712564129296e+01 -4.767691535532860030e+02 7.802611407578640410e+02 -3.287467655048830579e+02
-3.170316550640973219e+01 1.755179252488175052e+02 2.067104439930491111e+01 1.541613097590847588e+02 -5.334459415045149200e+01 -7.403258161686919436e+01 1.092859251488974337e+02 -1.156706017287731214e+02 -1.851084724056268982e+01 -7.466882417027119345e+01 5.601462596026000540e+01 1.953633934548263440e+01 -1.803079462255085730e+02 7.139091790119161374e+01 1.505450667754891114e+01
-4.407792107789288849e+01 2.003513240460716247e+02 -2.091603790236835181e+01 1.866168200924805092e+02 5.617786266895069502e+01 2.883607429366663411e+01 8.620476804126636239e+01 -2.924067803590486960e+02 -4.635355645252371204e+01 -2.240686578059593614e+02 2.274888241156246238e+02 -6.489360754805865383e+01 -3.585246897393685686e+02 -1.145693927885364793e+01 2.444575590691055922e+01
-5.616631977872966530e+01 7.323176686827561355e+01 8.172605872086814216e+00 8.623761357449657794e+01 1.228694294993119307e+01 -3.927906945301797492e+01 5.319185445025532033e+01 -1.003533454897880830e+02 9.531325046088445774e+00 -4.586769881441770735e+01 3.677015658399717069e+01 1.006770054954871974e+01 -8.893379419435302680e+01 4.311140050588300454e+01 1.007465430668441009e+01
-7.986680451155193339e+01 4.305981729779521316e+01 2.398770910295930392e+01 1.127403167359893246e+02 5.149370033558060555e+01 -5.388195427417993244e+01 1.164692068244672107e+01 -6.135358053467349748e+01 1.865907278104377198e+01 3.882050380582223426e+01 -4.948844711861876355e+00 -4.260874655608633788e+01 -1.192164416312170516e+02 -4.301789780975295230e+01 4.512827363655991064e+01
-2.660540102055890443e+01 8.304742229433144018e+01 5.944094926497882625e+00 5.041354539474569663e+01 4.404931197372647489e+00 -4.037454594700348309e+01 6.118344899323734865e+01 -8.004082526643037454e+01 1.613700855507963272e+00 -6.111828881100298361e+01 4.054315508898361742e+01 1.007658380295849909e+01 -8.324331951168450416e+01 3.941706149373919743e+01 6.732233481772950334e+00
-3.998631528928661538e+01 3.012647073188207258e+01 -1.237392041625864536e+01 7.269581763253069084e+01 1.221144588637656092e+01 -2.771576609453322959e+00 2.293539183039348472e+01 -3.389976015584398539e+01 1.238010409529162992e+01 -9.030164091803805082e-01 8.220811274209243180e+00 -2.229470779391193602e+01 -4.616506672891396335e+01 -2.377539997375087211e+01 -7.363166100509889844e+00
-1.591259713863431102e+02 1.164719027298591243e+02 -7.132008706467777515e+00 6.761050562231659455e+01 -3.454809430271157566e+01 3.990593265588545879e+00 -1.293889954850390822e+01 -1.263931188912673065e+02 -9.190093119971226798e+00 -1.953997068990702815e+02 9.046463528786200925e+01 -1.506605633633418222e+02 -1.795063631382780045e+02 9.510218488271569015e+01 -6.777576971246674020e+00
-7.274127430408475448e+01 1.257258244807544685e+02 6.658025348821017531e+01 1.330645863362694286e+02 1.946347706394116361e+00 -9.776630156149285256e+01 5.075403185672296758e+01 -8.230244781969553003e+01 -1.687323451731905521e+01 -5.050127407274847258e+01 7.434444078705972458e+01 -4.219126691431784337e+01 -1.982253335842897570e+02 6.091572299025227011e+01 2.735879166513873173e+01
1.564378326437727651e+01 7.858139372281792134e+01 9.228417420160901941e+00 4.197052986965753263e+01 -2.232888165461411667e+00 -1.175687808185427130e+01 1.712491831262776643e+01 -1.098322426673547199e+02 -2.934766399712053087e+01 -9.268079796131253545e+01 7.423458381710806009e+01 1.770887358614127294e+01 -7.922974396478387860e+01 8.761257553146570842e+01 1.112050721256414754e+01
-3.210033277382262185e+00 1.012698159722484270e+01 1.795552873933305982e+00 1.289214174888644315e+01 -6.331438514643771498e+00 -7.030608248101875901e+00 1.170376386163289517e+01 -2.117324457476164490e+00 -2.530155779057574605e-01 4.688880139124695368e-01 -1.214700475071995411e+00 1.302732843693602760e+00 -1.259573235981384265e+01 -8.570820860760339777e-01 2.974538839512887556e+00
-2.134908143524730662e+01 3.341503370760805325e+01 1.714376379316180143e+00 4.910280539799927624e+01 1.108831607597370628e+01 -1.321885805411222137e+01 1.097502553990624818e+01 -3.093309169514919432e+01 -3.968913389409149395e-01 -6.441776105492063920e+00 2.224294587054405170e+01 -1.201618386385892379e+01 -4.188722101230245443e+01 -3.497678920197634156e+00 -1.852616373481994572e+01
-1.941721421363762090e+02 2.149751576981685162e+02 1.361796131792959272e+02 5.452947613622135350e+02 2.070901453856149317e+02 -4.316847247609103988e+02 3.872627925530013613e+02 -3.058824131813986469e+02 5.952103008571009468e+01 3.760012500424182491e+01 2.052949619013525080e+02 -1.988687052981806289e+02 -5.555216870496084312e+02 6.247688729469087576e+01 1.040928478043550172e+02
-6.444132351480381260e+01 5.280446298240614311e+01 5.781664714392794835e+00 1.323515442202359793e+02 5.346971957733527603e+01 -6.116175657047277525e+01 8.902965162853912773e+01 -9.904034642863521753e+01 2.289880142241184635e-01 -1.149537500759084452e+01 3.484996804844695362e+01 -1.933485124895535989e+01 -1.102862638062357945e+02 7.256983647436578977e+00 -2.371747059107589095e+01
-5.717830901442356435e+02 -8.265572071484859862e+01 6.234024588617639751e+01 5.289161565689267945e+02 -3.259715086447159251e+02 7.474068043416826868e+02 2.776520768831999249e+02 -2.028793340899187854e+02 -1.955326578144736231e+02 -1.850321936259874747e+02 1.594617621049809486e+02 -1.123589186699853826e+03 -2.604935196065815717e+02 6.273948236652366859e+02 -9.855074222737401968e+00
-9.475179533521264830e+01 7.673960387261989524e+01 3.495794986622131262e+01 1.554531787736975161e+02 2.541841730725750992e+01 -7.226289433314799737e+01 8.743554028537764111e+01 -1.201632260134587256e+02 1.709256688370022914e+01 -3.576995126523109292e+01 5.175366861593548862e+01 -6.978554274501819066e+01 -1.366670913250413832e+02 2.666113706658514104e+01 3.083836925402805917e+01
-3.751679983239640137e+00 1.109933380898931254e+01 2.501845494893625288e-01 6.680335988585794027e+00 6.623762971382615161e-01 -3.033466098156348600e+00 1.720749353131130199e+00 -4.436785330847492048e+00 -8.228216941655888128e-01 -6.629799156032795793e+00 1.013513868515874172e+01 -1.507341639171567271e+00 -1.027363551304508782e+01 5.750124603988997940e+00 -5.156021602079189137e+00
-6.006660855719127973e-03 5.182505310458481773e+01 -3.983618197070966716e+01 1.278067716512647962e+02 1.796860402352124098e+01 4.065444801543051767e+01 1.341056575665772641e+02 -3.433429285810639442e+01 1.544234977155624478e+01 -4.156608561145219483e+01 7.145269909491896954e+01 -4.258728657018556873e+01 -1.049122999058480588e+02 -3.457823193881578305e+01 -2.646469569083397388e+01
-1.585647569463243087e+02 -4.487450283914444782e+01 7.346107670062612272e+01 6.979206496940318516e+01 9.778016056865156713e+01 -6.861102785837661600e+01 -1.328030558528149552e+00 -3.440033559767147864e+01 4.204473310160037158e+01 -2.774661080519304335e+01 4.978667075894522043e+01 -1.742856671323694115e+02 -1.281741195866236183e+02 2.328765644421374503e+01 5.633837975112793828e+01
-6.297795406009396579e+00 3.604567419050917820e+00 5.040237630044772210e+00 1.206344672169264420e+01 -1.516333781828750893e-01 -1.012510479125438012e-01 6.954157790024915187e-01 -6.758037441216979246e+00 -3.983411736024681793e-01 4.732334646589738902e+00 9.166771780430329475e-01 -6.145747912401562374e+00 -1.025729174218845863e+01 9.016156548251978986e-01 2.379107747629458203e+00
-5.426677662326384599e+00 -1.608900251963363726e+00 3.070648415113606422e+00 1.171303676585771925e+01 6.006473332525058773e+00 -3.692590591308686498e+00 -2.399057082373097505e-02 -6.223529222636670077e+00 1.760836814839065845e+00 6.190354719321518928e+00 5.064434803113767591e-01 -9.934843151785750948e+00 -5.397325510593424802e+00 -3.896046387714503734e+00 9.434937283019608767e-01
-1.138678441208906520e+02 8.137540628536770626e+00 8.623689162044446732e+01 1.552650745014044276e+02 1.066511536313338659e+01 -7.604923752621405697e+01 1.030363813495291225e+02 -1.017436488144481217e+02 4.450584571014451285e+01 2.886182171129567919e+01 -8.261252766561876015e+00 -6.112131350635681315e+01 -1.222148998132095841e+02 -7.386141910124497389e-01 5.978667770407410842e+01
-5.466577850678152117e+01 8.823060912868598393e+01 4.806341375234249824e+01 1.983938045370986458e+02 -4.656835529049783418e+01 -8.053852600594349553e+01 1.816292517009503058e+02 -9.519471997874829583e+01 -2.673001781013120137e+01 3.323410703946154854e+01 4.362894195969345468e+00 -6.361973686250539828e+01 -1.866104083216763456e+02 -4.867012899777077628e+00 4.815253203378109959e+01
