-6.736070547008822906e+00 -2.411171103944823813e+01 -6.753201371320241009e+00 3.405629481909239331e+01 -4.119828066767953878e+00 7.922121502356344713e+00 1.099402700113583897e+01 -3.712459882246226694e+00 -2.742327039178574566e+01 -6.173089623952287219e+00 4.083350038955629868e-01 -2.584146781593254971e+01 -1.535488081213473777e+01 2.270765935502330191e+00 2.532247286326022717e+01
-5.096106070017003553e+00 1.343057344859729829e+00 -3.260280188932817680e+00 3.009717924902147068e+00 1.713413807523929133e+00 -2.974160606358271952e+00 -1.766720657338035405e+00 -1.187686004123087535e+01 -3.080442438742010403e+00 -9.932127493808314611e+00 1.344415686234830210e+00 9.470552092517930953e-01 -8.237992142441378007e+00 5.988048948831714569e+00 -3.927770108171335206e+00
-1.785473455959887934e+00 -2.341791458606276688e+00 -8.605043543304897735e-01 3.362450894475628171e-01 3.504426768497861389e+00 3.981298144515296178e-01 1.096224612031772683e+00 4.307152611128090697e-03 -3.980633295151001949e+00 2.677077896552007563e-01 -3.636717801192607125e-01 -1.012298180340454712e+00 -2.649996274519033967e+00 9.183755150496963893e-03 -4.108347071591831323e+00
-4.605182986637262843e+01 -3.107035059302596025e+01 -3.934293369435515331e+01 8.306016093657460075e+00 2.084162534881983575e+01 -2.149707483367574667e+00 -1.161631170396991264e+00 -4.911171096151077720e+00 -3.776518362540085860e+01 -1.319584641963195182e+01 -2.714697677221036898e+01 -9.050723769702893051e+00 -3.784781991389802869e+01 -1.845209896939539629e+00 2.140758737987258797e+00
-1.114500121820826450e+01 2.926582402686586448e+01 -7.923948313740424076e+00 1.069685774201796669e+01 -3.425908647015200037e-01 -7.248966204781850386e+00 3.692980966212147997e+00 -1.312617887455403221e+01 -1.168447150258102596e+01 -4.009312341393142987e+01 1.753190879727272034e+01 4.827693501486934657e+00 -2.656016773506598838e+01 -1.252334306429084343e+01 9.783834574510459348e+00
-5.347282648688562290e+01 -2.337369333878932025e+02 -3.307701760616340607e+02 3.770045711286583128e+02 3.230492494983985274e+00 -7.053211356318534797e+01 -8.225465710045740764e+01 -8.150362571520322064e+00 -2.839229183008642394e+02 -2.901701629235939208e+02 2.758925536601240935e+01 -1.421449259104591789e+01 -3.984696543471472978e+02 -3.342539420863452904e+01 6.987226583412841308e+01
-2.549604815481535880e+01 -6.641543833499163441e+00 -4.985743946569513696e+00 1.975317774336009435e+01 1.025566069573144468e+01 -6.321069890351592946e+00 -2.604870657244463317e+00 -1.325483792191382726e+01 -1.532688552866839871e+01 -1.324650868955267624e+00 -1.022980473942099167e+01 -2.129117651896308860e+00 -3.636127851380156528e+01 -1.818439035693940653e+01 -1.408356446392301642e+01
-9.820606973321236666e+00 -1.015936224252679931e+00 -1.631844302784948653e+01 2.945201144564570939e+00 2.966395194902177934e+01 -1.527839345049993192e+01 5.885211436418403608e+00 4.948172991540092269e+00 -1.823596621703266862e+01 7.849500179914953080e+00 -4.377326034864858606e+00 -1.036587865897933014e+01 -3.027823779257364833e+01 -1.262892798804568173e+00 -1.061208290964029288e+01
-2.371512828078767399e+01 1.503025122115268353e+01 -1.842729988897486848e+01 1.065305784781196152e+01 1.501580922293688225e+01 -7.051981371832991563e+00 2.092292923442232500e+00 -5.667612702769020849e+00 -5.853320612869713280e+00 6.616590370107898522e+00 2.559857112993620287e+00 -1.169317398709424616e+01 -2.592419853852837619e+01 6.882963503430496566e+00 -7.133136649236889504e+00
-1.793385734356814680e+02 8.295552797700806025e+01 2.670966572009482576e+01 -1.865483013770935372e+01 -1.175759324139966395e+02 -7.846533337954390674e+00 3.398148522320472154e+01 6.251197935560939811e+01 -1.847798828187681579e+02 1.753603885916524234e+02 9.669074893815766814e+01 -1.009564439268266938e+02 7.507289248049863772e+01 -1.286950116408794997e+02 -1.609351171798204518e+02
-3.331196935446718133e+00 8.994793852562034786e+00 -2.563172576492728894e+00 1.294528027946132553e+01 2.940332533354325650e-01 -3.851990894824895317e+00 1.582834470822143791e+00 -8.105227361245910700e+00 -4.347154668498854235e+00 -1.197360841947224230e+01 6.075008041316479535e+00 5.903103473898408282e+00 -9.694836984640252453e+00 9.109423949252349217e+00 3.357799058013540616e+00
1.547455017303658664e+01 -2.134478240202457755e+01 -1.319787849924140488e+01 2.714132127381988369e+01 -3.091957394273445203e+01 3.842231421429923444e+01 4.128979658585443246e+00 -1.718986982323234258e+01 -7.000593441660717531e+01 1.150390772089508218e+01 -8.561376943288513175e+00 -3.961757788282139359e+01 -2.229654203556137659e+01 2.727775234339556221e+01 -7.147650019176098546e+00
-4.755507651534346536e+01 7.285660296183873186e+01 -1.015062996447079087e+02 2.188929870109352294e+02 2.333470737451615928e+00 5.226795798909216728e+01 -8.219250764148964095e+01 -2.076668432138052722e+01 -9.612084274314476318e+01 1.095150044665052746e+02 -3.949088686142785853e+00 1.013505196217125182e+01 -2.904581713354713202e+02 -1.068872927689159553e+02 -1.177639353614549265e+02
-1.789066812173891918e+01 1.722005119008372631e+01 -1.521801313721183213e+01 1.879269842443140348e+01 6.502079937584263725e+00 -3.222661007284706614e+00 1.190403993069801736e+01 -2.365184874469363763e+01 -1.256685240965917316e+01 2.247515496935693413e+00 1.448919886756355879e+01 3.061058611327670764e+00 -1.845902097327336122e+01 9.990610804357187291e+00 -1.318238917432147517e+01
-1.567385912165522122e+01 1.748843047655007865e+01 -4.753169179495355223e+00 3.238065823915640351e+01 -1.633075917232903240e+00 -1.521327908949027297e+01 2.859727937661579134e+01 -2.934349974284765850e+01 4.723369282032439109e+00 -2.792837479598804151e+01 5.989927039574657996e+00 2.392185898603196303e+00 -3.794493046944842263e+01 2.676322859218627670e+00 1.611962386801845426e+01
-1.375770972036604860e+02 1.768038642427845275e+01 2.109351585881937652e+01 1.654344259108111004e+01 -4.803223171711346495e+00 2.675330948129992947e+01 4.813956699151047403e+00 -4.357378212667118333e+01 6.942764776504479585e+01 -1.261998706416793539e+02 2.244983486570126807e-01 -8.861356138141081829e+01 -1.956033595266129055e+01 1.291525867357034940e+02 -1.264191851474764405e+01
-4.646196308206867798e+00 -5.177309641420746011e+00 -7.265966030200146974e+00 -8.312187640911207209e-01 4.420840954143151258e+00 3.333429789801884535e+00 1.276690176494213524e+01 -1.691935333928517338e+01 -1.112347059782310943e+01 6.502806187835354912e+00 4.798441793752362905e+00 6.753873633762998985e+00 -9.135738988700522256e+00 5.757874512344106854e+00 -2.449056922155285754e-01
-4.612976769184444237e+01 1.573115774850453841e+00 -1.078052309136922737e+01 1.154357886285344925e+01 8.530088633476934135e+00 -5.305647371523093625e+00 1.496793826221921186e+01 -2.207644251164607851e+01 4.173662968123935002e+00 -1.931195087674255362e+01 -3.975593515549743717e+00 -1.655111905503067504e+01 -2.034724087184650543e+01 -1.911899183835754634e-01 -9.364079806894477498e-01
-2.225600004989554748e+01 1.249474011921558869e+01 -1.481491700485324436e+01 3.513707916876781212e+01 2.655216089696102344e+01 -2.398961993610492005e+00 9.207993544502816263e+00 -2.477899134445861762e+01 8.570638523247195550e+00 3.255615569117813912e+00 -2.278915664017333031e-01 5.879008130189836479e+00 -2.888316265755249646e+01 -7.539098633338563893e+00 -2.069654762840269058e+01
-1.479993414618201975e+01 -3.478533703777497266e+01 -1.772642739446829196e+01 4.639414508423347172e+01 1.468882058915899336e+01 7.047810150799274531e+00 -8.491404485213774223e+00 -8.307319704178157238e+00 -1.356705946337800306e+01 -1.377468287141627101e+01 -8.689938656655112226e+00 -1.242903758989283514e+00 -8.523305209625592127e+00 -7.177771951981331000e+00 7.691100454704534961e+00
-4.246097223398788145e+00 -8.834549730494746456e+00 -2.227569257550902293e+00 4.479375638939044890e+00 -1.882385999821958311e-01 8.949962395541899429e-01 -3.777899825957278246e+00 2.404285111945556608e-01 3.339659403810054883e+00 -3.920886712999418489e+00 -5.590031917483946344e-01 1.305891535851260832e+00 -4.882327746671400348e+00 -3.293020931062643264e+00 -6.957738624176804665e-01
-1.172842493308958645e+01 1.118936911207612717e+01 -2.732580639865406624e+01 8.564130745932342137e+00 1.040820603878505501e+01 -7.178866180434976263e-01 -8.191140400929038279e+00 -1.846602267159183342e+01 -5.625532382454048630e+00 -8.045436195206868035e+00 -8.262592703815816009e+00 2.613416000550907281e+00 -2.723321958353238159e+01 6.138230490789451821e+00 -3.873895292076233510e+00
-1.570335668071967206e+01 2.601351918322217127e+00 -4.352801587386491811e+00 2.372755265163479876e+01 6.552669169673751348e+00 -7.481197593220800801e-01 -2.952732260913023765e+00 -1.249452497280458907e+01 -3.608102372114205370e+00 -1.865248652698601850e+00 2.139139275454060574e-01 -1.063152032863278684e+01 -1.419252121551708967e+01 -4.740144448615487782e+00 1.565434927990724256e+00
-1.495342822433944434e+02 -1.050040503936402132e+02 -1.626020525549165825e+02 3.064696278954991726e+02 1.542531436503118130e+02 3.132879346350377858e+01 1.233243440961070689e+02 3.655487446471469326e+01 -6.323550227617486996e+01 -8.245795330036459347e+01 9.993172060647427202e+01 -9.617606177907438791e+01 -3.210875140835103707e+02 4.232034695620441056e+01 -5.825528015630440137e+01
-6.407464764220285325e+00 7.864943691401196091e+00 -3.075518968610593706e+00 9.551522694431955784e+00 -2.351518849196646777e+00 -8.475291992361047022e-01 2.741497003580081859e+00 -5.321003175229407134e+00 -4.099453875508230816e+00 -1.732090685367245975e+00 1.836081938530089275e+00 -1.381898788485859786e+00 -9.536068158789415605e+00 1.683186412381253660e+00 -1.236501325540880103e+00
-2.174131507943479136e+01 1.098153465460473655e+01 -2.105689129980276064e+01 1.106099160832378381e+01 1.095052661312950804e+01 -1.877328781292770588e+00 -8.398272509738704983e+00 -1.327786900171625284e+01 -4.535873334734918494e+00 -7.741104062181084267e+00 7.944887619040947868e+00 8.727570221831616237e+00 -3.317663224402379285e+01 -1.232323793865145412e+01 -5.811893738423375311e+00
-5.485649432321778818e+00 3.402715172147507516e+00 1.972493808536821269e-01 1.722378864254063613e+00 5.561314631837005473e-01 -1.143014259360229046e+00 5.208489465578698407e+00 -7.316148377726957364e+00 3.749325486862495449e+00 -8.030673083520069255e+00 2.130017433483214262e+00 -1.251227678657482745e+00 -3.247988798647209130e+00 5.959499202250175820e+00 1.441365786044731256e-01
-1.179121695409195958e+01 -4.655548886195774116e+00 -7.148786284936679003e-01 8.399916016042588751e+00 9.807558814778371215e+00 -4.942814930338578883e+00 4.956903154462785288e+00 -1.009860274044854123e+01 -1.082980554452050992e+00 -5.058725818691594434e+00 2.620592990617867990e+00 -8.487862009287878706e+00 -1.025995046177823333e+01 5.042119290458049186e+00 1.596038078081106759e+00
-3.006554152020478199e+01 -4.730044448172929350e+00 7.031135876131179963e+00 1.746587658588573788e+01 6.474914099492210973e+00 7.469692951310615392e+00 5.127404949043959270e+00 -1.854459194127518984e+01 5.616012902369010185e+00 -1.294365662465606981e+01 4.614143792305541503e+00 -8.215856570199250086e+00 -1.742092388681408721e+01 1.036764571801590229e+01 3.673597287938595191e+00
-4.718224979397714947e+02 -1.634678530441688906e+02 -1.572630502043551814e+02 2.363357071771847870e+02 4.331791486827497550e+01 1.219863221871358263e+02 1.277081608176724217e+02 -2.778672726374380275e+01 -2.975861352685282100e+02 -2.557707415561182245e+02 -1.002548243749637180e+02 4.796801738950140503e+00 -5.979419269856310848e+02 -1.616944664308196309e+02 1.737383729969091064e+02
-1.552039356666177206e+01 9.988909614737053744e+00 -8.928025909508415126e+00 1.352048659435010514e+01 8.901524048459179994e+00 -6.259249597897269979e+00 5.393695370326688732e+01 -3.358135486564107453e+01 -2.532576620934596345e+00 -1.674026368698477318e+00 1.229231743374609032e+01 -3.318126239164985058e+00 -9.367352826460667359e+00 -2.357975207996246159e+00 -2.258454000332119183e+00
-2.164503300830804733e+01 1.058784562532396301e+01 -1.243611963514757690e+01 1.263237068175852573e-01 2.179678977919214944e+01 7.135558531127695225e+00 -9.802854022870779005e+00 -1.232505441322023820e+01 2.656937385257565065e+00 9.299169725577411949e-01 -1.487925617762005537e+01 4.834032140915712761e-01 -4.003790245153908245e+01 -1.079095446295258220e+01 -8.309984348036804747e+00
-1.087591450393547206e+02 -2.261414133214302513e+00 -6.810882972632330734e+01 5.644204040803332845e+01 5.390657775549151154e+01 2.186608096597667128e+01 2.163071152578822520e+01 -1.152412524692286588e+01 -1.036736592326457753e+02 -5.805118824293337099e+01 5.515456446824210701e+01 -1.044168491751445238e+01 -1.272886902229680146e+02 1.739515029779680688e+01 5.841714638946213967e+01
-2.376457643087273652e+01 -3.033813300567822058e+00 -1.686799686553618116e+01 3.703052246676954695e+01 1.302445203354464454e+01 2.367256163608245867e+00 2.045153227099036286e+01 -1.129286094124549145e+01 5.091568820477122337e+00 -1.728947963613515526e+01 2.415707254425896622e+00 -1.386756622720913334e+01 -1.668951468510177705e+01 8.008771054766599562e+00 7.605434150317442743e+00
-4.618938319703864863e+02 8.103798995328213550e+01 -1.838319327989649423e+02 3.265312665772934224e+02 3.765097233854712613e+02 3.981994211027548403e+01 -1.082087326638957023e+02 -1.973819218095570136e+02 -1.174909428417536219e+02 1.330428555193719298e+01 -2.962500184847584137e+02 -2.703682350823087859e+02 -6.327554592716790012e+02 -5.222851632934117561e+01 2.860226550629643327e+01
-1.798841554305169455e+00 -2.614691118765406586e+01 -1.553737925670985653e+01 2.634150987658325249e+01 -4.708745871628601698e+00 -1.347749701274581602e+00 -7.974924469919005610e+00 1.199414955966655150e+01 3.959262640774539044e+00 -8.020565703234916910e+00 -8.483526861161269084e-01 -1.861296449613668713e+01 -2.728727829133322302e+01 -1.449847526236884931e+01 2.303607288810793630e-01
2.471763406530417484e+00 -1.778845213954735271e+01 -3.238756432005786223e+00 1.162930211469020314e+01 -1.291857237916186563e+01 8.781012705677644803e+00 1.886850362503199374e+00 6.481235834074876578e+00 -4.450742275786966573e+00 -1.167473086336135779e+01 4.087723296885522828e+00 -2.119226662450240184e+01 -1.940325504307052640e+01 -2.484389468699726766e+00 1.267395276411750515e+01
-1.077023356825710287e+01 2.494844345983583178e+00 4.848669808595124309e+00 1.129983148887790634e+01 3.984313837475592202e+00 -8.438061489777212154e-01 1.062553379302572987e+00 -1.065952711868561131e+01 -3.600086728492142729e+00 1.083570945331159763e+01 -1.023754356466399784e-02 -5.100457162025888280e+00 -7.605609578555626804e+00 -6.883675326542242345e+00 -5.581819653770979661e-01
-1.796465452709897193e+01 2.478123446059108304e+01 -1.846059650653491602e+01 1.711195409789806376e+01 1.912061211091148394e+01 -3.223647348137688162e+00 -9.251484686843735261e+00 -1.677878432029171663e+01 3.203256170489372057e+00 8.098140700765605882e-01 -2.526179764437430642e+00 -7.829358031241285154e+00 -2.916802728990889548e+01 -1.772977186848686770e+00 9.075223954904126922e-02
3.052482009399884455e-02 -1.672420080520050334e+01 -1.529379788228071302e+00 1.590772748196614295e+01 -1.901781669796935414e+00 -3.427100294767829514e+00 2.900513592560573173e+00 4.644314047552242641e+00 -6.089102142931940520e+00 -1.681183780498970393e+01 2.989088102193312668e+00 -9.947080113452702932e+00 -1.507807648237294984e+01 -9.441103434783173043e+00 1.583183837634454783e+01
-1.695119302734091704e+01 -1.134596462806530681e+01 -3.548294432787088670e+00 1.942150658536638730e+01 1.385100303827413804e+01 -5.857617755389045833e+00 -8.989385800966354978e+00 -1.074289851685023045e+01 1.703397720977040342e+00 -9.534527282623960431e+00 6.613879137881297332e+00 -2.141120254766524789e-01 -4.357168594834802633e+01 -2.056145294308334481e+00 -6.414258700375777167e+00
-9.086362263129618810e+00 2.921456757611282207e+00 2.891845977345161578e-02 1.620276749849959952e+00 1.735997256154791835e+00 -4.840691991268085137e-01 -6.035765098133645257e-01 -1.096241957677657375e+01 8.844947516780238272e-01 -9.184560206470203880e+00 4.407290441198546738e+00 -2.265928986478277896e+00 -1.093974473043047446e+01 3.570995788809740557e+00 2.107441750176122786e-01
-2.669493902807738461e+00 -4.180437753474068430e+00 -1.021382451574673222e+00 7.158343661171098660e+00 4.435672342084453490e+00 -2.110662182199968928e+00 1.511131826884476048e+01 -1.175328309860147868e+01 -1.687027550734938153e+00 2.712528964281880395e+00 3.627404275537019496e-01 -3.168637242260034181e+00 -2.439404338595095645e+00 -1.942094254495359440e+00 1.901895050797590248e+00
-1.158991348022802548e+01 6.458710580361257669e+00 8.107989552120392629e-02 9.290427923972874424e+00 4.268384200552343799e+00 -7.076412569933031804e+00 6.243265471836564551e+00 -1.594345466936970368e+01 -5.263263154775863484e+00 -3.851102104157479555e+00 6.141816170552552023e+00 -1.286550963558451333e+00 -1.552466113282996396e+01 -6.578760949189210727e-01 -5.132531065625311584e+00
-7.360488253268854919e+00 3.486070751640891974e+00 1.524557819678614257e+00 8.044323699166653796e+00 3.903394257636245701e+00 -5.337348619939080940e+00 2.947455483949869670e+00 -6.835666856497807586e+00 -7.524216934954039981e-01 -5.123624853626784770e-01 -9.126524364726859018e-01 -1.107442120023472421e-01 -1.004417863204501415e+01 -4.385970866403325452e+00 2.522810408902750545e+00
-1.715174029902724939e+01 2.025071127640765578e+00 -8.731085737860061258e+00 8.575628889108770636e+00 9.441260857318715338e+00 -6.394403830791426380e+00 1.902094299818665846e+01 -1.073478529776789259e+01 -2.329354011200981400e+00 4.369057570887979303e+00 -2.258734870110845616e-01 -3.629714987718304364e-01 -1.195834629211878664e+01 -1.097332415363863589e+01 2.491821818400520971e+00
-1.168615968550060380e+01 1.303773356501187974e+00 -6.664211984671617017e+00 1.746760035991512083e+01 6.444088737429316538e+00 5.273956109790307600e+00 4.823307368911739168e+00 -2.305297466839988374e+00 -2.127701217031176650e+00 -3.705408547023411603e-01 -7.294132453950432193e+00 2.735742190840887211e+00 -1.198272192115079093e+01 -6.824430656708122100e+00 -1.000426976815011315e+01
-6.869895709106941695e+00 1.816603743968009255e+01 -2.778617964180560840e+00 6.016989926628755647e+00 1.970935249628819275e+00 -4.790775880049104707e+00 1.539539924609565524e+01 -1.464752643734849080e+01 -8.075325777791130477e+00 -2.163960021180923832e+01 1.235488965205192535e+01 -4.468834144781217432e-01 -2.435898428072328059e+01 -1.075557692718900249e+01 1.113556134893839733e+01
-2.528047302456204761e+02 1.195496970441018618e+02 1.450438549911252437e+02 5.466643273860147474e+02 -8.721485312407881452e+01 1.187111060059605734e+02 1.920282106898225649e+01 -4.017144829537086252e+02 -6.990734851082207513e+01 -1.385945817679337040e+02 -2.077123197837597601e+01 -1.312781647995739718e+02 -5.755067716926358798e+02 -3.434418122420336204e+02 -6.421633224319484157e+01
-7.900127306606437472e+00 -6.434376543080865929e+00 -1.619122421488038199e+01 1.817843801524520941e+01 6.978794195877669360e+00 1.717869441415356491e+01 1.349223083718004901e+01 -9.740355208432333711e+00 -1.343830870287002988e+01 -1.473108949471803975e+01 1.377732021433262233e+01 1.520319726399830351e+01 -1.949833616223730104e+01 1.049795321309916707e+00 9.647631748404313257e+00
