-9.800962501110376479e+00 1.885106066360603094e+01 4.754836731270657424e+00 1.811371861679912598e+01 -4.602223853351238958e+00 -1.126717431051760343e+01 1.477834154950650536e+01 -8.519819281832672786e+00 -6.591206304395813564e-01 -4.475219801334305636e+00 6.960321960844735756e+00 -2.029362670393871859e+00 -2.156339080223526850e+01 1.381199584403331571e+00 1.064296706570219797e+00
-7.244979689777984788e+00 3.595962274159003158e+00 3.952247098157223526e+00 1.354261497554945137e+01 3.745900501530513793e+00 -7.380023373510438134e+00 5.016641663636936421e+00 -7.827053129841251788e+00 3.394133095975784720e+00 3.727252119704859812e+00 7.170432614343963396e-01 -4.438477880164498401e+00 -1.063673848559026958e+01 -2.275408023349164699e-01 4.123982570883389265e+00
-1.276491402344855999e+02 -4.217008085677616691e+01 1.100420377025187122e+02 1.079961369263775879e+02 9.240207416348015101e+01 -4.270329460467264227e+01 -3.379350550698924138e+01 -1.159163282133228421e+02 7.015214977219996761e+00 8.210233131707171950e+00 4.284925802905015502e+01 -1.007172824271557658e+02 -1.297468880824177120e+02 1.335087146016430815e+01 5.535843124763115242e+01
-6.907181989825031287e+00 1.105268760822856677e+01 1.485732474818516613e-01 7.498597686814603591e+00 -1.999910633622445255e+00 -3.614579582568694160e+00 6.301817846466339468e+00 -6.158882850876098658e+00 -1.012089000495536073e+00 -6.775330435612520574e+00 3.998150655677011667e+00 5.852771833744260244e-01 -9.788439495671802604e+00 -7.607620954172731320e-01 -2.769586027502306536e-01
-5.050882881478532909e+02 -1.401051581253754534e+02 5.302741010305025426e+00 5.264225905392614777e+02 2.496614284623275353e+02 -8.089175141867248442e+01 1.694459154706775905e+02 -3.710199044561039159e+02 1.144067997590711343e+02 2.149660328300439289e+02 6.944734394964729063e+01 -8.916188139568336624e+01 -5.868496469778168603e+02 -1.205986588027040654e+02 2.201545614455902751e+02
-2.478608982291540599e+02 3.459597077048609890e+02 -1.457342072564991597e-01 3.955399603316953971e+02 -1.506365501545702124e+01 -2.326326596830362519e+02 2.961540543655339661e+02 -1.641569558851165027e+02 -1.510550308315796997e+01 -7.591257736236129006e+01 1.133893429333003553e+02 -9.342290727708835618e+01 -5.118441509798277593e+02 -5.937541999460400888e+01 5.311272237216624603e+01
1.125576202094340772e+01 9.253200694699027906e+01 -1.174117344402503704e+01 1.072886363847378277e+02 6.105121405979345717e+00 6.182363710985229410e+00 1.449312583368245271e+02 -7.258641635591180830e+01 -7.184937461524815383e+00 -4.366063506120851656e+01 8.390393980503390026e+01 -3.380339514793617184e+01 -1.274312687959698991e+02 1.146176256613880362e+01 -6.754214426187546394e+01
-3.910299784114593891e+00 1.039840563007700069e+01 2.542962580199036093e+00 5.294891176810481603e+00 -1.714116268314752833e+00 -3.278497097974222729e+00 3.984484241786781400e+00 -6.541420103098124272e+00 -3.003962816420236326e+00 -1.188248099357435450e+01 9.760799203774020327e+00 -3.309189494792902586e+00 -1.100898792494234435e+01 4.059659561992408960e+00 1.323273648580855832e+00
-5.091155893714807945e+01 8.754282277929411293e+01 -5.026103951087312893e+00 7.454753167475259090e+01 -1.941578623145454330e+01 -3.159536112092738236e+01 9.519789554040526980e+01 -6.665462585403837181e+01 1.714142061824711405e+00 -7.116868276799154103e+01 4.225283745251142165e+01 -2.742052895388163325e+00 -9.235913528725086508e+01 4.960448537579977568e+01 8.023525384176428688e+00
-7.013247988997080995e+01 3.010467635709158785e+01 -3.323534434080653188e+00 1.314862756789887044e+02 3.782235469147139639e+01 -4.096681421643909005e+01 1.355551892158884897e+01 -1.239356722524016732e+02 6.624843784368145139e-01 -8.970160445231303470e+01 4.944770741621291421e+01 5.966680070767695909e+00 -1.587359087097531756e+02 4.638998416595977403e+01 6.523876872930823367e+01
-1.671216786610713489e+00 2.314124086621484722e+00 4.614951080713138865e+00 1.292630461304838896e+01 -1.210975675584400779e+00 -7.234670394204204769e+00 1.144512234629932301e+01 -2.885669467982551417e+00 -4.738006820731660573e-01 6.422417727651710706e+00 -1.597917896169916308e+00 -5.620849237500712192e+00 -1.250345004276899274e+01 -2.519627025288657673e+00 5.174909583736936547e+00
-2.301025643543389094e+02 2.386404568050772070e+02 -3.104846994176960706e+01 4.916298418391217524e+02 1.202656814814886559e+02 -2.445993144813565223e+01 1.941557303301119362e+02 -3.580078958053530300e+02 -6.493179531420950923e+01 4.080704989762698887e+01 1.870202408707479549e+02 -3.382889734799873622e+02 -4.680717679138219864e+02 -1.632815931879624216e+01 3.652809510063379150e+01
-2.568181375100450623e+02 1.480178112145374598e+02 4.390405973480276458e+01 3.801013434800469781e+02 1.062492517732618040e+02 -1.326604111507613197e+02 4.226533961371467285e+01 -2.801619010920755386e+02 5.050380954193293803e+01 1.068153961155652780e+02 3.427315807739309150e+01 -9.516908046126926024e+01 -3.023754199669005516e+02 -2.658824375894946357e+01 5.696379798365231295e+01
-6.842998046648515853e+00 1.717895156585510730e+00 1.369374193237111292e+01 1.527383927663663954e+01 -5.934221894496878313e-01 -7.972487756401553938e-01 8.770685301116237786e-02 -1.096329570473964310e+01 -1.800138171725059077e+00 5.019960121448068691e+00 3.089339396912419655e+00 -6.819389383648740477e+00 -1.296234320862774680e+01 1.861930820933603625e+00 4.318445258059083081e+00
-3.450468557473561759e+01 9.272777777660959941e+01 5.870041031074231697e+00 8.773543892405902511e+01 -1.722181257102189633e+01 -2.429568422726370969e+01 2.870679383217934699e+01 -7.592539680588878070e+01 -5.558007423421801718e+01 -5.568512647712693564e+01 7.850355789144100527e+01 1.307487895034993919e+01 -9.943519302743149524e+01 7.050578187426846455e+01 -5.114026014169864709e+01
-1.346291895859521759e+01 1.883270674154616131e+01 2.426935902894626906e+00 2.681599829389066514e+01 -6.268233979171580650e+00 -9.870817576452033393e+00 1.953283367992918329e+01 -8.806416053680811373e+00 4.605282837796631057e+00 -4.587536277514789873e+00 4.771304804994642268e+00 3.671640092454718785e-01 -2.292072901114150341e+01 1.814611084430387766e+00 1.191730238763363703e+00
-7.530083709202732507e+02 -1.588993482529820085e+02 -1.662876987842057019e+02 7.510766537684070272e+02 7.303325782158769925e+02 -4.210547725656432476e+02 -2.134720499261349289e+02 -4.787442220082392055e+02 -9.743741009471727921e+01 4.059616441979301271e+02 -2.059592820702940799e+02 -6.906046590428189802e+02 -1.086197113376318839e+03 -4.746371764206252237e+02 -2.710760813396595026e+01
-8.260526546318108387e+01 3.499197539930118950e+01 4.912349720511367934e+01 1.156732161283686366e+02 1.845306080622610878e+01 -4.807016579199239459e+01 3.121516845845927435e+01 -8.508307576205226042e+01 3.980377847842726524e+00 6.748317430802505790e+00 -4.607674929649403062e+00 -2.915819394816051346e+00 -1.184276484352132996e+02 -7.357383447143962485e+01 7.481593338324303488e+01
-8.680107705451925426e+01 1.097712989874370493e+01 1.159937082451037327e+01 1.328756104241314517e+02 7.339852994778466666e+01 -4.926854666551039230e+01 -1.011649803937140746e+01 -8.459756169817961791e+01 3.536234312306489613e+01 6.146839487815442027e+01 1.933638478265222282e+00 -6.712079992036855458e+01 -8.305244394837524169e+01 -4.539953168099209790e+01 3.055270508765914883e+01
-1.091050601463136900e+02 3.407728864462525280e+02 8.318518541025565582e+01 1.905257887928165133e+02 9.897860518909099881e+01 -1.745383769972783341e+02 8.776584263037541689e+00 -2.303566941941863320e+02 -8.601790531465806566e+01 -3.027069428722533644e+02 3.282702813589053221e+02 -7.823996514843396710e+01 -4.636687113178303434e+02 6.772580109165647855e+01 9.162396842212145032e+01
-1.258835835774320060e+02 1.425826753466482728e+02 -7.845976882618415971e+01 2.105345645640249188e+02 9.843396601493445530e+01 7.710268683974801363e+00 -7.478353527959110636e+01 -2.589058487759486411e+02 2.073263472063601398e+01 -3.817488929773981710e+01 5.142513923619713267e+01 -6.599811616654777424e+01 -9.809703875862017242e+01 1.938569434129353652e+01 -4.719740351709880599e+01
-1.100596192015235033e+02 1.267775983297558753e+02 -5.294768712995512061e+01 1.779353840890151730e+02 -2.068440995587038245e+01 -7.973888055049695822e+01 1.917283461297086262e+02 -9.762136688191500866e+01 5.422463206507033284e+00 -1.112891015830910391e+01 1.253559427549597816e+00 -2.135908711072479704e+01 -1.677449849199962841e+02 -7.357587080429562221e+00 2.946096456135596497e+01
-5.240855980283001969e+01 -1.742606359896879553e+01 2.345188672284387366e+01 9.122300258259338079e+01 7.927831913385237783e+01 -8.362243702549281466e+01 3.016322922850416077e+01 -3.547715624096704090e+01 1.115431573167696300e+01 -2.473111970478563126e+00 2.294600336225740023e+01 -6.047786539565971253e+01 -1.147142434736588115e+02 -4.158867223845309269e+01 6.843891204935354722e+01
-2.332270399455648260e+02 1.228334214221349754e+02 6.292841386303703644e+01 2.663637341777564416e+02 1.036619520969230877e+02 -9.802831368899946085e+01 1.536727435372864470e+01 -2.291061459549551103e+02 -1.569264619278850859e+01 1.804746151711598756e+01 5.297630978452185246e+01 -4.227079420855343272e+01 -3.090400301135479708e+02 -5.959935321154790699e+01 1.035304816813686557e+02
-3.104640871524862078e+01 3.091896137587853488e+01 3.093503691660453914e+00 5.791938807534474165e+01 -9.268074482800174874e-01 -2.097748296170621529e+01 2.787291149163790394e+01 -3.284622096360082111e+01 3.860890385014930537e+00 1.403815275203078805e+01 -1.471642340074384103e+00 -4.398194612223350397e+00 -4.706433509822538497e+01 -1.058381954208850928e+01 8.255951166001949559e+00
-8.245023660750473482e+01 -2.214900713968012358e+00 1.099369515270753794e+01 3.712044676575370517e+01 6.105801932833166745e+01 -5.689121163857089414e+01 5.357178818723841118e+01 7.772915219245549068e+00 9.068768200574215399e+00 -5.817601745243904077e+01 5.198466236506984472e+01 -1.240408400074175148e+02 -1.123023867333835284e+02 1.796678716789933006e+01 3.617434157048302978e+01
-2.054569665263113620e+01 8.464120442163901714e+01 1.615794793654291794e+01 9.579840979860951222e+01 -2.344148532914634941e+01 -3.136968333032834622e+01 1.077336121195946390e+02 -7.885001281205786938e+01 -3.087293510004306185e+01 -1.450737749264026633e+01 4.984256081096454238e+01 -5.581383546324400413e+01 -9.209430942183060154e+01 3.035428314367313263e+01 -1.126756917308999562e+01
-5.197609862849826641e+02 7.457289297197273754e+02 -1.217440933203573650e+02 5.214846480049360480e+02 4.247262623330394149e+01 -1.959682666592794078e+02 8.240727457229984338e+02 -8.313254390851027438e+02 7.034736236004061993e+01 -7.501495683655256244e+02 6.470403255390868935e+02 -5.540841712564129296e+01 -4.767691535532860030e+02 7.802611407578640410e+02 -3.287467655048830579e+02
-3.170316550640973219e+01 1.755179252488175052e+02 2.067104439930491111e+01 1.541613097590847588e+02 -5.334459415045149200e+01 -7.403258161686919436e+01 1.092859251488974337e+02 -1.156706017287731214e+02 -1.851084724056268982e+01 -7.466882417027119345e+01 5.601462596026000540e+01 1.953633934548263440e+01 -1.803079462255085730e+02 7.139091790119161374e+01 1.505450667754891114e+01
-4.407792107789288849e+01 2.003513240460716247e+02 -2.091603790236835181e+01 1.866168200924805092e+02 5.617786266895069502e+01 2.883607429366663411e+01 8.620476804126636239e+01 -2.924067803590486960e+02 -4.635355645252371204e+01 -2.240686578059593614e+02 2.274888241156246238e+02 -6.489360754805865383e+01 -3.585246897393685686e+02 -1.145693927885364793e+01 2.444575590691055922e+01
-5.616631977872966530e+01 7.323176686827561355e+01 8.172605872086814216e+00 8.623761357449657794e+01 1.228694294993119307e+01 -3.927906945301797492e+01 5.319185445025532033e+01 -1.003533454897880830e+02 9.531325046088445774e+00 -4.586769881441770735e+01 3.677015658399717069e+01 1.006770054954871974e+01 -8.893379419435302680e+01 4.311140050588300454e+01 1.007465430668441009e+01
-7.986680451155193339e+01 4.305981729779521316e+01 2.398770910295930392e+01 1.127403167359893246e+02 5.149370033558060555e+01 -5.388195427417993244e+01 1.164692068244672107e+01 -6.135358053467349748e+01 1.865907278104377198e+01 3.882050380582223426e+01 -4.948844711861876355e+00 -4.260874655608633788e+01 -1.192164416312170516e+02 -4.301789780975295230e+01 4.512827363655991064e+01
-2.660540102055890443e+01 8.304742229433144018e+01 5.944094926497882625e+00 5.041354539474569663e+01 4.404931197372647489e+00 -4.037454594700348309e+01 6.118344899323734865e+01 -8.004082526643037454e+01 1.613700855507963272e+00 -6.111828881100298361e+01 4.054315508898361742e+01 1.007658380295849909e+01 -8.324331951168450416e+01 3.941706149373919743e+01 6.732233481772950334e+00
-3.998631528928661538e+01 3.012647073188207258e+01 -1.237392041625864536e+01 7.269581763253069084e+01 1.221144588637656092e+01 -2.771576609453322959e+00 2.293539183039348472e+01 -3.389976015584398539e+01 1.238010409529162992e+01 -9.030164091803805082e-01 8.220811274209243180e+00 -2.229470779391193602e+01 -4.616506672891396335e+01 -2.377539997375087211e+01 -7.363166100509889844e+00
-1.591259713863431102e+02 1.164719027298591243e+02 -7.132008706467777515e+00 6.761050562231659455e+01 -3.454809430271157566e+01 3.990593265588545879e+00 -1.293889954850390822e+01 -1.263931188912673065e+02 -9.190093119971226798e+00 -1.953997068990702815e+02 9.046463528786200925e+01 -1.506605633633418222e+02 -1.795063631382780045e+02 9.510218488271569015e+01 -6.777576971246674020e+00
-7.274127430408475448e+01 1.257258244807544685e+02 6.658025348821017531e+01 1.330645863362694286e+02 1.946347706394116361e+00 -9.776630156149285256e+01 5.075403185672296758e+01 -8.230244781969553003e+01 -1.687323451731905521e+01 -5.050127407274847258e+01 7.434444078705972458e+01 -4.219126691431784337e+01 -1.982253335842897570e+02 6.091572299025227011e+01 2.735879166513873173e+01
1.564378326437727651e+01 7.858139372281792134e+01 9.228417420160901941e+00 4.197052986965753263e+01 -2.232888165461411667e+00 -1.175687808185427130e+01 1.712491831262776643e+01 -1.098322426673547199e+02 -2.934766399712053087e+01 -9.268079796131253545e+01 7.423458381710806009e+01 1.770887358614127294e+01 -7.922974396478387860e+01 8.761257553146570842e+01 1.112050721256414754e+01
-3.210033277382262185e+00 1.012698159722484270e+01 1.795552873933305982e+00 1.289214174888644315e+01 -6.331438514643771498e+00 -7.030608248101875901e+00 1.170376386163289517e+01 -2.117324457476164490e+00 -2.530155779057574605e-01 4.688880139124695368e-01 -1.214700475071995411e+00 1.302732843693602760e+00 -1.259573235981384265e+01 -8.570820860760339777e-01 2.974538839512887556e+00
-2.134908143524730662e+01 3.341503370760805325e+01 1.714376379316180143e+00 4.910280539799927624e+01 1.108831607597370628e+01 -1.321885805411222137e+01 1.097502553990624818e+01 -3.093309169514919432e+01 -3.968913389409149395e-01 -6.441776105492063920e+00 2.224294587054405170e+01 -1.201618386385892379e+01 -4.188722101230245443e+01 -3.497678920197634156e+00 -1.852616373481994572e+01
-1.941721421363762090e+02 2.149751576981685162e+02 1.361796131792959272e+02 5.452947613622135350e+02 2.070901453856149317e+02 -4.316847247609103988e+02 3.872627925530013613e+02 -3.058824131813986469e+02 5.952103008571009468e+01 3.760012500424182491e+01 2.052949619013525080e+02 -1.988687052981806289e+02 -5.555216870496084312e+02 6.247688729469087576e+01 1.040928478043550172e+02
-6.444132351480381260e+01 5.280446298240614311e+01 5.781664714392794835e+00 1.323515442202359793e+02 5.346971957733527603e+01 -6.116175657047277525e+01 8.902965162853912773e+01 -9.904034642863521753e+01 2.289880142241184635e-01 -1.149537500759084452e+01 3.484996804844695362e+01 -1.933485124895535989e+01 -1.102862638062357945e+02 7.256983647436578977e+00 -2.371747059107589095e+01
-5.717830901442356435e+02 -8.265572071484859862e+01 6.234024588617639751e+01 5.289161565689267945e+02 -3.259715086447159251e+02 7.474068043416826868e+02 2.776520768831999249e+02 -2.028793340899187854e+02 -1.955326578144736231e+02 -1.850321936259874747e+02 1.594617621049809486e+02 -1.123589186699853826e+03 -2.604935196065815717e+02 6.273948236652366859e+02 -9.855074222737401968e+00
-9.475179533521264830e+01 7.673960387261989524e+01 3.495794986622131262e+01 1.554531787736975161e+02 2.541841730725750992e+01 -7.226289433314799737e+01 8.743554028537764111e+01 -1.201632260134587256e+02 1.709256688370022914e+01 -3.576995126523109292e+01 5.175366861593548862e+01 -6.978554274501819066e+01 -1.366670913250413832e+02 2.666113706658514104e+01 3.083836925402805917e+01
-3.751679983239640137e+00 1.109933380898931254e+01 2.501845494893625288e-01 6.680335988585794027e+00 6.623762971382615161e-01 -3.033466098156348600e+00 1.720749353131130199e+00 -4.436785330847492048e+00 -8.228216941655888128e-01 -6.629799156032795793e+00 1.013513868515874172e+01 -1.507341639171567271e+00 -1.027363551304508782e+01 5.750124603988997940e+00 -5.156021602079189137e+00
-6.006660855719127973e-03 5.182505310458481773e+01 -3.983618197070966716e+01 1.278067716512647962e+02 1.796860402352124098e+01 4.065444801543051767e+01 1.341056575665772641e+02 -3.433429285810639442e+01 1.544234977155624478e+01 -4.156608561145219483e+01 7.145269909491896954e+01 -4.258728657018556873e+01 -1.049122999058480588e+02 -3.457823193881578305e+01 -2.646469569083397388e+01
-1.585647569463243087e+02 -4.487450283914444782e+01 7.346107670062612272e+01 6.979206496940318516e+01 9.778016056865156713e+01 -6.861102785837661600e+01 -1.328030558528149552e+00 -3.440033559767147864e+01 4.204473310160037158e+01 -2.774661080519304335e+01 4.978667075894522043e+01 -1.742856671323694115e+02 -1.281741195866236183e+02 2.328765644421374503e+01 5.633837975112793828e+01
-6.297795406009396579e+00 3.604567419050917820e+00 5.040237630044772210e+00 1.206344672169264420e+01 -1.516333781828750893e-01 -1.012510479125438012e-01 6.954157790024915187e-01 -6.758037441216979246e+00 -3.983411736024681793e-01 4.732334646589738902e+00 9.166771780430329475e-01 -6.145747912401562374e+00 -1.025729174218845863e+01 9.016156548251978986e-01 2.379107747629458203e+00
-5.426677662326384599e+00 -1.608900251963363726e+00 3.070648415113606422e+00 1.171303676585771925e+01 6.006473332525058773e+00 -3.692590591308686498e+00 -2.399057082373097505e-02 -6.223529222636670077e+00 1.760836814839065845e+00 6.190354719321518928e+00 5.064434803113767591e-01 -9.934843151785750948e+00 -5.397325510593424802e+00 -3.896046387714503734e+00 9.434937283019608767e-01
-1.138678441208906520e+02 8.137540628536770626e+00 8.623689162044446732e+01 1.552650745014044276e+02 1.066511536313338659e+01 -7.604923752621405697e+01 1.030363813495291225e+02 -1.017436488144481217e+02 4.450584571014451285e+01 2.886182171129567919e+01 -8.261252766561876015e+00 -6.112131350635681315e+01 -1.222148998132095841e+02 -7.386141910124497389e-01 5.978667770407410842e+01
-5.466577850678152117e+01 8.823060912868598393e+01 4.806341375234249824e+01 1.983938045370986458e+02 -4.656835529049783418e+01 -8.053852600594349553e+01 1.816292517009503058e+02 -9.519471997874829583e+01 -2.673001781013120137e+01 3.323410703946154854e+01 4.362894195969345468e+00 -6.361973686250539828e+01 -1.866104083216763456e+02 -4.867012899777077628e+00 4.815253203378109959e+01
-6.736070547008822906e+00 -2.411171103944823813e+01 -6.753201371320241009e+00 3.405629481909239331e+01 -4.119828066767953878e+00 7.922121502356344713e+00 1.099402700113583897e+01 -3.712459882246226694e+00 -2.742327039178574566e+01 -6.173089623952287219e+00 4.083350038955629868e-01 -2.584146781593254971e+01 -1.535488081213473777e+01 2.270765935502330191e+00 2.532247286326022717e+01
-5.096106070017003553e+00 1.343057344859729829e+00 -3.260280188932817680e+00 3.009717924902147068e+00 1.713413807523929133e+00 -2.974160606358271952e+00 -1.766720657338035405e+00 -1.187686004123087535e+01 -3.080442438742010403e+00 -9.932127493808314611e+00 1.344415686234830210e+00 9.470552092517930953e-01 -8.237992142441378007e+00 5.988048948831714569e+00 -3.927770108171335206e+00
-1.785473455959887934e+00 -2.341791458606276688e+00 -8.605043543304897735e-01 3.362450894475628171e-01 3.504426768497861389e+00 3.981298144515296178e-01 1.096224612031772683e+00 4.307152611128090697e-03 -3.980633295151001949e+00 2.677077896552007563e-01 -3.636717801192607125e-01 -1.012298180340454712e+00 -2.649996274519033967e+00 9.183755150496963893e-03 -4.108347071591831323e+00
-4.605182986637262843e+01 -3.107035059302596025e+01 -3.934293369435515331e+01 8.306016093657460075e+00 2.084162534881983575e+01 -2.149707483367574667e+00 -1.161631170396991264e+00 -4.911171096151077720e+00 -3.776518362540085860e+01 -1.319584641963195182e+01 -2.714697677221036898e+01 -9.050723769702893051e+00 -3.784781991389802869e+01 -1.845209896939539629e+00 2.140758737987258797e+00
-1.114500121820826450e+01 2.926582402686586448e+01 -7.923948313740424076e+00 1.069685774201796669e+01 -3.425908647015200037e-01 -7.248966204781850386e+00 3.692980966212147997e+00 -1.312617887455403221e+01 -1.168447150258102596e+01 -4.009312341393142987e+01 1.753190879727272034e+01 4.827693501486934657e+00 -2.656016773506598838e+01 -1.252334306429084343e+01 9.783834574510459348e+00
-5.347282648688562290e+01 -2.337369333878932025e+02 -3.307701760616340607e+02 3.770045711286583128e+02 3.230492494983985274e+00 -7.053211356318534797e+01 -8.225465710045740764e+01 -8.150362571520322064e+00 -2.839229183008642394e+02 -2.901701629235939208e+02 2.758925536601240935e+01 -1.421449259104591789e+01 -3.984696543471472978e+02 -3.342539420863452904e+01 6.987226583412841308e+01
-2.549604815481535880e+01 -6.641543833499163441e+00 -4.985743946569513696e+00 1.975317774336009435e+01 1.025566069573144468e+01 -6.321069890351592946e+00 -2.604870657244463317e+00 -1.325483792191382726e+01 -1.532688552866839871e+01 -1.324650868955267624e+00 -1.022980473942099167e+01 -2.129117651896308860e+00 -3.636127851380156528e+01 -1.818439035693940653e+01 -1.408356446392301642e+01
-9.820606973321236666e+00 -1.015936224252679931e+00 -1.631844302784948653e+01 2.945201144564570939e+00 2.966395194902177934e+01 -1.527839345049993192e+01 5.885211436418403608e+00 4.948172991540092269e+00 -1.823596621703266862e+01 7.849500179914953080e+00 -4.377326034864858606e+00 -1.036587865897933014e+01 -3.027823779257364833e+01 -1.262892798804568173e+00 -1.061208290964029288e+01
-2.371512828078767399e+01 1.503025122115268353e+01 -1.842729988897486848e+01 1.065305784781196152e+01 1.501580922293688225e+01 -7.051981371832991563e+00 2.092292923442232500e+00 -5.667612702769020849e+00 -5.853320612869713280e+00 6.616590370107898522e+00 2.559857112993620287e+00 -1.169317398709424616e+01 -2.592419853852837619e+01 6.882963503430496566e+00 -7.133136649236889504e+00
-1.793385734356814680e+02 8.295552797700806025e+01 2.670966572009482576e+01 -1.865483013770935372e+01 -1.175759324139966395e+02 -7.846533337954390674e+00 3.398148522320472154e+01 6.251197935560939811e+01 -1.847798828187681579e+02 1.753603885916524234e+02 9.669074893815766814e+01 -1.009564439268266938e+02 7.507289248049863772e+01 -1.286950116408794997e+02 -1.609351171798204518e+02
-3.331196935446718133e+00 8.994793852562034786e+00 -2.563172576492728894e+00 1.294528027946132553e+01 2.940332533354325650e-01 -3.851990894824895317e+00 1.582834470822143791e+00 -8.105227361245910700e+00 -4.347154668498854235e+00 -1.197360841947224230e+01 6.075008041316479535e+00 5.903103473898408282e+00 -9.694836984640252453e+00 9.109423949252349217e+00 3.357799058013540616e+00
1.547455017303658664e+01 -2.134478240202457755e+01 -1.319787849924140488e+01 2.714132127381988369e+01 -3.091957394273445203e+01 3.842231421429923444e+01 4.128979658585443246e+00 -1.718986982323234258e+01 -7.000593441660717531e+01 1.150390772089508218e+01 -8.561376943288513175e+00 -3.961757788282139359e+01 -2.229654203556137659e+01 2.727775234339556221e+01 -7.147650019176098546e+00
-4.755507651534346536e+01 7.285660296183873186e+01 -1.015062996447079087e+02 2.188929870109352294e+02 2.333470737451615928e+00 5.226795798909216728e+01 -8.219250764148964095e+01 -2.076668432138052722e+01 -9.612084274314476318e+01 1.095150044665052746e+02 -3.949088686142785853e+00 1.013505196217125182e+01 -2.904581713354713202e+02 -1.068872927689159553e+02 -1.177639353614549265e+02
-1.789066812173891918e+01 1.722005119008372631e+01 -1.521801313721183213e+01 1.879269842443140348e+01 6.502079937584263725e+00 -3.222661007284706614e+00 1.190403993069801736e+01 -2.365184874469363763e+01 -1.256685240965917316e+01 2.247515496935693413e+00 1.448919886756355879e+01 3.061058611327670764e+00 -1.845902097327336122e+01 9.990610804357187291e+00 -1.318238917432147517e+01
-1.567385912165522122e+01 1.748843047655007865e+01 -4.753169179495355223e+00 3.238065823915640351e+01 -1.633075917232903240e+00 -1.521327908949027297e+01 2.859727937661579134e+01 -2.934349974284765850e+01 4.723369282032439109e+00 -2.792837479598804151e+01 5.989927039574657996e+00 2.392185898603196303e+00 -3.794493046944842263e+01 2.676322859218627670e+00 1.611962386801845426e+01
-1.375770972036604860e+02 1.768038642427845275e+01 2.109351585881937652e+01 1.654344259108111004e+01 -4.803223171711346495e+00 2.675330948129992947e+01 4.813956699151047403e+00 -4.357378212667118333e+01 6.942764776504479585e+01 -1.261998706416793539e+02 2.244983486570126807e-01 -8.861356138141081829e+01 -1.956033595266129055e+01 1.291525867357034940e+02 -1.264191851474764405e+01
-4.646196308206867798e+00 -5.177309641420746011e+00 -7.265966030200146974e+00 -8.312187640911207209e-01 4.420840954143151258e+00 3.333429789801884535e+00 1.276690176494213524e+01 -1.691935333928517338e+01 -1.112347059782310943e+01 6.502806187835354912e+00 4.798441793752362905e+00 6.753873633762998985e+00 -9.135738988700522256e+00 5.757874512344106854e+00 -2.449056922155285754e-01
-4.612976769184444237e+01 1.573115774850453841e+00 -1.078052309136922737e+01 1.154357886285344925e+01 8.530088633476934135e+00 -5.305647371523093625e+00 1.496793826221921186e+01 -2.207644251164607851e+01 4.173662968123935002e+00 -1.931195087674255362e+01 -3.975593515549743717e+00 -1.655111905503067504e+01 -2.034724087184650543e+01 -1.911899183835754634e-01 -9.364079806894477498e-01
-2.225600004989554748e+01 1.249474011921558869e+01 -1.481491700485324436e+01 3.513707916876781212e+01 2.655216089696102344e+01 -2.398961993610492005e+00 9.207993544502816263e+00 -2.477899134445861762e+01 8.570638523247195550e+00 3.255615569117813912e+00 -2.278915664017333031e-01 5.879008130189836479e+00 -2.888316265755249646e+01 -7.539098633338563893e+00 -2.069654762840269058e+01
-1.479993414618201975e+01 -3.478533703777497266e+01 -1.772642739446829196e+01 4.639414508423347172e+01 1.468882058915899336e+01 7.047810150799274531e+00 -8.491404485213774223e+00 -8.307319704178157238e+00 -1.356705946337800306e+01 -1.377468287141627101e+01 -8.689938656655112226e+00 -1.242903758989283514e+00 -8.523305209625592127e+00 -7.177771951981331000e+00 7.691100454704534961e+00
-4.246097223398788145e+00 -8.834549730494746456e+00 -2.227569257550902293e+00 4.479375638939044890e+00 -1.882385999821958311e-01 8.949962395541899429e-01 -3.777899825957278246e+00 2.404285111945556608e-01 3.339659403810054883e+00 -3.920886712999418489e+00 -5.590031917483946344e-01 1.305891535851260832e+00 -4.882327746671400348e+00 -3.293020931062643264e+00 -6.957738624176804665e-01
-1.172842493308958645e+01 1.118936911207612717e+01 -2.732580639865406624e+01 8.564130745932342137e+00 1.040820603878505501e+01 -7.178866180434976263e-01 -8.191140400929038279e+00 -1.846602267159183342e+01 -5.625532382454048630e+00 -8.045436195206868035e+00 -8.262592703815816009e+00 2.613416000550907281e+00 -2.723321958353238159e+01 6.138230490789451821e+00 -3.873895292076233510e+00
-1.570335668071967206e+01 2.601351918322217127e+00 -4.352801587386491811e+00 2.372755265163479876e+01 6.552669169673751348e+00 -7.481197593220800801e-01 -2.952732260913023765e+00 -1.249452497280458907e+01 -3.608102372114205370e+00 -1.865248652698601850e+00 2.139139275454060574e-01 -1.063152032863278684e+01 -1.419252121551708967e+01 -4.740144448615487782e+00 1.565434927990724256e+00
-1.495342822433944434e+02 -1.050040503936402132e+02 -1.626020525549165825e+02 3.064696278954991726e+02 1.542531436503118130e+02 3.132879346350377858e+01 1.233243440961070689e+02 3.655487446471469326e+01 -6.323550227617486996e+01 -8.245795330036459347e+01 9.993172060647427202e+01 -9.617606177907438791e+01 -3.210875140835103707e+02 4.232034695620441056e+01 -5.825528015630440137e+01
-6.407464764220285325e+00 7.864943691401196091e+00 -3.075518968610593706e+00 9.551522694431955784e+00 -2.351518849196646777e+00 -8.475291992361047022e-01 2.741497003580081859e+00 -5.321003175229407134e+00 -4.099453875508230816e+00 -1.732090685367245975e+00 1.836081938530089275e+00 -1.381898788485859786e+00 -9.536068158789415605e+00 1.683186412381253660e+00 -1.236501325540880103e+00
-2.174131507943479136e+01 1.098153465460473655e+01 -2.105689129980276064e+01 1.106099160832378381e+01 1.095052661312950804e+01 -1.877328781292770588e+00 -8.398272509738704983e+00 -1.327786900171625284e+01 -4.535873334734918494e+00 -7.741104062181084267e+00 7.944887619040947868e+00 8.727570221831616237e+00 -3.317663224402379285e+01 -1.232323793865145412e+01 -5.811893738423375311e+00
-5.485649432321778818e+00 3.402715172147507516e+00 1.972493808536821269e-01 1.722378864254063613e+00 5.561314631837005473e-01 -1.143014259360229046e+00 5.208489465578698407e+00 -7.316148377726957364e+00 3.749325486862495449e+00 -8.030673083520069255e+00 2.130017433483214262e+00 -1.251227678657482745e+00 -3.247988798647209130e+00 5.959499202250175820e+00 1.441365786044731256e-01
-1.179121695409195958e+01 -4.655548886195774116e+00 -7.148786284936679003e-01 8.399916016042588751e+00 9.807558814778371215e+00 -4.942814930338578883e+00 4.956903154462785288e+00 -1.009860274044854123e+01 -1.082980554452050992e+00 -5.058725818691594434e+00 2.620592990617867990e+00 -8.487862009287878706e+00 -1.025995046177823333e+01 5.042119290458049186e+00 1.596038078081106759e+00
-3.006554152020478199e+01 -4.730044448172929350e+00 7.031135876131179963e+00 1.746587658588573788e+01 6.474914099492210973e+00 7.469692951310615392e+00 5.127404949043959270e+00 -1.854459194127518984e+01 5.616012902369010185e+00 -1.294365662465606981e+01 4.614143792305541503e+00 -8.215856570199250086e+00 -1.742092388681408721e+01 1.036764571801590229e+01 3.673597287938595191e+00
-4.718224979397714947e+02 -1.634678530441688906e+02 -1.572630502043551814e+02 2.363357071771847870e+02 4.331791486827497550e+01 1.219863221871358263e+02 1.277081608176724217e+02 -2.778672726374380275e+01 -2.975861352685282100e+02 -2.557707415561182245e+02 -1.002548243749637180e+02 4.796801738950140503e+00 -5.979419269856310848e+02 -1.616944664308196309e+02 1.737383729969091064e+02
-1.552039356666177206e+01 9.988909614737053744e+00 -8.928025909508415126e+00 1.352048659435010514e+01 8.901524048459179994e+00 -6.259249597897269979e+00 5.393695370326688732e+01 -3.358135486564107453e+01 -2.532576620934596345e+00 -1.674026368698477318e+00 1.229231743374609032e+01 -3.318126239164985058e+00 -9.367352826460667359e+00 -2.357975207996246159e+00 -2.258454000332119183e+00
-2.164503300830804733e+01 1.058784562532396301e+01 -1.243611963514757690e+01 1.263237068175852573e-01 2.179678977919214944e+01 7.135558531127695225e+00 -9.802854022870779005e+00 -1.232505441322023820e+01 2.656937385257565065e+00 9.299169725577411949e-01 -1.487925617762005537e+01 4.834032140915712761e-01 -4.003790245153908245e+01 -1.079095446295258220e+01 -8.309984348036804747e+00
-1.087591450393547206e+02 -2.261414133214302513e+00 -6.810882972632330734e+01 5.644204040803332845e+01 5.390657775549151154e+01 2.186608096597667128e+01 2.163071152578822520e+01 -1.152412524692286588e+01 -1.036736592326457753e+02 -5.805118824293337099e+01 5.515456446824210701e+01 -1.044168491751445238e+01 -1.272886902229680146e+02 1.739515029779680688e+01 5.841714638946213967e+01
-2.376457643087273652e+01 -3.033813300567822058e+00 -1.686799686553618116e+01 3.703052246676954695e+01 1.302445203354464454e+01 2.367256163608245867e+00 2.045153227099036286e+01 -1.129286094124549145e+01 5.091568820477122337e+00 -1.728947963613515526e+01 2.415707254425896622e+00 -1.386756622720913334e+01 -1.668951468510177705e+01 8.008771054766599562e+00 7.605434150317442743e+00
-4.618938319703864863e+02 8.103798995328213550e+01 -1.838319327989649423e+02 3.265312665772934224e+02 3.765097233854712613e+02 3.981994211027548403e+01 -1.082087326638957023e+02 -1.973819218095570136e+02 -1.174909428417536219e+02 1.330428555193719298e+01 -2.962500184847584137e+02 -2.703682350823087859e+02 -6.327554592716790012e+02 -5.222851632934117561e+01 2.860226550629643327e+01
-1.798841554305169455e+00 -2.614691118765406586e+01 -1.553737925670985653e+01 2.634150987658325249e+01 -4.708745871628601698e+00 -1.347749701274581602e+00 -7.974924469919005610e+00 1.199414955966655150e+01 3.959262640774539044e+00 -8.020565703234916910e+00 -8.483526861161269084e-01 -1.861296449613668713e+01 -2.728727829133322302e+01 -1.449847526236884931e+01 2.303607288810793630e-01
2.471763406530417484e+00 -1.778845213954735271e+01 -3.238756432005786223e+00 1.162930211469020314e+01 -1.291857237916186563e+01 8.781012705677644803e+00 1.886850362503199374e+00 6.481235834074876578e+00 -4.450742275786966573e+00 -1.167473086336135779e+01 4.087723296885522828e+00 -2.119226662450240184e+01 -1.940325504307052640e+01 -2.484389468699726766e+00 1.267395276411750515e+01
-1.077023356825710287e+01 2.494844345983583178e+00 4.848669808595124309e+00 1.129983148887790634e+01 3.984313837475592202e+00 -8.438061489777212154e-01 1.062553379302572987e+00 -1.065952711868561131e+01 -3.600086728492142729e+00 1.083570945331159763e+01 -1.023754356466399784e-02 -5.100457162025888280e+00 -7.605609578555626804e+00 -6.883675326542242345e+00 -5.581819653770979661e-01
-1.796465452709897193e+01 2.478123446059108304e+01 -1.846059650653491602e+01 1.711195409789806376e+01 1.912061211091148394e+01 -3.223647348137688162e+00 -9.251484686843735261e+00 -1.677878432029171663e+01 3.203256170489372057e+00 8.098140700765605882e-01 -2.526179764437430642e+00 -7.829358031241285154e+00 -2.916802728990889548e+01 -1.772977186848686770e+00 9.075223954904126922e-02
3.052482009399884455e-02 -1.672420080520050334e+01 -1.529379788228071302e+00 1.590772748196614295e+01 -1.901781669796935414e+00 -3.427100294767829514e+00 2.900513592560573173e+00 4.644314047552242641e+00 -6.089102142931940520e+00 -1.681183780498970393e+01 2.989088102193312668e+00 -9.947080113452702932e+00 -1.507807648237294984e+01 -9.441103434783173043e+00 1.583183837634454783e+01
-1.695119302734091704e+01 -1.134596462806530681e+01 -3.548294432787088670e+00 1.942150658536638730e+01 1.385100303827413804e+01 -5.857617755389045833e+00 -8.989385800966354978e+00 -1.074289851685023045e+01 1.703397720977040342e+00 -9.534527282623960431e+00 6.613879137881297332e+00 -2.141120254766524789e-01 -4.357168594834802633e+01 -2.056145294308334481e+00 -6.414258700375777167e+00
-9.086362263129618810e+00 2.921456757611282207e+00 2.891845977345161578e-02 1.620276749849959952e+00 1.735997256154791835e+00 -4.840691991268085137e-01 -6.035765098133645257e-01 -1.096241957677657375e+01 8.844947516780238272e-01 -9.184560206470203880e+00 4.407290441198546738e+00 -2.265928986478277896e+00 -1.093974473043047446e+01 3.570995788809740557e+00 2.107441750176122786e-01
-2.669493902807738461e+00 -4.180437753474068430e+00 -1.021382451574673222e+00 7.158343661171098660e+00 4.435672342084453490e+00 -2.110662182199968928e+00 1.511131826884476048e+01 -1.175328309860147868e+01 -1.687027550734938153e+00 2.712528964281880395e+00 3.627404275537019496e-01 -3.168637242260034181e+00 -2.439404338595095645e+00 -1.942094254495359440e+00 1.901895050797590248e+00
-1.158991348022802548e+01 6.458710580361257669e+00 8.107989552120392629e-02 9.290427923972874424e+00 4.268384200552343799e+00 -7.076412569933031804e+00 6.243265471836564551e+00 -1.594345466936970368e+01 -5.263263154775863484e+00 -3.851102104157479555e+00 6.141816170552552023e+00 -1.286550963558451333e+00 -1.552466113282996396e+01 -6.578760949189210727e-01 -5.132531065625311584e+00
-7.360488253268854919e+00 3.486070751640891974e+00 1.524557819678614257e+00 8.044323699166653796e+00 3.903394257636245701e+00 -5.337348619939080940e+00 2.947455483949869670e+00 -6.835666856497807586e+00 -7.524216934954039981e-01 -5.123624853626784770e-01 -9.126524364726859018e-01 -1.107442120023472421e-01 -1.004417863204501415e+01 -4.385970866403325452e+00 2.522810408902750545e+00
-1.715174029902724939e+01 2.025071127640765578e+00 -8.731085737860061258e+00 8.575628889108770636e+00 9.441260857318715338e+00 -6.394403830791426380e+00 1.902094299818665846e+01 -1.073478529776789259e+01 -2.329354011200981400e+00 4.369057570887979303e+00 -2.258734870110845616e-01 -3.629714987718304364e-01 -1.195834629211878664e+01 -1.097332415363863589e+01 2.491821818400520971e+00
-1.168615968550060380e+01 1.303773356501187974e+00 -6.664211984671617017e+00 1.746760035991512083e+01 6.444088737429316538e+00 5.273956109790307600e+00 4.823307368911739168e+00 -2.305297466839988374e+00 -2.127701217031176650e+00 -3.705408547023411603e-01 -7.294132453950432193e+00 2.735742190840887211e+00 -1.198272192115079093e+01 -6.824430656708122100e+00 -1.000426976815011315e+01
-6.869895709106941695e+00 1.816603743968009255e+01 -2.778617964180560840e+00 6.016989926628755647e+00 1.970935249628819275e+00 -4.790775880049104707e+00 1.539539924609565524e+01 -1.464752643734849080e+01 -8.075325777791130477e+00 -2.163960021180923832e+01 1.235488965205192535e+01 -4.468834144781217432e-01 -2.435898428072328059e+01 -1.075557692718900249e+01 1.113556134893839733e+01
-2.528047302456204761e+02 1.195496970441018618e+02 1.450438549911252437e+02 5.466643273860147474e+02 -8.721485312407881452e+01 1.187111060059605734e+02 1.920282106898225649e+01 -4.017144829537086252e+02 -6.990734851082207513e+01 -1.385945817679337040e+02 -2.077123197837597601e+01 -1.312781647995739718e+02 -5.755067716926358798e+02 -3.434418122420336204e+02 -6.421633224319484157e+01
-7.900127306606437472e+00 -6.434376543080865929e+00 -1.619122421488038199e+01 1.817843801524520941e+01 6.978794195877669360e+00 1.717869441415356491e+01 1.349223083718004901e+01 -9.740355208432333711e+00 -1.343830870287002988e+01 -1.473108949471803975e+01 1.377732021433262233e+01 1.520319726399830351e+01 -1.949833616223730104e+01 1.049795321309916707e+00 9.647631748404313257e+00
-1.209441321090622807e+02 -5.070928745262024506e+01 -2.504872016827665107e+02 1.615020568885080650e+02 4.127001933974756298e+01 -3.940896917593259019e+01 -1.391515523822887133e+02 8.380770764889948765e+00 -4.441659098889923030e+01 6.458631972406453770e+01 1.074695364638958139e+01 -6.531680009253848596e+01 -1.842663636509115292e+02 -6.123654019872836329e+01 -1.113407505234122254e+02
-2.068335081963214250e+01 7.353781838263867776e+00 -9.968304889397618496e+00 1.717819190359195147e+01 3.078316592440062838e+00 -4.449291851659610941e+00 4.748555870400068102e+01 -3.141155496325590235e+01 -3.022091793206849175e+00 -1.086885460004783610e+01 1.258754246165800339e+01 1.608792252039394688e+00 -2.119807439192500809e+01 8.317331660739348820e+00 2.103376081385025298e+00
-6.142246693237207467e+01 3.057382900300281392e+01 -4.018685310195800042e+01 4.991181046386243736e+01 2.844235133559005035e+01 -1.594700281155700061e+01 5.121322786491345092e+00 -6.363431235519723828e+01 -1.653711838433248715e+01 -6.332267631209242964e+00 -1.582880673181485776e+01 -5.191895857689975635e+00 -8.758240427027980957e+01 -4.808283337114660583e+01 6.843572254812231304e-01
-6.374863469959259454e+00 2.394131898068259379e-03 -5.806150636437435786e+00 6.251240784039818088e+00 3.732860928076747076e+00 3.995619341089294618e+00 -1.417599081800018368e+00 -7.996168402073519310e+00 -3.692576467584358202e+00 4.726225361446883433e+00 4.580033640469846623e-02 -1.221083499294125296e+00 -3.068620307357047050e+00 -5.074385028806213782e+00 -4.075532035365278638e+00
-7.630872971095794988e+00 1.614121810657186273e+01 -2.314323515356670580e+00 4.781907691648876302e+00 -1.259621746804697962e+00 -1.363326607828974746e+00 2.345567136233429384e+00 -6.666734633559760148e+00 -3.692084532345392578e+00 -8.759080782060303605e+00 9.344964171103555373e+00 3.194461389028270926e+00 -1.376274448897320823e+01 5.730581554360481000e+00 -3.204183331905665177e+00
-7.868723261823524773e+00 -4.930554337244767993e+00 -4.092859504024001005e+00 5.158429417173103104e+00 2.677857210158018031e+00 1.408922661972390245e+00 1.560591168109290727e+01 -1.019288134461289630e+01 1.646981787543192244e+00 6.132258952157923382e+00 4.720209951925301795e+00 5.742921870256771477e+00 -8.073134507223992173e+00 8.650746534809005128e-01 -2.150516160264308141e+00
-7.089121363824259170e+00 5.867968488768123159e+00 -2.159737148793062556e+00 7.934757023686250577e+00 5.748662680156226834e+00 1.048701077787051350e+00 -3.151238664946671708e+00 -5.797562163791591949e+00 -3.517220889884499879e+00 -1.810949171041101646e+00 4.449608487772709786e+00 -3.392578774490900173e+00 -4.845674207626692542e+00 -1.829454508347477137e+00 -7.440570695607740426e+00
-9.677327261180649032e+01 5.345637574876891307e+01 -1.687693637464003515e+01 1.232186260419155275e+02 3.158442536433070913e+01 6.011067553459356283e+00 5.231297836878555430e+00 -1.127668675457071856e+02 -5.777603810718022714e+01 -2.378330939988913872e+00 3.305693968295188512e+01 -3.721647783853313030e+01 -1.582473574436032493e+02 4.784119298657552477e+00 -2.794292190529348829e+01
-1.230546350808073868e+02 1.394667755454949258e+02 -4.183676724477219864e+02 3.848523851362114669e+02 2.530759074942257030e+02 -3.735094174410019718e+01 -3.777893450127897381e+02 -1.118776302402237235e+02 -1.404686492187182978e+02 1.363105221918264647e+02 -2.317033560267384189e+02 -8.626969978245064397e+01 -4.220206889032730260e+02 -1.590148814966312898e+02 -4.294832805532656153e+02
-4.152606784397616657e+00 1.252903079059203728e+00 -3.425759019360041346e+00 8.678008224096990020e+00 2.141068521672544467e-01 -3.835874394421790345e+00 9.219641059358428814e-01 -6.781748208134432687e+00 1.212298835642307671e+00 4.803410910682478274e+00 5.345949542504898622e-01 -2.112155987649840139e+00 -5.342376654559320315e+00 -3.575958504826968198e+00 -6.759053663279894764e-01
-2.511347567852779150e+01 1.327410796628755207e+01 -1.963641051239874358e+01 3.548445893817637398e+01 1.283983413936753060e+01 -5.015153721518162966e-01 -1.610248683650261015e+01 -2.012423532090605960e+01 3.753190484805654314e+00 5.629572060386585086e+00 -7.079949230819989836e+00 -1.793964062733864395e+01 -1.871057371500996780e+01 -9.763326331307776718e-01 -8.519008753905954023e+00
-6.283805137345543024e+00 3.811530395744453070e+00 -1.465182098786732334e+00 9.783439618806065496e+00 2.800252815494711278e+00 -3.204955374225253451e+00 1.442135965424014721e+01 -1.044337213802341857e+01 8.897279038645075078e-01 1.405507670302424961e+00 2.628104162457026494e+00 -2.482260971877832567e+00 -3.705735650591102992e+00 -1.178889801693970396e+00 -2.141162046798196439e+00
-1.478225615884487354e+01 3.717210947019452760e+00 -1.821343822667848278e-01 9.815971489235082004e+00 1.732352078097062531e+01 -1.481141060665919618e+01 -2.556801437434986557e+00 -4.046405782226777603e+00 -2.127376621554760483e+00 -4.745580388628860113e+00 1.057792078193603658e+01 -1.469069120292282982e+01 -2.239764373753992999e+01 -7.375958507491504612e+00 -1.608830305848208964e+00
-1.281591168209754272e+01 -3.226606792899193277e+00 -1.093246629771269518e+01 1.864948052605204865e+01 6.205939633530199728e+00 6.017225709984285187e-01 2.462603073180770963e+01 -2.178022244840901323e+01 -1.009939517344967186e+01 1.347297567485132319e+01 -1.547254650535775822e+00 1.034723141132835034e+00 -9.509354253153496472e+00 -8.453629209237558229e+00 -9.195685629082685608e+00
-9.939602839645961296e+01 1.230019763685086929e+02 -3.756711739311987319e+00 1.534564040947163903e+02 3.539322965275388100e+01 3.818542392782981132e+00 -5.872895022061852544e+00 -7.944189669874317872e+01 -4.318321680935849116e+01 -7.685407048917406314e+01 2.694698010235500263e+01 -1.352451661913536718e+01 -1.057006950320437397e+02 -8.030851909245642162e+01 -8.240650668596400408e+01
-2.456681259092340497e+01 1.306899086730347825e+01 8.805648384387762206e+00 4.818300767012552654e+01 9.851586671132110951e+00 -1.918647066596173190e+01 9.753317488848745498e+00 -2.057450362225606710e+01 4.459773497216539262e+00 2.335947204518591036e+01 -1.002961099294472547e+01 -1.129672951608307585e+01 -3.354048566773580120e+01 -1.712724370788666306e+01 6.010069257463087844e+00
-7.715741605740915077e+01 4.374858034226618031e+01 -5.767779183727395065e+01 3.308997608077465458e+01 2.797620620972868011e+01 1.090068945930281785e+01 -4.896577609604187309e+00 -4.688607627759047602e+01 -3.486582045670773056e+01 -5.709064134563052306e+01 -6.062525331332013323e+00 1.399954393532049579e+01 -9.642364833848569106e+01 -5.631722684995457229e+01 1.912664002363761995e+01
-4.315011238039722308e+00 1.969520443072346971e+00 -4.375063892403095345e+00 6.932177224659286097e+00 -1.166581642374949546e+00 -2.187272898106856545e+00 8.364273586109169045e+00 -6.659043779422654907e+00 -3.089916272039582523e+00 2.455921814783870616e+00 3.797740404522365054e+00 1.023912719248920133e+00 -7.897069954621056986e+00 2.186918436460929094e+00 -4.489268490119433963e+00
-4.099368314558844304e+02 -5.471235240116499909e+01 -4.275041501116435256e+02 5.749276679702486490e+02 3.009575556505305372e+02 3.125237567492522572e+01 -1.666406443082450437e+02 -7.657082794016889693e+01 -6.572351493639027922e+02 1.225429726349987476e+02 -3.081500101008107322e+02 8.117229689074898147e+01 -5.947271791525807885e+02 -3.368926085893087929e+02 -9.969769811467432419e+02
-4.545285840539697197e+00 7.783689546943575621e+00 -2.213840746255074432e+00 8.410484054879487914e+00 -2.102172904285159460e-01 -9.166788944930507332e-01 5.280994434839131557e+00 -7.571469730800743925e+00 -3.547574843921965648e+00 -1.640542751307068947e+00 2.199002026651834640e+00 3.413536051106005775e+00 -1.072158628771252253e+01 2.740958613541200517e+00 -9.615514787420913478e-01
-6.371908554569229999e+00 1.672581506030074827e+00 -4.410031614594696947e+00 6.212798994749574533e+00 4.024296276236076331e+00 -2.864543606273163290e-01 1.521816220766893579e+01 -1.138135605469950562e+01 -2.907836583889513715e+00 5.086951857037981917e+00 2.408141999472477757e+00 -3.637947440762316909e-01 -5.233789552235759146e+00 -1.639148991279921086e+00 4.863083458396356695e-01
-3.356992080364817639e+02 3.498907951602630906e+00 -1.727712612978868094e+02 5.505779274836824015e+02 2.248371915368540499e+02 6.865041371063642828e+01 -1.709000706628585533e+02 1.445238108058011051e+02 -4.626192226432859798e+02 1.005802647407591479e+02 -3.715676726178206764e+02 -1.344747532149300469e+02 -6.902625990445956177e+02 -3.351266842771320853e+02 -4.942377039820908067e+02
-3.302690495360605993e+00 -1.103319490292782090e+00 4.667770932181188326e-01 1.275020479609369595e+01 -2.795514583995823976e+00 -3.900493215732987906e+00 1.117840993862574805e+01 -5.110131911521384573e+00 -3.421425903717938866e+00 3.871006665461808716e+00 -4.638518208409014854e+00 -1.665288416776326663e+00 -1.191711422479601268e+01 -4.924156738160965219e+00 8.195655101436683410e+00
-3.183264910073287712e+00 1.500902426563658576e+00 2.195746149154205629e+00 1.265053531942850107e+01 1.626113118764890952e+00 -3.758090063515405532e+00 6.881112378398229090e+00 -1.034842826734913146e+01 -1.020284278220606966e+00 1.621428659137515549e+00 -7.139178310192861865e-02 3.525810913892292175e-01 -6.685984409368232129e+00 -1.160225288770733165e+00 2.946346741423679916e+00
-1.273737794090614273e+02 6.552766974536463351e+01 -6.123743123968488788e+01 1.233420588769649129e+02 8.030127096120719443e+01 -5.152700519908590593e+01 6.359298920772937436e+01 -7.886735775616632793e+01 -2.483888082033055866e+01 4.702700892240517128e+00 3.821196071519996451e+01 -5.770752044011930337e+01 -1.136839261172818709e+02 -4.187522240958840314e+01 -2.174375629278847200e+01
-4.777906172712707011e+00 5.317770214881748281e+00 -1.517865240495966384e-02 4.618035727810775981e+00 8.581538899372054274e-01 -1.170239482723071101e+00 5.491019682929804802e+00 -5.800199977019198982e+00 -2.459794134106241259e+00 -3.289182739918708798e+00 3.453584914391310434e+00 3.917565229556319917e+00 -7.906673443746117691e+00 1.959361621961356104e+00 7.828521216589474641e-01
-4.400068277817020856e+01 -8.599058918189564338e+01 -3.009594514435262269e+01 7.610146603891340078e+01 1.925406407707713541e+01 2.471865239883859999e+01 4.271918814357846372e+01 -2.487169474534109526e+01 -9.953331246080070116e+01 9.219566713710610983e+00 -5.081555422158330515e+01 5.461061009456189907e+01 -8.838644192076117179e+01 -1.997656863660918347e+01 -6.082777026048693614e+01
-3.602972603345438074e+01 6.212201431288819187e+00 -1.163692422923069403e+00 7.460979214446250296e+01 -1.463057049232745577e+01 1.158445513851317799e+01 1.053829373842124717e+01 -4.105888167552389945e+01 3.982376713757774667e+01 -9.130082129174999750e+01 8.374599577990210264e+01 8.555955870248818940e+01 -1.492123585567601651e+02 3.677527820004465298e+01 -2.823281820885650717e+00
-5.538234002981544002e+00 -1.412665821101559249e+00 -7.089935643988281022e+00 1.188576970454277770e+01 1.306139879468963372e+00 -2.010480197851188588e+00 2.004517486863632669e+01 -1.028411578893168787e+01 1.408356456117321187e+00 3.779145225324161750e+00 1.304887550124300910e+00 -3.088718405034290182e+00 -4.458805165926358338e-01 -8.393297883101146217e-01 -5.134345163116710076e+00
-2.817274550023284085e+00 1.433551547603641652e+01 -8.205315117577982598e-02 8.144687498407240156e+00 3.814501038958927115e+00 -1.038026927337452276e+00 -2.446271588029422794e+00 -4.145536005560978232e+00 -2.608500627657150073e+00 -3.663141646770210258e+00 4.849043543860308780e+00 1.147237621328248913e+00 -1.060311942533333784e+01 7.617402710808836908e+00 -3.197793083929808322e+00
-6.307292755189982003e+00 8.796388813146396757e+00 5.510320309260071658e-01 1.026979478712098803e+01 -1.626765793350346545e+00 -4.784928269084989694e+00 6.350114906222943389e+00 -5.500187581762149946e+00 -4.973738084643360979e-01 2.880735755326867542e-01 1.263964145119699456e+00 9.676998861055171597e-01 -1.176832598015654341e+01 6.288375301495634229e-02 1.615834602451561075e+00
-5.749708553356289720e+00 1.519250733078361781e+00 8.069236979276624311e+00 1.759336032586388399e+01 -8.188488226190482333e-02 -1.030885546527287211e+01 1.282673099104706260e+01 -7.070305460064603587e+00 2.663890739081462122e+00 8.153640136759198853e+00 -5.251068306611680114e+00 -1.212049730431190797e+00 -1.349033249234078191e+01 -7.663130563182551036e+00 8.809576365995884117e+00
-3.516497731905237512e+00 1.912779888106712178e+00 -7.524879275240892174e-01 6.666166676057498464e+00 9.517965211028723838e-01 -1.049525716816504417e+00 -1.568933323127535751e+00 -5.083148696262334454e+00 1.677540210563711165e+00 9.072364407613471293e-01 1.184590244946781779e+00 -1.735090089202657726e+00 -3.974065205628920960e+00 -1.895693748144649193e+00 -7.591685903632464649e-01
-3.020282743779650225e+00 5.945511253268451313e+00 -7.582225323944816742e-01 8.779653017656762870e+00 -2.184619076288536021e+00 -4.834698454359961595e+00 1.376132853182867777e+01 -4.028248343405902432e+00 3.983552037609120466e-01 1.262609539516044821e+00 1.474150327145771489e-01 1.389725683286741065e-01 -5.654291196324572333e+00 1.367981180309090772e-01 2.853705976847118464e-01
-4.981726097100376478e+02 1.157669652848992285e+02 -1.464960153029101662e+02 6.753761540300705519e+02 7.348569557359620603e+02 1.706615443761412223e+02 6.833784026772089248e+01 -1.547425364786407727e+02 -4.719168984645716023e+02 -6.185824714761754421e+02 2.241454758609446074e+01 5.308687523060415288e+02 -3.801748919831504736e+02 -2.427389739766929324e+02 -4.609129774777265993e+02
-7.300687903389317945e+00 5.141036520564039591e+00 -7.886686762031130726e+00 7.759521233689416597e+00 1.200570598994328275e+00 -1.012395871084716070e+00 -1.960612866763090434e+00 -5.869865203819697452e-01 -3.302640850558918317e-01 1.456967844387883071e+00 7.843508033797391699e-01 -4.345578683317080859e+00 -5.194586337485748828e+00 1.014311681137868071e+00 -1.806678411178398003e+00
-4.263676017615558145e+00 5.810404699754997182e+00 2.588877347115839389e-02 8.609405610064406744e+00 -6.718931494687028216e-01 -5.111503639210342342e+00 8.165577629122241277e+00 -5.291155385755275553e+00 4.108711183590039173e-01 -3.502264860965439985e-01 6.316218850936481388e-01 -1.610956625641601025e+00 -7.916039862117710157e+00 -1.480065315278993543e+00 1.333950609906347506e-01
-3.242206733672974792e+02 1.050255293744861547e+02 -3.635996828599446076e+02 4.303902102549083679e+02 2.400265342062982086e+02 5.130266421106948371e+01 3.099594719757474337e+01 -1.184648270996811164e+02 -9.616613645657029963e+01 5.231286327037071260e+01 4.219745977325156616e+01 -6.553313923100401439e+01 -5.083685454238103603e+02 -2.284025616597621777e+01 -1.535454055146497296e+02
-7.411079100974059308e+00 3.959316103928847141e+00 -3.484989949317051749e+00 9.796205000515397998e+00 2.161088839855765720e+00 6.151606896845303041e-01 6.440839523166738800e+00 -9.206655166779254884e+00 -1.371969412788493159e+00 4.069518103392166353e+00 1.442276101717377412e-01 -2.469940352218007451e+00 -5.937007799355972004e+00 -2.987377583771794853e+00 -2.965940747881070649e+00
-4.094349685392018046e+02 -6.058430841859097171e+01 -1.249346352789165167e+02 2.906558550368164333e+02 1.778839210505739459e+02 8.511474517025396835e+01 2.025740275561513783e+02 -1.524810865663342554e+02 -6.194488512614591968e+01 -5.037701670653150643e+01 4.263194272364289361e+01 -6.671667915612709976e+01 -1.849555375172930098e+02 -1.122148495442480787e+01 -3.342006311815896424e+02
-8.430139807810040509e+01 6.036699467193845647e-01 -1.256049904005415740e+01 9.210146026021264731e+01 4.776893377083679582e+01 -2.282727300133520387e+01 1.205975484869383552e+00 -3.336310029788720755e+01 -2.067636977679994459e+01 3.862456618005716535e+01 -2.324147567130867031e+01 -2.597431345640478284e+01 -9.184466575586846204e+01 -1.526163949110289408e+01 3.740906990515032504e+01
-3.505339733627528265e+00 1.203788059095347940e+01 -1.044778648091040596e+00 1.162863761128018147e+01 -1.816646828628889709e+00 -5.364298237217627552e+00 8.666051029311599763e+00 -8.882920904814170626e+00 -1.156938153051994211e+00 -3.835494637096555692e+00 4.077886082078458152e+00 4.050196636044865350e+00 -1.157120226260629181e+01 6.151989326620206811e+00 -1.862766343639399080e+00
-1.798538303250064274e+01 1.459363979836979119e+01 3.694626917024217860e+00 3.521438712969992224e+01 -1.084442990076145996e+01 -9.236320185627885593e+00 2.901616338105519688e+01 -1.069142514103385544e+01 -4.663788807075150977e+00 -2.637534121674826704e+00 1.406295531868834603e+00 -1.196392896367260583e+01 -3.256340695817832653e+01 9.142887251747840338e+00 6.206095097619669154e+00
-5.469386852164412858e+02 -7.309346663622537221e+01 -3.108503454847104308e+02 4.535662741522776855e+02 3.780792730185524420e+02 4.187568925072937418e+02 3.638417953429092790e+02 -1.987496009662219194e+02 -4.680445211035680018e+02 -1.145811182015418979e+02 4.841336048201152380e+02 -1.644933931455148013e+02 -4.908371655152868840e+01 -1.328694287075071543e+02 2.189903676017940768e+02
-4.846735251920446075e+00 4.002979578656320925e+00 -1.208699590431377313e+00 1.141065447598294114e+01 -1.052596335744920619e+00 -5.407028185949468657e+00 4.650124194042460246e+00 -2.579099359630007804e+00 5.293282369278520250e-01 -1.565273327767222056e-01 -2.586060550564368565e+00 -4.443219929220370901e+00 -9.387221529581427859e+00 -4.479722610509724312e+00 -8.615076116306347176e-01
-1.528893576205998670e+02 -3.809788421133742276e+01 -7.408666182020478175e+01 1.700748527950006235e+02 2.076149890206728799e+01 -2.501039031718190486e+01 1.431119368799064695e+01 -6.889883337299424682e+01 -2.795171665259606897e+01 1.331662429281940518e+01 1.102829173308064847e+00 -3.711722175582525551e+01 -1.004670499148143534e+02 -4.186714640509289431e+00 2.226537169069925426e+01
-3.161551745791043810e+00 1.414533847059716898e+01 9.616147894893443127e-01 1.161795510597431935e+01 -8.358141176784602777e+00 -2.990888958032300593e+00 8.865507478416821741e+00 -2.810026814631024994e+00 -3.063365440349438362e+00 -5.957049813996872167e+00 5.315303289859266478e+00 -2.093653184085840557e+00 -1.583968076388680224e+01 -1.017893738011950600e+00 4.080757631246210160e+00
-1.580733117295000625e+02 -2.197864760426249404e+02 -3.181603830160912239e+01 1.729305902441545015e+02 7.719488730729644033e+01 6.129072148333137449e+01 2.450959579074298400e+00 -5.731020299435562748e+01 3.521539371013356146e+01 -6.043354268044534194e+01 8.553920140805854544e+01 -1.042424378789536199e+01 -1.203885927177683612e+02 -1.159187433385838943e+02 3.190481736661518575e+00
-4.130546693487170273e+01 -3.979006806010738018e+01 -2.949870716062566203e+02 4.353600389489787972e+02 1.631954792717630198e+02 -3.648064449006248111e+01 -2.014860206747708844e+02 -2.273324680129609305e+02 -1.108474480848669543e+02 -1.277623878570836808e+02 -1.269520749936142749e+02 2.439587772033759165e+02 -3.953122814913679122e+02 -1.105374571831651309e+02 -3.993729624590139338e+02
-6.674641772639856185e+01 6.659937705772135530e+01 -7.636813013378977644e+01 1.051883903767325137e+02 4.180248287190596557e+01 -1.596571224652644894e+01 -2.043292543372658443e+01 -5.199948685827614980e+01 -8.439770571914243291e+00 2.580142688862009592e+00 -1.298642040734702796e+01 -3.265463299017995524e+01 -9.602944628543890815e+01 2.351793806745867954e+01 -6.911156443118777304e+01
