-1.209441321090622807e+02 -5.070928745262024506e+01 -2.504872016827665107e+02 1.615020568885080650e+02 4.127001933974756298e+01 -3.940896917593259019e+01 -1.391515523822887133e+02 8.380770764889948765e+00 -4.441659098889923030e+01 6.458631972406453770e+01 1.074695364638958139e+01 -6.531680009253848596e+01 -1.842663636509115292e+02 -6.123654019872836329e+01 -1.113407505234122254e+02
-2.068335081963214250e+01 7.353781838263867776e+00 -9.968304889397618496e+00 1.717819190359195147e+01 3.078316592440062838e+00 -4.449291851659610941e+00 4.748555870400068102e+01 -3.141155496325590235e+01 -3.022091793206849175e+00 -1.086885460004783610e+01 1.258754246165800339e+01 1.608792252039394688e+00 -2.119807439192500809e+01 8.317331660739348820e+00 2.103376081385025298e+00
-6.142246693237207467e+01 3.057382900300281392e+01 -4.018685310195800042e+01 4.991181046386243736e+01 2.844235133559005035e+01 -1.594700281155700061e+01 5.121322786491345092e+00 -6.363431235519723828e+01 -1.653711838433248715e+01 -6.332267631209242964e+00 -1.582880673181485776e+01 -5.191895857689975635e+00 -8.758240427027980957e+01 -4.808283337114660583e+01 6.843572254812231304e-01
-6.374863469959259454e+00 2.394131898068259379e-03 -5.806150636437435786e+00 6.251240784039818088e+00 3.732860928076747076e+00 3.995619341089294618e+00 -1.417599081800018368e+00 -7.996168402073519310e+00 -3.692576467584358202e+00 4.726225361446883433e+00 4.580033640469846623e-02 -1.221083499294125296e+00 -3.068620307357047050e+00 -5.074385028806213782e+00 -4.075532035365278638e+00
-7.630872971095794988e+00 1.614121810657186273e+01 -2.314323515356670580e+00 4.781907691648876302e+00 -1.259621746804697962e+00 -1.363326607828974746e+00 2.345567136233429384e+00 -6.666734633559760148e+00 -3.692084532345392578e+00 -8.759080782060303605e+00 9.344964171103555373e+00 3.194461389028270926e+00 -1.376274448897320823e+01 5.730581554360481000e+00 -3.204183331905665177e+00
-7.868723261823524773e+00 -4.930554337244767993e+00 -4.092859504024001005e+00 5.158429417173103104e+00 2.677857210158018031e+00 1.408922661972390245e+00 1.560591168109290727e+01 -1.019288134461289630e+01 1.646981787543192244e+00 6.132258952157923382e+00 4.720209951925301795e+00 5.742921870256771477e+00 -8.073134507223992173e+00 8.650746534809005128e-01 -2.150516160264308141e+00
-7.089121363824259170e+00 5.867968488768123159e+00 -2.159737148793062556e+00 7.934757023686250577e+00 5.748662680156226834e+00 1.048701077787051350e+00 -3.151238664946671708e+00 -5.797562163791591949e+00 -3.517220889884499879e+00 -1.810949171041101646e+00 4.449608487772709786e+00 -3.392578774490900173e+00 -4.845674207626692542e+00 -1.829454508347477137e+00 -7.440570695607740426e+00
-9.677327261180649032e+01 5.345637574876891307e+01 -1.687693637464003515e+01 1.232186260419155275e+02 3.158442536433070913e+01 6.011067553459356283e+00 5.231297836878555430e+00 -1.127668675457071856e+02 -5.777603810718022714e+01 -2.378330939988913872e+00 3.305693968295188512e+01 -3.721647783853313030e+01 -1.582473574436032493e+02 4.784119298657552477e+00 -2.794292190529348829e+01
-1.230546350808073868e+02 1.394667755454949258e+02 -4.183676724477219864e+02 3.848523851362114669e+02 2.530759074942257030e+02 -3.735094174410019718e+01 -3.777893450127897381e+02 -1.118776302402237235e+02 -1.404686492187182978e+02 1.363105221918264647e+02 -2.317033560267384189e+02 -8.626969978245064397e+01 -4.220206889032730260e+02 -1.590148814966312898e+02 -4.294832805532656153e+02
-4.152606784397616657e+00 1.252903079059203728e+00 -3.425759019360041346e+00 8.678008224096990020e+00 2.141068521672544467e-01 -3.835874394421790345e+00 9.219641059358428814e-01 -6.781748208134432687e+00 1.212298835642307671e+00 4.803410910682478274e+00 5.345949542504898622e-01 -2.112155987649840139e+00 -5.342376654559320315e+00 -3.575958504826968198e+00 -6.759053663279894764e-01
-2.511347567852779150e+01 1.327410796628755207e+01 -1.963641051239874358e+01 3.548445893817637398e+01 1.283983413936753060e+01 -5.015153721518162966e-01 -1.610248683650261015e+01 -2.012423532090605960e+01 3.753190484805654314e+00 5.629572060386585086e+00 -7.079949230819989836e+00 -1.793964062733864395e+01 -1.871057371500996780e+01 -9.763326331307776718e-01 -8.519008753905954023e+00
-6.283805137345543024e+00 3.811530395744453070e+00 -1.465182098786732334e+00 9.783439618806065496e+00 2.800252815494711278e+00 -3.204955374225253451e+00 1.442135965424014721e+01 -1.044337213802341857e+01 8.897279038645075078e-01 1.405507670302424961e+00 2.628104162457026494e+00 -2.482260971877832567e+00 -3.705735650591102992e+00 -1.178889801693970396e+00 -2.141162046798196439e+00
-1.478225615884487354e+01 3.717210947019452760e+00 -1.821343822667848278e-01 9.815971489235082004e+00 1.732352078097062531e+01 -1.481141060665919618e+01 -2.556801437434986557e+00 -4.046405782226777603e+00 -2.127376621554760483e+00 -4.745580388628860113e+00 1.057792078193603658e+01 -1.469069120292282982e+01 -2.239764373753992999e+01 -7.375958507491504612e+00 -1.608830305848208964e+00
-1.281591168209754272e+01 -3.226606792899193277e+00 -1.093246629771269518e+01 1.864948052605204865e+01 6.205939633530199728e+00 6.017225709984285187e-01 2.462603073180770963e+01 -2.178022244840901323e+01 -1.009939517344967186e+01 1.347297567485132319e+01 -1.547254650535775822e+00 1.034723141132835034e+00 -9.509354253153496472e+00 -8.453629209237558229e+00 -9.195685629082685608e+00
-9.939602839645961296e+01 1.230019763685086929e+02 -3.756711739311987319e+00 1.534564040947163903e+02 3.539322965275388100e+01 3.818542392782981132e+00 -5.872895022061852544e+00 -7.944189669874317872e+01 -4.318321680935849116e+01 -7.685407048917406314e+01 2.694698010235500263e+01 -1.352451661913536718e+01 -1.057006950320437397e+02 -8.030851909245642162e+01 -8.240650668596400408e+01
-2.456681259092340497e+01 1.306899086730347825e+01 8.805648384387762206e+00 4.818300767012552654e+01 9.851586671132110951e+00 -1.918647066596173190e+01 9.753317488848745498e+00 -2.057450362225606710e+01 4.459773497216539262e+00 2.335947204518591036e+01 -1.002961099294472547e+01 -1.129672951608307585e+01 -3.354048566773580120e+01 -1.712724370788666306e+01 6.010069257463087844e+00
-7.715741605740915077e+01 4.374858034226618031e+01 -5.767779183727395065e+01 3.308997608077465458e+01 2.797620620972868011e+01 1.090068945930281785e+01 -4.896577609604187309e+00 -4.688607627759047602e+01 -3.486582045670773056e+01 -5.709064134563052306e+01 -6.062525331332013323e+00 1.399954393532049579e+01 -9.642364833848569106e+01 -5.631722684995457229e+01 1.912664002363761995e+01
-4.315011238039722308e+00 1.969520443072346971e+00 -4.375063892403095345e+00 6.932177224659286097e+00 -1.166581642374949546e+00 -2.187272898106856545e+00 8.364273586109169045e+00 -6.659043779422654907e+00 -3.089916272039582523e+00 2.455921814783870616e+00 3.797740404522365054e+00 1.023912719248920133e+00 -7.897069954621056986e+00 2.186918436460929094e+00 -4.489268490119433963e+00
-4.099368314558844304e+02 -5.471235240116499909e+01 -4.275041501116435256e+02 5.749276679702486490e+02 3.009575556505305372e+02 3.125237567492522572e+01 -1.666406443082450437e+02 -7.657082794016889693e+01 -6.572351493639027922e+02 1.225429726349987476e+02 -3.081500101008107322e+02 8.117229689074898147e+01 -5.947271791525807885e+02 -3.368926085893087929e+02 -9.969769811467432419e+02
-4.545285840539697197e+00 7.783689546943575621e+00 -2.213840746255074432e+00 8.410484054879487914e+00 -2.102172904285159460e-01 -9.166788944930507332e-01 5.280994434839131557e+00 -7.571469730800743925e+00 -3.547574843921965648e+00 -1.640542751307068947e+00 2.199002026651834640e+00 3.413536051106005775e+00 -1.072158628771252253e+01 2.740958613541200517e+00 -9.615514787420913478e-01
-6.371908554569229999e+00 1.672581506030074827e+00 -4.410031614594696947e+00 6.212798994749574533e+00 4.024296276236076331e+00 -2.864543606273163290e-01 1.521816220766893579e+01 -1.138135605469950562e+01 -2.907836583889513715e+00 5.086951857037981917e+00 2.408141999472477757e+00 -3.637947440762316909e-01 -5.233789552235759146e+00 -1.639148991279921086e+00 4.863083458396356695e-01
-3.356992080364817639e+02 3.498907951602630906e+00 -1.727712612978868094e+02 5.505779274836824015e+02 2.248371915368540499e+02 6.865041371063642828e+01 -1.709000706628585533e+02 1.445238108058011051e+02 -4.626192226432859798e+02 1.005802647407591479e+02 -3.715676726178206764e+02 -1.344747532149300469e+02 -6.902625990445956177e+02 -3.351266842771320853e+02 -4.942377039820908067e+02
-3.302690495360605993e+00 -1.103319490292782090e+00 4.667770932181188326e-01 1.275020479609369595e+01 -2.795514583995823976e+00 -3.900493215732987906e+00 1.117840993862574805e+01 -5.110131911521384573e+00 -3.421425903717938866e+00 3.871006665461808716e+00 -4.638518208409014854e+00 -1.665288416776326663e+00 -1.191711422479601268e+01 -4.924156738160965219e+00 8.195655101436683410e+00
-3.183264910073287712e+00 1.500902426563658576e+00 2.195746149154205629e+00 1.265053531942850107e+01 1.626113118764890952e+00 -3.758090063515405532e+00 6.881112378398229090e+00 -1.034842826734913146e+01 -1.020284278220606966e+00 1.621428659137515549e+00 -7.139178310192861865e-02 3.525810913892292175e-01 -6.685984409368232129e+00 -1.160225288770733165e+00 2.946346741423679916e+00
-1.273737794090614273e+02 6.552766974536463351e+01 -6.123743123968488788e+01 1.233420588769649129e+02 8.030127096120719443e+01 -5.152700519908590593e+01 6.359298920772937436e+01 -7.886735775616632793e+01 -2.483888082033055866e+01 4.702700892240517128e+00 3.821196071519996451e+01 -5.770752044011930337e+01 -1.136839261172818709e+02 -4.187522240958840314e+01 -2.174375629278847200e+01
-4.777906172712707011e+00 5.317770214881748281e+00 -1.517865240495966384e-02 4.618035727810775981e+00 8.581538899372054274e-01 -1.170239482723071101e+00 5.491019682929804802e+00 -5.800199977019198982e+00 -2.459794134106241259e+00 -3.289182739918708798e+00 3.453584914391310434e+00 3.917565229556319917e+00 -7.906673443746117691e+00 1.959361621961356104e+00 7.828521216589474641e-01
-4.400068277817020856e+01 -8.599058918189564338e+01 -3.009594514435262269e+01 7.610146603891340078e+01 1.925406407707713541e+01 2.471865239883859999e+01 4.271918814357846372e+01 -2.487169474534109526e+01 -9.953331246080070116e+01 9.219566713710610983e+00 -5.081555422158330515e+01 5.461061009456189907e+01 -8.838644192076117179e+01 -1.997656863660918347e+01 -6.082777026048693614e+01
-3.602972603345438074e+01 6.212201431288819187e+00 -1.163692422923069403e+00 7.460979214446250296e+01 -1.463057049232745577e+01 1.158445513851317799e+01 1.053829373842124717e+01 -4.105888167552389945e+01 3.982376713757774667e+01 -9.130082129174999750e+01 8.374599577990210264e+01 8.555955870248818940e+01 -1.492123585567601651e+02 3.677527820004465298e+01 -2.823281820885650717e+00
-5.538234002981544002e+00 -1.412665821101559249e+00 -7.089935643988281022e+00 1.188576970454277770e+01 1.306139879468963372e+00 -2.010480197851188588e+00 2.004517486863632669e+01 -1.028411578893168787e+01 1.408356456117321187e+00 3.779145225324161750e+00 1.304887550124300910e+00 -3.088718405034290182e+00 -4.458805165926358338e-01 -8.393297883101146217e-01 -5.134345163116710076e+00
-2.817274550023284085e+00 1.433551547603641652e+01 -8.205315117577982598e-02 8.144687498407240156e+00 3.814501038958927115e+00 -1.038026927337452276e+00 -2.446271588029422794e+00 -4.145536005560978232e+00 -2.608500627657150073e+00 -3.663141646770210258e+00 4.849043543860308780e+00 1.147237621328248913e+00 -1.060311942533333784e+01 7.617402710808836908e+00 -3.197793083929808322e+00
-6.307292755189982003e+00 8.796388813146396757e+00 5.510320309260071658e-01 1.026979478712098803e+01 -1.626765793350346545e+00 -4.784928269084989694e+00 6.350114906222943389e+00 -5.500187581762149946e+00 -4.973738084643360979e-01 2.880735755326867542e-01 1.263964145119699456e+00 9.676998861055171597e-01 -1.176832598015654341e+01 6.288375301495634229e-02 1.615834602451561075e+00
-5.749708553356289720e+00 1.519250733078361781e+00 8.069236979276624311e+00 1.759336032586388399e+01 -8.188488226190482333e-02 -1.030885546527287211e+01 1.282673099104706260e+01 -7.070305460064603587e+00 2.663890739081462122e+00 8.153640136759198853e+00 -5.251068306611680114e+00 -1.212049730431190797e+00 -1.349033249234078191e+01 -7.663130563182551036e+00 8.809576365995884117e+00
-3.516497731905237512e+00 1.912779888106712178e+00 -7.524879275240892174e-01 6.666166676057498464e+00 9.517965211028723838e-01 -1.049525716816504417e+00 -1.568933323127535751e+00 -5.083148696262334454e+00 1.677540210563711165e+00 9.072364407613471293e-01 1.184590244946781779e+00 -1.735090089202657726e+00 -3.974065205628920960e+00 -1.895693748144649193e+00 -7.591685903632464649e-01
-3.020282743779650225e+00 5.945511253268451313e+00 -7.582225323944816742e-01 8.779653017656762870e+00 -2.184619076288536021e+00 -4.834698454359961595e+00 1.376132853182867777e+01 -4.028248343405902432e+00 3.983552037609120466e-01 1.262609539516044821e+00 1.474150327145771489e-01 1.389725683286741065e-01 -5.654291196324572333e+00 1.367981180309090772e-01 2.853705976847118464e-01
-4.981726097100376478e+02 1.157669652848992285e+02 -1.464960153029101662e+02 6.753761540300705519e+02 7.348569557359620603e+02 1.706615443761412223e+02 6.833784026772089248e+01 -1.547425364786407727e+02 -4.719168984645716023e+02 -6.185824714761754421e+02 2.241454758609446074e+01 5.308687523060415288e+02 -3.801748919831504736e+02 -2.427389739766929324e+02 -4.609129774777265993e+02
-7.300687903389317945e+00 5.141036520564039591e+00 -7.886686762031130726e+00 7.759521233689416597e+00 1.200570598994328275e+00 -1.012395871084716070e+00 -1.960612866763090434e+00 -5.869865203819697452e-01 -3.302640850558918317e-01 1.456967844387883071e+00 7.843508033797391699e-01 -4.345578683317080859e+00 -5.194586337485748828e+00 1.014311681137868071e+00 -1.806678411178398003e+00
-4.263676017615558145e+00 5.810404699754997182e+00 2.588877347115839389e-02 8.609405610064406744e+00 -6.718931494687028216e-01 -5.111503639210342342e+00 8.165577629122241277e+00 -5.291155385755275553e+00 4.108711183590039173e-01 -3.502264860965439985e-01 6.316218850936481388e-01 -1.610956625641601025e+00 -7.916039862117710157e+00 -1.480065315278993543e+00 1.333950609906347506e-01
-3.242206733672974792e+02 1.050255293744861547e+02 -3.635996828599446076e+02 4.303902102549083679e+02 2.400265342062982086e+02 5.130266421106948371e+01 3.099594719757474337e+01 -1.184648270996811164e+02 -9.616613645657029963e+01 5.231286327037071260e+01 4.219745977325156616e+01 -6.553313923100401439e+01 -5.083685454238103603e+02 -2.284025616597621777e+01 -1.535454055146497296e+02
-7.411079100974059308e+00 3.959316103928847141e+00 -3.484989949317051749e+00 9.796205000515397998e+00 2.161088839855765720e+00 6.151606896845303041e-01 6.440839523166738800e+00 -9.206655166779254884e+00 -1.371969412788493159e+00 4.069518103392166353e+00 1.442276101717377412e-01 -2.469940352218007451e+00 -5.937007799355972004e+00 -2.987377583771794853e+00 -2.965940747881070649e+00
-4.094349685392018046e+02 -6.058430841859097171e+01 -1.249346352789165167e+02 2.906558550368164333e+02 1.778839210505739459e+02 8.511474517025396835e+01 2.025740275561513783e+02 -1.524810865663342554e+02 -6.194488512614591968e+01 -5.037701670653150643e+01 4.263194272364289361e+01 -6.671667915612709976e+01 -1.849555375172930098e+02 -1.122148495442480787e+01 -3.342006311815896424e+02
-8.430139807810040509e+01 6.036699467193845647e-01 -1.256049904005415740e+01 9.210146026021264731e+01 4.776893377083679582e+01 -2.282727300133520387e+01 1.205975484869383552e+00 -3.336310029788720755e+01 -2.067636977679994459e+01 3.862456618005716535e+01 -2.324147567130867031e+01 -2.597431345640478284e+01 -9.184466575586846204e+01 -1.526163949110289408e+01 3.740906990515032504e+01
-3.505339733627528265e+00 1.203788059095347940e+01 -1.044778648091040596e+00 1.162863761128018147e+01 -1.816646828628889709e+00 -5.364298237217627552e+00 8.666051029311599763e+00 -8.882920904814170626e+00 -1.156938153051994211e+00 -3.835494637096555692e+00 4.077886082078458152e+00 4.050196636044865350e+00 -1.157120226260629181e+01 6.151989326620206811e+00 -1.862766343639399080e+00
-1.798538303250064274e+01 1.459363979836979119e+01 3.694626917024217860e+00 3.521438712969992224e+01 -1.084442990076145996e+01 -9.236320185627885593e+00 2.901616338105519688e+01 -1.069142514103385544e+01 -4.663788807075150977e+00 -2.637534121674826704e+00 1.406295531868834603e+00 -1.196392896367260583e+01 -3.256340695817832653e+01 9.142887251747840338e+00 6.206095097619669154e+00
-5.469386852164412858e+02 -7.309346663622537221e+01 -3.108503454847104308e+02 4.535662741522776855e+02 3.780792730185524420e+02 4.187568925072937418e+02 3.638417953429092790e+02 -1.987496009662219194e+02 -4.680445211035680018e+02 -1.145811182015418979e+02 4.841336048201152380e+02 -1.644933931455148013e+02 -4.908371655152868840e+01 -1.328694287075071543e+02 2.189903676017940768e+02
-4.846735251920446075e+00 4.002979578656320925e+00 -1.208699590431377313e+00 1.141065447598294114e+01 -1.052596335744920619e+00 -5.407028185949468657e+00 4.650124194042460246e+00 -2.579099359630007804e+00 5.293282369278520250e-01 -1.565273327767222056e-01 -2.586060550564368565e+00 -4.443219929220370901e+00 -9.387221529581427859e+00 -4.479722610509724312e+00 -8.615076116306347176e-01
-1.528893576205998670e+02 -3.809788421133742276e+01 -7.408666182020478175e+01 1.700748527950006235e+02 2.076149890206728799e+01 -2.501039031718190486e+01 1.431119368799064695e+01 -6.889883337299424682e+01 -2.795171665259606897e+01 1.331662429281940518e+01 1.102829173308064847e+00 -3.711722175582525551e+01 -1.004670499148143534e+02 -4.186714640509289431e+00 2.226537169069925426e+01
-3.161551745791043810e+00 1.414533847059716898e+01 9.616147894893443127e-01 1.161795510597431935e+01 -8.358141176784602777e+00 -2.990888958032300593e+00 8.865507478416821741e+00 -2.810026814631024994e+00 -3.063365440349438362e+00 -5.957049813996872167e+00 5.315303289859266478e+00 -2.093653184085840557e+00 -1.583968076388680224e+01 -1.017893738011950600e+00 4.080757631246210160e+00
-1.580733117295000625e+02 -2.197864760426249404e+02 -3.181603830160912239e+01 1.729305902441545015e+02 7.719488730729644033e+01 6.129072148333137449e+01 2.450959579074298400e+00 -5.731020299435562748e+01 3.521539371013356146e+01 -6.043354268044534194e+01 8.553920140805854544e+01 -1.042424378789536199e+01 -1.203885927177683612e+02 -1.159187433385838943e+02 3.190481736661518575e+00
-4.130546693487170273e+01 -3.979006806010738018e+01 -2.949870716062566203e+02 4.353600389489787972e+02 1.631954792717630198e+02 -3.648064449006248111e+01 -2.014860206747708844e+02 -2.273324680129609305e+02 -1.108474480848669543e+02 -1.277623878570836808e+02 -1.269520749936142749e+02 2.439587772033759165e+02 -3.953122814913679122e+02 -1.105374571831651309e+02 -3.993729624590139338e+02
-6.674641772639856185e+01 6.659937705772135530e+01 -7.636813013378977644e+01 1.051883903767325137e+02 4.180248287190596557e+01 -1.596571224652644894e+01 -2.043292543372658443e+01 -5.199948685827614980e+01 -8.439770571914243291e+00 2.580142688862009592e+00 -1.298642040734702796e+01 -3.265463299017995524e+01 -9.602944628543890815e+01 2.351793806745867954e+01 -6.911156443118777304e+01
