0 1024 0 0 0 0 0 0 0 1024 0 0 0 0 0 0 869 155 0 0 0 0 0 0 
38 550 436 0 0 0 0 0 128 502 394 0 0 0 0 0 525 495 4 0 0 0 0 0 
0 6 1018 0 0 0 0 0 0 0 1019 5 0 0 0 0 0 994 30 0 0 0 0 0 
0 0 1020 4 0 0 0 0 0 0 948 76 0 0 0 0 0 759 265 0 0 0 0 0 
0 0 614 410 0 0 0 0 0 0 193 831 0 0 0 0 0 27 997 0 0 0 0 0 
0 12 307 705 0 0 0 0 0 8 211 805 0 0 0 0 8 201 815 0 0 0 0 0 
0 67 654 303 0 0 0 0 0 57 532 433 2 0 0 0 27 551 446 0 0 0 0 0 
0 21 534 469 0 0 0 0 0 21 453 550 0 0 0 0 11 418 595 0 0 0 0 0 
0 25 550 449 0 0 0 0 0 8 428 588 0 0 0 0 5 463 556 0 0 0 0 0 
0 10 533 481 0 0 0 0 0 7 376 641 0 0 0 0 9 373 642 0 0 0 0 0 
0 9 553 462 0 0 0 0 0 28 421 574 1 0 0 0 16 480 528 0 0 0 0 0 
0 6 463 554 1 0 0 0 0 4 443 577 0 0 0 0 2 462 560 0 0 0 0 0 
0 15 558 451 0 0 0 0 0 11 404 609 0 0 0 0 13 461 550 0 0 0 0 0 
0 11 719 294 0 0 0 0 0 15 438 571 0 0 0 0 17 674 333 0 0 0 0 0 
0 52 767 205 0 0 0 0 0 19 646 359 0 0 0 0 32 742 250 0 0 0 0 0 
0 557 443 24 0 0 0 0 0 525 450 49 0 0 0 0 392 600 32 0 0 0 0 0 
0 534 460 30 0 0 0 0 0 497 462 65 0 0 0 0 400 558 66 0 0 0 0 0 
0 240 736 48 0 0 0 0 0 240 628 156 0 0 0 0 143 778 103 0 0 0 0 0 
0 41 804 179 0 0 0 0 0 12 432 580 0 0 0 0 5 575 444 0 0 0 0 0 
0 0 523 501 0 0 0 0 0 0 213 811 0 0 0 0 0 479 545 0 0 0 0 0 
0 0 449 575 0 0 0 0 0 0 333 691 0 0 0 0 0 457 567 0 0 0 0 0 
0 0 537 487 0 0 0 0 0 0 429 595 0 0 0 0 0 610 414 0 0 0 0 0 
0 0 634 390 0 0 0 0 0 0 533 491 0 0 0 0 0 630 394 0 0 0 0 0 
0 96 760 168 0 0 0 0 0 86 649 289 0 0 0 0 89 773 162 0 0 0 0 0 
0 61 893 70 0 0 0 0 0 35 650 339 0 0 0 0 35 623 366 0 0 0 0 0 
0 8 870 146 0 0 0 0 0 6 550 468 0 0 0 0 4 677 343 0 0 0 0 0 
0 0 597 427 0 0 0 0 0 0 414 610 0 0 0 0 0 614 410 0 0 0 0 0 
0 0 498 526 0 0 0 0 0 0 450 574 0 0 0 0 0 578 446 0 0 0 0 0 
0 0 713 311 0 0 0 0 0 0 493 531 0 0 0 0 0 619 405 0 0 0 0 0 
0 0 713 311 0 0 0 0 0 0 429 595 0 0 0 0 0 546 478 0 0 0 0 0 
0 1 722 301 0 0 0 0 0 0 597 427 0 0 0 0 0 574 450 0 0 0 0 0 
0 36 872 115 1 0 0 0 5 59 832 128 0 0 0 0 39 752 230 3 0 0 0 0 
0 54 961 9 0 0 0 0 5 61 910 48 0 0 0 0 54 907 63 0 0 0 0 0 
0 0 1012 12 0 0 0 0 0 0 992 32 0 0 0 0 0 979 45 0 0 0 0 0 
0 1 1006 17 0 0 0 0 0 0 1002 22 0 0 0 0 0 989 35 0 0 0 0 0 
0 1 1015 8 0 0 0 0 0 4 1012 8 0 0 0 0 2 1013 9 0 0 0 0 0 
0 5 1019 0 0 0 0 0 0 4 1016 4 0 0 0 0 2 1018 4 0 0 0 0 0 
0 25 999 0 0 0 0 0 0 16 1008 0 0 0 0 0 9 1015 0 0 0 0 0 0 
0 73 951 0 0 0 0 0 0 108 916 0 0 0 0 0 36 988 0 0 0 0 0 0 
34 497 493 0 0 0 0 0 132 456 436 0 0 0 0 0 346 678 0 0 0 0 0 0 
0 1021 3 0 0 0 0 0 0 1023 1 0 0 0 0 0 872 152 0 0 0 0 0 0 
50 599 375 0 0 0 0 0 81 589 354 0 0 0 0 0 549 474 1 0 0 0 0 0 
0 0 1023 1 0 0 0 0 0 0 1015 9 0 0 0 0 0 995 29 0 0 0 0 0 
0 0 999 25 0 0 0 0 0 0 866 158 0 0 0 0 0 537 487 0 0 0 0 0 
0 0 428 596 0 0 0 0 0 0 81 943 0 0 0 0 0 58 966 0 0 0 0 0 
0 0 1 1023 0 0 0 0 0 0 0 1012 12 0 0 0 0 0 1016 8 0 0 0 0 
0 20 192 812 0 0 0 0 0 17 168 800 39 0 0 0 47 172 802 3 0 0 0 0 
0 0 5 940 79 0 0 0 0 0 0 828 196 0 0 0 0 0 907 117 0 0 0 0 
0 0 0 707 317 0 0 0 0 0 0 466 558 0 0 0 0 0 658 366 0 0 0 0 
0 0 0 468 556 0 0 0 0 0 0 322 702 0 0 0 0 0 486 538 0 0 0 0 
0 0 0 393 631 0 0 0 0 0 0 253 771 0 0 0 0 0 422 602 0 0 0 0 
0 0 0 427 597 0 0 0 0 0 0 264 760 0 0 0 0 0 433 591 0 0 0 0 
0 0 98 583 343 0 0 0 0 0 89 316 619 0 0 0 0 92 687 245 0 0 0 0 
0 2 94 608 320 0 0 0 0 0 62 429 533 0 0 0 2 75 659 285 3 0 0 0 
0 0 16 603 405 0 0 0 0 0 6 406 612 0 0 0 0 13 579 432 0 0 0 0 
0 246 76 321 381 0 0 0 0 288 56 122 558 0 0 0 266 81 325 352 0 0 0 0 
0 352 47 274 351 0 0 0 0 364 44 129 487 0 0 0 330 80 222 392 0 0 0 0 
0 223 57 471 273 0 0 0 3 240 50 263 468 0 0 0 232 67 386 339 0 0 0 0 
0 4 53 706 261 0 0 0 0 7 61 506 450 0 0 0 15 63 717 229 0 0 0 0 
0 5 120 759 140 0 0 0 0 10 121 456 437 0 0 0 11 123 629 261 0 0 0 0 
0 36 146 691 151 0 0 0 0 17 148 439 420 0 0 0 11 126 716 171 0 0 0 0 
0 13 216 685 110 0 0 0 0 20 142 507 355 0 0 0 18 175 622 209 0 0 0 0 
0 57 303 519 145 0 0 0 0 73 244 488 219 0 0 0 69 269 530 156 0 0 0 0 
1 528 303 90 102 0 0 0 0 686 149 97 92 0 0 0 471 364 131 58 0 0 0 0 
0 583 282 71 88 0 0 0 0 739 134 82 69 0 0 0 610 264 105 45 0 0 0 0 
0 246 399 350 29 0 0 0 0 335 279 281 129 0 0 0 248 368 376 32 0 0 0 0 
0 25 333 661 5 0 0 0 0 16 170 678 160 0 0 0 14 242 755 13 0 0 0 0 
0 5 332 589 98 0 0 0 0 3 119 769 133 0 0 0 8 181 759 76 0 0 0 0 
0 9 246 757 12 0 0 0 0 4 173 781 66 0 0 0 8 198 817 1 0 0 0 0 
0 12 312 689 11 0 0 0 0 20 240 671 93 0 0 0 19 254 740 11 0 0 0 0 
0 41 563 418 2 0 0 0 0 41 482 497 4 0 0 0 45 527 452 0 0 0 0 0 
0 425 590 9 0 0 0 0 0 471 510 43 0 0 0 0 291 644 89 0 0 0 0 0 
0 399 607 18 0 0 0 0 0 485 503 36 0 0 0 0 320 675 29 0 0 0 0 0 
0 126 631 267 0 0 0 0 0 130 526 368 0 0 0 0 119 538 367 0 0 0 0 0 
0 0 463 561 0 0 0 0 0 0 362 662 0 0 0 0 0 391 633 0 0 0 0 0 
0 0 789 235 0 0 0 0 0 0 571 453 0 0 0 0 0 567 457 0 0 0 0 0 
0 0 930 94 0 0 0 0 0 0 792 232 0 0 0 0 0 828 196 0 0 0 0 0 
0 3 993 28 0 0 0 0 0 1 954 69 0 0 0 0 1 936 87 0 0 0 0 0 
0 8 1009 7 0 0 0 0 0 1 1023 0 0 0 0 0 1 1009 14 0 0 0 0 0 
0 2 1019 3 0 0 0 0 0 2 1019 3 0 0 0 0 0 1011 13 0 0 0 0 0 
0 995 29 0 0 0 0 0 0 1021 3 0 0 0 0 0 506 518 0 0 0 0 0 0 
2 715 307 0 0 0 0 0 29 704 291 0 0 0 0 0 487 524 13 0 0 0 0 0 
0 3 1021 0 0 0 0 0 0 1 1014 9 0 0 0 0 0 1002 22 0 0 0 0 0 
0 0 973 51 0 0 0 0 0 0 666 358 0 0 0 0 0 680 344 0 0 0 0 0 
0 0 285 739 0 0 0 0 0 0 17 1007 0 0 0 0 0 24 1000 0 0 0 0 0 
0 0 0 1024 0 0 0 0 0 0 0 1019 5 0 0 0 0 0 1023 1 0 0 0 0 
0 18 152 852 2 0 0 0 0 42 142 732 108 0 0 0 56 134 810 24 0 0 0 0 
0 0 0 674 350 0 0 0 0 0 0 435 589 0 0 0 0 0 585 439 0 0 0 0 
0 0 6 140 424 452 2 0 0 0 17 127 385 472 23 0 0 52 131 411 403 27 0 0 
0 0 0 0 217 596 211 0 0 0 0 0 96 597 331 0 0 0 0 165 609 250 0 0 
0 0 0 0 227 769 28 0 0 0 0 0 109 760 155 0 0 0 0 221 730 73 0 0 
0 0 0 0 236 746 42 0 0 0 0 0 147 706 171 0 0 0 0 236 770 18 0 0 
0 32 296 61 94 529 12 0 0 21 306 64 75 439 119 0 48 306 52 91 511 16 0 0 
0 66 446 31 45 432 4 0 0 57 384 127 41 384 31 0 26 496 54 44 374 30 0 0 
0 17 156 134 198 517 2 0 0 7 146 129 172 560 10 0 4 162 134 173 545 6 0 0 
0 0 2 152 353 517 0 0 0 0 0 96 247 673 8 0 0 0 108 290 626 0 0 0 
0 0 3 134 386 501 0 0 0 0 0 94 290 620 20 0 0 1 119 341 558 5 0 0 
0 0 0 137 424 463 0 0 0 0 0 108 351 559 6 0 0 2 120 369 532 1 0 0 
0 2 180 238 266 338 0 0 0 12 154 155 309 388 6 0 6 179 190 285 363 1 0 0 
0 14 577 161 150 122 0 0 0 20 554 125 205 120 0 0 22 564 127 196 115 0 0 0 
0 27 390 173 292 138 4 0 0 7 366 150 343 149 9 0 24 382 129 338 147 4 0 0 
0 0 13 147 480 384 0 0 0 0 5 83 548 387 1 0 0 5 104 527 386 2 0 0 
0 0 0 101 616 307 0 0 0 0 0 81 603 340 0 0 0 0 120 574 330 0 0 0 
0 0 1 116 631 276 0 0 0 0 0 80 677 267 0 0 0 0 100 651 273 0 0 0 
0 0 3 147 709 165 0 0 0 0 6 88 755 175 0 0 0 4 119 728 173 0 0 0 
0 3 387 268 366 0 0 0 0 0 318 158 548 0 0 0 13 347 148 516 0 0 0 0 
0 8 369 133 514 0 0 0 0 5 284 156 578 1 0 0 4 374 86 559 1 0 0 0 
0 0 39 148 815 22 0 0 0 0 20 109 869 26 0 0 0 30 106 869 19 0 0 0 
0 0 0 168 850 6 0 0 0 0 0 93 926 5 0 0 0 0 133 887 4 0 0 0 
0 0 2 240 782 0 0 0 0 0 0 49 970 5 0 0 0 0 121 900 3 0 0 0 
0 40 120 197 667 0 0 0 0 50 105 116 747 6 0 0 33 128 166 697 0 0 0 0 
0 98 221 256 449 0 0 0 0 111 196 124 593 0 0 0 34 267 147 576 0 0 0 0 
0 78 229 430 287 0 0 0 0 109 184 219 512 0 0 0 32 247 202 543 0 0 0 0 
0 6 14 545 459 0 0 0 0 6 14 360 644 0 0 0 5 14 418 587 0 0 0 0 
0 0 0 797 227 0 0 0 0 0 0 650 374 0 0 0 0 0 639 385 0 0 0 0 
0 0 0 1024 0 0 0 0 0 0 0 919 105 0 0 0 0 0 962 62 0 0 0 0 
0 0 106 918 0 0 0 0 0 0 18 1006 0 0 0 0 0 18 1006 0 0 0 0 0 
0 0 354 670 0 0 0 0 0 0 154 870 0 0 0 0 0 146 878 0 0 0 0 0 
0 0 548 476 0 0 0 0 0 0 350 674 0 0 0 0 0 321 703 0 0 0 0 0 
0 0 939 85 0 0 0 0 0 0 794 230 0 0 0 0 0 472 552 0 0 0 0 0 
0 978 46 0 0 0 0 0 0 1020 4 0 0 0 0 0 142 882 0 0 0 0 0 0 
0 743 281 0 0 0 0 0 87 731 206 0 0 0 0 0 424 600 0 0 0 0 0 0 
0 0 1024 0 0 0 0 0 0 0 1019 5 0 0 0 0 0 969 55 0 0 0 0 0 
0 0 974 50 0 0 0 0 0 0 687 337 0 0 0 0 0 688 336 0 0 0 0 0 
0 0 225 799 0 0 0 0 0 0 17 1007 0 0 0 0 0 17 1007 0 0 0 0 0 
0 0 0 1024 0 0 0 0 0 0 0 1005 19 0 0 0 0 0 1005 19 0 0 0 0 
0 18 148 836 22 0 0 0 0 35 145 660 184 0 0 0 53 136 653 182 0 0 0 0 
0 0 0 607 417 0 0 0 0 0 0 327 697 0 0 0 0 0 503 521 0 0 0 0 
0 0 7 120 389 507 1 0 0 0 23 99 401 404 97 0 0 57 96 371 428 72 0 0 
0 0 0 0 0 218 804 2 0 0 0 0 0 16 1000 8 0 0 0 0 16 1000 8 0 
0 0 0 0 71 275 634 44 0 0 0 0 115 203 579 127 0 21 85 118 243 485 72 0 
0 0 0 0 69 616 339 0 0 0 0 0 395 241 388 0 0 7 412 115 212 278 0 0 
0 0 0 0 37 630 357 0 0 0 0 0 348 248 428 0 0 3 357 102 220 342 0 0 
0 0 0 0 64 619 341 0 0 0 0 0 344 210 470 0 0 0 317 111 227 369 0 0 
0 0 0 0 60 608 356 0 0 0 0 0 248 294 482 0 0 1 246 118 262 397 0 0 
0 0 0 2 93 579 350 0 0 0 0 0 165 411 448 0 0 6 183 134 356 345 0 0 
0 0 0 244 338 331 111 0 0 0 0 138 510 241 134 1 0 40 315 332 220 117 0 0 
0 0 0 157 282 388 197 0 0 0 0 92 358 262 301 11 0 20 205 256 289 234 20 0 
0 0 0 0 118 431 474 1 0 0 0 0 87 252 681 4 0 0 23 100 289 596 16 0 
0 0 0 0 52 460 509 3 0 0 0 0 16 271 730 7 0 0 0 12 255 624 133 0 
0 0 0 0 58 489 461 16 0 0 0 0 56 198 699 71 0 0 0 26 201 529 268 0 
0 0 2 137 236 469 110 70 0 0 0 117 228 215 358 106 0 1 133 228 195 343 124 0 
0 0 0 166 271 435 87 65 0 0 0 102 296 173 391 62 0 0 131 252 218 362 61 0 
0 0 0 0 12 447 343 222 0 0 0 0 3 166 580 275 0 0 0 0 181 443 396 4 
0 0 7 13 25 341 450 188 0 0 7 14 16 171 570 246 0 7 13 16 162 406 353 67 
0 0 134 38 38 179 483 152 0 0 135 37 32 103 515 202 3 137 35 31 72 305 313 128 
0 1 155 90 147 231 368 32 0 1 167 47 134 178 434 63 1 165 42 124 173 316 180 23 
0 0 0 82 170 486 285 1 0 0 0 5 169 429 374 47 0 0 5 167 378 287 186 1 
0 0 0 7 44 504 304 165 0 0 0 0 28 385 396 215 0 0 0 20 343 281 239 141 
0 0 0 26 55 456 308 179 0 0 0 19 49 366 379 211 0 0 27 53 307 305 192 140 
0 0 1 100 147 335 313 128 0 0 0 91 128 292 366 147 0 0 98 134 282 254 186 70 
0 0 287 181 106 79 291 80 0 0 295 169 119 57 303 81 0 324 145 111 53 182 174 35 
0 0 436 140 33 115 284 16 0 0 473 109 34 86 292 30 0 419 160 34 57 206 148 0 
0 0 104 161 150 475 133 1 0 0 94 123 195 392 217 3 0 96 108 203 335 272 10 0 
0 0 13 258 432 321 0 0 0 0 0 104 419 499 2 0 0 0 108 448 458 10 0 0 
0 0 15 425 557 27 0 0 0 0 4 210 637 173 0 0 0 2 216 675 131 0 0 0 
0 0 61 602 361 0 0 0 0 0 69 528 355 72 0 0 0 69 534 358 63 0 0 0 
0 0 146 878 0 0 0 0 0 0 65 949 10 0 0 0 0 66 948 10 0 0 0 0 
0 0 199 825 0 0 0 0 0 0 115 909 0 0 0 0 0 110 914 0 0 0 0 0 
0 0 519 505 0 0 0 0 0 0 316 708 0 0 0 0 0 209 815 0 0 0 0 0 
0 922 102 0 0 0 0 0 0 1023 1 0 0 0 0 0 261 763 0 0 0 0 0 0 
0 706 318 0 0 0 0 0 19 788 217 0 0 0 0 0 470 549 5 0 0 0 0 0 
0 0 1021 3 0 0 0 0 0 0 1012 12 0 0 0 0 0 867 157 0 0 0 0 0 
0 0 897 127 0 0 0 0 0 0 556 468 0 0 0 0 0 277 747 0 0 0 0 0 
0 0 151 873 0 0 0 0 0 0 8 1016 0 0 0 0 0 0 1024 0 0 0 0 0 
0 0 0 1021 3 0 0 0 0 0 0 928 96 0 0 0 0 0 928 96 0 0 0 0 
0 17 138 818 51 0 0 0 0 28 143 613 240 0 0 0 34 147 570 273 0 0 0 0 
0 0 0 583 441 0 0 0 0 0 0 287 737 0 0 0 0 0 499 525 0 0 0 0 
0 0 7 124 437 447 9 0 0 0 14 115 449 308 138 0 0 53 98 425 300 148 0 0 
0 0 0 0 0 242 782 0 0 0 0 0 0 4 1020 0 0 0 0 0 10 956 58 0 
0 0 0 0 36 276 644 68 0 0 0 0 128 177 549 170 0 30 145 104 94 498 153 0 
0 0 0 0 18 1006 0 0 0 0 0 0 625 399 0 0 0 15 1009 0 0 0 0 0 
0 0 0 0 27 997 0 0 0 0 0 0 640 384 0 0 0 15 999 10 0 0 0 0 
0 0 0 0 19 1005 0 0 0 0 0 0 787 237 0 0 0 13 1011 0 0 0 0 0 
0 0 0 0 15 1009 0 0 0 0 0 0 860 164 0 0 0 11 988 25 0 0 0 0 
0 0 0 0 81 943 0 0 0 0 0 0 790 234 0 0 0 6 1016 2 0 0 0 0 
0 0 0 0 72 952 0 0 0 0 0 0 881 143 0 0 0 11 970 43 0 0 0 0 
0 0 0 0 123 901 0 0 0 0 0 0 908 116 0 0 0 3 980 41 0 0 0 0 
0 0 0 0 137 885 2 0 0 0 0 0 784 240 0 0 0 0 942 82 0 0 0 0 
0 0 0 0 26 950 48 0 0 0 0 0 622 402 0 0 0 50 801 173 0 0 0 0 
0 0 0 0 59 850 115 0 0 0 0 26 479 509 10 0 0 357 222 420 21 4 0 0 
0 0 0 0 32 614 349 29 0 0 0 18 413 519 44 30 0 294 155 478 33 28 35 1 
0 0 0 0 0 363 571 90 0 0 0 2 312 465 152 93 0 158 246 330 162 34 94 0 
0 0 0 0 0 154 687 183 0 0 0 0 79 532 237 176 0 1 303 289 204 49 97 81 
0 0 0 0 0 21 674 329 0 0 0 0 0 335 430 259 0 0 49 332 211 174 72 186 
0 0 0 0 0 0 408 616 0 0 0 0 0 130 523 371 0 0 0 165 288 236 69 266 
0 0 0 11 69 12 154 778 0 0 0 15 64 35 402 508 0 0 22 69 335 243 136 219 
0 0 0 6 140 14 48 816 0 0 0 21 118 31 251 603 0 0 14 106 90 405 171 238 
0 0 0 0 4 9 7 1004 0 0 0 0 4 9 5 1006 0 0 0 3 8 302 223 488 
0 0 0 0 0 0 0 1024 0 0 0 0 0 0 0 1024 0 0 0 0 0 49 391 584 
0 0 0 0 0 0 0 1024 0 0 0 0 0 0 0 1024 0 0 0 0 0 0 368 656 
0 0 0 0 0 0 0 1024 0 0 0 0 0 0 25 999 0 0 0 0 0 121 231 672 
0 0 0 0 0 2 100 922 0 0 0 0 0 6 139 879 0 0 0 0 48 79 185 712 
0 0 0 0 0 17 153 854 0 0 0 0 0 1 125 898 0 0 0 0 0 51 182 791 
0 0 0 0 25 550 399 50 0 0 0 0 12 390 532 90 0 0 0 4 284 510 222 4 
0 0 0 0 101 923 0 0 0 0 0 0 0 1002 22 0 0 0 0 3 975 46 0 0 
0 0 5 215 629 175 0 0 0 0 80 150 191 603 0 0 0 91 159 204 570 0 0 0 
0 0 0 904 120 0 0 0 0 0 0 698 326 0 0 0 0 0 782 242 0 0 0 0 
0 0 15 1008 1 0 0 0 0 0 1 1019 4 0 0 0 0 5 1015 4 0 0 0 0 
0 0 88 936 0 0 0 0 0 0 50 974 0 0 0 0 0 36 988 0 0 0 0 0 
0 951 73 0 0 0 0 0 0 1021 3 0 0 0 0 0 299 725 0 0 0 0 0 0 
0 821 187 16 0 0 0 0 35 840 149 0 0 0 0 0 461 558 5 0 0 0 0 0 
0 0 1012 12 0 0 0 0 0 0 991 33 0 0 0 0 0 984 40 0 0 0 0 0 
0 0 974 50 0 0 0 0 0 0 535 489 0 0 0 0 0 563 461 0 0 0 0 0 
0 0 76 948 0 0 0 0 0 0 5 1019 0 0 0 0 0 4 1020 0 0 0 0 0 
0 0 0 1024 0 0 0 0 0 0 0 981 43 0 0 0 0 0 981 43 0 0 0 0 
0 10 158 762 94 0 0 0 0 29 133 459 403 0 0 0 50 133 560 281 0 0 0 0 
0 0 0 512 512 0 0 0 0 0 0 212 812 0 0 0 0 0 317 707 0 0 0 0 
0 0 8 125 485 406 0 0 0 0 13 121 480 233 177 0 0 43 99 482 153 247 0 0 
0 0 0 0 0 226 798 0 0 0 0 0 0 11 1000 13 0 0 0 0 3 918 103 0 
0 0 0 0 32 217 654 121 0 0 0 0 73 176 478 297 0 0 118 90 98 447 271 0 
0 0 0 0 0 1024 0 0 0 0 0 0 792 232 0 0 0 1 1023 0 0 0 0 0 
0 0 0 0 3 1021 0 0 0 0 0 0 826 198 0 0 0 2 1022 0 0 0 0 0 
0 0 0 0 3 1021 0 0 0 0 0 0 984 40 0 0 0 0 1024 0 0 0 0 0 
0 0 0 0 23 1001 0 0 0 0 0 0 979 45 0 0 0 0 1024 0 0 0 0 0 
0 0 0 0 17 1007 0 0 0 0 0 0 1008 16 0 0 0 3 1021 0 0 0 0 0 
0 0 0 0 20 1004 0 0 0 0 0 0 944 80 0 0 0 5 1019 0 0 0 0 0 
0 0 0 0 22 1002 0 0 0 0 0 0 883 141 0 0 0 0 1024 0 0 0 0 0 
0 0 0 0 2 1011 11 0 0 0 0 0 510 514 0 0 0 8 997 19 0 0 0 0 
0 0 0 0 0 961 63 0 0 0 0 0 432 592 0 0 0 26 848 150 0 0 0 0 
0 0 0 0 0 729 295 0 0 0 0 0 208 816 0 0 0 1 755 268 0 0 0 0 
0 0 0 0 0 158 866 0 0 0 0 0 1 1017 6 0 0 0 445 579 0 0 0 0 
0 0 0 0 0 17 1007 0 0 0 0 0 0 790 234 0 0 0 22 949 53 0 0 0 
0 0 0 0 0 17 933 74 0 0 0 0 0 265 759 0 0 0 4 547 473 0 0 0 
0 0 0 0 0 1 596 427 0 0 0 0 0 15 985 24 0 0 0 40 930 54 0 0 
0 0 0 0 0 0 103 921 0 0 0 0 0 1 730 293 0 0 0 0 336 688 0 0 
0 0 0 0 0 0 0 1024 0 0 0 0 0 0 324 700 0 0 0 0 0 1000 24 0 
0 0 0 0 0 0 0 1024 0 0 0 0 0 0 0 1024 0 0 0 0 0 305 719 0 
0 0 0 0 0 0 0 1024 0 0 0 0 0 0 0 1024 0 0 0 0 0 48 976 0 
0 0 0 0 0 0 0 1024 0 0 0 0 0 0 0 1024 0 0 0 0 0 0 736 288 
0 0 0 0 0 0 0 1024 0 0 0 0 0 0 0 1024 0 0 0 0 0 0 680 344 
0 0 0 0 0 0 0 1024 0 0 0 0 0 0 0 1024 0 0 0 0 0 182 758 84 
0 0 0 0 0 0 111 913 0 0 0 0 0 0 234 790 0 0 0 0 58 298 245 423 
0 0 0 0 13 89 67 855 0 0 0 0 2 42 99 881 0 0 7 55 50 53 97 762 
0 0 0 0 0 150 814 60 0 0 0 0 0 18 850 156 0 0 0 0 1 605 418 0 
0 0 0 0 0 1002 22 0 0 0 0 0 0 804 220 0 0 0 0 0 602 422 0 0 
0 0 9 240 250 525 0 0 0 0 78 152 144 650 0 0 3 102 158 138 623 0 0 0 
0 0 0 806 218 0 0 0 0 0 0 558 466 0 0 0 0 0 694 330 0 0 0 0 
0 0 1 1023 0 0 0 0 0 0 0 1012 12 0 0 0 0 1 1023 0 0 0 0 0 
0 0 163 861 0 0 0 0 0 0 25 999 0 0 0 0 0 23 1001 0 0 0 0 0 
0 987 37 0 0 0 0 0 0 996 28 0 0 0 0 0 389 635 0 0 0 0 0 0 
1 750 273 0 0 0 0 0 9 925 90 0 0 0 0 0 464 560 0 0 0 0 0 0 
0 0 1014 10 0 0 0 0 0 0 1007 17 0 0 0 0 0 939 85 0 0 0 0 0 
0 0 924 100 0 0 0 0 0 0 479 545 0 0 0 0 0 469 555 0 0 0 0 0 
0 0 128 896 0 0 0 0 0 0 9 1015 0 0 0 0 0 9 1015 0 0 0 0 0 
0 0 0 1024 0 0 0 0 0 0 0 992 32 0 0 0 0 0 992 32 0 0 0 0 
0 11 144 788 81 0 0 0 0 27 120 362 515 0 0 0 48 120 420 436 0 0 0 0 
0 0 0 376 648 0 0 0 0 0 0 240 784 0 0 0 0 0 287 737 0 0 0 0 
0 0 0 109 547 343 25 0 0 0 19 93 519 237 156 0 0 22 108 527 151 216 0 0 
0 0 0 0 0 150 858 16 0 0 0 0 0 13 923 88 0 0 0 0 3 736 285 0 
0 0 0 0 20 77 280 647 0 0 0 0 29 72 107 816 0 2 23 54 66 179 700 0 
0 0 0 0 2 368 70 584 0 0 0 0 266 127 59 572 0 23 265 84 26 22 275 329 
0 0 0 0 0 355 232 437 0 0 0 0 224 160 114 526 0 1 266 84 33 25 192 423 
0 65 70 26 24 389 450 0 0 65 69 23 261 183 415 8 7 131 314 106 68 186 212 0 
4 543 29 32 51 353 12 0 2 541 33 33 266 149 0 0 228 401 296 99 0 0 0 0 
0 545 33 31 38 365 12 0 0 546 32 31 257 158 0 0 185 397 331 111 0 0 0 0 
0 561 47 30 35 335 16 0 1 573 34 30 238 147 1 0 69 550 304 101 0 0 0 0 
1 351 256 32 31 317 36 0 0 562 46 32 223 154 7 0 303 327 273 114 7 0 0 0 
0 512 102 26 32 295 57 0 0 577 38 26 185 179 19 0 365 267 265 115 12 0 0 0 
1 481 156 19 20 268 79 0 0 592 47 26 106 218 35 0 459 182 224 120 39 0 0 0 
1 624 15 32 28 202 118 4 5 614 21 32 34 249 68 1 114 526 207 132 45 0 0 0 
0 638 18 17 31 69 229 22 17 621 17 19 30 233 86 1 207 455 112 164 81 5 0 0 
1 625 14 32 23 15 255 59 2 627 11 32 27 151 122 52 471 172 37 218 83 43 0 0 
8 632 0 32 18 14 177 143 23 609 8 32 22 43 222 65 289 354 29 132 155 64 1 0 
15 625 18 14 30 2 62 258 61 579 20 12 30 13 225 84 595 71 10 43 225 65 15 0 
49 292 37 34 99 178 45 290 29 294 34 31 42 224 165 205 156 178 33 35 122 485 15 0 
0 0 0 3 32 613 68 308 0 0 0 0 3 408 313 300 0 0 0 0 50 971 3 0 
0 0 0 0 0 236 480 308 0 0 0 0 0 9 694 321 0 0 0 0 0 644 380 0 
0 0 0 0 0 228 494 302 0 0 0 0 0 3 702 319 0 0 0 0 0 562 462 0 
0 0 0 0 0 104 603 317 0 0 0 0 0 4 672 348 0 0 0 0 0 235 701 88 
0 0 0 0 0 0 419 605 0 0 0 0 0 0 193 831 0 0 0 0 0 0 544 480 
0 0 61 374 28 28 24 509 0 0 3 432 30 15 27 517 0 4 418 41 13 37 190 321 
0 0 6 600 3 29 14 372 0 0 0 570 38 19 21 376 0 0 480 128 11 61 170 174 
0 0 7 483 77 52 84 321 0 0 1 412 130 68 82 331 0 0 235 344 41 69 164 171 
0 0 0 0 33 432 553 6 0 0 0 0 28 57 939 0 0 0 0 6 46 887 85 0 
0 0 0 0 0 1007 17 0 0 0 0 0 0 688 336 0 0 0 0 0 467 557 0 0 
0 0 1 259 161 603 0 0 0 0 59 157 189 619 0 0 0 105 137 192 589 1 0 0 
0 0 0 816 208 0 0 0 0 0 0 464 560 0 0 0 0 0 638 386 0 0 0 0 
0 0 0 1021 3 0 0 0 0 0 0 985 39 0 0 0 0 0 1020 4 0 0 0 0 
0 0 88 936 0 0 0 0 0 0 42 982 0 0 0 0 0 22 1002 0 0 0 0 0 
0 981 43 0 0 0 0 0 0 1017 7 0 0 0 0 0 253 771 0 0 0 0 0 0 
0 747 277 0 0 0 0 0 24 944 56 0 0 0 0 0 396 628 0 0 0 0 0 0 
0 2 990 32 0 0 0 0 0 19 987 18 0 0 0 0 11 985 28 0 0 0 0 0 
0 0 888 136 0 0 0 0 0 0 507 517 0 0 0 0 0 479 545 0 0 0 0 0 
0 0 112 912 0 0 0 0 0 0 19 1005 0 0 0 0 0 19 1005 0 0 0 0 0 
0 0 0 1023 1 0 0 0 0 0 0 977 47 0 0 0 0 0 977 47 0 0 0 0 
0 22 128 502 372 0 0 0 0 32 119 281 592 0 0 0 51 115 317 541 0 0 0 0 
0 0 0 348 676 0 0 0 0 0 0 66 958 0 0 0 0 0 255 769 0 0 0 0 
0 0 5 105 587 255 72 0 0 0 0 108 419 343 154 0 0 15 103 562 90 254 0 0 
0 0 0 0 0 94 850 80 0 0 0 0 0 7 841 176 0 0 0 0 0 627 397 0 
0 0 0 0 2 26 81 915 0 0 0 0 2 30 78 914 0 0 1 15 40 75 851 42 
0 0 0 0 0 0 5 1019 0 0 0 0 0 0 5 1019 0 0 0 0 0 2 479 543 
0 0 0 0 0 0 184 840 0 0 0 0 0 0 104 920 0 0 0 0 0 0 208 816 
0 118 107 21 35 46 697 0 0 160 62 23 32 35 698 14 46 176 24 34 34 144 563 3 
44 874 18 3 13 3 50 19 87 831 18 2 6 11 2 67 542 376 13 6 6 12 2 67 
56 710 32 11 9 28 108 70 42 718 35 12 5 29 11 172 506 257 33 12 7 27 13 169 
38 738 7 24 17 1 108 91 34 736 13 11 30 1 24 175 291 481 11 19 23 0 26 173 
32 676 37 1 6 32 135 105 44 663 32 7 2 34 5 237 409 299 35 3 3 32 5 238 
38 697 11 25 10 13 183 47 86 649 11 24 5 10 24 215 540 195 10 26 3 16 19 215 
47 678 22 14 22 18 176 47 69 644 33 9 28 9 30 202 573 152 23 8 28 11 38 191 
67 656 31 10 14 30 173 43 82 628 37 11 13 24 18 211 430 286 36 6 11 29 16 210 
64 658 10 25 18 13 175 61 69 640 21 18 27 2 37 210 456 258 17 18 27 4 37 207 
32 673 24 7 35 7 210 36 65 630 24 12 29 15 14 235 565 145 10 18 21 24 17 224 
91 601 38 10 13 38 202 31 97 584 34 25 3 40 5 236 524 159 43 14 5 37 22 220 
45 623 23 32 16 25 247 13 95 572 24 31 14 13 29 246 524 147 20 29 19 25 55 205 
126 523 9 33 26 164 143 0 191 452 11 23 21 29 209 88 577 75 15 25 15 33 200 84 
109 405 51 56 155 248 0 0 225 265 46 42 69 357 20 0 384 114 42 51 155 278 0 0 
0 0 0 0 53 761 210 0 0 0 0 0 13 269 742 0 0 0 0 9 111 795 109 0 
0 0 0 0 25 278 721 0 0 0 0 0 5 109 904 6 0 0 0 1 76 495 452 0 
0 0 0 0 20 272 732 0 0 0 0 0 3 122 897 2 0 0 0 16 87 538 383 0 
0 0 0 0 17 166 841 0 0 0 0 0 1 108 841 74 0 0 0 0 112 383 529 0 
0 0 406 375 42 44 121 36 0 0 92 705 29 45 89 64 0 38 758 30 41 69 60 28 
0 0 353 671 0 0 0 0 0 0 11 1013 0 0 0 0 0 0 1021 3 0 0 0 0 
0 0 17 640 94 24 40 209 0 0 0 601 126 53 28 216 0 5 388 335 51 21 29 195 
0 0 0 0 63 940 21 0 0 0 0 0 23 425 576 0 0 0 0 7 214 803 0 0 
0 0 0 0 0 1022 2 0 0 0 0 0 0 765 259 0 0 0 0 0 282 742 0 0 
0 0 1 251 211 561 0 0 0 0 61 143 232 587 1 0 1 94 121 229 576 3 0 0 
0 0 0 659 365 0 0 0 0 0 0 428 596 0 0 0 0 0 612 412 0 0 0 0 
0 0 0 1021 3 0 0 0 0 0 0 1000 24 0 0 0 0 0 1005 19 0 0 0 0 
0 0 0 1024 0 0 0 0 0 0 1 1023 0 0 0 0 0 0 1024 0 0 0 0 0 
0 923 101 0 0 0 0 0 0 995 29 0 0 0 0 0 508 516 0 0 0 0 0 0 
1 734 289 0 0 0 0 0 16 875 133 0 0 0 0 0 374 650 0 0 0 0 0 0 
0 50 953 21 0 0 0 0 5 92 902 25 0 0 0 0 80 914 30 0 0 0 0 0 
0 0 842 182 0 0 0 0 0 0 459 565 0 0 0 0 0 421 603 0 0 0 0 0 
0 0 49 975 0 0 0 0 0 0 8 1016 0 0 0 0 0 5 1019 0 0 0 0 0 
0 0 0 1019 5 0 0 0 0 0 0 982 42 0 0 0 0 0 983 41 0 0 0 0 
0 4 129 481 410 0 0 0 0 27 123 268 606 0 0 0 52 117 317 538 0 0 0 0 
0 0 0 285 739 0 0 0 0 0 0 239 785 0 0 0 0 0 323 701 0 0 0 0 
0 0 2 110 639 165 108 0 0 0 1 98 467 286 172 0 0 2 110 509 189 214 0 0 
0 0 0 0 2 150 719 153 0 0 0 0 45 108 688 183 0 0 0 2 62 637 314 9 
0 0 0 0 0 2 68 954 0 0 0 0 0 6 68 950 0 0 0 0 9 69 305 641 
0 0 0 0 0 0 0 1024 0 0 0 0 0 0 3 1021 0 0 0 0 0 0 78 946 
0 0 0 0 0 0 117 907 0 0 0 0 0 0 54 970 0 0 0 0 0 0 152 872 
21 142 26 20 36 65 702 12 17 143 24 22 28 53 587 150 136 46 23 27 39 85 661 7 
290 375 20 11 17 20 270 21 437 222 19 11 17 12 32 274 495 161 17 14 13 13 20 291 
62 50 34 28 16 46 726 62 31 73 20 35 21 25 70 749 50 54 28 37 8 31 31 785 
90 44 36 20 21 13 755 45 30 85 37 31 16 25 1 799 52 68 34 29 18 23 5 795 
0 0 28 6 19 43 860 68 0 0 0 31 4 23 59 907 0 0 15 17 1 40 26 925 
75 46 18 18 10 39 805 13 55 55 18 20 14 13 210 639 70 35 20 17 15 12 123 732 
86 24 47 18 47 81 719 2 62 36 45 23 30 34 230 564 79 29 35 17 42 16 167 639 
82 52 27 47 33 218 565 0 67 55 18 37 30 38 295 484 86 35 20 36 18 47 224 558 
109 28 47 10 48 148 621 13 66 50 41 27 22 40 157 621 64 45 51 15 44 23 144 638 
92 41 27 16 48 70 708 22 60 40 54 6 52 13 125 674 61 66 11 23 41 38 76 708 
84 44 60 12 31 83 702 8 42 74 19 57 4 60 61 707 85 21 54 21 30 45 87 681 
70 41 45 9 30 77 745 7 50 34 44 23 41 16 146 670 53 49 26 35 37 24 162 638 
5 27 4 53 22 502 411 0 1 31 0 32 6 62 763 129 32 0 26 6 32 47 626 255 
550 239 41 31 34 118 11 0 616 156 35 26 36 50 105 0 652 135 40 24 34 92 47 0 
0 0 0 42 47 216 719 0 0 0 0 0 81 31 911 1 0 0 0 20 71 178 755 0 
0 0 0 137 42 39 806 0 0 0 0 0 152 42 807 23 0 0 0 24 145 35 818 2 
0 0 0 67 48 41 868 0 0 0 0 0 93 39 887 5 0 0 0 1 107 34 882 0 
0 0 0 12 49 121 842 0 0 0 0 1 37 54 928 4 0 0 0 16 47 397 564 0 
0 33 642 143 41 39 126 0 0 27 573 230 28 40 126 0 12 122 693 30 34 106 27 0 
0 0 912 112 0 0 0 0 0 0 533 491 0 0 0 0 0 4 1020 0 0 0 0 0 
0 0 224 386 105 48 38 223 0 0 42 543 141 41 29 228 0 0 529 161 55 28 32 219 
0 0 0 10 243 762 9 0 0 23 19 33 47 800 102 0 13 25 34 31 605 316 0 0 
0 0 0 76 256 687 5 0 8 94 120 150 42 571 39 0 21 130 198 49 461 165 0 0 
0 0 0 280 256 488 0 0 0 0 66 112 306 540 0 0 0 77 150 283 514 0 0 0 
0 0 0 689 335 0 0 0 0 0 0 506 518 0 0 0 0 0 722 302 0 0 0 0 
0 0 0 1017 7 0 0 0 0 0 0 992 32 0 0 0 0 0 983 41 0 0 0 0 
0 0 3 1021 0 0 0 0 0 0 1 1023 0 0 0 0 0 0 1024 0 0 0 0 0 
0 993 31 0 0 0 0 0 0 998 26 0 0 0 0 0 394 630 0 0 0 0 0 0 
2 779 243 0 0 0 0 0 8 917 99 0 0 0 0 0 417 607 0 0 0 0 0 0 
0 138 863 23 0 0 0 0 21 153 846 4 0 0 0 0 159 855 10 0 0 0 0 0 
0 0 763 261 0 0 0 0 0 0 540 484 0 0 0 0 0 474 550 0 0 0 0 0 
0 0 111 913 0 0 0 0 0 0 12 1012 0 0 0 0 0 6 1018 0 0 0 0 0 
0 0 0 1024 0 0 0 0 0 0 0 974 50 0 0 0 0 0 1014 10 0 0 0 0 
0 22 117 591 294 0 0 0 0 20 116 277 611 0 0 0 57 105 309 553 0 0 0 0 
0 0 0 382 642 0 0 0 0 0 0 128 896 0 0 0 0 0 303 720 1 0 0 0 
0 0 2 73 778 116 55 0 0 0 9 80 528 328 79 0 0 11 96 696 117 104 0 0 
0 0 0 1 429 240 287 67 0 0 0 0 429 181 344 70 0 0 0 329 247 355 79 14 
0 0 0 0 2 292 72 658 0 0 0 0 0 277 90 657 0 0 0 0 219 122 79 604 
0 0 0 0 2 196 78 748 0 0 0 0 0 189 92 743 0 0 0 0 61 203 89 671 
0 0 0 0 97 432 102 393 0 0 0 0 10 502 97 415 0 0 0 0 108 445 107 364 
1 78 52 89 244 83 443 34 10 62 46 75 221 94 385 131 57 40 76 71 212 97 435 36 
75 173 128 105 73 62 360 48 124 132 47 200 58 76 365 22 185 95 156 112 213 192 17 54 
12 11 7 11 13 86 793 91 5 15 9 9 17 64 856 49 10 12 9 17 215 576 49 136 
14 6 13 4 9 84 730 164 8 12 8 9 8 84 818 77 8 17 5 16 153 637 71 117 
0 0 4 6 8 120 765 121 0 0 0 2 9 111 826 76 0 0 0 4 201 635 82 102 
11 9 5 5 7 205 768 14 7 13 4 6 7 206 775 6 16 4 8 4 572 282 99 39 
12 7 9 6 13 212 763 2 8 11 4 11 9 456 510 15 10 8 7 21 798 61 86 33 
12 7 5 9 10 390 591 0 9 5 9 7 13 792 181 8 10 7 6 200 652 48 87 14 
12 4 7 9 13 713 266 0 6 7 8 8 20 864 106 5 8 6 9 497 380 34 76 14 
8 5 4 8 15 735 249 0 6 5 4 6 15 872 109 7 7 4 8 443 439 31 52 40 
5 3 8 3 17 565 423 0 5 3 7 4 15 882 102 6 8 6 4 324 567 32 69 14 
2 4 4 6 23 611 374 0 2 4 4 6 16 893 99 0 4 4 5 453 457 28 73 0 
1 1 1 4 11 777 229 0 0 1 2 3 22 925 70 1 1 2 3 687 231 47 53 0 
3 20 12 17 56 773 143 0 14 10 23 23 61 890 3 0 24 18 30 919 31 2 0 0 
0 0 0 7 117 391 509 0 0 0 0 0 140 255 628 1 0 0 4 289 79 319 333 0 
0 0 0 155 211 36 622 0 0 0 0 1 360 36 626 1 0 0 0 310 72 43 599 0 
0 0 0 340 150 73 461 0 0 0 0 14 472 40 494 4 0 0 0 474 29 140 381 0 
0 0 0 487 121 213 203 0 0 0 0 35 568 59 362 0 0 0 2 582 51 380 9 0 
0 40 749 155 36 23 21 0 0 36 757 109 77 16 27 2 21 165 697 94 18 28 1 0 
0 0 1021 3 0 0 0 0 0 0 993 31 0 0 0 0 0 267 757 0 0 0 0 0 
0 0 533 164 52 21 40 214 0 7 495 153 87 28 32 222 1 152 487 75 39 26 35 209 
0 0 721 111 92 100 0 0 0 0 399 413 53 152 7 0 0 62 737 55 150 20 0 0 
0 0 268 506 110 140 0 0 0 0 4 743 100 177 0 0 0 0 703 109 190 22 0 0 
0 0 74 551 305 94 0 0 0 0 29 541 325 129 0 0 0 96 500 287 141 0 0 0 
0 0 0 837 187 0 0 0 0 0 0 488 536 0 0 0 0 0 746 278 0 0 0 0 
0 0 0 1024 0 0 0 0 0 0 0 1024 0 0 0 0 0 0 1024 0 0 0 0 0 
0 0 8 1016 0 0 0 0 0 0 5 1019 0 0 0 0 0 3 1021 0 0 0 0 0 
0 887 137 0 0 0 0 0 0 925 99 0 0 0 0 0 287 737 0 0 0 0 0 0 
0 709 315 0 0 0 0 0 0 884 140 0 0 0 0 0 306 718 0 0 0 0 0 0 
0 196 821 7 0 0 0 0 31 232 756 5 0 0 0 0 215 786 23 0 0 0 0 0 
0 2 966 56 0 0 0 0 0 5 851 168 0 0 0 0 0 837 187 0 0 0 0 0 
0 0 726 298 0 0 0 0 0 0 716 308 0 0 0 0 0 494 530 0 0 0 0 0 
0 0 684 340 0 0 0 0 0 0 570 453 1 0 0 0 0 136 887 1 0 0 0 0 
0 0 200 818 6 0 0 0 0 0 30 981 13 0 0 0 0 8 975 41 0 0 0 0 
0 0 0 319 705 0 0 0 0 0 0 128 896 0 0 0 0 0 296 728 0 0 0 0 
0 0 0 77 769 142 36 0 0 0 0 87 465 445 27 0 0 13 97 639 237 36 2 0 
0 0 0 0 464 68 383 109 0 0 0 0 461 65 305 193 0 0 0 404 108 146 343 23 
0 0 0 0 6 126 36 856 0 0 0 0 6 128 35 855 0 0 0 3 82 70 43 826 
0 0 0 0 0 0 0 1024 0 0 0 0 0 0 0 1024 0 0 0 0 0 0 0 1024 
0 0 0 0 0 0 74 950 0 0 0 0 0 0 96 928 0 0 0 0 0 75 58 891 
0 1 56 76 124 190 500 77 0 0 17 86 125 221 381 194 0 0 56 113 225 230 334 66 
0 7 175 187 152 135 365 3 0 10 90 194 231 234 265 0 0 30 153 286 371 184 0 0 
0 0 0 0 0 243 779 2 0 0 0 0 0 400 624 0 0 0 0 0 811 213 0 0 
0 0 0 0 0 274 746 4 0 0 0 0 0 511 513 0 0 0 0 0 731 293 0 0 
0 0 0 0 0 262 756 6 0 0 0 0 0 485 539 0 0 0 0 0 636 388 0 0 
0 0 0 0 0 535 489 0 0 0 0 0 0 841 183 0 0 0 0 36 927 61 0 0 
0 0 0 0 0 704 320 0 0 0 0 0 33 936 55 0 0 0 0 253 769 2 0 0 
0 0 0 0 3 923 98 0 0 0 0 0 165 859 0 0 0 0 0 747 277 0 0 0 
0 0 0 0 47 975 2 0 0 0 0 0 409 615 0 0 0 0 8 826 190 0 0 0 
0 0 0 0 35 989 0 0 0 0 0 0 279 745 0 0 0 0 1 807 216 0 0 0 
0 0 0 0 1 1001 22 0 0 0 0 0 197 826 1 0 0 0 0 694 330 0 0 0 
0 0 0 0 32 938 54 0 0 0 0 0 137 887 0 0 0 0 0 781 243 0 0 0 
0 0 0 0 0 1014 10 0 0 0 0 0 284 740 0 0 0 0 0 980 44 0 0 0 
0 0 0 0 24 997 3 0 0 0 0 0 326 698 0 0 0 0 1 1017 6 0 0 0 
0 0 0 0 23 888 113 0 0 0 0 0 167 625 230 2 0 0 2 341 323 306 52 0 
0 0 0 0 9 616 399 0 0 0 0 0 35 498 490 1 0 0 0 225 211 231 357 0 
0 0 0 0 33 434 557 0 0 0 0 0 99 289 633 3 0 0 0 256 124 237 407 0 
0 0 0 0 13 735 276 0 0 0 0 0 62 146 816 0 0 0 1 110 68 837 8 0 
0 0 798 74 34 50 68 0 0 0 792 87 37 42 66 0 0 228 652 35 47 62 0 0 
0 0 1009 15 0 0 0 0 0 0 809 215 0 0 0 0 0 77 947 0 0 0 0 0 
0 0 371 209 158 44 19 223 0 0 122 430 168 48 34 222 0 1 506 168 80 21 40 208 
0 0 4 67 275 678 0 0 0 0 1 52 69 902 0 0 0 0 36 61 911 16 0 0 
0 0 3 182 219 620 0 0 0 0 0 161 87 776 0 0 0 0 152 84 788 0 0 0 
0 0 22 469 429 104 0 0 0 0 80 323 353 268 0 0 3 130 297 346 248 0 0 0 
0 0 0 911 113 0 0 0 0 0 0 574 450 0 0 0 0 0 816 208 0 0 0 0 
0 0 0 1022 2 0 0 0 0 0 0 1022 2 0 0 0 0 0 1023 1 0 0 0 0 
0 0 5 1019 0 0 0 0 0 0 1 1023 0 0 0 0 0 1 1023 0 0 0 0 0 
0 879 145 0 0 0 0 0 0 915 109 0 0 0 0 0 323 701 0 0 0 0 0 0 
0 621 403 0 0 0 0 0 0 810 214 0 0 0 0 0 240 784 0 0 0 0 0 0 
0 304 718 2 0 0 0 0 16 312 696 0 0 0 0 0 281 678 65 0 0 0 0 0 
0 0 1024 0 0 0 0 0 0 0 1022 2 0 0 0 0 0 658 366 0 0 0 0 0 
0 1 928 95 0 0 0 0 0 0 931 93 0 0 0 0 0 485 539 0 0 0 0 0 
0 0 556 468 0 0 0 0 0 0 409 600 15 0 0 0 0 27 990 7 0 0 0 0 
0 0 135 644 245 0 0 0 0 5 110 540 369 0 0 0 30 92 543 359 0 0 0 0 
0 0 0 218 806 0 0 0 0 0 0 93 907 24 0 0 0 0 296 727 1 0 0 0 
0 0 0 62 419 459 75 9 0 0 0 66 198 680 80 0 0 5 80 269 590 74 6 0 
0 0 0 0 0 0 655 369 0 0 0 0 0 0 432 592 0 0 0 0 0 27 861 136 
0 0 0 0 0 0 4 1020 0 0 0 0 0 0 4 1020 0 0 0 0 0 4 28 992 
0 0 0 0 0 0 0 1024 0 0 0 0 0 0 0 1024 0 0 0 0 0 0 438 586 
0 0 0 0 0 0 240 784 0 0 0 0 0 0 197 827 0 0 0 0 0 18 716 290 
0 0 0 0 113 183 728 0 0 0 0 0 71 140 763 50 0 0 0 60 113 392 459 0 
0 0 0 3 572 127 322 0 0 0 0 0 555 149 320 0 0 0 7 406 285 267 59 0 
0 0 0 0 19 88 916 1 0 0 0 0 9 84 925 6 0 0 0 0 88 642 292 2 
0 0 0 0 19 54 951 0 0 0 0 0 0 62 925 37 0 0 0 0 55 543 426 0 
0 0 0 0 7 38 978 1 0 0 0 0 0 45 908 71 0 0 0 0 41 540 418 25 
0 0 0 0 24 138 862 0 0 0 0 0 0 109 912 3 0 0 0 0 137 599 288 0 
0 0 0 0 18 306 700 0 0 0 0 0 0 246 774 4 0 0 0 0 316 394 314 0 
0 0 0 0 9 480 535 0 0 0 0 0 0 407 615 2 0 0 0 0 392 341 291 0 
0 0 0 0 8 552 464 0 0 0 0 0 0 463 517 44 0 0 0 0 370 291 352 11 
0 0 0 0 0 476 548 0 0 0 0 0 0 326 518 180 0 0 0 0 278 356 386 4 
0 0 0 0 0 423 601 0 0 0 0 0 0 288 493 243 0 0 0 0 224 344 405 51 
0 0 0 0 0 325 699 0 0 0 0 0 0 266 377 381 0 0 0 0 255 206 378 185 
0 0 0 0 0 308 489 227 0 0 0 0 0 248 268 508 0 0 0 2 237 172 287 326 
0 0 0 0 0 352 505 167 0 0 0 0 0 322 282 420 0 0 0 132 181 155 303 253 
0 0 0 0 0 288 202 534 0 0 0 0 0 147 268 609 0 0 0 17 63 260 167 517 
0 0 0 0 0 276 175 573 0 0 0 0 0 58 347 619 0 0 0 0 0 308 174 542 
0 0 0 0 16 305 135 568 0 0 0 0 26 187 214 597 0 0 0 39 136 202 116 531 
0 0 0 0 171 256 63 534 0 0 0 0 219 191 65 549 0 0 15 277 123 71 26 512 
0 1 618 74 36 37 20 238 0 1 482 222 50 16 14 239 0 89 619 55 4 8 19 230 
0 0 619 148 9 6 7 235 0 0 331 432 13 6 6 236 0 8 743 21 6 8 6 232 
0 0 166 297 162 62 26 311 0 0 10 438 131 104 33 308 0 2 310 231 102 52 25 302 
0 0 0 1 268 755 0 0 0 0 0 1 166 856 1 0 0 0 47 147 802 28 0 0 
0 0 0 0 330 694 0 0 0 0 0 0 55 969 0 0 0 0 0 69 955 0 0 0 
0 0 20 386 439 179 0 0 0 0 74 147 487 316 0 0 0 121 266 341 296 0 0 0 
0 0 0 920 104 0 0 0 0 0 0 749 275 0 0 0 0 0 956 68 0 0 0 0 
0 0 0 1024 0 0 0 0 0 0 0 1024 0 0 0 0 0 0 1024 0 0 0 0 0 
0 0 74 950 0 0 0 0 0 0 83 941 0 0 0 0 0 63 961 0 0 0 0 0 
0 925 99 0 0 0 0 0 0 969 55 0 0 0 0 0 524 500 0 0 0 0 0 0 
0 628 396 0 0 0 0 0 0 871 153 0 0 0 0 0 209 815 0 0 0 0 0 0 
4 362 657 1 0 0 0 0 25 376 622 1 0 0 0 0 321 674 29 0 0 0 0 0 
0 0 931 93 0 0 0 0 0 0 850 174 0 0 0 0 0 692 332 0 0 0 0 0 
0 0 346 678 0 0 0 0 0 0 123 901 0 0 0 0 0 119 905 0 0 0 0 0 
0 0 0 1020 4 0 0 0 0 0 0 1004 20 0 0 0 0 0 1004 20 0 0 0 0 
0 37 76 415 496 0 0 0 0 21 86 164 753 0 0 0 41 74 180 729 0 0 0 0 
0 0 21 100 898 5 0 0 0 3 31 94 804 92 0 0 1 38 145 833 7 0 0 0 
0 0 0 16 169 792 42 5 0 0 0 42 82 872 28 0 0 0 31 157 799 36 1 0 
0 0 0 0 2 182 677 163 0 0 0 0 4 210 578 232 0 0 0 62 306 260 378 18 
0 0 0 0 0 0 190 834 0 0 0 0 0 1 201 822 0 0 0 0 1 168 556 299 
0 0 0 0 0 0 18 1006 0 0 0 0 0 0 4 1020 0 0 0 0 0 0 324 700 
0 0 0 0 0 217 474 333 0 0 0 0 0 60 560 404 0 0 0 0 1 333 519 171 
0 0 0 13 91 775 145 0 0 0 0 0 69 512 443 0 0 0 13 77 149 768 17 0 
0 0 12 524 335 116 37 0 0 0 0 445 378 101 97 3 0 1 470 318 66 97 72 0 
0 0 0 45 193 477 309 0 0 0 0 6 136 208 670 4 0 0 0 61 162 285 516 0 
0 0 0 19 147 455 403 0 0 0 0 0 61 262 617 84 0 0 1 59 75 334 544 11 
0 0 0 15 172 424 413 0 0 0 0 1 77 233 556 157 0 0 0 33 96 358 415 122 
0 0 0 48 280 413 283 0 0 0 0 3 170 293 531 27 0 0 1 94 222 266 435 6 
0 0 0 53 371 377 223 0 0 0 0 1 251 333 429 10 0 0 7 102 282 254 378 1 
0 0 0 123 370 356 175 0 0 0 0 29 220 332 442 1 0 0 5 106 284 264 364 1 
0 0 2 105 383 350 184 0 0 0 0 41 203 354 405 21 0 0 29 104 263 257 370 1 
0 0 7 111 337 380 189 0 0 0 0 46 222 300 404 52 0 0 36 89 249 287 354 9 
0 0 3 135 390 323 173 0 0 0 0 65 233 291 346 89 0 2 54 139 215 260 349 5 
0 0 3 140 375 319 186 1 0 0 0 64 230 302 329 99 0 0 40 202 163 311 267 41 
0 0 0 101 488 237 198 0 0 0 0 15 374 291 263 81 0 0 18 237 331 187 200 51 
0 0 0 281 439 161 139 4 0 0 0 202 398 218 176 30 0 0 192 357 215 103 139 18 
0 0 0 0 172 604 176 72 0 0 0 0 0 728 154 142 0 0 0 5 613 166 136 104 
0 0 0 0 32 815 105 72 0 0 0 0 0 816 82 126 0 0 0 0 596 248 87 93 
0 0 0 0 331 577 34 82 0 0 0 0 37 858 41 88 0 0 0 49 725 134 28 88 
0 0 0 0 584 379 18 43 0 0 0 0 249 706 22 47 0 0 0 228 627 115 14 40 
0 0 1 623 321 45 2 32 0 0 0 557 350 75 10 32 0 42 495 314 109 32 0 32 
0 0 3 701 191 33 32 64 0 0 0 580 240 97 34 73 0 22 572 183 116 34 33 64 
0 0 0 294 311 112 74 233 0 0 0 230 344 131 58 261 0 2 217 314 135 66 46 244 
0 0 0 59 965 0 0 0 0 0 0 113 911 0 0 0 0 0 316 691 17 0 0 0 
0 0 0 261 736 27 0 0 0 0 0 355 660 9 0 0 0 1 852 170 1 0 0 0 
0 0 2 595 413 14 0 0 0 0 20 603 382 19 0 0 0 224 683 106 11 0 0 0 
0 0 5 579 440 0 0 0 0 0 7 734 283 0 0 0 0 134 825 65 0 0 0 0 
0 0 0 908 116 0 0 0 0 0 0 1015 9 0 0 0 0 61 963 0 0 0 0 0 
0 0 83 926 15 0 0 0 0 38 109 877 0 0 0 0 38 158 828 0 0 0 0 0 
0 1017 7 0 0 0 0 0 0 1017 7 0 0 0 0 0 835 189 0 0 0 0 0 0 
0 719 305 0 0 0 0 0 0 970 54 0 0 0 0 0 336 688 0 0 0 0 0 0 
0 409 611 4 0 0 0 0 31 465 522 6 0 0 0 0 389 629 6 0 0 0 0 0 
0 0 868 156 0 0 0 0 0 0 762 262 0 0 0 0 0 743 281 0 0 0 0 0 
0 0 171 853 0 0 0 0 0 0 31 993 0 0 0 0 0 17 1007 0 0 0 0 0 
0 0 0 1024 0 0 0 0 0 0 0 1022 2 0 0 0 0 0 1022 2 0 0 0 0 
0 11 40 460 513 0 0 0 0 0 46 337 641 0 0 0 14 50 317 643 0 0 0 0 
0 0 85 91 721 127 0 0 0 47 56 200 677 44 0 0 51 61 344 555 13 0 0 0 
0 0 0 39 698 287 0 0 0 0 0 42 709 273 0 0 0 0 430 571 23 0 0 0 
0 0 0 0 62 854 108 0 0 0 0 0 74 643 307 0 0 0 4 134 515 370 1 0 
0 0 0 0 0 70 580 374 0 0 0 0 0 12 544 468 0 0 0 0 3 291 588 142 
0 0 0 0 0 3 697 324 0 0 0 0 0 5 578 441 0 0 0 0 0 387 637 0 
0 0 0 0 0 417 607 0 0 0 0 0 0 169 855 0 0 0 0 0 0 811 213 0 
0 0 0 39 227 758 0 0 0 0 0 0 167 807 50 0 0 0 31 119 649 225 0 0 
0 0 488 494 42 0 0 0 0 0 358 608 45 13 0 0 0 492 447 61 24 0 0 0 
0 0 178 590 256 0 0 0 0 0 43 459 390 132 0 0 0 32 318 468 206 0 0 0 
0 0 71 623 318 12 0 0 0 0 13 426 424 161 0 0 0 0 296 423 275 30 0 0 
0 0 112 627 282 3 0 0 0 0 9 448 429 138 0 0 0 2 249 503 263 7 0 0 
0 0 43 789 192 0 0 0 0 0 0 697 316 11 0 0 0 0 413 500 111 0 0 0 
0 0 42 828 154 0 0 0 0 0 0 717 305 2 0 0 0 0 472 485 67 0 0 0 
0 0 123 821 80 0 0 0 0 0 6 740 278 0 0 0 0 0 630 356 38 0 0 0 
0 0 194 767 63 0 0 0 0 0 74 737 213 0 0 0 0 5 677 329 13 0 0 0 
0 0 331 665 28 0 0 0 0 0 11 802 211 0 0 0 0 2 682 338 2 0 0 0 
0 0 330 670 24 0 0 0 0 0 35 829 160 0 0 0 0 15 666 343 0 0 0 0 
0 0 39 985 0 0 0 0 0 0 0 848 176 0 0 0 0 0 665 359 0 0 0 0 
0 0 0 935 89 0 0 0 0 0 0 183 841 0 0 0 0 0 83 939 2 0 0 0 
0 0 0 503 521 0 0 0 0 0 0 62 962 0 0 0 0 0 89 919 16 0 0 0 
0 0 0 0 1017 7 0 0 0 0 0 0 635 389 0 0 0 0 0 188 836 0 0 0 
0 0 0 0 961 63 0 0 0 0 0 0 173 851 0 0 0 0 0 0 1024 0 0 0 
0 0 0 0 1021 3 0 0 0 0 0 0 61 963 0 0 0 0 0 6 1018 0 0 0 
0 0 0 2 1022 0 0 0 0 0 0 0 806 218 0 0 0 0 0 406 618 0 0 0 
0 0 626 377 21 0 0 0 0 0 434 567 23 0 0 0 0 343 659 22 0 0 0 0 
0 0 916 108 0 0 0 0 0 0 425 599 0 0 0 0 0 455 569 0 0 0 0 0 
0 0 120 367 246 117 113 61 0 0 23 432 264 108 89 108 0 17 395 286 95 78 124 29 
0 0 0 722 302 0 0 0 0 0 0 408 616 0 0 0 0 0 398 626 0 0 0 0 
0 0 0 882 142 0 0 0 0 0 0 409 615 0 0 0 0 0 607 417 0 0 0 0 
0 0 232 792 0 0 0 0 0 0 106 904 14 0 0 0 0 292 724 8 0 0 0 0 
0 0 552 472 0 0 0 0 0 0 385 639 0 0 0 0 0 750 274 0 0 0 0 0 
0 0 799 225 0 0 0 0 0 0 837 187 0 0 0 0 4 977 43 0 0 0 0 0 
0 10 701 296 17 0 0 0 2 125 625 272 0 0 0 0 109 731 184 0 0 0 0 0 
0 1009 15 0 0 0 0 0 0 1009 15 0 0 0 0 0 794 230 0 0 0 0 0 0 
0 534 490 0 0 0 0 0 0 854 170 0 0 0 0 0 237 787 0 0 0 0 0 0 
0 439 566 19 0 0 0 0 16 521 481 6 0 0 0 0 370 640 14 0 0 0 0 0 
0 0 921 103 0 0 0 0 0 0 691 333 0 0 0 0 0 761 263 0 0 0 0 0 
0 0 274 750 0 0 0 0 0 0 170 854 0 0 0 0 0 313 711 0 0 0 0 0 
0 0 128 893 3 0 0 0 0 0 157 865 2 0 0 0 1 404 617 2 0 0 0 0 
0 0 305 579 140 0 0 0 0 0 359 611 54 0 0 0 0 631 393 0 0 0 0 0 
0 2 196 821 5 0 0 0 0 15 212 797 0 0 0 0 48 254 722 0 0 0 0 0 
0 0 0 922 102 0 0 0 0 0 0 670 354 0 0 0 0 0 817 207 0 0 0 0 
0 0 0 62 746 216 0 0 0 0 0 60 627 337 0 0 0 0 75 573 376 0 0 0 
0 0 0 0 200 631 193 0 0 0 0 0 93 622 308 1 0 0 0 65 544 402 13 0 
0 0 0 0 0 22 1002 0 0 0 0 0 0 9 1015 0 0 0 0 0 0 1019 5 0 
0 0 0 0 0 444 580 0 0 0 0 0 0 222 802 0 0 0 0 0 0 648 376 0 
0 0 0 41 741 242 0 0 0 0 0 0 413 610 1 0 0 0 0 290 596 138 0 0 
0 0 540 462 22 0 0 0 0 0 504 498 22 0 0 0 0 351 645 28 0 0 0 0 
0 0 564 460 0 0 0 0 0 0 441 583 0 0 0 0 0 177 847 0 0 0 0 0 
0 0 331 693 0 0 0 0 0 0 166 858 0 0 0 0 0 21 1003 0 0 0 0 0 
0 0 243 781 0 0 0 0 0 0 132 892 0 0 0 0 0 17 1007 0 0 0 0 0 
0 0 461 563 0 0 0 0 0 0 283 741 0 0 0 0 0 26 998 0 0 0 0 0 
0 0 635 389 0 0 0 0 0 0 541 483 0 0 0 0 0 54 970 0 0 0 0 0 
0 0 976 48 0 0 0 0 0 0 793 231 0 0 0 0 0 334 690 0 0 0 0 0 
0 0 1019 5 0 0 0 0 0 0 902 122 0 0 0 0 0 600 424 0 0 0 0 0 
0 0 945 78 1 0 0 0 0 0 860 164 0 0 0 0 0 502 522 0 0 0 0 0 
0 0 1001 23 0 0 0 0 0 0 713 311 0 0 0 0 0 583 441 0 0 0 0 0 
0 0 442 582 0 0 0 0 0 0 159 863 2 0 0 0 0 68 953 3 0 0 0 0 
0 0 0 948 76 0 0 0 0 0 0 384 640 0 0 0 0 0 174 850 0 0 0 0 
0 0 0 33 991 0 0 0 0 0 0 1 1023 0 0 0 0 0 0 1024 0 0 0 0 
0 0 0 0 1024 0 0 0 0 0 0 0 1018 6 0 0 0 0 0 981 43 0 0 0 
0 0 0 0 1024 0 0 0 0 0 0 0 906 118 0 0 0 0 0 639 385 0 0 0 
0 0 0 0 1018 6 0 0 0 0 0 0 465 559 0 0 0 0 0 141 883 0 0 0 
0 0 0 8 984 32 0 0 0 0 0 0 536 488 0 0 0 0 0 319 705 0 0 0 
0 0 757 259 8 0 0 0 0 0 741 269 14 0 0 0 0 672 336 16 0 0 0 0 
0 0 848 176 0 0 0 0 0 0 651 351 22 0 0 0 0 450 509 65 0 0 0 0 
0 0 50 454 287 202 31 0 0 0 3 330 431 221 39 0 0 1 229 485 176 131 2 0 
0 0 12 1012 0 0 0 0 0 0 0 1024 0 0 0 0 0 0 1011 13 0 0 0 0 
0 0 45 979 0 0 0 0 0 0 4 1020 0 0 0 0 0 4 1020 0 0 0 0 0 
0 0 724 300 0 0 0 0 0 0 498 526 0 0 0 0 0 641 383 0 0 0 0 0 
0 0 970 54 0 0 0 0 0 0 941 83 0 0 0 0 0 991 33 0 0 0 0 0 
0 0 1024 0 0 0 0 0 0 0 1014 10 0 0 0 0 0 1024 0 0 0 0 0 0 
0 19 1005 0 0 0 0 0 0 95 929 0 0 0 0 0 34 990 0 0 0 0 0 0 
0 931 93 0 0 0 0 0 0 1011 13 0 0 0 0 0 692 332 0 0 0 0 0 0 
0 400 624 0 0 0 0 0 0 713 311 0 0 0 0 0 119 905 0 0 0 0 0 0 
2 416 558 48 0 0 0 0 32 561 427 4 0 0 0 0 454 554 16 0 0 0 0 0 
0 0 907 117 0 0 0 0 0 36 933 55 0 0 0 0 60 940 24 0 0 0 0 0 
0 24 620 380 0 0 0 0 0 16 788 220 0 0 0 0 99 917 8 0 0 0 0 0 
0 0 1002 22 0 0 0 0 0 1 1005 18 0 0 0 0 4 1020 0 0 0 0 0 0 
0 0 892 132 0 0 0 0 0 0 683 341 0 0 0 0 0 695 329 0 0 0 0 0 
0 4 728 292 0 0 0 0 0 6 525 493 0 0 0 0 8 696 320 0 0 0 0 0 
0 0 78 946 0 0 0 0 0 0 1 1022 1 0 0 0 0 34 990 0 0 0 0 0 
0 0 0 798 226 0 0 0 0 0 0 613 411 0 0 0 0 0 496 528 0 0 0 0 
0 0 0 7 314 702 1 0 0 0 0 4 294 720 6 0 0 0 3 286 729 6 0 0 
0 0 0 0 0 810 214 0 0 0 0 0 0 630 394 0 0 0 0 0 734 290 0 0 
0 0 0 0 66 792 166 0 0 0 0 0 5 601 418 0 0 0 0 0 73 924 27 0 
0 0 0 86 877 61 0 0 0 0 0 80 766 178 0 0 0 0 52 600 359 13 0 0 
0 0 26 986 12 0 0 0 0 0 10 1006 8 0 0 0 0 63 950 11 0 0 0 0 
0 0 8 1016 0 0 0 0 0 0 15 1009 0 0 0 0 0 17 1007 0 0 0 0 0 
0 0 0 1018 6 0 0 0 0 0 2 1022 0 0 0 0 0 0 1024 0 0 0 0 0 
0 0 0 1024 0 0 0 0 0 0 0 1024 0 0 0 0 0 0 1024 0 0 0 0 0 
0 0 193 831 0 0 0 0 0 0 361 663 0 0 0 0 0 351 673 0 0 0 0 0 
0 0 439 585 0 0 0 0 0 0 680 344 0 0 0 0 0 486 538 0 0 0 0 0 
0 0 932 92 0 0 0 0 0 0 931 93 0 0 0 0 0 739 285 0 0 0 0 0 
0 1 975 48 0 0 0 0 0 1 997 26 0 0 0 0 0 885 139 0 0 0 0 0 
0 0 913 111 0 0 0 0 0 0 736 288 0 0 0 0 0 762 262 0 0 0 0 0 
0 0 578 446 0 0 0 0 0 0 378 646 0 0 0 0 0 471 553 0 0 0 0 0 
0 0 146 878 0 0 0 0 0 0 25 999 0 0 0 0 0 46 978 0 0 0 0 0 
0 0 0 552 472 0 0 0 0 0 0 389 635 0 0 0 0 0 292 732 0 0 0 0 
0 0 0 0 1024 0 0 0 0 0 0 0 1024 0 0 0 0 0 0 1024 0 0 0 0 
0 0 0 0 1022 2 0 0 0 0 0 0 1005 19 0 0 0 0 0 1024 0 0 0 0 
0 0 0 0 813 211 0 0 0 0 0 0 587 437 0 0 0 0 0 683 341 0 0 0 
0 0 0 0 236 788 0 0 0 0 0 0 32 992 0 0 0 0 0 78 946 0 0 0 
0 0 0 0 346 678 0 0 0 0 0 0 202 822 0 0 0 0 0 227 797 0 0 0 
0 0 248 674 102 0 0 0 0 0 109 799 116 0 0 0 0 78 843 103 0 0 0 0 
0 0 559 465 0 0 0 0 0 0 277 745 2 0 0 0 0 122 864 38 0 0 0 0 
0 0 36 227 418 322 21 0 0 0 0 174 430 388 32 0 0 0 74 424 388 138 0 0 
0 0 1 1012 11 0 0 0 0 0 1 1003 20 0 0 0 0 0 943 81 0 0 0 0 
0 0 228 796 0 0 0 0 0 0 36 988 0 0 0 0 0 14 1010 0 0 0 0 0 
0 0 977 47 0 0 0 0 0 0 891 133 0 0 0 0 0 875 149 0 0 0 0 0 
0 1 1021 2 0 0 0 0 0 1 1020 3 0 0 0 0 1 1016 7 0 0 0 0 0 
0 10 1013 1 0 0 0 0 0 8 1015 1 0 0 0 0 0 1023 1 0 0 0 0 0 
0 53 971 0 0 0 0 0 0 255 769 0 0 0 0 0 28 996 0 0 0 0 0 0 
0 806 218 0 0 0 0 0 0 959 65 0 0 0 0 0 429 595 0 0 0 0 0 0 
0 186 834 4 0 0 0 0 0 434 590 0 0 0 0 0 251 773 0 0 0 0 0 0 
0 443 579 2 0 0 0 0 0 552 472 0 0 0 0 0 536 488 0 0 0 0 0 0 
0 338 686 0 0 0 0 0 0 815 209 0 0 0 0 0 593 431 0 0 0 0 0 0 
0 106 918 0 0 0 0 0 0 237 787 0 0 0 0 0 123 901 0 0 0 0 0 0 
0 3 1021 0 0 0 0 0 0 9 1015 0 0 0 0 0 1 1023 0 0 0 0 0 0 
0 0 1021 3 0 0 0 0 0 0 1010 14 0 0 0 0 6 992 26 0 0 0 0 0 
0 1 1021 2 0 0 0 0 0 1 985 38 0 0 0 0 33 991 0 0 0 0 0 0 
0 0 553 471 0 0 0 0 0 0 305 719 0 0 0 0 0 497 527 0 0 0 0 0 
0 0 30 896 98 0 0 0 0 0 21 810 193 0 0 0 0 48 801 175 0 0 0 0 
0 0 0 20 642 362 0 0 0 0 0 11 538 475 0 0 0 0 26 800 198 0 0 0 
0 0 0 0 312 712 0 0 0 0 0 0 328 696 0 0 0 0 0 708 316 0 0 0 
0 0 0 0 639 385 0 0 0 0 0 0 426 598 0 0 0 0 0 171 743 110 0 0 
0 0 0 484 540 0 0 0 0 0 0 450 562 12 0 0 0 6 439 524 55 0 0 0 
0 0 5 1013 6 0 0 0 0 0 55 969 0 0 0 0 0 415 609 0 0 0 0 0 
0 0 14 1009 1 0 0 0 0 0 56 968 0 0 0 0 0 710 314 0 0 0 0 0 
0 0 16 1000 8 0 0 0 0 0 5 1019 0 0 0 0 0 329 695 0 0 0 0 0 
0 0 0 1021 3 0 0 0 0 0 0 1024 0 0 0 0 0 351 673 0 0 0 0 0 
0 0 50 973 1 0 0 0 0 0 277 747 0 0 0 0 0 763 261 0 0 0 0 0 
0 0 27 997 0 0 0 0 0 0 429 595 0 0 0 0 0 943 81 0 0 0 0 0 
0 0 212 812 0 0 0 0 0 0 684 340 0 0 0 0 0 977 47 0 0 0 0 0 
0 0 291 733 0 0 0 0 0 0 529 495 0 0 0 0 2 1017 5 0 0 0 0 0 
0 0 97 927 0 0 0 0 0 0 280 744 0 0 0 0 0 984 40 0 0 0 0 0 
0 0 62 948 14 0 0 0 0 0 36 988 0 0 0 0 0 613 411 0 0 0 0 0 
0 0 6 733 285 0 0 0 0 0 8 1005 11 0 0 0 0 283 741 0 0 0 0 0 
0 0 0 86 937 1 0 0 0 0 0 149 873 2 0 0 0 0 663 361 0 0 0 0 
0 0 0 0 1005 19 0 0 0 0 0 0 1003 21 0 0 0 0 12 1012 0 0 0 0 
0 0 0 0 827 197 0 0 0 0 0 0 894 130 0 0 0 0 1 1021 2 0 0 0 
0 0 0 0 138 886 0 0 0 0 0 0 268 756 0 0 0 0 0 839 185 0 0 0 
0 0 0 0 5 1019 0 0 0 0 0 0 4 1020 0 0 0 0 0 131 893 0 0 0 
0 0 0 0 207 817 0 0 0 0 0 0 202 822 0 0 0 0 0 256 768 0 0 0 
0 0 0 582 442 0 0 0 0 0 0 533 491 0 0 0 0 1 446 575 2 0 0 0 
0 0 10 948 66 0 0 0 0 0 13 671 340 0 0 0 0 13 572 439 0 0 0 0 
0 0 0 192 726 70 27 9 0 0 0 40 755 185 30 14 0 0 26 639 300 38 19 2 
0 0 12 1010 2 0 0 0 0 0 0 982 42 0 0 0 0 0 954 70 0 0 0 0 
0 0 261 763 0 0 0 0 0 0 147 877 0 0 0 0 0 115 909 0 0 0 0 0 
0 0 978 46 0 0 0 0 0 0 1003 21 0 0 0 0 0 1005 19 0 0 0 0 0 
0 1 1023 0 0 0 0 0 0 1 1023 0 0 0 0 0 0 1023 1 0 0 0 0 0 
0 29 995 0 0 0 0 0 0 104 920 0 0 0 0 0 52 972 0 0 0 0 0 0 
0 301 723 0 0 0 0 0 0 520 504 0 0 0 0 0 196 828 0 0 0 0 0 0 
0 422 602 0 0 0 0 0 0 568 456 0 0 0 0 0 503 521 0 0 0 0 0 0 
0 789 234 1 0 0 0 0 0 867 157 0 0 0 0 0 873 151 0 0 0 0 0 0 
0 921 103 0 0 0 0 0 2 1022 0 0 0 0 0 0 1019 5 0 0 0 0 0 0 
0 728 296 0 0 0 0 0 0 862 162 0 0 0 0 0 600 424 0 0 0 0 0 0 
0 557 467 0 0 0 0 0 0 599 425 0 0 0 0 0 196 828 0 0 0 0 0 0 
0 301 723 0 0 0 0 0 0 326 698 0 0 0 0 0 44 980 0 0 0 0 0 0 
0 169 854 1 0 0 0 0 0 162 862 0 0 0 0 0 7 1017 0 0 0 0 0 0 
0 8 1016 0 0 0 0 0 0 29 992 3 0 0 0 0 7 1012 5 0 0 0 0 0 
0 0 987 37 0 0 0 0 0 0 939 85 0 0 0 0 0 906 118 0 0 0 0 0 
0 0 171 841 12 0 0 0 0 0 80 929 15 0 0 0 0 78 910 36 0 0 0 0 
0 0 0 284 740 0 0 0 0 0 0 169 855 0 0 0 0 0 355 669 0 0 0 0 
0 0 0 52 972 0 0 0 0 0 0 81 943 0 0 0 0 0 291 733 0 0 0 0 
0 0 0 376 648 0 0 0 0 0 0 312 712 0 0 0 0 0 383 641 0 0 0 0 
0 0 1 987 36 0 0 0 0 0 3 985 36 0 0 0 0 81 851 92 0 0 0 0 
0 0 17 1007 0 0 0 0 0 0 355 669 0 0 0 0 0 898 126 0 0 0 0 0 
0 0 78 946 0 0 0 0 0 0 411 613 0 0 0 0 0 1010 14 0 0 0 0 0 
0 0 7 1017 0 0 0 0 0 0 280 744 0 0 0 0 0 967 57 0 0 0 0 0 
0 0 12 1012 0 0 0 0 0 0 214 810 0 0 0 0 0 988 36 0 0 0 0 0 
0 0 11 1013 0 0 0 0 0 0 326 698 0 0 0 0 0 987 37 0 0 0 0 0 
0 0 1 1023 0 0 0 0 0 0 290 734 0 0 0 0 0 1024 0 0 0 0 0 0 
0 0 5 1019 0 0 0 0 0 0 335 689 0 0 0 0 0 1018 6 0 0 0 0 0 
0 0 3 1021 0 0 0 0 0 0 77 947 0 0 0 0 0 979 45 0 0 0 0 0 
0 0 0 996 28 0 0 0 0 0 3 1021 0 0 0 0 0 677 347 0 0 0 0 0 
0 0 0 910 114 0 0 0 0 0 0 1015 9 0 0 0 0 13 1011 0 0 0 0 0 
0 0 0 328 696 0 0 0 0 0 0 543 481 0 0 0 0 0 1023 1 0 0 0 0 
0 0 0 0 1024 0 0 0 0 0 0 4 1020 0 0 0 0 0 493 531 0 0 0 0 
0 0 0 0 1001 23 0 0 0 0 0 0 1024 0 0 0 0 0 1 1023 0 0 0 0 
0 0 0 0 403 621 0 0 0 0 0 0 695 329 0 0 0 0 0 1011 13 0 0 0 
0 0 0 0 12 1012 0 0 0 0 0 0 83 941 0 0 0 0 0 423 601 0 0 0 
0 0 0 0 12 1011 1 0 0 0 0 0 8 1015 1 0 0 0 0 16 1007 1 0 0 
0 0 0 0 230 794 0 0 0 0 0 0 206 817 1 0 0 0 0 191 833 0 0 0 
0 0 0 7 1017 0 0 0 0 0 0 0 1012 12 0 0 0 0 0 953 71 0 0 0 
0 0 0 136 888 0 0 0 0 0 0 0 1024 0 0 0 0 0 0 1007 17 0 0 0 
0 0 0 193 820 11 0 0 0 0 0 131 830 63 0 0 0 0 20 790 214 0 0 0 
0 0 9 1015 0 0 0 0 0 0 0 1016 8 0 0 0 0 0 983 41 0 0 0 0 
0 0 564 460 0 0 0 0 0 0 380 644 0 0 0 0 0 208 816 0 0 0 0 0 
0 2 1018 4 0 0 0 0 0 8 1013 3 0 0 0 0 1 1019 4 0 0 0 0 0 
0 13 1011 0 0 0 0 0 0 68 956 0 0 0 0 0 6 1018 0 0 0 0 0 0 
0 386 638 0 0 0 0 0 0 436 588 0 0 0 0 0 46 978 0 0 0 0 0 0 
0 617 407 0 0 0 0 0 0 954 70 0 0 0 0 0 308 716 0 0 0 0 0 0 
2 1022 0 0 0 0 0 0 21 1003 0 0 0 0 0 0 1022 2 0 0 0 0 0 0 
7 1017 0 0 0 0 0 0 2 1022 0 0 0 0 0 0 1022 2 0 0 0 0 0 0 
1 1023 0 0 0 0 0 0 3 1021 0 0 0 0 0 0 1024 0 0 0 0 0 0 0 
0 1022 2 0 0 0 0 0 0 1022 2 0 0 0 0 0 899 125 0 0 0 0 0 0 
0 996 28 0 0 0 0 0 0 1016 8 0 0 0 0 0 651 373 0 0 0 0 0 0 
0 843 181 0 0 0 0 0 0 992 32 0 0 0 0 0 424 600 0 0 0 0 0 0 
0 465 559 0 0 0 0 0 0 577 447 0 0 0 0 0 177 847 0 0 0 0 0 0 
0 139 885 0 0 0 0 0 0 150 874 0 0 0 0 0 21 1003 0 0 0 0 0 0 
0 0 1019 5 0 0 0 0 0 0 1018 6 0 0 0 0 0 1017 7 0 0 0 0 0 
0 0 406 618 0 0 0 0 0 0 311 713 0 0 0 0 0 293 731 0 0 0 0 0 
0 0 2 742 280 0 0 0 0 0 1 622 401 0 0 0 0 1 766 257 0 0 0 0 
0 0 0 744 280 0 0 0 0 0 0 722 302 0 0 0 0 2 1014 8 0 0 0 0 
0 0 0 982 42 0 0 0 0 0 0 1010 14 0 0 0 0 9 1009 6 0 0 0 0 
0 0 29 995 0 0 0 0 0 0 43 981 0 0 0 0 0 285 739 0 0 0 0 0 
0 0 226 798 0 0 0 0 0 0 705 319 0 0 0 0 0 992 32 0 0 0 0 0 
0 0 168 856 0 0 0 0 0 0 780 244 0 0 0 0 0 1011 13 0 0 0 0 0 
0 0 318 706 0 0 0 0 0 0 817 207 0 0 0 0 0 1024 0 0 0 0 0 0 
0 0 352 672 0 0 0 0 0 0 779 245 0 0 0 0 0 1011 13 0 0 0 0 0 
0 0 56 968 0 0 0 0 0 0 304 720 0 0 0 0 0 1000 24 0 0 0 0 0 
0 0 4 1020 0 0 0 0 0 0 57 967 0 0 0 0 0 928 96 0 0 0 0 0 
0 0 0 1024 0 0 0 0 0 0 55 969 0 0 0 0 0 629 395 0 0 0 0 0 
0 0 0 1024 0 0 0 0 0 0 2 1022 0 0 0 0 0 634 390 0 0 0 0 0 
0 0 0 1024 0 0 0 0 0 0 0 1024 0 0 0 0 0 62 962 0 0 0 0 0 
0 0 0 775 249 0 0 0 0 0 0 940 84 0 0 0 0 0 1016 8 0 0 0 0 
0 0 0 146 878 0 0 0 0 0 0 178 846 0 0 0 0 0 641 383 0 0 0 0 
0 0 0 0 1024 0 0 0 0 0 0 0 1024 0 0 0 0 0 46 978 0 0 0 0 
0 0 0 0 1020 4 0 0 0 0 0 0 1021 3 0 0 0 0 15 1009 0 0 0 0 
0 0 0 0 684 340 0 0 0 0 0 0 744 280 0 0 0 0 0 932 92 0 0 0 
0 0 0 0 147 877 0 0 0 0 0 0 52 972 0 0 0 0 0 70 954 0 0 0 
0 0 0 0 26 998 0 0 0 0 0 0 4 1020 0 0 0 0 0 0 1021 3 0 0 
0 0 0 0 152 872 0 0 0 0 0 0 69 955 0 0 0 0 0 35 979 10 0 0 
0 0 0 16 960 48 0 0 0 0 0 0 611 413 0 0 0 0 0 280 744 0 0 0 
0 0 0 160 864 0 0 0 0 0 0 9 986 29 0 0 0 0 0 800 224 0 0 0 
0 0 0 771 253 0 0 0 0 0 0 520 504 0 0 0 0 0 303 715 6 0 0 0 
0 0 426 598 0 0 0 0 0 0 207 817 0 0 0 0 0 41 983 0 0 0 0 0 
0 0 903 121 0 0 0 0 0 0 808 216 0 0 0 0 0 570 454 0 0 0 0 0 
0 44 980 0 0 0 0 0 0 28 996 0 0 0 0 0 5 1018 1 0 0 0 0 0 
0 275 749 0 0 0 0 0 0 373 651 0 0 0 0 0 3 1021 0 0 0 0 0 0 
0 657 367 0 0 0 0 0 0 839 185 0 0 0 0 0 158 866 0 0 0 0 0 0 
0 897 127 0 0 0 0 0 0 982 42 0 0 0 0 0 641 383 0 0 0 0 0 0 
20 1004 0 0 0 0 0 0 60 964 0 0 0 0 0 0 1024 0 0 0 0 0 0 0 
6 1018 0 0 0 0 0 0 16 1008 0 0 0 0 0 0 1024 0 0 0 0 0 0 0 
0 1024 0 0 0 0 0 0 2 1022 0 0 0 0 0 0 1022 2 0 0 0 0 0 0 
1 1022 1 0 0 0 0 0 0 1024 0 0 0 0 0 0 1008 16 0 0 0 0 0 0 
0 1012 12 0 0 0 0 0 0 1024 0 0 0 0 0 0 1000 24 0 0 0 0 0 0 
0 988 36 0 0 0 0 0 0 1020 4 0 0 0 0 0 761 263 0 0 0 0 0 0 
0 644 380 0 0 0 0 0 0 760 264 0 0 0 0 0 137 887 0 0 0 0 0 0 
0 284 740 0 0 0 0 0 0 488 536 0 0 0 0 0 39 985 0 0 0 0 0 0 
0 6 1018 0 0 0 0 0 0 13 1011 0 0 0 0 0 0 1023 1 0 0 0 0 0 
0 0 666 358 0 0 0 0 0 0 557 467 0 0 0 0 0 550 474 0 0 0 0 0 
0 0 34 990 0 0 0 0 0 0 33 991 0 0 0 0 0 32 992 0 0 0 0 0 
0 4 56 964 0 0 0 0 0 8 54 962 0 0 0 0 10 81 933 0 0 0 0 0 
0 33 111 880 0 0 0 0 2 46 94 882 0 0 0 0 43 290 691 0 0 0 0 0 
17 52 217 738 0 0 0 0 31 44 370 579 0 0 0 0 61 771 192 0 0 0 0 0 
35 62 451 476 0 0 0 0 56 44 662 262 0 0 0 0 93 906 25 0 0 0 0 0 
2 8 516 498 0 0 0 0 3 8 752 261 0 0 0 0 10 944 70 0 0 0 0 0 
0 0 692 332 0 0 0 0 0 0 866 158 0 0 0 0 0 1009 15 0 0 0 0 0 
0 0 822 202 0 0 0 0 0 0 944 80 0 0 0 0 0 1016 8 0 0 0 0 0 
0 0 245 779 0 0 0 0 0 0 368 656 0 0 0 0 0 692 332 0 0 0 0 0 
117 37 103 747 20 0 0 0 127 33 111 753 0 0 0 0 148 299 577 0 0 0 0 0 
192 45 101 686 0 0 0 0 205 45 100 674 0 0 0 0 233 123 668 0 0 0 0 0 
230 41 106 647 0 0 0 0 232 39 70 683 0 0 0 0 264 265 495 0 0 0 0 0 
238 50 86 650 0 0 0 0 267 45 47 665 0 0 0 0 288 113 623 0 0 0 0 0 
269 51 32 607 65 0 0 0 287 33 32 576 96 0 0 0 315 35 636 38 0 0 0 0 
295 42 28 492 167 0 0 0 314 25 30 259 396 0 0 0 329 33 274 388 0 0 0 0 
327 36 26 227 408 0 0 0 338 32 28 107 519 0 0 0 358 28 89 549 0 0 0 0 
350 36 31 358 249 0 0 0 372 23 30 233 366 0 0 0 386 30 282 326 0 0 0 0 
307 45 33 186 449 4 0 0 310 41 34 82 549 8 0 0 332 40 74 570 8 0 0 0 
0 0 3 77 835 109 0 0 0 0 1 10 784 229 0 0 0 0 6 721 297 0 0 0 
0 0 0 14 854 156 0 0 0 0 0 5 637 382 0 0 0 0 0 528 496 0 0 0 
0 0 0 100 895 29 0 0 0 0 0 23 846 155 0 0 0 0 0 682 342 0 0 0 
2 44 21 326 631 0 0 0 28 23 19 153 797 4 0 0 45 23 54 781 121 0 0 0 
488 56 50 286 144 0 0 0 493 45 44 150 292 0 0 0 520 41 85 378 0 0 0 0 
439 82 198 299 6 0 0 0 439 73 149 305 58 0 0 0 477 117 333 97 0 0 0 0 
447 100 452 25 0 0 0 0 458 86 414 66 0 0 0 0 505 346 173 0 0 0 0 0 
465 115 444 0 0 0 0 0 462 110 447 5 0 0 0 0 517 493 14 0 0 0 0 0 
475 279 270 0 0 0 0 0 472 312 240 0 0 0 0 0 584 440 0 0 0 0 0 0 
489 447 88 0 0 0 0 0 497 482 45 0 0 0 0 0 614 410 0 0 0 0 0 0 
484 507 33 0 0 0 0 0 506 517 1 0 0 0 0 0 776 248 0 0 0 0 0 0 
659 361 4 0 0 0 0 0 660 360 4 0 0 0 0 0 927 97 0 0 0 0 0 0 
733 291 0 0 0 0 0 0 788 236 0 0 0 0 0 0 1024 0 0 0 0 0 0 0 
533 491 0 0 0 0 0 0 589 435 0 0 0 0 0 0 1024 0 0 0 0 0 0 0 
14 1010 0 0 0 0 0 0 10 1014 0 0 0 0 0 0 1024 0 0 0 0 0 0 0 
0 1024 0 0 0 0 0 0 1 1023 0 0 0 0 0 0 1022 2 0 0 0 0 0 0 
0 1023 1 0 0 0 0 0 0 1024 0 0 0 0 0 0 1022 2 0 0 0 0 0 0 
84 927 13 0 0 0 0 0 84 940 0 0 0 0 0 0 939 85 0 0 0 0 0 0 
717 271 36 0 0 0 0 0 743 258 23 0 0 0 0 0 831 193 0 0 0 0 0 0 
503 438 83 0 0 0 0 0 508 485 31 0 0 0 0 0 721 303 0 0 0 0 0 0 
455 198 371 0 0 0 0 0 494 259 271 0 0 0 0 0 618 406 0 0 0 0 0 0 
409 149 456 10 0 0 0 0 461 117 435 11 0 0 0 0 528 439 57 0 0 0 0 0 
405 122 348 149 0 0 0 0 450 96 234 244 0 0 0 0 518 326 180 0 0 0 0 0 
420 102 340 162 0 0 0 0 445 73 308 198 0 0 0 0 524 376 124 0 0 0 0 0 
430 84 428 82 0 0 0 0 454 54 421 95 0 0 0 0 481 501 42 0 0 0 0 0 
431 57 532 4 0 0 0 0 433 51 529 11 0 0 0 0 455 567 2 0 0 0 0 0 
569 131 324 0 0 0 0 0 618 80 318 8 0 0 0 0 688 330 6 0 0 0 0 0 
26 93 857 48 0 0 0 0 53 74 887 10 0 0 0 0 92 916 16 0 0 0 0 0 
0 0 987 37 0 0 0 0 0 0 1013 11 0 0 0 0 0 1020 4 0 0 0 0 0 
0 0 1020 4 0 0 0 0 0 0 1018 6 0 0 0 0 0 1021 3 0 0 0 0 0 
0 0 957 67 0 0 0 0 0 0 842 182 0 0 0 0 0 863 161 0 0 0 0 0 
444 130 341 109 0 0 0 0 449 115 363 97 0 0 0 0 538 336 150 0 0 0 0 0 
254 41 660 69 0 0 0 0 251 35 442 296 0 0 0 0 268 437 319 0 0 0 0 0 
218 43 706 57 0 0 0 0 218 43 677 86 0 0 0 0 244 596 184 0 0 0 0 0 
195 38 752 39 0 0 0 0 196 39 578 211 0 0 0 0 215 532 277 0 0 0 0 0 
165 32 309 518 0 0 0 0 162 31 94 737 0 0 0 0 179 84 761 0 0 0 0 0 
135 33 175 681 0 0 0 0 134 30 44 813 3 0 0 0 142 51 828 3 0 0 0 0 
105 24 138 757 0 0 0 0 104 24 92 804 0 0 0 0 116 48 854 6 0 0 0 0 
78 35 424 487 0 0 0 0 77 33 159 755 0 0 0 0 89 166 768 1 0 0 0 0 
515 109 172 228 0 0 0 0 532 93 115 284 0 0 0 0 590 134 294 6 0 0 0 0 
386 62 58 506 12 0 0 0 388 53 57 416 110 0 0 0 413 56 234 321 0 0 0 0 
0 0 7 847 170 0 0 0 0 0 0 743 281 0 0 0 0 0 626 398 0 0 0 0 
0 0 12 886 126 0 0 0 0 0 3 825 196 0 0 0 0 0 610 414 0 0 0 0 
5 69 142 807 1 0 0 0 50 44 78 844 8 0 0 0 80 53 848 43 0 0 0 0 
443 153 297 131 0 0 0 0 486 111 235 192 0 0 0 0 527 135 362 0 0 0 0 0 
171 123 573 157 0 0 0 0 190 93 521 220 0 0 0 0 240 352 432 0 0 0 0 0 
0 5 1019 0 0 0 0 0 0 5 1019 0 0 0 0 0 0 1018 6 0 0 0 0 0 
0 44 980 0 0 0 0 0 0 99 925 0 0 0 0 0 5 1019 0 0 0 0 0 0 
0 705 319 0 0 0 0 0 0 916 108 0 0 0 0 0 243 781 0 0 0 0 0 0 
0 1009 15 0 0 0 0 0 0 1009 15 0 0 0 0 0 646 378 0 0 0 0 0 0 
0 1021 3 0 0 0 0 0 0 1022 2 0 0 0 0 0 922 102 0 0 0 0 0 0 
415 609 0 0 0 0 0 0 472 551 1 0 0 0 0 0 956 68 0 0 0 0 0 0 
627 397 0 0 0 0 0 0 801 223 0 0 0 0 0 0 1024 0 0 0 0 0 0 0 
604 420 0 0 0 0 0 0 675 349 0 0 0 0 0 0 1024 0 0 0 0 0 0 0 
27 997 0 0 0 0 0 0 48 976 0 0 0 0 0 0 1023 1 0 0 0 0 0 0 
0 1024 0 0 0 0 0 0 4 1020 0 0 0 0 0 0 1024 0 0 0 0 0 0 0 
79 945 0 0 0 0 0 0 89 935 0 0 0 0 0 0 992 32 0 0 0 0 0 0 
704 320 0 0 0 0 0 0 711 313 0 0 0 0 0 0 932 92 0 0 0 0 0 0 
484 529 11 0 0 0 0 0 517 507 0 0 0 0 0 0 885 139 0 0 0 0 0 0 
0 744 280 0 0 0 0 0 0 979 45 0 0 0 0 0 498 526 0 0 0 0 0 0 
0 215 809 0 0 0 0 0 0 510 514 0 0 0 0 0 87 937 0 0 0 0 0 0 
0 5 1019 0 0 0 0 0 0 13 1011 0 0 0 0 0 10 1012 2 0 0 0 0 0 
0 0 1004 20 0 0 0 0 0 0 984 40 0 0 0 0 0 998 26 0 0 0 0 0 
0 1 977 46 0 0 0 0 0 0 947 77 0 0 0 0 0 999 25 0 0 0 0 0 
0 0 1015 9 0 0 0 0 0 0 1013 11 0 0 0 0 0 1018 6 0 0 0 0 0 
0 1 1023 0 0 0 0 0 0 0 1023 1 0 0 0 0 0 1021 3 0 0 0 0 0 
487 192 345 0 0 0 0 0 530 157 337 0 0 0 0 0 658 366 0 0 0 0 0 0 
103 51 867 3 0 0 0 0 109 55 852 8 0 0 0 0 139 880 5 0 0 0 0 0 
0 0 1022 2 0 0 0 0 0 0 1023 1 0 0 0 0 0 1023 1 0 0 0 0 0 
0 9 1015 0 0 0 0 0 0 0 1024 0 0 0 0 0 0 1024 0 0 0 0 0 0 
0 2 1017 5 0 0 0 0 0 0 1019 5 0 0 0 0 0 1017 7 0 0 0 0 0 
443 183 396 2 0 0 0 0 487 150 386 1 0 0 0 0 580 414 30 0 0 0 0 0 
0 2 1017 5 0 0 0 0 0 1 1012 11 0 0 0 0 0 1009 15 0 0 0 0 0 
0 0 1024 0 0 0 0 0 0 0 1021 3 0 0 0 0 0 1018 6 0 0 0 0 0 
0 0 1013 11 0 0 0 0 0 0 1011 13 0 0 0 0 0 1008 16 0 0 0 0 0 
0 0 1001 23 0 0 0 0 0 0 858 166 0 0 0 0 0 837 187 0 0 0 0 0 
0 1 1004 19 0 0 0 0 0 0 867 157 0 0 0 0 0 745 279 0 0 0 0 0 
0 1 1012 11 0 0 0 0 0 0 938 86 0 0 0 0 0 845 179 0 0 0 0 0 
0 0 995 29 0 0 0 0 0 0 993 31 0 0 0 0 0 830 194 0 0 0 0 0 
302 128 549 45 0 0 0 0 314 90 511 109 0 0 0 0 372 432 220 0 0 0 0 0 
454 87 369 114 0 0 0 0 466 79 348 131 0 0 0 0 519 214 290 1 0 0 0 0 
268 59 293 404 0 0 0 0 262 61 271 430 0 0 0 0 288 147 589 0 0 0 0 0 
0 1 603 420 0 0 0 0 0 0 505 519 0 0 0 0 0 323 701 0 0 0 0 0 
69 77 802 76 0 0 0 0 106 69 657 192 0 0 0 0 135 362 527 0 0 0 0 0 
262 66 695 1 0 0 0 0 237 56 672 59 0 0 0 0 260 521 243 0 0 0 0 0 
171 148 705 0 0 0 0 0 181 120 723 0 0 0 0 0 225 765 34 0 0 0 0 0 
313 280 431 0 0 0 0 0 331 241 452 0 0 0 0 0 405 619 0 0 0 0 0 0 
0 553 471 0 0 0 0 0 0 664 360 0 0 0 0 0 181 843 0 0 0 0 0 0 
0 918 106 0 0 0 0 0 0 1004 20 0 0 0 0 0 693 331 0 0 0 0 0 0 
0 1018 6 0 0 0 0 0 0 1024 0 0 0 0 0 0 875 149 0 0 0 0 0 0 
0 1024 0 0 0 0 0 0 0 1024 0 0 0 0 0 0 987 37 0 0 0 0 0 0 
444 580 0 0 0 0 0 0 482 542 0 0 0 0 0 0 952 72 0 0 0 0 0 0 
214 810 0 0 0 0 0 0 751 273 0 0 0 0 0 0 1023 1 0 0 0 0 0 0 
639 385 0 0 0 0 0 0 687 337 0 0 0 0 0 0 1024 0 0 0 0 0 0 0 
25 999 0 0 0 0 0 0 136 888 0 0 0 0 0 0 1024 0 0 0 0 0 0 0 
95 929 0 0 0 0 0 0 106 918 0 0 0 0 0 0 1023 1 0 0 0 0 0 0 
748 276 0 0 0 0 0 0 776 248 0 0 0 0 0 0 1012 12 0 0 0 0 0 0 
151 873 0 0 0 0 0 0 155 868 1 0 0 0 0 0 976 48 0 0 0 0 0 0 
379 645 0 0 0 0 0 0 428 596 0 0 0 0 0 0 930 94 0 0 0 0 0 0 
0 963 61 0 0 0 0 0 0 1024 0 0 0 0 0 0 786 238 0 0 0 0 0 0 
0 526 497 1 0 0 0 0 0 857 167 0 0 0 0 0 562 462 0 0 0 0 0 0 
0 54 970 0 0 0 0 0 0 196 828 0 0 0 0 0 56 968 0 0 0 0 0 0 
0 4 1020 0 0 0 0 0 0 3 1021 0 0 0 0 0 2 1022 0 0 0 0 0 0 
0 7 1017 0 0 0 0 0 0 11 1012 1 0 0 0 0 3 1020 1 0 0 0 0 0 
0 4 1018 2 0 0 0 0 0 14 1009 1 0 0 0 0 6 1017 1 0 0 0 0 0 
4 61 959 0 0 0 0 0 7 72 945 0 0 0 0 0 40 984 0 0 0 0 0 0 
492 333 199 0 0 0 0 0 575 286 163 0 0 0 0 0 770 254 0 0 0 0 0 0 
150 94 780 0 0 0 0 0 160 116 748 0 0 0 0 0 208 816 0 0 0 0 0 0 
0 31 993 0 0 0 0 0 0 82 942 0 0 0 0 0 8 1016 0 0 0 0 0 0 
0 42 982 0 0 0 0 0 0 44 980 0 0 0 0 0 21 1003 0 0 0 0 0 0 
0 119 905 0 0 0 0 0 0 101 923 0 0 0 0 0 34 990 0 0 0 0 0 0 
635 164 225 0 0 0 0 0 658 174 192 0 0 0 0 0 806 215 3 0 0 0 0 0 
7 169 848 0 0 0 0 0 7 330 687 0 0 0 0 0 67 957 0 0 0 0 0 0 
0 29 995 0 0 0 0 0 0 48 976 0 0 0 0 0 18 1006 0 0 0 0 0 0 
0 64 960 0 0 0 0 0 0 29 995 0 0 0 0 0 12 1012 0 0 0 0 0 0 
0 43 981 0 0 0 0 0 0 19 1005 0 0 0 0 0 9 1015 0 0 0 0 0 0 
0 59 965 0 0 0 0 0 0 31 993 0 0 0 0 0 17 1005 2 0 0 0 0 0 
0 243 781 0 0 0 0 0 0 240 784 0 0 0 0 0 29 995 0 0 0 0 0 0 
0 165 859 0 0 0 0 0 0 146 878 0 0 0 0 0 15 1009 0 0 0 0 0 0 
316 174 533 1 0 0 0 0 331 159 534 0 0 0 0 0 425 581 18 0 0 0 0 0 
5 45 972 2 0 0 0 0 5 58 956 5 0 0 0 0 19 977 28 0 0 0 0 0 
632 147 245 0 0 0 0 0 658 123 243 0 0 0 0 0 720 285 19 0 0 0 0 0 
168 120 736 0 0 0 0 0 168 120 736 0 0 0 0 0 210 788 26 0 0 0 0 0 
137 212 675 0 0 0 0 0 160 173 691 0 0 0 0 0 219 804 1 0 0 0 0 0 
209 351 464 0 0 0 0 0 200 370 454 0 0 0 0 0 246 776 2 0 0 0 0 0 
0 673 351 0 0 0 0 0 0 588 436 0 0 0 0 0 98 926 0 0 0 0 0 0 
111 782 131 0 0 0 0 0 125 791 108 0 0 0 0 0 407 617 0 0 0 0 0 0 
439 583 2 0 0 0 0 0 459 561 4 0 0 0 0 0 759 265 0 0 0 0 0 0 
24 998 2 0 0 0 0 0 23 999 2 0 0 0 0 0 966 58 0 0 0 0 0 0 
0 1021 3 0 0 0 0 0 0 1024 0 0 0 0 0 0 951 73 0 0 0 0 0 0 
17 1007 0 0 0 0 0 0 20 1004 0 0 0 0 0 0 1015 9 0 0 0 0 0 0 
526 498 0 0 0 0 0 0 524 500 0 0 0 0 0 0 1002 22 0 0 0 0 0 0 
186 838 0 0 0 0 0 0 713 311 0 0 0 0 0 0 1024 0 0 0 0 0 0 0 
565 459 0 0 0 0 0 0 753 271 0 0 0 0 0 0 1024 0 0 0 0 0 0 0 
94 930 0 0 0 0 0 0 293 731 0 0 0 0 0 0 1024 0 0 0 0 0 0 0 
812 212 0 0 0 0 0 0 827 197 0 0 0 0 0 0 1022 2 0 0 0 0 0 0 
212 812 0 0 0 0 0 0 216 808 0 0 0 0 0 0 1024 0 0 0 0 0 0 0 
0 1021 3 0 0 0 0 0 0 1023 1 0 0 0 0 0 985 39 0 0 0 0 0 0 
374 650 0 0 0 0 0 0 378 646 0 0 0 0 0 0 1018 6 0 0 0 0 0 0 
40 952 32 0 0 0 0 0 57 962 5 0 0 0 0 0 950 74 0 0 0 0 0 0 
0 915 109 0 0 0 0 0 0 1011 13 0 0 0 0 0 710 314 0 0 0 0 0 0 
0 553 471 0 0 0 0 0 2 763 259 0 0 0 0 0 272 752 0 0 0 0 0 0 
0 182 842 0 0 0 0 0 19 301 704 0 0 0 0 0 165 859 0 0 0 0 0 0 
13 184 827 0 0 0 0 0 42 298 684 0 0 0 0 0 149 875 0 0 0 0 0 0 
45 180 799 0 0 0 0 0 60 438 526 0 0 0 0 0 177 847 0 0 0 0 0 0 
239 446 339 0 0 0 0 0 273 474 277 0 0 0 0 0 550 474 0 0 0 0 0 0 
391 480 153 0 0 0 0 0 407 535 82 0 0 0 0 0 722 302 0 0 0 0 0 0 
193 370 461 0 0 0 0 0 200 604 220 0 0 0 0 0 501 523 0 0 0 0 0 0 
0 355 669 0 0 0 0 0 0 713 311 0 0 0 0 0 317 707 0 0 0 0 0 0 
0 535 489 0 0 0 0 0 0 679 345 0 0 0 0 0 377 647 0 0 0 0 0 0 
0 404 620 0 0 0 0 0 0 829 195 0 0 0 0 0 557 467 0 0 0 0 0 0 
644 298 82 0 0 0 0 0 687 301 36 0 0 0 0 0 862 162 0 0 0 0 0 0 
353 408 263 0 0 0 0 0 385 579 60 0 0 0 0 0 635 389 0 0 0 0 0 0 
339 222 463 0 0 0 0 0 354 494 176 0 0 0 0 0 494 530 0 0 0 0 0 0 
353 250 421 0 0 0 0 0 384 427 213 0 0 0 0 0 576 448 0 0 0 0 0 0 
403 263 358 0 0 0 0 0 430 367 227 0 0 0 0 0 555 469 0 0 0 0 0 0 
444 402 178 0 0 0 0 0 456 383 185 0 0 0 0 0 563 461 0 0 0 0 0 0 
474 445 105 0 0 0 0 0 504 510 10 0 0 0 0 0 746 278 0 0 0 0 0 0 
511 302 211 0 0 0 0 0 518 478 28 0 0 0 0 0 697 327 0 0 0 0 0 0 
711 195 118 0 0 0 0 0 703 235 86 0 0 0 0 0 794 230 0 0 0 0 0 0 
501 224 299 0 0 0 0 0 515 311 198 0 0 0 0 0 659 365 0 0 0 0 0 0 
577 273 174 0 0 0 0 0 591 328 105 0 0 0 0 0 726 298 0 0 0 0 0 0 
720 231 73 0 0 0 0 0 746 219 59 0 0 0 0 0 836 188 0 0 0 0 0 0 
186 452 386 0 0 0 0 0 214 598 212 0 0 0 0 0 436 588 0 0 0 0 0 0 
171 800 53 0 0 0 0 0 170 798 56 0 0 0 0 0 468 556 0 0 0 0 0 0 
0 1003 21 0 0 0 0 0 0 1005 19 0 0 0 0 0 742 282 0 0 0 0 0 0 
0 1012 12 0 0 0 0 0 0 1012 12 0 0 0 0 0 781 243 0 0 0 0 0 0 
63 961 0 0 0 0 0 0 79 945 0 0 0 0 0 0 948 76 0 0 0 0 0 0 
776 248 0 0 0 0 0 0 824 200 0 0 0 0 0 0 1013 11 0 0 0 0 0 0 
541 483 0 0 0 0 0 0 571 453 0 0 0 0 0 0 1009 15 0 0 0 0 0 0 
529 495 0 0 0 0 0 0 542 482 0 0 0 0 0 0 1024 0 0 0 0 0 0 0 
728 296 0 0 0 0 0 0 768 256 0 0 0 0 0 0 1021 3 0 0 0 0 0 0 
80 944 0 0 0 0 0 0 881 143 0 0 0 0 0 0 1024 0 0 0 0 0 0 0 
593 431 0 0 0 0 0 0 895 129 0 0 0 0 0 0 1024 0 0 0 0 0 0 0 
251 763 10 0 0 0 0 0 574 450 0 0 0 0 0 0 1024 0 0 0 0 0 0 0 
585 439 0 0 0 0 0 0 781 243 0 0 0 0 0 0 1024 0 0 0 0 0 0 0 
518 506 0 0 0 0 0 0 579 445 0 0 0 0 0 0 1023 1 0 0 0 0 0 0 
507 517 0 0 0 0 0 0 555 469 0 0 0 0 0 0 1011 13 0 0 0 0 0 0 
629 395 0 0 0 0 0 0 690 334 0 0 0 0 0 0 1024 0 0 0 0 0 0 0 
518 506 0 0 0 0 0 0 610 414 0 0 0 0 0 0 1018 6 0 0 0 0 0 0 
454 566 4 0 0 0 0 0 527 497 0 0 0 0 0 0 1004 20 0 0 0 0 0 0 
473 550 1 0 0 0 0 0 507 517 0 0 0 0 0 0 968 56 0 0 0 0 0 0 
452 544 28 0 0 0 0 0 495 526 3 0 0 0 0 0 928 96 0 0 0 0 0 0 
455 482 87 0 0 0 0 0 457 553 14 0 0 0 0 0 913 111 0 0 0 0 0 0 
440 557 27 0 0 0 0 0 451 571 2 0 0 0 0 0 813 211 0 0 0 0 0 0 
614 403 7 0 0 0 0 0 631 390 3 0 0 0 0 0 995 29 0 0 0 0 0 0 
211 767 46 0 0 0 0 0 249 769 6 0 0 0 0 0 821 203 0 0 0 0 0 0 
233 742 49 0 0 0 0 0 246 770 8 0 0 0 0 0 980 44 0 0 0 0 0 0 
0 886 138 0 0 0 0 0 0 998 26 0 0 0 0 0 964 60 0 0 0 0 0 0 
0 958 66 0 0 0 0 0 0 1017 7 0 0 0 0 0 991 33 0 0 0 0 0 0 
0 957 67 0 0 0 0 0 0 1021 3 0 0 0 0 0 918 106 0 0 0 0 0 0 
642 350 32 0 0 0 0 0 688 327 9 0 0 0 0 0 957 67 0 0 0 0 0 0 
305 707 12 0 0 0 0 0 322 702 0 0 0 0 0 0 957 67 0 0 0 0 0 0 
172 784 68 0 0 0 0 0 160 860 4 0 0 0 0 0 944 80 0 0 0 0 0 0 
134 858 32 0 0 0 0 0 133 881 10 0 0 0 0 0 944 80 0 0 0 0 0 0 
96 908 20 0 0 0 0 0 104 919 1 0 0 0 0 0 973 51 0 0 0 0 0 0 
70 931 23 0 0 0 0 0 60 958 6 0 0 0 0 0 937 87 0 0 0 0 0 0 
32 961 31 0 0 0 0 0 29 994 1 0 0 0 0 0 878 146 0 0 0 0 0 0 
0 1016 8 0 0 0 0 0 0 1022 2 0 0 0 0 0 886 138 0 0 0 0 0 0 
381 635 8 0 0 0 0 0 385 639 0 0 0 0 0 0 965 59 0 0 0 0 0 0 
0 937 87 0 0 0 0 0 0 999 25 0 0 0 0 0 886 138 0 0 0 0 0 0 
0 1003 21 0 0 0 0 0 0 1018 6 0 0 0 0 0 1007 17 0 0 0 0 0 0 
495 513 16 0 0 0 0 0 554 470 0 0 0 0 0 0 1005 19 0 0 0 0 0 0 
244 780 0 0 0 0 0 0 289 735 0 0 0 0 0 0 1022 2 0 0 0 0 0 0 
154 868 2 0 0 0 0 0 145 879 0 0 0 0 0 0 976 48 0 0 0 0 0 0 
0 1020 4 0 0 0 0 0 0 1020 4 0 0 0 0 0 947 77 0 0 0 0 0 0 
0 1024 0 0 0 0 0 0 0 1024 0 0 0 0 0 0 1008 16 0 0 0 0 0 0 
0 1024 0 0 0 0 0 0 1 1023 0 0 0 0 0 0 1022 2 0 0 0 0 0 0 
655 369 0 0 0 0 0 0 636 388 0 0 0 0 0 0 1023 1 0 0 0 0 0 0 
0 1024 0 0 0 0 0 0 11 1013 0 0 0 0 0 0 1024 0 0 0 0 0 0 0 
1 1023 0 0 0 0 0 0 2 1022 0 0 0 0 0 0 1024 0 0 0 0 0 0 0 
499 525 0 0 0 0 0 0 544 480 0 0 0 0 0 0 1024 0 0 0 0 0 0 0 
314 710 0 0 0 0 0 0 820 204 0 0 0 0 0 0 1024 0 0 0 0 0 0 0 
527 497 0 0 0 0 0 0 818 206 0 0 0 0 0 0 1024 0 0 0 0 0 0 0 
466 558 0 0 0 0 0 0 646 378 0 0 0 0 0 0 1024 0 0 0 0 0 0 0 
321 703 0 0 0 0 0 0 400 624 0 0 0 0 0 0 1024 0 0 0 0 0 0 0 
0 1024 0 0 0 0 0 0 2 1022 0 0 0 0 0 0 1024 0 0 0 0 0 0 0 
0 1024 0 0 0 0 0 0 2 1022 0 0 0 0 0 0 1024 0 0 0 0 0 0 0 
200 821 3 0 0 0 0 0 227 797 0 0 0 0 0 0 1021 3 0 0 0 0 0 0 
204 820 0 0 0 0 0 0 227 797 0 0 0 0 0 0 1021 3 0 0 0 0 0 0 
0 1023 1 0 0 0 0 0 0 1024 0 0 0 0 0 0 1021 3 0 0 0 0 0 0 
0 1020 4 0 0 0 0 0 0 1024 0 0 0 0 0 0 1018 6 0 0 0 0 0 0 
0 1010 14 0 0 0 0 0 0 1024 0 0 0 0 0 0 1020 4 0 0 0 0 0 0 
0 1004 20 0 0 0 0 0 0 1021 3 0 0 0 0 0 997 27 0 0 0 0 0 0 
0 1013 11 0 0 0 0 0 0 1024 0 0 0 0 0 0 995 29 0 0 0 0 0 0 
299 725 0 0 0 0 0 0 315 709 0 0 0 0 0 0 1019 5 0 0 0 0 0 0 
244 780 0 0 0 0 0 0 272 752 0 0 0 0 0 0 989 35 0 0 0 0 0 0 
288 736 0 0 0 0 0 0 304 720 0 0 0 0 0 0 999 25 0 0 0 0 0 0 
0 1023 1 0 0 0 0 0 0 1024 0 0 0 0 0 0 1021 3 0 0 0 0 0 0 
0 1024 0 0 0 0 0 0 0 1024 0 0 0 0 0 0 1023 1 0 0 0 0 0 0 
0 1020 4 0 0 0 0 0 0 1024 0 0 0 0 0 0 1024 0 0 0 0 0 0 0 
693 331 0 0 0 0 0 0 701 323 0 0 0 0 0 0 1022 2 0 0 0 0 0 0 
164 860 0 0 0 0 0 0 166 858 0 0 0 0 0 0 1002 22 0 0 0 0 0 0 
0 1023 1 0 0 0 0 0 0 1024 0 0 0 0 0 0 1005 19 0 0 0 0 0 0 
0 1023 1 0 0 0 0 0 0 1024 0 0 0 0 0 0 1024 0 0 0 0 0 0 0 
0 1024 0 0 0 0 0 0 1 1023 0 0 0 0 0 0 1023 1 0 0 0 0 0 0 
0 1024 0 0 0 0 0 0 0 1024 0 0 0 0 0 0 1024 0 0 0 0 0 0 0 
1 1022 1 0 0 0 0 0 3 1021 0 0 0 0 0 0 1019 5 0 0 0 0 0 0 
0 1024 0 0 0 0 0 0 0 1024 0 0 0 0 0 0 1024 0 0 0 0 0 0 0 
395 629 0 0 0 0 0 0 417 607 0 0 0 0 0 0 1017 7 0 0 0 0 0 0 
0 1023 1 0 0 0 0 0 0 1024 0 0 0 0 0 0 1022 2 0 0 0 0 0 0 
0 1021 3 0 0 0 0 0 0 1024 0 0 0 0 0 0 1021 3 0 0 0 0 0 0 
545 479 0 0 0 0 0 0 592 432 0 0 0 0 0 0 1022 2 0 0 0 0 0 0 
313 711 0 0 0 0 0 0 363 661 0 0 0 0 0 0 1020 4 0 0 0 0 0 0 
121 903 0 0 0 0 0 0 107 917 0 0 0 0 0 0 1022 2 0 0 0 0 0 0 
0 1024 0 0 0 0 0 0 2 1022 0 0 0 0 0 0 1020 4 0 0 0 0 0 0 
0 1024 0 0 0 0 0 0 0 1024 0 0 0 0 0 0 1024 0 0 0 0 0 0 0 
8 1016 0 0 0 0 0 0 35 989 0 0 0 0 0 0 1024 0 0 0 0 0 0 0 
632 392 0 0 0 0 0 0 675 349 0 0 0 0 0 0 1024 0 0 0 0 0 0 0 
30 994 0 0 0 0 0 0 34 990 0 0 0 0 0 0 1024 0 0 0 0 0 0 0 
21 1003 0 0 0 0 0 0 95 929 0 0 0 0 0 0 1024 0 0 0 0 0 0 0 
531 493 0 0 0 0 0 0 641 383 0 0 0 0 0 0 1024 0 0 0 0 0 0 0 
167 834 13 10 0 0 0 0 890 134 0 0 0 0 0 0 1019 5 0 0 0 0 0 0 
524 500 0 0 0 0 0 0 845 179 0 0 0 0 0 0 1024 0 0 0 0 0 0 0 
441 583 0 0 0 0 0 0 784 240 0 0 0 0 0 0 1024 0 0 0 0 0 0 0 
441 583 0 0 0 0 0 0 517 507 0 0 0 0 0 0 1024 0 0 0 0 0 0 0 
2 1022 0 0 0 0 0 0 33 991 0 0 0 0 0 0 1024 0 0 0 0 0 0 0 
0 1024 0 0 0 0 0 0 4 1020 0 0 0 0 0 0 1024 0 0 0 0 0 0 0 
147 877 0 0 0 0 0 0 154 870 0 0 0 0 0 0 1023 1 0 0 0 0 0 0 
295 729 0 0 0 0 0 0 309 715 0 0 0 0 0 0 1023 1 0 0 0 0 0 0 
0 1024 0 0 0 0 0 0 0 1024 0 0 0 0 0 0 1023 1 0 0 0 0 0 0 
0 1023 1 0 0 0 0 0 0 1024 0 0 0 0 0 0 1023 1 0 0 0 0 0 0 
0 1023 1 0 0 0 0 0 0 1024 0 0 0 0 0 0 1024 0 0 0 0 0 0 0 
0 1024 0 0 0 0 0 0 0 1024 0 0 0 0 0 0 1024 0 0 0 0 0 0 0 
0 1009 15 0 0 0 0 0 2 1022 0 0 0 0 0 0 1023 1 0 0 0 0 0 0 
263 761 0 0 0 0 0 0 286 738 0 0 0 0 0 0 1024 0 0 0 0 0 0 0 
268 756 0 0 0 0 0 0 293 731 0 0 0 0 0 0 1024 0 0 0 0 0 0 0 
338 684 2 0 0 0 0 0 346 676 2 0 0 0 0 0 1020 4 0 0 0 0 0 0 
0 1024 0 0 0 0 0 0 2 1022 0 0 0 0 0 0 1024 0 0 0 0 0 0 0 
0 1024 0 0 0 0 0 0 0 1024 0 0 0 0 0 0 1024 0 0 0 0 0 0 0 
0 1024 0 0 0 0 0 0 0 1024 0 0 0 0 0 0 1024 0 0 0 0 0 0 0 
673 350 1 0 0 0 0 0 708 316 0 0 0 0 0 0 1020 4 0 0 0 0 0 0 
179 845 0 0 0 0 0 0 195 829 0 0 0 0 0 0 1023 1 0 0 0 0 0 0 
0 1022 2 0 0 0 0 0 2 1022 0 0 0 0 0 0 1021 3 0 0 0 0 0 0 
0 1024 0 0 0 0 0 0 0 1024 0 0 0 0 0 0 1023 1 0 0 0 0 0 0 
2 1022 0 0 0 0 0 0 5 1019 0 0 0 0 0 0 1024 0 0 0 0 0 0 0 
0 1024 0 0 0 0 0 0 6 1018 0 0 0 0 0 0 1024 0 0 0 0 0 0 0 
1 1023 0 0 0 0 0 0 1 1023 0 0 0 0 0 0 1024 0 0 0 0 0 0 0 
0 1024 0 0 0 0 0 0 1 1023 0 0 0 0 0 0 1024 0 0 0 0 0 0 0 
431 593 0 0 0 0 0 0 454 570 0 0 0 0 0 0 1023 1 0 0 0 0 0 0 
0 1024 0 0 0 0 0 0 0 1024 0 0 0 0 0 0 1024 0 0 0 0 0 0 0 
0 1024 0 0 0 0 0 0 5 1019 0 0 0 0 0 0 1024 0 0 0 0 0 0 0 
567 457 0 0 0 0 0 0 612 412 0 0 0 0 0 0 1024 0 0 0 0 0 0 0 
374 650 0 0 0 0 0 0 432 592 0 0 0 0 0 0 1024 0 0 0 0 0 0 0 
62 962 0 0 0 0 0 0 83 941 0 0 0 0 0 0 1023 1 0 0 0 0 0 0 
13 1011 0 0 0 0 0 0 54 970 0 0 0 0 0 0 1022 2 0 0 0 0 0 0 
22 1002 0 0 0 0 0 0 47 977 0 0 0 0 0 0 1024 0 0 0 0 0 0 0 
116 905 2 1 0 0 0 0 163 858 2 1 0 0 0 0 1020 3 1 0 0 0 0 0 
592 432 0 0 0 0 0 0 710 314 0 0 0 0 0 0 1024 0 0 0 0 0 0 0 
14 1010 0 0 0 0 0 0 347 677 0 0 0 0 0 0 1024 0 0 0 0 0 0 0 
172 852 0 0 0 0 0 0 582 442 0 0 0 0 0 0 1024 0 0 0 0 0 0 0 
510 514 0 0 0 0 0 0 887 137 0 0 0 0 0 0 1024 0 0 0 0 0 0 0 
188 836 0 0 0 0 0 0 942 82 0 0 0 0 0 0 1024 0 0 0 0 0 0 0 
396 628 0 0 0 0 0 0 784 240 0 0 0 0 0 0 1024 0 0 0 0 0 0 0 
451 573 0 0 0 0 0 0 840 184 0 0 0 0 0 0 1024 0 0 0 0 0 0 0 
560 464 0 0 0 0 0 0 773 251 0 0 0 0 0 0 1024 0 0 0 0 0 0 0 
0 1024 0 0 0 0 0 0 86 938 0 0 0 0 0 0 1024 0 0 0 0 0 0 0 
0 1024 0 0 0 0 0 0 21 1003 0 0 0 0 0 0 1024 0 0 0 0 0 0 0 
58 966 0 0 0 0 0 0 87 937 0 0 0 0 0 0 1023 1 0 0 0 0 0 0 
383 641 0 0 0 0 0 0 402 622 0 0 0 0 0 0 1023 1 0 0 0 0 0 0 
2 1022 0 0 0 0 0 0 6 1018 0 0 0 0 0 0 1024 0 0 0 0 0 0 0 
0 1024 0 0 0 0 0 0 6 1018 0 0 0 0 0 0 1024 0 0 0 0 0 0 0 
3 1019 2 0 0 0 0 0 8 1016 0 0 0 0 0 0 1024 0 0 0 0 0 0 0 
0 1021 3 0 0 0 0 0 4 1020 0 0 0 0 0 0 1021 3 0 0 0 0 0 0 
0 1023 1 0 0 0 0 0 1 1023 0 0 0 0 0 0 1024 0 0 0 0 0 0 0 
209 815 0 0 0 0 0 0 233 791 0 0 0 0 0 0 1024 0 0 0 0 0 0 0 
287 737 0 0 0 0 0 0 326 698 0 0 0 0 0 0 1024 0 0 0 0 0 0 0 
390 634 0 0 0 0 0 0 415 609 0 0 0 0 0 0 1024 0 0 0 0 0 0 0 
0 1024 0 0 0 0 0 0 2 1022 0 0 0 0 0 0 1024 0 0 0 0 0 0 0 
0 1024 0 0 0 0 0 0 3 1021 0 0 0 0 0 0 1024 0 0 0 0 0 0 0 
2 1022 0 0 0 0 0 0 9 1015 0 0 0 0 0 0 1024 0 0 0 0 0 0 0 
658 366 0 0 0 0 0 0 704 320 0 0 0 0 0 0 1024 0 0 0 0 0 0 0 
198 826 0 0 0 0 0 0 218 806 0 0 0 0 0 0 1023 1 0 0 0 0 0 0 
12 1006 4 1 1 0 0 0 27 995 0 0 2 0 0 0 1014 8 0 2 0 0 0 0 
18 1002 2 1 1 0 0 0 21 999 2 1 1 0 0 0 1019 3 0 2 0 0 0 0 
1 1023 0 0 0 0 0 0 26 998 0 0 0 0 0 0 1024 0 0 0 0 0 0 0 
0 1024 0 0 0 0 0 0 19 1005 0 0 0 0 0 0 1024 0 0 0 0 0 0 0 
0 1024 0 0 0 0 0 0 14 1010 0 0 0 0 0 0 1024 0 0 0 0 0 0 0 
0 1024 0 0 0 0 0 0 25 999 0 0 0 0 0 0 1024 0 0 0 0 0 0 0 
415 609 0 0 0 0 0 0 477 547 0 0 0 0 0 0 1024 0 0 0 0 0 0 0 
1 1023 0 0 0 0 0 0 17 1007 0 0 0 0 0 0 1024 0 0 0 0 0 0 0 
3 1021 0 0 0 0 0 0 18 1006 0 0 0 0 0 0 1024 0 0 0 0 0 0 0 
585 439 0 0 0 0 0 0 656 368 0 0 0 0 0 0 1024 0 0 0 0 0 0 0 
432 592 0 0 0 0 0 0 562 462 0 0 0 0 0 0 1024 0 0 0 0 0 0 0 
42 982 0 0 0 0 0 0 172 852 0 0 0 0 0 0 1024 0 0 0 0 0 0 0 
18 1006 0 0 0 0 0 0 136 888 0 0 0 0 0 0 1023 1 0 0 0 0 0 0 
12 1012 0 0 0 0 0 0 194 830 0 0 0 0 0 0 1024 0 0 0 0 0 0 0 
197 827 0 0 0 0 0 0 506 518 0 0 0 0 0 0 1023 1 0 0 0 0 0 0 
652 372 0 0 0 0 0 0 729 295 0 0 0 0 0 0 1024 0 0 0 0 0 0 0 
92 932 0 0 0 0 0 0 854 170 0 0 0 0 0 0 1024 0 0 0 0 0 0 0 
640 384 0 0 0 0 0 0 838 186 0 0 0 0 0 0 1024 0 0 0 0 0 0 0 
574 450 0 0 0 0 0 0 987 37 0 0 0 0 0 0 1024 0 0 0 0 0 0 0 
239 785 0 0 0 0 0 0 990 34 0 0 0 0 0 0 1024 0 0 0 0 0 0 0 
321 703 0 0 0 0 0 0 959 65 0 0 0 0 0 0 1024 0 0 0 0 0 0 0 
484 540 0 0 0 0 0 0 931 93 0 0 0 0 0 0 1022 2 0 0 0 0 0 0 
688 336 0 0 0 0 0 0 793 231 0 0 0 0 0 0 1024 0 0 0 0 0 0 0 
5 1019 0 0 0 0 0 0 166 858 0 0 0 0 0 0 1024 0 0 0 0 0 0 0 
0 1024 0 0 0 0 0 0 33 991 0 0 0 0 0 0 1024 0 0 0 0 0 0 0 
13 1011 0 0 0 0 0 0 50 974 0 0 0 0 0 0 1024 0 0 0 0 0 0 0 
454 570 0 0 0 0 0 0 504 520 0 0 0 0 0 0 1023 1 0 0 0 0 0 0 
2 1022 0 0 0 0 0 0 17 1007 0 0 0 0 0 0 1024 0 0 0 0 0 0 0 
2 1022 0 0 0 0 0 0 16 1008 0 0 0 0 0 0 1024 0 0 0 0 0 0 0 
4 1020 0 0 0 0 0 0 1 1023 0 0 0 0 0 0 1024 0 0 0 0 0 0 0 
24 1000 0 0 0 0 0 0 4 1020 0 0 0 0 0 0 1024 0 0 0 0 0 0 0 
0 1024 0 0 0 0 0 0 1 1023 0 0 0 0 0 0 1024 0 0 0 0 0 0 0 
171 852 1 0 0 0 0 0 204 819 1 0 0 0 0 0 1023 1 0 0 0 0 0 0 
329 695 0 0 0 0 0 0 375 649 0 0 0 0 0 0 1024 0 0 0 0 0 0 0 
379 645 0 0 0 0 0 0 449 575 0 0 0 0 0 0 1024 0 0 0 0 0 0 0 
0 1024 0 0 0 0 0 0 11 1013 0 0 0 0 0 0 1024 0 0 0 0 0 0 0 
2 1022 0 0 0 0 0 0 12 1012 0 0 0 0 0 0 1024 0 0 0 0 0 0 0 
15 1009 0 0 0 0 0 0 25 999 0 0 0 0 0 0 1024 0 0 0 0 0 0 0 
673 351 0 0 0 0 0 0 715 309 0 0 0 0 0 0 1024 0 0 0 0 0 0 0 
210 814 0 0 0 0 0 0 262 762 0 0 0 0 0 0 1024 0 0 0 0 0 0 0 
0 1024 0 0 0 0 0 0 9 1015 0 0 0 0 0 0 1024 0 0 0 0 0 0 0 
3 1021 0 0 0 0 0 0 33 991 0 0 0 0 0 0 1024 0 0 0 0 0 0 0 
2 1022 0 0 0 0 0 0 47 977 0 0 0 0 0 0 1024 0 0 0 0 0 0 0 
17 1007 0 0 0 0 0 0 78 946 0 0 0 0 0 0 1024 0 0 0 0 0 0 0 
10 1014 0 0 0 0 0 0 101 923 0 0 0 0 0 0 1024 0 0 0 0 0 0 0 
29 995 0 0 0 0 0 0 92 932 0 0 0 0 0 0 1024 0 0 0 0 0 0 0 
475 549 0 0 0 0 0 0 539 485 0 0 0 0 0 0 1024 0 0 0 0 0 0 0 
0 1024 0 0 0 0 0 0 82 942 0 0 0 0 0 0 1024 0 0 0 0 0 0 0 
4 1020 0 0 0 0 0 0 161 863 0 0 0 0 0 0 1024 0 0 0 0 0 0 0 
586 438 0 0 0 0 0 0 774 250 0 0 0 0 0 0 1024 0 0 0 0 0 0 0 
553 471 0 0 0 0 0 0 699 325 0 0 0 0 0 0 1024 0 0 0 0 0 0 0 
453 571 0 0 0 0 0 0 595 429 0 0 0 0 0 0 1024 0 0 0 0 0 0 0 
484 540 0 0 0 0 0 0 609 415 0 0 0 0 0 0 1024 0 0 0 0 0 0 0 
505 519 0 0 0 0 0 0 623 401 0 0 0 0 0 0 1024 0 0 0 0 0 0 0 
679 345 0 0 0 0 0 0 818 206 0 0 0 0 0 0 1024 0 0 0 0 0 0 0 
882 142 0 0 0 0 0 0 922 102 0 0 0 0 0 0 1022 2 0 0 0 0 0 0 
796 228 0 0 0 0 0 0 941 83 0 0 0 0 0 0 1024 0 0 0 0 0 0 0 
911 113 0 0 0 0 0 0 999 25 0 0 0 0 0 0 1024 0 0 0 0 0 0 0 
811 213 0 0 0 0 0 0 1015 9 0 0 0 0 0 0 1024 0 0 0 0 0 0 0 
951 73 0 0 0 0 0 0 1023 1 0 0 0 0 0 0 1024 0 0 0 0 0 0 0 
579 445 0 0 0 0 0 0 1006 18 0 0 0 0 0 0 1024 0 0 0 0 0 0 0 
595 429 0 0 0 0 0 0 952 72 0 0 0 0 0 0 1024 0 0 0 0 0 0 0 
716 308 0 0 0 0 0 0 888 136 0 0 0 0 0 0 1024 0 0 0 0 0 0 0 
4 1020 0 0 0 0 0 0 269 755 0 0 0 0 0 0 1024 0 0 0 0 0 0 0 
33 991 0 0 0 0 0 0 274 750 0 0 0 0 0 0 1024 0 0 0 0 0 0 0 
10 1014 0 0 0 0 0 0 210 814 0 0 0 0 0 0 1024 0 0 0 0 0 0 0 
661 363 0 0 0 0 0 0 810 214 0 0 0 0 0 0 1024 0 0 0 0 0 0 0 
433 591 0 0 0 0 0 0 502 522 0 0 0 0 0 0 1024 0 0 0 0 0 0 0 
474 550 0 0 0 0 0 0 496 528 0 0 0 0 0 0 1024 0 0 0 0 0 0 0 
494 530 0 0 0 0 0 0 537 487 0 0 0 0 0 0 1024 0 0 0 0 0 0 0 
480 544 0 0 0 0 0 0 566 458 0 0 0 0 0 0 1024 0 0 0 0 0 0 0 
467 557 0 0 0 0 0 0 586 438 0 0 0 0 0 0 1024 0 0 0 0 0 0 0 
585 439 0 0 0 0 0 0 656 368 0 0 0 0 0 0 1024 0 0 0 0 0 0 0 
695 329 0 0 0 0 0 0 746 278 0 0 0 0 0 0 1024 0 0 0 0 0 0 0 
472 552 0 0 0 0 0 0 569 455 0 0 0 0 0 0 1024 0 0 0 0 0 0 0 
0 1024 0 0 0 0 0 0 70 954 0 0 0 0 0 0 1024 0 0 0 0 0 0 0 
10 1014 0 0 0 0 0 0 86 938 0 0 0 0 0 0 1024 0 0 0 0 0 0 0 
31 993 0 0 0 0 0 0 167 857 0 0 0 0 0 0 1024 0 0 0 0 0 0 0 
678 346 0 0 0 0 0 0 766 258 0 0 0 0 0 0 1024 0 0 0 0 0 0 0 
623 401 0 0 0 0 0 0 747 277 0 0 0 0 0 0 1024 0 0 0 0 0 0 0 
527 497 0 0 0 0 0 0 605 419 0 0 0 0 0 0 1024 0 0 0 0 0 0 0 
515 509 0 0 0 0 0 0 661 363 0 0 0 0 0 0 1024 0 0 0 0 0 0 0 
484 540 0 0 0 0 0 0 625 399 0 0 0 0 0 0 1024 0 0 0 0 0 0 0 
474 550 0 0 0 0 0 0 616 408 0 0 0 0 0 0 1024 0 0 0 0 0 0 0 
501 523 0 0 0 0 0 0 604 420 0 0 0 0 0 0 1024 0 0 0 0 0 0 0 
509 515 0 0 0 0 0 0 564 460 0 0 0 0 0 0 1024 0 0 0 0 0 0 0 
713 311 0 0 0 0 0 0 861 163 0 0 0 0 0 0 1024 0 0 0 0 0 0 0 
13 1011 0 0 0 0 0 0 297 727 0 0 0 0 0 0 1024 0 0 0 0 0 0 0 
123 901 0 0 0 0 0 0 653 371 0 0 0 0 0 0 1024 0 0 0 0 0 0 0 
587 437 0 0 0 0 0 0 876 148 0 0 0 0 0 0 1024 0 0 0 0 0 0 0 
616 408 0 0 0 0 0 0 920 104 0 0 0 0 0 0 1024 0 0 0 0 0 0 0 
516 508 0 0 0 0 0 0 918 106 0 0 0 0 0 0 1024 0 0 0 0 0 0 0 
239 785 0 0 0 0 0 0 842 182 0 0 0 0 0 0 1024 0 0 0 0 0 0 0 
268 756 0 0 0 0 0 0 870 154 0 0 0 0 0 0 1024 0 0 0 0 0 0 0 
548 476 0 0 0 0 0 0 954 70 0 0 0 0 0 0 1024 0 0 0 0 0 0 0 
692 332 0 0 0 0 0 0 997 27 0 0 0 0 0 0 1024 0 0 0 0 0 0 0 
786 238 0 0 0 0 0 0 993 31 0 0 0 0 0 0 1024 0 0 0 0 0 0 0 
948 76 0 0 0 0 0 0 1023 1 0 0 0 0 0 0 1024 0 0 0 0 0 0 0 
1005 19 0 0 0 0 0 0 1022 2 0 0 0 0 0 0 1024 0 0 0 0 0 0 0 
