0 0 34 55 53 59 81 742 0 0 0 83 64 71 110 696 0 0 31 61 58 65 94 715 
0 0 0 122 76 62 179 585 0 0 0 79 113 78 246 508 0 0 0 130 74 68 225 527 
0 0 18 66 317 202 241 180 0 0 0 27 333 262 233 169 0 0 8 66 340 232 214 164 
0 0 448 153 125 150 148 0 0 0 0 532 197 209 86 0 0 0 393 200 163 199 69 0 
0 0 919 65 40 0 0 0 0 0 0 966 58 0 0 0 0 0 873 114 37 0 0 0 
0 0 1024 0 0 0 0 0 0 0 0 1024 0 0 0 0 0 0 1008 16 0 0 0 0 
0 0 1024 0 0 0 0 0 0 0 0 1024 0 0 0 0 0 0 989 35 0 0 0 0 
0 0 1024 0 0 0 0 0 0 0 0 1024 0 0 0 0 0 0 973 51 0 0 0 0 
0 0 1024 0 0 0 0 0 0 0 0 1024 0 0 0 0 0 0 1024 0 0 0 0 0 
0 0 1024 0 0 0 0 0 0 0 0 1024 0 0 0 0 0 0 1024 0 0 0 0 0 
0 0 1024 0 0 0 0 0 0 0 121 903 0 0 0 0 0 0 1024 0 0 0 0 0 
0 0 1024 0 0 0 0 0 0 0 569 455 0 0 0 0 0 0 1024 0 0 0 0 0 
0 119 905 0 0 0 0 0 0 0 1011 13 0 0 0 0 0 0 1024 0 0 0 0 0 
0 516 508 0 0 0 0 0 0 0 1024 0 0 0 0 0 0 11 1013 0 0 0 0 0 
0 989 35 0 0 0 0 0 0 0 1024 0 0 0 0 0 0 470 554 0 0 0 0 0 
0 0 154 196 148 144 203 179 0 0 0 281 163 172 221 187 0 0 80 244 143 154 197 206 
0 0 616 218 99 73 18 0 0 0 0 770 156 93 5 0 0 0 163 652 121 80 8 0 
0 0 913 54 38 17 2 0 0 0 0 936 65 23 0 0 0 0 119 841 44 20 0 0 
0 0 1024 0 0 0 0 0 0 0 0 1024 0 0 0 0 0 0 104 920 0 0 0 0 
0 0 1024 0 0 0 0 0 0 0 0 1024 0 0 0 0 0 0 274 750 0 0 0 0 
0 0 1024 0 0 0 0 0 0 0 0 1024 0 0 0 0 0 0 534 490 0 0 0 0 
0 0 1024 0 0 0 0 0 0 0 0 1024 0 0 0 0 0 0 472 552 0 0 0 0 
0 0 1024 0 0 0 0 0 0 0 0 1024 0 0 0 0 0 0 627 397 0 0 0 0 
0 0 1024 0 0 0 0 0 0 0 0 1024 0 0 0 0 0 0 933 91 0 0 0 0 
0 0 1024 0 0 0 0 0 0 0 0 1024 0 0 0 0 0 0 1024 0 0 0 0 0 
0 1 1023 0 0 0 0 0 0 0 180 844 0 0 0 0 0 0 1024 0 0 0 0 0 
0 242 782 0 0 0 0 0 0 0 534 490 0 0 0 0 0 0 1024 0 0 0 0 0 
0 514 510 0 0 0 0 0 0 0 925 99 0 0 0 0 0 153 871 0 0 0 0 0 
0 786 238 0 0 0 0 0 0 73 951 0 0 0 0 0 0 419 605 0 0 0 0 0 
0 852 172 0 0 0 0 0 0 450 574 0 0 0 0 0 0 799 225 0 0 0 0 0 
0 0 968 24 21 10 1 0 0 0 628 356 25 13 2 0 0 0 954 32 24 12 2 0 
0 0 966 18 14 15 11 0 0 0 209 772 22 16 5 0 0 0 675 311 21 17 0 0 
0 0 261 31 92 68 195 377 0 0 0 339 83 289 215 98 0 0 50 358 222 242 110 42 
0 30 388 153 139 140 128 46 0 62 182 404 163 142 71 0 5 117 208 404 171 100 19 0 
0 26 844 113 41 0 0 0 0 0 169 853 2 0 0 0 0 27 523 469 5 0 0 0 
0 45 824 83 69 3 0 0 0 3 203 787 31 0 0 0 1 27 412 583 1 0 0 0 
0 0 461 176 194 152 37 4 0 5 87 641 180 96 15 0 1 75 234 611 91 12 0 0 
0 0 727 164 115 18 0 0 0 0 189 741 94 0 0 0 0 17 506 453 48 0 0 0 
0 0 654 167 165 38 0 0 0 0 232 551 194 47 0 0 0 0 577 227 182 38 0 0 
0 0 524 182 278 40 0 0 0 0 317 352 273 82 0 0 0 0 508 185 270 61 0 0 
0 24 380 209 281 130 0 0 0 0 334 245 306 139 0 0 0 0 399 205 306 114 0 0 
0 36 293 339 335 21 0 0 0 0 260 359 395 10 0 0 0 0 326 345 353 0 0 0 
0 0 284 410 325 5 0 0 0 0 239 464 321 0 0 0 0 0 324 425 275 0 0 0 
0 0 201 407 416 0 0 0 0 0 166 495 363 0 0 0 0 0 247 456 321 0 0 0 
0 0 137 305 582 0 0 0 0 0 120 397 507 0 0 0 0 0 183 368 473 0 0 0 
0 20 896 108 0 0 0 0 5 178 655 186 0 0 0 0 6 306 677 35 0 0 0 0 
0 45 494 201 162 50 46 26 12 77 252 494 106 74 9 0 14 130 560 153 117 50 0 0 
90 89 108 143 136 154 151 153 115 114 124 220 229 142 76 4 22 238 171 181 181 140 28 63 
0 163 457 168 63 72 86 15 30 231 244 342 124 52 1 0 61 237 121 92 78 45 80 310 
0 80 264 250 186 242 2 0 16 101 180 264 205 256 2 0 47 95 149 145 153 301 38 96 
0 54 426 353 133 56 2 0 3 153 499 191 117 58 3 0 22 351 367 126 92 64 2 0 
0 38 404 374 171 35 2 0 2 177 572 215 54 4 0 0 13 523 417 62 8 1 0 0 
120 401 290 112 81 20 0 0 262 421 201 73 48 19 0 0 505 347 90 39 31 12 0 0 
9 24 18 18 87 516 352 0 11 26 19 17 88 501 362 0 20 27 15 15 100 546 301 0 
0 0 3 4 75 812 130 0 0 0 4 3 103 781 133 0 0 0 4 2 134 804 80 0 
0 0 0 0 85 852 87 0 0 0 0 0 165 811 48 0 0 0 0 0 206 818 0 0 
0 0 0 0 228 796 0 0 0 0 0 0 380 644 0 0 0 0 0 0 552 472 0 0 
0 0 0 0 731 293 0 0 0 0 0 0 928 96 0 0 0 0 0 11 982 31 0 0 
0 0 0 38 986 0 0 0 0 0 0 235 789 0 0 0 0 0 0 268 756 0 0 0 
0 0 0 310 605 109 0 0 0 0 0 393 631 0 0 0 0 0 13 416 595 0 0 0 
54 329 378 193 59 11 0 0 91 372 310 193 52 6 0 0 36 358 316 191 105 18 0 0 
49 363 235 128 109 66 63 11 61 429 408 89 26 11 0 0 51 450 410 82 31 0 0 0 
149 160 127 115 120 162 165 26 160 216 163 139 172 136 28 10 146 321 231 104 135 52 30 5 
0 13 97 220 166 254 223 51 0 110 220 224 270 100 65 35 79 248 166 287 124 50 40 30 
86 110 109 188 224 125 106 76 82 171 183 84 225 124 87 68 93 286 85 93 236 134 56 41 
41 74 141 353 108 81 106 120 46 103 207 323 116 61 74 94 56 170 185 308 113 80 33 79 
58 146 149 151 286 148 85 1 75 226 153 138 358 61 13 0 139 260 111 173 213 111 15 2 
102 197 154 137 216 86 69 63 116 286 159 75 167 81 79 61 229 261 106 44 148 130 47 59 
132 54 92 115 286 141 84 120 125 61 91 111 311 126 81 118 123 82 71 134 299 123 75 117 
421 90 72 63 168 159 40 11 410 96 76 62 215 127 27 11 400 100 85 64 234 89 40 12 
15 34 43 54 141 288 335 114 13 30 52 53 231 289 354 2 11 28 66 49 361 455 52 2 
13 20 21 46 159 268 347 150 13 19 21 34 241 283 279 134 11 14 23 61 326 393 60 136 
16 10 8 18 103 192 666 11 16 11 8 17 186 363 423 0 14 7 15 25 291 670 2 0 
0 0 0 0 158 291 575 0 0 0 0 14 270 740 0 0 0 0 0 91 521 412 0 0 
0 0 0 13 212 754 45 0 0 0 0 117 385 522 0 0 0 0 0 261 660 103 0 0 
178 231 559 41 15 0 0 0 184 244 551 45 0 0 0 0 128 246 570 53 27 0 0 0 
1 90 51 48 46 56 72 660 7 140 200 354 323 0 0 0 10 147 313 326 228 0 0 0 
13 137 110 177 259 82 78 168 123 296 267 162 114 50 12 0 256 306 211 76 52 73 44 6 
0 0 11 146 246 167 200 254 0 4 278 496 223 23 0 0 18 170 370 188 156 71 48 3 
217 105 99 223 331 37 6 6 265 88 117 342 203 3 2 4 237 124 415 84 60 48 53 3 
364 124 60 84 103 123 96 70 373 178 101 87 104 92 63 26 331 239 102 122 110 67 36 17 
416 239 126 95 74 61 13 0 496 237 109 104 70 5 2 1 519 280 112 86 21 3 3 0 
541 154 69 54 77 35 43 51 577 141 57 43 87 50 59 10 552 191 45 60 78 80 18 0 
358 173 47 50 31 49 66 250 358 163 64 46 46 56 199 92 350 151 89 47 71 195 66 55 
381 68 58 79 69 87 125 157 378 84 73 76 118 87 115 93 399 85 80 127 104 78 70 81 
459 93 40 38 36 47 61 250 453 99 39 36 33 55 64 245 447 110 35 38 35 60 65 234 
282 231 112 101 54 47 88 109 255 112 171 160 94 64 67 101 268 114 70 50 92 234 97 99 
124 50 120 51 90 184 78 327 300 32 115 52 80 66 69 310 308 71 75 51 77 88 82 272 
164 53 97 119 88 105 151 247 251 56 97 81 86 94 132 227 247 105 75 75 115 91 93 223 
368 80 81 99 48 56 119 173 370 75 81 110 57 97 96 138 362 113 59 121 79 107 79 104 
312 388 62 56 51 68 82 5 309 383 77 58 54 64 79 0 248 382 103 70 74 68 79 0 
202 428 123 75 76 62 56 2 243 626 144 11 0 0 0 0 192 714 99 19 0 0 0 0 
617 229 43 18 17 19 60 21 630 287 91 16 0 0 0 0 564 358 102 0 0 0 0 0 
191 113 163 100 69 64 295 29 290 244 287 137 61 4 1 0 339 283 192 96 62 33 18 1 
102 425 397 63 30 4 2 1 101 413 411 62 28 6 2 1 63 347 482 85 35 9 2 1 
353 167 116 164 123 96 4 1 335 176 118 141 139 101 13 1 322 185 128 175 123 85 5 1 
764 113 66 54 27 0 0 0 824 99 62 27 12 0 0 0 836 119 42 17 10 0 0 0 
373 315 173 124 34 5 0 0 371 310 165 129 47 2 0 0 363 282 201 131 38 9 0 0 
210 78 88 121 79 61 132 255 217 100 163 106 74 130 218 16 237 187 148 96 122 223 11 0 
243 108 93 77 71 66 81 285 256 165 103 62 78 58 270 32 274 226 79 80 41 294 30 0 
157 249 93 179 340 5 1 0 141 181 62 379 220 37 3 1 123 341 306 37 20 35 62 100 
155 59 80 79 163 65 63 360 143 70 57 152 125 81 343 53 127 134 131 72 66 403 60 31 
176 90 9 12 1 11 20 705 183 79 12 9 10 11 671 49 153 111 12 14 24 614 96 0 
59 22 0 2 13 12 9 907 59 22 2 9 15 10 902 5 48 33 12 15 12 903 1 0 
0 1 8 12 1 1 145 856 1 7 12 2 1 91 909 1 7 13 2 0 606 396 0 0 
2 324 110 31 38 32 55 432 2 287 144 33 35 40 82 401 0 82 206 98 81 59 116 382 
29 348 30 22 31 172 392 0 29 761 231 3 0 0 0 0 20 897 107 0 0 0 0 0 
233 115 57 52 73 360 134 0 406 618 0 0 0 0 0 0 609 415 0 0 0 0 0 0 
262 211 280 227 27 11 6 0 595 161 188 43 24 10 3 0 549 177 192 63 23 17 3 0 
78 376 369 102 46 27 10 16 75 372 378 100 46 27 10 16 37 259 448 164 50 35 15 16 
606 340 71 2 0 1 2 2 592 343 82 2 1 0 4 0 538 379 98 4 1 2 2 0 
279 461 150 22 3 11 3 95 330 421 132 29 4 10 3 95 243 444 191 34 4 9 4 95 
250 417 209 142 6 0 0 0 228 389 224 173 10 0 0 0 199 365 278 173 9 0 0 0 
921 94 9 0 0 0 0 0 940 64 20 0 0 0 0 0 922 79 23 0 0 0 0 0 
626 63 55 116 43 45 63 13 613 62 22 28 96 103 79 21 583 96 13 26 15 41 56 194 
250 194 107 174 273 14 8 4 121 187 154 276 233 28 9 16 62 216 319 137 60 70 39 121 
60 48 26 39 218 142 297 194 17 43 59 155 111 86 417 136 11 60 119 99 70 250 190 225 
0 0 0 0 0 274 339 411 0 0 0 0 0 0 1023 1 0 0 0 0 0 517 444 63 
0 0 0 0 0 210 257 557 0 0 0 0 0 110 914 0 0 0 0 0 125 655 244 0 
0 0 0 0 0 119 559 346 0 0 0 0 0 504 520 0 0 0 0 0 685 314 25 0 
0 310 281 117 112 55 32 117 2 451 360 43 21 22 34 91 0 274 437 131 30 29 40 83 
71 275 86 47 108 207 230 0 133 746 126 19 0 0 0 0 205 690 87 42 0 0 0 0 
117 51 32 41 165 415 203 0 451 567 6 0 0 0 0 0 702 322 0 0 0 0 0 0 
344 48 45 569 4 7 3 4 1001 3 3 3 3 6 4 1 968 37 2 3 2 7 3 2 
210 182 181 138 59 32 21 201 414 207 60 34 57 36 16 200 372 242 55 38 56 38 25 198 
499 115 20 18 12 21 28 311 480 134 22 15 14 21 25 313 409 204 22 16 14 24 26 309 
865 88 12 3 10 5 1 40 845 107 13 3 9 5 2 40 813 138 11 5 9 4 4 40 
863 151 8 2 0 0 0 0 975 39 9 1 0 0 0 0 966 50 8 0 0 0 0 0 
556 401 11 1 6 4 25 20 918 39 11 1 7 3 22 23 912 45 10 4 4 7 29 13 
758 142 50 27 24 19 4 0 741 141 49 23 30 23 17 0 703 170 54 14 8 12 30 33 
385 263 138 75 57 67 34 5 330 238 170 102 78 69 20 17 274 199 90 193 136 63 31 38 
28 157 132 145 200 250 94 18 5 63 136 124 139 256 245 56 3 4 32 121 99 120 251 394 
0 0 0 5 408 523 88 0 0 0 0 0 24 483 512 5 0 0 0 0 0 57 723 244 
0 0 0 0 426 598 0 0 0 0 0 0 0 642 382 0 0 0 0 0 0 388 636 0 
0 0 0 0 420 604 0 0 0 0 0 0 80 938 6 0 0 0 0 0 0 472 552 0 
177 439 178 81 73 31 30 15 146 533 229 28 27 26 29 6 27 553 310 46 31 32 25 0 
144 136 79 37 98 84 221 225 180 323 382 78 20 11 19 11 138 409 383 33 19 12 16 14 
72 56 50 71 425 345 5 0 770 254 0 0 0 0 0 0 1017 7 0 0 0 0 0 0 
392 40 52 540 0 0 0 0 1024 0 0 0 0 0 0 0 1020 4 0 0 0 0 0 0 
40 12 112 777 83 0 0 0 982 41 1 0 0 0 0 0 972 40 12 0 0 0 0 0 
462 121 201 170 70 0 0 0 779 245 0 0 0 0 0 0 650 325 49 0 0 0 0 0 
606 154 75 36 41 48 63 1 728 48 55 40 40 51 61 1 733 57 62 31 43 49 49 0 
54 485 211 40 39 71 75 49 676 32 46 37 34 74 78 47 644 70 47 39 44 81 70 29 
296 359 161 9 10 10 43 136 788 16 12 9 10 9 37 143 764 40 10 11 10 12 47 130 
633 80 25 24 22 26 29 185 625 85 29 23 22 24 28 188 585 119 28 29 22 24 30 187 
225 190 130 70 101 169 134 5 205 145 82 127 80 103 229 53 162 159 36 15 37 127 145 343 
0 31 60 180 394 271 88 0 0 0 35 60 213 424 240 52 0 0 0 0 10 80 410 524 
0 0 5 224 681 113 1 0 0 0 0 22 320 592 90 0 0 0 0 0 6 299 700 19 
0 33 10 363 618 0 0 0 0 31 10 5 35 943 0 0 13 19 7 7 8 852 118 0 
21 222 105 335 341 0 0 0 18 224 77 41 469 195 0 0 51 239 33 33 43 625 0 0 
