13 51 786 28 7 9 21 109 15 59 784 21 7 8 21 109 21 104 747 10 7 9 27 99 
0 0 857 31 9 6 8 113 0 0 867 21 9 6 9 112 0 2 884 5 8 5 13 107 
0 0 1024 0 0 0 0 0 0 0 1024 0 0 0 0 0 0 0 1024 0 0 0 0 0 
15 33 971 5 0 0 0 0 16 34 974 0 0 0 0 0 30 28 966 0 0 0 0 0 
0 0 893 131 0 0 0 0 0 0 1024 0 0 0 0 0 0 0 1024 0 0 0 0 0 
0 0 981 43 0 0 0 0 0 0 1024 0 0 0 0 0 0 0 1024 0 0 0 0 0 
0 0 992 32 0 0 0 0 0 0 1015 9 0 0 0 0 0 1 1023 0 0 0 0 0 
0 29 967 27 1 0 0 0 0 31 976 17 0 0 0 0 0 51 965 8 0 0 0 0 
0 40 959 25 0 0 0 0 0 57 954 13 0 0 0 0 0 111 912 1 0 0 0 0 
0 52 912 60 0 0 0 0 0 49 925 50 0 0 0 0 0 102 915 7 0 0 0 0 
0 1 268 423 79 25 33 195 0 3 424 290 60 22 32 193 0 23 579 136 50 25 35 176 
0 1 48 578 80 26 25 266 0 1 55 584 72 24 23 265 0 1 526 157 45 18 30 247 
0 2 16 954 9 7 10 26 0 3 36 933 11 6 9 26 0 4 274 702 6 9 13 16 
0 0 0 1024 0 0 0 0 0 0 24 1000 0 0 0 0 0 0 39 985 0 0 0 0 
0 0 0 1024 0 0 0 0 0 0 0 1024 0 0 0 0 0 0 0 1024 0 0 0 0 
0 0 0 1024 0 0 0 0 0 0 0 1024 0 0 0 0 0 0 0 1024 0 0 0 0 
0 0 0 1024 0 0 0 0 0 0 0 1024 0 0 0 0 0 0 0 1024 0 0 0 0 
0 0 0 1024 0 0 0 0 0 0 0 1024 0 0 0 0 0 0 0 1024 0 0 0 0 
0 0 24 1000 0 0 0 0 0 0 28 996 0 0 0 0 0 0 17 1007 0 0 0 0 
0 6 159 848 11 0 0 0 0 6 164 843 11 0 0 0 0 6 116 890 12 0 0 0 
0 0 1024 0 0 0 0 0 0 0 1024 0 0 0 0 0 0 3 1021 0 0 0 0 0 
0 0 1024 0 0 0 0 0 0 0 1024 0 0 0 0 0 0 0 1024 0 0 0 0 0 
0 0 901 123 0 0 0 0 0 0 1013 11 0 0 0 0 0 0 1024 0 0 0 0 0 
0 10 569 445 0 0 0 0 0 21 909 94 0 0 0 0 0 58 966 0 0 0 0 0 
0 10 276 592 22 21 19 84 0 17 624 241 22 21 17 82 0 46 785 60 23 14 22 74 
0 39 288 642 55 0 0 0 0 50 495 429 50 0 0 0 0 78 819 95 32 0 0 0 
0 13 193 679 22 12 14 91 0 14 274 601 20 12 15 88 0 35 801 64 14 12 12 86 
0 0 279 502 40 19 19 165 0 0 400 397 28 15 21 163 0 1 708 102 22 18 22 151 
0 0 1005 19 0 0 0 0 0 0 1024 0 0 0 0 0 0 0 1024 0 0 0 0 0 
0 0 717 307 0 0 0 0 0 0 876 148 0 0 0 0 0 3 1021 0 0 0 0 0 
0 0 137 867 16 4 0 0 0 0 505 502 17 0 0 0 0 14 947 53 10 0 0 0 
0 5 69 866 42 17 10 15 0 13 76 865 37 13 6 14 0 39 662 271 23 12 4 13 
0 11 64 909 36 4 0 0 0 19 57 909 36 3 0 0 0 41 65 891 27 0 0 0 
0 5 76 869 37 23 6 8 0 16 69 871 34 20 6 8 0 32 67 865 30 19 3 8 
0 0 54 643 133 22 22 150 0 0 56 650 125 23 24 146 0 1 63 711 66 18 23 142 
0 3 91 622 166 18 18 106 0 3 97 696 90 18 15 105 0 4 98 733 55 19 14 101 
0 0 62 899 39 19 5 0 0 0 62 897 41 19 5 0 0 0 57 901 42 19 5 0 
0 0 2 954 20 26 22 0 0 0 2 952 22 26 22 0 0 0 2 948 29 28 17 0 
0 0 0 963 39 19 3 0 0 0 0 963 39 19 3 0 0 0 0 963 39 19 3 0 
0 0 4 861 26 15 13 105 0 0 4 865 25 13 14 103 0 0 16 862 22 11 16 97 
50 97 518 359 0 0 0 0 64 110 561 289 0 0 0 0 80 127 689 128 0 0 0 0 
0 0 462 562 0 0 0 0 0 0 527 497 0 0 0 0 0 0 809 215 0 0 0 0 
0 12 227 701 7 11 8 58 0 19 322 600 9 10 8 56 0 49 700 196 7 10 10 52 
1 14 170 771 16 7 6 39 6 32 231 695 9 6 9 36 19 36 740 172 7 7 7 36 
9 22 58 935 0 0 0 0 5 25 82 912 0 0 0 0 23 22 751 228 0 0 0 0 
0 1 65 941 4 4 3 6 0 1 82 924 5 4 2 6 0 15 648 346 4 4 2 5 
0 1 104 819 17 10 17 56 0 1 139 786 15 11 19 53 0 23 597 315 10 13 19 47 
0 1 142 841 8 7 4 21 0 1 196 787 9 7 3 21 0 23 871 94 7 6 5 18 
0 2 321 518 39 21 17 106 0 4 386 459 34 19 21 101 0 29 763 74 25 18 22 93 
0 5 100 820 79 8 3 9 0 11 109 819 67 7 2 9 0 35 735 207 33 3 4 7 
0 0 50 728 74 32 25 115 0 0 61 731 65 28 27 112 0 4 387 435 46 21 32 99 
0 0 43 589 211 85 32 64 0 0 50 623 192 71 24 64 0 6 122 687 97 41 13 58 
0 0 52 820 127 15 4 6 0 0 53 840 108 13 4 6 0 4 74 897 37 3 4 5 
0 1 49 427 247 122 99 79 0 3 54 466 212 121 92 76 0 5 73 556 166 127 28 69 
0 0 52 362 348 125 134 3 0 0 54 380 347 128 112 3 0 15 46 552 239 162 8 2 
0 3 77 606 319 19 0 0 0 3 74 611 331 5 0 0 0 5 83 683 253 0 0 0 
0 1 51 199 365 203 137 68 0 1 58 248 342 215 94 66 0 7 56 377 324 186 12 62 
0 5 64 98 268 107 396 86 0 5 69 109 272 142 351 76 0 5 80 196 236 365 74 68 
0 0 44 307 334 212 127 0 0 0 44 349 332 212 87 0 0 0 40 441 373 170 0 0 
0 0 0 631 393 0 0 0 0 0 0 657 367 0 0 0 0 0 0 779 245 0 0 0 
0 0 0 442 582 0 0 0 0 0 0 554 470 0 0 0 0 0 21 990 13 0 0 0 
4 6 12 298 703 1 0 0 5 5 12 381 621 0 0 0 8 5 18 917 76 0 0 0 
0 0 8 272 744 0 0 0 0 0 10 372 642 0 0 0 0 0 28 854 142 0 0 0 
0 9 12 215 788 0 0 0 0 11 12 328 673 0 0 0 1 15 20 840 148 0 0 0 
0 6 5 151 766 96 0 0 0 6 8 241 737 32 0 0 3 5 19 645 352 0 0 0 
0 0 0 221 657 146 0 0 0 0 0 290 642 92 0 0 0 0 0 642 382 0 0 0 
5 33 49 180 633 124 0 0 2 47 47 212 684 32 0 0 21 50 44 579 330 0 0 0 
0 3 49 302 522 148 0 0 0 3 64 330 577 50 0 0 2 26 127 629 240 0 0 0 
0 0 21 376 281 140 95 111 0 0 55 402 246 135 91 95 0 0 194 458 164 98 75 35 
0 0 0 16 83 151 268 506 0 0 0 42 71 193 258 460 0 0 15 82 162 251 185 329 
0 0 0 42 218 253 280 231 0 0 0 61 230 278 242 213 0 0 3 177 324 284 127 109 
0 0 0 0 0 8 256 760 0 0 0 0 0 34 263 727 0 0 0 0 20 248 151 605 
0 0 0 0 150 330 408 136 0 0 0 0 174 357 404 89 0 0 0 38 350 437 199 0 
0 0 0 0 0 53 217 754 0 0 0 0 3 81 238 702 0 0 0 0 35 187 272 530 
0 0 0 0 0 23 183 818 0 0 0 0 0 44 265 715 0 0 0 0 9 124 378 513 
0 0 0 0 44 416 543 21 0 0 0 0 108 432 484 0 0 0 0 0 346 585 93 0 
0 0 0 0 0 60 264 700 0 0 0 0 0 97 350 577 0 0 0 0 36 230 425 333 
0 0 0 0 0 0 27 997 0 0 0 0 0 0 85 939 0 0 0 0 0 14 282 728 
0 0 0 0 0 76 345 603 0 0 0 0 0 153 463 408 0 0 0 0 55 315 490 164 
0 0 0 0 134 475 415 0 0 0 0 0 202 659 163 0 0 0 0 0 514 510 0 0 
7 49 33 20 724 191 0 0 7 50 34 24 882 27 0 0 20 58 21 171 754 0 0 0 
410 102 68 49 235 160 0 0 265 256 67 46 342 48 0 0 77 229 192 171 348 5 2 0 
182 113 282 364 55 28 0 0 77 209 299 358 75 6 0 0 23 145 462 335 51 8 0 0 
12 143 300 375 45 148 1 0 21 158 279 384 54 128 0 0 40 191 321 304 161 7 0 0 
95 206 41 43 44 595 0 0 69 226 47 53 54 575 0 0 106 204 49 49 604 12 0 0 
156 376 218 94 56 114 10 0 228 369 218 40 82 85 2 0 348 343 144 31 133 25 0 0 
0 0 7 60 36 784 111 26 0 0 60 40 52 827 45 0 0 0 58 37 735 164 30 0 
11 29 21 35 63 817 42 6 19 28 29 40 90 799 19 0 37 32 40 54 806 55 0 0 
11 28 124 101 292 196 158 114 3 26 81 132 351 208 156 67 33 90 141 287 218 149 102 4 
7 34 94 130 66 39 156 498 2 32 39 121 129 50 230 421 33 56 131 113 34 119 343 195 
7 28 62 144 44 50 456 233 1 22 38 85 140 78 474 186 27 45 139 81 50 417 236 29 
6 19 61 104 53 35 52 694 2 13 33 55 102 66 126 627 20 34 77 108 41 52 372 320 
3 18 106 88 23 24 614 148 1 13 29 60 130 26 713 52 15 28 90 101 22 474 294 0 
10 14 50 102 19 17 61 751 2 14 29 43 50 70 122 694 14 37 44 97 16 44 413 359 
5 12 46 70 14 23 161 693 3 11 14 32 79 23 276 586 9 19 34 81 18 123 487 253 
6 16 61 36 17 18 838 32 4 17 14 17 83 26 863 0 12 16 54 48 15 717 162 0 
2 8 18 50 10 16 139 781 1 11 5 11 47 26 369 554 2 12 15 55 20 145 634 141 
1 5 2 15 17 14 47 923 1 6 2 4 23 14 140 834 5 3 4 26 15 53 542 376 
0 10 4 6 3 9 507 485 0 10 7 4 4 12 736 251 7 6 7 3 8 423 523 47 
0 6 1 6 1 63 947 0 0 6 1 7 0 310 700 0 4 3 4 3 23 987 0 0 
159 320 219 127 115 84 0 0 171 323 216 132 138 44 0 0 326 263 182 128 124 1 0 0 
657 275 45 28 15 4 0 0 654 279 46 28 13 4 0 0 252 700 42 24 4 2 0 0 
82 379 220 304 14 9 7 9 81 393 233 281 13 11 10 2 132 338 356 164 12 12 10 0 
71 402 218 173 54 76 13 17 68 414 218 171 50 76 17 10 227 344 203 123 80 31 14 2 
33 267 177 104 56 373 14 0 48 347 110 91 71 356 1 0 119 294 134 67 321 88 1 0 
1 203 401 253 116 31 14 5 22 492 319 141 25 21 4 0 3 424 367 170 33 22 5 0 
20 238 103 199 64 292 108 0 13 249 189 145 37 386 5 0 90 207 197 119 93 318 0 0 
4 89 73 86 116 656 0 0 5 87 75 95 164 598 0 0 25 103 52 144 655 45 0 0 
7 174 187 356 288 12 0 0 10 165 165 438 238 8 0 0 54 199 236 494 37 4 0 0 
46 198 209 295 254 20 2 0 56 173 128 405 243 18 1 0 123 172 236 387 99 7 0 0 
20 64 247 276 403 14 0 0 21 46 129 465 349 14 0 0 37 101 272 507 106 1 0 0 
17 49 220 330 344 61 3 0 13 34 113 358 432 69 5 0 35 86 245 419 226 13 0 0 
19 86 301 181 301 135 1 0 20 68 102 351 380 102 1 0 53 91 302 243 312 23 0 0 
19 84 298 197 226 183 17 0 25 67 120 257 363 179 13 0 53 103 273 269 265 56 5 0 
20 37 347 178 329 107 6 0 13 37 84 288 508 90 4 0 37 59 305 247 359 17 0 0 
16 99 352 157 364 35 1 0 9 61 76 362 495 21 0 0 50 82 379 195 318 0 0 0 
18 60 366 241 225 113 1 0 8 48 44 304 529 90 1 0 40 71 365 259 284 5 0 0 
15 39 344 317 164 113 32 0 9 17 57 299 473 157 11 1 26 80 325 388 188 17 0 0 
30 111 446 224 144 66 3 0 23 66 115 414 354 49 3 0 52 134 450 281 96 11 0 0 
21 160 524 151 116 49 3 0 19 58 153 520 224 43 7 0 34 179 536 186 80 9 0 0 
378 481 147 18 0 0 0 0 364 499 144 17 0 0 0 0 347 413 257 7 0 0 0 0 
656 282 68 14 4 0 0 0 657 280 69 14 4 0 0 0 661 280 65 16 2 0 0 0 
310 325 230 133 9 16 1 0 340 298 243 131 12 0 0 0 357 287 263 107 10 0 0 0 
165 159 293 240 55 93 15 4 195 145 297 261 89 32 5 0 200 167 244 348 57 8 0 0 
348 266 243 98 41 21 7 0 348 270 215 133 33 25 0 0 382 272 171 161 26 12 0 0 
642 163 179 40 0 0 0 0 692 233 78 21 0 0 0 0 611 228 161 24 0 0 0 0 
131 369 160 202 50 58 52 2 162 345 182 182 59 70 23 1 233 322 147 190 81 45 5 1 
47 54 90 350 353 30 82 18 31 75 73 361 367 37 79 1 76 77 57 514 206 75 19 0 
47 279 135 312 196 30 22 3 40 288 128 254 264 34 16 0 179 191 92 301 239 17 5 0 
96 354 136 268 159 8 3 0 78 364 139 228 206 5 4 0 196 274 97 204 248 5 0 0 
6 104 205 426 274 5 4 0 4 96 181 324 410 6 3 0 23 108 113 405 368 7 0 0 
53 230 187 265 285 4 0 0 35 243 139 191 416 0 0 0 109 219 48 284 364 0 0 0 
72 361 171 176 233 10 1 0 65 368 153 192 243 2 1 0 159 311 124 266 162 1 1 0 
17 23 289 98 539 55 1 2 19 37 169 202 564 30 2 1 25 52 63 444 436 1 2 1 
0 18 331 98 547 30 0 0 0 37 197 203 584 3 0 0 0 66 78 370 510 0 0 0 
0 55 331 87 526 25 0 0 0 55 269 142 541 17 0 0 0 89 92 311 524 8 0 0 
0 12 266 80 563 100 3 0 0 20 260 93 585 64 2 0 0 75 113 232 574 30 0 0 
0 28 137 112 631 91 25 0 0 28 147 126 638 63 22 0 0 89 84 242 560 32 17 0 
0 18 58 140 753 49 6 0 0 22 56 155 763 22 6 0 0 28 53 203 722 13 5 0 
4 11 76 187 721 25 0 0 7 22 64 185 727 19 0 0 8 13 71 260 658 14 0 0 
283 666 75 0 0 0 0 0 254 584 186 0 0 0 0 0 187 260 498 79 0 0 0 0 
617 302 56 29 9 8 3 0 634 297 69 10 7 6 1 0 610 306 85 10 10 2 1 0 
290 423 161 81 36 16 5 12 270 393 239 70 26 17 7 2 221 314 372 74 23 13 7 0 
58 502 310 147 6 1 0 0 77 442 374 126 4 1 0 0 119 263 542 98 1 1 0 0 
258 179 219 326 42 0 0 0 289 167 236 306 26 0 0 0 312 186 299 222 5 0 0 0 
753 117 58 68 18 6 4 0 775 96 57 73 15 4 4 0 702 177 60 70 10 2 3 0 
437 163 106 175 140 3 0 0 447 159 111 182 122 3 0 0 404 210 109 159 141 1 0 0 
550 148 66 178 11 4 56 11 556 141 69 169 18 26 45 0 549 146 83 39 154 50 3 0 
550 93 66 136 61 34 59 25 554 89 58 119 91 77 25 11 544 97 54 82 180 47 20 0 
287 176 113 189 58 99 84 18 299 177 102 188 90 128 37 3 350 181 61 98 286 41 7 0 
93 116 99 246 263 51 76 80 100 101 97 168 355 73 92 38 125 102 66 227 332 102 69 1 
88 115 68 140 305 109 108 91 87 129 62 93 361 169 111 12 144 115 45 125 458 96 41 0 
13 207 101 268 123 55 180 77 11 218 93 265 134 203 100 0 113 183 78 162 381 96 11 0 
6 24 10 464 356 72 19 73 18 15 10 324 515 56 54 32 30 10 7 110 763 51 53 0 
0 0 72 428 521 3 0 0 0 0 0 477 542 5 0 0 0 0 0 318 706 0 0 0 
0 0 257 299 455 13 0 0 0 0 7 536 468 12 1 0 0 0 0 444 574 6 0 0 
0 0 122 553 330 19 0 0 0 0 45 604 356 18 1 0 0 0 0 346 668 9 1 0 
0 8 262 416 298 40 0 0 0 8 131 542 334 9 0 0 0 0 11 477 536 0 0 0 
0 65 510 115 326 8 0 0 0 69 291 375 289 0 0 0 0 71 42 706 205 0 0 0 
0 36 461 91 424 12 0 0 0 78 339 350 257 0 0 0 0 76 53 734 161 0 0 0 
81 272 502 164 5 0 0 0 29 124 722 145 4 0 0 0 20 51 281 669 3 0 0 0 
289 695 40 0 0 0 0 0 175 370 479 0 0 0 0 0 70 165 514 275 0 0 0 0 
141 553 330 0 0 0 0 0 102 275 647 0 0 0 0 0 14 130 401 479 0 0 0 0 
8 387 629 0 0 0 0 0 4 190 830 0 0 0 0 0 0 6 268 750 0 0 0 0 
98 899 25 2 0 0 0 0 62 622 338 2 0 0 0 0 37 112 608 267 0 0 0 0 
648 289 48 19 19 1 0 0 616 302 67 21 18 0 0 0 558 185 239 32 10 0 0 0 
372 295 128 157 72 0 0 0 356 295 160 169 44 0 0 0 320 246 277 164 17 0 0 0 
152 212 192 264 191 10 3 0 180 203 193 300 137 8 3 0 210 195 257 312 46 2 2 0 
275 191 104 156 189 89 20 0 298 180 111 166 196 60 13 0 313 198 146 196 147 23 1 0 
324 226 93 104 236 40 1 0 348 212 93 119 229 23 0 0 370 219 92 232 109 2 0 0 
359 77 43 151 100 273 21 0 355 81 44 114 194 224 12 0 350 88 52 81 398 55 0 0 
513 173 91 236 10 1 0 0 519 163 83 232 27 0 0 0 510 184 73 39 218 0 0 0 
179 199 163 400 24 25 33 1 210 166 98 449 48 38 15 0 214 164 63 177 379 27 0 0 
81 55 19 759 90 20 0 0 81 51 19 587 264 20 2 0 72 50 24 41 814 21 2 0 
0 0 0 725 238 56 5 0 0 0 0 710 251 58 5 0 0 0 0 98 906 20 0 0 
0 0 5 528 407 82 2 0 0 0 0 533 444 43 4 0 0 0 0 248 763 13 0 0 
0 0 1 343 554 120 6 0 0 0 0 346 576 95 7 0 0 0 1 352 657 12 2 0 
0 0 6 270 692 50 6 0 0 0 1 265 704 48 6 0 0 0 3 605 393 22 1 0 
0 0 238 96 680 10 0 0 0 0 7 368 640 9 0 0 0 0 0 753 263 8 0 0 
0 0 457 47 519 1 0 0 0 0 18 541 463 2 0 0 0 0 0 770 252 2 0 0 
4 11 201 782 26 0 0 0 3 11 352 648 10 0 0 0 0 12 775 237 0 0 0 0 
46 478 403 97 0 0 0 0 26 443 501 54 0 0 0 0 13 73 881 57 0 0 0 0 
9 843 167 5 0 0 0 0 6 345 662 10 1 0 0 0 2 37 390 594 1 0 0 0 
0 324 700 0 0 0 0 0 0 0 1024 0 0 0 0 0 0 0 0 1024 0 0 0 0 
5 751 268 0 0 0 0 0 0 44 980 0 0 0 0 0 0 0 70 954 0 0 0 0 
127 891 6 0 0 0 0 0 0 621 403 0 0 0 0 0 0 0 573 451 0 0 0 0 
64 778 182 0 0 0 0 0 0 360 664 0 0 0 0 0 0 0 457 567 0 0 0 0 
39 514 285 146 39 1 0 0 38 205 575 155 50 1 0 0 28 70 458 435 31 2 0 0 
76 408 320 95 73 45 7 0 76 184 539 106 86 31 2 0 70 79 467 326 73 9 0 0 
114 332 241 101 199 36 1 0 116 253 332 106 191 25 1 0 141 241 301 257 78 6 0 0 
158 150 157 254 202 88 13 2 179 148 186 249 193 57 11 1 238 154 272 209 130 17 3 1 
192 114 99 110 389 120 0 0 214 113 95 146 398 58 0 0 238 119 120 317 227 3 0 0 
133 174 77 114 253 257 16 0 186 136 88 122 294 194 4 0 214 135 103 231 323 18 0 0 
43 92 60 107 86 548 75 13 73 80 51 95 137 540 37 11 96 89 39 99 617 72 7 5 
0 0 27 305 108 560 21 3 0 0 7 329 458 209 18 3 0 0 11 104 883 26 0 0 
0 0 106 467 161 268 20 2 0 0 9 564 347 85 17 2 0 1 21 160 823 16 3 0 
0 0 26 815 19 159 5 0 0 0 3 839 45 136 1 0 0 0 2 58 949 15 0 0 
0 0 282 738 2 2 0 0 0 0 4 1015 2 3 0 0 0 0 0 140 881 2 1 0 
0 0 966 26 32 0 0 0 0 0 285 705 34 0 0 0 0 0 0 776 248 0 0 0 
0 0 753 56 215 0 0 0 0 0 381 424 219 0 0 0 0 0 0 771 253 0 0 0 
0 0 2 899 120 3 0 0 0 0 14 943 66 1 0 0 0 0 62 930 32 0 0 0 
0 0 58 918 48 0 0 0 0 0 124 890 10 0 0 0 0 0 447 577 0 0 0 0 
0 38 183 632 146 21 4 0 0 0 230 680 92 19 3 0 0 1 261 717 40 5 0 0 
0 97 662 41 135 57 32 0 0 13 759 37 137 47 31 0 22 39 122 786 50 5 0 0 
0 701 323 0 0 0 0 0 0 0 1024 0 0 0 0 0 0 0 0 1024 0 0 0 0 
0 875 149 0 0 0 0 0 0 1 1023 0 0 0 0 0 0 0 1 1023 0 0 0 0 
0 260 764 0 0 0 0 0 0 64 960 0 0 0 0 0 0 0 48 976 0 0 0 0 
0 551 473 0 0 0 0 0 0 124 900 0 0 0 0 0 0 0 104 920 0 0 0 0 
0 964 60 0 0 0 0 0 0 112 912 0 0 0 0 0 0 0 302 722 0 0 0 0 
0 773 251 0 0 0 0 0 0 53 967 4 0 0 0 0 0 0 344 680 0 0 0 0 
42 315 645 12 9 1 0 0 33 160 702 120 9 0 0 0 32 73 281 635 3 0 0 0 
48 330 370 53 203 20 0 0 44 88 612 83 185 12 0 0 38 68 384 495 39 0 0 0 
79 268 182 136 113 223 23 0 88 155 289 177 132 174 9 0 109 116 204 387 205 3 0 0 
8 38 96 83 335 422 42 0 22 26 95 126 475 269 11 0 31 39 87 320 517 30 0 0 
0 0 0 11 800 211 2 0 0 0 1 18 938 66 1 0 0 0 11 587 420 6 0 0 
0 0 0 0 632 392 0 0 0 0 0 0 942 82 0 0 0 0 0 435 589 0 0 0 
0 0 0 0 1 1023 0 0 0 0 0 0 703 321 0 0 0 0 0 4 1020 0 0 0 
0 0 52 27 330 611 4 0 0 0 23 57 776 168 0 0 0 0 0 243 769 12 0 0 
0 0 303 20 639 62 0 0 0 0 277 47 695 5 0 0 0 0 0 808 215 1 0 0 
0 0 551 19 378 76 0 0 0 0 480 125 395 24 0 0 0 0 4 871 146 3 0 0 
