709 173 38 95 9 0 0 0 709 173 38 95 9 0 0 0 709 173 38 95 9 0 0 0 
551 408 43 10 12 0 0 0 539 417 46 10 12 0 0 0 693 278 31 10 12 0 0 0 
629 180 69 79 52 15 0 0 624 185 69 79 52 15 0 0 644 165 69 79 52 15 0 0 
398 131 225 90 113 67 0 0 375 147 222 98 115 67 0 0 427 157 231 36 107 66 0 0 
0 0 94 122 334 474 0 0 0 0 94 122 778 30 0 0 0 0 94 122 766 42 0 0 
0 5 17 246 756 0 0 0 0 4 17 210 793 0 0 0 1 11 21 558 433 0 0 0 
110 152 208 536 18 0 0 0 101 147 206 543 27 0 0 0 154 180 223 457 10 0 0 0 
413 580 31 0 0 0 0 0 307 541 176 0 0 0 0 0 474 466 84 0 0 0 0 0 
311 713 0 0 0 0 0 0 83 707 234 0 0 0 0 0 393 575 56 0 0 0 0 0 
864 160 0 0 0 0 0 0 434 584 6 0 0 0 0 0 897 127 0 0 0 0 0 0 
332 237 133 3 2 4 13 300 374 271 57 3 2 4 13 300 331 225 146 3 2 4 13 300 
32 574 20 13 7 7 14 357 32 574 20 13 7 7 14 357 32 574 20 13 7 7 14 357 
94 583 48 10 11 10 10 258 91 585 49 10 11 10 10 258 243 446 36 10 11 10 10 258 
329 336 132 88 33 13 15 78 336 362 94 104 25 9 15 79 457 286 95 65 19 14 10 78 
55 277 110 182 227 115 7 51 93 263 172 170 250 19 10 47 261 155 240 153 129 32 10 44 
0 0 217 493 272 42 0 0 0 0 349 535 140 0 0 0 0 171 684 166 3 0 0 0 
2 4 738 280 0 0 0 0 2 3 811 208 0 0 0 0 3 38 915 68 0 0 0 0 
53 286 647 38 0 0 0 0 83 333 608 0 0 0 0 0 147 674 203 0 0 0 0 0 
534 490 0 0 0 0 0 0 524 499 1 0 0 0 0 0 690 334 0 0 0 0 0 0 
480 544 0 0 0 0 0 0 352 672 0 0 0 0 0 0 800 224 0 0 0 0 0 0 
320 0 0 0 0 0 0 704 320 0 0 0 0 0 0 704 320 0 0 0 0 0 0 704 
0 0 1 5 17 24 12 965 0 0 1 5 17 24 12 965 0 0 1 5 17 24 12 965 
20 35 28 36 68 87 77 673 22 35 27 36 67 89 77 671 11 33 36 34 69 86 73 682 
173 185 102 83 71 60 40 310 234 157 101 78 57 56 40 301 176 221 100 67 60 58 40 302 
6 10 12 22 49 127 160 638 15 7 15 35 82 152 211 507 7 12 13 26 95 114 162 595 
0 0 0 102 256 310 179 177 0 0 0 215 344 208 160 97 0 0 66 253 255 183 148 119 
134 64 56 364 388 18 0 0 135 66 48 614 157 4 0 0 138 65 98 544 173 6 0 0 
231 163 285 301 44 0 0 0 292 267 402 63 0 0 0 0 432 333 258 1 0 0 0 0 
893 131 0 0 0 0 0 0 891 133 0 0 0 0 0 0 908 116 0 0 0 0 0 0 
431 510 23 31 29 0 0 0 355 583 24 25 35 2 0 0 358 580 24 27 34 1 0 0 
320 0 0 0 0 0 0 704 320 0 0 0 0 0 0 704 320 0 0 0 0 0 0 704 
0 0 0 0 0 0 0 1024 0 0 0 0 0 0 0 1024 0 0 0 0 0 0 0 1024 
0 0 0 0 0 0 0 1024 0 0 0 0 0 0 0 1024 0 0 0 0 0 0 0 1024 
42 142 273 217 118 51 61 120 97 312 238 98 81 30 88 80 120 358 177 106 66 27 80 90 
695 80 52 31 23 21 87 35 725 61 56 21 25 20 88 28 744 53 52 23 21 41 63 27 
854 24 6 10 17 42 29 42 854 24 6 10 17 42 29 42 854 24 6 10 17 42 29 42 
995 16 3 4 5 1 0 0 995 16 3 4 5 1 0 0 995 16 3 4 5 1 0 0 
995 18 11 0 0 0 0 0 995 18 11 0 0 0 0 0 995 18 11 0 0 0 0 0 
988 36 0 0 0 0 0 0 988 36 0 0 0 0 0 0 988 36 0 0 0 0 0 0 
913 71 21 14 5 0 0 0 810 168 21 18 7 0 0 0 856 126 20 17 5 0 0 0 
320 0 0 0 0 0 0 704 320 0 0 0 0 0 0 704 320 0 0 0 0 0 0 704 
0 0 0 0 0 0 0 1024 0 0 0 0 0 0 0 1024 0 0 0 0 0 0 0 1024 
0 0 0 0 0 0 0 1024 0 0 0 0 0 0 0 1024 0 0 0 0 0 0 0 1024 
72 103 255 38 76 53 68 359 130 97 228 40 75 30 65 359 77 137 245 31 72 72 75 315 
179 53 51 24 35 32 81 569 115 115 60 17 36 36 89 556 92 129 61 23 37 33 83 566 
891 88 10 12 4 3 5 11 766 213 10 12 4 3 5 11 743 228 18 12 4 3 5 11 
984 39 1 0 0 0 0 0 984 39 1 0 0 0 0 0 984 39 1 0 0 0 0 0 
1024 0 0 0 0 0 0 0 1024 0 0 0 0 0 0 0 1024 0 0 0 0 0 0 0 
1024 0 0 0 0 0 0 0 1024 0 0 0 0 0 0 0 1024 0 0 0 0 0 0 0 
1004 13 7 0 0 0 0 0 1004 13 7 0 0 0 0 0 1004 13 7 0 0 0 0 0 
320 0 0 0 0 0 3 701 320 0 0 0 0 0 3 701 320 0 0 0 0 0 3 701 
0 0 0 0 0 34 124 866 0 0 0 0 0 0 20 1004 0 0 0 0 0 3 132 889 
0 0 0 1 11 76 350 586 0 0 0 0 4 37 205 778 0 0 0 1 15 81 388 539 
212 154 159 138 173 104 70 14 97 272 188 110 160 110 70 17 30 230 193 157 120 160 78 56 
464 190 102 79 109 77 3 0 425 224 107 71 127 68 2 0 423 223 102 76 107 71 22 0 
698 99 72 113 42 0 0 0 698 99 72 113 42 0 0 0 698 99 72 113 42 0 0 0 
908 115 1 0 0 0 0 0 908 115 1 0 0 0 0 0 908 115 1 0 0 0 0 0 
1024 0 0 0 0 0 0 0 1024 0 0 0 0 0 0 0 1024 0 0 0 0 0 0 0 
1016 8 0 0 0 0 0 0 1016 8 0 0 0 0 0 0 1016 8 0 0 0 0 0 0 
1024 0 0 0 0 0 0 0 1024 0 0 0 0 0 0 0 1024 0 0 0 0 0 0 0 
320 1 9 69 123 191 127 184 320 0 1 12 81 129 181 300 320 0 1 29 91 153 179 251 
0 0 3 39 214 315 245 208 0 0 1 12 71 198 386 356 0 0 0 17 136 327 218 326 
369 22 16 32 90 191 171 133 24 344 32 27 69 112 228 188 6 71 308 23 41 223 158 194 
764 57 57 59 83 2 2 0 424 384 56 69 79 8 4 0 116 536 168 61 70 66 5 2 
910 37 46 23 8 0 0 0 816 110 34 32 23 9 0 0 673 274 45 23 2 7 0 0 
735 92 54 14 26 84 19 0 735 93 53 16 26 89 12 0 706 122 49 12 21 48 65 1 
1008 12 4 0 0 0 0 0 979 37 7 1 0 0 0 0 1000 20 3 1 0 0 0 0 
1024 0 0 0 0 0 0 0 1024 0 0 0 0 0 0 0 1024 0 0 0 0 0 0 0 
1003 21 0 0 0 0 0 0 1003 21 0 0 0 0 0 0 1003 21 0 0 0 0 0 0 
1024 0 0 0 0 0 0 0 1024 0 0 0 0 0 0 0 1024 0 0 0 0 0 0 0 
