14 1010 0 0 0 0 0 0 0 1022 2 0 0 0 0 0 0 1024 0 0 0 0 0 0 
2 1022 0 0 0 0 0 0 0 731 293 0 0 0 0 0 0 625 399 0 0 0 0 0 
0 1024 0 0 0 0 0 0 0 136 888 0 0 0 0 0 0 60 964 0 0 0 0 0 
0 1024 0 0 0 0 0 0 0 78 946 0 0 0 0 0 0 5 1019 0 0 0 0 0 
0 1024 0 0 0 0 0 0 0 102 922 0 0 0 0 0 0 44 980 0 0 0 0 0 
0 1024 0 0 0 0 0 0 0 20 1004 0 0 0 0 0 0 1 1023 0 0 0 0 0 
0 1020 4 0 0 0 0 0 0 10 1014 0 0 0 0 0 0 1 1023 0 0 0 0 0 
0 974 50 0 0 0 0 0 0 0 1024 0 0 0 0 0 0 0 1020 4 0 0 0 0 
0 764 260 0 0 0 0 0 0 0 1024 0 0 0 0 0 0 0 885 139 0 0 0 0 
0 673 351 0 0 0 0 0 0 0 1024 0 0 0 0 0 0 0 670 354 0 0 0 0 
0 490 534 0 0 0 0 0 0 0 961 63 0 0 0 0 0 0 444 580 0 0 0 0 
0 549 475 0 0 0 0 0 0 0 817 207 0 0 0 0 0 0 236 788 0 0 0 0 
0 443 580 1 0 0 0 0 0 0 714 310 0 0 0 0 0 0 66 912 46 0 0 0 
0 331 637 56 0 0 0 0 0 0 428 585 11 0 0 0 0 0 22 701 299 2 0 0 
1 217 490 259 54 3 0 0 0 0 201 505 239 76 3 0 0 0 35 349 369 233 38 0 
0 19 361 257 163 79 18 127 0 0 5 319 241 198 123 138 0 0 0 79 296 262 205 182 
0 18 105 203 172 124 70 332 0 0 7 70 178 219 169 381 0 0 0 14 95 212 262 441 
0 23 46 109 159 171 217 299 0 0 3 58 83 187 221 472 0 0 0 18 55 117 239 595 
5 129 280 215 158 137 83 17 0 4 60 257 231 202 181 89 0 0 2 88 246 267 212 209 
1 675 195 81 42 24 6 0 0 136 414 267 111 61 32 3 0 1 261 331 231 122 60 18 
0 816 208 0 0 0 0 0 0 323 589 112 0 0 0 0 0 637 305 82 0 0 0 0 
29 818 89 53 35 0 0 0 13 206 629 95 48 32 1 0 6 403 414 96 54 46 5 0 
0 936 88 0 0 0 0 0 0 292 591 141 0 0 0 0 0 299 561 52 112 0 0 0 
0 1001 23 0 0 0 0 0 0 250 755 19 0 0 0 0 0 119 875 14 16 0 0 0 
0 1024 0 0 0 0 0 0 0 127 897 0 0 0 0 0 0 95 929 0 0 0 0 0 
0 1024 0 0 0 0 0 0 0 32 992 0 0 0 0 0 0 21 1003 0 0 0 0 0 
0 862 162 0 0 0 0 0 0 11 1013 0 0 0 0 0 0 0 1024 0 0 0 0 0 
0 753 271 0 0 0 0 0 0 0 1024 0 0 0 0 0 0 0 1024 0 0 0 0 0 
0 832 192 0 0 0 0 0 0 1 1023 0 0 0 0 0 0 0 1024 0 0 0 0 0 
0 990 34 0 0 0 0 0 0 1 1023 0 0 0 0 0 0 0 1024 0 0 0 0 0 
0 1018 6 0 0 0 0 0 0 1 1023 0 0 0 0 0 0 0 1024 0 0 0 0 0 
0 1019 5 0 0 0 0 0 0 0 1024 0 0 0 0 0 0 0 1024 0 0 0 0 0 
0 1018 6 0 0 0 0 0 0 18 1006 0 0 0 0 0 0 0 1013 11 0 0 0 0 
0 1021 3 0 0 0 0 0 0 32 992 0 0 0 0 0 0 2 858 164 0 0 0 0 
0 1014 10 0 0 0 0 0 0 15 1009 0 0 0 0 0 0 0 742 282 0 0 0 0 
0 976 48 0 0 0 0 0 0 12 941 71 0 0 0 0 0 0 736 284 4 0 0 0 
0 745 278 1 0 0 0 0 0 10 596 399 19 0 0 0 0 0 367 434 215 8 0 0 
1 411 296 182 73 22 9 30 0 4 298 314 204 116 49 39 0 0 96 329 238 204 105 52 
2 112 233 163 129 84 61 240 0 2 49 215 174 162 145 277 0 0 2 108 199 179 205 331 
0 4 85 139 120 141 172 363 0 0 0 54 114 181 177 498 0 0 0 0 72 139 214 599 
0 60 964 0 0 0 0 0 0 0 339 685 0 0 0 0 0 4 861 159 0 0 0 0 
0 58 755 203 8 0 0 0 0 0 97 810 107 10 0 0 0 2 371 464 158 29 0 0 
0 225 586 213 0 0 0 0 0 0 137 770 117 0 0 0 0 0 165 625 231 3 0 0 
0 118 613 293 0 0 0 0 0 2 108 793 121 0 0 0 0 0 28 513 466 17 0 0 
0 207 610 207 0 0 0 0 0 30 163 795 36 0 0 0 0 2 140 465 417 0 0 0 
6 333 496 189 0 0 0 0 3 67 312 637 5 0 0 0 0 39 341 411 230 3 0 0 
0 70 900 54 0 0 0 0 0 0 491 533 0 0 0 0 0 4 719 301 0 0 0 0 
0 98 836 90 0 0 0 0 0 0 628 396 0 0 0 0 0 4 851 169 0 0 0 0 
8 251 643 67 33 22 0 0 6 16 776 138 47 27 14 0 6 21 839 57 48 28 20 5 
0 597 426 1 0 0 0 0 0 13 933 77 1 0 0 0 0 18 909 32 64 1 0 0 
0 617 407 0 0 0 0 0 0 23 1001 0 0 0 0 0 0 47 977 0 0 0 0 0 
0 564 460 0 0 0 0 0 0 7 1017 0 0 0 0 0 0 10 1014 0 0 0 0 0 
0 512 512 0 0 0 0 0 0 6 1018 0 0 0 0 0 0 5 1019 0 0 0 0 0 
0 794 230 0 0 0 0 0 0 1 1023 0 0 0 0 0 0 0 1024 0 0 0 0 0 
0 1024 0 0 0 0 0 0 0 41 983 0 0 0 0 0 0 88 936 0 0 0 0 0 
0 1024 0 0 0 0 0 0 0 127 897 0 0 0 0 0 0 181 843 0 0 0 0 0 
0 1024 0 0 0 0 0 0 0 196 828 0 0 0 0 0 0 246 778 0 0 0 0 0 
0 1024 0 0 0 0 0 0 0 294 730 0 0 0 0 0 0 213 804 7 0 0 0 0 
0 1022 2 0 0 0 0 0 0 247 705 72 0 0 0 0 0 92 701 224 7 0 0 0 
0 666 215 93 31 13 4 2 0 63 479 250 133 68 27 4 0 0 414 210 203 120 64 13 
0 3 986 35 0 0 0 0 0 0 136 888 0 0 0 0 0 6 1018 0 0 0 0 0 
0 9 769 246 0 0 0 0 0 1 109 914 0 0 0 0 0 7 900 117 0 0 0 0 
0 0 510 514 0 0 0 0 0 0 68 956 0 0 0 0 0 0 905 119 0 0 0 0 
0 2 254 768 0 0 0 0 0 1 23 1000 0 0 0 0 0 4 680 340 0 0 0 0 
0 0 168 856 0 0 0 0 0 0 22 1002 0 0 0 0 0 0 541 483 0 0 0 0 
0 0 116 908 0 0 0 0 0 0 28 996 0 0 0 0 0 0 257 767 0 0 0 0 
0 0 139 885 0 0 0 0 0 0 16 1008 0 0 0 0 0 0 171 853 0 0 0 0 
0 0 84 940 0 0 0 0 0 0 4 1018 2 0 0 0 0 0 83 939 2 0 0 0 
0 1 16 882 105 20 0 0 0 0 2 716 230 67 9 0 0 0 11 695 217 75 26 0 
0 12 293 684 35 0 0 0 0 0 12 868 144 0 0 0 0 0 0 672 316 36 0 0 
0 90 396 538 0 0 0 0 0 4 87 906 27 0 0 0 0 0 77 663 282 2 0 0 
1 129 570 324 0 0 0 0 0 14 306 704 0 0 0 0 0 12 460 494 58 0 0 0 
0 53 552 353 62 4 0 0 0 0 558 308 123 35 0 0 0 11 572 242 141 49 9 0 
5 470 341 119 44 38 7 0 4 16 610 255 61 46 30 2 0 59 545 247 84 36 39 14 
11 868 145 0 0 0 0 0 0 96 750 177 1 0 0 0 0 216 564 232 12 0 0 0 
2 956 66 0 0 0 0 0 0 77 947 0 0 0 0 0 0 658 366 0 0 0 0 0 
0 1024 0 0 0 0 0 0 0 422 602 0 0 0 0 0 0 874 150 0 0 0 0 0 
0 1024 0 0 0 0 0 0 0 716 308 0 0 0 0 0 0 1016 8 0 0 0 0 0 
0 1024 0 0 0 0 0 0 0 1017 7 0 0 0 0 0 0 1017 7 0 0 0 0 0 
1 1023 0 0 0 0 0 0 0 1024 0 0 0 0 0 0 0 968 56 0 0 0 0 0 
0 0 309 715 0 0 0 0 0 0 0 1024 0 0 0 0 0 0 295 729 0 0 0 0 
0 0 140 884 0 0 0 0 0 0 6 1018 0 0 0 0 0 0 107 917 0 0 0 0 
0 0 89 935 0 0 0 0 0 0 30 994 0 0 0 0 0 0 50 974 0 0 0 0 
0 4 89 931 0 0 0 0 0 0 48 976 0 0 0 0 0 2 61 961 0 0 0 0 
0 0 89 935 0 0 0 0 0 0 19 994 11 0 0 0 0 0 71 953 0 0 0 0 
0 0 0 1024 0 0 0 0 0 0 0 951 73 0 0 0 0 0 29 995 0 0 0 0 
0 0 25 995 4 0 0 0 0 0 8 922 94 0 0 0 0 1 36 987 0 0 0 0 
0 0 31 962 31 0 0 0 0 0 5 830 189 0 0 0 0 0 18 1006 0 0 0 0 
0 0 13 790 221 0 0 0 0 0 8 752 264 0 0 0 0 0 15 1009 0 0 0 0 
0 0 1 807 216 0 0 0 0 0 1 740 283 0 0 0 0 0 13 1011 0 0 0 0 
0 0 0 835 189 0 0 0 0 0 0 829 195 0 0 0 0 0 7 1017 0 0 0 0 
0 0 0 998 26 0 0 0 0 0 0 986 38 0 0 0 0 0 21 1003 0 0 0 0 
0 3 47 932 42 0 0 0 0 1 46 951 26 0 0 0 0 22 149 853 0 0 0 0 
0 26 134 699 165 0 0 0 0 12 118 771 123 0 0 0 0 58 261 705 0 0 0 0 
0 31 234 699 60 0 0 0 0 3 110 874 37 0 0 0 0 15 529 480 0 0 0 0 
0 13 426 549 30 6 0 0 0 6 124 798 64 29 3 0 2 12 675 217 74 32 12 0 
4 297 605 72 22 18 6 0 2 98 438 415 26 24 18 3 0 96 662 193 20 19 24 10 
0 475 374 153 20 2 0 0 0 200 383 367 49 22 3 0 0 300 404 221 61 28 10 0 
14 709 203 59 17 14 7 1 2 483 284 199 18 17 15 6 0 505 253 208 14 13 19 12 
33 885 106 0 0 0 0 0 8 746 211 59 0 0 0 0 13 766 197 48 0 0 0 0 
0 0 10 168 12 15 819 0 0 0 0 176 13 15 820 0 0 0 90 94 13 17 810 0 
0 2 14 200 13 13 782 0 0 0 6 210 11 15 782 0 0 2 27 191 15 17 772 0 
0 0 0 248 17 12 747 0 0 0 0 248 16 13 747 0 0 0 0 257 15 25 727 0 
0 0 0 296 8 17 703 0 0 0 0 282 22 16 704 0 0 0 7 295 6 56 660 0 
0 0 0 301 38 15 670 0 0 0 0 202 136 16 670 0 0 0 0 330 16 147 531 0 
0 0 0 250 118 5 650 1 0 0 0 121 247 5 651 0 0 0 5 360 7 104 548 0 
0 0 0 77 321 18 608 0 0 0 0 16 381 18 590 19 0 0 0 390 15 13 606 0 
0 0 0 77 359 6 225 357 0 0 0 60 376 6 160 422 0 0 0 421 18 9 576 0 
0 0 0 44 417 13 17 533 0 0 0 36 425 14 18 531 0 0 0 431 36 15 542 0 
0 0 0 28 465 17 14 500 0 0 0 27 469 15 16 497 0 0 0 466 36 14 508 0 
0 0 0 42 502 13 30 437 0 0 0 40 505 12 40 427 0 0 0 517 33 10 464 0 
0 0 0 71 525 15 377 36 0 0 0 83 513 15 377 36 0 0 0 589 15 32 388 0 
0 0 2 119 534 50 319 0 0 0 3 136 521 44 320 0 0 3 3 639 43 243 93 0 
0 0 0 190 482 25 134 193 0 0 0 187 485 29 230 93 0 0 0 622 65 17 317 3 
0 0 10 465 395 80 54 20 0 0 5 451 406 91 64 7 0 0 30 591 297 37 68 1 
3 11 48 725 237 0 0 0 0 10 36 442 536 0 0 0 4 10 78 749 183 0 0 0 
0 0 5 1019 0 0 0 0 0 0 4 699 321 0 0 0 0 0 5 953 66 0 0 0 
205 14 18 787 0 0 0 0 198 15 14 784 13 0 0 0 192 20 15 551 246 0 0 0 
0 0 321 703 0 0 0 0 0 0 0 1024 0 0 0 0 0 0 0 519 505 0 0 0 
0 352 672 0 0 0 0 0 0 0 500 524 0 0 0 0 0 0 485 539 0 0 0 0 
0 0 0 5 3 15 1001 0 0 0 0 5 3 11 1005 0 0 0 1 7 5 44 967 0 
0 0 0 0 0 0 1024 0 0 0 0 0 0 0 1024 0 0 0 0 0 0 1 1023 0 
0 0 0 5 17 16 986 0 0 0 0 3 14 15 992 0 0 0 2 15 10 38 959 0 
3 4 1 7 10 22 977 0 0 0 7 6 9 14 988 0 2 5 5 8 12 40 952 0 
0 0 0 0 0 3 1021 0 0 0 0 0 0 0 1024 0 0 0 0 0 0 33 991 0 
5 8 4 2 7 16 982 0 0 0 7 9 6 14 988 0 5 10 2 5 8 41 953 0 
2 10 7 6 8 27 963 1 0 0 10 12 7 17 930 48 7 8 8 7 13 24 957 0 
1 13 2 5 9 5 612 377 0 0 12 5 6 10 354 637 3 11 6 3 10 7 984 0 
2 10 8 5 3 10 238 748 0 0 10 10 6 8 146 844 5 14 3 6 6 14 972 4 
4 10 3 7 4 7 152 837 0 0 11 7 7 6 75 918 5 11 2 7 4 9 984 2 
4 9 8 1 5 14 294 689 0 0 7 14 1 11 192 799 5 12 4 4 7 15 977 0 
4 12 11 4 6 24 886 77 0 3 9 17 6 19 804 166 11 12 8 5 11 61 916 0 
0 2 8 23 16 98 877 0 1 4 10 26 20 69 894 0 3 11 24 20 39 436 491 0 
0 0 0 0 0 0 950 74 0 0 0 0 0 0 1024 0 0 0 0 0 0 3 1021 0 
0 0 0 0 38 685 301 0 0 0 0 0 39 725 260 0 0 0 0 0 303 569 152 0 
0 0 0 57 853 114 0 0 0 0 0 18 872 134 0 0 0 0 0 86 938 0 0 0 
5 38 24 728 229 0 0 0 15 31 22 150 806 0 0 0 8 34 25 402 555 0 0 0 
828 193 3 0 0 0 0 0 1008 16 0 0 0 0 0 0 990 34 0 0 0 0 0 0 
159 14 341 510 0 0 0 0 153 13 15 837 6 0 0 0 152 14 13 682 163 0 0 0 
0 155 867 2 0 0 0 0 0 0 428 596 0 0 0 0 0 0 408 616 0 0 0 0 
132 96 40 41 86 424 205 0 0 52 75 113 70 236 478 0 133 101 40 48 111 491 100 0 
0 0 0 2 21 254 747 0 0 0 0 0 8 81 935 0 0 0 0 2 29 710 283 0 
79 26 16 15 47 209 632 0 0 39 46 27 26 145 741 0 89 15 19 21 61 632 187 0 
63 26 17 8 36 290 584 0 3 41 32 23 19 142 764 0 69 20 17 11 55 728 124 0 
0 0 2 0 25 275 722 0 0 0 1 1 4 108 910 0 0 0 2 2 44 770 206 0 
53 24 4 4 16 190 733 0 0 17 34 28 3 92 850 0 54 22 5 6 29 594 314 0 
41 16 4 11 11 118 823 0 0 17 23 23 7 75 879 0 42 15 6 11 13 456 481 0 
24 17 9 6 8 66 892 2 0 5 25 17 8 45 919 5 26 20 4 9 12 215 738 0 
16 16 5 8 3 48 918 10 0 3 13 13 13 35 931 16 22 12 9 2 10 71 898 0 
11 12 4 8 2 44 928 15 0 1 9 11 15 26 934 28 15 9 7 5 8 75 905 0 
4 11 8 5 5 48 941 2 0 0 5 13 10 34 956 6 10 7 9 3 10 215 770 0 
3 11 6 3 9 223 769 0 0 0 2 10 13 105 894 0 6 9 5 6 15 748 235 0 
0 0 0 2 16 511 495 0 0 0 0 2 6 539 477 0 0 0 2 3 133 884 2 0 
0 0 0 0 0 89 935 0 0 0 0 0 0 348 676 0 0 0 0 0 1 908 115 0 
0 0 0 0 42 903 79 0 0 0 0 0 83 902 39 0 0 0 0 0 520 504 0 0 
0 0 0 10 910 104 0 0 0 0 0 8 945 71 0 0 0 0 0 102 922 0 0 0 
122 16 10 475 401 0 0 0 122 12 13 144 733 0 0 0 118 14 15 420 457 0 0 0 
949 13 8 54 0 0 0 0 951 11 6 52 4 0 0 0 949 13 5 52 5 0 0 0 
843 16 143 22 0 0 0 0 841 9 13 161 0 0 0 0 839 11 12 162 0 0 0 0 
127 278 619 0 0 0 0 0 120 11 537 356 0 0 0 0 121 11 583 309 0 0 0 0 
0 0 0 1 72 951 0 0 0 0 0 0 26 776 222 0 0 0 0 9 92 923 0 0 
0 0 0 0 16 1008 0 0 0 0 0 0 1 425 598 0 0 0 0 0 19 1005 0 0 
0 0 0 0 0 1022 2 0 0 0 0 0 0 381 643 0 0 0 0 0 0 1024 0 0 
0 0 0 0 0 1022 2 0 0 0 0 0 0 532 492 0 0 0 0 0 0 1024 0 0 
0 0 0 0 0 1021 3 0 0 0 0 0 0 536 488 0 0 0 0 0 0 1024 0 0 
0 0 0 0 4 988 32 0 0 0 0 0 0 448 576 0 0 0 0 0 21 1003 0 0 
0 0 0 0 0 834 190 0 0 0 0 0 0 227 797 0 0 0 0 0 6 1014 4 0 
0 0 0 0 7 531 486 0 0 0 0 0 2 149 873 0 0 0 0 0 26 943 55 0 
0 0 0 0 0 291 733 0 0 0 0 0 0 172 852 0 0 0 0 0 2 807 215 0 
0 0 0 0 0 195 829 0 0 0 0 0 0 197 827 0 0 0 0 0 4 883 137 0 
0 0 0 0 0 367 657 0 0 0 0 0 0 355 669 0 0 0 0 0 18 960 46 0 
0 0 0 0 4 829 191 0 0 0 0 0 30 828 166 0 0 0 0 0 198 826 0 0 
0 0 0 0 163 834 27 0 0 0 0 3 201 820 0 0 0 0 2 101 577 344 0 0 
12 75 73 122 181 435 126 0 5 76 91 171 156 516 9 0 5 88 140 212 158 421 0 0 
277 157 77 165 79 269 0 0 319 120 74 174 96 241 0 0 303 152 101 150 195 123 0 0 
679 59 33 43 209 1 0 0 676 57 39 38 213 1 0 0 670 71 35 82 166 0 0 0 
988 7 6 11 12 0 0 0 983 11 6 10 14 0 0 0 983 9 8 11 13 0 0 0 
1024 0 0 0 0 0 0 0 1024 0 0 0 0 0 0 0 1024 0 0 0 0 0 0 0 
1024 0 0 0 0 0 0 0 1024 0 0 0 0 0 0 0 1024 0 0 0 0 0 0 0 
573 386 65 0 0 0 0 0 561 72 384 7 0 0 0 0 560 79 385 0 0 0 0 0 
0 0 0 0 95 929 0 0 0 0 0 0 14 1010 0 0 0 0 0 0 467 557 0 0 
0 0 0 0 19 1005 0 0 0 0 0 0 1 1023 0 0 0 0 0 0 444 580 0 0 
0 0 0 0 60 964 0 0 0 0 0 0 33 991 0 0 0 0 0 0 610 414 0 0 
0 0 0 1 110 913 0 0 0 0 0 1 89 934 0 0 0 0 0 10 632 382 0 0 
0 0 0 0 162 862 0 0 0 0 0 0 185 839 0 0 0 0 0 57 592 375 0 0 
0 0 0 7 294 722 1 0 0 0 0 11 302 711 0 0 0 0 0 156 507 361 0 0 
0 0 0 50 306 668 0 0 0 0 0 88 303 633 0 0 0 0 0 237 347 440 0 0 
0 0 0 53 388 574 9 0 0 0 0 69 433 522 0 0 0 0 0 264 406 354 0 0 
0 0 0 108 495 316 105 0 0 0 0 77 567 356 24 0 0 0 0 371 405 248 0 0 
0 0 0 362 368 180 114 0 0 0 0 356 393 263 12 0 0 0 0 609 200 215 0 0 
0 0 0 523 315 177 9 0 0 0 0 506 377 141 0 0 0 0 0 728 230 66 0 0 
0 0 3 657 315 49 0 0 0 0 0 662 345 17 0 0 0 0 0 900 124 0 0 0 
0 0 200 634 190 0 0 0 0 0 5 857 162 0 0 0 0 0 5 1015 4 0 0 0 
0 6 434 557 27 0 0 0 0 0 71 944 9 0 0 0 0 0 66 958 0 0 0 0 
2 21 620 381 0 0 0 0 0 10 241 773 0 0 0 0 2 9 305 708 0 0 0 0 
30 316 579 99 0 0 0 0 21 23 633 347 0 0 0 0 21 30 706 267 0 0 0 0 
355 431 238 0 0 0 0 0 333 102 562 27 0 0 0 0 328 64 626 6 0 0 0 0 
978 45 1 0 0 0 0 0 965 26 33 0 0 0 0 0 945 23 22 31 3 0 0 0 
986 37 1 0 0 0 0 0 971 34 19 0 0 0 0 0 950 26 26 18 4 0 0 0 
985 39 0 0 0 0 0 0 934 86 4 0 0 0 0 0 955 34 35 0 0 0 0 0 
0 0 250 365 206 203 0 0 0 0 23 554 225 222 0 0 0 0 187 497 340 0 0 0 
0 0 210 438 220 156 0 0 0 0 0 628 243 153 0 0 0 0 43 695 285 1 0 0 
0 0 162 568 225 69 0 0 0 0 9 686 265 64 0 0 0 0 32 829 163 0 0 0 
0 0 206 625 187 6 0 0 0 0 32 806 184 2 0 0 0 0 47 915 62 0 0 0 
0 7 244 612 161 0 0 0 0 5 229 669 121 0 0 0 0 5 255 748 16 0 0 0 
0 0 282 709 33 0 0 0 0 0 44 964 16 0 0 0 0 0 94 930 0 0 0 0 
0 0 234 778 12 0 0 0 0 0 42 970 12 0 0 0 0 0 39 985 0 0 0 0 
0 1 191 832 0 0 0 0 0 0 36 986 2 0 0 0 0 0 37 985 2 0 0 0 
0 0 263 761 0 0 0 0 0 0 5 1007 12 0 0 0 0 0 2 983 39 0 0 0 
0 0 302 722 0 0 0 0 0 0 47 968 9 0 0 0 0 0 23 934 67 0 0 0 
36 24 527 437 0 0 0 0 5 49 150 820 0 0 0 0 0 45 93 873 13 0 0 0 
40 182 666 136 0 0 0 0 9 50 305 660 0 0 0 0 0 46 269 709 0 0 0 0 
6 253 740 25 0 0 0 0 1 12 516 495 0 0 0 0 0 8 245 771 0 0 0 0 
159 384 479 2 0 0 0 0 46 214 540 224 0 0 0 0 63 150 451 360 0 0 0 0 
600 198 219 6 1 0 0 0 45 593 302 83 0 1 0 0 516 142 252 100 13 1 0 0 
579 311 50 83 1 0 0 0 48 569 304 91 12 0 0 0 529 84 237 165 9 0 0 0 
743 266 7 8 0 0 0 0 507 387 120 10 0 0 0 0 675 113 214 22 0 0 0 0 
1024 0 0 0 0 0 0 0 1024 0 0 0 0 0 0 0 1024 0 0 0 0 0 0 0 
1024 0 0 0 0 0 0 0 1024 0 0 0 0 0 0 0 1024 0 0 0 0 0 0 0 
1024 0 0 0 0 0 0 0 1024 0 0 0 0 0 0 0 1024 0 0 0 0 0 0 0 
0 472 552 0 0 0 0 0 0 0 848 176 0 0 0 0 0 0 1013 11 0 0 0 0 
0 356 668 0 0 0 0 0 0 0 784 240 0 0 0 0 0 0 911 113 0 0 0 0 
0 444 580 0 0 0 0 0 0 0 813 211 0 0 0 0 0 0 929 95 0 0 0 0 
25 312 687 0 0 0 0 0 8 37 794 185 0 0 0 0 6 37 803 178 0 0 0 0 
197 91 736 0 0 0 0 0 185 73 766 0 0 0 0 0 179 75 770 0 0 0 0 0 
0 241 783 0 0 0 0 0 0 0 640 384 0 0 0 0 0 0 585 439 0 0 0 0 
0 301 723 0 0 0 0 0 0 0 595 429 0 0 0 0 0 0 448 576 0 0 0 0 
0 482 542 0 0 0 0 0 0 1 968 55 0 0 0 0 0 1 874 149 0 0 0 0 
1 710 313 0 0 0 0 0 0 2 954 68 0 0 0 0 0 2 642 380 0 0 0 0 
212 492 320 0 0 0 0 0 26 238 744 16 0 0 0 0 122 109 654 139 0 0 0 0 
642 213 158 7 3 1 0 0 6 213 744 55 2 2 2 0 589 73 258 95 7 1 1 0 
740 256 27 1 0 0 0 0 15 456 541 12 0 0 0 0 604 157 131 132 0 0 0 0 
608 391 7 17 1 0 0 0 23 623 357 16 5 0 0 0 322 297 208 192 5 0 0 0 
448 364 31 158 23 0 0 0 271 472 96 159 26 0 0 0 318 215 304 173 14 0 0 0 
632 382 5 5 0 0 0 0 565 281 171 7 0 0 0 0 512 208 188 116 0 0 0 0 
1003 21 0 0 0 0 0 0 879 141 4 0 0 0 0 0 796 217 11 0 0 0 0 0 
1024 0 0 0 0 0 0 0 1017 7 0 0 0 0 0 0 567 457 0 0 0 0 0 0 
1024 0 0 0 0 0 0 0 1024 0 0 0 0 0 0 0 1024 0 0 0 0 0 0 0 
1024 0 0 0 0 0 0 0 1020 4 0 0 0 0 0 0 1009 15 0 0 0 0 0 0 
984 40 0 0 0 0 0 0 796 228 0 0 0 0 0 0 732 292 0 0 0 0 0 0 
0 1024 0 0 0 0 0 0 0 371 653 0 0 0 0 0 0 387 637 0 0 0 0 0 
0 1024 0 0 0 0 0 0 0 218 806 0 0 0 0 0 0 258 766 0 0 0 0 0 
9 1006 9 0 0 0 0 0 4 313 707 0 0 0 0 0 2 285 737 0 0 0 0 0 
40 905 76 3 0 0 0 0 7 155 841 21 0 0 0 0 2 143 826 50 3 0 0 0 
402 353 267 2 0 0 0 0 78 317 561 68 0 0 0 0 295 183 449 87 10 0 0 0 
306 673 45 0 0 0 0 0 0 293 709 21 1 0 0 0 189 117 554 158 6 0 0 0 
401 623 0 0 0 0 0 0 0 414 610 0 0 0 0 0 261 146 273 344 0 0 0 0 
171 851 2 0 0 0 0 0 0 190 832 2 0 0 0 0 65 114 141 704 0 0 0 0 
0 1024 0 0 0 0 0 0 0 28 996 0 0 0 0 0 0 0 390 634 0 0 0 0 
153 868 3 0 0 0 0 0 37 246 741 0 0 0 0 0 48 114 288 574 0 0 0 0 
699 325 0 0 0 0 0 0 327 333 361 3 0 0 0 0 324 366 83 241 10 0 0 0 
930 94 0 0 0 0 0 0 554 280 190 0 0 0 0 0 399 544 81 0 0 0 0 0 
615 409 0 0 0 0 0 0 515 499 10 0 0 0 0 0 275 349 400 0 0 0 0 0 
279 745 0 0 0 0 0 0 261 763 0 0 0 0 0 0 130 151 743 0 0 0 0 0 
473 551 0 0 0 0 0 0 426 504 94 0 0 0 0 0 370 91 413 150 0 0 0 0 
1024 0 0 0 0 0 0 0 1002 22 0 0 0 0 0 0 964 60 0 0 0 0 0 0 
1013 11 0 0 0 0 0 0 758 266 0 0 0 0 0 0 631 390 3 0 0 0 0 0 
1024 0 0 0 0 0 0 0 1024 0 0 0 0 0 0 0 1024 0 0 0 0 0 0 0 
1024 0 0 0 0 0 0 0 1018 6 0 0 0 0 0 0 997 27 0 0 0 0 0 0 
1024 0 0 0 0 0 0 0 797 227 0 0 0 0 0 0 685 339 0 0 0 0 0 0 
51 880 93 0 0 0 0 0 0 884 67 73 0 0 0 0 0 504 508 12 0 0 0 0 
4 1020 0 0 0 0 0 0 0 438 586 0 0 0 0 0 0 230 450 344 0 0 0 0 
388 636 0 0 0 0 0 0 15 515 494 0 0 0 0 0 201 198 376 249 0 0 0 0 
736 74 97 116 1 0 0 0 16 302 483 170 53 0 0 0 646 72 64 80 135 27 0 0 
933 57 12 19 2 1 0 0 8 63 869 74 5 2 3 0 849 82 42 41 6 1 3 0 
988 36 0 0 0 0 0 0 25 490 470 39 0 0 0 0 840 132 23 28 1 0 0 0 
996 28 0 0 0 0 0 0 88 936 0 0 0 0 0 0 439 548 37 0 0 0 0 0 
1024 0 0 0 0 0 0 0 146 878 0 0 0 0 0 0 151 873 0 0 0 0 0 0 
768 256 0 0 0 0 0 0 326 579 119 0 0 0 0 0 44 730 158 92 0 0 0 0 
551 203 270 0 0 0 0 0 434 146 106 338 0 0 0 0 0 538 48 85 352 1 0 0 
670 319 35 0 0 0 0 0 534 282 149 59 0 0 0 0 280 518 143 21 61 1 0 0 
805 219 0 0 0 0 0 0 242 731 51 0 0 0 0 0 85 817 122 0 0 0 0 0 
719 305 0 0 0 0 0 0 366 658 0 0 0 0 0 0 0 739 285 0 0 0 0 0 
402 622 0 0 0 0 0 0 189 822 13 0 0 0 0 0 0 410 612 2 0 0 0 0 
298 726 0 0 0 0 0 0 157 825 42 0 0 0 0 0 50 216 698 60 0 0 0 0 
976 48 0 0 0 0 0 0 123 901 0 0 0 0 0 0 44 849 131 0 0 0 0 0 
1024 0 0 0 0 0 0 0 422 602 0 0 0 0 0 0 76 948 0 0 0 0 0 0 
1024 0 0 0 0 0 0 0 1024 0 0 0 0 0 0 0 1024 0 0 0 0 0 0 0 
1024 0 0 0 0 0 0 0 1024 0 0 0 0 0 0 0 1024 0 0 0 0 0 0 0 
1024 0 0 0 0 0 0 0 1011 13 0 0 0 0 0 0 978 46 0 0 0 0 0 0 
413 457 154 0 0 0 0 0 0 844 81 99 0 0 0 0 0 121 899 4 0 0 0 0 
50 974 0 0 0 0 0 0 0 677 347 0 0 0 0 0 0 0 735 289 0 0 0 0 
61 963 0 0 0 0 0 0 14 129 881 0 0 0 0 0 10 35 118 861 0 0 0 0 
696 328 0 0 0 0 0 0 148 586 270 19 1 0 0 0 305 193 309 212 5 0 0 0 
1016 8 0 0 0 0 0 0 45 705 268 6 0 0 0 0 408 415 196 3 2 0 0 0 
882 142 0 0 0 0 0 0 103 858 63 0 0 0 0 0 182 651 191 0 0 0 0 0 
596 422 6 0 0 0 0 0 419 400 205 0 0 0 0 0 366 233 221 202 2 0 0 0 
371 589 64 0 0 0 0 0 154 480 358 32 0 0 0 0 69 265 237 340 113 0 0 0 
180 844 0 0 0 0 0 0 103 753 168 0 0 0 0 0 75 52 371 526 0 0 0 0 
9 597 418 0 0 0 0 0 6 65 241 712 0 0 0 0 2 5 18 253 746 0 0 0 
832 160 32 0 0 0 0 0 837 59 35 93 0 0 0 0 787 91 18 6 122 0 0 0 
827 197 0 0 0 0 0 0 473 406 145 0 0 0 0 0 375 472 39 138 0 0 0 0 
468 556 0 0 0 0 0 0 45 566 413 0 0 0 0 0 0 421 200 403 0 0 0 0 
211 813 0 0 0 0 0 0 14 820 190 0 0 0 0 0 0 45 762 217 0 0 0 0 
471 553 0 0 0 0 0 0 360 654 10 0 0 0 0 0 243 205 563 13 0 0 0 0 
1023 1 0 0 0 0 0 0 742 282 0 0 0 0 0 0 676 348 0 0 0 0 0 0 
1024 0 0 0 0 0 0 0 884 140 0 0 0 0 0 0 528 496 0 0 0 0 0 0 
1024 0 0 0 0 0 0 0 1024 0 0 0 0 0 0 0 1008 16 0 0 0 0 0 0 
1024 0 0 0 0 0 0 0 1024 0 0 0 0 0 0 0 1013 11 0 0 0 0 0 0 
1024 0 0 0 0 0 0 0 1024 0 0 0 0 0 0 0 1024 0 0 0 0 0 0 0 
