0 0 4 1020 0 0 0 0 0 0 0 1024 0 0 0 0 0 0 0 1024 0 0 0 0 
0 0 1 1023 0 0 0 0 0 0 0 1024 0 0 0 0 0 0 0 1024 0 0 0 0 
0 0 0 1024 0 0 0 0 0 0 0 1024 0 0 0 0 0 0 0 1024 0 0 0 0 
0 0 0 1024 0 0 0 0 0 0 0 1024 0 0 0 0 0 0 0 1020 4 0 0 0 
0 0 0 992 32 0 0 0 0 0 0 1014 10 0 0 0 0 0 0 837 187 0 0 0 
0 0 0 868 156 0 0 0 0 0 0 879 145 0 0 0 0 0 0 124 900 0 0 0 
0 0 0 725 288 11 0 0 0 0 0 606 418 0 0 0 0 0 0 0 1024 0 0 0 
0 0 0 470 437 117 0 0 0 0 0 148 808 68 0 0 0 0 0 0 890 134 0 0 
0 0 0 243 619 160 2 0 0 0 0 4 860 160 0 0 0 0 0 0 345 676 3 0 
0 0 0 95 676 243 10 0 0 0 0 0 623 401 0 0 0 0 0 0 127 660 237 0 
0 0 0 28 539 457 0 0 0 0 0 0 374 535 115 0 0 0 0 0 21 360 479 164 
0 0 0 14 438 570 2 0 0 0 0 12 213 431 368 0 0 0 0 11 11 205 344 453 
0 0 63 180 407 318 9 47 0 0 62 140 212 497 60 53 0 0 44 94 136 175 425 150 
0 6 102 284 227 45 217 143 0 17 104 272 153 81 33 364 0 0 96 145 164 174 55 390 
0 2 31 647 30 50 122 142 0 2 31 495 181 33 36 246 0 0 28 100 511 66 38 281 
0 0 0 1024 0 0 0 0 0 0 0 744 280 0 0 0 0 0 0 8 1016 0 0 0 
0 0 0 1024 0 0 0 0 0 0 0 283 741 0 0 0 0 0 0 0 1024 0 0 0 
0 0 0 1023 1 0 0 0 0 0 0 27 997 0 0 0 0 0 0 0 1024 0 0 0 
0 0 0 941 83 0 0 0 0 0 1 1021 2 0 0 0 0 0 5 1019 0 0 0 0 
0 0 0 896 128 0 0 0 0 0 0 1010 14 0 0 0 0 0 0 1024 0 0 0 0 
0 0 0 948 76 0 0 0 0 0 0 1018 6 0 0 0 0 0 0 1024 0 0 0 0 
0 22 179 726 13 25 54 5 0 29 165 724 13 9 15 69 0 0 254 659 8 3 10 90 
0 5 35 167 411 86 99 221 0 7 34 194 373 78 27 311 0 0 26 166 458 27 32 315 
0 0 0 0 465 559 0 0 0 0 0 0 940 84 0 0 0 0 0 2 1022 0 0 0 
0 0 0 0 113 886 25 0 0 0 0 0 467 557 0 0 0 0 0 0 961 63 0 0 
0 0 0 0 1 429 587 7 0 0 0 0 19 891 114 0 0 0 0 0 268 756 0 0 
0 0 0 0 0 88 551 385 0 0 0 0 0 371 648 5 0 0 0 0 127 676 221 0 
0 0 0 0 39 76 365 544 0 0 0 26 29 263 512 194 0 0 18 33 161 241 571 0 
0 0 0 3 155 410 296 160 0 0 1 97 232 372 322 0 0 0 55 201 247 287 233 1 
0 0 11 145 508 355 5 0 0 0 22 224 599 166 13 0 0 0 83 173 600 126 42 0 
0 0 3 28 49 66 41 837 0 0 3 12 51 46 43 869 0 0 2 3 13 48 37 921 
0 0 0 64 0 0 33 927 0 0 13 51 0 0 1 959 0 0 0 0 64 0 0 960 
0 0 3 557 37 36 51 340 0 1 5 30 569 31 33 355 0 0 1 5 476 143 20 379 
0 0 0 1024 0 0 0 0 0 0 0 18 1006 0 0 0 0 0 0 0 1024 0 0 0 
0 0 0 1023 1 0 0 0 0 0 0 3 1021 0 0 0 0 0 0 0 1024 0 0 0 
0 0 0 1023 1 0 0 0 0 0 0 0 1024 0 0 0 0 0 0 0 1020 4 0 0 
0 4 11 14 459 536 0 0 0 4 13 81 904 22 0 0 1 7 12 523 481 0 0 0 
0 0 0 0 402 622 0 0 0 0 0 2 971 51 0 0 0 0 0 465 559 0 0 0 
0 0 0 7 508 509 0 0 0 0 0 29 995 0 0 0 0 0 0 625 399 0 0 0 
0 0 1 36 850 130 7 0 0 0 1 52 921 12 17 21 0 0 2 910 59 17 15 21 
0 0 0 4 986 8 9 17 0 0 0 10 979 2 8 25 0 0 0 983 11 3 8 19 
0 0 0 3 1007 14 0 0 0 0 0 123 901 0 0 0 0 0 3 938 83 0 0 0 
0 0 0 0 876 148 0 0 0 0 0 240 784 0 0 0 0 0 0 845 179 0 0 0 
0 0 0 87 695 242 0 0 0 0 0 369 599 56 0 0 0 0 47 721 256 0 0 0 
0 0 0 450 344 230 0 0 0 0 2 581 364 77 0 0 0 0 86 691 247 0 0 0 
0 0 0 119 842 63 0 0 0 0 0 372 640 12 0 0 0 0 44 628 352 0 0 0 
0 0 0 1 289 670 64 0 0 0 0 8 611 405 0 0 0 0 0 13 851 160 0 0 
0 0 0 0 96 351 372 205 0 0 0 0 161 507 269 87 0 0 0 0 128 649 203 44 
0 0 1 0 26 91 45 861 0 0 1 0 24 36 71 892 0 0 0 0 3 30 33 958 
27 139 125 96 37 45 44 511 42 128 100 99 35 25 54 541 18 112 101 75 68 29 50 571 
0 89 100 505 31 44 30 225 0 89 93 44 497 39 30 232 0 60 108 32 452 90 28 254 
0 0 0 1024 0 0 0 0 0 0 0 0 1024 0 0 0 0 0 0 0 1024 0 0 0 
0 0 0 1024 0 0 0 0 0 0 0 0 1024 0 0 0 0 0 0 0 1022 2 0 0 
0 0 0 1020 4 0 0 0 0 0 0 0 1024 0 0 0 0 0 0 0 996 28 0 0 
545 156 63 211 49 0 0 0 545 149 95 233 2 0 0 0 642 73 172 137 0 0 0 0 
328 277 17 180 222 0 0 0 335 269 19 260 141 0 0 0 525 83 108 308 0 0 0 0 
225 309 55 130 204 39 50 12 213 325 64 146 162 18 20 76 430 117 98 200 64 11 30 74 
195 315 31 159 266 6 11 41 170 341 32 188 231 9 9 44 452 84 85 280 68 7 11 37 
197 271 15 184 357 0 0 0 190 279 16 395 144 0 0 0 422 57 116 429 0 0 0 0 
275 137 22 294 296 0 0 0 276 140 22 581 5 0 0 0 392 32 165 435 0 0 0 0 
82 23 35 549 335 0 0 0 83 25 72 844 0 0 0 0 89 18 242 675 0 0 0 0 
0 0 0 202 822 0 0 0 0 0 0 1006 18 0 0 0 0 0 85 939 0 0 0 0 
0 0 0 379 645 0 0 0 0 0 0 1005 19 0 0 0 0 0 0 1024 0 0 0 0 
0 0 0 16 1008 0 0 0 0 0 0 209 815 0 0 0 0 0 0 529 495 0 0 0 
0 0 0 0 252 609 163 0 0 0 0 0 506 517 1 0 0 0 0 0 720 304 0 0 
24 285 66 15 12 6 159 457 27 292 47 27 10 14 292 315 3 247 105 41 7 176 262 183 
160 489 66 22 19 12 64 192 216 424 57 31 20 11 37 228 72 453 124 68 19 20 15 253 
285 330 367 42 0 0 0 0 366 329 310 19 0 0 0 0 201 362 354 107 0 0 0 0 
300 385 300 39 0 0 0 0 372 348 285 19 0 0 0 0 202 377 293 151 1 0 0 0 
107 224 94 599 0 0 0 0 141 180 84 62 557 0 0 0 79 213 105 51 576 0 0 0 
0 0 0 1024 0 0 0 0 0 0 0 0 1024 0 0 0 0 0 0 0 1024 0 0 0 
0 0 0 1019 5 0 0 0 0 0 0 0 1024 0 0 0 0 0 0 0 986 38 0 0 
896 128 0 0 0 0 0 0 862 162 0 0 0 0 0 0 1016 8 0 0 0 0 0 0 
575 449 0 0 0 0 0 0 545 479 0 0 0 0 0 0 972 52 0 0 0 0 0 0 
413 611 0 0 0 0 0 0 351 673 0 0 0 0 0 0 920 104 0 0 0 0 0 0 
269 755 0 0 0 0 0 0 255 769 0 0 0 0 0 0 923 101 0 0 0 0 0 0 
646 378 0 0 0 0 0 0 602 422 0 0 0 0 0 0 966 58 0 0 0 0 0 0 
634 390 0 0 0 0 0 0 644 380 0 0 0 0 0 0 990 34 0 0 0 0 0 0 
94 241 58 401 230 0 0 0 123 228 50 618 5 0 0 0 265 91 47 621 0 0 0 0 
0 0 0 1 1023 0 0 0 0 0 0 831 193 0 0 0 0 0 0 1024 0 0 0 0 
0 0 0 412 612 0 0 0 0 0 0 934 90 0 0 0 0 0 0 1024 0 0 0 0 
0 0 0 12 1012 0 0 0 0 0 0 225 799 0 0 0 0 0 0 541 483 0 0 0 
0 0 0 0 383 533 108 0 0 0 0 0 585 439 0 0 0 0 0 0 789 235 0 0 
1 80 24 16 9 8 200 686 9 84 19 14 7 47 287 557 1 67 39 19 6 212 248 432 
54 773 59 37 18 15 6 62 99 745 63 28 13 12 6 58 16 792 90 33 15 14 7 57 
0 145 754 125 0 0 0 0 0 264 736 24 0 0 0 0 0 102 582 340 0 0 0 0 
0 39 866 118 1 0 0 0 1 85 890 47 1 0 0 0 0 5 556 460 3 0 0 0 
18 458 163 385 0 0 0 0 22 500 106 44 352 0 0 0 0 337 286 37 364 0 0 0 
0 0 0 1023 1 0 0 0 0 0 0 2 1022 0 0 0 0 0 0 0 1023 1 0 0 
0 0 0 1022 2 0 0 0 0 0 0 0 1024 0 0 0 0 0 0 0 991 33 0 0 
398 208 67 128 223 0 0 0 403 222 69 288 42 0 0 0 526 104 78 316 0 0 0 0 
172 341 62 78 371 0 0 0 144 380 65 315 120 0 0 0 432 117 55 420 0 0 0 0 
87 731 32 51 123 0 0 0 70 752 37 128 37 0 0 0 691 154 36 143 0 0 0 0 
80 506 37 81 320 0 0 0 65 528 42 361 28 0 0 0 445 154 38 387 0 0 0 0 
218 325 39 163 279 0 0 0 188 360 51 419 6 0 0 0 478 89 46 411 0 0 0 0 
613 300 28 81 2 0 0 0 606 311 29 78 0 0 0 0 873 55 32 64 0 0 0 0 
220 106 30 348 320 0 0 0 220 109 33 637 25 0 0 0 295 31 42 656 0 0 0 0 
0 0 0 0 1024 0 0 0 0 0 0 775 249 0 0 0 0 0 0 1024 0 0 0 0 
0 0 0 483 541 0 0 0 0 0 0 956 68 0 0 0 0 0 0 1024 0 0 0 0 
0 0 0 161 863 0 0 0 0 0 0 400 624 0 0 0 0 0 0 744 280 0 0 0 
0 0 0 0 647 368 9 0 0 0 0 0 830 194 0 0 0 0 0 2 938 84 0 0 
1 77 119 78 95 241 256 157 1 91 139 111 81 350 189 62 7 129 111 111 176 348 138 4 
15 309 471 128 100 1 0 0 40 497 413 74 0 0 0 0 11 345 525 142 1 0 0 0 
0 11 506 465 42 0 0 0 0 23 697 304 0 0 0 0 0 2 372 582 68 0 0 0 
0 0 654 368 2 0 0 0 0 4 843 177 0 0 0 0 0 0 306 704 14 0 0 0 
0 59 369 412 123 61 0 0 0 131 392 132 369 0 0 0 0 48 426 133 417 0 0 0 
0 0 0 1024 0 0 0 0 0 0 0 11 1013 0 0 0 0 0 0 0 1024 0 0 0 
0 0 0 1024 0 0 0 0 0 0 0 0 1024 0 0 0 0 0 0 0 1024 0 0 0 
220 54 59 262 400 29 0 0 229 53 102 570 70 0 0 0 224 62 175 563 0 0 0 0 
0 0 4 51 893 76 0 0 0 0 9 507 508 0 0 0 0 5 45 974 0 0 0 0 
75 414 54 68 394 19 0 0 79 418 54 284 189 0 0 0 450 92 57 425 0 0 0 0 
1 52 29 146 732 64 0 0 0 65 28 664 267 0 0 0 7 53 67 897 0 0 0 0 
0 0 4 186 783 51 0 0 0 2 19 864 139 0 0 0 0 6 44 974 0 0 0 0 
247 486 30 178 83 0 0 0 253 482 31 258 0 0 0 0 692 69 37 226 0 0 0 0 
183 122 23 294 402 0 0 0 184 123 29 666 22 0 0 0 264 43 32 685 0 0 0 0 
0 0 0 0 1024 0 0 0 0 0 0 838 186 0 0 0 0 0 0 1024 0 0 0 0 
0 0 0 607 417 0 0 0 0 0 0 987 37 0 0 0 0 0 0 1024 0 0 0 0 
21 160 40 476 327 0 0 0 28 154 38 612 192 0 0 0 1 165 51 711 96 0 0 0 
17 275 45 17 659 11 0 0 35 278 25 37 649 0 0 0 6 289 42 108 579 0 0 0 
314 584 55 24 28 19 0 0 303 573 79 25 43 1 0 0 104 736 107 35 42 0 0 0 
867 60 60 37 0 0 0 0 526 413 69 16 0 0 0 0 8 809 184 23 0 0 0 0 
732 141 12 48 79 12 0 0 155 721 15 101 32 0 0 0 0 355 526 63 80 0 0 0 
409 157 19 147 256 36 0 0 76 492 55 262 139 0 0 0 0 186 389 167 282 0 0 0 
66 85 25 479 287 82 0 0 0 158 74 456 336 0 0 0 0 56 131 228 609 0 0 0 
37 154 15 818 0 0 0 0 1 181 15 90 737 0 0 0 0 11 181 16 816 0 0 0 
0 0 0 1024 0 0 0 0 0 0 0 5 1019 0 0 0 0 0 0 0 1024 0 0 0 
64 20 58 458 363 54 7 0 69 20 347 487 86 15 0 0 412 153 260 199 0 0 0 0 
0 0 0 53 971 0 0 0 0 0 0 811 213 0 0 0 218 366 120 320 0 0 0 0 
10 241 59 78 631 5 0 0 14 251 73 444 242 0 0 0 591 229 51 153 0 0 0 0 
0 25 20 63 763 140 13 0 0 45 47 548 371 13 0 0 284 184 189 334 33 0 0 0 
0 0 0 10 757 138 117 2 0 5 10 602 319 88 0 0 265 104 109 515 31 0 0 0 
84 199 59 225 430 24 3 0 89 284 157 459 29 6 0 0 745 141 46 92 0 0 0 0 
39 86 30 419 449 1 0 0 46 98 60 815 5 0 0 0 174 89 95 666 0 0 0 0 
0 0 0 16 1008 0 0 0 0 0 0 996 28 0 0 0 0 0 0 1024 0 0 0 0 
0 0 0 679 345 0 0 0 0 0 0 1017 7 0 0 0 0 0 0 1024 0 0 0 0 
0 0 0 975 49 0 0 0 0 0 0 1006 18 0 0 0 0 0 0 1020 4 0 0 0 
310 83 18 254 359 0 0 0 261 133 17 296 317 0 0 0 1 384 23 399 217 0 0 0 
936 59 9 9 11 0 0 0 908 86 10 8 12 0 0 0 162 830 11 11 10 0 0 0 
1008 16 0 0 0 0 0 0 579 445 0 0 0 0 0 0 42 936 46 0 0 0 0 0 
991 33 0 0 0 0 0 0 697 327 0 0 0 0 0 0 39 880 105 0 0 0 0 0 
977 47 0 0 0 0 0 0 435 589 0 0 0 0 0 0 6 832 186 0 0 0 0 0 
817 207 0 0 0 0 0 0 230 794 0 0 0 0 0 0 3 449 572 0 0 0 0 0 
673 330 4 17 0 0 0 0 6 994 6 8 10 0 0 0 0 46 957 5 16 0 0 0 
112 286 23 603 0 0 0 0 0 390 27 60 547 0 0 0 0 0 402 22 600 0 0 0 
144 171 298 234 172 5 0 0 171 208 365 269 11 0 0 0 604 314 88 18 0 0 0 0 
18 269 211 173 297 49 7 0 41 331 189 376 67 20 0 0 386 475 109 48 6 0 0 0 
0 303 121 114 485 1 0 0 2 345 134 540 3 0 0 0 737 282 5 0 0 0 0 0 
3 104 71 244 584 18 0 0 16 302 146 539 21 0 0 0 704 289 31 0 0 0 0 0 
0 76 74 319 524 24 7 0 21 299 170 500 27 7 0 0 752 228 34 9 1 0 0 0 
0 61 33 314 589 27 0 0 13 280 143 539 49 0 0 0 709 275 40 0 0 0 0 0 
0 0 0 664 360 0 0 0 0 6 81 937 0 0 0 0 152 62 179 631 0 0 0 0 
0 0 0 214 810 0 0 0 0 0 0 1024 0 0 0 0 0 0 0 1024 0 0 0 0 
0 0 0 833 191 0 0 0 0 0 0 1024 0 0 0 0 0 0 0 1024 0 0 0 0 
294 31 13 686 0 0 0 0 283 42 13 686 0 0 0 0 14 305 17 688 0 0 0 0 
1015 9 0 0 0 0 0 0 924 100 0 0 0 0 0 0 35 988 1 0 0 0 0 0 
1021 3 0 0 0 0 0 0 879 145 0 0 0 0 0 0 53 968 3 0 0 0 0 0 
1020 4 0 0 0 0 0 0 955 69 0 0 0 0 0 0 74 948 2 0 0 0 0 0 
1022 2 0 0 0 0 0 0 759 265 0 0 0 0 0 0 3 1019 2 0 0 0 0 0 
1016 8 0 0 0 0 0 0 373 651 0 0 0 0 0 0 0 938 86 0 0 0 0 0 
953 71 0 0 0 0 0 0 34 990 0 0 0 0 0 0 0 195 829 0 0 0 0 0 
754 270 0 0 0 0 0 0 4 1011 9 0 0 0 0 0 0 7 1013 4 0 0 0 0 
657 342 5 20 0 0 0 0 8 990 5 12 9 0 0 0 0 7 994 5 18 0 0 0 
9 57 653 203 92 10 0 0 19 130 693 161 8 13 0 0 235 491 253 21 11 7 6 0 
0 33 283 422 279 7 0 0 0 44 629 335 16 0 0 0 143 469 387 25 0 0 0 0 
0 20 36 651 317 0 0 0 1 30 638 355 0 0 0 0 194 405 417 8 0 0 0 0 
0 3 56 650 311 4 0 0 0 10 626 382 6 0 0 0 168 278 577 1 0 0 0 0 
0 4 64 672 284 0 0 0 0 7 706 299 12 0 0 0 116 414 494 0 0 0 0 0 
0 2 68 799 153 2 0 0 0 3 752 264 5 0 0 0 119 358 547 0 0 0 0 0 
0 0 96 906 22 0 0 0 0 1 617 406 0 0 0 0 24 23 767 210 0 0 0 0 
0 0 9 844 171 0 0 0 0 0 93 931 0 0 0 0 0 0 122 902 0 0 0 0 
0 0 0 1019 5 0 0 0 0 0 0 1024 0 0 0 0 0 0 2 1022 0 0 0 0 
657 18 13 336 0 0 0 0 656 19 13 336 0 0 0 0 304 368 14 338 0 0 0 0 
1024 0 0 0 0 0 0 0 1019 5 0 0 0 0 0 0 265 759 0 0 0 0 0 0 
1012 12 0 0 0 0 0 0 633 391 0 0 0 0 0 0 102 869 53 0 0 0 0 0 
1024 0 0 0 0 0 0 0 936 88 0 0 0 0 0 0 4 1019 1 0 0 0 0 0 
1021 3 0 0 0 0 0 0 854 170 0 0 0 0 0 0 5 1017 2 0 0 0 0 0 
1019 5 0 0 0 0 0 0 314 710 0 0 0 0 0 0 0 900 124 0 0 0 0 0 
1004 20 0 0 0 0 0 0 15 1009 0 0 0 0 0 0 0 199 825 0 0 0 0 0 
931 93 0 0 0 0 0 0 7 1017 0 0 0 0 0 0 0 22 1002 0 0 0 0 0 
924 100 0 0 0 0 0 0 15 1009 0 0 0 0 0 0 0 23 1001 0 0 0 0 0 
0 0 323 701 0 0 0 0 0 0 798 226 0 0 0 0 0 10 1014 0 0 0 0 0 
0 0 139 885 0 0 0 0 0 0 623 401 0 0 0 0 0 0 1024 0 0 0 0 0 
0 0 33 991 0 0 0 0 0 0 487 537 0 0 0 0 0 0 1024 0 0 0 0 0 
0 0 5 1019 0 0 0 0 0 0 478 546 0 0 0 0 0 0 1024 0 0 0 0 0 
0 0 0 1024 0 0 0 0 0 0 597 427 0 0 0 0 0 0 1024 0 0 0 0 0 
0 0 13 1011 0 0 0 0 0 0 938 86 0 0 0 0 0 0 1024 0 0 0 0 0 
0 0 0 1024 0 0 0 0 0 0 611 413 0 0 0 0 0 0 1024 0 0 0 0 0 
0 0 8 1016 0 0 0 0 0 0 486 538 0 0 0 0 0 0 983 41 0 0 0 0 
0 0 64 960 0 0 0 0 0 0 444 580 0 0 0 0 0 0 585 439 0 0 0 0 
709 19 36 260 0 0 0 0 710 18 96 200 0 0 0 0 585 144 142 153 0 0 0 0 
1024 0 0 0 0 0 0 0 1021 3 0 0 0 0 0 0 341 683 0 0 0 0 0 0 
1024 0 0 0 0 0 0 0 921 103 0 0 0 0 0 0 448 552 24 0 0 0 0 0 
1022 2 0 0 0 0 0 0 578 446 0 0 0 0 0 0 8 984 32 0 0 0 0 0 
1024 0 0 0 0 0 0 0 650 374 0 0 0 0 0 0 0 1008 16 0 0 0 0 0 
1021 3 0 0 0 0 0 0 428 596 0 0 0 0 0 0 0 904 120 0 0 0 0 0 
1018 6 0 0 0 0 0 0 62 962 0 0 0 0 0 0 0 247 777 0 0 0 0 0 
1003 21 0 0 0 0 0 0 125 899 0 0 0 0 0 0 0 160 864 0 0 0 0 0 
1012 12 0 0 0 0 0 0 382 642 0 0 0 0 0 0 120 317 587 0 0 0 0 0 
0 0 1024 0 0 0 0 0 0 1 1023 0 0 0 0 0 0 21 1003 0 0 0 0 0 
0 0 1023 1 0 0 0 0 0 0 1024 0 0 0 0 0 0 6 1018 0 0 0 0 0 
0 0 997 27 0 0 0 0 0 0 1024 0 0 0 0 0 0 0 1024 0 0 0 0 0 
0 0 727 297 0 0 0 0 0 0 1024 0 0 0 0 0 0 0 1024 0 0 0 0 0 
0 0 414 610 0 0 0 0 0 0 1015 9 0 0 0 0 0 0 1024 0 0 0 0 0 
0 0 412 612 0 0 0 0 0 0 1003 21 0 0 0 0 0 0 1024 0 0 0 0 0 
0 0 380 644 0 0 0 0 0 0 962 62 0 0 0 0 0 0 1024 0 0 0 0 0 
0 0 428 596 0 0 0 0 0 0 884 140 0 0 0 0 0 0 1024 0 0 0 0 0 
0 0 525 499 0 0 0 0 0 0 823 201 0 0 0 0 0 0 1024 0 0 0 0 0 
452 19 305 248 0 0 0 0 453 18 506 47 0 0 0 0 449 24 551 0 0 0 0 0 
1024 0 0 0 0 0 0 0 1024 0 0 0 0 0 0 0 803 221 0 0 0 0 0 0 
1024 0 0 0 0 0 0 0 1019 5 0 0 0 0 0 0 564 460 0 0 0 0 0 0 
1023 1 0 0 0 0 0 0 1005 19 0 0 0 0 0 0 2 1022 0 0 0 0 0 0 
1024 0 0 0 0 0 0 0 952 72 0 0 0 0 0 0 0 1024 0 0 0 0 0 0 
1024 0 0 0 0 0 0 0 880 144 0 0 0 0 0 0 0 1016 8 0 0 0 0 0 
1021 3 0 0 0 0 0 0 257 767 0 0 0 0 0 0 0 548 476 0 0 0 0 0 
1017 5 2 0 0 0 0 0 313 708 3 0 0 0 0 0 0 412 611 1 0 0 0 0 
472 29 245 278 0 0 0 0 439 54 35 496 0 0 0 0 317 157 36 514 0 0 0 0 
0 0 1024 0 0 0 0 0 0 0 1024 0 0 0 0 0 0 0 1024 0 0 0 0 0 
0 0 1024 0 0 0 0 0 0 0 1024 0 0 0 0 0 0 0 1024 0 0 0 0 0 
0 311 713 0 0 0 0 0 0 327 697 0 0 0 0 0 4 343 677 0 0 0 0 0 
0 329 695 0 0 0 0 0 0 364 660 0 0 0 0 0 6 386 632 0 0 0 0 0 
0 0 1022 2 0 0 0 0 0 0 1022 2 0 0 0 0 0 1 1021 2 0 0 0 0 
0 0 936 7 8 18 7 48 0 0 936 8 7 18 7 48 0 0 937 8 6 18 7 48 
0 0 946 6 8 16 10 38 0 1 944 7 8 17 9 38 0 1 946 6 7 17 9 38 
0 0 862 24 13 19 18 88 0 0 858 28 13 19 18 88 0 0 858 30 11 19 18 88 
0 0 897 34 8 10 18 57 0 0 894 37 8 10 18 57 0 0 893 39 6 10 19 57 
159 15 747 13 12 11 13 54 157 16 706 54 10 13 14 54 156 16 666 94 9 12 17 54 
877 12 8 6 17 7 31 66 877 12 8 6 17 7 30 67 855 33 8 6 15 10 22 75 
888 16 7 10 11 4 33 55 888 16 7 9 10 6 33 55 762 140 9 7 12 6 30 58 
950 4 2 3 9 4 25 27 930 24 2 3 8 5 25 27 8 944 2 2 10 5 13 40 
945 6 4 6 6 5 14 38 931 19 5 6 6 5 14 38 0 945 9 2 8 5 8 47 
1024 0 0 0 0 0 0 0 811 213 0 0 0 0 0 0 0 1001 23 0 0 0 0 0 
1024 0 0 0 0 0 0 0 514 510 0 0 0 0 0 0 0 630 394 0 0 0 0 0 
1020 4 0 0 0 0 0 0 220 804 0 0 0 0 0 0 0 389 635 0 0 0 0 0 
107 22 828 67 0 0 0 0 13 108 29 874 0 0 0 0 0 29 104 891 0 0 0 0 
0 0 1024 0 0 0 0 0 0 0 1024 0 0 0 0 0 0 0 1024 0 0 0 0 0 
0 23 1001 0 0 0 0 0 0 0 1024 0 0 0 0 0 0 0 1024 0 0 0 0 0 
0 67 957 0 0 0 0 0 0 12 1005 7 0 0 0 0 0 55 969 0 0 0 0 0 
0 63 958 3 0 0 0 0 0 6 931 84 3 0 0 0 0 25 974 25 0 0 0 0 
0 72 941 11 0 0 0 0 0 18 885 120 1 0 0 0 0 22 971 31 0 0 0 0 
0 18 803 16 12 16 20 139 0 0 677 159 13 16 20 139 0 0 819 18 12 16 20 139 
0 11 831 22 9 15 11 125 0 0 491 373 9 15 11 125 0 0 766 98 9 15 11 125 
0 2 799 61 8 9 15 130 0 0 359 502 9 9 15 130 0 0 669 194 7 9 15 130 
0 0 581 281 7 19 16 120 0 0 276 586 7 19 16 120 0 0 462 400 7 19 16 120 
0 0 351 474 18 24 16 141 0 0 116 702 23 25 17 141 0 0 147 673 19 25 19 141 
673 34 48 91 14 6 43 115 670 32 21 120 17 6 42 116 667 27 30 117 17 8 33 125 
828 22 10 14 10 7 30 103 828 21 11 15 9 7 30 103 802 39 18 8 16 8 25 108 
853 12 7 13 11 14 33 81 851 13 6 15 11 14 32 82 237 622 11 9 15 15 13 102 
880 12 12 8 6 5 29 72 854 35 15 8 6 5 28 73 96 786 21 3 12 5 13 88 
1024 0 0 0 0 0 0 0 867 157 0 0 0 0 0 0 0 1004 20 0 0 0 0 0 
1024 0 0 0 0 0 0 0 505 519 0 0 0 0 0 0 0 718 306 0 0 0 0 0 
1022 2 0 0 0 0 0 0 320 704 0 0 0 0 0 0 5 400 619 0 0 0 0 0 
65 31 928 0 0 0 0 0 0 69 33 922 0 0 0 0 0 18 78 928 0 0 0 0 
