0 0 0 0 0 685 83 256 0 0 0 45 83 562 86 248 0 44 52 24 8 456 440 0 
0 0 0 9 18 551 222 224 0 0 0 69 94 415 222 224 0 52 54 42 44 397 432 3 
0 1 12 18 50 541 178 224 0 12 19 72 44 417 236 224 3 52 71 2 26 506 363 1 
0 2 17 36 54 475 194 246 0 2 28 46 138 383 209 218 0 46 86 50 66 536 224 16 
0 0 0 29 51 475 271 198 0 2 15 57 106 354 298 192 2 50 81 26 21 435 400 9 
0 0 4 34 36 495 263 192 0 0 13 33 165 391 230 192 0 82 56 53 39 334 444 16 
0 0 0 3 12 480 306 223 0 0 0 32 172 352 255 213 0 54 106 34 54 346 392 38 
0 0 0 0 32 452 133 407 0 0 0 41 91 391 96 405 0 9 89 37 17 314 552 6 
0 0 0 0 0 561 79 384 0 0 0 53 74 427 86 384 0 39 57 28 4 353 542 1 
0 0 0 0 0 559 81 384 0 0 0 55 71 429 85 384 0 39 57 29 3 425 468 3 
0 0 0 7 13 433 187 384 0 0 0 48 104 336 157 379 0 61 38 44 16 625 239 1 
0 0 2 7 31 67 81 836 0 0 0 5 17 52 73 877 0 0 4 5 22 328 508 157 
0 0 15 23 27 115 56 788 0 0 4 24 20 55 122 799 0 0 3 19 27 421 413 141 
0 0 6 16 19 90 88 805 0 0 4 12 16 45 87 860 0 0 1 5 54 582 273 109 
0 0 7 15 28 143 43 788 0 0 3 14 17 119 74 797 0 0 9 16 17 546 299 137 
16 89 19 9 18 132 24 717 27 85 12 10 13 121 35 721 31 85 11 8 22 624 243 0 
174 290 19 10 7 14 14 496 185 287 15 8 8 13 16 492 299 182 12 10 15 157 294 55 
0 32 13 3 48 167 45 716 0 36 8 6 13 144 96 721 2 30 13 4 39 533 369 34 
0 0 0 13 92 94 87 738 0 0 0 4 59 83 96 782 0 0 3 16 63 376 366 200 
0 9 38 76 69 103 79 650 0 2 19 57 78 89 114 665 0 1 12 62 82 440 230 197 
0 1 29 50 48 134 64 698 0 0 23 49 48 78 119 707 0 0 15 42 63 562 162 180 
0 0 11 38 122 111 97 645 0 0 3 29 70 129 85 708 0 0 14 50 106 320 346 188 
3 29 71 124 198 191 352 56 36 61 109 153 300 273 33 59 64 240 382 188 51 21 19 59 
28 114 158 203 158 148 186 29 89 182 180 145 218 173 7 30 226 193 296 177 58 28 14 32 
3 49 78 110 185 175 377 47 22 65 110 172 210 369 26 50 48 178 314 317 75 26 18 48 
0 0 0 45 152 113 414 300 0 0 18 114 109 608 175 0 0 49 134 568 200 49 24 0 
38 174 188 159 53 86 108 218 147 280 130 58 44 186 179 0 217 338 77 208 142 15 27 0 
747 244 33 0 0 0 0 0 971 53 0 0 0 0 0 0 1010 14 0 0 0 0 0 0 
294 156 37 71 86 74 139 167 347 122 56 89 79 239 92 0 398 149 107 258 80 30 2 0 
0 0 5 106 108 76 701 28 0 0 66 161 125 662 10 0 7 163 189 656 9 0 0 0 
0 0 2 90 79 96 757 0 0 0 83 88 150 703 0 0 0 107 289 628 0 0 0 0 
0 0 0 69 87 67 801 0 0 0 59 102 150 713 0 0 0 97 292 635 0 0 0 0 
0 0 0 37 88 72 810 17 0 0 13 115 109 781 6 0 0 63 163 795 3 0 0 0 
0 0 0 0 0 0 1024 0 0 0 0 0 31 993 0 0 0 0 50 974 0 0 0 0 
2 35 46 21 22 29 869 0 18 61 21 19 44 861 0 0 52 49 84 831 8 0 0 0 
38 214 90 150 146 64 322 0 104 210 166 142 79 323 0 0 267 130 228 373 26 0 0 0 
7 8 20 223 123 140 503 0 11 19 224 114 124 532 0 0 19 180 161 449 127 88 0 0 
581 52 124 150 16 15 53 33 596 183 124 16 11 75 19 0 556 324 39 56 47 2 0 0 
352 145 453 74 0 0 0 0 393 517 114 0 0 0 0 0 479 545 0 0 0 0 0 0 
743 28 21 14 31 34 141 12 762 25 17 36 46 134 4 0 786 32 54 151 1 0 0 0 
0 0 0 0 1 9 996 18 0 0 0 1 111 912 0 0 0 0 167 856 1 0 0 0 
0 0 0 0 0 3 1021 0 0 0 0 0 108 916 0 0 0 0 184 840 0 0 0 0 
0 0 0 0 0 0 1024 0 0 0 0 0 115 909 0 0 0 0 181 843 0 0 0 0 
0 0 0 0 0 2 1021 1 0 0 0 0 26 998 0 0 0 0 0 998 26 0 0 0 
0 0 0 0 0 0 1024 0 0 0 0 0 80 944 0 0 0 0 174 842 8 0 0 0 
0 0 0 0 0 0 1024 0 0 0 0 0 8 1016 0 0 0 0 19 969 36 0 0 0 
0 0 0 0 0 0 1024 0 0 0 0 0 0 1024 0 0 0 0 0 1024 0 0 0 0 
0 0 0 0 0 0 1024 0 0 0 0 0 0 1024 0 0 0 0 0 1014 10 0 0 0 
655 39 23 30 24 25 225 3 658 44 31 38 20 228 5 0 601 142 35 211 33 2 0 0 
906 49 58 11 0 0 0 0 924 78 17 5 0 0 0 0 894 115 10 5 0 0 0 0 
777 34 12 12 9 22 157 1 796 24 9 12 23 160 0 0 641 187 15 150 30 1 0 0 
0 0 0 0 0 5 1017 2 0 0 0 0 114 908 2 0 0 0 194 816 14 0 0 0 
0 0 0 0 0 5 1019 0 0 0 0 0 132 892 0 0 0 0 253 771 0 0 0 0 
0 0 0 0 0 7 1017 0 0 0 0 0 92 932 0 0 0 0 299 725 0 0 0 0 
0 0 0 0 0 6 1015 3 0 0 0 0 7 1015 2 0 0 0 15 963 46 0 0 0 
0 0 4 24 5 176 815 0 0 0 0 0 348 422 254 0 0 0 5 627 71 68 248 5 
0 0 0 0 0 464 555 5 0 0 0 0 403 238 383 0 0 0 0 476 144 42 362 0 
0 0 0 0 0 362 660 2 0 0 0 0 213 354 457 0 0 0 0 245 277 60 442 0 
0 0 0 0 0 51 965 8 0 0 0 0 6 455 562 1 0 0 0 233 182 78 527 4 
313 142 212 115 65 48 126 3 340 202 198 92 37 98 53 4 489 255 82 82 35 37 40 4 
959 22 14 15 5 9 0 0 959 24 18 10 8 5 0 0 972 30 7 5 5 5 0 0 
934 18 12 4 10 14 32 0 935 17 12 5 9 12 34 0 921 30 12 5 11 20 25 0 
0 2 3 4 4 138 872 1 0 3 5 4 303 385 323 1 0 2 70 540 75 51 285 1 
0 0 0 0 0 101 923 0 0 0 0 0 301 395 328 0 0 0 24 604 53 19 324 0 
0 0 0 0 0 107 917 0 0 0 0 0 365 314 345 0 0 0 8 602 62 8 344 0 
0 0 0 0 0 411 613 0 0 0 0 0 430 229 365 0 0 0 0 523 111 40 350 0 
0 15 52 89 134 422 307 5 0 0 9 73 196 432 312 2 0 0 5 71 265 444 239 0 
0 0 0 30 14 328 652 0 0 1 28 10 18 388 579 0 1 27 11 15 66 512 392 0 
0 20 209 37 24 229 505 0 0 4 194 74 51 222 479 0 0 11 142 154 67 447 203 0 
29 6 6 6 8 559 410 0 29 6 6 6 11 461 505 0 29 6 6 6 19 852 106 0 
564 113 229 98 8 8 4 0 584 223 180 18 5 10 4 0 728 230 44 3 6 11 2 0 
430 82 410 102 0 0 0 0 472 508 44 0 0 0 0 0 666 354 4 0 0 0 0 0 
737 25 10 65 21 83 70 13 737 26 12 66 19 96 56 12 726 32 28 54 18 122 31 13 
0 0 0 36 7 65 909 7 0 0 3 36 4 60 915 6 0 0 8 32 6 78 894 6 
0 0 0 0 0 0 1024 0 0 0 0 0 0 0 1024 0 0 0 0 0 0 0 1024 0 
0 0 0 0 0 38 986 0 0 0 0 0 0 5 1019 0 0 0 0 0 0 76 948 0 
0 0 0 0 0 42 982 0 0 0 0 0 0 6 1018 0 0 0 0 0 0 264 760 0 
0 3 12 37 178 725 57 12 0 7 23 93 134 726 39 2 4 10 53 110 174 646 27 0 
0 6 90 433 214 269 12 0 35 88 395 216 45 240 5 0 99 366 200 102 20 232 5 0 
198 280 177 231 56 81 1 0 207 361 295 76 78 7 0 0 298 391 242 81 12 0 0 0 
245 47 42 67 255 267 101 0 263 48 79 158 189 218 69 0 257 89 142 212 54 255 15 0 
576 29 264 147 8 0 0 0 592 299 120 13 0 0 0 0 668 301 55 0 0 0 0 0 
293 123 568 40 0 0 0 0 526 491 7 0 0 0 0 0 723 301 0 0 0 0 0 0 
569 81 55 63 100 95 30 31 612 70 51 62 134 44 39 12 630 73 50 122 57 54 38 0 
0 14 21 40 58 72 809 10 2 22 28 29 79 50 813 1 10 21 29 55 55 62 792 0 
0 0 0 0 0 0 1024 0 0 0 0 0 0 0 1024 0 0 0 0 0 0 0 1024 0 
0 0 0 0 0 7 1017 0 0 0 0 0 0 4 1020 0 0 0 0 0 0 133 891 0 
0 0 0 0 0 22 1002 0 0 0 0 0 0 10 1014 0 0 0 0 0 0 640 384 0 
23 137 91 287 81 280 53 72 87 95 195 180 78 279 98 12 111 107 192 165 76 276 89 8 
0 81 102 155 336 332 15 3 21 114 105 259 204 311 10 0 79 72 212 140 254 263 4 0 
0 96 80 140 126 478 104 0 9 130 76 149 87 486 87 0 82 86 105 100 83 553 15 0 
112 119 167 269 228 83 46 0 95 216 287 232 69 92 33 0 78 303 337 122 69 97 18 0 
126 81 293 311 213 0 0 0 146 352 304 222 0 0 0 0 55 508 309 152 0 0 0 0 
162 489 127 87 148 11 0 0 335 486 25 148 30 0 0 0 308 430 109 152 25 0 0 0 
97 437 93 31 28 105 233 0 162 165 315 20 24 100 238 0 144 42 319 154 29 115 221 0 
0 3 6 9 17 81 907 1 0 3 6 9 17 106 882 1 0 3 9 8 15 223 766 0 
0 0 0 0 0 42 982 0 0 0 0 0 0 52 972 0 0 0 0 0 0 516 508 0 
0 0 0 0 0 33 991 0 0 0 0 0 0 0 1024 0 0 0 0 0 0 688 336 0 
0 0 0 0 0 54 970 0 0 0 0 0 0 0 1024 0 0 0 0 0 0 1009 15 0 
