1 7 1 3 8 987 17 0 0 6 2 1 6 584 406 19 0 0 8 1 2 551 441 21 
0 26 7 12 28 929 22 0 0 13 13 8 13 151 826 0 0 0 26 5 12 132 849 0 
8 56 12 12 8 455 470 3 0 58 6 14 13 5 904 24 0 0 64 9 15 8 909 19 
25 70 1 6 11 92 819 0 0 78 18 0 9 13 906 0 0 0 90 6 5 14 907 2 
69 44 11 4 0 16 879 1 0 98 19 10 1 0 753 143 0 16 99 11 2 0 809 87 
115 18 9 7 7 5 804 59 0 130 10 5 7 6 453 413 0 120 19 7 6 7 600 265 
2 17 4 75 12 66 367 481 0 14 5 2 53 35 30 885 0 0 19 2 12 71 15 905 
1 102 227 413 136 66 62 17 0 61 94 249 390 117 37 76 0 1 120 202 323 249 51 78 
69 344 56 91 93 157 173 41 0 215 202 64 57 102 35 349 0 0 329 125 49 80 74 367 
177 830 11 2 3 0 1 0 0 385 623 11 0 4 1 0 0 0 608 406 5 0 4 1 
175 848 1 0 0 0 0 0 0 401 622 1 0 0 0 0 0 71 560 393 0 0 0 0 
230 775 10 6 3 0 0 0 0 477 527 11 2 5 2 0 0 147 467 399 2 2 5 2 
0 1 253 318 14 7 9 422 0 0 3 252 302 28 10 429 0 0 2 34 301 246 8 433 
4 157 696 167 0 0 0 0 0 79 189 689 67 0 0 0 0 44 169 290 519 2 0 0 
0 189 382 257 132 56 5 3 0 63 247 441 142 116 13 2 0 7 222 273 352 102 61 7 
142 582 211 38 36 11 3 1 0 375 404 148 73 23 1 0 0 6 559 260 139 52 8 0 
37 708 241 16 5 10 7 0 0 92 662 231 19 3 6 11 0 0 156 743 100 7 6 12 
216 445 35 45 221 61 1 0 0 414 247 27 32 150 148 6 0 47 474 149 25 67 154 108 
0 45 674 230 52 5 2 16 0 0 248 498 233 25 2 18 0 0 115 493 302 93 3 18 
21 192 739 52 20 0 0 0 0 51 706 189 48 30 0 0 0 27 460 453 49 35 0 0 
0 5 104 25 127 743 20 0 0 2 90 32 88 690 122 0 0 0 70 44 77 664 167 2 
7 10 6 11 136 775 79 0 0 10 8 7 95 633 271 0 0 0 15 8 81 644 276 0 
0 0 0 7 89 620 308 0 0 0 0 0 55 452 511 6 0 0 0 0 48 488 480 8 
21 16 1 3 30 535 406 12 0 33 5 2 30 421 518 15 0 20 18 2 30 443 498 13 
1 8 64 389 472 90 0 0 0 2 8 57 379 562 16 0 0 2 8 62 383 543 26 0 
23 33 141 377 120 316 14 0 0 37 55 114 348 453 17 0 0 34 53 161 303 463 10 0 
0 6 7 3 33 710 233 32 0 1 11 4 17 665 288 38 0 0 8 8 17 738 225 28 
0 0 0 0 11 714 235 64 0 0 0 0 5 581 378 60 0 0 0 0 7 661 320 36 
0 0 0 0 2 614 408 0 0 0 0 0 1 485 538 0 0 0 0 0 5 568 451 0 
0 0 0 0 1 359 664 0 0 0 0 0 1 360 662 1 0 0 0 0 4 571 449 0 
0 0 58 521 268 177 0 0 0 0 0 66 446 512 0 0 0 0 5 84 487 448 0 0 
0 0 156 510 68 288 2 0 0 0 0 148 524 350 2 0 0 0 2 225 481 315 1 0 
0 0 0 0 22 819 169 14 0 0 0 0 17 810 183 14 0 0 0 0 46 879 87 12 
0 0 0 1 12 545 451 15 0 0 0 1 11 521 474 17 0 0 0 2 33 700 286 3 
0 0 0 0 1 324 693 6 0 0 0 0 1 343 675 5 0 0 0 0 5 677 340 2 
0 0 0 0 0 152 765 107 0 0 0 0 0 211 706 107 0 0 0 0 3 551 395 75 
