0 0 332 219 113 156 150 54 0 0 449 205 206 112 29 23 0 645 305 30 23 16 5 0 
0 0 143 268 155 73 72 313 0 0 303 261 93 52 48 267 0 517 156 37 28 37 40 209 
0 0 312 329 129 196 26 32 0 0 531 231 212 16 7 27 0 801 171 14 6 5 9 18 
0 0 183 382 372 87 0 0 0 0 418 515 91 0 0 0 0 963 61 0 0 0 0 0 
0 0 97 549 278 100 0 0 0 0 431 480 113 0 0 0 0 959 65 0 0 0 0 0 
0 0 0 373 456 193 2 0 0 0 240 574 210 0 0 0 0 895 129 0 0 0 0 0 
0 0 0 190 401 223 99 111 0 0 93 494 304 24 10 99 0 588 311 12 5 8 11 89 
0 0 0 3 408 432 26 155 0 0 0 344 509 16 18 137 0 305 539 16 13 12 15 124 
0 0 0 0 0 53 160 811 0 0 0 0 72 198 170 584 0 2 180 111 75 120 363 173 
0 1 20 21 59 262 313 348 0 12 17 75 343 295 213 69 0 105 519 126 115 96 61 2 
0 0 79 172 147 483 103 40 0 0 190 202 558 40 34 0 0 546 425 24 25 4 0 0 
0 0 5 71 439 337 171 1 0 0 34 455 503 32 0 0 0 642 366 16 0 0 0 0 
0 0 0 5 459 415 121 24 0 0 0 417 490 114 3 0 0 631 306 87 0 0 0 0 
0 0 0 34 442 343 54 151 0 0 10 469 346 94 105 0 0 576 266 78 104 0 0 0 
0 0 0 31 494 211 108 180 0 0 0 503 249 173 99 0 0 560 208 139 117 0 0 0 
0 0 0 132 422 92 128 250 0 0 10 514 127 339 34 0 0 400 262 246 116 0 0 0 
0 0 0 0 0 0 0 1024 0 0 0 0 0 0 197 827 0 0 0 0 1 266 667 90 
0 0 0 0 0 10 66 948 0 0 0 0 28 96 491 409 0 0 21 114 231 311 347 0 
0 0 0 14 26 29 198 757 0 0 4 37 63 325 483 112 0 33 149 301 278 193 70 0 
0 0 0 1 34 21 72 896 0 0 0 1 39 256 718 10 0 0 5 322 415 246 36 0 
0 0 32 22 4 17 16 933 0 0 54 5 17 101 847 0 0 22 37 127 463 375 0 0 
0 39 528 34 22 25 23 353 0 149 458 24 34 17 342 0 1 336 303 23 358 3 0 0 
0 0 0 16 7 14 9 978 0 0 14 6 15 15 974 0 0 0 21 12 480 511 0 0 
0 0 22 69 54 52 59 768 0 20 73 60 55 64 751 1 1 69 70 57 485 282 59 1 
0 0 0 0 0 0 0 1024 0 0 0 0 0 161 847 16 0 0 0 124 564 336 0 0 
0 0 0 0 0 2 41 981 0 0 0 0 8 61 778 177 0 0 4 52 57 823 88 0 
0 0 0 0 0 0 0 1024 0 0 0 0 0 0 704 320 0 0 0 0 316 470 238 0 
0 0 0 1 12 21 90 900 0 0 46 26 29 37 837 49 0 6 59 35 15 831 78 0 
0 0 18 21 9 6 22 948 0 0 34 20 8 27 927 8 0 6 49 8 33 928 0 0 
0 25 384 109 75 61 67 303 0 60 464 107 78 12 299 4 1 226 471 18 20 287 1 0 
0 0 16 6 11 4 15 972 0 0 18 15 4 15 972 0 0 1 27 11 21 964 0 0 
0 0 28 34 26 16 20 900 0 11 48 30 12 21 894 8 1 38 47 17 25 878 18 0 
0 0 0 0 0 0 546 478 0 0 0 0 37 910 77 0 0 0 119 802 103 0 0 0 
0 0 0 0 0 4 83 937 0 0 0 0 28 360 636 0 0 0 20 318 607 79 0 0 
0 0 0 0 0 0 23 1001 0 0 0 0 0 149 853 22 0 0 0 137 509 378 0 0 
0 0 7 28 35 28 83 843 0 7 44 26 26 168 753 0 1 58 35 131 225 574 0 0 
0 0 17 51 42 22 88 804 0 12 71 36 22 141 741 1 0 85 44 95 193 607 0 0 
0 0 19 49 33 22 103 798 0 13 65 30 53 109 754 0 1 69 63 97 158 636 0 0 
0 0 11 57 25 21 104 806 0 5 63 28 33 133 762 0 0 61 47 101 225 590 0 0 
0 0 10 53 23 22 90 826 0 2 69 17 24 165 747 0 0 32 63 94 267 568 0 0 
0 0 0 0 1 244 779 0 0 0 0 6 782 236 0 0 0 3 907 114 0 0 0 0 
0 0 0 0 6 35 708 275 0 0 0 15 140 869 0 0 0 3 206 815 0 0 0 0 
0 0 0 0 0 6 357 661 0 0 0 1 96 807 120 0 0 0 103 732 189 0 0 0 
0 0 0 0 0 0 69 955 0 0 0 0 0 621 403 0 0 0 0 448 576 0 0 0 
0 0 0 0 0 0 15 1009 0 0 0 0 0 523 501 0 0 0 0 214 809 1 0 0 
0 0 0 0 0 0 106 918 0 0 0 0 2 521 501 0 0 0 0 301 723 0 0 0 
0 0 0 0 0 0 111 913 0 0 0 0 0 744 280 0 0 0 0 422 602 0 0 0 
0 0 0 0 0 0 284 740 0 0 0 0 0 967 57 0 0 0 0 516 508 0 0 0 
57 37 36 97 127 551 119 0 75 26 165 204 552 2 0 0 28 278 716 2 0 0 0 0 
18 33 21 52 410 116 374 0 45 21 273 224 424 37 0 0 8 468 508 40 0 0 0 0 
35 37 58 70 378 181 251 14 53 75 141 472 187 96 0 0 37 434 463 90 0 0 0 0 
9 30 77 103 330 219 173 83 21 81 183 481 27 231 0 0 24 422 338 238 2 0 0 0 
0 0 0 0 487 252 167 118 0 0 37 698 42 247 0 0 0 431 337 255 1 0 0 0 
0 0 0 0 444 277 259 44 0 0 121 596 54 253 0 0 0 409 347 268 0 0 0 0 
0 0 0 10 576 112 270 56 0 0 262 436 37 289 0 0 0 444 263 317 0 0 0 0 
0 0 0 170 470 32 352 0 0 0 380 280 111 253 0 0 0 303 402 319 0 0 0 0 
