683 341 0 0 0 0 0 0 1024 0 0 0 0 0 0 0 1024 0 0 0 0 0 0 0 
450 574 0 0 0 0 0 0 1024 0 0 0 0 0 0 0 1024 0 0 0 0 0 0 0 
419 603 2 0 0 0 0 0 1024 0 0 0 0 0 0 0 1024 0 0 0 0 0 0 0 
911 87 26 0 0 0 0 0 1024 0 0 0 0 0 0 0 1024 0 0 0 0 0 0 0 
953 64 7 0 0 0 0 0 1024 0 0 0 0 0 0 0 1024 0 0 0 0 0 0 0 
927 97 0 0 0 0 0 0 1024 0 0 0 0 0 0 0 1024 0 0 0 0 0 0 0 
893 94 27 10 0 0 0 0 999 25 0 0 0 0 0 0 1024 0 0 0 0 0 0 0 
235 359 309 120 1 0 0 0 830 194 0 0 0 0 0 0 982 42 0 0 0 0 0 0 
2 187 500 313 22 0 0 0 343 672 9 0 0 0 0 0 924 100 0 0 0 0 0 0 
40 233 369 340 35 7 0 0 419 575 30 0 0 0 0 0 849 175 0 0 0 0 0 0 
669 192 103 40 20 0 0 0 932 79 13 0 0 0 0 0 988 36 0 0 0 0 0 0 
914 80 26 4 0 0 0 0 1018 6 0 0 0 0 0 0 1020 4 0 0 0 0 0 0 
942 67 15 0 0 0 0 0 1018 6 0 0 0 0 0 0 1018 6 0 0 0 0 0 0 
631 124 111 120 38 0 0 0 807 183 34 0 0 0 0 0 899 125 0 0 0 0 0 0 
9 163 222 437 138 54 1 0 255 571 175 23 0 0 0 0 460 531 33 0 0 0 0 0 
0 168 235 535 86 0 0 0 251 651 122 0 0 0 0 0 479 542 3 0 0 0 0 0 
37 106 291 356 219 11 4 0 236 528 254 6 0 0 0 0 455 554 15 0 0 0 0 0 
714 118 125 56 11 0 0 0 859 151 14 0 0 0 0 0 946 78 0 0 0 0 0 0 
929 46 39 10 0 0 0 0 965 59 0 0 0 0 0 0 983 41 0 0 0 0 0 0 
926 68 22 8 0 0 0 0 986 38 0 0 0 0 0 0 1000 24 0 0 0 0 0 0 
538 217 211 36 22 0 0 0 851 148 25 0 0 0 0 0 938 84 2 0 0 0 0 0 
0 318 651 55 0 0 0 0 562 462 0 0 0 0 0 0 955 69 0 0 0 0 0 0 
46 646 332 0 0 0 0 0 864 160 0 0 0 0 0 0 1023 1 0 0 0 0 0 0 
632 382 10 0 0 0 0 0 1024 0 0 0 0 0 0 0 1024 0 0 0 0 0 0 0 
1024 0 0 0 0 0 0 0 1024 0 0 0 0 0 0 0 1024 0 0 0 0 0 0 0 
835 189 0 0 0 0 0 0 1024 0 0 0 0 0 0 0 1024 0 0 0 0 0 0 0 
683 341 0 0 0 0 0 0 1024 0 0 0 0 0 0 0 1024 0 0 0 0 0 0 0 
999 25 0 0 0 0 0 0 1024 0 0 0 0 0 0 0 1024 0 0 0 0 0 0 0 
1024 0 0 0 0 0 0 0 1024 0 0 0 0 0 0 0 1024 0 0 0 0 0 0 0 
1024 0 0 0 0 0 0 0 1024 0 0 0 0 0 0 0 1024 0 0 0 0 0 0 0 
927 23 4 17 1 18 7 27 953 18 3 0 18 1 31 0 970 6 7 11 30 0 0 0 
214 227 291 61 65 26 34 106 528 259 64 23 39 58 37 16 758 97 26 69 41 33 0 0 
15 250 695 64 0 0 0 0 429 595 0 0 0 0 0 0 949 75 0 0 0 0 0 0 
23 361 613 27 0 0 0 0 720 304 0 0 0 0 0 0 999 25 0 0 0 0 0 0 
830 130 64 0 0 0 0 0 1013 11 0 0 0 0 0 0 1024 0 0 0 0 0 0 0 
762 262 0 0 0 0 0 0 1024 0 0 0 0 0 0 0 1024 0 0 0 0 0 0 0 
451 573 0 0 0 0 0 0 1024 0 0 0 0 0 0 0 1024 0 0 0 0 0 0 0 
151 740 71 45 7 10 0 0 919 88 14 3 0 0 0 0 974 50 0 0 0 0 0 0 
0 118 437 424 36 9 0 0 231 730 63 0 0 0 0 0 570 453 1 0 0 0 0 0 
2 168 320 495 26 13 0 0 274 674 71 5 0 0 0 0 565 459 0 0 0 0 0 0 
308 152 173 127 24 25 142 73 514 250 30 82 60 22 29 37 679 129 71 51 26 27 12 29 
347 388 35 22 53 34 95 50 762 25 66 36 62 70 3 0 774 40 65 66 75 4 0 0 
905 119 0 0 0 0 0 0 1024 0 0 0 0 0 0 0 1024 0 0 0 0 0 0 0 
1024 0 0 0 0 0 0 0 1024 0 0 0 0 0 0 0 1024 0 0 0 0 0 0 0 
605 156 254 9 0 0 0 0 818 206 0 0 0 0 0 0 949 75 0 0 0 0 0 0 
176 516 324 8 0 0 0 0 898 126 0 0 0 0 0 0 999 25 0 0 0 0 0 0 
813 208 3 0 0 0 0 0 1024 0 0 0 0 0 0 0 1024 0 0 0 0 0 0 0 
1024 0 0 0 0 0 0 0 1024 0 0 0 0 0 0 0 1024 0 0 0 0 0 0 0 
963 14 8 10 27 2 0 0 984 15 25 0 0 0 0 0 996 28 0 0 0 0 0 0 
1024 0 0 0 0 0 0 0 1024 0 0 0 0 0 0 0 1024 0 0 0 0 0 0 0 
727 297 0 0 0 0 0 0 1024 0 0 0 0 0 0 0 1024 0 0 0 0 0 0 0 
732 292 0 0 0 0 0 0 1024 0 0 0 0 0 0 0 1024 0 0 0 0 0 0 0 
1024 0 0 0 0 0 0 0 1024 0 0 0 0 0 0 0 1024 0 0 0 0 0 0 0 
1024 0 0 0 0 0 0 0 1024 0 0 0 0 0 0 0 1024 0 0 0 0 0 0 0 
843 53 0 32 0 32 0 64 896 32 0 4 28 2 62 0 922 6 28 4 36 28 0 0 
2 31 28 14 11 69 256 613 47 29 35 101 155 306 186 165 64 44 109 337 273 177 20 0 
0 150 585 184 15 14 65 11 244 672 19 17 64 8 0 0 659 276 26 63 0 0 0 0 
90 362 545 27 0 0 0 0 551 473 0 0 0 0 0 0 927 97 0 0 0 0 0 0 
537 295 140 52 0 0 0 0 866 158 0 0 0 0 0 0 949 75 0 0 0 0 0 0 
714 310 0 0 0 0 0 0 1024 0 0 0 0 0 0 0 1024 0 0 0 0 0 0 0 
695 329 0 0 0 0 0 0 1024 0 0 0 0 0 0 0 1024 0 0 0 0 0 0 0 
433 333 49 99 100 10 0 0 786 105 124 9 0 0 0 0 826 163 35 0 0 0 0 0 
24 227 250 307 205 11 0 0 312 428 274 10 0 0 0 0 434 517 73 0 0 0 0 0 
0 65 237 417 185 104 16 0 113 497 329 85 0 0 0 0 232 655 137 0 0 0 0 0 
27 53 13 13 12 53 420 433 95 14 19 217 250 163 94 172 112 34 297 243 104 78 105 51 
330 342 38 21 9 16 41 227 686 36 17 9 16 62 77 121 714 23 13 14 68 88 78 26 
724 300 0 0 0 0 0 0 1024 0 0 0 0 0 0 0 1024 0 0 0 0 0 0 0 
964 38 11 4 4 2 1 0 1005 13 4 2 0 0 0 0 1008 16 0 0 0 0 0 0 
303 46 168 281 162 64 0 0 363 326 263 72 0 0 0 0 416 390 206 12 0 0 0 0 
622 65 106 164 67 0 0 0 713 174 136 1 0 0 0 0 752 208 64 0 0 0 0 0 
1004 10 3 3 2 1 1 0 1017 4 2 1 0 0 0 0 1021 3 0 0 0 0 0 0 
653 29 19 18 20 54 231 0 704 28 32 258 2 0 0 0 737 43 233 11 0 0 0 0 
53 17 13 16 195 727 3 0 77 23 630 294 0 0 0 0 104 402 518 0 0 0 0 0 
463 28 23 23 153 334 0 0 503 36 460 25 0 0 0 0 541 330 153 0 0 0 0 0 
569 359 10 17 55 14 0 0 937 22 65 0 0 0 0 0 962 59 3 0 0 0 0 0 
160 864 0 0 0 0 0 0 1024 0 0 0 0 0 0 0 1024 0 0 0 0 0 0 0 
429 570 25 0 0 0 0 0 1024 0 0 0 0 0 0 0 1024 0 0 0 0 0 0 0 
758 186 80 0 0 0 0 0 991 33 0 0 0 0 0 0 1024 0 0 0 0 0 0 0 
553 182 158 32 3 31 10 55 773 148 7 26 6 12 52 0 909 19 32 0 40 24 0 0 
0 0 0 0 35 55 150 784 0 0 36 55 115 244 292 282 0 27 63 161 431 201 141 0 
0 11 155 137 31 60 278 352 30 257 57 118 183 379 0 0 157 188 159 417 103 0 0 0 
10 169 417 399 29 0 0 0 238 699 87 0 0 0 0 0 472 552 0 0 0 0 0 0 
321 92 231 254 116 10 0 0 444 387 181 12 0 0 0 0 612 367 45 0 0 0 0 0 
700 33 44 41 117 89 0 0 757 56 132 79 0 0 0 0 793 96 129 6 0 0 0 0 
678 33 32 59 42 98 82 0 736 47 71 93 70 7 0 0 761 61 87 101 14 0 0 0 
293 56 32 65 132 174 215 57 360 62 167 163 163 102 7 0 385 106 216 164 131 22 0 0 
0 21 105 105 176 214 233 170 30 153 203 208 177 142 86 25 65 209 258 186 178 81 47 0 
0 0 6 17 65 328 586 22 0 21 95 588 272 40 8 0 4 59 776 113 62 10 0 0 
0 0 0 0 0 0 434 590 0 0 0 1 438 232 110 243 0 0 84 452 202 72 126 88 
23 352 53 20 24 21 109 422 368 71 24 19 47 145 87 263 418 44 21 26 145 88 72 210 
156 410 33 25 11 14 25 350 559 54 17 15 9 16 42 312 576 46 21 15 14 19 22 311 
48 140 77 27 64 105 186 377 173 112 54 103 133 88 133 228 175 130 94 109 130 86 97 203 
0 1 50 156 261 347 183 26 0 133 253 381 188 67 2 0 13 192 342 307 130 40 0 0 
257 90 131 126 82 189 149 0 366 193 147 318 0 0 0 0 422 213 370 19 0 0 0 0 
121 33 16 14 18 122 683 17 166 23 29 464 342 0 0 0 191 44 497 292 0 0 0 0 
0 0 0 0 0 1 886 137 0 0 0 247 777 0 0 0 0 0 295 729 0 0 0 0 
0 0 0 0 0 459 565 0 0 0 2 1022 0 0 0 0 0 6 1015 3 0 0 0 0 
0 0 0 0 11 938 75 0 0 0 180 844 0 0 0 0 0 108 916 0 0 0 0 0 
5 22 11 13 200 773 0 0 33 20 703 268 0 0 0 0 54 484 486 0 0 0 0 0 
51 338 27 33 379 196 0 0 411 47 562 4 0 0 0 0 456 514 54 0 0 0 0 0 
42 462 333 79 91 17 0 0 607 219 45 55 69 28 1 0 748 98 28 28 47 44 28 3 
0 140 630 173 70 11 0 0 266 530 142 63 18 5 0 0 611 255 78 47 16 15 2 0 
0 12 566 312 37 18 37 42 53 676 196 4 31 7 57 0 347 530 61 22 45 19 0 0 
0 0 20 84 92 28 23 777 1 80 91 50 4 36 333 429 18 151 23 58 317 260 196 1 
0 0 0 0 0 3 349 672 0 0 0 19 260 567 178 0 0 0 32 465 527 0 0 0 
0 20 46 136 274 252 296 0 30 121 296 260 301 16 0 0 61 249 295 352 52 13 2 0 
0 0 15 81 241 433 254 0 0 65 257 371 298 33 0 0 8 133 389 275 219 0 0 0 
0 0 1 43 106 293 542 39 0 16 95 290 411 212 0 0 2 42 194 430 324 32 0 0 
0 0 0 12 70 147 412 383 0 0 46 100 298 383 196 1 0 5 90 226 414 242 47 0 
0 0 0 0 18 68 227 711 0 0 8 39 88 256 402 231 0 1 27 54 221 359 218 144 
0 0 0 8 26 333 147 510 0 1 34 337 59 66 157 370 0 15 332 64 52 111 186 264 
0 0 0 0 0 56 968 0 0 0 0 424 600 0 0 0 0 0 558 466 0 0 0 0 
0 0 0 0 0 0 320 704 0 0 0 0 414 208 173 229 0 0 0 496 255 92 92 89 
0 0 0 0 2 69 289 664 0 0 1 63 161 189 117 493 0 0 35 111 141 155 84 498 
0 0 0 0 10 139 237 638 0 0 0 51 228 113 92 540 0 0 0 67 237 103 64 553 
0 8 25 14 60 163 378 376 5 37 21 98 130 312 211 210 10 40 76 41 147 235 304 171 
0 0 5 6 6 365 642 0 0 3 8 873 128 12 0 0 0 5 606 360 45 8 0 0 
0 0 0 0 0 42 982 0 0 0 0 361 663 0 0 0 0 0 313 711 0 0 0 0 
0 0 0 0 0 0 824 200 0 0 0 0 996 28 0 0 0 0 10 998 16 0 0 0 
0 0 0 0 0 0 105 919 0 0 0 0 885 139 0 0 0 0 0 988 36 0 0 0 
0 0 0 0 1 31 991 1 0 0 1 983 40 0 0 0 0 1 1010 13 0 0 0 0 
0 0 0 0 0 225 799 0 0 0 0 1024 0 0 0 0 0 0 1024 0 0 0 0 0 
0 0 0 0 0 914 110 0 0 0 4 1020 0 0 0 0 0 1 1023 0 0 0 0 0 
0 0 0 0 78 946 0 0 0 0 563 461 0 0 0 0 0 233 791 0 0 0 0 0 
0 1 121 341 422 139 0 0 1 113 209 326 280 94 1 0 14 114 138 235 244 188 89 2 
0 0 1 187 524 307 5 0 0 1 181 443 307 92 0 0 0 9 185 358 267 178 27 0 
0 0 0 251 427 257 62 27 0 29 372 499 57 6 61 0 0 223 345 379 63 14 0 0 
0 0 128 52 44 0 31 769 6 154 32 32 8 25 344 423 89 98 15 52 291 253 225 1 
0 0 0 0 0 0 149 875 0 0 0 0 33 587 404 0 0 0 0 305 719 0 0 0 
0 0 0 0 171 478 360 15 0 0 62 551 393 18 0 0 0 0 299 714 11 0 0 0 
0 0 0 0 42 631 351 0 0 0 3 484 518 19 0 0 0 0 120 728 176 0 0 0 
0 0 0 0 29 285 684 26 0 0 2 179 531 311 1 0 0 0 26 340 640 18 0 0 
0 0 0 0 9 229 647 139 0 0 1 103 430 450 40 0 0 0 5 245 591 181 2 0 
0 0 0 0 0 112 442 470 0 0 0 16 212 471 284 41 0 0 0 60 365 449 145 5 
0 0 0 0 0 245 485 294 0 0 0 381 110 284 187 62 0 0 361 52 223 245 125 18 
0 0 0 0 0 0 981 43 0 0 0 176 843 5 0 0 0 0 304 720 0 0 0 0 
0 0 0 0 0 0 212 812 0 0 0 0 155 478 170 221 0 0 1 516 245 92 90 80 
0 0 10 63 414 304 136 97 0 39 206 491 158 34 16 80 0 69 272 465 115 10 29 64 
0 0 0 0 195 677 152 0 0 0 6 327 553 138 0 0 0 0 9 347 481 182 5 0 
0 0 12 35 154 434 386 3 0 15 57 171 319 364 98 0 0 28 90 78 264 317 231 16 
0 0 0 0 0 135 889 0 0 0 0 338 686 0 0 0 0 0 191 833 0 0 0 0 
0 0 0 0 0 0 1000 24 0 0 0 0 1024 0 0 0 0 0 0 1024 0 0 0 0 
0 0 0 0 0 0 422 602 0 0 0 0 960 64 0 0 0 0 0 1007 17 0 0 0 
0 0 0 0 0 0 24 1000 0 0 0 0 830 194 0 0 0 0 0 917 107 0 0 0 
0 0 0 0 0 5 1019 0 0 0 0 422 602 0 0 0 0 0 613 411 0 0 0 0 
0 0 0 0 0 4 1020 0 0 0 0 961 63 0 0 0 0 0 1001 23 0 0 0 0 
0 0 0 0 0 376 648 0 0 0 0 1024 0 0 0 0 0 1 1023 0 0 0 0 0 
0 0 0 0 74 948 2 0 0 0 213 811 0 0 0 0 0 27 997 0 0 0 0 0 
0 0 73 277 513 161 0 0 0 74 280 523 146 1 0 0 0 77 261 454 207 25 0 0 
0 0 0 36 294 639 55 0 0 0 54 334 619 17 0 0 0 0 65 344 551 64 0 0 
0 0 0 0 189 607 200 28 0 0 33 342 567 45 37 0 0 0 85 561 362 16 0 0 
0 41 105 57 21 0 32 768 44 116 41 26 25 4 391 377 127 65 27 37 326 301 141 0 
0 0 0 0 0 0 247 777 0 0 0 0 58 519 447 0 0 0 0 357 667 0 0 0 
0 7 95 407 132 31 344 8 0 139 469 64 340 12 0 0 21 291 333 379 0 0 0 0 
0 18 245 422 285 49 5 0 0 304 622 75 23 0 0 0 27 429 486 75 7 0 0 0 
0 12 241 245 429 77 20 0 0 258 579 144 40 3 0 0 3 328 576 76 41 0 0 0 
0 1 278 230 398 100 17 0 0 257 488 231 43 5 0 0 0 277 487 203 51 6 0 0 
0 8 281 138 432 139 26 0 0 259 435 260 57 13 0 0 0 233 509 216 50 16 0 0 
0 5 192 232 176 249 170 0 0 193 358 434 35 4 0 0 10 220 679 91 21 3 0 0 
0 0 0 0 0 0 993 31 0 0 0 223 746 55 0 0 0 0 334 690 0 0 0 0 
0 0 0 0 0 0 206 818 0 0 0 0 20 694 126 184 0 0 0 562 257 82 99 24 
0 0 121 108 472 166 55 102 2 166 158 508 54 26 35 75 67 111 201 487 43 37 38 40 
0 0 0 116 559 349 0 0 0 0 138 596 290 0 0 0 0 0 94 546 379 5 0 0 
0 0 23 255 610 136 0 0 0 22 271 583 148 0 0 0 0 42 239 499 241 3 0 0 
0 0 0 0 1 183 840 0 0 0 0 519 505 0 0 0 0 1 421 602 0 0 0 0 
0 42 22 12 11 14 851 72 45 25 14 15 925 0 0 0 48 25 20 931 0 0 0 0 
2 331 20 15 18 18 166 454 316 33 21 26 570 58 0 0 309 49 24 639 3 0 0 0 
0 19 6 3 6 7 166 817 15 8 6 10 840 145 0 0 14 10 16 898 86 0 0 0 
0 0 0 0 0 1 1021 2 0 0 0 102 922 0 0 0 0 0 253 771 0 0 0 0 
0 0 0 0 0 2 1022 0 0 0 0 580 444 0 0 0 0 0 877 147 0 0 0 0 
0 0 0 0 0 199 825 0 0 0 0 970 54 0 0 0 0 0 1000 24 0 0 0 0 
0 0 0 8 30 652 331 3 0 6 53 895 70 0 0 0 0 36 947 41 0 0 0 0 
0 1 43 251 483 191 53 2 1 93 402 456 70 2 0 0 9 141 486 372 16 0 0 0 
0 0 0 26 219 691 88 0 0 0 69 456 499 0 0 0 0 1 128 579 316 0 0 0 
0 0 0 0 64 613 344 3 0 0 2 296 651 67 8 0 0 0 39 543 439 3 0 0 
0 111 64 49 0 26 8 766 90 86 48 29 3 15 457 296 163 29 64 0 386 292 90 0 
0 0 0 0 0 0 160 864 0 0 0 0 29 633 362 0 0 0 0 236 788 0 0 0 
0 0 16 229 203 45 265 266 0 28 121 239 261 221 115 39 0 57 100 500 285 70 12 0 
301 251 214 248 10 0 0 0 398 292 113 192 29 0 0 0 315 335 73 182 94 25 0 0 
610 269 145 0 0 0 0 0 660 364 0 0 0 0 0 0 558 366 86 14 0 0 0 0 
557 319 143 5 0 0 0 0 636 370 18 0 0 0 0 0 492 402 84 39 7 0 0 0 
571 357 96 0 0 0 0 0 673 351 0 0 0 0 0 0 465 448 97 14 0 0 0 0 
57 132 348 116 51 237 83 0 97 150 246 468 59 4 0 0 55 137 431 222 100 61 18 0 
0 0 0 0 0 2 975 47 0 0 0 166 768 90 0 0 0 0 254 770 0 0 0 0 
0 0 0 0 0 0 345 679 0 0 0 0 137 592 128 167 0 0 3 614 200 83 118 6 
0 30 130 132 390 170 51 121 65 115 179 450 66 36 60 53 132 61 210 457 59 68 37 0 
0 0 39 226 721 38 0 0 0 32 300 691 1 0 0 0 0 18 334 663 9 0 0 0 
0 6 153 336 528 1 0 0 3 172 438 411 0 0 0 0 0 168 422 434 0 0 0 0 
0 0 0 15 30 290 689 0 0 5 28 756 235 0 0 0 0 24 703 297 0 0 0 0 
9 193 136 102 139 50 395 0 496 54 49 167 258 0 0 0 526 63 177 258 0 0 0 0 
93 432 91 101 197 89 19 2 843 148 22 11 0 0 0 0 977 36 11 0 0 0 0 0 
149 192 64 38 38 51 454 38 387 60 32 165 380 0 0 0 398 74 190 362 0 0 0 0 
0 0 0 0 0 0 1024 0 0 0 0 406 618 0 0 0 0 0 754 270 0 0 0 0 
0 0 0 0 0 0 1024 0 0 0 0 900 124 0 0 0 0 0 1009 15 0 0 0 0 
0 0 0 0 0 0 1024 0 0 0 0 856 168 0 0 0 0 0 908 116 0 0 0 0 
0 0 0 25 39 729 231 0 0 0 66 958 0 0 0 0 0 10 1006 8 0 0 0 0 
0 0 72 323 540 89 0 0 0 151 522 350 1 0 0 0 4 222 589 209 0 0 0 0 
0 0 0 18 353 632 21 0 0 0 156 694 174 0 0 0 0 2 298 676 48 0 0 0 
0 0 0 0 20 693 306 5 0 0 2 358 598 66 0 0 0 0 44 686 293 1 0 0 
0 123 43 57 1 32 12 756 95 97 8 56 0 17 516 235 175 17 61 14 462 257 38 0 
0 0 0 0 0 0 199 825 0 0 0 0 35 646 343 0 0 0 0 241 782 1 0 0 
0 41 169 157 145 114 389 9 0 129 202 201 375 116 1 0 0 64 250 571 48 70 21 0 
118 184 174 294 51 75 113 15 253 102 286 171 63 68 80 1 180 135 133 283 102 68 90 33 
773 128 25 24 3 31 35 5 868 39 41 2 18 29 27 0 742 142 34 29 7 27 27 16 
704 85 61 70 62 42 0 0 741 77 72 54 78 2 0 0 634 155 55 68 56 54 2 0 
914 50 23 19 14 4 0 0 963 25 14 13 5 4 0 0 961 49 14 0 0 0 0 0 
171 92 387 44 29 159 142 0 225 121 368 310 0 0 0 0 191 57 579 196 1 0 0 0 
0 0 0 0 0 0 1012 12 0 0 0 40 961 23 0 0 0 0 161 863 0 0 0 0 
0 0 0 0 0 0 627 397 0 0 0 0 453 308 92 171 0 0 1 725 107 117 74 0 
0 85 89 174 404 76 71 125 81 90 205 415 43 90 47 53 145 45 244 410 107 72 1 0 
0 95 99 243 526 55 6 0 136 189 298 401 0 0 0 0 198 180 304 342 0 0 0 0 
18 45 145 201 280 211 124 0 226 257 358 178 4 1 0 0 363 363 238 60 0 0 0 0 
414 87 21 34 43 386 39 0 489 48 59 428 0 0 0 0 477 71 476 0 0 0 0 0 
716 111 34 15 17 86 45 0 839 28 27 130 0 0 0 0 843 45 135 1 0 0 0 0 
907 94 14 9 0 0 0 0 1023 1 0 0 0 0 0 0 1024 0 0 0 0 0 0 0 
797 31 21 19 47 32 30 47 827 30 63 41 47 16 0 0 835 51 72 28 38 0 0 0 
0 0 0 0 0 2 1022 0 0 0 0 921 103 0 0 0 0 0 1006 18 0 0 0 0 
0 0 0 0 0 117 907 0 0 0 0 1024 0 0 0 0 0 0 1024 0 0 0 0 0 
0 5 15 5 41 222 683 53 2 21 75 701 158 67 0 0 4 94 746 180 0 0 0 0 
171 150 60 65 84 458 36 0 327 85 188 424 0 0 0 0 376 103 544 1 0 0 0 0 
86 70 100 318 389 61 0 0 145 213 420 246 0 0 0 0 148 297 464 115 0 0 0 0 
18 53 81 101 392 377 2 0 64 112 291 537 20 0 0 0 81 132 443 368 0 0 0 0 
0 0 4 6 171 724 119 0 0 6 49 551 393 25 0 0 2 7 181 775 59 0 0 0 
0 133 59 39 25 15 35 718 146 54 24 35 24 262 340 139 164 60 50 64 505 181 0 0 
0 0 0 0 0 0 352 672 0 0 0 0 24 887 67 46 0 0 0 570 412 42 0 0 
83 138 80 251 56 32 244 140 203 60 299 62 197 132 70 1 191 67 371 304 90 1 0 0 
857 59 64 44 0 0 0 0 899 25 100 0 0 0 0 0 879 35 58 52 0 0 0 0 
1002 22 0 0 0 0 0 0 1024 0 0 0 0 0 0 0 1022 2 0 0 0 0 0 0 
901 108 15 0 0 0 0 0 1006 18 0 0 0 0 0 0 1001 23 0 0 0 0 0 0 
919 92 13 0 0 0 0 0 1010 14 0 0 0 0 0 0 1008 16 0 0 0 0 0 0 
467 121 108 28 13 181 106 0 554 108 71 290 1 0 0 0 539 58 427 0 0 0 0 0 
0 0 0 0 0 11 1013 0 0 0 0 184 840 0 0 0 0 0 692 332 0 0 0 0 
0 0 0 0 0 0 692 332 0 0 0 0 627 171 114 112 0 0 75 677 134 138 0 0 
0 108 71 197 391 61 93 103 112 84 279 321 53 81 87 7 144 53 372 312 103 40 0 0 
0 0 34 347 643 0 0 0 0 53 478 493 0 0 0 0 0 39 527 458 0 0 0 0 
0 23 90 221 574 116 0 0 92 87 270 575 0 0 0 0 106 94 372 450 2 0 0 0 
386 37 84 287 228 2 0 0 435 284 304 1 0 0 0 0 492 498 34 0 0 0 0 0 
829 29 144 22 0 0 0 0 880 144 0 0 0 0 0 0 1002 22 0 0 0 0 0 0 
1024 0 0 0 0 0 0 0 1024 0 0 0 0 0 0 0 1024 0 0 0 0 0 0 0 
708 33 6 25 5 31 148 68 724 22 27 32 186 33 0 0 719 25 36 158 86 0 0 0 
2 14 4 6 8 157 833 0 12 9 32 969 2 0 0 0 14 52 957 1 0 0 0 0 
197 52 30 16 21 535 173 0 249 43 50 682 0 0 0 0 266 166 592 0 0 0 0 0 
157 98 99 232 186 132 97 23 274 322 212 143 50 23 0 0 515 315 135 57 2 0 0 0 
623 169 149 50 31 2 0 0 820 161 43 0 0 0 0 0 953 62 9 0 0 0 0 0 
282 181 131 133 212 85 0 0 492 160 217 155 0 0 0 0 535 197 206 86 0 0 0 0 
11 182 107 136 309 278 1 0 125 232 235 408 24 0 0 0 232 178 302 310 2 0 0 0 
41 251 314 70 127 203 18 0 113 479 157 193 82 0 0 0 549 141 136 192 6 0 0 0 
0 149 51 24 32 32 169 567 158 60 12 58 9 401 274 52 188 45 51 256 367 117 0 0 
0 0 0 0 1 5 821 197 0 0 0 4 402 595 15 8 0 1 5 993 15 10 0 0 
75 342 71 55 36 75 337 33 433 71 66 115 283 35 16 5 451 108 213 219 19 9 5 0 
594 174 0 41 45 42 51 77 768 13 63 45 31 34 35 35 789 27 60 59 16 26 23 24 
529 207 148 51 10 21 42 16 780 117 47 10 28 28 12 2 855 57 51 15 25 18 3 0 
26 240 105 88 115 152 264 34 401 124 156 230 61 29 15 8 468 140 254 104 28 16 8 6 
42 222 189 109 74 152 234 2 324 202 224 169 100 5 0 0 457 246 175 135 11 0 0 0 
73 356 236 88 57 189 25 0 339 354 168 163 0 0 0 0 629 244 151 0 0 0 0 0 
0 0 0 0 0 64 960 0 0 0 11 353 660 0 0 0 0 12 881 131 0 0 0 0 
0 0 0 0 0 0 783 241 0 0 0 97 624 119 166 18 0 0 552 245 150 77 0 0 
2 256 113 336 77 80 112 48 297 117 338 59 101 70 42 0 331 111 379 120 83 0 0 0 
19 218 66 239 443 39 0 0 231 86 446 261 0 0 0 0 227 174 343 280 0 0 0 0 
221 117 115 173 393 5 0 0 332 149 283 260 0 0 0 0 321 179 313 210 1 0 0 0 
279 58 370 317 0 0 0 0 354 665 5 0 0 0 0 0 710 313 1 0 0 0 0 0 
552 88 370 14 0 0 0 0 755 269 0 0 0 0 0 0 1022 2 0 0 0 0 0 0 
1024 0 0 0 0 0 0 0 1024 0 0 0 0 0 0 0 1024 0 0 0 0 0 0 0 
690 25 17 21 29 76 166 0 709 28 50 170 67 0 0 0 711 39 84 190 0 0 0 0 
9 26 14 14 82 318 561 0 34 20 185 784 1 0 0 0 46 196 782 0 0 0 0 0 
275 127 65 105 326 126 0 0 431 172 400 21 0 0 0 0 566 432 26 0 0 0 0 0 
409 242 124 119 130 0 0 0 705 179 140 0 0 0 0 0 820 204 0 0 0 0 0 0 
496 383 114 31 0 0 0 0 942 82 0 0 0 0 0 0 1023 1 0 0 0 0 0 0 
513 277 158 72 4 0 0 0 916 104 4 0 0 0 0 0 992 32 0 0 0 0 0 0 
185 563 133 86 32 16 9 0 821 90 78 17 11 7 0 0 864 103 33 17 7 0 0 0 
80 581 182 39 105 36 1 0 761 104 85 66 8 0 0 0 832 100 74 18 0 0 0 0 
2 160 37 31 37 24 228 505 170 26 62 30 82 410 244 0 190 77 24 297 405 31 0 0 
0 59 43 34 22 52 705 109 75 50 30 109 394 366 0 0 101 49 147 726 1 0 0 0 
24 395 326 51 77 88 52 11 657 112 94 79 64 12 2 4 734 106 118 50 7 5 4 0 
22 199 394 133 75 100 91 10 416 299 136 68 69 27 9 0 596 222 106 58 34 8 0 0 
9 222 382 238 79 24 54 16 279 531 96 42 18 40 13 5 579 263 88 39 31 16 8 0 
49 241 254 252 56 84 60 28 358 418 57 68 53 30 30 10 597 224 37 60 46 35 14 11 
12 215 434 178 50 40 89 6 359 421 83 39 64 53 5 0 563 238 80 42 42 59 0 0 
47 471 278 64 71 61 32 0 695 135 61 51 46 36 0 0 730 131 39 63 44 17 0 0 
0 243 80 58 66 192 385 0 296 78 167 303 180 0 0 0 341 216 465 2 0 0 0 0 
0 0 0 0 0 22 827 175 0 0 9 532 252 130 101 0 0 10 687 177 150 0 0 0 
2 460 185 79 90 47 158 3 487 187 82 93 98 77 0 0 569 175 106 147 27 0 0 0 
77 635 224 61 27 0 0 0 732 226 26 40 0 0 0 0 775 164 49 33 3 0 0 0 
716 241 56 11 0 0 0 0 952 62 10 0 0 0 0 0 958 59 6 1 0 0 0 0 
990 34 0 0 0 0 0 0 1024 0 0 0 0 0 0 0 1024 0 0 0 0 0 0 0 
858 66 93 5 2 0 0 0 939 81 4 0 0 0 0 0 958 66 0 0 0 0 0 0 
801 85 118 20 0 0 0 0 890 128 6 0 0 0 0 0 929 91 4 0 0 0 0 0 
828 32 22 21 50 68 3 0 856 27 83 58 0 0 0 0 855 51 106 12 0 0 0 0 
0 0 0 0 38 814 172 0 0 1 151 872 0 0 0 0 0 136 888 0 0 0 0 0 
0 0 9 21 164 811 19 0 4 23 239 758 0 0 0 0 19 238 767 0 0 0 0 0 
0 205 290 158 124 147 90 10 392 249 192 103 81 7 0 0 569 233 137 72 13 0 0 0 
97 589 39 16 23 27 177 56 713 38 32 46 135 59 1 0 747 29 59 138 51 0 0 0 
202 380 103 77 91 34 99 38 679 124 47 26 79 52 17 0 758 80 42 74 60 10 0 0 
144 457 100 92 93 18 23 97 831 44 9 15 11 33 68 13 845 45 10 19 50 49 6 0 
150 388 174 57 19 16 76 144 590 157 38 25 28 99 78 9 676 118 21 31 117 56 5 0 
0 168 35 37 27 54 452 251 162 59 59 92 332 219 101 0 202 72 137 397 216 0 0 0 
0 32 54 38 40 91 769 0 49 67 66 337 505 0 0 0 92 100 553 279 0 0 0 0 
212 434 119 117 140 2 0 0 998 26 0 0 0 0 0 0 1024 0 0 0 0 0 0 0 
329 190 161 101 149 23 41 30 855 61 11 21 20 34 17 5 899 30 12 23 38 12 10 0 
20 200 466 51 42 30 55 160 427 292 42 36 33 31 46 117 574 173 55 22 38 41 101 20 
109 166 274 72 54 12 40 297 335 277 54 15 22 35 54 232 473 177 27 38 17 45 228 19 
300 170 270 77 36 40 55 76 577 221 38 39 29 49 49 22 685 140 36 50 49 39 10 15 
574 366 72 10 2 0 0 0 982 35 5 1 1 0 0 0 1008 12 4 0 0 0 0 0 
29 251 71 36 125 472 40 0 335 74 196 419 0 0 0 0 382 220 422 0 0 0 0 0 
0 0 0 0 1 477 506 40 0 0 219 641 95 69 0 0 0 230 679 80 35 0 0 0 
97 298 109 101 38 65 187 129 421 120 87 89 138 54 50 65 475 138 144 106 46 50 46 19 
35 345 109 63 41 27 182 222 404 116 57 34 81 179 99 54 434 126 37 75 192 110 50 0 
335 233 116 59 60 41 67 113 605 107 81 44 48 51 79 9 645 118 68 48 63 80 2 0 
828 64 23 11 12 37 45 4 898 25 20 40 19 22 0 0 911 29 26 36 19 3 0 0 
510 98 392 24 0 0 0 0 595 416 13 0 0 0 0 0 643 374 7 0 0 0 0 0 
0 3 358 642 21 0 0 0 5 527 492 0 0 0 0 0 3 466 554 1 0 0 0 0 
45 59 313 537 70 0 0 0 122 390 509 3 0 0 0 0 137 358 509 20 0 0 0 0 
0 0 0 0 0 1024 0 0 0 0 47 977 0 0 0 0 0 12 1012 0 0 0 0 0 
0 8 30 25 57 682 188 34 14 40 136 672 132 30 0 0 28 96 746 131 22 1 0 0 
211 304 79 77 52 29 101 171 524 110 70 32 74 189 25 0 555 132 37 94 190 16 0 0 
12 290 93 61 51 32 53 432 305 109 70 39 23 147 297 34 332 113 66 20 220 247 26 0 
0 206 113 219 59 43 50 334 231 84 244 55 32 46 204 128 255 91 185 105 61 214 113 0 
0 245 135 123 65 37 42 377 297 88 142 51 33 36 144 233 338 56 75 121 49 142 234 9 
0 221 241 79 75 92 24 292 318 186 70 81 62 11 69 227 410 133 122 45 15 111 162 26 
13 163 33 66 25 40 642 42 174 66 60 27 560 126 11 0 224 82 25 615 66 12 0 0 
0 18 33 32 111 39 791 0 30 27 53 151 762 1 0 0 38 31 106 808 41 0 0 0 
0 262 69 45 621 27 0 0 237 85 46 550 106 0 0 0 238 82 51 92 551 10 0 0 
0 48 70 10 406 185 34 271 72 51 8 359 227 34 14 259 90 38 16 24 539 40 27 250 
0 0 50 357 187 118 99 213 11 370 139 125 77 90 23 189 46 422 90 45 140 45 52 184 
0 0 9 283 210 156 110 256 0 245 192 130 111 86 38 222 7 355 114 91 153 42 15 247 
0 0 68 173 73 300 59 351 0 216 40 59 291 63 26 329 28 210 27 21 215 170 39 314 
0 123 136 24 312 429 0 0 123 133 14 166 588 0 0 0 98 139 40 56 454 237 0 0 
1 55 39 32 363 371 163 0 63 43 83 659 176 0 0 0 70 55 319 232 329 19 0 0 
0 0 0 0 0 307 717 0 0 0 0 1016 8 0 0 0 0 0 879 145 0 0 0 0 
0 166 26 59 247 147 149 230 162 42 55 365 141 23 21 215 188 49 122 223 182 33 172 55 
0 316 126 110 276 64 37 95 353 99 57 336 48 29 72 30 381 103 69 292 69 64 46 0 
106 316 97 189 141 72 81 22 392 133 134 217 58 65 14 11 407 139 92 255 86 37 8 0 
52 135 79 435 60 112 142 9 150 86 491 142 94 61 0 0 119 107 154 554 80 10 0 0 
7 164 411 442 0 0 0 0 154 399 471 0 0 0 0 0 198 342 245 239 0 0 0 0 
0 42 662 315 5 0 0 0 54 775 195 0 0 0 0 0 52 729 241 2 0 0 0 0 
8 218 542 254 2 0 0 0 266 590 168 0 0 0 0 0 248 586 190 0 0 0 0 0 
10 483 32 32 67 400 0 0 477 51 229 267 0 0 0 0 482 124 418 0 0 0 0 0 
201 645 32 14 17 45 70 0 840 44 34 46 60 0 0 0 803 91 67 63 0 0 0 0 
36 743 105 2 11 58 69 0 510 343 57 48 54 12 0 0 321 553 58 79 13 0 0 0 
64 439 368 25 4 29 60 35 201 657 38 10 44 53 21 0 198 633 88 43 18 44 0 0 
35 67 751 30 31 13 26 71 95 687 111 22 24 38 47 0 89 340 459 30 53 53 0 0 
0 0 795 110 7 20 24 68 0 570 339 4 30 21 57 3 0 171 712 39 50 52 0 0 
0 0 526 370 0 32 29 67 0 260 633 3 32 26 60 10 0 11 803 96 53 37 24 0 
75 129 24 87 34 19 654 2 194 50 105 24 640 9 2 0 207 57 117 638 5 0 0 0 
22 168 51 392 42 50 299 0 172 64 372 130 286 0 0 0 159 67 284 513 1 0 0 0 
9 145 35 757 78 0 0 0 120 60 583 261 0 0 0 0 92 82 178 602 70 0 0 0 
0 0 0 709 315 0 0 0 0 0 624 400 0 0 0 0 0 0 185 772 67 0 0 0 
0 0 0 416 608 0 0 0 0 0 463 561 0 0 0 0 0 0 132 669 223 0 0 0 
0 0 0 19 1005 0 0 0 0 0 123 900 1 0 0 0 0 0 0 646 378 0 0 0 
0 0 0 0 1013 11 0 0 0 0 2 1006 16 0 0 0 0 0 0 557 467 0 0 0 
0 102 58 66 798 0 0 0 88 72 152 712 0 0 0 0 49 107 40 549 279 0 0 0 
0 163 61 42 727 31 0 0 159 65 63 737 0 0 0 0 143 71 61 562 187 0 0 0 
0 0 0 0 186 834 4 0 0 0 67 957 0 0 0 0 0 0 868 156 0 0 0 0 
37 155 20 350 294 99 69 0 192 49 378 386 19 0 0 0 192 64 258 506 4 0 0 0 
0 0 0 835 189 0 0 0 0 0 810 214 0 0 0 0 0 0 332 692 0 0 0 0 
1 73 163 783 4 0 0 0 51 158 800 15 0 0 0 0 30 78 527 389 0 0 0 0 
132 107 533 252 0 0 0 0 202 393 429 0 0 0 0 0 183 270 493 78 0 0 0 0 
27 455 500 42 0 0 0 0 441 466 117 0 0 0 0 0 475 310 239 0 0 0 0 0 
0 99 925 0 0 0 0 0 140 884 0 0 0 0 0 0 124 900 0 0 0 0 0 0 
85 349 587 3 0 0 0 0 473 551 0 0 0 0 0 0 469 554 1 0 0 0 0 0 
2 288 44 204 486 0 0 0 298 89 637 0 0 0 0 0 320 436 268 0 0 0 0 0 
253 244 81 409 37 0 0 0 479 294 251 0 0 0 0 0 534 440 50 0 0 0 0 0 
0 284 68 672 0 0 0 0 276 311 437 0 0 0 0 0 292 689 43 0 0 0 0 0 
72 268 157 470 57 0 0 0 233 538 253 0 0 0 0 0 229 681 114 0 0 0 0 0 
81 105 492 346 0 0 0 0 157 766 101 0 0 0 0 0 173 799 52 0 0 0 0 0 
0 0 932 45 37 10 0 0 0 964 46 14 0 0 0 0 24 956 44 0 0 0 0 0 
0 0 410 113 98 256 147 0 0 460 142 333 89 0 0 0 0 382 280 362 0 0 0 0 
88 105 45 214 93 87 392 0 194 109 257 120 344 0 0 0 226 128 304 366 0 0 0 0 
10 151 43 261 351 91 103 14 169 41 548 181 74 11 0 0 172 50 623 164 15 0 0 0 
0 92 57 174 72 189 304 136 104 61 200 292 236 131 0 0 103 73 242 426 180 0 0 0 
0 0 0 191 187 95 471 80 0 0 359 110 493 62 0 0 0 0 374 426 224 0 0 0 
0 0 0 231 461 108 60 164 0 0 660 152 47 158 7 0 0 0 691 145 177 11 0 0 
0 0 0 9 463 184 163 205 0 0 245 420 147 181 31 0 0 0 178 612 192 42 0 0 
0 0 0 0 436 95 246 247 0 0 60 454 158 352 0 0 0 0 60 496 468 0 0 0 
0 36 54 39 94 42 313 446 44 68 55 97 261 499 0 0 63 59 43 133 697 29 0 0 
0 132 36 36 99 114 266 341 114 56 75 137 261 381 0 0 129 55 52 277 462 49 0 0 
0 0 0 0 195 573 256 0 0 0 50 775 199 0 0 0 0 3 263 751 7 0 0 0 
12 179 37 207 216 174 199 0 201 51 358 256 158 0 0 0 213 52 477 281 1 0 0 0 
0 0 0 594 67 304 59 0 0 0 645 343 36 0 0 0 0 0 667 356 1 0 0 0 
0 10 236 625 137 16 0 0 7 394 603 20 0 0 0 0 7 333 684 0 0 0 0 0 
123 92 630 179 0 0 0 0 215 789 20 0 0 0 0 0 217 780 27 0 0 0 0 0 
0 160 860 4 0 0 0 0 180 844 0 0 0 0 0 0 203 821 0 0 0 0 0 0 
0 682 342 0 0 0 0 0 697 327 0 0 0 0 0 0 668 356 0 0 0 0 0 0 
0 667 357 0 0 0 0 0 688 336 0 0 0 0 0 0 610 414 0 0 0 0 0 0 
