0 0 0 0 630 151 19 224 0 0 0 40 501 227 24 232 0 0 0 0 293 396 100 235 
0 0 0 1 709 92 16 206 0 0 0 0 674 125 15 210 0 0 0 0 54 709 52 209 
0 0 0 0 798 151 5 70 0 0 0 0 777 171 6 70 0 0 0 0 0 904 47 73 
0 0 0 0 876 148 0 0 0 0 0 0 943 81 0 0 0 0 0 0 0 1024 0 0 
0 0 0 0 895 129 0 0 0 0 0 0 1020 4 0 0 0 0 0 0 0 1024 0 0 
0 0 0 0 622 402 0 0 0 0 0 0 990 34 0 0 0 0 0 0 0 1018 6 0 
0 0 0 0 302 722 0 0 0 0 0 0 674 350 0 0 0 0 0 0 0 963 61 0 
0 0 0 0 110 914 0 0 0 0 0 0 480 544 0 0 0 0 0 0 0 756 268 0 
0 0 0 0 55 969 0 0 0 0 0 0 403 621 0 0 0 0 0 0 0 752 272 0 
0 0 0 0 69 955 0 0 0 0 0 0 427 597 0 0 0 0 0 0 0 652 372 0 
0 0 0 0 1 1023 0 0 0 0 0 0 357 667 0 0 0 0 0 0 0 576 448 0 
0 0 0 0 44 980 0 0 0 0 0 0 530 494 0 0 0 0 0 0 0 746 278 0 
0 0 0 0 32 992 0 0 0 0 0 0 500 524 0 0 0 0 0 0 0 754 270 0 
0 0 0 0 82 928 2 12 0 0 0 0 485 524 3 12 0 0 0 0 0 739 272 13 
0 0 0 0 86 352 11 575 0 0 0 0 150 283 15 576 0 0 0 0 4 403 39 578 
0 0 0 0 782 209 2 31 0 0 0 1 918 73 2 30 0 0 0 0 9 982 2 31 
0 0 0 16 1008 0 0 0 0 0 0 32 992 0 0 0 0 0 0 0 149 875 0 0 
0 0 0 208 816 0 0 0 0 0 0 682 342 0 0 0 0 0 0 0 787 237 0 0 
0 0 0 209 815 0 0 0 0 0 0 895 129 0 0 0 0 0 0 279 745 0 0 0 
0 0 0 0 1024 0 0 0 0 0 0 397 627 0 0 0 0 0 0 50 911 63 0 0 
0 0 0 0 739 128 17 140 0 0 0 30 715 118 19 142 0 0 0 0 580 267 35 142 
0 0 0 0 187 614 17 206 0 0 0 0 289 493 35 207 0 0 0 0 116 559 142 207 
0 0 0 0 197 617 15 195 0 0 0 0 451 363 13 197 0 0 0 0 3 791 31 199 
0 0 0 0 408 569 3 44 0 0 0 0 874 103 4 43 0 0 0 0 5 971 4 44 
0 0 0 0 368 656 0 0 0 0 0 0 1024 0 0 0 0 0 0 0 27 997 0 0 
0 0 0 0 393 631 0 0 0 0 0 0 1024 0 0 0 0 0 0 0 112 912 0 0 
0 0 0 0 285 739 0 0 0 0 0 0 1022 2 0 0 0 0 0 0 59 965 0 0 
0 0 0 0 286 738 0 0 0 0 0 0 1023 1 0 0 0 0 0 0 152 872 0 0 
0 0 0 0 405 619 0 0 0 0 0 0 1024 0 0 0 0 0 0 0 139 885 0 0 
0 0 0 0 443 581 0 0 0 0 0 0 1024 0 0 0 0 0 0 0 162 862 0 0 
0 0 0 0 676 348 0 0 0 0 0 0 1024 0 0 0 0 0 0 0 192 832 0 0 
0 0 0 0 826 198 0 0 0 0 0 0 1023 1 0 0 0 0 0 0 260 764 0 0 
0 0 0 0 691 239 3 91 0 0 0 0 908 20 3 93 0 0 0 0 287 641 3 93 
0 0 0 7 495 74 8 440 0 0 0 17 537 21 13 436 0 0 0 3 183 389 7 442 
0 0 0 0 1024 0 0 0 0 0 0 283 741 0 0 0 0 0 0 1 875 148 0 0 
0 0 0 287 737 0 0 0 0 0 0 1010 14 0 0 0 0 0 0 90 934 0 0 0 
0 0 0 398 624 1 1 0 0 0 1 1020 2 0 1 0 0 0 0 1016 6 1 0 1 
0 0 0 4 1020 0 0 0 0 0 0 1024 0 0 0 0 0 0 0 950 74 0 0 0 
0 0 0 0 1024 0 0 0 0 0 0 806 218 0 0 0 0 0 0 714 310 0 0 0 
0 0 0 0 1016 8 0 0 0 0 0 310 714 0 0 0 0 0 0 370 647 7 0 0 
0 0 0 0 854 168 1 1 0 0 0 44 917 61 1 1 0 0 0 182 669 171 1 1 
0 0 0 2 680 192 8 142 0 0 0 1 817 57 6 143 0 0 0 15 703 153 11 142 
0 0 0 0 378 455 12 179 0 0 0 0 751 83 12 178 0 0 0 0 518 316 10 180 
0 0 0 0 412 434 9 169 0 0 0 3 803 42 7 169 0 0 0 3 710 135 7 169 
0 0 0 0 756 243 1 24 0 0 0 5 992 2 3 22 0 0 0 6 970 23 3 22 
0 0 0 0 840 184 0 0 0 0 0 7 1017 0 0 0 0 0 0 16 987 21 0 0 
0 0 0 0 920 104 0 0 0 0 0 23 1001 0 0 0 0 0 0 4 1009 11 0 0 
0 0 0 0 989 35 0 0 0 0 0 68 956 0 0 0 0 0 0 29 986 9 0 0 
0 0 0 0 1019 5 0 0 0 0 0 183 841 0 0 0 0 0 0 69 948 7 0 0 
0 0 0 0 1024 0 0 0 0 0 0 303 721 0 0 0 0 0 0 68 956 0 0 0 
0 0 0 40 984 0 0 0 0 0 1 382 641 0 0 0 0 0 0 159 864 1 0 0 
0 0 1 54 725 11 5 228 0 0 0 394 391 5 5 229 0 0 1 225 558 7 4 229 
0 0 0 67 811 11 8 127 0 0 2 617 265 8 6 126 0 0 1 218 660 11 7 127 
0 0 0 409 615 0 0 0 0 0 14 1010 0 0 0 0 0 0 0 789 235 0 0 0 
0 0 0 253 674 7 7 83 0 0 5 905 17 6 9 82 0 0 453 465 8 8 8 82 
0 0 0 68 863 4 11 78 0 0 4 911 16 5 10 78 0 0 172 751 9 7 7 78 
0 0 0 56 870 5 9 84 0 0 3 860 63 8 7 83 0 0 30 888 10 8 6 82 
0 0 0 38 893 11 10 72 0 0 0 698 238 7 11 70 0 0 13 913 11 8 10 69 
0 0 0 28 903 11 9 73 0 0 0 449 488 5 10 72 0 0 3 906 29 5 9 72 
0 0 0 5 1017 1 0 1 0 0 0 511 511 1 0 1 0 0 2 955 65 1 0 1 
0 0 0 14 1004 6 0 0 0 0 0 298 726 0 0 0 0 0 11 742 271 0 0 0 
0 0 0 23 949 51 0 1 0 0 6 290 726 1 0 1 0 0 14 641 367 1 0 1 
0 0 0 40 790 69 7 118 0 0 6 346 544 3 10 115 0 0 11 594 292 2 11 114 
0 0 0 47 837 46 9 85 0 0 4 383 539 5 10 83 0 0 6 588 332 6 11 81 
0 0 0 48 796 53 7 120 0 0 2 305 584 9 5 119 0 0 4 531 357 8 6 118 
0 0 0 29 985 7 0 3 0 0 2 743 276 0 0 3 0 0 2 853 166 0 0 3 
0 0 0 20 1004 0 0 0 0 0 1 975 48 0 0 0 0 0 0 948 76 0 0 0 
0 0 0 24 1000 0 0 0 0 0 0 1022 2 0 0 0 0 0 0 1010 14 0 0 0 
0 0 0 0 1024 0 0 0 0 0 0 1024 0 0 0 0 0 0 23 1001 0 0 0 0 
0 0 0 14 1010 0 0 0 0 0 0 1023 1 0 0 0 0 0 105 918 1 0 0 0 
0 0 3 108 590 10 7 306 0 0 7 648 45 10 10 304 0 0 68 610 24 9 10 303 
0 0 0 716 269 1 2 36 0 0 19 966 0 2 1 36 0 0 296 688 1 2 1 36 
0 0 14 374 570 8 6 52 0 0 55 899 8 4 7 51 0 12 870 73 9 6 9 45 
0 0 16 174 773 5 8 48 0 0 70 886 8 5 8 47 0 21 819 119 5 8 7 45 
0 0 1 90 899 1 6 27 0 0 45 934 11 3 4 27 0 12 691 285 3 6 6 21 
0 0 4 86 866 9 7 52 0 0 28 902 31 7 6 50 0 2 334 620 6 8 10 44 
0 0 1 72 854 29 7 61 0 0 17 651 282 6 9 59 0 5 146 792 10 8 16 47 
0 0 0 90 800 22 12 100 0 0 22 704 178 11 12 97 0 4 135 762 8 11 16 88 
0 0 0 51 837 57 9 70 0 0 9 501 427 10 9 68 0 1 64 865 10 9 9 66 
0 0 0 39 868 41 10 66 0 0 0 511 434 5 8 66 0 0 55 883 10 6 6 64 
0 0 0 37 861 60 6 60 0 0 4 723 224 7 6 60 0 0 68 879 5 7 6 59 
0 0 1 43 901 16 7 56 0 0 9 898 51 5 7 54 0 1 85 871 4 4 9 50 
0 0 0 9 1004 5 0 6 0 0 1 941 75 1 0 6 0 0 125 888 4 1 0 6 
0 0 0 23 853 31 7 110 0 0 1 768 131 7 7 110 0 0 184 711 8 8 6 107 
0 0 0 38 845 32 6 103 0 0 0 783 125 9 5 102 0 0 148 756 6 8 4 102 
0 0 0 33 897 8 8 78 0 0 9 890 37 2 8 78 0 0 257 675 5 5 5 77 
0 0 0 0 1024 0 0 0 0 0 0 1022 2 0 0 0 0 0 765 259 0 0 0 0 
0 0 0 33 991 0 0 0 0 0 0 1024 0 0 0 0 0 0 939 85 0 0 0 0 
0 0 1 375 643 0 1 4 0 0 1 1015 3 0 1 4 0 0 935 83 1 0 1 4 
0 0 9 423 320 7 8 257 0 0 29 714 9 6 12 254 0 2 530 212 11 5 12 252 
0 0 0 11 1010 3 0 0 0 0 0 873 151 0 0 0 0 0 648 376 0 0 0 0 
0 0 0 5 1018 1 0 0 0 0 0 747 277 0 0 0 0 0 581 443 0 0 0 0 
0 0 0 1 960 63 0 0 0 0 0 578 446 0 0 0 0 0 543 481 0 0 0 0 
0 0 0 2 867 155 0 0 0 0 0 543 481 0 0 0 0 0 568 456 0 0 0 0 
0 0 0 0 789 235 0 0 0 0 0 521 503 0 0 0 0 0 596 428 0 0 0 0 
0 0 0 9 780 233 0 2 0 0 5 550 466 1 0 2 0 0 683 338 1 0 1 1 
0 0 0 38 699 234 6 47 0 0 14 533 422 6 2 47 0 4 718 245 3 6 10 38 
0 0 0 35 780 157 6 46 0 0 7 621 339 6 6 45 0 5 785 172 9 7 9 37 
0 0 1 46 859 66 5 47 0 0 21 814 132 7 6 44 0 10 692 262 7 4 7 42 
0 0 5 96 849 23 3 48 0 0 40 890 36 8 3 47 0 26 782 154 8 6 15 33 
0 0 20 240 639 20 10 95 0 1 109 773 30 7 12 92 2 54 751 100 11 6 30 70 
0 0 10 83 785 77 7 62 0 0 58 771 106 23 7 59 0 31 716 179 27 5 15 51 
0 0 9 86 867 8 8 46 0 0 57 875 35 3 8 46 0 29 845 91 4 6 8 41 
0 0 1 56 834 106 2 25 0 0 23 813 132 30 3 23 0 2 713 228 53 2 7 19 
0 0 2 152 775 6 4 85 0 0 32 884 16 4 4 84 0 1 844 85 3 3 8 80 
0 0 10 142 705 131 3 33 0 2 39 728 201 19 2 33 0 10 657 232 87 4 3 31 
0 0 0 848 176 0 0 0 0 0 239 784 1 0 0 0 0 1 1013 10 0 0 0 0 
0 0 7 775 182 3 2 55 0 0 244 662 57 4 2 55 0 2 809 151 4 2 2 54 
0 0 3 21 308 688 4 0 0 2 7 96 915 4 0 0 0 6 78 938 2 0 0 0 
0 0 1 3 161 838 17 4 0 0 4 14 983 21 2 0 1 4 10 1004 5 0 0 0 
0 0 0 6 59 932 22 5 0 0 3 46 915 55 5 0 0 3 25 986 10 0 0 0 
0 0 0 2 51 878 91 2 0 0 2 28 778 216 0 0 0 2 30 987 5 0 0 0 
0 0 0 3 27 818 171 5 0 0 3 7 694 316 4 0 0 3 13 983 25 0 0 0 
0 0 0 2 18 796 203 5 0 0 2 8 640 370 4 0 0 2 14 984 24 0 0 0 
0 0 0 5 34 805 174 6 0 0 6 15 694 305 4 0 0 6 29 971 18 0 0 0 
0 0 1 3 29 756 230 5 0 1 3 14 685 318 3 0 1 4 63 946 10 0 0 0 
0 1 3 13 206 732 69 0 0 3 10 41 870 98 2 0 1 12 256 750 5 0 0 0 
0 5 76 33 734 173 3 0 2 30 75 335 577 5 0 0 9 87 650 272 6 0 0 0 
0 1 14 24 864 121 0 0 1 1 19 629 374 0 0 0 1 18 547 458 0 0 0 0 
0 0 7 115 193 709 0 0 0 53 115 76 666 114 0 0 29 139 28 633 195 0 0 0 
0 0 8 175 563 278 0 0 0 27 275 281 441 0 0 0 21 284 139 579 1 0 0 0 
0 0 0 0 130 894 0 0 0 0 0 37 919 68 0 0 0 0 0 827 197 0 0 0 
0 0 0 0 908 116 0 0 0 0 0 331 693 0 0 0 0 0 109 915 0 0 0 0 
0 0 0 0 427 597 0 0 0 0 0 1 1013 10 0 0 0 0 0 907 117 0 0 0 
0 4 21 84 915 0 0 0 3 19 27 655 320 0 0 0 7 20 285 712 0 0 0 0 
0 0 3 94 917 8 2 0 0 3 13 905 97 5 1 0 1 2 170 842 5 4 0 0 
0 2 12 45 47 711 207 0 1 5 37 57 594 330 0 0 3 30 68 914 9 0 0 0 
0 0 6 21 39 587 371 0 0 2 22 37 381 582 0 0 2 18 37 940 27 0 0 0 
0 0 6 22 35 293 665 3 0 3 17 38 51 914 1 0 2 19 40 743 220 0 0 0 
0 1 1 15 39 231 735 2 0 2 11 41 39 931 0 0 2 13 49 738 222 0 0 0 
0 0 2 8 29 148 830 7 0 0 6 27 25 964 2 0 0 9 29 635 351 0 0 0 
0 0 2 10 30 119 856 7 0 0 5 27 36 954 2 0 0 8 33 686 297 0 0 0 
0 0 5 14 28 21 938 18 0 2 13 25 23 959 2 0 3 18 26 693 284 0 0 0 
0 0 1 15 27 82 868 31 0 0 12 25 24 951 12 0 1 18 29 728 247 1 0 0 
0 1 7 33 43 716 220 4 0 4 31 30 555 402 2 0 4 35 32 916 37 0 0 0 
3 62 155 330 398 75 1 0 14 112 288 386 223 1 0 0 68 279 502 174 0 1 0 0 
3 41 83 278 612 7 0 0 17 58 192 535 221 1 0 0 42 131 450 400 1 0 0 0 
0 0 22 179 702 121 0 0 0 42 382 157 443 0 0 0 34 397 119 474 0 0 0 0 
0 0 10 108 736 170 0 0 0 9 656 156 203 0 0 0 5 743 75 201 0 0 0 0 
0 0 16 22 408 578 0 0 0 8 29 25 960 2 0 0 0 36 16 970 2 0 0 0 
0 3 15 54 621 330 1 0 0 8 60 90 865 1 0 0 3 61 56 898 6 0 0 0 
1 3 22 145 786 64 3 0 5 16 194 173 634 2 0 0 26 195 112 691 0 0 0 0 
0 4 126 323 557 14 0 0 3 35 315 403 268 0 0 0 23 182 350 469 0 0 0 0 
0 0 0 117 907 0 0 0 0 0 0 1024 0 0 0 0 0 0 217 807 0 0 0 0 
0 0 7 114 183 720 0 0 0 5 113 177 729 0 0 0 0 82 212 730 0 0 0 0 
0 0 2 91 327 604 0 0 0 0 89 323 611 1 0 0 0 55 351 618 0 0 0 0 
0 0 0 72 398 551 3 0 0 0 75 406 404 139 0 0 0 52 428 544 0 0 0 0 
0 0 0 47 467 501 9 0 0 0 51 501 157 315 0 0 0 38 514 468 4 0 0 0 
0 0 0 41 395 564 24 0 0 0 38 408 243 327 8 0 0 27 401 535 7 18 35 1 
0 0 0 21 427 542 34 0 0 0 29 312 486 197 0 0 0 25 552 445 2 0 0 0 
0 0 0 20 220 699 85 0 0 0 24 103 739 158 0 0 0 20 438 559 7 0 0 0 
0 0 0 35 136 802 51 0 0 0 39 99 824 62 0 0 0 30 334 657 3 0 0 0 
0 0 0 28 183 812 1 0 0 0 26 152 845 1 0 0 0 21 271 731 1 0 0 0 
14 35 36 41 437 432 17 12 21 39 37 298 584 27 15 3 23 47 350 541 32 18 10 3 
0 5 13 42 454 493 14 3 0 10 38 310 632 30 4 0 6 23 314 647 22 10 2 0 
8 35 36 92 511 328 14 0 25 37 85 477 386 14 0 0 35 83 527 357 19 3 0 0 
7 12 44 283 478 191 9 0 10 22 188 590 207 7 0 0 21 105 595 283 20 0 0 0 
2 1 32 318 518 144 9 0 2 11 280 565 162 4 0 0 8 171 623 218 4 0 0 0 
1 1 35 298 619 64 6 0 2 8 261 683 66 4 0 0 11 156 783 74 0 0 0 0 
0 5 87 643 286 3 0 0 0 40 528 449 7 0 0 0 8 245 753 18 0 0 0 0 
0 13 238 601 172 0 0 0 1 113 688 222 0 0 0 0 18 382 621 3 0 0 0 0 
0 20 109 436 459 0 0 0 1 66 234 723 0 0 0 0 21 129 838 36 0 0 0 0 
0 0 3 29 992 0 0 0 0 2 17 1005 0 0 0 0 0 9 1011 4 0 0 0 0 
0 0 0 0 1024 0 0 0 0 0 0 1024 0 0 0 0 0 0 947 77 0 0 0 0 
0 0 0 0 1024 0 0 0 0 0 0 1024 0 0 0 0 0 0 720 304 0 0 0 0 
0 0 0 0 1021 3 0 0 0 0 0 972 52 0 0 0 0 0 513 511 0 0 0 0 
13 58 19 45 657 172 57 3 21 55 26 441 306 126 49 0 17 63 143 568 60 74 96 3 
6 78 69 64 670 120 17 0 8 56 85 413 387 66 9 0 12 66 264 562 85 24 11 0 
0 0 37 121 552 158 156 0 0 0 153 144 580 147 0 0 0 35 217 754 18 0 0 0 
0 15 22 66 340 340 230 11 1 9 58 190 551 200 8 7 6 26 185 709 78 7 9 4 
22 46 54 110 241 421 129 1 40 38 104 133 580 124 5 0 42 59 187 455 141 132 8 0 
2 5 44 92 395 413 73 0 3 15 92 223 633 58 0 0 4 48 203 486 135 145 3 0 
0 0 14 55 728 188 39 0 0 1 40 624 333 26 0 0 2 21 131 683 181 6 0 0 
0 0 0 167 803 50 4 0 0 0 0 928 96 0 0 0 0 0 340 670 14 0 0 0 
0 0 85 503 429 7 0 0 0 8 309 655 52 0 0 0 0 20 648 356 0 0 0 0 
0 0 26 284 711 3 0 0 0 10 203 806 5 0 0 0 4 52 934 34 0 0 0 0 
0 0 74 694 256 0 0 0 0 44 676 304 0 0 0 0 17 221 776 10 0 0 0 0 
0 0 5 635 384 0 0 0 0 3 606 415 0 0 0 0 0 123 900 1 0 0 0 0 
0 0 0 110 914 0 0 0 0 0 32 992 0 0 0 0 0 0 1024 0 0 0 0 0 
0 0 0 456 568 0 0 0 0 0 23 992 9 0 0 0 0 0 1007 12 5 0 0 0 
26 50 96 257 501 39 35 20 33 53 128 659 77 20 35 19 30 84 530 255 51 16 30 28 
60 97 60 72 467 213 44 11 44 62 83 499 151 141 30 14 34 85 281 352 131 86 28 27 
0 16 454 13 410 104 27 0 0 233 247 392 130 16 1 5 1 410 164 434 8 1 1 5 
0 2 121 11 205 543 142 0 0 33 98 159 532 189 13 0 2 95 60 795 31 41 0 0 
0 0 1 8 75 664 276 0 0 0 7 19 587 407 4 0 0 2 24 686 110 130 71 1 
0 0 15 14 164 681 148 2 0 5 15 63 415 519 7 0 1 5 183 287 193 72 282 1 
0 0 43 72 496 265 147 1 0 0 105 56 406 443 14 0 0 14 97 360 225 56 272 0 
0 0 1 2 814 137 70 0 0 0 1 67 673 282 1 0 0 1 1 616 140 101 165 0 
2 4 43 121 803 51 0 0 2 5 54 486 430 47 0 0 3 5 58 775 61 92 30 0 
0 0 13 192 818 1 0 0 0 0 8 923 93 0 0 0 0 0 151 767 75 31 0 0 
0 0 0 26 998 0 0 0 0 0 0 1019 5 0 0 0 0 0 660 364 0 0 0 0 
0 0 1 251 772 0 0 0 0 0 128 896 0 0 0 0 0 2 771 251 0 0 0 0 
0 1 149 724 150 0 0 0 0 78 686 260 0 0 0 0 8 171 803 42 0 0 0 0 
0 0 70 898 56 0 0 0 0 56 816 152 0 0 0 0 6 138 873 7 0 0 0 0 
0 0 0 382 642 0 0 0 0 0 336 688 0 0 0 0 0 0 843 181 0 0 0 0 
0 0 0 56 968 0 0 0 0 0 0 1024 0 0 0 0 0 0 993 31 0 0 0 0 
0 0 0 634 390 0 0 0 0 0 0 1024 0 0 0 0 0 0 1020 4 0 0 0 0 
0 0 2 901 107 14 0 0 0 0 93 886 30 15 0 0 0 0 965 13 14 32 0 0 
7 26 21 150 229 507 84 0 14 19 72 270 397 252 0 0 12 26 276 431 38 209 8 24 
22 95 25 47 195 499 137 4 27 88 39 99 248 503 15 5 25 49 92 240 102 220 42 254 
4 21 45 42 210 511 190 1 0 35 36 145 170 573 65 0 0 38 39 267 87 204 64 325 
0 0 0 17 502 372 133 0 0 0 0 133 390 462 39 0 0 0 0 474 70 130 144 206 
0 0 0 12 773 223 16 0 0 0 0 76 692 228 28 0 0 0 0 746 15 16 198 49 
0 0 0 1 986 37 0 0 0 0 0 158 841 21 4 0 0 0 0 987 10 5 21 1 
0 0 0 0 1019 5 0 0 0 0 0 498 526 0 0 0 0 0 0 1022 2 0 0 0 
0 0 0 0 1019 5 0 0 0 0 0 845 179 0 0 0 0 0 0 1024 0 0 0 0 
0 0 33 216 775 0 0 0 0 0 59 951 14 0 0 0 0 0 83 917 24 0 0 0 
0 2 19 333 670 0 0 0 0 4 26 905 89 0 0 0 0 2 146 805 68 3 0 0 
0 0 19 488 517 0 0 0 0 23 204 768 29 0 0 0 0 70 499 455 0 0 0 0 
0 0 58 714 252 0 0 0 0 60 359 605 0 0 0 0 0 135 561 328 0 0 0 0 
0 0 5 597 422 0 0 0 0 5 179 839 1 0 0 0 0 5 547 472 0 0 0 0 
0 0 0 136 888 0 0 0 0 0 26 998 0 0 0 0 0 0 152 872 0 0 0 0 
0 0 0 1 1023 0 0 0 0 0 0 1024 0 0 0 0 0 0 58 966 0 0 0 0 
0 0 0 84 940 0 0 0 0 0 0 1024 0 0 0 0 0 0 278 746 0 0 0 0 
0 0 0 730 294 0 0 0 0 0 1 1023 0 0 0 0 0 0 646 378 0 0 0 0 
0 0 4 981 29 10 0 0 0 2 111 890 14 7 0 0 0 2 896 106 0 20 0 0 
23 7 12 96 761 119 6 0 23 4 26 524 39 378 30 0 13 13 57 480 25 37 87 312 
0 0 0 34 900 81 9 0 0 0 3 822 73 96 30 0 0 0 18 853 20 7 24 102 
0 0 0 4 1020 0 0 0 0 0 0 794 230 0 0 0 0 0 1 1011 12 0 0 0 
0 0 0 2 1022 0 0 0 0 0 0 650 374 0 0 0 0 0 0 1018 6 0 0 0 
0 0 0 3 1021 0 0 0 0 0 0 823 201 0 0 0 0 0 0 1023 1 0 0 0 
0 0 0 2 1022 0 0 0 0 0 0 998 26 0 0 0 0 0 0 1007 17 0 0 0 
0 0 0 3 1020 1 0 0 0 0 0 886 138 0 0 0 0 0 0 970 54 0 0 0 
0 0 0 35 985 4 0 0 0 0 0 659 365 0 0 0 0 0 0 951 73 0 0 0 
0 2 5 273 744 0 0 0 0 4 105 851 64 0 0 0 0 3 211 806 4 0 0 0 
0 0 24 478 522 0 0 0 0 3 258 763 0 0 0 0 0 27 311 675 11 0 0 0 
0 0 0 191 833 0 0 0 0 1 54 969 0 0 0 0 0 23 85 914 2 0 0 0 
0 0 0 47 977 0 0 0 0 0 0 765 259 0 0 0 0 0 18 968 38 0 0 0 
0 0 0 0 1024 0 0 0 0 0 0 822 202 0 0 0 0 0 1 996 27 0 0 0 
0 0 0 0 1024 0 0 0 0 0 0 1010 14 0 0 0 0 0 0 1021 3 0 0 0 
0 0 0 2 1022 0 0 0 0 0 0 1024 0 0 0 0 0 0 0 1023 1 0 0 0 
0 0 0 22 1002 0 0 0 0 0 0 1024 0 0 0 0 0 0 2 1021 1 0 0 0 
0 0 0 556 468 0 0 0 0 0 0 1024 0 0 0 0 0 0 14 1010 0 0 0 0 
0 0 0 1017 7 0 0 0 0 0 33 991 0 0 0 0 0 0 354 670 0 0 0 0 
