0 0 0 1 608 415 0 0 0 0 0 1 612 411 0 0 0 0 0 1 600 423 0 0 
0 0 0 0 75 949 0 0 0 0 0 0 77 947 0 0 0 0 0 0 76 948 0 0 
0 0 0 0 7 734 283 0 0 0 0 0 7 734 283 0 0 0 0 0 7 734 283 0 
0 1 36 26 35 361 565 0 0 1 38 25 35 356 569 0 0 0 38 26 34 358 567 1 
0 0 13 12 30 450 488 31 0 0 13 12 26 440 503 30 0 0 12 12 23 439 508 30 
0 0 0 0 0 7 650 367 0 0 0 0 0 7 650 367 0 0 0 0 0 7 650 367 
0 0 0 0 0 2 375 647 0 0 0 0 0 2 375 647 0 0 0 0 0 2 375 647 
0 0 0 0 0 0 239 785 0 0 0 0 0 0 239 785 0 0 0 0 0 0 239 785 
0 0 0 0 0 8 356 660 0 0 0 0 0 8 356 660 0 0 0 0 0 8 356 660 
0 0 0 0 0 0 307 717 0 0 0 0 0 0 307 717 0 0 0 0 0 0 307 717 
0 0 0 4 3 2 394 621 0 0 0 5 2 2 394 621 0 0 0 4 3 2 393 622 
0 0 4 38 45 326 380 231 0 0 10 36 43 323 393 219 0 0 2 36 43 311 401 231 
0 0 0 0 0 9 722 293 0 0 0 0 0 9 722 293 0 0 0 0 0 9 722 293 
0 0 0 0 0 18 962 44 0 0 0 0 0 18 962 44 0 0 0 0 0 18 962 44 
0 0 0 0 0 179 845 0 0 0 0 0 0 179 845 0 0 0 0 0 0 179 845 0 
0 0 0 0 0 79 945 0 0 0 0 0 0 79 945 0 0 0 0 0 0 79 945 0 
0 0 0 0 0 576 448 0 0 0 0 0 0 576 448 0 0 0 0 0 0 576 448 0 
0 0 0 5 75 935 9 0 0 0 0 5 77 933 9 0 0 0 0 5 75 935 9 0 
0 0 0 4 632 388 0 0 0 0 0 4 645 375 0 0 0 0 0 1 638 385 0 0 
0 0 0 0 59 964 1 0 0 0 0 0 59 964 1 0 0 0 0 0 59 964 1 0 
0 0 0 0 4 792 228 0 0 0 0 0 4 792 228 0 0 0 0 0 4 792 228 0 
0 0 0 0 0 374 650 0 0 0 0 0 0 374 650 0 0 0 0 0 0 374 650 0 
0 0 15 14 18 190 787 0 0 0 15 14 16 191 788 0 0 0 15 13 16 191 789 0 
0 0 25 16 45 469 469 0 0 0 23 19 48 464 470 0 0 0 22 19 37 476 470 0 
0 0 0 0 0 94 930 0 0 0 0 0 0 94 930 0 0 0 0 0 0 94 930 0 
0 0 0 0 0 5 1018 1 0 0 0 0 0 5 1018 1 0 0 0 0 0 5 1018 1 
0 0 0 0 0 24 996 4 0 0 0 0 0 24 996 4 0 0 0 0 0 23 997 4 
0 0 0 0 0 68 954 2 0 0 0 0 0 68 954 2 0 0 0 0 0 68 954 2 
0 0 0 0 0 9 1015 0 0 0 0 0 0 9 1015 0 0 0 0 0 0 9 1015 0 
0 0 6 58 79 332 546 3 0 0 10 57 80 329 547 1 0 0 4 57 82 330 547 4 
0 0 0 0 3 179 842 0 0 0 0 0 3 179 842 0 0 0 0 0 3 179 842 0 
0 0 0 0 0 216 808 0 0 0 0 0 0 216 808 0 0 0 0 0 0 216 808 0 
0 0 0 0 30 519 475 0 0 0 0 0 30 519 475 0 0 0 0 0 30 519 475 0 
0 0 0 0 0 806 218 0 0 0 0 0 0 806 218 0 0 0 0 0 0 806 218 0 
0 0 0 0 9 1002 13 0 0 0 0 0 9 1002 13 0 0 0 0 0 9 1002 13 0 
0 0 0 103 288 633 0 0 0 0 1 99 292 632 0 0 0 0 1 100 291 632 0 0 
0 7 58 279 680 0 0 0 0 3 62 239 720 0 0 0 0 2 65 240 717 0 0 0 
0 1 37 123 511 352 0 0 0 1 33 108 530 352 0 0 0 1 35 112 523 353 0 0 
0 0 0 0 278 745 1 0 0 0 0 0 277 746 1 0 0 0 0 0 277 746 1 0 
0 0 0 0 45 946 33 0 0 0 0 0 45 946 33 0 0 0 0 0 45 946 33 0 
0 0 0 0 22 945 57 0 0 0 0 0 22 945 57 0 0 0 0 0 22 945 57 0 
0 0 6 6 50 833 129 0 0 0 6 6 50 833 129 0 0 0 6 6 50 827 135 0 
0 0 28 25 61 827 83 0 0 0 27 26 62 828 81 0 0 0 27 26 62 828 81 0 
0 0 4 4 106 642 268 0 0 0 4 4 106 642 268 0 0 0 4 4 102 646 268 0 
0 0 0 0 0 609 415 0 0 0 0 0 0 609 415 0 0 0 0 0 0 609 415 0 
0 0 0 0 16 747 261 0 0 0 0 0 16 747 261 0 0 0 0 0 16 747 261 0 
0 0 0 0 30 762 232 0 0 0 0 0 30 762 232 0 0 0 0 0 30 762 232 0 
0 0 13 39 69 708 195 0 0 0 11 41 67 710 195 0 0 0 5 45 62 713 199 0 
0 0 4 14 177 693 136 0 0 0 4 14 177 693 136 0 0 0 4 11 178 695 136 0 
0 0 0 0 1 977 46 0 0 0 0 0 1 979 44 0 0 0 0 0 1 978 45 0 
0 0 0 3 207 814 0 0 0 0 0 3 208 813 0 0 0 0 0 3 208 813 0 0 
0 0 0 0 316 708 0 0 0 0 0 0 328 696 0 0 0 0 0 0 319 705 0 0 
0 0 11 40 597 376 0 0 0 0 11 40 597 376 0 0 0 0 11 40 597 376 0 0 
0 0 2 179 807 36 0 0 0 0 3 178 813 30 0 0 0 0 2 178 807 37 0 0 
0 0 5 659 360 0 0 0 0 0 11 624 389 0 0 0 0 0 7 639 378 0 0 0 
0 0 16 417 591 0 0 0 0 0 14 360 650 0 0 0 0 0 15 384 625 0 0 0 
0 1 48 348 590 37 0 0 0 0 42 308 637 37 0 0 0 0 46 316 625 37 0 0 
0 0 63 234 523 204 0 0 0 0 57 232 531 204 0 0 0 0 61 230 529 204 0 0 
0 0 12 74 603 335 0 0 0 0 12 74 603 335 0 0 0 0 12 74 603 335 0 0 
0 0 0 0 558 466 0 0 0 0 0 0 558 466 0 0 0 0 0 0 558 466 0 0 
0 0 0 12 575 437 0 0 0 0 0 12 575 437 0 0 0 0 0 12 575 437 0 0 
0 0 25 58 658 283 0 0 0 0 25 52 666 281 0 0 0 0 24 55 661 284 0 0 
0 0 19 143 357 505 0 0 0 0 19 127 369 509 0 0 0 0 19 131 368 506 0 0 
0 0 0 13 413 598 0 0 0 0 0 13 413 598 0 0 0 0 0 13 413 598 0 0 
0 0 0 26 577 421 0 0 0 0 0 26 572 426 0 0 0 0 0 26 574 424 0 0 
0 0 0 1 565 458 0 0 0 0 0 1 569 454 0 0 0 0 0 3 563 458 0 0 
0 23 68 216 572 145 0 0 0 20 72 211 582 139 0 0 0 21 72 212 577 142 0 0 
0 5 10 9 700 273 11 16 0 5 7 44 690 250 12 16 0 5 8 34 695 249 17 16 
0 0 0 81 830 55 12 46 0 0 1 98 831 39 11 44 0 0 3 109 820 38 11 43 
5 123 27 68 720 20 13 48 4 133 24 79 716 16 13 39 2 130 24 81 719 13 13 42 
5 117 138 286 424 7 6 41 3 125 134 289 421 7 5 40 3 126 135 288 415 11 9 37 
0 4 13 255 532 37 29 154 0 8 17 308 497 26 40 128 0 15 25 322 477 35 35 115 
0 31 485 508 0 0 0 0 0 25 573 426 0 0 0 0 0 29 560 435 0 0 0 0 
47 110 270 596 1 0 0 0 50 122 288 563 1 0 0 0 55 114 294 560 1 0 0 0 
12 50 179 716 32 23 12 0 14 58 198 694 43 17 0 0 22 79 216 688 19 0 0 0 
23 93 149 649 65 4 12 29 24 99 151 670 36 7 12 25 45 90 173 651 22 12 7 24 
45 77 305 487 62 15 17 16 24 92 325 504 40 21 7 11 23 118 333 486 43 7 6 8 
0 76 150 322 339 29 19 89 0 86 147 358 310 22 23 78 0 118 149 371 273 25 24 64 
48 313 175 188 282 7 4 7 11 341 181 191 283 6 4 7 9 344 189 196 271 6 5 4 
11 133 234 242 319 34 22 29 4 129 250 250 326 31 15 19 7 134 253 265 317 22 10 16 
0 53 181 245 296 82 26 141 0 76 183 253 312 38 27 135 0 112 194 272 257 34 36 119 
2 396 257 254 109 4 1 1 0 409 251 256 102 4 2 0 0 411 266 241 100 4 2 0 
0 127 220 243 330 44 15 45 0 137 228 251 298 52 16 42 0 149 248 245 279 57 16 30 
0 4 222 260 284 72 26 156 0 3 232 338 230 48 21 152 0 5 275 395 140 41 22 146 
0 291 219 248 205 23 10 28 0 300 217 284 168 19 15 21 0 302 219 353 95 20 13 22 
0 176 199 244 304 12 9 80 0 200 184 280 263 8 9 80 0 218 177 296 237 12 4 80 
0 37 126 440 315 11 10 85 0 52 116 490 266 6 10 84 0 71 117 505 231 10 9 81 
15 303 243 241 163 20 8 31 15 330 238 260 125 21 9 26 28 323 235 281 103 20 11 23 
15 271 242 359 135 2 0 0 24 288 228 377 105 2 0 0 25 282 243 364 108 2 0 0 
0 316 386 292 21 9 0 0 0 354 430 225 15 0 0 0 1 339 511 171 2 0 0 0 
182 564 220 39 19 0 0 0 123 692 173 30 6 0 0 0 147 709 156 12 0 0 0 0 
21 609 252 61 54 27 0 0 33 652 211 74 54 0 0 0 52 674 190 100 8 0 0 0 
33 803 164 12 9 2 1 0 37 857 115 10 4 1 0 0 51 913 53 7 0 0 0 0 
14 284 489 194 21 11 11 0 13 316 520 145 18 12 0 0 38 332 571 76 7 0 0 0 
1 370 531 122 0 0 0 0 1 348 554 121 0 0 0 0 2 237 684 101 0 0 0 0 
0 181 647 149 28 17 2 0 1 202 693 97 22 9 0 0 1 206 725 83 9 0 0 0 
1 50 220 230 523 0 0 0 9 53 215 299 448 0 0 0 9 60 213 380 362 0 0 0 
0 39 528 308 149 0 0 0 0 34 536 308 146 0 0 0 3 19 565 300 137 0 0 0 
0 56 497 205 261 5 0 0 0 56 526 179 262 1 0 0 1 64 553 152 254 0 0 0 
0 99 94 131 674 26 0 0 0 100 106 144 674 0 0 0 0 101 119 145 659 0 0 0 
0 20 180 299 479 46 0 0 0 21 182 298 523 0 0 0 0 22 183 302 517 0 0 0 
0 96 260 260 332 76 0 0 0 102 264 252 388 18 0 0 0 107 311 213 392 1 0 0 
0 173 75 16 605 149 0 6 0 186 71 18 717 26 0 6 0 202 56 16 742 2 6 0 
0 167 52 28 622 137 7 11 0 175 55 17 724 36 6 11 0 192 41 16 749 15 10 1 
2 92 78 337 340 153 7 15 1 97 82 340 439 43 8 14 7 92 82 333 468 27 12 3 
9 205 81 103 541 61 7 17 21 221 125 74 557 5 6 15 90 233 84 40 557 5 15 0 
41 176 76 95 580 4 6 46 83 175 118 37 559 2 17 33 110 248 42 25 554 36 9 0 
7 161 517 215 82 15 14 13 16 186 586 160 44 19 2 11 49 167 610 144 41 7 6 0 
51 910 63 0 0 0 0 0 27 979 18 0 0 0 0 0 33 982 9 0 0 0 0 0 
0 648 248 45 31 51 1 0 0 691 235 28 50 20 0 0 0 751 192 44 37 0 0 0 
6 830 188 0 0 0 0 0 6 890 128 0 0 0 0 0 7 923 94 0 0 0 0 0 
33 244 456 248 41 2 0 0 37 323 511 150 3 0 0 0 38 397 529 60 0 0 0 0 
17 332 569 89 17 0 0 0 18 227 724 54 1 0 0 0 16 171 805 32 0 0 0 0 
0 167 821 36 0 0 0 0 0 210 792 22 0 0 0 0 0 229 781 14 0 0 0 0 
16 119 139 204 383 156 5 2 9 174 234 102 492 13 0 0 18 200 249 117 440 0 0 0 
15 135 550 264 33 23 4 0 22 144 582 263 9 4 0 0 18 167 609 227 3 0 0 0 
0 164 714 119 27 0 0 0 8 241 662 106 7 0 0 0 48 295 592 85 4 0 0 0 
15 195 356 200 124 78 22 34 14 339 342 142 113 35 11 28 40 459 289 118 85 11 22 0 
0 221 165 145 206 282 5 0 2 243 148 143 319 168 1 0 5 221 161 158 435 44 0 0 
0 71 640 279 27 1 2 4 0 102 749 144 22 2 1 4 0 210 711 78 19 3 3 0 
0 109 424 342 108 18 13 10 4 173 595 204 23 14 1 10 10 297 540 153 13 1 10 0 
0 411 278 106 53 128 26 22 0 417 330 62 57 136 3 19 0 490 289 56 75 98 16 0 
0 178 124 161 283 213 55 10 2 211 119 152 293 234 6 7 15 241 88 150 347 174 9 0 
43 351 313 259 54 3 1 0 51 516 388 64 2 2 1 0 125 684 186 27 1 1 0 0 
36 265 359 249 43 26 21 25 41 436 410 56 32 21 8 20 136 626 180 42 12 20 8 0 
0 44 525 262 57 42 92 2 0 146 619 116 54 87 2 0 13 337 543 104 18 7 2 0 
43 807 167 7 0 0 0 0 9 887 121 7 0 0 0 0 20 882 117 5 0 0 0 0 
0 711 147 134 22 10 0 0 0 732 170 102 14 6 0 0 0 741 169 99 14 1 0 0 
16 818 146 39 5 0 0 0 1 866 118 36 3 0 0 0 3 882 102 34 3 0 0 0 
2 632 206 184 0 0 0 0 0 667 202 155 0 0 0 0 0 696 318 10 0 0 0 0 
0 272 574 121 44 12 1 0 0 168 686 118 39 12 1 0 0 130 722 121 40 11 0 0 
0 484 475 52 13 0 0 0 0 505 459 51 9 0 0 0 0 478 486 52 8 0 0 0 
83 230 105 49 90 467 0 0 14 304 114 40 442 110 0 0 6 334 109 45 530 0 0 0 
129 150 507 44 78 64 36 16 31 245 511 43 82 61 35 16 6 272 508 44 81 62 35 16 
30 252 613 58 52 18 1 0 62 243 635 43 39 1 1 0 102 219 631 35 35 1 1 0 
320 188 262 157 78 19 0 0 234 321 266 176 26 1 0 0 209 418 374 20 2 1 0 0 
226 250 143 142 24 65 69 105 141 349 158 111 29 62 69 105 35 466 145 116 26 61 79 96 
0 5 442 230 239 80 20 8 2 133 471 206 164 24 17 7 11 175 520 183 91 20 17 7 
46 390 155 108 171 151 3 0 8 341 338 92 171 71 3 0 10 236 471 119 108 74 6 0 
57 323 182 81 21 139 135 86 5 279 302 61 58 176 56 87 6 185 410 53 120 113 50 87 
0 49 59 56 97 265 296 202 0 77 44 73 140 365 130 195 1 94 66 84 197 270 115 197 
5 332 230 156 112 163 26 0 7 311 294 183 173 50 6 0 30 419 280 123 139 33 0 0 
51 283 246 143 143 109 49 0 46 181 402 233 110 42 10 0 59 384 400 156 19 4 2 0 
1 141 425 101 115 87 143 11 0 215 383 151 147 115 4 9 0 256 609 106 33 7 2 11 
243 613 67 60 22 15 4 0 169 686 74 59 23 9 4 0 178 682 72 63 22 6 1 0 
9 774 100 71 37 20 8 5 7 785 94 71 37 19 10 1 7 786 93 73 36 18 10 1 
73 778 74 57 22 15 5 0 46 808 76 56 20 16 2 0 50 805 76 57 24 11 1 0 
103 859 54 8 0 0 0 0 16 955 48 5 0 0 0 0 13 968 40 3 0 0 0 0 
87 524 219 99 43 20 15 17 3 526 301 96 51 19 15 13 0 451 379 97 49 22 17 9 
3 759 128 60 42 22 7 3 2 753 137 66 41 19 4 2 3 673 226 63 41 15 2 1 
1 33 130 655 92 89 24 0 0 37 135 706 92 51 3 0 0 48 207 704 64 1 0 0 
0 20 435 312 116 51 32 58 0 19 436 319 111 50 33 56 0 19 438 320 108 49 32 58 
0 131 467 135 170 75 35 11 0 96 513 134 190 55 25 11 2 84 544 173 165 40 7 9 
83 460 83 154 128 73 43 0 59 435 134 152 175 42 27 0 30 265 368 188 140 33 0 0 
33 460 123 84 74 103 65 82 16 414 188 91 70 94 75 76 8 282 327 95 75 86 68 83 
0 16 400 108 345 69 72 14 0 16 410 102 367 72 46 11 0 14 415 115 378 63 28 11 
70 270 250 49 298 50 36 1 0 147 443 50 316 51 17 0 0 23 565 56 342 37 1 0 
28 265 282 113 232 46 42 16 5 127 438 111 245 42 43 13 3 24 548 104 262 50 23 10 
0 13 134 310 142 108 172 145 0 14 151 300 154 94 175 136 0 17 155 302 142 112 142 154 
0 310 229 324 63 49 49 0 4 203 350 328 64 47 28 0 1 77 521 287 83 53 2 0 
3 407 291 243 49 7 24 0 2 272 429 246 49 20 6 0 2 93 606 282 15 26 0 0 
0 345 211 214 87 63 94 10 0 417 152 252 74 109 19 1 3 346 233 247 145 39 9 2 
52 888 84 0 0 0 0 0 7 941 76 0 0 0 0 0 40 913 71 0 0 0 0 0 
4 883 134 3 0 0 0 0 0 900 121 3 0 0 0 0 0 899 122 3 0 0 0 0 
31 894 94 5 0 0 0 0 3 918 100 3 0 0 0 0 18 900 99 7 0 0 0 0 
118 892 14 0 0 0 0 0 4 1016 4 0 0 0 0 0 0 1021 3 0 0 0 0 0 
75 599 326 24 0 0 0 0 22 596 383 23 0 0 0 0 20 439 535 30 0 0 0 0 
0 873 108 43 0 0 0 0 0 848 133 43 0 0 0 0 0 770 214 40 0 0 0 0 
0 59 146 485 68 140 126 0 0 62 184 535 243 0 0 0 139 305 195 385 0 0 0 0 
0 8 468 527 21 0 0 0 0 1 468 540 15 0 0 0 0 4 478 530 12 0 0 0 
0 251 509 146 118 0 0 0 1 195 564 141 123 0 0 0 7 171 581 154 111 0 0 0 
5 523 189 105 202 0 0 0 4 416 297 116 191 0 0 0 15 212 497 142 158 0 0 0 
1 410 218 176 212 7 0 0 0 265 360 157 233 9 0 0 0 105 522 149 236 12 0 0 
0 106 470 138 307 3 0 0 0 102 475 141 303 3 0 0 0 99 471 149 302 3 0 0 
0 327 240 61 396 0 0 0 0 198 366 61 399 0 0 0 0 136 422 63 403 0 0 0 
0 94 403 191 336 0 0 0 0 36 455 201 332 0 0 0 0 13 475 207 329 0 0 0 
0 55 472 156 225 108 8 0 0 70 460 154 216 113 11 0 0 77 457 159 188 126 17 0 
9 389 332 258 36 0 0 0 5 348 384 252 35 0 0 0 8 184 548 258 26 0 0 0 
12 414 259 309 30 0 0 0 11 351 317 323 22 0 0 0 16 151 507 332 18 0 0 0 
33 507 245 186 17 11 19 6 61 512 222 183 16 17 13 0 75 497 234 191 17 10 0 0 
236 741 47 0 0 0 0 0 328 658 38 0 0 0 0 0 349 638 37 0 0 0 0 0 
211 745 68 0 0 0 0 0 290 675 59 0 0 0 0 0 352 617 55 0 0 0 0 0 
133 822 66 3 0 0 0 0 158 796 67 3 0 0 0 0 185 772 67 0 0 0 0 0 
251 697 76 0 0 0 0 0 242 709 73 0 0 0 0 0 309 647 68 0 0 0 0 0 
136 600 267 21 0 0 0 0 78 633 301 12 0 0 0 0 101 513 392 18 0 0 0 0 
117 783 78 46 0 0 0 0 99 795 84 46 0 0 0 0 177 692 111 44 0 0 0 0 
93 467 129 291 32 12 0 0 77 520 311 106 10 0 0 0 174 732 50 68 0 0 0 0 
20 334 380 161 129 0 0 0 6 329 397 157 135 0 0 0 22 316 402 150 134 0 0 0 
14 532 395 38 33 12 0 0 9 528 404 39 33 11 0 0 24 495 422 38 35 10 0 0 
173 481 370 0 0 0 0 0 128 565 331 0 0 0 0 0 123 563 338 0 0 0 0 0 
182 519 107 15 53 148 0 0 154 526 129 15 57 143 0 0 137 384 287 19 52 145 0 0 
0 198 700 21 46 30 25 4 1 202 695 21 48 28 25 4 3 223 672 22 51 25 26 2 
39 303 653 17 12 0 0 0 19 292 699 13 1 0 0 0 21 247 749 7 0 0 0 0 
1 438 574 11 0 0 0 0 8 392 624 0 0 0 0 0 10 244 770 0 0 0 0 0 
0 317 333 41 67 67 122 77 1 385 271 36 70 71 135 55 1 445 213 35 66 70 130 64 
137 611 276 0 0 0 0 0 128 703 193 0 0 0 0 0 141 647 236 0 0 0 0 0 
87 669 268 0 0 0 0 0 72 788 164 0 0 0 0 0 95 577 352 0 0 0 0 0 
39 768 130 40 35 11 1 0 36 866 34 42 39 6 1 0 77 811 48 42 41 5 0 0 
192 831 1 0 0 0 0 0 224 800 0 0 0 0 0 0 500 524 0 0 0 0 0 0 
81 935 8 0 0 0 0 0 40 984 0 0 0 0 0 0 213 811 0 0 0 0 0 0 
193 810 21 0 0 0 0 0 71 945 8 0 0 0 0 0 208 816 0 0 0 0 0 0 
78 929 17 0 0 0 0 0 30 990 4 0 0 0 0 0 103 921 0 0 0 0 0 0 
79 706 239 0 0 0 0 0 55 785 184 0 0 0 0 0 82 776 166 0 0 0 0 0 
66 669 289 0 0 0 0 0 43 758 223 0 0 0 0 0 80 779 165 0 0 0 0 0 
12 458 553 1 0 0 0 0 0 530 494 0 0 0 0 0 9 584 431 0 0 0 0 0 
24 332 519 122 27 0 0 0 15 368 510 105 26 0 0 0 29 407 484 79 25 0 0 0 
27 456 524 15 2 0 0 0 9 503 495 15 2 0 0 0 29 509 469 16 1 0 0 0 
60 406 553 5 0 0 0 0 15 508 501 0 0 0 0 0 10 536 478 0 0 0 0 0 
97 425 306 77 82 37 0 0 52 484 293 84 76 35 0 0 22 514 299 80 74 35 0 0 
1 221 657 115 11 14 5 0 1 241 659 93 12 13 5 0 3 247 666 81 9 16 2 0 
6 445 573 0 0 0 0 0 0 504 520 0 0 0 0 0 0 538 486 0 0 0 0 0 
8 606 410 0 0 0 0 0 0 658 366 0 0 0 0 0 0 668 356 0 0 0 0 0 
0 183 363 181 69 101 93 34 0 195 394 151 65 102 85 32 0 210 404 135 61 98 86 30 
2 444 566 12 0 0 0 0 0 504 520 0 0 0 0 0 1 536 487 0 0 0 0 0 
63 777 184 0 0 0 0 0 11 877 136 0 0 0 0 0 59 868 97 0 0 0 0 0 
8 680 320 9 7 0 0 0 35 733 241 8 7 0 0 0 56 777 179 7 5 0 0 0 
46 977 1 0 0 0 0 0 32 992 0 0 0 0 0 0 224 800 0 0 0 0 0 0 
0 979 45 0 0 0 0 0 0 1023 1 0 0 0 0 0 20 1004 0 0 0 0 0 0 
0 779 245 0 0 0 0 0 0 879 145 0 0 0 0 0 0 995 29 0 0 0 0 0 
0 220 804 0 0 0 0 0 0 345 679 0 0 0 0 0 0 614 410 0 0 0 0 0 
0 138 886 0 0 0 0 0 0 175 849 0 0 0 0 0 0 270 754 0 0 0 0 0 
0 1 1015 8 0 0 0 0 0 8 1016 0 0 0 0 0 0 73 951 0 0 0 0 0 
0 0 703 321 0 0 0 0 0 0 1004 20 0 0 0 0 0 0 1024 0 0 0 0 0 
0 0 767 257 0 0 0 0 0 0 983 41 0 0 0 0 0 0 1020 4 0 0 0 0 
0 0 818 206 0 0 0 0 0 0 960 64 0 0 0 0 0 7 1017 0 0 0 0 0 
0 0 652 372 0 0 0 0 0 0 795 229 0 0 0 0 0 2 1021 1 0 0 0 0 
0 0 542 469 13 0 0 0 0 0 714 297 13 0 0 0 0 0 810 209 5 0 0 0 
0 0 596 428 0 0 0 0 0 0 792 232 0 0 0 0 0 0 883 141 0 0 0 0 
0 0 888 136 0 0 0 0 0 0 1009 15 0 0 0 0 0 0 1024 0 0 0 0 0 
0 0 702 322 0 0 0 0 0 2 985 37 0 0 0 0 0 12 1012 0 0 0 0 0 
0 0 19 633 279 85 5 3 0 0 127 584 250 55 2 6 5 11 385 370 204 49 0 0 
0 0 240 578 61 67 68 10 0 0 569 265 43 64 57 26 66 167 747 44 0 0 0 0 
0 0 699 159 46 47 60 13 0 3 805 61 39 42 59 15 79 198 723 23 1 0 0 0 
0 0 691 143 33 51 96 10 0 7 786 46 33 47 83 22 109 273 621 21 0 0 0 0 
14 916 94 0 0 0 0 0 0 978 46 0 0 0 0 0 25 984 15 0 0 0 0 0 
0 695 329 0 0 0 0 0 0 753 271 0 0 0 0 0 0 869 155 0 0 0 0 0 
0 109 871 44 0 0 0 0 0 239 774 11 0 0 0 0 0 515 509 0 0 0 0 0 
0 0 832 192 0 0 0 0 0 4 901 119 0 0 0 0 0 106 848 70 0 0 0 0 
0 0 708 316 0 0 0 0 0 0 847 177 0 0 0 0 0 1 890 133 0 0 0 0 
0 0 695 329 0 0 0 0 0 0 815 209 0 0 0 0 0 0 884 140 0 0 0 0 
0 0 132 776 116 0 0 0 0 0 321 623 80 0 0 0 0 0 735 285 4 0 0 0 
0 0 158 731 135 0 0 0 0 0 378 524 122 0 0 0 0 0 573 428 23 0 0 0 
0 0 191 685 148 0 0 0 0 0 341 555 128 0 0 0 0 0 677 287 60 0 0 0 
0 0 0 828 193 3 0 0 0 0 8 855 161 0 0 0 0 0 562 351 111 0 0 0 
0 0 8 840 176 0 0 0 0 0 53 808 163 0 0 0 0 0 492 401 131 0 0 0 
0 0 10 826 188 0 0 0 0 0 87 776 161 0 0 0 0 0 518 383 123 0 0 0 
0 0 22 774 225 3 0 0 0 0 157 687 180 0 0 0 0 0 571 339 114 0 0 0 
0 0 3 827 194 0 0 0 0 0 96 770 158 0 0 0 0 0 562 370 92 0 0 0 
0 0 0 812 212 0 0 0 0 0 0 845 179 0 0 0 0 0 239 686 99 0 0 0 
0 0 42 801 181 0 0 0 0 0 201 683 140 0 0 0 0 0 792 217 15 0 0 0 
0 0 234 684 106 0 0 0 0 0 740 253 31 0 0 0 0 2 860 162 0 0 0 0 
0 0 624 384 16 0 0 0 0 0 867 157 0 0 0 0 0 37 863 124 0 0 0 0 
