1024 0 0 0 0 0 0 0 1024 0 0 0 0 0 0 0 1024 0 0 0 0 0 0 0 
865 94 65 0 0 0 0 0 835 117 72 0 0 0 0 0 928 65 31 0 0 0 0 0 
492 298 127 107 0 0 0 0 544 462 18 0 0 0 0 0 733 287 4 0 0 0 0 0 
155 410 118 95 221 25 0 0 90 558 176 82 117 1 0 0 461 376 95 92 0 0 0 0 
0 1 3 83 586 342 9 0 1 5 23 277 630 88 0 0 6 39 467 497 15 0 0 0 
3 25 18 35 410 481 52 0 14 20 19 145 607 215 4 0 29 33 256 605 101 0 0 0 
56 67 28 20 346 418 85 4 57 77 22 49 519 267 32 1 110 44 106 591 150 21 2 0 
0 97 470 142 162 107 43 3 0 169 522 119 100 103 11 0 16 332 479 105 78 14 0 0 
0 0 657 301 66 0 0 0 0 0 739 244 41 0 0 0 0 14 675 334 1 0 0 0 
0 0 21 474 512 17 0 0 0 0 44 749 231 0 0 0 0 0 296 723 5 0 0 0 
0 34 518 111 177 167 17 0 0 171 437 175 223 8 10 0 0 329 387 290 5 10 3 0 
0 0 842 178 1 1 1 1 0 8 977 36 1 0 1 1 0 195 819 7 1 1 1 0 
1024 0 0 0 0 0 0 0 1024 0 0 0 0 0 0 0 1024 0 0 0 0 0 0 0 
847 106 60 8 3 0 0 0 868 86 60 9 1 0 0 0 888 79 47 10 0 0 0 0 
192 363 362 107 0 0 0 0 254 744 26 0 0 0 0 0 638 386 0 0 0 0 0 0 
182 228 148 282 155 27 2 0 279 369 284 81 10 1 0 0 470 445 93 14 1 1 0 0 
0 0 0 98 752 168 6 0 0 0 15 514 468 27 0 0 1 46 626 336 15 0 0 0 
341 147 20 44 302 165 5 0 427 79 27 111 337 43 0 0 490 38 187 294 15 0 0 0 
114 450 75 62 89 134 95 5 228 408 133 159 53 27 16 0 493 345 84 51 30 19 2 0 
0 434 206 150 170 4 40 20 7 508 324 120 1 22 42 0 19 745 181 15 2 26 36 0 
0 225 686 42 47 23 1 0 0 222 715 58 25 4 0 0 0 215 719 61 24 3 2 0 
0 18 42 145 765 35 19 0 1 21 63 620 306 12 1 0 0 10 169 772 62 8 2 1 
0 1 409 48 382 174 10 0 0 27 393 311 276 17 0 0 0 143 416 457 8 0 0 0 
0 0 1015 9 0 0 0 0 0 44 980 0 0 0 0 0 0 349 675 0 0 0 0 0 
1011 13 0 0 0 0 0 0 1011 13 0 0 0 0 0 0 1011 13 0 0 0 0 0 0 
951 50 21 2 0 0 0 0 950 50 22 2 0 0 0 0 955 58 9 2 0 0 0 0 
885 39 19 27 42 12 0 0 913 30 51 22 8 0 0 0 923 71 20 10 0 0 0 0 
527 341 31 33 51 41 0 0 705 192 41 75 11 0 0 0 821 122 70 10 1 0 0 0 
124 135 43 279 423 20 0 0 151 124 133 397 219 0 0 0 203 179 434 205 3 0 0 0 
559 184 88 52 106 35 0 0 628 235 42 41 75 3 0 0 754 142 55 68 5 0 0 0 
98 153 100 123 191 264 90 5 161 239 257 281 57 18 10 1 277 474 220 17 17 17 2 0 
3 260 204 157 142 112 134 12 10 398 241 158 167 37 13 0 70 519 255 125 37 9 9 0 
0 833 106 26 27 16 16 0 7 864 78 34 20 20 1 0 12 797 153 27 23 12 0 0 
0 263 176 241 288 33 21 2 0 242 283 388 82 24 5 0 2 185 405 366 37 21 6 2 
1 124 247 175 277 140 57 3 5 160 296 380 149 34 0 0 18 190 467 270 73 6 0 0 
0 12 644 323 32 9 4 0 0 41 776 177 24 6 0 0 0 99 775 95 37 18 0 0 
956 68 0 0 0 0 0 0 998 26 0 0 0 0 0 0 1021 3 0 0 0 0 0 0 
906 40 55 23 0 0 0 0 935 75 14 0 0 0 0 0 965 58 1 0 0 0 0 0 
965 20 17 20 2 0 0 0 961 23 16 21 3 0 0 0 974 16 22 12 0 0 0 0 
280 309 140 152 120 22 1 0 348 293 153 174 56 0 0 0 499 216 203 91 15 0 0 0 
654 264 90 14 2 0 0 0 783 179 53 9 0 0 0 0 852 136 30 6 0 0 0 0 
1005 19 0 0 0 0 0 0 1002 22 0 0 0 0 0 0 1024 0 0 0 0 0 0 0 
218 225 57 49 150 290 29 6 384 93 117 384 23 15 6 2 443 344 148 59 19 8 3 0 
0 9 158 48 379 427 3 0 8 76 585 328 20 7 0 0 21 731 218 39 13 2 0 0 
0 28 152 46 276 428 94 0 0 84 285 447 185 23 0 0 10 387 461 119 36 11 0 0 
0 40 139 221 117 237 189 81 0 60 130 320 312 109 51 42 2 84 336 355 139 46 49 13 
0 0 1 81 272 291 293 86 0 1 11 153 388 284 138 49 3 16 207 223 249 150 117 59 
0 0 0 242 218 240 261 63 0 0 8 300 134 220 269 93 0 0 100 225 126 203 276 94 
803 107 31 40 43 0 0 0 888 67 62 7 0 0 0 0 905 97 21 1 0 0 0 0 
443 196 124 218 43 0 0 0 552 304 163 5 0 0 0 0 704 291 29 0 0 0 0 0 
936 25 14 36 13 0 0 0 950 33 41 0 0 0 0 0 964 54 6 0 0 0 0 0 
706 210 42 27 36 3 0 0 767 174 41 38 4 0 0 0 825 145 37 17 0 0 0 0 
920 55 28 21 0 0 0 0 938 61 25 0 0 0 0 0 941 76 7 0 0 0 0 0 
812 212 0 0 0 0 0 0 786 238 0 0 0 0 0 0 883 141 0 0 0 0 0 0 
94 466 148 217 38 34 17 10 118 455 103 245 53 30 15 5 230 369 87 110 195 21 12 0 
0 1 59 259 321 323 61 0 0 5 64 264 354 312 25 0 0 15 67 273 367 290 12 0 
0 7 137 123 68 347 301 41 0 17 132 122 84 377 239 53 0 35 135 108 107 403 191 45 
0 18 55 49 61 141 585 115 0 13 55 47 52 192 548 117 0 3 59 46 56 255 507 98 
0 0 0 0 59 459 304 202 0 0 0 0 52 442 303 227 0 0 0 0 105 484 233 202 
0 0 0 0 40 131 161 692 0 0 0 0 40 127 163 694 0 0 0 2 61 147 141 673 
748 31 58 130 57 0 0 0 768 66 140 50 0 0 0 0 812 126 82 4 0 0 0 0 
534 186 141 138 19 6 0 0 605 266 91 45 13 4 0 0 702 233 49 27 11 2 0 0 
278 447 49 202 48 0 0 0 391 404 229 0 0 0 0 0 692 332 0 0 0 0 0 0 
181 497 166 86 90 4 0 0 280 524 105 99 15 1 0 0 543 342 100 34 4 1 0 0 
741 205 52 21 5 0 0 0 829 158 30 7 0 0 0 0 878 123 22 1 0 0 0 0 
649 313 40 15 5 2 0 0 670 324 21 4 5 0 0 0 769 234 16 4 1 0 0 0 
44 430 237 283 22 8 0 0 79 427 121 289 104 4 0 0 104 397 102 111 297 13 0 0 
0 0 22 300 272 362 68 0 0 0 4 192 587 217 24 0 0 0 7 121 682 198 16 0 
0 0 0 0 19 204 381 420 0 0 0 0 55 261 348 360 0 0 0 0 79 279 315 351 
0 0 0 0 0 0 3 1021 0 0 0 0 0 0 3 1021 0 0 0 0 0 0 3 1021 
0 0 0 0 0 0 0 1024 0 0 0 0 0 0 0 1024 0 0 0 0 0 0 0 1024 
0 0 0 0 0 5 18 1001 0 0 0 0 0 7 17 1000 0 0 0 0 1 16 23 984 
985 37 2 0 0 0 0 0 985 37 2 0 0 0 0 0 985 37 2 0 0 0 0 0 
707 310 7 0 0 0 0 0 690 326 8 0 0 0 0 0 772 248 4 0 0 0 0 0 
88 448 221 267 0 0 0 0 178 735 111 0 0 0 0 0 563 458 3 0 0 0 0 0 
95 552 277 82 18 0 0 0 138 695 139 52 0 0 0 0 325 611 83 5 0 0 0 0 
370 441 199 11 3 0 0 0 351 498 163 10 2 0 0 0 409 547 63 5 0 0 0 0 
5 148 645 167 51 7 1 0 19 187 648 149 18 3 0 0 66 252 607 89 10 0 0 0 
0 62 275 492 146 48 1 0 0 66 223 443 220 70 2 0 2 81 165 218 428 109 21 0 
0 0 44 645 125 168 42 0 0 0 0 224 644 120 36 0 0 0 0 88 522 389 25 0 
0 0 0 0 47 317 557 103 0 0 0 1 81 370 524 48 0 0 0 3 124 399 481 17 
0 0 0 0 4 32 361 627 0 0 0 0 7 59 396 562 0 0 0 0 18 102 407 497 
0 0 0 0 0 0 0 1024 0 0 0 0 0 0 0 1024 0 0 0 0 0 0 0 1024 
0 0 0 0 0 0 0 1024 0 0 0 0 0 0 0 1024 0 0 0 0 0 0 0 1024 
841 183 0 0 0 0 0 0 917 107 0 0 0 0 0 0 949 75 0 0 0 0 0 0 
1020 4 0 0 0 0 0 0 1020 4 0 0 0 0 0 0 1020 4 0 0 0 0 0 0 
413 502 97 12 0 0 0 0 764 247 13 0 0 0 0 0 897 127 0 0 0 0 0 0 
73 671 215 65 0 0 0 0 206 650 167 1 0 0 0 0 483 460 81 0 0 0 0 0 
304 467 212 41 0 0 0 0 304 499 189 32 0 0 0 0 311 567 140 6 0 0 0 0 
38 227 564 193 2 0 0 0 21 217 340 444 2 0 0 0 10 219 276 497 22 0 0 0 
11 419 460 89 40 5 0 0 11 419 460 89 40 5 0 0 11 419 460 89 40 5 0 0 
0 0 121 651 132 113 7 0 0 0 56 257 572 119 20 0 0 0 36 122 464 338 60 4 
0 9 81 100 158 304 351 21 0 0 47 133 195 354 291 4 0 0 4 131 284 408 197 0 
0 0 0 0 19 125 657 223 0 0 0 0 33 174 703 114 0 0 0 2 69 254 650 49 
0 0 0 0 0 0 67 957 0 0 0 0 0 0 103 921 0 0 0 0 0 0 137 887 
0 0 0 0 0 0 0 1024 0 0 0 0 0 0 0 1024 0 0 0 0 0 0 0 1024 
1018 6 0 0 0 0 0 0 1018 6 0 0 0 0 0 0 1018 6 0 0 0 0 0 0 
1024 0 0 0 0 0 0 0 1024 0 0 0 0 0 0 0 1024 0 0 0 0 0 0 0 
849 175 0 0 0 0 0 0 1016 8 0 0 0 0 0 0 1024 0 0 0 0 0 0 0 
302 601 71 50 0 0 0 0 442 491 61 30 0 0 0 0 606 347 66 5 0 0 0 0 
296 350 210 147 21 0 0 0 284 346 211 153 30 0 0 0 305 334 156 193 36 0 0 0 
0 23 998 3 0 0 0 0 0 0 370 654 0 0 0 0 0 0 14 996 14 0 0 0 
138 349 456 81 0 0 0 0 113 357 157 392 5 0 0 0 90 373 60 377 124 0 0 0 
0 188 212 435 124 62 3 0 0 196 187 209 349 72 11 0 0 143 258 173 236 200 14 0 
0 26 178 480 101 157 81 1 0 0 96 230 458 178 62 0 0 0 17 170 465 352 20 0 
0 0 1 34 161 468 352 8 0 0 4 59 178 508 272 3 0 0 12 89 234 515 173 1 
0 0 1 8 34 187 507 287 0 0 1 11 52 254 494 212 0 1 5 10 89 341 418 160 
0 0 0 0 0 17 161 846 0 0 0 0 0 45 144 835 0 0 0 0 2 103 87 832 
