0 56 901 36 31 0 0 0 0 87 894 13 30 0 0 0 72 902 18 31 1 0 0 0 
13 30 790 191 0 0 0 0 18 46 855 105 0 0 0 0 70 836 118 0 0 0 0 0 
5 36 689 294 0 0 0 0 9 55 820 140 0 0 0 0 89 833 102 0 0 0 0 0 
0 1 562 461 0 0 0 0 0 2 763 259 0 0 0 0 7 924 93 0 0 0 0 0 
11 17 227 768 1 0 0 0 13 19 334 657 1 0 0 0 65 442 515 1 1 0 0 0 
0 2 65 957 0 0 0 0 0 2 77 943 2 0 0 0 12 85 876 51 0 0 0 0 
0 0 0 1024 0 0 0 0 0 0 0 1024 0 0 0 0 0 0 940 84 0 0 0 0 
0 0 0 1009 15 0 0 0 0 0 0 1018 6 0 0 0 0 0 941 83 0 0 0 0 
0 0 59 940 25 0 0 0 0 0 66 949 9 0 0 0 2 64 847 111 0 0 0 0 
0 0 0 1015 9 0 0 0 0 0 0 1024 0 0 0 0 0 0 929 95 0 0 0 0 
0 0 0 1024 0 0 0 0 0 0 0 1024 0 0 0 0 0 0 917 107 0 0 0 0 
1 48 422 540 13 0 0 0 2 54 478 481 9 0 0 0 34 479 500 10 1 0 0 0 
1 58 793 156 14 2 0 0 4 75 842 91 10 2 0 0 105 844 68 7 0 0 0 0 
4 146 643 201 25 5 0 0 12 192 631 161 24 4 0 0 188 648 160 25 3 0 0 0 
2 19 596 398 9 0 0 0 3 33 740 244 4 0 0 0 23 675 324 2 0 0 0 0 
0 8 278 255 273 201 9 0 0 17 371 222 347 63 4 0 27 441 298 242 13 3 0 0 
0 0 255 251 310 208 0 0 0 0 352 221 394 57 0 0 3 424 351 244 2 0 0 0 
24 25 231 320 347 77 0 0 27 25 304 328 334 6 0 0 52 438 439 95 0 0 0 0 
116 67 137 359 334 11 0 0 133 57 220 307 303 4 0 0 186 422 380 36 0 0 0 0 
165 205 68 380 49 43 93 21 211 180 105 345 37 87 58 1 339 267 273 128 17 0 0 0 
1 5 0 352 313 34 121 198 2 4 0 383 297 71 229 38 6 8 661 164 182 3 0 0 
0 0 0 317 124 575 8 0 0 0 0 328 139 557 0 0 0 3 366 631 24 0 0 0 
0 0 0 281 331 412 0 0 0 0 0 310 376 338 0 0 0 0 430 589 5 0 0 0 
0 0 15 258 416 326 9 0 0 0 17 287 483 235 2 0 0 26 400 561 37 0 0 0 
0 0 0 251 176 535 61 1 0 0 0 277 238 482 27 0 0 5 296 602 121 0 0 0 
0 0 0 267 117 563 75 2 0 0 0 276 193 506 48 1 0 4 296 502 218 4 0 0 
0 13 48 387 171 353 52 0 0 13 79 373 227 311 21 0 18 113 371 425 94 3 0 0 
0 27 318 333 57 185 104 0 1 48 356 286 47 252 34 0 74 433 213 191 113 0 0 0 
25 390 382 155 42 20 10 0 59 397 364 136 44 16 8 0 393 402 173 40 15 1 0 0 
185 199 242 270 117 11 0 0 222 165 301 253 74 9 0 0 370 365 245 32 11 1 0 0 
0 0 25 334 525 127 13 0 0 0 77 516 395 33 3 0 23 309 520 149 23 0 0 0 
0 0 2 229 564 229 0 0 0 0 16 482 453 73 0 0 1 196 583 244 0 0 0 0 
21 42 30 255 552 124 0 0 23 50 32 469 425 25 0 0 68 222 595 139 0 0 0 0 
29 70 149 300 388 84 4 0 40 85 227 416 220 32 4 0 102 240 517 159 6 0 0 0 
22 67 70 133 389 342 1 0 32 96 128 380 379 9 0 0 119 151 350 397 7 0 0 0 
117 135 120 103 135 211 153 50 132 162 124 146 259 132 35 34 233 164 176 242 196 13 0 0 
0 4 7 77 289 508 123 16 0 3 16 142 298 506 58 1 3 41 263 546 135 36 0 0 
0 0 0 54 502 459 9 0 0 0 4 60 573 381 6 0 0 51 475 450 48 0 0 0 
0 0 49 89 606 251 29 0 0 0 59 121 655 182 7 0 10 86 492 389 47 0 0 0 
0 0 118 86 567 217 36 0 0 0 133 82 690 106 13 0 19 154 405 414 32 0 0 0 
0 0 15 87 513 358 51 0 0 0 19 84 701 204 16 0 0 72 259 624 69 0 0 0 
0 0 2 44 427 499 52 0 0 0 6 63 652 285 18 0 0 34 233 700 57 0 0 0 
6 4 8 419 310 234 43 0 9 1 19 534 226 223 12 0 13 377 334 238 60 2 0 0 
33 162 296 407 106 19 1 0 44 179 345 355 89 10 2 0 273 439 217 71 17 6 1 0 
25 84 143 410 299 59 4 0 35 88 202 408 255 33 3 0 139 379 340 149 12 5 0 0 
0 0 9 286 546 175 8 0 0 0 47 448 477 49 3 0 15 306 541 141 20 1 0 0 
0 0 4 217 675 126 2 0 0 0 18 466 493 47 0 0 6 241 677 98 2 0 0 0 
0 49 117 261 494 65 19 19 1 76 131 457 297 31 12 19 82 247 600 45 22 9 8 11 
0 1 144 628 239 12 0 0 0 52 501 442 29 0 0 0 35 361 590 38 0 0 0 0 
0 0 0 10 488 506 20 0 0 0 0 317 645 62 0 0 0 0 231 669 124 0 0 0 
10 12 51 92 113 247 495 4 10 37 105 113 234 519 6 0 14 66 151 227 545 18 3 0 
17 57 73 18 150 197 421 91 11 56 81 24 289 439 124 0 23 101 201 314 318 65 2 0 
0 0 0 0 249 760 15 0 0 0 0 1 369 653 1 0 0 1 353 668 2 0 0 0 
0 0 0 0 159 860 5 0 0 0 0 0 227 797 0 0 0 0 200 824 0 0 0 0 
0 0 0 0 134 888 2 0 0 0 0 0 162 862 0 0 0 0 145 878 1 0 0 0 
0 0 0 0 119 904 1 0 0 0 0 0 193 831 0 0 0 0 132 891 1 0 0 0 
0 0 0 0 53 969 2 0 0 0 0 0 256 768 0 0 0 0 116 906 2 0 0 0 
0 0 0 215 662 146 1 0 0 0 6 472 454 92 0 0 0 328 567 110 19 0 0 0 
0 0 120 581 296 26 1 0 0 0 257 525 225 17 0 0 61 465 274 178 44 2 0 0 
0 0 44 279 546 149 6 0 0 1 84 355 479 100 5 0 6 237 488 213 75 5 0 0 
0 0 1 116 331 553 23 0 0 0 14 191 536 267 16 0 2 131 366 498 21 6 0 0 
0 0 0 26 344 571 83 0 0 0 0 95 446 477 6 0 0 34 373 562 55 0 0 0 
0 32 321 252 271 128 20 0 2 270 153 365 119 112 3 0 223 360 304 126 11 0 0 0 
0 127 565 331 1 0 0 0 3 520 489 12 0 0 0 0 239 716 69 0 0 0 0 0 
0 19 13 295 438 239 20 0 0 24 241 494 255 10 0 0 0 147 532 319 26 0 0 0 
6 43 91 178 128 134 234 210 13 44 117 219 204 141 148 138 39 121 268 212 348 36 0 0 
57 75 74 70 101 126 72 449 67 96 72 103 145 59 40 442 154 85 156 120 121 288 55 45 
9 20 8 4 143 527 313 0 18 11 8 9 236 554 188 0 30 13 189 506 286 0 0 0 
170 8 51 81 110 558 46 0 170 10 54 80 276 401 33 0 205 65 221 434 99 0 0 0 
310 12 25 11 35 590 41 0 309 10 27 12 199 463 4 0 313 33 143 479 56 0 0 0 
40 19 31 34 132 720 47 1 40 19 32 42 332 523 36 0 54 51 264 556 92 7 0 0 
0 0 1 38 147 562 275 1 0 0 10 33 385 435 161 0 0 20 283 441 276 4 0 0 
0 0 0 36 618 365 5 0 0 0 0 154 676 194 0 0 0 98 645 258 23 0 0 0 
0 0 73 492 305 127 23 4 0 0 147 466 280 105 25 1 14 355 275 194 107 42 29 8 
0 0 21 153 380 385 77 8 0 0 29 193 444 292 62 4 0 84 328 348 168 74 20 2 
0 0 1 71 276 653 23 0 0 0 11 142 371 485 15 0 1 81 286 624 28 4 0 0 
42 35 35 90 245 432 145 0 44 32 33 120 313 463 19 0 66 56 318 470 114 0 0 0 
116 109 80 287 260 143 29 0 149 119 177 177 266 126 10 0 211 266 279 244 23 1 0 0 
0 0 2 288 525 203 6 0 0 13 238 551 186 36 0 0 16 394 509 97 8 0 0 0 
94 161 107 426 184 52 0 0 132 256 387 222 27 0 0 0 185 468 365 6 0 0 0 0 
0 6 34 63 211 504 137 69 2 9 54 97 431 287 112 32 13 94 292 489 105 31 0 0 
0 0 0 10 22 271 360 361 0 0 5 30 55 350 332 252 2 15 98 422 346 131 10 0 
164 64 37 28 162 366 199 4 171 64 37 70 234 264 181 3 208 71 240 227 266 9 3 0 
89 8 10 95 124 283 388 27 90 9 10 117 165 260 363 10 99 25 63 396 404 37 0 0 
649 21 7 12 9 17 255 54 650 19 8 13 9 25 280 20 669 7 14 32 275 25 2 0 
147 27 56 98 130 163 340 63 142 34 45 112 141 188 337 25 177 117 57 262 362 43 6 0 
2 1 3 66 130 357 436 29 3 0 5 74 182 458 285 17 4 6 56 550 360 48 0 0 
0 0 0 8 432 553 31 0 0 0 0 51 574 391 8 0 0 21 500 475 28 0 0 0 
0 6 107 458 293 124 29 7 0 6 174 467 251 106 14 6 9 260 390 201 105 40 14 5 
0 0 11 126 304 421 149 13 0 0 19 176 349 407 70 3 0 53 232 437 223 65 14 0 
0 1 20 80 260 626 37 0 0 15 20 147 375 446 21 0 18 86 273 603 37 7 0 0 
117 206 136 182 218 146 19 0 100 290 111 163 229 130 1 0 282 228 243 249 22 0 0 0 
83 82 124 645 88 2 0 0 100 112 342 365 103 2 0 0 207 634 156 27 0 0 0 0 
2 375 175 331 132 5 4 0 9 366 183 338 127 1 0 0 102 674 237 11 0 0 0 0 
20 326 247 100 92 88 151 0 116 298 226 110 66 76 132 0 169 426 179 82 157 11 0 0 
26 243 168 208 192 92 93 2 56 217 175 218 206 58 94 0 156 347 297 104 95 24 1 0 
6 49 69 176 351 274 89 10 38 55 111 234 318 183 83 2 121 217 352 228 88 18 0 0 
23 10 136 349 400 92 14 0 29 103 397 390 82 11 12 0 414 439 141 10 13 7 0 0 
0 0 1 251 446 256 70 0 0 0 27 283 432 280 2 0 2 44 43 790 145 0 0 0 
170 134 57 237 313 46 62 5 161 139 59 243 274 87 61 0 294 57 130 366 166 11 0 0 
43 40 43 272 479 84 53 10 30 50 48 284 472 85 52 3 83 70 125 514 211 19 2 0 
0 0 31 282 249 379 83 0 0 0 34 330 234 394 32 0 0 0 60 795 166 3 0 0 
0 0 0 19 481 508 16 0 0 0 3 75 611 335 0 0 0 38 535 440 11 0 0 0 
9 61 357 339 161 83 11 3 7 95 429 273 147 63 8 2 42 473 313 142 41 6 5 2 
0 33 143 211 258 325 50 4 0 37 186 237 263 291 9 1 17 224 324 361 91 6 1 0 
95 43 121 182 195 350 36 2 90 83 109 243 284 198 16 1 171 179 261 361 47 5 0 0 
99 366 195 354 10 0 0 0 106 403 423 92 0 0 0 0 291 713 20 0 0 0 0 0 
11 401 56 521 35 0 0 0 3 421 293 293 14 0 0 0 103 832 89 0 0 0 0 0 
19 618 93 257 37 0 0 0 11 625 148 178 62 0 0 0 48 780 190 6 0 0 0 0 
28 319 155 258 154 41 69 0 17 337 183 168 200 58 61 0 67 533 235 114 65 10 0 0 
63 247 44 67 79 136 387 1 65 251 44 47 95 291 231 0 92 252 106 197 363 14 0 0 
0 4 48 505 313 105 49 0 1 9 120 547 164 130 53 0 41 591 204 112 74 2 0 0 
25 28 30 145 208 290 297 1 21 27 32 278 200 196 249 21 39 314 179 103 152 236 1 0 
0 0 18 138 442 279 147 0 0 0 34 221 599 127 43 0 0 104 366 459 75 20 0 0 
0 0 9 19 870 91 35 0 0 0 7 21 872 112 12 0 0 0 84 913 25 2 0 0 
0 0 9 45 863 82 19 6 0 0 10 61 861 74 17 1 0 1 181 819 21 2 0 0 
0 0 19 188 289 484 44 0 0 0 24 243 296 453 8 0 0 31 245 670 77 1 0 0 
0 0 7 187 582 248 0 0 0 0 10 301 595 118 0 0 0 114 658 248 4 0 0 0 
62 153 315 303 131 54 5 1 58 165 375 251 137 32 6 0 165 501 219 104 25 7 2 1 
9 150 242 275 184 163 1 0 10 155 275 271 211 102 0 0 103 345 372 198 6 0 0 0 
91 93 340 270 122 106 2 0 106 332 118 278 161 29 0 0 429 175 288 115 17 0 0 0 
0 6 790 227 1 0 0 0 2 345 542 135 0 0 0 0 462 503 59 0 0 0 0 0 
0 0 658 355 11 0 0 0 0 39 542 412 31 0 0 0 107 667 240 10 0 0 0 0 
0 4 387 409 140 84 0 0 0 0 51 708 203 62 0 0 10 211 586 208 9 0 0 0 
110 237 245 296 127 9 0 0 132 284 248 252 86 22 0 0 334 484 145 58 3 0 0 0 
199 274 107 198 111 85 50 0 188 287 248 45 96 130 30 0 292 438 77 159 58 0 0 0 
102 68 98 538 136 62 20 0 121 77 392 257 99 69 9 0 245 542 126 88 23 0 0 0 
38 57 165 376 132 145 110 1 47 63 197 239 216 143 115 4 137 309 201 84 161 129 3 0 
0 1 15 254 350 295 106 3 0 1 10 323 329 249 104 8 1 73 510 134 214 91 1 0 
0 0 0 282 661 62 19 0 0 0 0 460 523 41 0 0 0 72 925 27 0 0 0 0 
0 0 0 337 599 76 12 0 0 0 0 524 438 62 0 0 0 65 924 35 0 0 0 0 
0 0 12 684 265 61 2 0 0 0 14 803 153 54 0 0 2 116 876 30 0 0 0 0 
0 0 24 454 527 19 0 0 0 0 42 664 313 5 0 0 1 301 669 53 0 0 0 0 
60 186 454 166 119 35 4 0 70 222 453 145 110 20 4 0 323 466 142 72 15 6 0 0 
11 158 315 332 194 14 0 0 14 198 297 392 114 9 0 0 186 394 409 35 0 0 0 0 
113 237 354 265 52 3 0 0 150 461 121 248 43 1 0 0 589 224 175 29 7 0 0 0 
0 245 779 0 0 0 0 0 4 966 41 13 0 0 0 0 964 60 0 0 0 0 0 0 
0 1 844 132 44 3 0 0 0 413 432 134 45 0 0 0 491 467 36 30 0 0 0 0 
0 0 152 352 339 181 0 0 0 46 434 39 419 86 0 0 94 402 71 451 6 0 0 0 
240 237 87 145 107 163 45 0 227 267 114 94 123 163 36 0 299 325 115 182 99 4 0 0 
149 185 208 455 27 0 0 0 196 243 420 162 3 0 0 0 473 538 11 2 0 0 0 0 
182 226 230 306 18 61 1 0 207 298 399 39 19 62 0 0 634 278 33 64 15 0 0 0 
42 239 263 88 358 34 0 0 35 224 253 134 340 37 1 0 110 375 422 72 41 4 0 0 
0 11 59 31 923 0 0 0 0 6 56 38 924 0 0 0 2 47 391 584 0 0 0 0 
0 0 0 0 1024 0 0 0 0 0 0 0 1024 0 0 0 0 0 72 952 0 0 0 0 
0 0 0 0 1024 0 0 0 0 0 0 0 1024 0 0 0 0 0 1 1023 0 0 0 0 
0 0 0 0 1024 0 0 0 0 0 0 0 1024 0 0 0 0 0 18 1006 0 0 0 0 
0 6 33 624 360 1 0 0 0 5 59 738 222 0 0 0 5 306 648 65 0 0 0 0 
131 148 452 190 86 16 1 0 115 193 491 148 66 10 1 0 304 548 114 39 12 6 1 0 
20 174 287 415 126 2 0 0 28 214 272 428 80 2 0 0 172 432 392 26 2 0 0 0 
