0 0 0 1024 0 0 0 0 0 0 0 1024 0 0 0 0 0 0 11 1013 0 0 0 0 
0 0 0 1024 0 0 0 0 0 0 0 1024 0 0 0 0 0 0 0 1024 0 0 0 0 
0 0 0 1024 0 0 0 0 0 0 0 1024 0 0 0 0 0 0 0 1024 0 0 0 0 
0 65 87 872 0 0 0 0 0 64 82 876 2 0 0 0 0 88 92 844 0 0 0 0 
0 79 161 617 167 0 0 0 0 80 156 584 204 0 0 0 0 117 151 750 6 0 0 0 
0 25 28 107 864 0 0 0 0 27 29 102 866 0 0 0 0 32 24 962 6 0 0 0 
0 0 0 7 1017 0 0 0 0 0 0 8 1016 0 0 0 0 0 0 909 115 0 0 0 
0 0 0 9 1015 0 0 0 0 0 0 4 1020 0 0 0 0 0 0 440 584 0 0 0 
0 1 106 69 848 0 0 0 0 1 104 70 849 0 0 0 0 12 119 131 762 0 0 0 
0 2 176 138 708 0 0 0 0 2 176 141 705 0 0 0 0 8 210 199 607 0 0 0 
0 0 169 73 782 0 0 0 0 0 172 71 781 0 0 0 0 16 183 84 741 0 0 0 
0 41 138 60 782 3 0 0 0 47 131 60 779 7 0 0 0 101 96 58 769 0 0 0 
0 6 13 10 857 138 0 0 0 11 8 12 705 288 0 0 0 12 10 10 992 0 0 0 
0 0 0 0 692 332 0 0 0 0 0 572 181 271 0 0 0 0 191 414 419 0 0 0 
0 0 0 0 329 695 0 0 0 0 0 985 39 0 0 0 0 0 106 918 0 0 0 0 
0 0 0 0 53 971 0 0 0 0 0 372 652 0 0 0 0 0 26 998 0 0 0 0 
0 0 0 0 0 1012 12 0 0 0 0 0 1022 2 0 0 0 0 0 1004 20 0 0 0 
0 0 0 0 0 396 628 0 0 0 0 0 814 210 0 0 0 0 0 381 643 0 0 0 
0 0 0 0 0 1 1023 0 0 0 0 0 63 961 0 0 0 0 0 1 1023 0 0 0 
0 0 0 0 0 8 1016 0 0 0 0 0 16 1008 0 0 0 0 0 5 1019 0 0 0 
0 0 1 759 246 18 0 0 0 0 0 404 586 34 0 0 0 0 5 438 548 33 0 0 
6 72 47 628 271 0 0 0 1 68 42 481 432 0 0 0 5 68 46 529 376 0 0 0 
7 323 193 340 158 3 0 0 2 143 358 340 178 2 1 0 3 172 349 335 161 3 1 0 
0 38 53 449 482 2 0 0 0 34 54 430 473 33 0 0 0 47 46 442 470 19 0 0 
0 0 0 522 502 0 0 0 0 0 0 510 493 21 0 0 0 0 0 583 441 0 0 0 
0 32 70 378 540 4 0 0 0 19 73 272 604 56 0 0 0 41 62 711 205 5 0 0 
0 23 123 100 738 40 0 0 0 20 125 93 631 155 0 0 0 85 83 533 216 107 0 0 
0 16 147 84 693 84 0 0 0 15 148 83 542 236 0 0 0 90 92 450 178 214 0 0 
0 2 47 40 836 99 0 0 0 1 48 37 807 131 0 0 0 5 48 450 413 108 0 0 
0 6 81 56 876 5 0 0 0 0 81 55 871 17 0 0 0 34 70 337 570 13 0 0 
0 0 104 129 791 0 0 0 0 0 105 128 790 1 0 0 0 12 135 254 623 0 0 0 
0 0 78 140 806 0 0 0 0 0 91 133 800 0 0 0 0 14 146 241 623 0 0 0 
0 0 51 173 767 33 0 0 0 0 95 164 756 9 0 0 0 28 170 159 667 0 0 0 
0 0 5 97 789 133 0 0 0 0 19 690 307 8 0 0 0 0 314 443 267 0 0 0 
0 0 0 0 153 871 0 0 0 0 0 679 345 0 0 0 0 0 23 1001 0 0 0 0 
0 0 0 0 2 1021 1 0 0 0 0 67 957 0 0 0 0 0 0 1022 2 0 0 0 
0 0 0 0 0 461 563 0 0 0 0 0 961 63 0 0 0 0 0 509 515 0 0 0 
0 0 0 0 0 25 999 0 0 0 0 0 499 525 0 0 0 0 0 38 986 0 0 0 
0 0 0 0 0 0 1024 0 0 0 0 0 45 979 0 0 0 0 0 1 1023 0 0 0 
0 0 0 0 0 1 1023 0 0 0 0 0 6 1018 0 0 0 0 0 0 1024 0 0 0 
0 86 80 383 474 1 0 0 0 67 85 124 745 3 0 0 0 89 78 149 706 2 0 0 
0 64 37 216 707 0 0 0 0 55 42 85 842 0 0 0 0 63 36 118 807 0 0 0 
0 11 141 223 649 0 0 0 0 8 48 236 732 0 0 0 0 10 70 252 692 0 0 0 
0 8 61 141 814 0 0 0 0 1 36 123 770 94 0 0 0 12 70 124 782 36 0 0 
0 68 53 79 808 16 0 0 0 56 55 67 683 163 0 0 0 70 52 79 751 72 0 0 
0 21 17 155 812 19 0 0 0 17 19 111 620 257 0 0 0 21 38 164 732 69 0 0 
0 9 43 60 641 271 0 0 0 1 46 57 190 730 0 0 0 13 50 63 425 473 0 0 
0 31 62 99 566 266 0 0 0 13 72 76 283 580 0 0 0 41 55 108 422 398 0 0 
0 37 68 112 360 447 0 0 0 15 79 87 209 634 0 0 0 41 73 121 275 514 0 0 
0 9 79 83 421 432 0 0 0 3 71 72 159 719 0 0 0 23 69 85 320 527 0 0 
20 87 170 311 375 32 9 20 50 187 176 217 304 69 4 17 57 245 181 213 297 11 5 15 
0 1 153 344 232 186 100 8 8 539 244 119 79 33 2 0 63 696 122 70 57 16 0 0 
0 0 38 164 228 215 281 98 12 249 287 210 229 37 0 0 64 420 221 246 73 0 0 0 
0 0 4 76 187 320 186 251 0 75 214 430 268 37 0 0 7 248 346 372 51 0 0 0 
0 0 0 0 14 915 51 44 0 0 23 128 843 30 0 0 0 16 32 934 42 0 0 0 
0 0 0 0 0 734 290 0 0 0 0 0 1022 2 0 0 0 0 0 878 146 0 0 0 
0 0 0 0 0 59 965 0 0 0 0 0 749 275 0 0 0 0 0 176 848 0 0 0 
0 0 0 0 0 9 1015 0 0 0 0 0 219 805 0 0 0 0 0 18 1006 0 0 0 
0 0 0 0 0 1 1023 0 0 0 0 0 16 1008 0 0 0 0 0 1 1023 0 0 0 
0 0 0 0 0 1 1023 0 0 0 0 0 4 1020 0 0 0 0 0 0 1023 1 0 0 
80 867 46 14 16 1 0 0 136 817 40 12 15 4 0 0 190 764 40 11 15 4 0 0 
26 852 107 27 12 0 0 0 29 864 94 21 16 0 0 0 78 831 86 18 11 0 0 0 
23 288 211 143 135 98 126 0 11 323 205 184 84 78 139 0 77 384 167 116 63 55 119 43 
14 475 139 146 128 34 88 0 15 498 136 132 98 51 94 0 46 515 152 82 106 26 59 38 
15 586 203 122 69 29 0 0 0 614 183 116 63 48 0 0 11 661 160 108 50 34 0 0 
0 11 341 342 308 22 0 0 0 45 469 268 183 59 0 0 0 369 245 236 158 16 0 0 
0 0 42 439 511 32 0 0 0 0 66 629 307 22 0 0 0 2 110 792 116 4 0 0 
0 0 22 93 291 138 287 193 0 0 17 65 275 153 191 323 0 0 20 120 252 134 180 318 
0 0 0 74 134 119 420 277 0 0 0 53 104 142 287 438 0 0 0 66 140 108 308 402 
0 5 69 310 414 179 30 17 0 16 91 317 364 179 55 2 1 44 152 315 330 134 48 0 
78 152 330 219 148 46 28 23 303 483 77 89 43 17 8 4 414 429 76 66 14 18 4 3 
0 59 396 278 154 112 22 3 142 635 202 34 7 4 0 0 332 607 73 8 4 0 0 0 
0 33 301 439 140 78 26 7 23 722 184 70 19 6 0 0 143 745 103 26 7 0 0 0 
70 469 333 124 28 0 0 0 411 598 15 0 0 0 0 0 549 471 4 0 0 0 0 0 
0 1 81 289 210 356 87 0 0 386 212 141 285 0 0 0 43 498 191 281 11 0 0 0 
0 0 0 0 0 156 868 0 0 0 0 2 995 27 0 0 0 0 1 494 529 0 0 0 
0 0 0 0 0 10 1014 0 0 0 0 0 426 598 0 0 0 0 0 57 967 0 0 0 
0 0 0 0 0 9 1015 0 0 0 0 0 143 881 0 0 0 0 0 15 1009 0 0 0 
0 0 0 0 0 4 1020 0 0 0 0 0 54 970 0 0 0 0 0 3 1021 0 0 0 
0 0 0 0 0 15 1009 0 0 0 0 0 51 973 0 0 0 0 0 7 1014 3 0 0 
661 363 0 0 0 0 0 0 739 285 0 0 0 0 0 0 841 183 0 0 0 0 0 0 
418 587 12 7 0 0 0 0 476 533 14 1 0 0 0 0 509 500 15 0 0 0 0 0 
0 140 99 97 68 120 481 19 0 118 134 97 78 110 487 0 0 112 112 118 70 84 392 136 
84 133 84 43 45 93 512 30 80 124 81 68 57 82 526 6 105 118 74 59 49 71 341 207 
276 427 73 188 33 27 0 0 284 431 143 111 31 24 0 0 285 535 144 30 30 0 0 0 
0 8 269 292 170 119 71 95 0 26 423 253 152 87 83 0 0 62 433 248 134 81 66 0 
0 0 0 173 548 198 66 39 0 0 0 284 494 210 36 0 0 0 10 498 308 197 11 0 
0 0 0 0 6 262 756 0 0 0 0 0 3 112 863 46 0 0 0 0 2 113 858 51 
0 0 0 0 0 76 948 0 0 0 0 0 0 0 935 89 0 0 0 0 0 0 912 112 
0 92 143 140 143 416 68 22 64 146 103 93 94 269 243 12 71 159 107 86 102 275 219 5 
15 262 169 122 246 145 37 28 274 245 100 198 161 31 13 2 313 214 134 223 110 22 7 1 
16 506 320 65 44 53 15 5 508 256 128 46 77 6 2 1 592 205 109 46 66 5 0 1 
0 583 409 29 3 0 0 0 284 730 10 0 0 0 0 0 703 316 5 0 0 0 0 0 
197 794 33 0 0 0 0 0 828 196 0 0 0 0 0 0 951 73 0 0 0 0 0 0 
2 76 268 264 209 129 38 38 75 555 298 64 19 10 3 0 236 583 118 54 27 6 0 0 
0 0 0 0 133 237 654 0 3 44 59 81 711 126 0 0 0 61 93 340 530 0 0 0 
0 0 0 0 0 0 1024 0 0 0 0 0 254 770 0 0 0 0 0 0 1024 0 0 0 
0 0 0 0 0 0 1024 0 0 0 0 0 32 992 0 0 0 0 0 0 1024 0 0 0 
0 0 0 0 0 0 1024 0 0 0 0 0 3 1021 0 0 0 0 0 0 1024 0 0 0 
0 0 0 0 0 0 1024 0 0 0 0 0 0 1024 0 0 0 0 0 0 1023 1 0 0 
842 182 0 0 0 0 0 0 884 140 0 0 0 0 0 0 934 90 0 0 0 0 0 0 
390 508 30 52 22 17 5 0 447 462 34 51 13 14 3 0 380 529 47 33 14 13 8 0 
0 167 76 123 86 275 297 0 0 152 95 129 79 215 354 0 15 161 143 57 69 121 450 8 
243 198 143 57 97 146 140 0 236 194 140 68 88 131 167 0 203 217 146 78 73 115 185 7 
600 152 73 138 33 28 0 0 615 163 72 116 31 27 0 0 579 237 145 29 33 1 0 0 
0 6 263 156 91 72 118 318 0 23 335 136 92 150 288 0 0 61 322 119 102 276 144 0 
65 78 85 26 194 369 78 129 75 76 77 32 192 442 130 0 82 76 77 27 248 475 39 0 
0 0 5 4 13 887 115 0 0 0 4 4 7 521 488 0 0 0 4 4 8 577 431 0 
0 0 0 0 0 775 249 0 0 0 0 0 0 15 1009 0 0 0 0 0 0 56 968 0 
0 100 152 115 295 166 196 0 309 211 63 44 56 67 274 0 109 422 57 49 52 77 258 0 
0 0 5 40 223 638 83 35 584 149 53 45 81 91 21 0 8 708 74 52 94 76 12 0 
16 341 268 119 72 54 122 32 185 472 261 72 17 11 6 0 72 618 242 62 14 12 4 0 
158 815 51 0 0 0 0 0 849 175 0 0 0 0 0 0 939 85 0 0 0 0 0 0 
537 435 52 0 0 0 0 0 877 147 0 0 0 0 0 0 963 61 0 0 0 0 0 0 
219 139 63 132 203 141 34 93 380 330 201 71 19 22 1 0 479 439 83 23 0 0 0 0 
0 9 31 31 101 258 422 172 46 79 173 290 381 55 0 0 118 333 214 144 215 0 0 0 
0 0 0 0 0 0 1024 0 0 0 0 0 370 654 0 0 0 0 0 5 1019 0 0 0 
0 0 0 0 0 0 1024 0 0 0 0 0 47 977 0 0 0 0 0 1 1023 0 0 0 
0 0 0 0 0 0 1024 0 0 0 0 0 0 1024 0 0 0 0 0 0 1024 0 0 0 
0 0 0 0 0 0 1024 0 0 0 0 0 3 1021 0 0 0 0 0 0 1024 0 0 0 
14 90 681 220 19 0 0 0 17 185 572 250 0 0 0 0 29 166 573 256 0 0 0 0 
0 56 529 439 0 0 0 0 0 73 715 236 0 0 0 0 0 93 701 230 0 0 0 0 
0 0 561 344 119 0 0 0 0 91 469 464 0 0 0 0 0 230 567 227 0 0 0 0 
1 255 297 337 130 4 0 0 0 356 214 448 6 0 0 0 13 400 340 266 5 0 0 0 
0 493 220 311 0 0 0 0 0 535 199 290 0 0 0 0 6 527 193 293 5 0 0 0 
0 5 142 469 113 79 174 42 0 25 173 519 105 176 26 0 0 36 186 503 145 154 0 0 
371 114 38 87 56 121 147 90 455 69 54 188 147 110 1 0 471 72 132 181 95 73 0 0 
155 251 93 49 70 193 114 99 294 168 86 93 213 168 2 0 287 196 132 188 59 160 2 0 
0 0 0 10 196 818 0 0 0 0 0 9 97 697 221 0 0 0 0 17 105 718 184 0 
0 14 72 128 143 547 120 0 204 97 19 15 22 235 432 0 84 219 20 16 23 272 390 0 
0 15 138 301 540 28 2 0 978 37 4 3 0 1 1 0 183 831 5 3 0 1 1 0 
6 283 94 272 217 122 22 8 726 279 0 4 2 4 5 4 519 482 4 4 2 4 7 2 
344 680 0 0 0 0 0 0 628 396 0 0 0 0 0 0 646 378 0 0 0 0 0 0 
209 659 156 0 0 0 0 0 755 269 0 0 0 0 0 0 904 120 0 0 0 0 0 0 
100 297 441 183 3 0 0 0 420 603 1 0 0 0 0 0 634 390 0 0 0 0 0 0 
2 456 230 119 153 47 17 0 448 408 128 40 0 0 0 0 738 274 12 0 0 0 0 0 
0 0 0 2 55 139 828 0 0 0 41 70 482 431 0 0 2 55 69 220 678 0 0 0 
0 0 0 0 0 4 1020 0 0 0 0 0 82 942 0 0 0 0 0 2 1022 0 0 0 
0 0 0 0 0 0 1024 0 0 0 0 0 10 1014 0 0 0 0 0 0 1023 1 0 0 
0 0 0 0 0 0 1024 0 0 0 0 0 5 1019 0 0 0 0 0 0 1024 0 0 0 
0 0 75 949 0 0 0 0 0 0 0 1011 13 0 0 0 0 0 0 852 172 0 0 0 
0 0 16 1008 0 0 0 0 0 0 0 692 332 0 0 0 0 0 0 467 557 0 0 0 
0 0 0 906 118 0 0 0 0 0 0 422 602 0 0 0 0 0 0 289 735 0 0 0 
0 0 0 590 434 0 0 0 0 0 0 199 825 0 0 0 0 0 0 115 909 0 0 0 
0 0 0 359 665 0 0 0 0 0 0 56 968 0 0 0 0 0 0 9 1015 0 0 0 
0 0 0 125 899 0 0 0 0 0 0 16 1008 0 0 0 0 0 0 1 1023 0 0 0 
12 26 34 40 216 81 133 482 46 58 52 182 635 51 0 0 71 71 204 518 157 3 0 0 
228 50 25 27 44 169 156 325 289 46 139 168 381 1 0 0 291 158 197 378 0 0 0 0 
0 0 1 307 265 55 68 328 0 0 0 201 795 28 0 0 0 0 15 647 358 4 0 0 
0 0 0 666 253 105 0 0 0 0 0 239 649 136 0 0 0 0 0 266 644 114 0 0 
0 0 63 663 186 111 1 0 298 110 115 377 105 19 0 0 245 196 95 311 165 12 0 0 
83 318 349 96 167 11 0 0 609 259 156 0 0 0 0 0 635 387 2 0 0 0 0 0 
86 266 113 159 382 18 0 0 278 327 418 1 0 0 0 0 383 641 0 0 0 0 0 0 
0 0 183 399 442 0 0 0 2 348 667 7 0 0 0 0 70 941 13 0 0 0 0 0 
193 597 227 7 0 0 0 0 833 191 0 0 0 0 0 0 964 60 0 0 0 0 0 0 
279 403 193 30 38 51 30 0 658 219 38 44 65 0 0 0 859 48 50 67 0 0 0 0 
0 0 0 0 0 19 1005 0 0 0 0 2 363 659 0 0 0 0 5 42 977 0 0 0 
0 0 0 0 0 28 996 0 0 0 0 0 132 892 0 0 0 0 0 14 1010 0 0 0 
0 0 0 0 0 13 1011 0 0 0 0 0 65 959 0 0 0 0 0 2 1022 0 0 0 
0 0 0 0 0 8 1016 0 0 0 0 0 55 969 0 0 0 0 0 0 1024 0 0 0 
0 0 62 962 0 0 0 0 0 0 0 1024 0 0 0 0 0 0 0 1012 12 0 0 0 
0 0 10 1014 0 0 0 0 0 0 0 1024 0 0 0 0 0 0 0 1014 10 0 0 0 
0 0 0 1024 0 0 0 0 0 0 0 1021 3 0 0 0 0 0 0 881 143 0 0 0 
0 0 0 1024 0 0 0 0 0 0 0 952 72 0 0 0 0 0 0 820 204 0 0 0 
0 0 0 1023 1 0 0 0 0 0 0 864 160 0 0 0 0 0 0 652 372 0 0 0 
0 0 0 924 100 0 0 0 0 0 0 586 438 0 0 0 0 0 0 330 694 0 0 0 
0 0 2 132 175 119 119 477 1 6 123 331 550 7 5 1 4 58 361 547 45 7 2 0 
182 40 28 142 452 94 27 59 209 43 145 87 539 1 0 0 219 154 65 175 411 0 0 0 
0 0 0 13 253 174 129 455 0 0 176 199 644 5 0 0 0 57 323 521 123 0 0 0 
0 0 0 217 91 34 33 649 0 0 0 84 840 100 0 0 0 0 3 852 169 0 0 0 
0 0 0 493 343 27 26 135 0 0 0 105 883 36 0 0 0 0 5 303 716 0 0 0 
0 0 0 279 743 2 0 0 0 174 358 107 385 0 0 0 3 480 68 197 276 0 0 0 
0 0 0 0 230 794 0 0 0 8 334 682 0 0 0 0 0 378 646 0 0 0 0 0 
0 7 63 135 375 444 0 0 23 113 238 650 0 0 0 0 36 364 618 6 0 0 0 0 
229 575 215 5 0 0 0 0 809 215 0 0 0 0 0 0 889 135 0 0 0 0 0 0 
207 403 144 120 80 70 0 0 568 227 120 52 57 0 0 0 710 185 77 52 0 0 0 0 
0 0 0 1 10 113 900 0 0 0 6 28 678 312 0 0 1 8 48 148 819 0 0 0 
0 0 0 0 0 29 995 0 0 0 0 0 189 835 0 0 0 0 0 5 1019 0 0 0 
0 0 0 0 0 12 1012 0 0 0 0 0 89 935 0 0 0 0 0 0 1024 0 0 0 
0 0 0 0 0 338 686 0 0 0 0 0 444 580 0 0 0 0 0 1 1023 0 0 0 
0 0 272 752 0 0 0 0 0 0 3 1021 0 0 0 0 0 0 20 1004 0 0 0 0 
0 0 74 950 0 0 0 0 0 0 11 1013 0 0 0 0 0 0 24 1000 0 0 0 0 
0 0 32 986 6 0 0 0 0 0 0 1006 18 0 0 0 0 0 6 1001 17 0 0 0 
0 0 25 999 0 0 0 0 0 0 0 1021 3 0 0 0 0 0 0 1012 12 0 0 0 
0 0 0 1019 5 0 0 0 0 0 0 936 88 0 0 0 0 0 0 775 249 0 0 0 
0 0 0 997 27 0 0 0 0 0 0 804 220 0 0 0 0 0 0 772 252 0 0 0 
0 0 0 327 88 55 77 477 0 0 95 433 254 242 0 0 0 55 243 629 97 0 0 0 
0 0 1 199 186 37 39 562 0 14 28 158 310 514 0 0 0 7 35 325 657 0 0 0 
0 0 39 602 324 34 25 0 0 86 258 412 268 0 0 0 0 66 318 449 191 0 0 0 
0 47 187 165 65 76 164 320 27 258 167 186 315 71 0 0 23 231 344 399 27 0 0 0 
84 130 130 61 8 23 18 570 171 215 29 24 179 406 0 0 130 255 36 513 90 0 0 0 
204 171 366 143 53 16 16 55 287 447 38 142 100 10 0 0 284 460 36 217 27 0 0 0 
27 241 106 31 55 564 0 0 155 221 41 606 1 0 0 0 127 265 597 35 0 0 0 0 
0 0 0 8 104 912 0 0 0 1 38 958 27 0 0 0 0 23 605 396 0 0 0 0 
298 503 84 64 75 0 0 0 797 122 76 29 0 0 0 0 830 137 57 0 0 0 0 0 
266 485 227 42 4 0 0 0 630 388 6 0 0 0 0 0 816 208 0 0 0 0 0 0 
2 246 402 216 51 47 60 0 62 762 95 38 54 13 0 0 118 815 18 13 60 0 0 0 
2 195 108 19 19 205 476 0 25 277 20 18 465 219 0 0 22 288 20 60 634 0 0 0 
0 0 0 0 0 443 581 0 0 0 0 0 627 397 0 0 0 0 0 0 1024 0 0 0 
0 0 0 0 0 858 166 0 0 0 0 0 849 175 0 0 0 0 0 0 1024 0 0 0 
0 0 994 30 0 0 0 0 0 0 769 255 0 0 0 0 0 0 591 433 0 0 0 0 
0 0 995 29 0 0 0 0 0 0 458 566 0 0 0 0 0 0 387 637 0 0 0 0 
0 0 872 152 0 0 0 0 0 0 395 629 0 0 0 0 0 0 235 789 0 0 0 0 
0 0 695 327 2 0 0 0 0 0 344 677 3 0 0 0 0 0 259 761 4 0 0 0 
0 0 540 481 3 0 0 0 0 0 333 687 4 0 0 0 0 0 296 724 4 0 0 0 
0 0 294 730 0 0 0 0 0 0 2 1022 0 0 0 0 0 0 2 1022 0 0 0 0 
0 0 118 497 64 54 92 199 0 0 75 787 151 11 0 0 0 15 312 697 0 0 0 0 
0 187 275 83 26 54 83 316 0 509 64 115 197 139 0 0 0 533 142 282 67 0 0 0 
0 438 466 120 0 0 0 0 82 863 79 0 0 0 0 0 77 848 99 0 0 0 0 0 
0 263 701 60 0 0 0 0 12 976 36 0 0 0 0 0 17 958 49 0 0 0 0 0 
0 295 720 9 0 0 0 0 0 1024 0 0 0 0 0 0 0 1024 0 0 0 0 0 0 
0 76 948 0 0 0 0 0 0 1024 0 0 0 0 0 0 0 1024 0 0 0 0 0 0 
96 373 555 0 0 0 0 0 178 846 0 0 0 0 0 0 138 886 0 0 0 0 0 0 
388 234 178 29 52 143 0 0 486 302 42 178 16 0 0 0 473 324 138 89 0 0 0 0 
541 305 118 60 0 0 0 0 651 255 106 12 0 0 0 0 653 281 90 0 0 0 0 0 
919 105 0 0 0 0 0 0 993 31 0 0 0 0 0 0 1016 8 0 0 0 0 0 0 
538 163 316 7 0 0 0 0 600 424 0 0 0 0 0 0 625 399 0 0 0 0 0 0 
14 593 202 22 26 132 35 0 50 750 24 27 168 5 0 0 44 771 29 88 92 0 0 0 
0 0 0 0 0 938 86 0 0 0 0 0 941 83 0 0 0 0 0 100 924 0 0 0 
0 0 0 0 0 1012 12 0 0 0 0 0 1003 21 0 0 0 0 0 140 884 0 0 0 
0 0 1024 0 0 0 0 0 0 0 1024 0 0 0 0 0 0 0 1024 0 0 0 0 0 
0 0 1024 0 0 0 0 0 0 0 1024 0 0 0 0 0 0 0 1023 1 0 0 0 0 
0 0 1024 0 0 0 0 0 0 0 1015 9 0 0 0 0 0 0 910 114 0 0 0 0 
0 0 1024 0 0 0 0 0 0 0 952 72 0 0 0 0 0 0 945 79 0 0 0 0 
0 0 1022 2 0 0 0 0 0 0 844 180 0 0 0 0 0 0 543 481 0 0 0 0 
0 0 865 159 0 0 0 0 0 0 147 877 0 0 0 0 0 0 210 814 0 0 0 0 
0 0 257 626 56 82 3 0 0 0 154 870 0 0 0 0 0 19 222 783 0 0 0 0 
169 366 29 28 46 386 0 0 364 214 261 185 0 0 0 0 371 284 369 0 0 0 0 0 
660 364 0 0 0 0 0 0 902 122 0 0 0 0 0 0 858 166 0 0 0 0 0 0 
793 225 6 0 0 0 0 0 934 90 0 0 0 0 0 0 897 127 0 0 0 0 0 0 
470 518 36 0 0 0 0 0 731 293 0 0 0 0 0 0 682 342 0 0 0 0 0 0 
365 659 0 0 0 0 0 0 728 296 0 0 0 0 0 0 687 337 0 0 0 0 0 0 
921 103 0 0 0 0 0 0 1007 17 0 0 0 0 0 0 973 51 0 0 0 0 0 0 
1024 0 0 0 0 0 0 0 1024 0 0 0 0 0 0 0 1024 0 0 0 0 0 0 0 
1024 0 0 0 0 0 0 0 1024 0 0 0 0 0 0 0 1024 0 0 0 0 0 0 0 
1024 0 0 0 0 0 0 0 1024 0 0 0 0 0 0 0 1024 0 0 0 0 0 0 0 
951 73 0 0 0 0 0 0 1021 3 0 0 0 0 0 0 1011 13 0 0 0 0 0 0 
388 476 16 16 32 96 0 0 597 267 27 37 96 0 0 0 561 314 21 127 1 0 0 0 
0 0 0 0 0 1024 0 0 0 0 0 0 1024 0 0 0 0 0 0 536 488 0 0 0 
0 0 0 0 2 1008 14 0 0 0 0 1 1003 20 0 0 0 0 0 713 311 0 0 0 
0 0 1024 0 0 0 0 0 0 0 1024 0 0 0 0 0 0 0 1024 0 0 0 0 0 
0 0 1024 0 0 0 0 0 0 0 1024 0 0 0 0 0 0 0 1024 0 0 0 0 0 
0 0 1024 0 0 0 0 0 0 0 1024 0 0 0 0 0 0 0 1024 0 0 0 0 0 
0 0 1011 13 0 0 0 0 0 0 980 44 0 0 0 0 0 0 999 25 0 0 0 0 
0 0 947 77 0 0 0 0 0 0 846 178 0 0 0 0 0 0 964 60 0 0 0 0 
0 0 605 419 0 0 0 0 0 0 372 652 0 0 0 0 0 0 603 421 0 0 0 0 
0 0 745 279 0 0 0 0 0 0 448 576 0 0 0 0 0 0 632 392 0 0 0 0 
339 71 378 115 48 73 0 0 384 39 282 319 0 0 0 0 393 59 419 153 0 0 0 0 
1024 0 0 0 0 0 0 0 1024 0 0 0 0 0 0 0 1024 0 0 0 0 0 0 0 
1024 0 0 0 0 0 0 0 1024 0 0 0 0 0 0 0 1024 0 0 0 0 0 0 0 
1024 0 0 0 0 0 0 0 1024 0 0 0 0 0 0 0 1024 0 0 0 0 0 0 0 
1024 0 0 0 0 0 0 0 1024 0 0 0 0 0 0 0 1024 0 0 0 0 0 0 0 
1024 0 0 0 0 0 0 0 1024 0 0 0 0 0 0 0 1024 0 0 0 0 0 0 0 
1024 0 0 0 0 0 0 0 1024 0 0 0 0 0 0 0 1024 0 0 0 0 0 0 0 
1024 0 0 0 0 0 0 0 1024 0 0 0 0 0 0 0 1024 0 0 0 0 0 0 0 
1024 0 0 0 0 0 0 0 1024 0 0 0 0 0 0 0 1024 0 0 0 0 0 0 0 
1024 0 0 0 0 0 0 0 1024 0 0 0 0 0 0 0 1024 0 0 0 0 0 0 0 
765 62 16 24 40 117 0 0 790 44 23 38 129 0 0 0 809 36 29 150 0 0 0 0 
0 0 0 0 8 1016 0 0 0 0 0 9 1015 0 0 0 0 0 0 1009 15 0 0 0 
0 0 0 0 9 1015 0 0 0 0 0 3 1021 0 0 0 0 0 0 972 52 0 0 0 
0 7 1017 0 0 0 0 0 0 0 1024 0 0 0 0 0 0 0 1024 0 0 0 0 0 
0 0 1024 0 0 0 0 0 0 0 1024 0 0 0 0 0 0 0 1024 0 0 0 0 0 
0 3 1021 0 0 0 0 0 0 1 1023 0 0 0 0 0 0 1 1023 0 0 0 0 0 
0 0 1018 6 0 0 0 0 0 0 1002 22 0 0 0 0 0 0 1022 2 0 0 0 0 
0 0 1024 0 0 0 0 0 0 0 1021 3 0 0 0 0 0 0 1022 2 0 0 0 0 
0 0 982 42 0 0 0 0 0 0 939 85 0 0 0 0 0 0 989 35 0 0 0 0 
0 0 920 104 0 0 0 0 0 0 790 234 0 0 0 0 0 0 943 81 0 0 0 0 
69 17 632 306 0 0 0 0 70 16 325 613 0 0 0 0 74 14 630 306 0 0 0 0 
353 105 267 299 0 0 0 0 388 83 178 375 0 0 0 0 410 75 344 195 0 0 0 0 
1021 3 0 0 0 0 0 0 1022 2 0 0 0 0 0 0 1024 0 0 0 0 0 0 0 
1024 0 0 0 0 0 0 0 1024 0 0 0 0 0 0 0 1024 0 0 0 0 0 0 0 
1024 0 0 0 0 0 0 0 1024 0 0 0 0 0 0 0 1024 0 0 0 0 0 0 0 
1024 0 0 0 0 0 0 0 1024 0 0 0 0 0 0 0 1024 0 0 0 0 0 0 0 
1024 0 0 0 0 0 0 0 1024 0 0 0 0 0 0 0 1024 0 0 0 0 0 0 0 
1024 0 0 0 0 0 0 0 1024 0 0 0 0 0 0 0 1024 0 0 0 0 0 0 0 
1024 0 0 0 0 0 0 0 1024 0 0 0 0 0 0 0 1024 0 0 0 0 0 0 0 
1024 0 0 0 0 0 0 0 1024 0 0 0 0 0 0 0 1024 0 0 0 0 0 0 0 
613 116 63 51 96 85 0 0 713 103 20 95 93 0 0 0 693 130 36 165 0 0 0 0 
1 107 27 22 714 153 0 0 9 115 22 668 210 0 0 0 26 102 169 727 0 0 0 0 
0 0 0 0 454 570 0 0 0 0 0 158 866 0 0 0 0 0 0 1024 0 0 0 0 
0 310 714 0 0 0 0 0 0 162 862 0 0 0 0 0 0 118 906 0 0 0 0 0 
0 24 1000 0 0 0 0 0 0 3 1021 0 0 0 0 0 0 4 1020 0 0 0 0 0 
0 15 1009 0 0 0 0 0 0 1 1023 0 0 0 0 0 0 6 1018 0 0 0 0 0 
0 17 988 19 0 0 0 0 0 35 989 0 0 0 0 0 0 53 971 0 0 0 0 0 
22 72 846 77 7 0 0 0 40 125 828 31 0 0 0 0 55 158 796 15 0 0 0 0 
290 131 505 98 0 0 0 0 335 116 471 102 0 0 0 0 341 115 536 32 0 0 0 0 
144 345 411 97 9 15 3 0 304 240 382 80 18 0 0 0 339 236 395 54 0 0 0 0 
251 265 225 138 127 18 0 0 386 196 256 171 14 1 0 0 425 280 280 39 0 0 0 0 
49 410 106 44 32 100 283 0 157 364 91 42 269 101 0 0 245 317 104 239 119 0 0 0 
923 83 9 9 0 0 0 0 999 15 4 6 0 0 0 0 1003 12 9 0 0 0 0 0 
1024 0 0 0 0 0 0 0 1024 0 0 0 0 0 0 0 1024 0 0 0 0 0 0 0 
1024 0 0 0 0 0 0 0 1024 0 0 0 0 0 0 0 1024 0 0 0 0 0 0 0 
1024 0 0 0 0 0 0 0 1024 0 0 0 0 0 0 0 1024 0 0 0 0 0 0 0 
1024 0 0 0 0 0 0 0 1024 0 0 0 0 0 0 0 1024 0 0 0 0 0 0 0 
1024 0 0 0 0 0 0 0 1024 0 0 0 0 0 0 0 1024 0 0 0 0 0 0 0 
1024 0 0 0 0 0 0 0 1024 0 0 0 0 0 0 0 1024 0 0 0 0 0 0 0 
1024 0 0 0 0 0 0 0 1024 0 0 0 0 0 0 0 1024 0 0 0 0 0 0 0 
597 272 153 2 0 0 0 0 798 214 12 0 0 0 0 0 752 260 12 0 0 0 0 0 
526 85 40 98 275 0 0 0 547 78 33 359 7 0 0 0 560 71 109 284 0 0 0 0 
0 0 0 0 1008 16 0 0 0 0 0 527 497 0 0 0 0 0 2 1017 5 0 0 0 
