0 5 836 183 0 0 0 0 7 834 183 0 0 0 0 0 1024 0 0 0 0 0 0 0 
0 0 880 144 0 0 0 0 0 884 140 0 0 0 0 0 1024 0 0 0 0 0 0 0 
0 0 882 140 2 0 0 0 0 929 94 1 0 0 0 0 1024 0 0 0 0 0 0 0 
0 0 938 82 4 0 0 0 0 968 56 0 0 0 0 0 1024 0 0 0 0 0 0 0 
0 0 915 109 0 0 0 0 0 1011 13 0 0 0 0 0 1024 0 0 0 0 0 0 0 
0 0 802 195 23 4 0 0 1 944 50 22 7 0 0 0 997 27 0 0 0 0 0 0 
0 0 641 311 36 36 0 0 0 884 65 34 39 2 0 0 964 37 23 0 0 0 0 0 
0 0 650 301 30 41 2 0 0 854 94 29 33 14 0 0 958 32 34 0 0 0 0 0 
0 0 564 393 29 36 2 0 0 783 174 25 34 8 0 0 966 29 29 0 0 0 0 0 
0 0 548 410 23 42 1 0 0 691 264 22 36 11 0 0 963 23 38 0 0 0 0 0 
0 0 505 457 26 29 7 0 0 546 412 25 25 16 0 0 960 26 31 7 0 0 0 0 
0 0 430 538 21 27 8 0 0 384 575 27 24 14 0 0 962 26 31 5 0 0 0 0 
0 0 375 595 20 31 3 0 0 310 653 20 28 13 0 0 961 28 28 7 0 0 0 0 
0 0 382 592 22 27 1 0 0 283 661 44 25 11 0 0 898 92 25 9 0 0 0 0 
0 0 261 724 34 5 0 0 0 146 782 83 13 0 0 0 794 221 9 0 0 0 0 0 
0 0 8 1000 16 0 0 0 0 62 962 0 0 0 0 0 1024 0 0 0 0 0 0 0 
0 0 0 934 90 0 0 0 0 4 974 46 0 0 0 0 1024 0 0 0 0 0 0 0 
0 0 0 895 129 0 0 0 0 0 913 111 0 0 0 0 1023 1 0 0 0 0 0 0 
0 0 0 868 156 0 0 0 0 2 927 95 0 0 0 0 1024 0 0 0 0 0 0 0 
0 0 0 747 277 0 0 0 0 0 869 155 0 0 0 0 1024 0 0 0 0 0 0 0 
0 0 1 714 309 0 0 0 0 35 843 146 0 0 0 0 1024 0 0 0 0 0 0 0 
0 0 15 714 295 0 0 0 0 84 767 173 0 0 0 0 1011 13 0 0 0 0 0 0 
0 0 147 743 134 0 0 0 0 156 783 85 0 0 0 0 1012 12 0 0 0 0 0 0 
0 0 222 634 168 0 0 0 0 233 673 118 0 0 0 0 1024 0 0 0 0 0 0 0 
0 0 306 570 148 0 0 0 0 311 565 148 0 0 0 0 984 40 0 0 0 0 0 0 
0 0 272 603 125 13 11 0 0 293 596 106 16 6 7 0 895 102 12 4 6 5 0 0 
0 0 137 668 166 12 26 15 0 150 559 260 9 9 35 2 867 89 14 10 9 23 12 0 
0 0 238 431 220 135 0 0 0 186 441 254 66 77 0 0 690 180 18 108 28 0 0 0 
0 0 292 358 34 210 130 0 0 177 472 29 18 305 23 0 624 43 13 18 316 10 0 0 
0 0 511 262 72 13 165 1 0 310 432 80 30 23 149 0 710 51 78 13 61 111 0 0 
1 141 31 145 450 74 132 50 27 142 180 418 59 127 56 15 668 80 64 129 53 3 11 16 
1 120 52 40 566 61 163 21 6 130 144 499 57 159 16 13 484 279 54 163 19 3 9 13 
4 96 43 32 607 50 128 64 4 101 70 610 40 134 43 22 464 295 37 125 64 9 7 23 
0 103 37 18 644 50 115 57 1 122 26 632 64 111 44 24 439 332 59 110 35 8 13 28 
0 117 46 19 646 51 119 26 3 132 40 662 46 117 10 14 516 313 36 116 14 5 10 14 
0 130 52 30 639 54 105 14 32 127 88 610 41 95 17 14 585 268 37 95 3 7 16 13 
68 71 38 102 593 67 77 8 123 44 227 467 53 85 18 7 720 135 44 81 11 15 13 5 
171 210 31 475 119 8 4 6 311 86 553 54 5 7 8 0 1001 1 6 3 8 5 0 0 
298 413 72 237 4 0 0 0 670 132 222 0 0 0 0 0 1024 0 0 0 0 0 0 0 
579 261 42 109 33 0 0 0 814 43 142 25 0 0 0 0 1000 24 0 0 0 0 0 0 
0 0 14 78 75 103 754 0 0 0 33 118 25 436 412 0 16 68 82 20 655 183 0 0 
0 0 0 0 0 538 404 82 0 0 0 0 6 597 419 2 0 0 0 500 132 376 16 0 
0 0 0 0 0 1024 0 0 0 0 0 0 60 964 0 0 0 0 0 716 308 0 0 0 
0 0 0 0 142 722 160 0 0 0 0 80 98 840 6 0 0 0 118 95 811 0 0 0 
0 0 0 97 814 33 80 0 0 0 0 827 95 53 49 0 0 0 899 32 71 22 0 0 
294 187 149 86 79 21 17 191 349 168 129 93 64 12 39 170 424 196 84 71 34 57 62 96 
334 317 120 41 174 14 4 20 420 273 85 56 158 8 5 19 527 241 34 164 26 9 4 19 
177 187 155 67 199 23 23 193 214 202 124 67 183 22 44 168 303 207 62 199 38 47 64 104 
132 188 132 70 197 65 20 220 156 211 109 71 216 23 38 200 274 189 53 189 74 50 77 118 
137 228 169 89 204 26 6 165 188 219 164 67 194 23 17 152 319 209 90 201 32 29 62 82 
192 288 90 98 214 10 17 115 274 244 71 143 151 15 52 74 426 150 113 195 25 42 58 15 
301 272 113 169 48 9 10 102 384 231 95 173 21 9 10 101 537 148 179 31 15 8 27 79 
593 324 44 12 16 20 15 0 665 277 21 12 16 25 8 0 881 82 9 18 27 7 0 0 
543 440 4 10 12 12 3 0 888 96 4 10 15 9 2 0 982 3 14 16 7 2 0 0 
683 309 32 0 0 0 0 0 976 16 32 0 0 0 0 0 992 27 5 0 0 0 0 0 
0 0 60 33 18 695 218 0 0 0 65 31 482 438 8 0 0 75 29 610 310 0 0 0 
0 0 0 0 0 1024 0 0 0 0 0 0 694 330 0 0 0 0 0 1024 0 0 0 0 
0 0 1 7 181 835 0 0 0 0 3 58 741 222 0 0 0 6 147 871 0 0 0 0 
0 0 0 0 919 105 0 0 0 0 0 804 155 65 0 0 0 0 892 128 4 0 0 0 
0 0 0 37 987 0 0 0 0 0 0 1024 0 0 0 0 0 0 1024 0 0 0 0 0 
0 0 0 139 550 335 0 0 0 0 0 314 622 88 0 0 0 0 363 638 23 0 0 0 
0 0 0 44 654 326 0 0 0 0 0 250 614 160 0 0 0 0 421 566 37 0 0 0 
0 0 0 3 573 448 0 0 0 0 0 105 662 257 0 0 0 0 394 555 75 0 0 0 
0 0 0 0 456 536 32 0 0 0 0 61 685 278 0 0 0 0 423 514 87 0 0 0 
0 0 0 5 462 540 17 0 0 0 0 103 674 247 0 0 0 0 531 440 53 0 0 0 
0 0 0 68 530 426 0 0 0 0 0 183 686 155 0 0 0 0 660 358 6 0 0 0 
0 0 0 148 584 292 0 0 0 0 2 224 754 44 0 0 0 2 726 296 0 0 0 0 
126 19 8 27 825 13 6 0 134 14 11 528 323 14 0 0 140 76 759 37 12 0 0 0 
274 22 10 170 548 0 0 0 286 13 10 608 107 0 0 0 297 290 437 0 0 0 0 0 
380 35 24 202 383 0 0 0 387 33 29 499 76 0 0 0 421 299 304 0 0 0 0 0 
0 0 39 9 496 480 0 0 0 17 29 227 751 0 0 0 17 111 467 429 0 0 0 0 
0 0 0 0 402 622 0 0 0 0 0 274 750 0 0 0 0 81 329 614 0 0 0 0 
0 0 0 121 813 90 0 0 0 0 0 737 287 0 0 0 0 242 683 99 0 0 0 0 
0 0 0 103 921 0 0 0 0 0 0 1024 0 0 0 0 0 115 909 0 0 0 0 0 
0 0 0 74 950 0 0 0 0 0 0 1024 0 0 0 0 0 4 1020 0 0 0 0 0 
0 0 0 280 744 0 0 0 0 0 6 769 249 0 0 0 1 630 393 0 0 0 0 0 
0 0 0 107 917 0 0 0 0 0 0 769 255 0 0 0 0 703 321 0 0 0 0 0 
0 0 0 3 984 37 0 0 0 0 0 802 222 0 0 0 0 742 246 36 0 0 0 0 
0 0 0 0 943 81 0 0 0 0 0 853 171 0 0 0 0 787 200 37 0 0 0 0 
0 0 0 0 996 28 0 0 0 0 0 914 110 0 0 0 0 849 172 3 0 0 0 0 
0 0 0 2 1022 0 0 0 0 0 0 984 40 0 0 0 0 930 94 0 0 0 0 0 
0 0 0 83 941 0 0 0 0 0 0 1023 1 0 0 0 0 991 33 0 0 0 0 0 
0 0 0 522 502 0 0 0 0 0 1 1023 0 0 0 0 0 1020 4 0 0 0 0 0 
0 0 0 949 75 0 0 0 0 0 0 1024 0 0 0 0 5 998 21 0 0 0 0 0 
0 0 0 954 70 0 0 0 0 0 0 1024 0 0 0 0 0 930 94 0 0 0 0 0 
0 0 0 86 938 0 0 0 0 0 0 1021 3 0 0 0 0 170 854 0 0 0 0 0 
0 0 0 13 1011 0 0 0 0 0 0 1024 0 0 0 0 0 15 1009 0 0 0 0 0 
0 0 0 368 656 0 0 0 0 0 0 1024 0 0 0 0 0 163 861 0 0 0 0 0 
0 0 32 581 183 196 32 0 0 27 26 693 133 145 0 0 55 509 403 56 1 0 0 0 
0 0 25 703 65 223 8 0 0 20 44 705 151 104 0 0 35 476 489 24 0 0 0 0 
0 5 17 694 51 182 75 0 5 15 5 732 22 245 0 0 32 670 159 163 0 0 0 0 
0 17 78 354 118 230 227 0 16 76 15 451 32 431 3 0 102 427 153 342 0 0 0 0 
0 0 50 236 417 86 235 0 0 47 16 627 43 281 10 0 67 465 233 258 1 0 0 0 
0 0 0 196 828 0 0 0 0 0 0 1024 0 0 0 0 2 439 583 0 0 0 0 0 
0 0 0 131 893 0 0 0 0 0 0 1024 0 0 0 0 6 339 679 0 0 0 0 0 
0 0 0 105 919 0 0 0 0 0 0 1024 0 0 0 0 0 236 788 0 0 0 0 0 
0 0 0 220 804 0 0 0 0 0 0 1024 0 0 0 0 4 205 815 0 0 0 0 0 
0 0 0 333 691 0 0 0 0 0 0 1024 0 0 0 0 4 185 835 0 0 0 0 0 
0 0 41 346 205 315 115 2 0 35 30 484 162 295 18 0 80 248 635 61 0 0 0 0 
0 0 43 216 308 343 114 0 0 32 26 432 223 289 22 0 68 191 716 49 0 0 0 0 
0 0 0 12 1012 0 0 0 0 0 0 595 429 0 0 0 0 0 845 179 0 0 0 0 
0 0 0 0 1024 0 0 0 0 0 0 488 536 0 0 0 0 0 719 305 0 0 0 0 
0 0 0 0 1024 0 0 0 0 0 0 459 565 0 0 0 0 0 666 358 0 0 0 0 
0 0 0 2 540 482 0 0 0 0 0 271 715 38 0 0 22 332 533 137 0 0 0 0 
0 0 0 148 540 336 0 0 0 0 0 366 625 33 0 0 0 116 677 231 0 0 0 0 
0 10 16 446 115 436 1 0 9 15 12 544 374 70 0 0 45 287 692 0 0 0 0 0 
0 2 10 10 116 884 2 0 0 11 10 209 607 187 0 0 98 570 354 0 2 0 0 0 
0 0 0 2 369 653 0 0 0 0 0 265 488 271 0 0 0 181 826 17 0 0 0 0 
0 0 0 0 1024 0 0 0 0 0 0 730 294 0 0 0 0 0 905 119 0 0 0 0 
0 0 0 0 1024 0 0 0 0 0 0 531 493 0 0 0 0 0 747 277 0 0 0 0 
0 0 0 0 1024 0 0 0 0 0 0 378 646 0 0 0 0 0 617 407 0 0 0 0 
0 0 0 0 1024 0 0 0 0 0 0 306 718 0 0 0 0 0 526 498 0 0 0 0 
0 0 0 0 1024 0 0 0 0 0 0 215 809 0 0 0 0 0 381 643 0 0 0 0 
0 0 0 0 250 774 0 0 0 0 0 29 897 98 0 0 0 451 457 116 0 0 0 0 
0 0 0 0 327 691 6 0 0 0 0 14 904 106 0 0 4 401 358 261 0 0 0 0 
0 0 0 0 1024 0 0 0 0 0 0 0 1024 0 0 0 0 0 0 1024 0 0 0 0 
0 0 0 0 1024 0 0 0 0 0 0 0 1024 0 0 0 0 0 0 1024 0 0 0 0 
0 0 0 0 1024 0 0 0 0 0 0 0 1024 0 0 0 0 0 0 1024 0 0 0 0 
0 0 4 18 736 266 0 0 0 3 11 98 908 4 0 0 22 478 203 321 0 0 0 0 
0 0 0 2 942 80 0 0 0 0 0 11 1013 0 0 0 2 177 152 693 0 0 0 0 
0 0 0 48 618 358 0 0 0 0 3 424 589 8 0 0 8 254 537 225 0 0 0 0 
0 0 0 13 129 882 0 0 0 0 14 106 768 136 0 0 65 374 585 0 0 0 0 0 
0 0 0 2 351 671 0 0 0 0 0 4 933 87 0 0 0 393 368 263 0 0 0 0 
0 0 0 0 1024 0 0 0 0 0 0 0 1024 0 0 0 0 0 0 1024 0 0 0 0 
0 0 0 0 1024 0 0 0 0 0 0 0 1024 0 0 0 0 0 0 1024 0 0 0 0 
0 0 0 0 1024 0 0 0 0 0 0 0 1024 0 0 0 0 0 0 1024 0 0 0 0 
0 0 0 0 961 63 0 0 0 0 0 0 1024 0 0 0 0 0 0 1024 0 0 0 0 
0 0 0 0 879 145 0 0 0 0 0 0 1024 0 0 0 0 0 0 1024 0 0 0 0 
0 0 0 0 209 815 0 0 0 0 0 8 1016 0 0 0 0 744 59 221 0 0 0 0 
0 0 0 0 391 633 0 0 0 0 0 78 945 1 0 0 28 636 41 318 1 0 0 0 
0 0 0 0 907 117 0 0 0 0 0 0 1024 0 0 0 0 0 0 1024 0 0 0 0 
0 0 0 0 951 73 0 0 0 0 0 0 1024 0 0 0 0 0 0 1024 0 0 0 0 
0 0 0 0 1022 2 0 0 0 0 0 0 1024 0 0 0 23 19 13 969 0 0 0 0 
0 0 3 25 990 6 0 0 0 3 14 343 664 0 0 0 33 717 42 232 0 0 0 0 
0 0 0 28 996 0 0 0 0 0 6 135 883 0 0 0 24 227 31 742 0 0 0 0 
0 0 0 0 915 109 0 0 0 0 0 3 1021 0 0 0 0 274 94 656 0 0 0 0 
0 0 2 5 474 543 0 0 0 1 5 49 967 2 0 0 15 782 227 0 0 0 0 0 
0 0 0 3 594 427 0 0 0 0 2 187 835 0 0 0 47 598 157 222 0 0 0 0 
0 0 0 0 977 47 0 0 0 0 0 0 1024 0 0 0 0 0 0 1024 0 0 0 0 
0 0 0 0 855 169 0 0 0 0 0 0 1024 0 0 0 0 0 0 1024 0 0 0 0 
0 0 0 0 681 343 0 0 0 0 0 0 1024 0 0 0 0 0 0 1024 0 0 0 0 
0 0 0 0 565 459 0 0 0 0 0 0 1024 0 0 0 0 0 0 1024 0 0 0 0 
0 0 0 0 703 321 0 0 0 0 0 0 1010 14 0 0 0 0 0 1010 14 0 0 0 
0 0 0 3 393 628 0 0 0 0 1 6 1017 0 0 0 0 764 46 214 0 0 0 0 
0 0 0 0 670 354 0 0 0 0 0 82 942 0 0 0 13 608 83 320 0 0 0 0 
0 0 0 0 953 71 0 0 0 0 0 0 1022 2 0 0 7 6 8 1000 3 0 0 0 
0 0 0 0 800 224 0 0 0 0 0 0 1004 20 0 0 134 38 33 794 25 0 0 0 
0 0 0 23 856 145 0 0 0 0 0 82 942 0 0 0 141 58 157 659 9 0 0 0 
0 0 0 74 836 114 0 0 0 0 13 237 737 37 0 0 93 310 61 557 3 0 0 0 
0 0 0 5 988 31 0 0 0 0 1 45 973 5 0 0 85 76 37 825 1 0 0 0 
0 0 1 6 1016 1 0 0 0 0 4 109 911 0 0 0 8 248 31 737 0 0 0 0 
0 0 3 36 950 35 0 0 0 1 24 227 772 0 0 0 59 952 13 0 0 0 0 0 
0 0 2 39 962 21 0 0 0 13 36 386 589 0 0 0 107 743 28 146 0 0 0 0 
0 0 0 0 1024 0 0 0 0 0 0 0 1024 0 0 0 0 0 0 1024 0 0 0 0 
0 0 0 0 1024 0 0 0 0 0 0 0 1024 0 0 0 0 0 0 1024 0 0 0 0 
0 0 0 0 784 240 0 0 0 0 0 0 1024 0 0 0 0 0 0 1022 2 0 0 0 
0 0 0 0 771 253 0 0 0 0 0 0 1013 11 0 0 14 9 11 977 13 0 0 0 
0 0 0 0 784 240 0 0 0 0 0 22 920 82 0 0 154 51 77 725 17 0 0 0 
0 0 0 18 468 538 0 0 0 0 0 111 665 248 0 0 107 509 131 143 134 0 0 0 
0 0 0 0 293 731 0 0 0 0 0 0 712 312 0 0 50 295 96 464 119 0 0 0 
0 0 0 0 652 372 0 0 0 0 0 0 1008 16 0 0 136 41 37 789 21 0 0 0 
0 0 0 0 979 45 0 0 0 0 0 0 1022 2 0 0 11 8 9 996 0 0 0 0 
0 0 0 0 1024 0 0 0 0 0 0 1 1023 0 0 0 0 0 20 1004 0 0 0 0 
0 0 0 53 971 0 0 0 0 0 0 182 842 0 0 0 0 0 255 769 0 0 0 0 
0 0 0 470 554 0 0 0 0 0 0 707 317 0 0 0 0 0 784 240 0 0 0 0 
