233 466 325 0 0 0 0 0 872 148 4 0 0 0 0 0 858 160 6 0 0 0 0 0 
174 441 352 51 6 0 0 0 417 535 71 1 0 0 0 0 393 541 88 2 0 0 0 0 
15 28 296 361 212 17 18 77 19 103 388 305 111 13 21 64 17 58 383 296 141 14 24 91 
0 0 0 1 50 26 36 911 0 0 0 0 44 32 34 914 0 0 0 1 38 31 29 925 
0 0 0 13 47 28 31 905 0 0 0 0 54 31 33 906 0 0 0 17 37 24 27 919 
0 0 0 20 46 28 37 893 0 0 0 8 55 32 33 896 0 0 0 23 38 23 33 907 
0 0 0 15 49 29 30 901 0 0 0 8 53 26 33 904 0 0 0 21 35 25 28 915 
0 0 0 17 37 24 22 924 0 0 0 2 49 25 25 923 0 0 0 21 28 22 19 934 
0 0 0 0 0 1 3 1020 0 0 0 0 0 1 3 1020 0 0 0 0 0 0 3 1021 
0 0 0 0 0 0 0 1024 0 0 0 0 0 0 0 1024 0 0 0 0 0 0 0 1024 
0 0 0 0 0 0 0 1024 0 0 0 0 0 0 0 1024 0 0 0 0 0 0 0 1024 
0 0 0 0 0 0 0 1024 0 0 0 0 0 0 0 1024 0 0 0 0 0 0 0 1024 
0 0 0 0 0 0 0 1024 0 0 0 0 0 0 0 1024 0 0 0 0 0 0 0 1024 
0 0 0 0 0 24 23 977 0 0 0 0 0 17 29 978 0 0 0 0 0 15 30 979 
0 515 223 2 13 19 13 239 1 707 29 2 3 26 14 242 255 479 4 2 8 24 9 243 
0 1021 3 0 0 0 0 0 145 879 0 0 0 0 0 0 976 48 0 0 0 0 0 0 
4 1020 0 0 0 0 0 0 319 705 0 0 0 0 0 0 1016 8 0 0 0 0 0 0 
51 422 28 64 395 64 0 0 183 296 28 227 290 0 0 0 461 32 48 339 144 0 0 0 
0 0 0 341 622 61 0 0 0 0 47 473 504 0 0 0 0 4 84 622 314 0 0 0 
0 0 0 175 692 157 0 0 0 0 0 19 1003 2 0 0 0 0 0 268 756 0 0 0 
0 0 0 116 489 419 0 0 0 0 0 20 863 141 0 0 0 0 0 318 700 6 0 0 
0 0 0 0 122 902 0 0 0 0 0 0 791 233 0 0 0 0 0 62 807 155 0 0 
0 0 0 7 401 516 67 33 0 0 0 12 382 543 57 30 0 0 0 20 431 492 21 60 
0 0 0 0 0 0 4 1020 0 0 0 0 0 0 0 1024 0 0 0 0 0 0 0 1024 
0 0 0 0 0 0 0 1024 0 0 0 0 0 0 0 1024 0 0 0 0 0 0 0 1024 
0 0 0 0 0 0 0 1024 0 0 0 0 0 0 0 1024 0 0 0 0 0 0 0 1024 
0 0 0 0 0 0 16 1008 0 0 0 0 0 0 16 1008 0 0 0 0 0 0 10 1014 
0 0 0 0 0 0 17 1007 0 0 0 0 0 0 17 1007 0 0 0 0 0 0 9 1015 
0 0 0 0 0 0 35 989 0 0 0 0 0 0 34 990 0 0 0 0 0 0 30 994 
0 0 0 0 0 0 36 988 0 0 0 0 0 0 36 988 0 0 0 0 0 0 33 991 
0 0 0 0 0 0 38 986 0 0 0 0 0 0 36 988 0 0 0 0 0 0 35 989 
0 0 0 0 0 0 33 991 0 0 0 0 0 0 33 991 0 0 0 0 0 0 35 989 
0 0 0 0 0 0 31 993 0 0 0 0 0 0 28 996 0 0 0 0 0 0 29 995 
0 0 0 0 0 0 8 1016 0 0 0 0 0 0 8 1016 0 0 0 0 0 0 7 1017 
0 0 0 55 71 21 24 853 0 0 0 104 25 21 23 851 0 0 62 39 20 19 21 863 
0 0 0 46 259 57 91 571 0 0 0 137 169 52 100 566 0 0 123 140 44 39 63 615 
0 0 0 81 217 99 345 282 0 0 4 115 182 84 353 286 0 3 68 184 44 48 112 565 
0 0 0 114 172 210 492 36 0 0 1 170 109 127 582 35 0 0 113 125 42 39 298 407 
0 0 0 7 53 248 716 0 0 0 0 19 36 172 797 0 0 0 7 41 19 22 373 562 
0 0 0 0 6 507 511 0 0 0 0 0 0 316 707 1 0 0 0 0 0 0 552 472 
55 174 795 0 0 0 0 0 118 894 12 0 0 0 0 0 111 872 41 0 0 0 0 0 
35 134 596 259 0 0 0 0 78 434 512 0 0 0 0 0 65 336 623 0 0 0 0 0 
0 0 3 394 243 35 23 326 0 0 220 353 93 26 16 316 0 0 168 311 139 26 27 353 
0 0 0 0 0 0 0 1024 0 0 0 0 0 0 0 1024 0 0 0 0 0 0 0 1024 
0 0 0 0 0 0 0 1024 0 0 0 0 0 0 0 1024 0 0 0 0 0 0 0 1024 
0 0 0 0 0 0 0 1024 0 0 0 0 0 0 0 1024 0 0 0 0 0 0 0 1024 
0 0 0 0 0 3 10 1011 0 0 0 0 0 0 12 1012 0 0 0 0 0 0 12 1012 
0 0 0 0 0 5 53 966 0 0 0 0 0 2 53 969 0 0 0 0 0 0 52 972 
0 0 0 0 0 12 45 967 0 0 0 0 0 4 53 967 0 0 0 0 0 5 49 970 
0 0 0 0 0 4 45 975 0 0 0 0 0 2 46 976 0 0 0 0 0 2 45 977 
0 0 0 0 0 7 49 968 0 0 0 0 0 5 47 972 0 0 0 0 0 2 47 975 
0 0 0 0 0 14 45 965 0 0 0 0 0 7 48 969 0 0 0 0 0 8 47 969 
0 0 0 0 0 33 31 960 0 0 0 0 0 24 35 965 0 0 0 0 0 27 33 964 
0 0 0 0 0 2 5 1017 0 0 0 0 0 2 6 1016 0 0 0 0 0 1 6 1017 
0 534 202 0 0 9 20 259 47 652 37 0 0 0 16 272 336 381 19 0 0 8 21 259 
2 1002 20 0 0 0 0 0 217 807 0 0 0 0 0 0 966 58 0 0 0 0 0 0 
78 946 0 0 0 0 0 0 422 602 0 0 0 0 0 0 1009 15 0 0 0 0 0 0 
4 463 25 56 356 120 0 0 36 443 30 206 309 0 0 0 433 57 29 356 149 0 0 0 
0 0 0 224 566 234 0 0 0 0 8 424 560 32 0 0 0 1 57 489 450 27 0 0 
0 0 0 92 628 304 0 0 0 0 0 27 934 63 0 0 0 0 0 70 949 5 0 0 
0 0 0 47 477 500 0 0 0 0 0 16 667 341 0 0 0 0 0 50 963 11 0 0 
0 0 0 3 32 944 45 0 0 0 0 14 327 683 0 0 0 0 3 59 802 160 0 0 
0 0 0 0 265 641 57 61 0 0 0 0 179 749 54 42 0 0 0 0 270 658 32 64 
0 0 0 0 0 0 0 1024 0 0 0 0 0 0 0 1024 0 0 0 0 0 0 0 1024 
0 0 0 0 0 0 0 1024 0 0 0 0 0 0 0 1024 0 0 0 0 0 0 0 1024 
0 0 0 0 0 0 0 1024 0 0 0 0 0 0 0 1024 0 0 0 0 0 0 0 1024 
0 0 0 0 0 0 0 1024 0 0 0 0 0 0 0 1024 0 0 0 0 0 0 0 1024 
0 0 0 0 0 0 0 1024 0 0 0 0 0 0 0 1024 0 0 0 0 0 0 0 1024 
0 0 0 0 0 0 0 1024 0 0 0 0 0 0 0 1024 0 0 0 0 0 0 0 1024 
0 0 0 0 0 0 0 1024 0 0 0 0 0 0 0 1024 0 0 0 0 0 0 0 1024 
0 0 0 0 0 0 0 1024 0 0 0 0 0 0 0 1024 0 0 0 0 0 0 0 1024 
0 0 0 0 0 0 0 1024 0 0 0 0 0 0 0 1024 0 0 0 0 0 0 0 1024 
0 0 0 0 0 0 0 1024 0 0 0 0 0 0 0 1024 0 0 0 0 0 0 0 1024 
0 0 0 0 0 0 0 1024 0 0 0 0 0 0 0 1024 0 0 0 0 0 0 0 1024 
0 0 0 0 0 0 0 1024 0 0 0 0 0 0 0 1024 0 0 0 0 0 0 0 1024 
0 0 0 0 0 0 0 1024 0 0 0 0 0 0 0 1024 0 0 0 0 0 0 0 1024 
0 0 0 0 0 0 0 1024 0 0 0 0 0 0 0 1024 0 0 0 0 0 0 0 1024 
0 0 0 9 9 7 44 955 0 0 0 10 8 10 24 972 0 0 0 8 6 6 11 993 
0 0 0 111 99 46 39 729 0 0 0 144 71 40 43 726 0 0 96 73 36 35 35 749 
0 0 0 73 172 118 193 468 0 0 0 149 102 92 217 464 0 0 85 109 59 56 161 554 
502 211 237 45 16 12 1 0 601 293 67 32 20 10 1 0 582 283 76 28 30 3 16 6 
158 49 89 271 15 34 57 351 176 69 329 12 10 19 64 345 145 60 286 42 21 18 46 406 
0 0 0 18 75 90 90 751 0 0 18 10 67 80 87 762 0 0 7 6 24 70 94 823 
0 0 0 0 27 122 113 762 0 0 0 0 19 118 114 773 0 0 0 0 10 47 107 860 
0 0 0 0 1 37 73 913 0 0 0 0 0 33 73 918 0 0 0 0 0 13 53 958 
0 0 0 0 0 9 61 954 0 0 0 0 0 6 61 957 0 0 0 0 0 2 50 972 
0 0 0 0 0 3 44 977 0 0 0 0 0 0 48 976 0 0 0 0 0 0 38 986 
0 0 0 0 0 0 0 1024 0 0 0 0 0 0 0 1024 0 0 0 0 0 0 0 1024 
0 0 0 0 0 0 0 1024 0 0 0 0 0 0 0 1024 0 0 0 0 0 0 0 1024 
0 0 0 0 0 0 0 1024 0 0 0 0 0 0 0 1024 0 0 0 0 0 0 0 1024 
0 0 0 0 0 0 0 1024 0 0 0 0 0 0 0 1024 0 0 0 0 0 0 0 1024 
0 0 0 0 0 0 0 1024 0 0 0 0 0 0 0 1024 0 0 0 0 0 0 0 1024 
0 0 0 0 0 0 0 1024 0 0 0 0 0 0 0 1024 0 0 0 0 0 0 0 1024 
0 0 0 0 0 0 0 1024 0 0 0 0 0 0 0 1024 0 0 0 0 0 0 0 1024 
0 366 362 8 1 2 15 270 0 692 31 13 0 2 9 277 187 519 23 7 2 1 11 274 
0 937 87 0 0 0 0 0 83 941 0 0 0 0 0 0 839 185 0 0 0 0 0 0 
38 979 7 0 0 0 0 0 254 770 0 0 0 0 0 0 928 96 0 0 0 0 0 0 
10 457 33 29 225 270 0 0 48 432 32 155 355 2 0 0 422 78 21 221 264 18 0 0 
0 0 0 150 613 261 0 0 0 0 3 202 798 21 0 0 0 0 76 413 506 29 0 0 
0 0 0 8 699 317 0 0 0 0 0 35 953 36 0 0 0 0 0 80 903 41 0 0 
0 0 0 77 435 401 111 0 0 0 0 64 483 477 0 0 0 0 2 108 887 27 0 0 
0 0 0 0 0 859 165 0 0 0 0 0 136 888 0 0 0 0 0 0 847 177 0 0 
0 0 0 0 274 622 65 63 0 0 0 0 160 768 34 62 0 0 0 14 239 675 32 64 
0 0 0 0 0 0 0 1024 0 0 0 0 0 0 0 1024 0 0 0 0 0 0 0 1024 
0 0 0 0 0 0 0 1024 0 0 0 0 0 0 0 1024 0 0 0 0 0 0 0 1024 
0 0 0 0 0 0 0 1024 0 0 0 0 0 0 0 1024 0 0 0 0 0 0 0 1024 
0 0 0 0 0 0 0 1024 0 0 0 0 0 0 0 1024 0 0 0 0 0 0 0 1024 
0 0 0 0 0 0 0 1024 0 0 0 0 0 0 0 1024 0 0 0 0 0 0 0 1024 
0 0 0 0 0 0 0 1024 0 0 0 0 0 0 0 1024 0 0 0 0 0 0 0 1024 
0 0 0 0 0 0 0 1024 0 0 0 0 0 0 0 1024 0 0 0 0 0 0 0 1024 
0 0 0 0 0 0 0 1024 0 0 0 0 0 0 0 1024 0 0 0 0 0 0 0 1024 
0 0 0 0 0 0 0 1024 0 0 0 0 0 0 0 1024 0 0 0 0 0 0 0 1024 
0 0 0 0 0 0 0 1024 0 0 0 0 0 0 0 1024 0 0 0 0 0 0 0 1024 
0 0 0 0 0 0 0 1024 0 0 0 0 0 0 0 1024 0 0 0 0 0 0 0 1024 
0 0 0 0 0 0 0 1024 0 0 0 0 0 0 0 1024 0 0 0 0 0 0 0 1024 
0 0 0 0 0 0 0 1024 0 0 0 0 0 0 0 1024 0 0 0 0 0 0 0 1024 
0 0 0 0 0 0 0 1024 0 0 0 0 0 0 0 1024 0 0 0 0 0 0 0 1024 
0 0 0 0 0 0 0 1024 0 0 0 0 0 0 0 1024 0 0 0 0 0 0 0 1024 
0 0 0 0 0 0 0 1024 0 0 0 0 0 0 0 1024 0 0 0 0 0 0 0 1024 
0 0 0 0 0 0 0 1024 0 0 0 0 0 0 0 1024 0 0 0 0 0 0 0 1024 
0 3 5 17 7 4 3 985 1 5 17 8 4 3 4 982 0 0 7 7 4 6 6 994 
0 0 0 0 0 0 29 995 0 0 0 0 0 0 0 1024 0 0 0 0 0 0 0 1024 
0 0 0 0 38 113 331 542 0 0 0 0 24 112 319 569 0 0 0 0 16 37 107 864 
0 0 0 0 0 9 270 745 0 0 0 0 0 0 209 815 0 0 0 0 0 0 17 1007 
0 0 0 0 0 0 56 968 0 0 0 0 0 0 13 1011 0 0 0 0 0 0 0 1024 
0 0 0 0 0 0 5 1019 0 0 0 0 0 0 0 1024 0 0 0 0 0 0 0 1024 
0 0 0 0 0 0 0 1024 0 0 0 0 0 0 0 1024 0 0 0 0 0 0 0 1024 
0 0 0 0 0 0 0 1024 0 0 0 0 0 0 0 1024 0 0 0 0 0 0 0 1024 
0 0 0 0 7 78 259 680 0 0 0 0 1 66 259 698 0 0 0 0 0 9 130 885 
0 0 0 0 0 0 283 741 0 0 0 0 0 0 248 776 0 0 0 0 0 0 17 1007 
0 0 0 0 0 0 4 1020 0 0 0 0 0 0 0 1024 0 0 0 0 0 0 0 1024 
0 0 0 0 0 0 0 1024 0 0 0 0 0 0 0 1024 0 0 0 0 0 0 0 1024 
0 0 0 0 0 0 0 1024 0 0 0 0 0 0 0 1024 0 0 0 0 0 0 0 1024 
0 0 0 0 0 0 0 1024 0 0 0 0 0 0 0 1024 0 0 0 0 0 0 0 1024 
0 238 498 0 0 3 27 258 1 700 24 11 0 1 27 260 122 582 28 4 0 1 27 260 
0 876 148 0 0 0 0 0 43 981 0 0 0 0 0 0 737 287 0 0 0 0 0 0 
0 1005 19 0 0 0 0 0 85 939 0 0 0 0 0 0 829 195 0 0 0 0 0 0 
0 460 22 45 196 301 0 0 43 437 32 146 359 7 0 0 362 122 35 218 264 23 0 0 
0 0 0 68 583 373 0 0 0 0 4 147 832 41 0 0 0 0 38 310 676 0 0 0 
0 0 0 7 623 394 0 0 0 0 0 26 826 172 0 0 0 0 5 172 818 29 0 0 
0 0 0 0 427 202 395 0 0 0 0 0 415 609 0 0 0 0 0 0 812 212 0 0 
0 0 0 0 66 584 374 0 0 0 0 4 320 695 5 0 0 0 0 86 755 183 0 0 
0 0 0 3 182 671 107 61 0 0 0 12 128 766 59 59 0 0 0 33 92 804 31 64 
0 0 0 0 0 0 0 1024 0 0 0 0 0 0 0 1024 0 0 0 0 0 0 0 1024 
0 0 0 0 0 0 0 1024 0 0 0 0 0 0 0 1024 0 0 0 0 0 0 0 1024 
0 0 0 0 0 0 0 1024 0 0 0 0 0 0 0 1024 0 0 0 0 0 0 0 1024 
0 0 0 0 0 0 0 1024 0 0 0 0 0 0 0 1024 0 0 0 0 0 0 0 1024 
0 0 0 0 0 0 0 1024 0 0 0 0 0 0 0 1024 0 0 0 0 0 0 0 1024 
0 0 0 0 0 0 0 1024 0 0 0 0 0 0 0 1024 0 0 0 0 0 0 0 1024 
0 0 0 0 0 0 0 1024 0 0 0 0 0 0 0 1024 0 0 0 0 0 0 0 1024 
0 0 0 0 0 0 0 1024 0 0 0 0 0 0 0 1024 0 0 0 0 0 0 0 1024 
0 0 0 0 0 0 0 1024 0 0 0 0 0 0 0 1024 0 0 0 0 0 0 0 1024 
0 0 0 0 0 0 0 1024 0 0 0 0 0 0 0 1024 0 0 0 0 0 0 0 1024 
0 0 0 0 0 0 0 1024 0 0 0 0 0 0 0 1024 0 0 0 0 0 0 0 1024 
0 0 0 0 0 0 0 1024 0 0 0 0 0 0 0 1024 0 0 0 0 0 0 0 1024 
0 0 0 0 0 0 0 1024 0 0 0 0 0 0 0 1024 0 0 0 0 0 0 0 1024 
0 0 0 0 0 0 0 1024 0 0 0 0 0 0 0 1024 0 0 0 0 0 0 0 1024 
0 0 0 0 0 0 0 1024 0 0 0 0 0 0 0 1024 0 0 0 0 0 0 0 1024 
0 0 0 0 0 0 19 1005 0 0 0 0 0 0 23 1001 0 0 0 0 0 0 0 1024 
0 0 0 0 0 0 3 1021 0 0 0 0 0 0 2 1022 0 0 0 0 0 0 0 1024 
0 0 0 0 0 0 0 1024 0 0 0 0 0 0 0 1024 0 0 0 0 0 0 0 1024 
0 0 0 0 0 0 7 1017 0 0 0 0 0 0 0 1024 0 0 0 0 0 0 0 1024 
0 0 0 0 0 13 85 926 0 0 0 0 0 11 63 950 0 0 0 0 0 2 26 996 
0 0 0 0 0 0 0 1024 0 0 0 0 0 0 0 1024 0 0 0 0 0 0 0 1024 
0 0 0 0 0 0 0 1024 0 0 0 0 0 0 0 1024 0 0 0 0 0 0 0 1024 
0 0 0 0 0 0 0 1024 0 0 0 0 0 0 0 1024 0 0 0 0 0 0 0 1024 
0 0 0 0 0 0 0 1024 0 0 0 0 0 0 0 1024 0 0 0 0 0 0 0 1024 
0 0 0 0 0 0 0 1024 0 0 0 0 0 0 0 1024 0 0 0 0 0 0 0 1024 
0 0 0 0 10 65 225 724 0 0 0 0 0 66 221 737 0 0 0 0 0 23 99 902 
0 0 0 0 0 0 35 989 0 0 0 0 0 0 32 992 0 0 0 0 0 0 0 1024 
0 0 0 0 0 0 0 1024 0 0 0 0 0 0 0 1024 0 0 0 0 0 0 0 1024 
0 0 0 0 0 0 0 1024 0 0 0 0 0 0 0 1024 0 0 0 0 0 0 0 1024 
0 0 0 0 0 0 0 1024 0 0 0 0 0 0 0 1024 0 0 0 0 0 0 0 1024 
0 0 0 0 0 0 0 1024 0 0 0 0 0 0 0 1024 0 0 0 0 0 0 0 1024 
0 449 263 24 0 0 32 256 46 657 1 32 0 0 20 268 259 445 0 32 0 0 0 288 
0 815 209 0 0 0 0 0 82 942 0 0 0 0 0 0 724 300 0 0 0 0 0 0 
2 986 36 0 0 0 0 0 167 857 0 0 0 0 0 0 823 201 0 0 0 0 0 0 
13 459 31 22 155 344 0 0 68 412 32 96 355 61 0 0 393 106 27 208 276 14 0 0 
0 0 0 37 519 468 0 0 0 0 2 138 803 81 0 0 0 0 12 410 599 3 0 0 
0 0 0 0 545 420 59 0 0 0 0 0 736 288 0 0 0 0 0 126 879 19 0 0 
0 0 0 0 507 117 400 0 0 0 0 0 483 541 0 0 0 0 0 0 894 130 0 0 
0 0 0 0 21 646 357 0 0 0 0 0 202 822 0 0 0 0 0 38 847 139 0 0 
0 0 0 0 64 687 201 72 0 0 0 0 1 817 142 64 0 0 0 0 7 904 49 64 
0 0 0 0 0 0 0 1024 0 0 0 0 0 0 0 1024 0 0 0 0 0 0 0 1024 
0 0 0 0 0 0 0 1024 0 0 0 0 0 0 0 1024 0 0 0 0 0 0 0 1024 
0 0 0 0 0 0 0 1024 0 0 0 0 0 0 0 1024 0 0 0 0 0 0 0 1024 
0 0 0 0 0 0 0 1024 0 0 0 0 0 0 0 1024 0 0 0 0 0 0 0 1024 
0 0 0 0 0 0 0 1024 0 0 0 0 0 0 0 1024 0 0 0 0 0 0 0 1024 
0 0 0 0 0 0 0 1024 0 0 0 0 0 0 0 1024 0 0 0 0 0 0 0 1024 
0 0 0 0 0 0 0 1024 0 0 0 0 0 0 0 1024 0 0 0 0 0 0 0 1024 
0 0 0 0 0 0 0 1024 0 0 0 0 0 0 0 1024 0 0 0 0 0 0 0 1024 
0 0 0 0 0 0 0 1024 0 0 0 0 0 0 0 1024 0 0 0 0 0 0 0 1024 
0 0 0 0 0 0 0 1024 0 0 0 0 0 0 0 1024 0 0 0 0 0 0 0 1024 
0 0 0 0 0 0 0 1024 0 0 0 0 0 0 0 1024 0 0 0 0 0 0 0 1024 
0 0 0 0 0 0 0 1024 0 0 0 0 0 0 0 1024 0 0 0 0 0 0 0 1024 
0 0 0 0 0 0 0 1024 0 0 0 0 0 0 0 1024 0 0 0 0 0 0 0 1024 
0 0 0 0 0 0 0 1024 0 0 0 0 0 0 0 1024 0 0 0 0 0 0 0 1024 
0 0 0 0 0 0 0 1024 0 0 0 0 0 0 0 1024 0 0 0 0 0 0 0 1024 
0 0 0 0 0 0 0 1024 0 0 0 0 0 0 0 1024 0 0 0 0 0 0 0 1024 
0 0 0 0 0 0 0 1024 0 0 0 0 0 0 0 1024 0 0 0 0 0 0 0 1024 
0 0 0 0 0 0 0 1024 0 0 0 0 0 0 0 1024 0 0 0 0 0 0 0 1024 
0 0 0 0 0 0 0 1024 0 0 0 0 0 0 0 1024 0 0 0 0 0 0 0 1024 
0 0 0 0 0 0 1 1023 0 0 0 0 0 0 0 1024 0 0 0 0 0 0 0 1024 
0 0 0 0 0 0 0 1024 0 0 0 0 0 0 0 1024 0 0 0 0 0 0 0 1024 
0 0 0 0 0 0 0 1024 0 0 0 0 0 0 0 1024 0 0 0 0 0 0 0 1024 
0 0 0 0 0 0 0 1024 0 0 0 0 0 0 0 1024 0 0 0 0 0 0 0 1024 
0 0 0 0 0 0 0 1024 0 0 0 0 0 0 0 1024 0 0 0 0 0 0 0 1024 
0 0 0 0 0 0 0 1024 0 0 0 0 0 0 0 1024 0 0 0 0 0 0 0 1024 
0 0 0 0 0 0 0 1024 0 0 0 0 0 0 0 1024 0 0 0 0 0 0 0 1024 
0 0 0 0 0 0 0 1024 0 0 0 0 0 0 0 1024 0 0 0 0 0 0 0 1024 
0 0 0 0 0 0 0 1024 0 0 0 0 0 0 0 1024 0 0 0 0 0 0 0 1024 
0 0 0 0 0 0 1 1023 0 0 0 0 0 0 1 1023 0 0 0 0 0 0 0 1024 
47 76 42 29 19 23 43 745 60 65 38 29 17 23 34 758 40 64 44 24 23 18 32 779 
377 107 18 30 10 28 26 428 409 81 17 25 9 25 23 435 375 100 22 13 19 16 25 454 
94 347 367 24 4 3 25 160 110 665 34 21 6 3 10 175 228 496 78 23 8 2 4 185 
0 685 339 0 0 0 0 0 9 1013 2 0 0 0 0 0 517 468 39 0 0 0 0 0 
67 871 86 0 0 0 0 0 275 749 0 0 0 0 0 0 824 200 0 0 0 0 0 0 
4 469 35 27 138 351 0 0 74 406 32 76 395 41 0 0 423 87 26 244 239 5 0 0 
0 0 0 38 672 314 0 0 0 0 0 129 882 13 0 0 0 0 15 390 619 0 0 0 
0 0 0 7 508 399 110 0 0 0 0 2 639 383 0 0 0 0 0 76 752 196 0 0 
0 0 0 18 452 169 385 0 0 0 0 14 474 536 0 0 0 0 0 37 822 165 0 0 
0 0 0 3 50 671 300 0 0 0 0 15 226 783 0 0 0 0 0 45 796 183 0 0 
0 0 0 0 198 554 197 75 0 0 0 0 159 645 156 64 0 0 0 10 199 645 103 67 
0 0 0 0 0 0 0 1024 0 0 0 0 0 0 0 1024 0 0 0 0 0 0 0 1024 
0 0 0 0 0 0 0 1024 0 0 0 0 0 0 0 1024 0 0 0 0 0 0 0 1024 
0 0 0 0 0 0 0 1024 0 0 0 0 0 0 0 1024 0 0 0 0 0 0 0 1024 
0 0 0 0 0 0 123 901 0 0 0 0 0 0 108 916 0 0 0 0 0 0 2 1022 
0 0 0 0 0 0 52 972 0 0 0 0 0 0 36 988 0 0 0 0 0 0 0 1024 
0 0 0 0 0 0 0 1024 0 0 0 0 0 0 0 1024 0 0 0 0 0 0 0 1024 
0 0 0 0 0 0 0 1024 0 0 0 0 0 0 0 1024 0 0 0 0 0 0 0 1024 
0 0 0 0 0 0 0 1024 0 0 0 0 0 0 0 1024 0 0 0 0 0 0 0 1024 
0 0 0 0 0 0 0 1024 0 0 0 0 0 0 0 1024 0 0 0 0 0 0 0 1024 
0 0 0 0 0 0 4 1020 0 0 0 0 0 0 2 1022 0 0 0 0 0 0 0 1024 
0 0 0 0 0 0 0 1024 0 0 0 0 0 0 0 1024 0 0 0 0 0 0 0 1024 
0 0 0 0 0 0 0 1024 0 0 0 0 0 0 0 1024 0 0 0 0 0 0 0 1024 
0 0 0 0 0 0 0 1024 0 0 0 0 0 0 0 1024 0 0 0 0 0 0 0 1024 
0 0 0 0 0 0 0 1024 0 0 0 0 0 0 0 1024 0 0 0 0 0 0 0 1024 
0 0 0 0 0 0 0 1024 0 0 0 0 0 0 0 1024 0 0 0 0 0 0 0 1024 
0 0 0 0 0 0 0 1024 0 0 0 0 0 0 0 1024 0 0 0 0 0 0 0 1024 
0 0 0 0 0 0 0 1024 0 0 0 0 0 0 0 1024 0 0 0 0 0 0 0 1024 
0 0 0 0 0 0 0 1024 0 0 0 0 0 0 0 1024 0 0 0 0 0 0 0 1024 
0 0 0 0 0 0 0 1024 0 0 0 0 0 0 0 1024 0 0 0 0 0 0 0 1024 
0 0 0 0 0 0 0 1024 0 0 0 0 0 0 0 1024 0 0 0 0 0 0 0 1024 
0 0 0 0 0 0 0 1024 0 0 0 0 0 0 0 1024 0 0 0 0 0 0 0 1024 
0 0 0 0 0 0 0 1024 0 0 0 0 0 0 0 1024 0 0 0 0 0 0 0 1024 
0 0 0 0 0 0 0 1024 0 0 0 0 0 0 0 1024 0 0 0 0 0 0 0 1024 
0 0 0 0 0 0 0 1024 0 0 0 0 0 0 0 1024 0 0 0 0 0 0 0 1024 
0 0 0 0 0 0 0 1024 0 0 0 0 0 0 0 1024 0 0 0 0 0 0 0 1024 
0 0 0 0 0 0 0 1024 0 0 0 0 0 0 0 1024 0 0 0 0 0 0 0 1024 
0 0 0 0 0 0 0 1024 0 0 0 0 0 0 0 1024 0 0 0 0 0 0 0 1024 
0 1 0 0 2 0 5 1016 0 0 1 0 1 1 4 1017 0 0 0 1 0 1 2 1020 
376 158 30 20 18 22 23 377 436 100 28 19 18 18 24 381 376 133 33 23 19 16 25 399 
918 92 2 2 3 2 3 2 951 59 2 2 3 2 3 2 901 98 12 1 2 4 2 4 
1021 3 0 0 0 0 0 0 1024 0 0 0 0 0 0 0 1020 4 0 0 0 0 0 0 
832 159 33 0 0 0 0 0 842 154 28 0 0 0 0 0 772 168 84 0 0 0 0 0 
205 771 46 2 0 0 0 0 220 777 25 2 0 0 0 0 106 489 427 2 0 0 0 0 
201 663 108 37 15 0 0 0 253 681 39 35 16 0 0 0 515 364 88 20 35 2 0 0 
2 474 36 26 159 327 0 0 16 465 34 61 443 5 0 0 348 163 33 232 248 0 0 0 
0 0 0 19 692 313 0 0 0 0 0 98 864 62 0 0 0 0 3 202 819 0 0 0 
0 0 0 14 433 464 113 0 0 0 0 8 524 492 0 0 0 0 0 30 761 233 0 0 
0 0 0 12 437 216 359 0 0 0 0 9 411 604 0 0 0 0 0 15 776 233 0 0 
0 0 0 0 0 325 699 0 0 0 0 0 15 1002 7 0 0 0 0 1 485 538 0 0 
0 0 0 0 0 776 165 83 0 0 0 0 5 894 61 64 0 0 0 0 36 892 32 64 
0 0 0 0 0 0 4 1020 0 0 0 0 0 0 1 1023 0 0 0 0 0 0 0 1024 
0 0 0 0 0 0 0 1024 0 0 0 0 0 0 0 1024 0 0 0 0 0 0 0 1024 
0 0 0 0 0 0 0 1024 0 0 0 0 0 0 0 1024 0 0 0 0 0 0 0 1024 
0 0 0 0 0 0 3 1021 0 0 0 0 0 0 3 1021 0 0 0 0 0 0 1 1023 
0 0 0 0 0 0 0 1024 0 0 0 0 0 0 0 1024 0 0 0 0 0 0 0 1024 
0 0 0 0 0 0 0 1024 0 0 0 0 0 0 0 1024 0 0 0 0 0 0 0 1024 
0 0 0 0 0 0 0 1024 0 0 0 0 0 0 0 1024 0 0 0 0 0 0 0 1024 
0 0 0 0 0 0 0 1024 0 0 0 0 0 0 0 1024 0 0 0 0 0 0 0 1024 
0 0 0 0 0 0 0 1024 0 0 0 0 0 0 0 1024 0 0 0 0 0 0 0 1024 
0 0 0 0 0 0 112 912 0 0 0 0 0 0 91 933 0 0 0 0 0 0 0 1024 
0 0 0 0 0 0 0 1024 0 0 0 0 0 0 0 1024 0 0 0 0 0 0 0 1024 
0 0 0 0 0 0 0 1024 0 0 0 0 0 0 0 1024 0 0 0 0 0 0 0 1024 
0 0 0 0 0 0 0 1024 0 0 0 0 0 0 0 1024 0 0 0 0 0 0 0 1024 
0 0 0 0 0 0 0 1024 0 0 0 0 0 0 0 1024 0 0 0 0 0 0 0 1024 
0 0 0 0 0 2 135 887 0 0 0 0 0 0 134 890 0 0 0 0 0 0 6 1018 
0 0 0 0 0 5 452 567 0 0 0 0 0 0 416 608 0 0 0 0 0 0 31 993 
0 0 0 0 0 0 132 892 0 0 0 0 0 0 97 927 0 0 0 0 0 0 0 1024 
0 0 0 0 0 0 0 1024 0 0 0 0 0 0 0 1024 0 0 0 0 0 0 0 1024 
0 0 0 0 0 0 0 1024 0 0 0 0 0 0 0 1024 0 0 0 0 0 0 0 1024 
0 0 0 0 0 0 0 1024 0 0 0 0 0 0 0 1024 0 0 0 0 0 0 0 1024 
0 0 0 0 0 0 0 1024 0 0 0 0 0 0 0 1024 0 0 0 0 0 0 0 1024 
0 0 0 0 0 0 0 1024 0 0 0 0 0 0 0 1024 0 0 0 0 0 0 0 1024 
0 0 0 0 0 0 0 1024 0 0 0 0 0 0 0 1024 0 0 0 0 0 0 0 1024 
0 0 0 0 0 0 0 1024 0 0 0 0 0 0 0 1024 0 0 0 0 0 0 0 1024 
0 0 0 0 0 0 0 1024 0 0 0 0 0 0 0 1024 0 0 0 0 0 0 0 1024 
0 0 0 0 0 0 0 1024 0 0 0 0 0 0 0 1024 0 0 0 0 0 0 0 1024 
0 0 0 0 0 0 0 1024 0 0 0 0 0 0 0 1024 0 0 0 0 0 0 0 1024 
315 36 14 11 12 19 17 600 311 36 13 14 12 17 17 604 265 59 24 12 13 15 21 615 
1023 1 0 0 0 0 0 0 1024 0 0 0 0 0 0 0 1022 2 0 0 0 0 0 0 
1024 0 0 0 0 0 0 0 1024 0 0 0 0 0 0 0 1024 0 0 0 0 0 0 0 
1024 0 0 0 0 0 0 0 1024 0 0 0 0 0 0 0 1024 0 0 0 0 0 0 0 
975 32 17 0 0 0 0 0 980 31 13 0 0 0 0 0 979 29 16 0 0 0 0 0 
957 67 0 0 0 0 0 0 965 59 0 0 0 0 0 0 901 123 0 0 0 0 0 0 
830 107 33 44 10 0 0 0 872 69 31 43 9 0 0 0 779 144 38 37 26 0 0 0 
563 225 26 34 49 127 0 0 711 90 27 38 155 3 0 0 654 157 33 49 131 0 0 0 
53 86 52 68 576 189 0 0 76 78 47 99 632 92 0 0 65 94 48 134 643 40 0 0 
0 0 0 8 351 526 139 0 0 0 0 4 428 592 0 0 0 0 0 13 678 333 0 0 
0 0 0 29 452 193 350 0 0 0 0 17 459 548 0 0 0 0 0 40 811 173 0 0 
0 0 0 0 2 101 921 0 0 0 0 0 11 982 31 0 0 0 0 6 449 569 0 0 
0 0 0 0 44 663 221 96 0 0 0 0 26 807 115 76 0 0 0 0 41 827 77 79 
0 0 0 0 0 0 0 1024 0 0 0 0 0 0 0 1024 0 0 0 0 0 0 0 1024 
0 0 0 0 0 0 0 1024 0 0 0 0 0 0 0 1024 0 0 0 0 0 0 0 1024 
0 0 0 0 0 0 0 1024 0 0 0 0 0 0 0 1024 0 0 0 0 0 0 0 1024 
0 0 0 0 0 0 0 1024 0 0 0 0 0 0 0 1024 0 0 0 0 0 0 0 1024 
0 0 0 0 0 0 0 1024 0 0 0 0 0 0 0 1024 0 0 0 0 0 0 0 1024 
0 0 0 0 0 0 0 1024 0 0 0 0 0 0 0 1024 0 0 0 0 0 0 0 1024 
0 0 0 0 0 0 0 1024 0 0 0 0 0 0 0 1024 0 0 0 0 0 0 0 1024 
0 0 0 0 0 0 0 1024 0 0 0 0 0 0 0 1024 0 0 0 0 0 0 0 1024 
0 0 0 0 0 0 0 1024 0 0 0 0 0 0 0 1024 0 0 0 0 0 0 0 1024 
0 0 0 0 0 0 0 1024 0 0 0 0 0 0 0 1024 0 0 0 0 0 0 0 1024 
0 0 0 0 0 0 0 1024 0 0 0 0 0 0 0 1024 0 0 0 0 0 0 0 1024 
0 0 0 0 0 0 0 1024 0 0 0 0 0 0 0 1024 0 0 0 0 0 0 0 1024 
0 0 0 0 0 0 0 1024 0 0 0 0 0 0 0 1024 0 0 0 0 0 0 0 1024 
0 0 0 0 0 0 0 1024 0 0 0 0 0 0 0 1024 0 0 0 0 0 0 0 1024 
0 0 0 0 0 0 0 1024 0 0 0 0 0 0 0 1024 0 0 0 0 0 0 0 1024 
0 0 0 0 0 0 0 1024 0 0 0 0 0 0 0 1024 0 0 0 0 0 0 0 1024 
0 0 0 0 0 0 0 1024 0 0 0 0 0 0 0 1024 0 0 0 0 0 0 0 1024 
0 0 0 0 0 0 0 1024 0 0 0 0 0 0 0 1024 0 0 0 0 0 0 0 1024 
0 0 0 0 0 0 0 1024 0 0 0 0 0 0 0 1024 0 0 0 0 0 0 0 1024 
0 0 0 0 0 0 0 1024 0 0 0 0 0 0 0 1024 0 0 0 0 0 0 0 1024 
0 0 0 0 0 0 0 1024 0 0 0 0 0 0 0 1024 0 0 0 0 0 0 0 1024 
0 0 0 0 0 0 0 1024 0 0 0 0 0 0 0 1024 0 0 0 0 0 0 0 1024 
0 0 0 0 0 0 0 1024 0 0 0 0 0 0 0 1024 0 0 0 0 0 0 0 1024 
26 3 1 5 1 2 6 980 19 9 1 5 2 1 5 982 2 16 10 0 4 3 3 986 
444 142 8 8 8 10 7 397 489 94 7 12 4 12 8 398 148 377 48 14 11 6 12 408 
427 138 19 8 14 8 12 398 467 110 9 9 12 10 11 396 186 307 36 26 17 14 15 423 
11 22 7 10 5 6 11 952 14 19 11 7 6 6 9 952 2 13 9 5 6 12 9 968 
714 69 11 11 11 10 16 182 728 52 12 10 11 9 17 185 685 70 25 10 9 14 12 199 
1024 0 0 0 0 0 0 0 1024 0 0 0 0 0 0 0 1024 0 0 0 0 0 0 0 
1024 0 0 0 0 0 0 0 1024 0 0 0 0 0 0 0 1024 0 0 0 0 0 0 0 
997 27 0 0 0 0 0 0 999 25 0 0 0 0 0 0 998 26 0 0 0 0 0 0 
961 63 0 0 0 0 0 0 972 52 0 0 0 0 0 0 975 49 0 0 0 0 0 0 
1024 0 0 0 0 0 0 0 1024 0 0 0 0 0 0 0 1024 0 0 0 0 0 0 0 
838 128 34 24 0 0 0 0 892 81 31 20 0 0 0 0 885 89 32 18 0 0 0 0 
96 358 117 109 135 146 63 0 221 290 111 125 121 134 22 0 171 322 103 121 120 121 65 1 
0 8 20 34 585 360 10 7 0 19 28 43 672 248 12 2 1 20 25 75 734 154 7 8 
0 0 0 0 229 655 140 0 0 0 0 0 211 813 0 0 0 0 0 4 563 457 0 0 
0 0 0 36 311 435 242 0 0 0 0 34 284 700 6 0 0 0 0 70 693 260 1 0 
0 0 0 0 0 144 875 5 0 0 0 0 20 915 89 0 0 0 0 0 476 513 35 0 
0 0 0 0 0 687 239 98 0 0 0 0 0 800 130 94 0 0 0 0 12 826 104 82 
0 0 0 0 0 0 0 1024 0 0 0 0 0 0 0 1024 0 0 0 0 0 0 0 1024 
0 0 0 0 0 0 0 1024 0 0 0 0 0 0 0 1024 0 0 0 0 0 0 0 1024 
0 0 0 0 0 0 0 1024 0 0 0 0 0 0 0 1024 0 0 0 0 0 0 0 1024 
0 0 0 0 0 0 0 1024 0 0 0 0 0 0 0 1024 0 0 0 0 0 0 0 1024 
0 0 0 0 0 0 0 1024 0 0 0 0 0 0 0 1024 0 0 0 0 0 0 0 1024 
0 0 0 0 0 0 0 1024 0 0 0 0 0 0 0 1024 0 0 0 0 0 0 0 1024 
0 0 0 0 0 0 0 1024 0 0 0 0 0 0 0 1024 0 0 0 0 0 0 0 1024 
0 0 0 0 0 0 0 1024 0 0 0 0 0 0 0 1024 0 0 0 0 0 0 0 1024 
0 0 0 0 0 0 0 1024 0 0 0 0 0 0 0 1024 0 0 0 0 0 0 0 1024 
0 0 0 0 0 0 0 1024 0 0 0 0 0 0 0 1024 0 0 0 0 0 0 0 1024 
0 0 0 0 0 0 0 1024 0 0 0 0 0 0 0 1024 0 0 0 0 0 0 0 1024 
0 0 0 0 0 0 0 1024 0 0 0 0 0 0 0 1024 0 0 0 0 0 0 0 1024 
0 0 0 0 0 0 0 1024 0 0 0 0 0 0 0 1024 0 0 0 0 0 0 0 1024 
0 0 0 0 0 0 0 1024 0 0 0 0 0 0 0 1024 0 0 0 0 0 0 0 1024 
0 0 0 0 0 0 0 1024 0 0 0 0 0 0 0 1024 0 0 0 0 0 0 0 1024 
0 0 0 0 0 0 0 1024 0 0 0 0 0 0 0 1024 0 0 0 0 0 0 0 1024 
0 0 0 0 0 0 0 1024 0 0 0 0 0 0 0 1024 0 0 0 0 0 0 0 1024 
0 241 57 16 10 12 24 664 0 241 58 16 10 14 20 665 0 57 189 42 19 12 15 690 
0 0 0 0 0 0 0 1024 0 0 0 0 0 0 0 1024 0 0 0 0 0 0 0 1024 
0 0 0 0 0 0 0 1024 0 0 0 0 0 0 0 1024 0 0 0 0 0 0 0 1024 
0 0 0 0 0 0 0 1024 0 0 0 0 0 0 0 1024 0 0 0 0 0 0 0 1024 
7 6 2 1 1 3 4 1000 4 7 2 2 2 2 1 1004 2 2 7 2 2 2 2 1005 
404 75 8 7 7 9 15 499 414 64 7 5 10 6 10 508 250 192 27 11 8 7 13 516 
843 65 5 6 5 5 8 87 847 59 7 4 6 6 6 89 572 303 22 11 6 5 9 96 
1019 5 0 0 0 0 0 0 1022 2 0 0 0 0 0 0 910 114 0 0 0 0 0 0 
1023 1 0 0 0 0 0 0 1024 0 0 0 0 0 0 0 985 39 0 0 0 0 0 0 
864 113 24 6 3 5 2 7 879 104 20 6 2 4 3 6 753 197 29 17 8 5 4 11 
1008 5 3 2 1 1 2 2 1009 5 2 1 2 1 1 3 997 16 1 2 2 1 1 4 
1024 0 0 0 0 0 0 0 1024 0 0 0 0 0 0 0 1024 0 0 0 0 0 0 0 
1024 0 0 0 0 0 0 0 1024 0 0 0 0 0 0 0 1024 0 0 0 0 0 0 0 
950 65 9 0 0 0 0 0 972 49 3 0 0 0 0 0 970 53 1 0 0 0 0 0 
788 230 6 0 0 0 0 0 1024 0 0 0 0 0 0 0 1015 9 0 0 0 0 0 0 
686 129 113 59 23 14 0 0 885 66 17 19 21 16 0 0 728 213 19 12 18 21 13 0 
574 304 99 33 14 0 0 0 673 273 42 32 4 0 0 0 628 314 41 37 4 0 0 0 
0 4 129 260 359 265 7 0 0 45 211 280 405 83 0 0 0 43 209 268 397 104 3 0 
0 0 0 1 546 394 79 4 0 0 0 0 656 334 34 0 0 0 0 5 671 300 45 3 
0 0 0 0 248 647 129 0 0 0 0 4 176 844 0 0 0 0 0 23 465 523 13 0 
0 0 0 0 367 211 446 0 0 0 0 0 236 783 5 0 0 0 0 0 441 583 0 0 
0 0 0 0 0 106 918 0 0 0 0 0 15 800 209 0 0 0 0 0 117 889 18 0 
41 17 4 3 79 643 140 97 44 16 3 0 79 706 80 96 35 23 4 6 125 708 27 96 
0 0 0 0 0 0 0 1024 0 0 0 0 0 0 0 1024 0 0 0 0 0 0 0 1024 
0 0 0 0 0 0 2 1022 0 0 0 0 0 0 0 1024 0 0 0 0 0 0 0 1024 
0 0 0 0 0 0 0 1024 0 0 0 0 0 0 0 1024 0 0 0 0 0 0 0 1024 
0 0 0 0 0 0 0 1024 0 0 0 0 0 0 0 1024 0 0 0 0 0 0 0 1024 
0 0 0 0 0 0 0 1024 0 0 0 0 0 0 0 1024 0 0 0 0 0 0 0 1024 
0 0 0 0 0 0 0 1024 0 0 0 0 0 0 0 1024 0 0 0 0 0 0 0 1024 
0 0 0 0 0 0 0 1024 0 0 0 0 0 0 0 1024 0 0 0 0 0 0 0 1024 
0 0 0 0 0 0 0 1024 0 0 0 0 0 0 0 1024 0 0 0 0 0 0 0 1024 
0 0 0 0 0 0 0 1024 0 0 0 0 0 0 0 1024 0 0 0 0 0 0 0 1024 
0 0 0 0 0 0 0 1024 0 0 0 0 0 0 0 1024 0 0 0 0 0 0 0 1024 
0 0 0 0 0 0 0 1024 0 0 0 0 0 0 0 1024 0 0 0 0 0 0 0 1024 
0 0 0 0 0 0 0 1024 0 0 0 0 0 0 0 1024 0 0 0 0 0 0 0 1024 
0 0 0 0 0 0 0 1024 0 0 0 0 0 0 0 1024 0 0 0 0 0 0 0 1024 
0 0 0 0 0 0 0 1024 0 0 0 0 0 0 0 1024 0 0 0 0 0 0 0 1024 
0 0 0 0 0 0 4 1020 0 0 0 0 0 0 6 1018 0 0 0 0 0 0 7 1017 
0 0 0 0 0 0 6 1018 0 0 0 0 0 0 5 1019 0 0 0 0 0 0 5 1019 
0 0 0 0 0 0 0 1024 0 0 0 0 0 0 0 1024 0 0 0 0 0 0 0 1024 
126 645 150 36 6 8 5 48 131 639 148 40 9 5 9 43 59 469 310 83 27 8 10 58 
0 4 25 5 5 7 8 970 0 7 24 4 8 5 8 968 0 0 9 9 9 6 6 985 
0 0 0 0 0 0 0 1024 0 0 0 0 0 0 0 1024 0 0 0 0 0 0 0 1024 
52 2 6 1 3 5 6 949 48 5 5 3 0 6 5 952 24 25 4 4 4 2 5 956 
712 41 9 7 5 6 12 232 713 37 8 6 7 8 10 235 571 152 20 10 9 9 10 243 
1024 0 0 0 0 0 0 0 1024 0 0 0 0 0 0 0 1013 11 0 0 0 0 0 0 
1024 0 0 0 0 0 0 0 1024 0 0 0 0 0 0 0 1021 3 0 0 0 0 0 0 
1024 0 0 0 0 0 0 0 1024 0 0 0 0 0 0 0 1023 1 0 0 0 0 0 0 
1024 0 0 0 0 0 0 0 1024 0 0 0 0 0 0 0 1024 0 0 0 0 0 0 0 
1024 0 0 0 0 0 0 0 1024 0 0 0 0 0 0 0 1024 0 0 0 0 0 0 0 
1024 0 0 0 0 0 0 0 1024 0 0 0 0 0 0 0 1024 0 0 0 0 0 0 0 
1024 0 0 0 0 0 0 0 1024 0 0 0 0 0 0 0 1024 0 0 0 0 0 0 0 
1024 0 0 0 0 0 0 0 1024 0 0 0 0 0 0 0 1024 0 0 0 0 0 0 0 
1003 21 0 0 0 0 0 0 1024 0 0 0 0 0 0 0 1024 0 0 0 0 0 0 0 
1019 3 2 0 0 0 0 0 1020 4 0 0 0 0 0 0 1020 4 0 0 0 0 0 0 
947 70 7 0 0 0 0 0 961 58 5 0 0 0 0 0 936 78 10 0 0 0 0 0 
161 234 278 173 118 56 4 0 210 250 311 84 110 56 3 0 160 275 284 102 82 107 14 0 
0 16 67 496 372 73 0 0 3 58 313 502 148 0 0 0 4 63 368 439 150 0 0 0 
179 142 81 42 341 215 24 0 177 147 85 49 390 174 2 0 174 106 109 59 423 150 3 0 
140 187 115 51 146 285 100 0 145 196 99 56 68 451 9 0 139 73 187 93 237 295 0 0 
47 146 228 80 225 111 187 0 48 154 226 71 134 369 22 0 32 60 202 195 273 262 0 0 
39 177 104 38 18 95 553 0 41 185 100 35 57 472 134 0 16 109 160 70 124 515 30 0 
480 203 46 27 32 75 96 65 515 176 43 27 28 95 76 64 388 264 60 38 33 110 63 68 
63 55 106 121 20 12 15 632 70 50 117 112 17 11 14 633 39 43 72 126 68 22 13 641 
27 83 233 76 13 10 8 574 29 87 233 75 8 10 9 573 19 43 107 207 27 25 15 581 
0 370 261 43 14 8 9 319 0 378 261 39 11 7 10 318 0 228 323 76 22 32 16 327 
75 300 340 148 29 11 16 105 77 308 328 151 29 11 15 105 19 214 304 245 81 28 13 120 
0 65 204 186 57 10 8 494 0 61 198 204 44 12 9 496 0 7 100 241 148 16 9 503 
0 0 0 0 0 0 0 1024 0 0 0 0 0 0 0 1024 0 0 0 0 0 0 0 1024 
0 0 0 0 0 0 11 1013 0 0 0 0 0 0 11 1013 0 0 0 0 0 0 9 1015 
0 0 0 0 0 0 18 1006 0 0 0 0 0 0 22 1002 0 0 0 0 0 0 18 1006 
0 0 0 0 0 0 0 1024 0 0 0 0 0 0 0 1024 0 0 0 0 0 0 0 1024 
0 0 0 0 0 0 0 1024 0 0 0 0 0 0 0 1024 0 0 0 0 0 0 0 1024 
0 0 0 0 0 0 0 1024 0 0 0 0 0 0 0 1024 0 0 0 0 0 0 0 1024 
0 0 0 0 0 0 0 1024 0 0 0 0 0 0 0 1024 0 0 0 0 0 0 0 1024 
0 0 0 0 0 0 0 1024 0 0 0 0 0 0 0 1024 0 0 0 0 0 0 0 1024 
0 0 0 0 0 0 0 1024 0 0 0 0 0 0 0 1024 0 0 0 0 0 0 0 1024 
0 0 0 0 0 37 183 804 0 0 0 0 0 95 133 796 0 0 0 0 0 101 135 788 
0 0 0 0 0 0 249 775 0 0 0 0 0 6 289 729 0 0 0 0 0 0 275 749 
0 0 0 0 0 0 346 678 0 0 0 0 0 2 367 655 0 0 0 0 0 0 345 679 
1 219 91 73 62 11 10 557 0 226 119 75 33 10 13 548 0 113 167 95 51 11 13 574 
0 0 0 0 0 0 0 1024 0 0 0 0 0 0 0 1024 0 0 0 0 0 0 0 1024 
0 0 0 0 0 0 0 1024 0 0 0 0 0 0 0 1024 0 0 0 0 0 0 0 1024 
462 9 9 5 8 10 21 500 454 13 7 7 7 10 14 512 394 63 12 8 5 9 9 524 
1024 0 0 0 0 0 0 0 1024 0 0 0 0 0 0 0 1024 0 0 0 0 0 0 0 
1024 0 0 0 0 0 0 0 1024 0 0 0 0 0 0 0 1024 0 0 0 0 0 0 0 
1024 0 0 0 0 0 0 0 1024 0 0 0 0 0 0 0 1024 0 0 0 0 0 0 0 
1024 0 0 0 0 0 0 0 1024 0 0 0 0 0 0 0 1024 0 0 0 0 0 0 0 
1024 0 0 0 0 0 0 0 1024 0 0 0 0 0 0 0 1024 0 0 0 0 0 0 0 
1024 0 0 0 0 0 0 0 1024 0 0 0 0 0 0 0 1024 0 0 0 0 0 0 0 
1024 0 0 0 0 0 0 0 1024 0 0 0 0 0 0 0 1024 0 0 0 0 0 0 0 
1024 0 0 0 0 0 0 0 1024 0 0 0 0 0 0 0 1021 3 0 0 0 0 0 0 
1024 0 0 0 0 0 0 0 1024 0 0 0 0 0 0 0 1023 1 0 0 0 0 0 0 
1024 0 0 0 0 0 0 0 1024 0 0 0 0 0 0 0 1024 0 0 0 0 0 0 0 
1024 0 0 0 0 0 0 0 1024 0 0 0 0 0 0 0 1024 0 0 0 0 0 0 0 
898 124 2 0 0 0 0 0 948 74 2 0 0 0 0 0 915 107 2 0 0 0 0 0 
459 198 44 206 117 0 0 0 428 207 162 213 14 0 0 0 453 209 177 182 3 0 0 0 
231 67 79 371 261 15 0 0 263 68 294 324 75 0 0 0 249 94 321 308 52 0 0 0 
566 285 34 16 89 31 3 0 594 259 34 21 98 18 0 0 537 292 61 37 85 12 0 0 
634 96 110 60 55 63 6 0 651 84 106 63 71 49 0 0 628 92 77 104 90 25 8 0 
413 159 116 178 91 26 41 0 442 135 126 163 82 75 1 0 399 163 87 217 113 45 0 0 
562 193 96 130 21 4 18 0 566 192 93 134 17 14 8 0 508 181 145 137 31 14 8 0 
497 75 19 5 12 324 44 48 502 74 16 3 17 307 60 45 457 95 35 8 19 299 68 43 
535 49 53 105 19 11 7 245 538 49 53 105 17 10 7 245 453 81 59 103 51 15 14 248 
376 110 82 142 14 6 46 248 385 102 85 142 12 4 93 201 292 154 99 142 30 9 79 219 
431 121 58 6 7 5 12 384 445 121 46 4 8 7 119 274 334 199 75 7 6 6 135 262 
491 193 60 9 9 9 28 225 509 184 52 10 9 9 135 116 391 257 92 11 8 11 86 168 
77 239 42 27 6 8 51 574 91 220 50 25 4 12 65 557 29 259 65 31 6 5 74 555 
0 0 5 7 5 31 57 919 0 0 5 7 7 33 67 905 0 0 0 7 7 13 91 906 
0 0 19 50 14 28 68 845 0 0 16 51 17 27 76 837 0 0 0 33 42 15 82 852 
0 0 13 117 19 22 102 751 0 0 8 119 22 25 127 723 0 0 0 60 79 14 111 760 
0 5 10 179 19 22 44 745 0 5 7 181 20 27 55 729 0 0 7 55 144 12 69 737 
0 19 42 201 16 18 45 683 0 19 42 198 19 30 49 667 0 0 34 90 147 14 72 667 
0 36 83 130 73 37 61 604 0 32 86 133 65 46 90 572 0 23 50 81 135 55 104 576 
0 0 0 0 0 0 160 864 0 0 0 0 0 0 306 718 0 0 0 0 0 0 268 756 
0 0 0 0 0 0 36 988 0 0 0 0 0 0 115 909 0 0 0 0 0 0 63 961 
0 0 0 0 0 0 0 1024 0 0 0 0 0 0 37 987 0 0 0 0 0 0 2 1022 
0 0 0 0 0 0 0 1024 0 0 0 0 0 0 3 1021 0 0 0 0 0 0 4 1020 
0 0 0 0 0 0 0 1024 0 0 0 0 0 0 7 1017 0 0 0 0 0 0 32 992 
0 0 0 0 0 0 9 1015 0 0 0 0 0 0 78 946 0 0 0 0 0 0 102 922 
0 297 66 24 11 21 71 534 0 292 83 19 5 15 64 546 0 220 105 33 19 20 45 582 
0 0 0 0 0 36 95 893 0 0 0 0 0 8 98 918 0 0 0 0 0 23 69 932 
0 0 0 0 0 85 100 839 0 0 0 0 0 28 148 848 0 0 0 0 0 79 90 855 
795 7 4 4 11 27 35 141 787 10 5 6 9 12 44 151 772 24 8 1 10 25 25 159 
1024 0 0 0 0 0 0 0 1024 0 0 0 0 0 0 0 1024 0 0 0 0 0 0 0 
1024 0 0 0 0 0 0 0 1024 0 0 0 0 0 0 0 1024 0 0 0 0 0 0 0 
1024 0 0 0 0 0 0 0 1024 0 0 0 0 0 0 0 1024 0 0 0 0 0 0 0 
1024 0 0 0 0 0 0 0 1024 0 0 0 0 0 0 0 1024 0 0 0 0 0 0 0 
1024 0 0 0 0 0 0 0 1024 0 0 0 0 0 0 0 1024 0 0 0 0 0 0 0 
1024 0 0 0 0 0 0 0 1024 0 0 0 0 0 0 0 1024 0 0 0 0 0 0 0 
1024 0 0 0 0 0 0 0 1024 0 0 0 0 0 0 0 1024 0 0 0 0 0 0 0 
1024 0 0 0 0 0 0 0 1024 0 0 0 0 0 0 0 1024 0 0 0 0 0 0 0 
1020 4 0 0 0 0 0 0 1024 0 0 0 0 0 0 0 997 27 0 0 0 0 0 0 
1024 0 0 0 0 0 0 0 1024 0 0 0 0 0 0 0 1022 2 0 0 0 0 0 0 
1024 0 0 0 0 0 0 0 1024 0 0 0 0 0 0 0 1024 0 0 0 0 0 0 0 
1019 5 0 0 0 0 0 0 1019 5 0 0 0 0 0 0 1016 8 0 0 0 0 0 0 
417 36 30 251 290 0 0 0 429 36 190 365 4 0 0 0 428 36 211 345 4 0 0 0 
34 39 92 184 361 308 6 0 54 122 132 274 380 62 0 0 52 96 139 268 416 53 0 0 
0 0 0 27 575 422 0 0 0 0 2 46 684 292 0 0 0 0 8 89 784 136 7 0 
0 0 0 0 284 530 210 0 0 0 0 9 218 716 81 0 0 0 0 30 333 661 0 0 
514 50 32 51 255 65 57 0 521 45 33 51 225 142 7 0 491 64 41 47 275 98 8 0 
712 76 57 123 53 3 0 0 716 79 53 121 53 2 0 0 685 93 56 95 91 4 0 0 
88 120 262 102 114 231 67 40 93 178 205 100 113 233 69 33 40 76 256 163 97 285 69 38 
335 138 318 34 54 35 37 73 342 195 256 33 55 36 37 70 273 94 316 114 39 61 50 77 
147 130 494 77 120 5 22 29 155 132 494 77 110 5 33 18 93 102 283 329 144 19 27 27 
119 336 297 106 57 12 18 79 132 332 287 110 59 8 51 45 22 313 222 237 105 26 58 41 
116 316 335 171 14 13 17 42 148 290 338 161 15 18 31 23 39 258 290 301 58 14 42 22 
283 146 296 239 16 34 10 0 340 145 260 218 17 35 9 0 313 153 93 347 65 13 40 0 
26 87 643 259 9 0 0 0 31 526 230 232 5 0 0 0 24 537 91 282 87 3 0 0 
37 156 118 286 18 9 12 388 29 164 109 296 15 8 11 392 19 143 75 219 157 10 10 391 
28 148 59 159 13 7 7 603 23 152 55 163 13 7 6 605 2 129 84 111 81 7 7 603 
12 138 56 108 10 7 11 682 10 140 54 111 9 6 11 683 1 97 89 92 43 8 11 683 
8 106 40 71 10 9 11 769 0 107 44 75 9 11 9 769 0 88 55 66 25 10 10 770 
8 97 12 16 9 7 12 863 6 100 11 16 9 8 19 855 6 100 11 18 7 8 20 854 
0 0 0 0 0 0 16 1008 0 0 0 0 0 0 147 877 0 0 0 0 0 0 147 877 
0 0 0 0 0 0 143 881 0 0 0 0 0 0 263 761 0 0 0 0 0 0 252 772 
0 0 0 0 0 0 35 989 0 0 0 0 0 0 116 908 0 0 0 0 0 0 149 875 
0 0 0 0 0 0 135 889 0 0 0 0 0 0 188 836 0 0 0 0 0 0 147 877 
0 0 0 0 0 0 62 962 0 0 0 0 0 0 257 767 0 0 0 0 0 0 220 804 
0 0 0 0 0 0 267 757 0 0 0 0 0 0 335 689 0 0 0 0 0 0 304 720 
3 250 83 14 13 381 277 3 0 265 72 12 13 33 581 48 0 218 85 37 18 385 280 1 
0 0 0 0 0 536 488 0 0 0 0 0 0 2 967 55 0 0 0 0 0 549 475 0 
0 0 0 0 0 362 645 17 0 0 0 0 0 0 910 114 0 0 0 0 0 444 580 0 
609 6 12 11 12 49 294 31 603 7 7 13 10 10 211 163 605 8 11 10 12 53 319 6 
1024 0 0 0 0 0 0 0 1024 0 0 0 0 0 0 0 1024 0 0 0 0 0 0 0 
1024 0 0 0 0 0 0 0 1024 0 0 0 0 0 0 0 1024 0 0 0 0 0 0 0 
1024 0 0 0 0 0 0 0 1024 0 0 0 0 0 0 0 1024 0 0 0 0 0 0 0 
1024 0 0 0 0 0 0 0 1024 0 0 0 0 0 0 0 1024 0 0 0 0 0 0 0 
1024 0 0 0 0 0 0 0 1024 0 0 0 0 0 0 0 1024 0 0 0 0 0 0 0 
1024 0 0 0 0 0 0 0 1024 0 0 0 0 0 0 0 1024 0 0 0 0 0 0 0 
1024 0 0 0 0 0 0 0 1024 0 0 0 0 0 0 0 1024 0 0 0 0 0 0 0 
1024 0 0 0 0 0 0 0 1024 0 0 0 0 0 0 0 1024 0 0 0 0 0 0 0 
1022 2 0 0 0 0 0 0 1023 1 0 0 0 0 0 0 1008 16 0 0 0 0 0 0 
1020 4 0 0 0 0 0 0 1023 1 0 0 0 0 0 0 836 188 0 0 0 0 0 0 
1006 18 0 0 0 0 0 0 1008 16 0 0 0 0 0 0 996 28 0 0 0 0 0 0 
779 120 123 2 0 0 0 0 829 177 18 0 0 0 0 0 813 191 20 0 0 0 0 0 
235 142 127 351 169 0 0 0 306 131 321 265 1 0 0 0 196 234 339 255 0 0 0 0 
185 444 124 17 39 215 0 0 244 407 107 39 149 78 0 0 141 389 225 36 182 51 0 0 
111 58 241 130 216 268 0 0 120 207 181 74 286 156 0 0 88 177 232 102 374 51 0 0 
335 76 23 149 174 191 76 0 344 73 134 137 95 230 11 0 285 127 122 130 162 198 0 0 
563 430 16 14 1 0 0 0 593 400 16 14 1 0 0 0 416 537 55 13 3 0 0 0 
345 316 341 21 1 0 0 0 346 326 330 21 1 0 0 0 312 202 483 23 4 0 0 0 
26 27 944 22 5 0 0 0 26 33 939 21 5 0 0 0 21 17 794 176 16 0 0 0 
0 21 1001 2 0 0 0 0 0 29 995 0 0 0 0 0 0 0 744 280 0 0 0 0 
129 273 622 0 0 0 0 0 139 296 589 0 0 0 0 0 107 195 676 46 0 0 0 0 
831 193 0 0 0 0 0 0 846 178 0 0 0 0 0 0 681 336 7 0 0 0 0 0 
1023 1 0 0 0 0 0 0 1024 0 0 0 0 0 0 0 1018 6 0 0 0 0 0 0 
650 208 23 17 125 1 0 0 835 60 127 2 0 0 0 0 846 163 15 0 0 0 0 0 
0 82 291 56 365 22 20 188 26 331 404 35 19 12 14 183 71 633 83 19 12 13 18 175 
0 0 0 0 0 1 1 1022 0 0 0 0 0 1 1 1022 0 0 0 0 0 1 1 1022 
0 0 0 0 0 0 0 1024 0 0 0 0 0 0 0 1024 0 0 0 0 0 0 23 1001 
0 0 0 0 0 0 0 1024 0 0 0 0 0 0 0 1024 0 0 0 0 0 0 0 1024 
0 0 0 0 0 0 0 1024 0 0 0 0 0 0 0 1024 0 0 0 0 0 0 61 963 
0 0 0 0 0 0 0 1024 0 0 0 0 0 0 0 1024 0 0 0 0 0 0 11 1013 
0 0 0 0 0 0 0 1024 0 0 0 0 0 0 0 1024 0 0 0 0 0 0 5 1019 
0 0 0 0 0 0 0 1024 0 0 0 0 0 0 0 1024 0 0 0 0 0 0 67 957 
0 0 0 0 0 0 47 977 0 0 0 0 0 0 0 1024 0 0 0 0 0 0 255 769 
0 0 0 0 0 0 52 972 0 0 0 0 0 0 1 1023 0 0 0 0 0 0 148 876 
0 0 0 0 0 0 199 825 0 0 0 0 0 0 0 1024 0 0 0 0 0 0 289 735 
0 0 0 0 0 0 213 811 0 0 0 0 0 0 0 1024 0 0 0 0 0 0 370 654 
2 231 68 411 19 32 261 0 6 236 75 396 18 24 252 17 1 195 113 407 18 45 245 0 
0 0 0 466 33 39 486 0 0 0 0 469 27 28 465 35 0 0 0 474 31 77 442 0 
494 7 7 43 6 20 442 5 493 6 7 31 19 3 363 102 495 6 12 41 3 50 417 0 
870 5 9 5 9 14 99 13 859 12 4 9 11 4 71 54 867 7 8 9 5 24 103 1 
1024 0 0 0 0 0 0 0 1024 0 0 0 0 0 0 0 1024 0 0 0 0 0 0 0 
1024 0 0 0 0 0 0 0 1024 0 0 0 0 0 0 0 1024 0 0 0 0 0 0 0 
1024 0 0 0 0 0 0 0 1024 0 0 0 0 0 0 0 1024 0 0 0 0 0 0 0 
1024 0 0 0 0 0 0 0 1024 0 0 0 0 0 0 0 1024 0 0 0 0 0 0 0 
1024 0 0 0 0 0 0 0 1024 0 0 0 0 0 0 0 1024 0 0 0 0 0 0 0 
1024 0 0 0 0 0 0 0 1024 0 0 0 0 0 0 0 1024 0 0 0 0 0 0 0 
1024 0 0 0 0 0 0 0 1024 0 0 0 0 0 0 0 1024 0 0 0 0 0 0 0 
1024 0 0 0 0 0 0 0 1024 0 0 0 0 0 0 0 1024 0 0 0 0 0 0 0 
1024 0 0 0 0 0 0 0 1024 0 0 0 0 0 0 0 1022 2 0 0 0 0 0 0 
983 41 0 0 0 0 0 0 1011 13 0 0 0 0 0 0 775 249 0 0 0 0 0 0 
369 649 6 0 0 0 0 0 409 612 3 0 0 0 0 0 258 519 247 0 0 0 0 0 
135 864 25 0 0 0 0 0 154 867 3 0 0 0 0 0 77 402 545 0 0 0 0 0 
18 994 12 0 0 0 0 0 29 993 2 0 0 0 0 0 5 561 458 0 0 0 0 0 
571 453 0 0 0 0 0 0 601 423 0 0 0 0 0 0 483 531 10 0 0 0 0 0 
105 262 364 293 0 0 0 0 233 410 380 1 0 0 0 0 194 374 452 4 0 0 0 0 
39 96 11 481 395 2 0 0 53 85 281 532 73 0 0 0 11 124 222 543 124 0 0 0 
219 388 9 18 321 69 0 0 287 324 15 131 267 0 0 0 127 479 16 68 334 0 0 0 
644 186 20 34 42 49 49 0 674 166 23 55 31 60 15 0 603 222 39 57 40 55 8 0 
175 194 126 53 27 317 66 66 186 194 118 51 25 363 30 57 156 150 181 56 36 371 22 52 
85 236 44 16 11 11 9 612 126 198 45 15 9 10 7 614 63 196 93 14 14 15 8 621 
459 166 14 12 10 11 59 293 568 54 17 11 11 9 18 336 545 81 13 15 9 11 123 227 
614 241 11 14 12 7 16 109 836 15 13 14 12 8 9 117 834 22 15 12 11 8 62 60 
694 226 11 16 61 2 6 8 878 50 46 28 8 1 3 10 877 59 57 13 4 3 11 0 
77 387 46 60 164 22 20 248 482 50 147 52 12 13 10 258 499 142 69 29 11 10 103 161 
0 101 47 45 281 34 39 477 122 47 244 37 37 24 32 481 151 245 38 37 32 22 118 381 
0 0 0 0 0 0 1 1023 0 0 0 0 0 0 0 1024 0 0 0 0 0 0 159 865 
0 0 0 0 0 0 13 1011 0 0 0 0 0 0 0 1024 0 0 0 0 0 0 65 959 
0 0 0 0 0 0 129 895 0 0 0 0 0 0 14 1010 0 0 0 0 0 0 229 795 
0 0 0 0 0 0 5 1019 0 0 0 0 0 0 1 1023 0 0 0 0 0 0 103 921 
0 0 0 0 0 0 96 928 0 0 0 0 0 0 0 1024 0 0 0 0 0 0 278 746 
0 0 0 0 0 0 201 823 0 0 0 0 0 0 2 1022 0 0 0 0 0 0 509 515 
0 0 0 0 0 0 172 852 0 0 0 0 0 0 23 1001 0 0 0 0 0 10 431 583 
0 0 0 0 0 0 359 665 0 0 0 0 0 0 3 1021 0 0 0 0 0 6 677 341 
0 0 0 0 0 0 463 561 0 0 0 0 0 0 3 1021 0 0 0 0 0 5 837 182 
0 0 0 0 0 0 340 684 0 0 0 0 0 0 13 1011 0 0 0 0 0 32 675 317 
0 0 0 0 0 0 185 839 0 0 0 0 0 0 20 1004 0 0 0 0 0 0 492 532 
93 42 256 633 0 0 0 0 96 57 441 430 0 0 0 0 87 72 354 511 0 0 0 0 
30 80 52 860 2 0 0 0 60 75 52 837 0 0 0 0 61 78 50 835 0 0 0 0 
896 69 35 18 4 2 0 0 926 52 27 18 1 0 0 0 933 54 24 13 0 0 0 0 
1024 0 0 0 0 0 0 0 1024 0 0 0 0 0 0 0 1024 0 0 0 0 0 0 0 
1024 0 0 0 0 0 0 0 1024 0 0 0 0 0 0 0 1024 0 0 0 0 0 0 0 
1024 0 0 0 0 0 0 0 1024 0 0 0 0 0 0 0 1024 0 0 0 0 0 0 0 
1024 0 0 0 0 0 0 0 1024 0 0 0 0 0 0 0 1024 0 0 0 0 0 0 0 
1024 0 0 0 0 0 0 0 1024 0 0 0 0 0 0 0 1024 0 0 0 0 0 0 0 
1024 0 0 0 0 0 0 0 1024 0 0 0 0 0 0 0 1024 0 0 0 0 0 0 0 
1024 0 0 0 0 0 0 0 1024 0 0 0 0 0 0 0 1024 0 0 0 0 0 0 0 
1024 0 0 0 0 0 0 0 1024 0 0 0 0 0 0 0 1024 0 0 0 0 0 0 0 
1024 0 0 0 0 0 0 0 1024 0 0 0 0 0 0 0 1024 0 0 0 0 0 0 0 
1024 0 0 0 0 0 0 0 1024 0 0 0 0 0 0 0 1024 0 0 0 0 0 0 0 
1024 0 0 0 0 0 0 0 1024 0 0 0 0 0 0 0 1016 8 0 0 0 0 0 0 
883 141 0 0 0 0 0 0 901 123 0 0 0 0 0 0 786 218 20 0 0 0 0 0 
432 590 2 0 0 0 0 0 472 551 1 0 0 0 0 0 298 556 170 0 0 0 0 0 
690 334 0 0 0 0 0 0 706 318 0 0 0 0 0 0 615 390 19 0 0 0 0 0 
1015 9 0 0 0 0 0 0 1017 7 0 0 0 0 0 0 1000 24 0 0 0 0 0 0 
512 193 110 155 54 0 0 0 597 198 133 96 0 0 0 0 559 221 124 119 1 0 0 0 
78 19 42 126 670 89 0 0 81 25 126 346 446 0 0 0 79 20 120 272 533 0 0 0 
32 24 34 77 574 210 73 0 46 31 55 421 384 87 0 0 48 36 57 357 518 8 0 0 
45 40 62 134 169 239 335 0 56 70 120 139 164 460 15 0 49 75 120 152 450 177 1 0 
0 0 0 0 0 754 142 128 0 0 0 0 0 805 123 96 0 0 0 0 0 863 65 96 
0 0 0 0 0 0 0 1024 0 0 0 0 0 0 0 1024 0 0 0 0 0 0 0 1024 
0 0 2 0 2 0 85 935 0 0 1 1 1 1 4 1016 0 0 2 1 1 0 273 747 
396 101 39 33 32 36 78 309 421 78 35 36 29 34 43 348 379 117 43 32 37 33 146 237 
267 299 56 63 103 24 66 146 461 152 100 67 18 17 39 170 430 193 106 48 24 23 122 78 
88 47 10 14 13 11 248 593 111 23 10 14 11 11 45 799 96 44 10 13 13 24 520 304 
0 0 0 30 55 66 294 579 0 0 0 29 47 75 44 829 0 0 0 43 58 58 515 350 
0 0 0 0 0 0 369 655 0 0 0 0 0 0 52 972 0 0 0 0 0 15 577 432 
0 0 0 0 0 0 288 736 0 0 0 0 0 0 9 1015 0 0 0 0 0 2 645 377 
0 0 0 0 0 38 689 297 0 0 0 0 0 12 180 832 0 0 0 0 16 81 821 106 
0 0 0 0 0 0 492 532 0 0 0 0 0 0 111 913 0 0 0 0 0 46 672 306 
0 0 0 0 0 0 458 566 0 0 0 0 0 0 15 1009 0 0 0 0 0 12 704 308 
0 0 0 0 0 8 642 374 0 0 0 0 0 0 104 920 0 0 0 0 0 32 799 193 
0 0 0 0 0 25 573 426 0 0 0 0 0 0 152 872 0 0 0 0 0 41 818 165 
0 0 0 0 0 17 844 163 0 0 0 0 0 0 296 728 0 0 0 0 0 88 895 41 
0 0 0 0 0 0 791 233 0 0 0 0 0 0 229 795 0 0 0 0 0 47 890 87 
0 0 0 0 0 2 879 143 0 0 0 0 0 0 340 684 0 0 0 0 0 63 932 29 
0 0 0 0 0 0 837 187 0 0 0 0 0 0 95 929 0 0 0 0 0 15 936 73 
1016 8 0 0 0 0 0 0 1016 8 0 0 0 0 0 0 1016 8 0 0 0 0 0 0 
991 27 1 1 2 2 0 0 1012 6 2 2 2 0 0 0 1013 6 3 0 2 0 0 0 
998 16 4 4 1 0 1 0 1014 7 1 1 1 0 0 0 1015 6 1 1 1 0 0 0 
1024 0 0 0 0 0 0 0 1024 0 0 0 0 0 0 0 1024 0 0 0 0 0 0 0 
1024 0 0 0 0 0 0 0 1024 0 0 0 0 0 0 0 1024 0 0 0 0 0 0 0 
1024 0 0 0 0 0 0 0 1024 0 0 0 0 0 0 0 1024 0 0 0 0 0 0 0 
1024 0 0 0 0 0 0 0 1024 0 0 0 0 0 0 0 1024 0 0 0 0 0 0 0 
1024 0 0 0 0 0 0 0 1024 0 0 0 0 0 0 0 1024 0 0 0 0 0 0 0 
1024 0 0 0 0 0 0 0 1024 0 0 0 0 0 0 0 1024 0 0 0 0 0 0 0 
1024 0 0 0 0 0 0 0 1024 0 0 0 0 0 0 0 1024 0 0 0 0 0 0 0 
1024 0 0 0 0 0 0 0 1024 0 0 0 0 0 0 0 1024 0 0 0 0 0 0 0 
1024 0 0 0 0 0 0 0 1024 0 0 0 0 0 0 0 1024 0 0 0 0 0 0 0 
1024 0 0 0 0 0 0 0 1024 0 0 0 0 0 0 0 1024 0 0 0 0 0 0 0 
1024 0 0 0 0 0 0 0 1024 0 0 0 0 0 0 0 1024 0 0 0 0 0 0 0 
1024 0 0 0 0 0 0 0 1024 0 0 0 0 0 0 0 1023 1 0 0 0 0 0 0 
859 165 0 0 0 0 0 0 900 124 0 0 0 0 0 0 682 342 0 0 0 0 0 0 
504 343 177 0 0 0 0 0 647 349 28 0 0 0 0 0 514 465 45 0 0 0 0 0 
1024 0 0 0 0 0 0 0 1024 0 0 0 0 0 0 0 1024 0 0 0 0 0 0 0 
983 41 0 0 0 0 0 0 997 27 0 0 0 0 0 0 916 108 0 0 0 0 0 0 
174 280 111 190 266 3 0 0 208 274 170 352 20 0 0 0 111 352 177 366 18 0 0 0 
125 24 28 130 189 384 144 0 130 31 59 256 141 406 1 0 121 38 53 264 345 203 0 0 
0 0 0 0 5 439 580 0 0 0 0 0 94 930 0 0 0 0 0 46 860 118 0 0 
21 20 5 10 18 711 111 128 24 18 7 9 6 783 103 74 17 22 9 8 32 781 107 48 
0 0 0 0 0 0 0 1024 0 0 0 0 0 0 8 1016 0 0 0 0 0 0 173 851 
0 16 13 9 11 7 32 936 15 9 7 15 6 6 7 959 6 16 8 13 6 9 149 817 
17 460 61 50 64 46 70 256 439 85 37 49 54 38 32 290 394 108 39 58 55 46 134 190 
21 596 242 125 22 13 3 2 663 251 61 28 11 7 2 1 705 214 48 37 10 7 2 1 
0 0 12 39 126 95 231 521 2 33 78 84 66 36 110 615 8 30 67 79 66 78 396 300 
69 29 16 39 46 32 160 633 80 20 18 36 44 29 66 731 60 31 21 59 28 58 365 402 
4 4 4 8 1 6 315 682 4 4 4 7 2 6 195 802 3 5 5 7 2 38 477 487 
0 0 0 0 0 0 162 862 0 0 0 0 0 0 20 1004 0 0 0 0 0 0 617 407 
0 0 0 0 0 0 192 832 0 0 0 0 0 0 62 962 0 0 0 0 0 0 457 567 
0 0 0 0 0 0 469 555 0 0 0 0 0 0 160 864 0 0 0 0 0 5 805 214 
0 0 0 0 0 0 172 852 0 0 0 0 0 0 25 999 0 0 0 0 0 8 512 504 
0 0 0 0 0 48 409 567 0 0 0 0 0 0 252 772 0 0 0 0 0 88 710 226 
0 0 0 0 0 0 713 311 0 0 0 0 0 0 336 688 0 0 0 0 0 85 849 90 
0 0 0 0 0 48 723 253 0 0 0 0 0 0 349 675 0 0 0 0 0 132 820 72 
0 0 0 0 0 0 785 239 0 0 0 0 0 0 208 816 0 0 0 0 0 2 906 116 
0 0 0 0 0 0 873 151 0 0 0 0 0 0 290 734 0 0 0 0 0 25 937 62 
0 0 0 0 0 0 719 305 0 0 0 0 0 0 115 909 0 0 0 0 0 0 898 126 
833 104 26 34 21 6 0 0 832 108 21 39 19 5 0 0 824 83 47 32 27 11 0 0 
580 410 21 13 0 0 0 0 573 414 21 16 0 0 0 0 557 416 28 21 2 0 0 0 
1017 7 0 0 0 0 0 0 1017 7 0 0 0 0 0 0 1015 9 0 0 0 0 0 0 
1024 0 0 0 0 0 0 0 1024 0 0 0 0 0 0 0 1024 0 0 0 0 0 0 0 
1024 0 0 0 0 0 0 0 1024 0 0 0 0 0 0 0 1024 0 0 0 0 0 0 0 
1024 0 0 0 0 0 0 0 1024 0 0 0 0 0 0 0 1024 0 0 0 0 0 0 0 
1024 0 0 0 0 0 0 0 1024 0 0 0 0 0 0 0 1024 0 0 0 0 0 0 0 
1024 0 0 0 0 0 0 0 1024 0 0 0 0 0 0 0 1024 0 0 0 0 0 0 0 
1024 0 0 0 0 0 0 0 1024 0 0 0 0 0 0 0 1024 0 0 0 0 0 0 0 
1024 0 0 0 0 0 0 0 1024 0 0 0 0 0 0 0 1024 0 0 0 0 0 0 0 
1024 0 0 0 0 0 0 0 1024 0 0 0 0 0 0 0 1024 0 0 0 0 0 0 0 
1024 0 0 0 0 0 0 0 1024 0 0 0 0 0 0 0 1024 0 0 0 0 0 0 0 
1024 0 0 0 0 0 0 0 1024 0 0 0 0 0 0 0 1024 0 0 0 0 0 0 0 
1024 0 0 0 0 0 0 0 1024 0 0 0 0 0 0 0 1024 0 0 0 0 0 0 0 
1024 0 0 0 0 0 0 0 1024 0 0 0 0 0 0 0 1024 0 0 0 0 0 0 0 
993 31 0 0 0 0 0 0 1006 18 0 0 0 0 0 0 900 124 0 0 0 0 0 0 
1016 8 0 0 0 0 0 0 1023 1 0 0 0 0 0 0 935 89 0 0 0 0 0 0 
906 118 0 0 0 0 0 0 926 98 0 0 0 0 0 0 800 224 0 0 0 0 0 0 
993 31 0 0 0 0 0 0 1004 20 0 0 0 0 0 0 940 84 0 0 0 0 0 0 
653 247 32 84 8 0 0 0 680 232 68 44 0 0 0 0 516 386 77 45 0 0 0 0 
184 61 59 642 75 3 0 0 194 60 87 669 14 0 0 0 180 75 97 657 12 3 0 0 
0 0 1 725 225 63 10 0 0 0 5 927 40 52 0 0 0 0 5 947 58 14 0 0 
213 161 65 194 290 50 29 22 323 73 55 404 81 50 38 0 285 107 59 389 86 74 24 0 
1 352 21 86 262 16 16 270 347 23 17 304 37 17 86 193 345 24 17 299 48 15 157 119 
3 483 57 95 291 5 24 66 468 58 29 311 64 5 14 75 422 96 35 282 94 6 24 65 
3 640 20 51 306 4 0 0 634 23 12 223 132 0 0 0 634 23 12 165 190 0 0 0 
116 725 183 0 0 0 0 0 1008 12 4 0 0 0 0 0 1006 10 8 0 0 0 0 0 
232 82 246 94 186 109 49 26 462 132 158 117 81 34 17 23 473 122 138 125 76 47 29 14 
102 111 116 38 127 225 89 216 197 111 64 270 46 36 38 262 196 98 72 273 47 46 210 82 
0 1 14 45 99 41 92 732 0 37 30 53 62 23 44 775 8 35 25 27 88 33 145 663 
0 0 0 0 29 77 359 559 0 0 0 1 27 13 274 709 0 0 0 1 47 220 352 404 
0 0 0 0 0 57 439 528 0 0 0 0 0 7 278 739 0 0 0 0 13 152 553 306 
0 0 0 0 0 34 613 377 0 0 0 0 0 0 290 734 0 0 0 0 0 85 672 267 
0 0 0 0 0 90 684 250 0 0 0 0 0 0 445 579 0 0 0 0 0 179 635 210 
0 0 0 0 0 232 697 95 0 0 0 0 0 12 661 351 0 0 0 0 0 347 633 44 
0 0 0 0 0 181 625 218 0 0 0 0 0 30 632 362 0 0 0 0 0 232 581 211 
0 0 0 0 5 306 592 121 0 0 0 0 0 42 796 186 0 0 0 0 50 270 596 108 
0 0 0 0 4 183 780 57 0 0 0 0 0 6 838 180 0 0 0 0 14 316 667 27 
0 0 0 0 0 137 751 136 0 0 0 0 0 44 654 326 0 0 0 0 0 209 708 107 
0 0 0 0 0 214 772 38 0 0 0 0 0 7 916 101 0 0 0 0 10 483 514 17 
1024 0 0 0 0 0 0 0 1024 0 0 0 0 0 0 0 1024 0 0 0 0 0 0 0 
943 64 17 0 0 0 0 0 947 62 15 0 0 0 0 0 930 66 26 2 0 0 0 0 
1024 0 0 0 0 0 0 0 1024 0 0 0 0 0 0 0 1024 0 0 0 0 0 0 0 
1024 0 0 0 0 0 0 0 1024 0 0 0 0 0 0 0 1024 0 0 0 0 0 0 0 
1024 0 0 0 0 0 0 0 1024 0 0 0 0 0 0 0 1024 0 0 0 0 0 0 0 
1024 0 0 0 0 0 0 0 1024 0 0 0 0 0 0 0 1024 0 0 0 0 0 0 0 
1024 0 0 0 0 0 0 0 1024 0 0 0 0 0 0 0 1024 0 0 0 0 0 0 0 
1024 0 0 0 0 0 0 0 1024 0 0 0 0 0 0 0 1024 0 0 0 0 0 0 0 
1024 0 0 0 0 0 0 0 1024 0 0 0 0 0 0 0 1024 0 0 0 0 0 0 0 
1024 0 0 0 0 0 0 0 1024 0 0 0 0 0 0 0 1024 0 0 0 0 0 0 0 
1024 0 0 0 0 0 0 0 1024 0 0 0 0 0 0 0 1024 0 0 0 0 0 0 0 
1024 0 0 0 0 0 0 0 1024 0 0 0 0 0 0 0 1024 0 0 0 0 0 0 0 
1024 0 0 0 0 0 0 0 1024 0 0 0 0 0 0 0 1024 0 0 0 0 0 0 0 
1024 0 0 0 0 0 0 0 1024 0 0 0 0 0 0 0 1024 0 0 0 0 0 0 0 
1024 0 0 0 0 0 0 0 1024 0 0 0 0 0 0 0 1024 0 0 0 0 0 0 0 
1024 0 0 0 0 0 0 0 1024 0 0 0 0 0 0 0 1010 14 0 0 0 0 0 0 
1024 0 0 0 0 0 0 0 1024 0 0 0 0 0 0 0 1024 0 0 0 0 0 0 0 
997 27 0 0 0 0 0 0 1000 24 0 0 0 0 0 0 926 98 0 0 0 0 0 0 
990 34 0 0 0 0 0 0 992 32 0 0 0 0 0 0 949 75 0 0 0 0 0 0 
755 257 10 2 0 0 0 0 776 237 11 0 0 0 0 0 565 447 11 1 0 0 0 0 
66 25 20 913 0 0 0 0 72 21 169 762 0 0 0 0 38 54 273 659 0 0 0 0 
5 82 120 804 13 0 0 0 63 49 326 586 0 0 0 0 63 64 367 530 0 0 0 0 
67 626 305 26 0 0 0 0 592 188 244 0 0 0 0 0 601 202 221 0 0 0 0 0 
0 193 361 279 191 0 0 0 170 110 355 385 4 0 0 0 170 126 322 401 5 0 0 0 
0 0 143 509 372 0 0 0 0 0 235 782 7 0 0 0 0 0 201 781 42 0 0 0 
0 12 62 571 373 2 4 0 0 18 133 828 41 4 0 0 0 12 100 815 93 4 0 0 
72 312 65 453 120 1 1 0 349 52 151 459 12 1 0 0 342 57 90 500 34 1 0 0 
22 420 341 123 77 34 4 3 458 302 93 93 52 24 2 0 541 221 83 74 72 28 5 0 
140 150 288 315 85 42 4 0 234 177 368 210 26 7 2 0 220 206 349 209 30 6 4 0 
0 16 73 454 459 13 9 0 25 50 103 761 79 6 0 0 31 47 102 605 230 8 1 0 
0 0 0 249 769 6 0 0 0 0 0 871 147 6 0 0 0 0 0 615 404 5 0 0 
0 0 0 334 619 13 58 0 0 0 0 820 131 15 45 13 0 0 0 641 314 24 45 0 
0 0 0 414 445 53 112 0 0 0 0 747 110 16 149 2 0 0 0 641 222 82 79 0 
0 0 0 577 187 185 75 0 0 0 0 722 38 22 242 0 0 0 0 697 94 206 27 0 
0 0 0 512 148 115 210 39 0 0 0 619 41 12 284 68 0 0 0 557 103 172 183 9 
0 0 0 433 145 267 166 13 0 0 0 535 39 27 404 19 0 0 0 492 96 331 92 13 
0 0 0 434 47 82 438 23 0 0 0 459 20 16 461 68 0 0 0 447 36 173 352 16 
0 0 0 340 45 81 546 12 0 0 0 356 27 13 585 43 0 0 0 323 63 184 443 11 
0 0 0 249 41 213 346 175 0 0 0 255 32 16 505 216 0 0 0 245 81 259 270 169 
0 0 0 168 27 26 401 402 0 0 0 168 25 18 350 463 0 0 0 159 37 53 408 367 
1024 0 0 0 0 0 0 0 1024 0 0 0 0 0 0 0 1024 0 0 0 0 0 0 0 
1024 0 0 0 0 0 0 0 1024 0 0 0 0 0 0 0 1024 0 0 0 0 0 0 0 
1024 0 0 0 0 0 0 0 1024 0 0 0 0 0 0 0 1024 0 0 0 0 0 0 0 
1024 0 0 0 0 0 0 0 1024 0 0 0 0 0 0 0 1024 0 0 0 0 0 0 0 
1024 0 0 0 0 0 0 0 1024 0 0 0 0 0 0 0 1024 0 0 0 0 0 0 0 
1024 0 0 0 0 0 0 0 1024 0 0 0 0 0 0 0 1024 0 0 0 0 0 0 0 
1024 0 0 0 0 0 0 0 1024 0 0 0 0 0 0 0 1024 0 0 0 0 0 0 0 
1024 0 0 0 0 0 0 0 1024 0 0 0 0 0 0 0 1024 0 0 0 0 0 0 0 
1024 0 0 0 0 0 0 0 1024 0 0 0 0 0 0 0 1024 0 0 0 0 0 0 0 
1024 0 0 0 0 0 0 0 1024 0 0 0 0 0 0 0 1024 0 0 0 0 0 0 0 
1024 0 0 0 0 0 0 0 1024 0 0 0 0 0 0 0 1024 0 0 0 0 0 0 0 
1024 0 0 0 0 0 0 0 1024 0 0 0 0 0 0 0 1024 0 0 0 0 0 0 0 
1024 0 0 0 0 0 0 0 1024 0 0 0 0 0 0 0 1024 0 0 0 0 0 0 0 
1024 0 0 0 0 0 0 0 1024 0 0 0 0 0 0 0 1024 0 0 0 0 0 0 0 
1024 0 0 0 0 0 0 0 1024 0 0 0 0 0 0 0 1024 0 0 0 0 0 0 0 
1024 0 0 0 0 0 0 0 1024 0 0 0 0 0 0 0 1024 0 0 0 0 0 0 0 
1024 0 0 0 0 0 0 0 1024 0 0 0 0 0 0 0 1024 0 0 0 0 0 0 0 
1024 0 0 0 0 0 0 0 1024 0 0 0 0 0 0 0 1023 1 0 0 0 0 0 0 
1023 1 0 0 0 0 0 0 1024 0 0 0 0 0 0 0 1021 3 0 0 0 0 0 0 
854 170 0 0 0 0 0 0 893 131 0 0 0 0 0 0 652 371 1 0 0 0 0 0 
63 30 131 800 0 0 0 0 72 28 606 318 0 0 0 0 48 47 681 248 0 0 0 0 
60 70 103 791 0 0 0 0 88 52 623 261 0 0 0 0 96 46 660 222 0 0 0 0 
78 251 288 297 40 25 25 20 155 250 360 168 29 26 28 8 221 245 380 106 22 30 20 0 
0 0 379 643 2 0 0 0 0 0 850 174 0 0 0 0 0 0 825 199 0 0 0 0 
0 0 340 684 0 0 0 0 0 0 939 85 0 0 0 0 0 0 873 151 0 0 0 0 
183 229 421 149 12 13 7 10 340 120 520 17 10 8 9 0 374 112 501 18 5 9 5 0 
627 314 44 19 4 6 4 6 781 184 29 13 8 4 5 0 807 152 32 15 10 5 3 0 
20 343 369 196 31 21 25 19 276 277 345 59 19 26 15 7 371 241 307 47 24 20 14 0 
1 10 23 930 36 20 4 0 5 30 118 852 16 3 0 0 8 29 105 859 17 6 0 0 
0 0 0 864 160 0 0 0 0 0 0 1011 13 0 0 0 0 0 0 995 29 0 0 0 
0 0 0 623 401 0 0 0 0 0 0 1007 17 0 0 0 0 0 0 933 91 0 0 0 
0 0 0 717 307 0 0 0 0 0 0 997 27 0 0 0 0 0 0 942 82 0 0 0 
0 0 0 832 192 0 0 0 0 0 0 1021 3 0 0 0 0 0 0 999 25 0 0 0 
0 0 0 841 183 0 0 0 0 0 0 1019 5 0 0 0 0 0 0 997 27 0 0 0 
0 0 0 941 83 0 0 0 0 0 0 1023 1 0 0 0 0 0 0 1008 16 0 0 0 
0 0 0 790 234 0 0 0 0 0 0 1011 13 0 0 0 0 0 0 945 79 0 0 0 
0 0 0 902 122 0 0 0 0 0 0 1012 12 0 0 0 0 0 0 968 56 0 0 0 
0 0 0 986 38 0 0 0 0 0 1 1021 2 0 0 0 0 0 0 1018 6 0 0 0 
0 0 0 1015 9 0 0 0 0 0 3 1021 0 0 0 0 0 0 0 1019 5 0 0 0 
0 0 0 1024 0 0 0 0 0 0 1 1023 0 0 0 0 0 0 1 1023 0 0 0 0 
907 34 56 20 7 0 0 0 908 50 41 20 5 0 0 0 913 67 26 15 3 0 0 0 
1024 0 0 0 0 0 0 0 1024 0 0 0 0 0 0 0 1024 0 0 0 0 0 0 0 
1024 0 0 0 0 0 0 0 1024 0 0 0 0 0 0 0 1024 0 0 0 0 0 0 0 
1024 0 0 0 0 0 0 0 1024 0 0 0 0 0 0 0 1024 0 0 0 0 0 0 0 
1024 0 0 0 0 0 0 0 1024 0 0 0 0 0 0 0 1024 0 0 0 0 0 0 0 
1024 0 0 0 0 0 0 0 1024 0 0 0 0 0 0 0 1024 0 0 0 0 0 0 0 
1024 0 0 0 0 0 0 0 1024 0 0 0 0 0 0 0 1024 0 0 0 0 0 0 0 
1024 0 0 0 0 0 0 0 1024 0 0 0 0 0 0 0 1024 0 0 0 0 0 0 0 
1024 0 0 0 0 0 0 0 1024 0 0 0 0 0 0 0 1024 0 0 0 0 0 0 0 
1024 0 0 0 0 0 0 0 1024 0 0 0 0 0 0 0 1024 0 0 0 0 0 0 0 
1024 0 0 0 0 0 0 0 1024 0 0 0 0 0 0 0 1024 0 0 0 0 0 0 0 
1024 0 0 0 0 0 0 0 1024 0 0 0 0 0 0 0 1024 0 0 0 0 0 0 0 
1024 0 0 0 0 0 0 0 1024 0 0 0 0 0 0 0 1024 0 0 0 0 0 0 0 
1024 0 0 0 0 0 0 0 1024 0 0 0 0 0 0 0 1024 0 0 0 0 0 0 0 
1024 0 0 0 0 0 0 0 1024 0 0 0 0 0 0 0 1024 0 0 0 0 0 0 0 
1024 0 0 0 0 0 0 0 1024 0 0 0 0 0 0 0 1024 0 0 0 0 0 0 0 
1024 0 0 0 0 0 0 0 1024 0 0 0 0 0 0 0 1024 0 0 0 0 0 0 0 
1024 0 0 0 0 0 0 0 1024 0 0 0 0 0 0 0 1024 0 0 0 0 0 0 0 
1024 0 0 0 0 0 0 0 1024 0 0 0 0 0 0 0 1021 3 0 0 0 0 0 0 
766 85 112 61 0 0 0 0 784 74 166 0 0 0 0 0 686 166 172 0 0 0 0 0 
0 0 168 856 0 0 0 0 0 0 939 85 0 0 0 0 0 0 956 68 0 0 0 0 
144 205 221 454 0 0 0 0 189 163 303 369 0 0 0 0 320 34 423 247 0 0 0 0 
225 328 180 244 39 3 3 2 38 437 209 263 65 8 3 1 260 332 262 126 38 4 2 0 
283 139 118 410 74 0 0 0 90 195 201 365 146 27 0 0 107 191 189 362 134 41 0 0 
237 139 114 430 99 5 0 0 46 207 289 285 146 51 0 0 68 185 257 309 149 56 0 0 
228 399 206 152 23 5 9 2 154 435 261 101 59 7 7 0 416 217 256 67 59 7 2 0 
306 420 283 11 4 0 0 0 110 580 268 65 1 0 0 0 408 374 206 36 0 0 0 0 
77 472 216 163 51 24 13 8 71 468 264 129 49 28 11 4 410 228 211 110 38 20 6 1 
9 5 12 537 70 246 136 9 4 8 6 556 44 191 204 11 2 8 7 520 72 79 292 44 
0 0 0 763 261 0 0 0 0 0 0 988 36 0 0 0 0 0 0 860 164 0 0 0 
0 0 0 600 424 0 0 0 0 0 0 953 71 0 0 0 0 0 0 755 269 0 0 0 
0 0 0 746 278 0 0 0 0 0 0 1005 19 0 0 0 0 0 0 851 173 0 0 0 
8 66 30 777 127 16 0 0 39 48 37 861 30 9 0 0 34 51 48 795 91 5 0 0 
18 65 32 764 145 0 0 0 47 47 43 847 40 0 0 0 54 42 46 807 75 0 0 0 
69 82 48 659 140 16 10 0 95 76 72 723 35 19 4 0 93 80 85 662 83 21 0 0 
58 234 97 456 117 45 17 0 120 215 86 468 82 50 3 0 169 165 101 467 77 45 0 0 
54 157 118 565 85 43 2 0 121 149 115 550 56 33 0 0 193 135 74 540 53 29 0 0 
37 17 17 888 33 19 9 4 42 19 26 881 32 14 8 2 50 27 8 891 26 20 2 0 
0 0 0 1022 2 0 0 0 0 0 13 1011 0 0 0 0 0 0 0 1023 1 0 0 0 
0 0 2 1022 0 0 0 0 0 0 12 1012 0 0 0 0 0 0 4 1020 0 0 0 0 
820 82 94 28 0 0 0 0 828 91 88 17 0 0 0 0 860 80 65 19 0 0 0 0 
1024 0 0 0 0 0 0 0 1024 0 0 0 0 0 0 0 1024 0 0 0 0 0 0 0 
1024 0 0 0 0 0 0 0 1024 0 0 0 0 0 0 0 1024 0 0 0 0 0 0 0 
1024 0 0 0 0 0 0 0 1024 0 0 0 0 0 0 0 1024 0 0 0 0 0 0 0 
1024 0 0 0 0 0 0 0 1024 0 0 0 0 0 0 0 1024 0 0 0 0 0 0 0 
1024 0 0 0 0 0 0 0 1024 0 0 0 0 0 0 0 1024 0 0 0 0 0 0 0 
1024 0 0 0 0 0 0 0 1024 0 0 0 0 0 0 0 1024 0 0 0 0 0 0 0 
1024 0 0 0 0 0 0 0 1024 0 0 0 0 0 0 0 1024 0 0 0 0 0 0 0 
1024 0 0 0 0 0 0 0 1024 0 0 0 0 0 0 0 1024 0 0 0 0 0 0 0 
1024 0 0 0 0 0 0 0 1024 0 0 0 0 0 0 0 1024 0 0 0 0 0 0 0 
1024 0 0 0 0 0 0 0 1024 0 0 0 0 0 0 0 1024 0 0 0 0 0 0 0 
1024 0 0 0 0 0 0 0 1024 0 0 0 0 0 0 0 1024 0 0 0 0 0 0 0 
1024 0 0 0 0 0 0 0 1024 0 0 0 0 0 0 0 1024 0 0 0 0 0 0 0 
1024 0 0 0 0 0 0 0 1024 0 0 0 0 0 0 0 1024 0 0 0 0 0 0 0 
1024 0 0 0 0 0 0 0 1024 0 0 0 0 0 0 0 1024 0 0 0 0 0 0 0 
1024 0 0 0 0 0 0 0 1024 0 0 0 0 0 0 0 1024 0 0 0 0 0 0 0 
1024 0 0 0 0 0 0 0 1024 0 0 0 0 0 0 0 1024 0 0 0 0 0 0 0 
1024 0 0 0 0 0 0 0 1024 0 0 0 0 0 0 0 1024 0 0 0 0 0 0 0 
1024 0 0 0 0 0 0 0 1024 0 0 0 0 0 0 0 1024 0 0 0 0 0 0 0 
429 309 284 2 0 0 0 0 439 443 142 0 0 0 0 0 428 465 131 0 0 0 0 0 
3 130 850 41 0 0 0 0 4 480 536 4 0 0 0 0 6 552 464 2 0 0 0 0 
491 407 126 0 0 0 0 0 503 419 74 28 0 0 0 0 578 362 71 13 0 0 0 0 
837 155 21 8 3 0 0 0 773 180 42 19 9 1 0 0 866 112 24 16 6 0 0 0 
873 105 26 18 2 0 0 0 797 133 51 29 14 0 0 0 849 93 42 26 14 0 0 0 
870 69 41 33 11 0 0 0 785 106 54 40 39 0 0 0 807 86 54 38 39 0 0 0 
875 106 36 7 0 0 0 0 813 125 41 44 1 0 0 0 878 76 37 33 0 0 0 0 
886 111 27 0 0 0 0 0 760 178 55 31 0 0 0 0 858 99 46 21 0 0 0 0 
703 158 44 53 41 25 0 0 592 213 82 57 42 38 0 0 672 164 70 38 51 28 1 0 
18 265 244 251 34 155 57 0 1 287 275 216 18 152 75 0 0 257 280 222 29 67 163 6 
0 0 0 1010 14 0 0 0 0 0 13 1011 0 0 0 0 0 0 8 1013 3 0 0 0 
0 0 2 953 69 0 0 0 0 0 4 1013 7 0 0 0 0 0 4 977 43 0 0 0 
59 126 67 677 93 2 0 0 118 87 76 703 40 0 0 0 138 83 56 698 49 0 0 0 
144 317 196 218 145 4 0 0 244 289 188 227 76 0 0 0 338 235 193 205 53 0 0 0 
52 282 274 209 181 26 0 0 104 361 217 220 115 7 0 0 224 324 193 230 45 8 0 0 
173 352 187 131 152 27 2 0 281 307 181 149 97 9 0 0 389 246 208 135 39 7 0 0 
267 202 241 148 142 23 1 0 298 277 184 161 89 14 1 0 360 281 153 164 57 9 0 0 
350 191 147 93 85 111 47 0 402 208 121 88 99 86 20 0 429 191 109 81 106 87 21 0 
103 105 156 411 118 85 41 5 146 107 149 401 108 79 30 4 126 117 147 411 106 81 33 3 
0 0 0 1019 5 0 0 0 0 0 22 1001 1 0 0 0 0 0 0 1018 6 0 0 0 
0 0 1 1023 0 0 0 0 0 0 73 951 0 0 0 0 0 0 4 1020 0 0 0 0 
993 27 4 0 0 0 0 0 998 25 1 0 0 0 0 0 1008 15 1 0 0 0 0 0 
1024 0 0 0 0 0 0 0 1024 0 0 0 0 0 0 0 1024 0 0 0 0 0 0 0 
1024 0 0 0 0 0 0 0 1024 0 0 0 0 0 0 0 1024 0 0 0 0 0 0 0 
1024 0 0 0 0 0 0 0 1024 0 0 0 0 0 0 0 1024 0 0 0 0 0 0 0 
1024 0 0 0 0 0 0 0 1024 0 0 0 0 0 0 0 1024 0 0 0 0 0 0 0 
1024 0 0 0 0 0 0 0 1024 0 0 0 0 0 0 0 1024 0 0 0 0 0 0 0 
1024 0 0 0 0 0 0 0 1024 0 0 0 0 0 0 0 1024 0 0 0 0 0 0 0 
1021 3 0 0 0 0 0 0 1022 2 0 0 0 0 0 0 1024 0 0 0 0 0 0 0 
1024 0 0 0 0 0 0 0 1024 0 0 0 0 0 0 0 1024 0 0 0 0 0 0 0 
1024 0 0 0 0 0 0 0 1024 0 0 0 0 0 0 0 1024 0 0 0 0 0 0 0 
1024 0 0 0 0 0 0 0 1024 0 0 0 0 0 0 0 1024 0 0 0 0 0 0 0 
1024 0 0 0 0 0 0 0 1024 0 0 0 0 0 0 0 1024 0 0 0 0 0 0 0 
1024 0 0 0 0 0 0 0 1024 0 0 0 0 0 0 0 1024 0 0 0 0 0 0 0 
1024 0 0 0 0 0 0 0 1024 0 0 0 0 0 0 0 1024 0 0 0 0 0 0 0 
1024 0 0 0 0 0 0 0 1024 0 0 0 0 0 0 0 1024 0 0 0 0 0 0 0 
1024 0 0 0 0 0 0 0 1024 0 0 0 0 0 0 0 1024 0 0 0 0 0 0 0 
1024 0 0 0 0 0 0 0 1024 0 0 0 0 0 0 0 1024 0 0 0 0 0 0 0 
1024 0 0 0 0 0 0 0 1024 0 0 0 0 0 0 0 1024 0 0 0 0 0 0 0 
1024 0 0 0 0 0 0 0 1024 0 0 0 0 0 0 0 1024 0 0 0 0 0 0 0 
930 56 38 0 0 0 0 0 946 58 20 0 0 0 0 0 955 59 10 0 0 0 0 0 
735 59 230 0 0 0 0 0 751 165 108 0 0 0 0 0 755 241 28 0 0 0 0 0 
531 150 343 0 0 0 0 0 557 412 55 0 0 0 0 0 573 450 1 0 0 0 0 0 
359 179 486 0 0 0 0 0 386 488 150 0 0 0 0 0 398 604 22 0 0 0 0 0 
178 243 603 0 0 0 0 0 202 527 295 0 0 0 0 0 233 705 86 0 0 0 0 0 
23 282 708 11 0 0 0 0 31 501 492 0 0 0 0 0 69 690 265 0 0 0 0 0 
41 275 707 1 0 0 0 0 76 459 489 0 0 0 0 0 138 618 268 0 0 0 0 0 
81 265 677 1 0 0 0 0 113 428 483 0 0 0 0 0 144 674 206 0 0 0 0 0 
93 198 645 88 0 0 0 0 90 321 613 0 0 0 0 0 133 402 489 0 0 0 0 0 
0 52 312 660 0 0 0 0 0 99 681 244 0 0 0 0 0 106 675 243 0 0 0 0 
0 0 1 1023 0 0 0 0 0 0 101 923 0 0 0 0 0 0 88 936 0 0 0 0 
0 0 0 1023 1 0 0 0 0 0 70 954 0 0 0 0 0 0 26 998 0 0 0 0 
200 97 225 502 0 0 0 0 217 105 478 224 0 0 0 0 227 101 404 292 0 0 0 0 
326 172 326 187 5 4 4 0 347 183 446 36 3 5 4 0 355 188 435 33 5 4 4 0 
372 171 284 67 54 65 11 0 411 180 277 35 65 51 5 0 403 195 265 37 55 66 3 0 
304 229 352 116 11 12 0 0 349 244 374 38 13 6 0 0 393 219 365 27 9 11 0 0 
318 216 350 137 3 0 0 0 351 217 390 66 0 0 0 0 404 192 389 39 0 0 0 0 
312 226 386 100 0 0 0 0 370 221 412 21 0 0 0 0 403 209 395 17 0 0 0 0 
370 251 332 71 0 0 0 0 462 222 324 16 0 0 0 0 487 211 311 15 0 0 0 0 
37 26 110 851 0 0 0 0 47 26 343 608 0 0 0 0 49 25 178 772 0 0 0 0 
0 0 3 1021 0 0 0 0 0 0 97 927 0 0 0 0 0 0 7 1017 0 0 0 0 
1024 0 0 0 0 0 0 0 1024 0 0 0 0 0 0 0 1024 0 0 0 0 0 0 0 
1024 0 0 0 0 0 0 0 1024 0 0 0 0 0 0 0 1024 0 0 0 0 0 0 0 
1024 0 0 0 0 0 0 0 1024 0 0 0 0 0 0 0 1024 0 0 0 0 0 0 0 
1024 0 0 0 0 0 0 0 1024 0 0 0 0 0 0 0 1024 0 0 0 0 0 0 0 
1024 0 0 0 0 0 0 0 1024 0 0 0 0 0 0 0 1024 0 0 0 0 0 0 0 
1024 0 0 0 0 0 0 0 1024 0 0 0 0 0 0 0 1024 0 0 0 0 0 0 0 
1024 0 0 0 0 0 0 0 1024 0 0 0 0 0 0 0 1024 0 0 0 0 0 0 0 
1024 0 0 0 0 0 0 0 1024 0 0 0 0 0 0 0 1024 0 0 0 0 0 0 0 
1024 0 0 0 0 0 0 0 1024 0 0 0 0 0 0 0 1024 0 0 0 0 0 0 0 
1024 0 0 0 0 0 0 0 1024 0 0 0 0 0 0 0 1024 0 0 0 0 0 0 0 
1024 0 0 0 0 0 0 0 1024 0 0 0 0 0 0 0 1024 0 0 0 0 0 0 0 
1024 0 0 0 0 0 0 0 1024 0 0 0 0 0 0 0 1024 0 0 0 0 0 0 0 
873 15 29 105 2 0 0 0 877 18 103 26 0 0 0 0 878 31 107 8 0 0 0 0 
620 11 53 224 116 0 0 0 621 16 192 180 15 0 0 0 621 39 201 154 9 0 0 0 
852 12 33 124 3 0 0 0 855 14 126 29 0 0 0 0 856 32 133 3 0 0 0 0 
1017 3 2 2 0 0 0 0 1018 2 3 1 0 0 0 0 1018 2 4 0 0 0 0 0 
1024 0 0 0 0 0 0 0 1024 0 0 0 0 0 0 0 1024 0 0 0 0 0 0 0 
1024 0 0 0 0 0 0 0 1024 0 0 0 0 0 0 0 1024 0 0 0 0 0 0 0 
1024 0 0 0 0 0 0 0 1024 0 0 0 0 0 0 0 1024 0 0 0 0 0 0 0 
1024 0 0 0 0 0 0 0 1024 0 0 0 0 0 0 0 1024 0 0 0 0 0 0 0 
1024 0 0 0 0 0 0 0 1024 0 0 0 0 0 0 0 1024 0 0 0 0 0 0 0 
1024 0 0 0 0 0 0 0 1024 0 0 0 0 0 0 0 1024 0 0 0 0 0 0 0 
1024 0 0 0 0 0 0 0 1024 0 0 0 0 0 0 0 1024 0 0 0 0 0 0 0 
1022 2 0 0 0 0 0 0 1024 0 0 0 0 0 0 0 1024 0 0 0 0 0 0 0 
1005 18 1 0 0 0 0 0 1011 12 1 0 0 0 0 0 1012 12 0 0 0 0 0 0 
830 63 121 10 0 0 0 0 851 52 121 0 0 0 0 0 862 79 83 0 0 0 0 0 
653 61 263 47 0 0 0 0 673 59 291 1 0 0 0 0 691 65 268 0 0 0 0 0 
479 55 226 264 0 0 0 0 502 41 480 1 0 0 0 0 505 44 475 0 0 0 0 0 
298 53 57 616 0 0 0 0 321 38 492 173 0 0 0 0 322 41 544 117 0 0 0 0 
120 50 68 785 1 0 0 0 138 47 473 366 0 0 0 0 138 46 513 327 0 0 0 0 
4 15 24 977 4 0 0 0 9 15 366 632 2 0 0 0 7 18 343 655 1 0 0 0 
0 0 59 965 0 0 0 0 0 0 617 407 0 0 0 0 0 0 555 469 0 0 0 0 
0 0 110 914 0 0 0 0 0 0 764 260 0 0 0 0 0 0 767 257 0 0 0 0 
0 0 48 976 0 0 0 0 0 0 845 179 0 0 0 0 0 0 857 167 0 0 0 0 
0 0 54 970 0 0 0 0 0 0 742 282 0 0 0 0 0 0 674 350 0 0 0 0 
0 0 109 915 0 0 0 0 0 0 826 198 0 0 0 0 0 0 635 389 0 0 0 0 
0 0 211 813 0 0 0 0 0 0 902 122 0 0 0 0 0 0 729 295 0 0 0 0 
0 0 291 733 0 0 0 0 0 0 910 114 0 0 0 0 0 0 782 242 0 0 0 0 
0 0 106 918 0 0 0 0 0 0 710 314 0 0 0 0 0 0 382 642 0 0 0 0 
0 0 107 917 0 0 0 0 0 0 646 378 0 0 0 0 0 0 191 833 0 0 0 0 
1024 0 0 0 0 0 0 0 1024 0 0 0 0 0 0 0 1024 0 0 0 0 0 0 0 
1024 0 0 0 0 0 0 0 1024 0 0 0 0 0 0 0 1024 0 0 0 0 0 0 0 
1024 0 0 0 0 0 0 0 1024 0 0 0 0 0 0 0 1024 0 0 0 0 0 0 0 
1024 0 0 0 0 0 0 0 1024 0 0 0 0 0 0 0 1024 0 0 0 0 0 0 0 
1024 0 0 0 0 0 0 0 1024 0 0 0 0 0 0 0 1024 0 0 0 0 0 0 0 
1024 0 0 0 0 0 0 0 1024 0 0 0 0 0 0 0 1024 0 0 0 0 0 0 0 
1024 0 0 0 0 0 0 0 1024 0 0 0 0 0 0 0 1024 0 0 0 0 0 0 0 
1024 0 0 0 0 0 0 0 1024 0 0 0 0 0 0 0 1024 0 0 0 0 0 0 0 
1024 0 0 0 0 0 0 0 1024 0 0 0 0 0 0 0 1024 0 0 0 0 0 0 0 
1024 0 0 0 0 0 0 0 1024 0 0 0 0 0 0 0 1024 0 0 0 0 0 0 0 
1024 0 0 0 0 0 0 0 1024 0 0 0 0 0 0 0 1024 0 0 0 0 0 0 0 
1024 0 0 0 0 0 0 0 1024 0 0 0 0 0 0 0 1024 0 0 0 0 0 0 0 
242 64 403 315 0 0 0 0 251 227 520 26 0 0 0 0 259 352 402 11 0 0 0 0 
0 3 349 646 26 0 0 0 0 57 772 195 0 0 0 0 0 227 666 131 0 0 0 0 
0 0 336 680 8 0 0 0 0 41 895 88 0 0 0 0 0 355 653 16 0 0 0 0 
64 13 238 707 2 0 0 0 67 37 826 94 0 0 0 0 70 263 688 3 0 0 0 0 
290 20 228 485 1 0 0 0 295 64 565 100 0 0 0 0 298 249 470 7 0 0 0 0 
524 42 138 318 2 0 0 0 528 105 295 96 0 0 0 0 546 155 282 41 0 0 0 0 
751 16 27 223 7 0 0 0 753 18 124 129 0 0 0 0 756 27 203 38 0 0 0 0 
968 9 18 29 0 0 0 0 969 10 26 19 0 0 0 0 968 11 33 12 0 0 0 0 
1024 0 0 0 0 0 0 0 1024 0 0 0 0 0 0 0 1024 0 0 0 0 0 0 0 
1024 0 0 0 0 0 0 0 1024 0 0 0 0 0 0 0 1024 0 0 0 0 0 0 0 
1024 0 0 0 0 0 0 0 1024 0 0 0 0 0 0 0 1024 0 0 0 0 0 0 0 
1024 0 0 0 0 0 0 0 1024 0 0 0 0 0 0 0 1024 0 0 0 0 0 0 0 
1023 1 0 0 0 0 0 0 1024 0 0 0 0 0 0 0 1024 0 0 0 0 0 0 0 
1023 1 0 0 0 0 0 0 1024 0 0 0 0 0 0 0 1024 0 0 0 0 0 0 0 
1024 0 0 0 0 0 0 0 1024 0 0 0 0 0 0 0 1024 0 0 0 0 0 0 0 
1023 1 0 0 0 0 0 0 1024 0 0 0 0 0 0 0 1024 0 0 0 0 0 0 0 
1024 0 0 0 0 0 0 0 1024 0 0 0 0 0 0 0 1024 0 0 0 0 0 0 0 
1024 0 0 0 0 0 0 0 1024 0 0 0 0 0 0 0 1024 0 0 0 0 0 0 0 
958 39 12 15 0 0 0 0 980 20 13 11 0 0 0 0 977 23 12 12 0 0 0 0 
781 57 32 154 0 0 0 0 804 41 50 129 0 0 0 0 802 43 42 137 0 0 0 0 
612 49 41 322 0 0 0 0 628 45 230 121 0 0 0 0 628 44 201 151 0 0 0 0 
423 57 85 459 0 0 0 0 448 43 377 156 0 0 0 0 447 46 379 152 0 0 0 0 
239 68 117 600 0 0 0 0 274 47 582 121 0 0 0 0 272 43 592 117 0 0 0 0 
78 53 211 682 0 0 0 0 91 63 741 129 0 0 0 0 88 63 652 221 0 0 0 0 
0 4 274 746 0 0 0 0 0 8 835 181 0 0 0 0 0 7 728 289 0 0 0 0 
0 0 361 663 0 0 0 0 0 0 927 97 0 0 0 0 0 0 739 285 0 0 0 0 
0 0 458 566 0 0 0 0 0 0 952 72 0 0 0 0 0 0 837 187 0 0 0 0 
0 0 396 628 0 0 0 0 0 0 915 109 0 0 0 0 0 0 635 389 0 0 0 0 
1024 0 0 0 0 0 0 0 1024 0 0 0 0 0 0 0 1024 0 0 0 0 0 0 0 
1024 0 0 0 0 0 0 0 1024 0 0 0 0 0 0 0 1024 0 0 0 0 0 0 0 
1024 0 0 0 0 0 0 0 1024 0 0 0 0 0 0 0 1024 0 0 0 0 0 0 0 
1024 0 0 0 0 0 0 0 1024 0 0 0 0 0 0 0 1024 0 0 0 0 0 0 0 
1024 0 0 0 0 0 0 0 1024 0 0 0 0 0 0 0 1024 0 0 0 0 0 0 0 
1024 0 0 0 0 0 0 0 1024 0 0 0 0 0 0 0 1024 0 0 0 0 0 0 0 
1024 0 0 0 0 0 0 0 1024 0 0 0 0 0 0 0 1024 0 0 0 0 0 0 0 
1024 0 0 0 0 0 0 0 1024 0 0 0 0 0 0 0 1024 0 0 0 0 0 0 0 
1024 0 0 0 0 0 0 0 1024 0 0 0 0 0 0 0 1024 0 0 0 0 0 0 0 
1024 0 0 0 0 0 0 0 1024 0 0 0 0 0 0 0 1024 0 0 0 0 0 0 0 
1024 0 0 0 0 0 0 0 1024 0 0 0 0 0 0 0 1024 0 0 0 0 0 0 0 
794 17 47 166 0 0 0 0 795 21 128 80 0 0 0 0 795 23 161 45 0 0 0 0 
1 9 378 636 0 0 0 0 2 136 791 95 0 0 0 0 4 237 746 37 0 0 0 0 
132 77 515 300 0 0 0 0 141 287 553 43 0 0 0 0 150 449 406 19 0 0 0 0 
321 36 446 221 0 0 0 0 328 164 529 3 0 0 0 0 329 445 250 0 0 0 0 0 
453 50 313 208 0 0 0 0 462 150 412 0 0 0 0 0 459 318 247 0 0 0 0 0 
491 39 164 330 0 0 0 0 504 91 416 13 0 0 0 0 503 132 389 0 0 0 0 0 
212 104 177 530 1 0 0 0 221 150 450 203 0 0 0 0 217 208 547 52 0 0 0 0 
0 60 333 628 3 0 0 0 18 153 804 49 0 0 0 0 38 317 663 6 0 0 0 0 
9 60 344 611 0 0 0 0 18 190 603 213 0 0 0 0 35 291 653 45 0 0 0 0 
177 12 314 521 0 0 0 0 179 83 698 64 0 0 0 0 182 292 550 0 0 0 0 0 
403 15 102 496 8 0 0 0 405 41 304 274 0 0 0 0 405 84 429 106 0 0 0 0 
631 18 48 322 5 0 0 0 634 17 234 139 0 0 0 0 634 30 288 72 0 0 0 0 
860 20 36 106 2 0 0 0 861 21 61 81 0 0 0 0 864 20 107 33 0 0 0 0 
1018 3 3 0 0 0 0 0 1018 3 3 0 0 0 0 0 1018 3 3 0 0 0 0 0 
1024 0 0 0 0 0 0 0 1024 0 0 0 0 0 0 0 1024 0 0 0 0 0 0 0 
1024 0 0 0 0 0 0 0 1024 0 0 0 0 0 0 0 1024 0 0 0 0 0 0 0 
1024 0 0 0 0 0 0 0 1024 0 0 0 0 0 0 0 1024 0 0 0 0 0 0 0 
1024 0 0 0 0 0 0 0 1024 0 0 0 0 0 0 0 1024 0 0 0 0 0 0 0 
1024 0 0 0 0 0 0 0 1024 0 0 0 0 0 0 0 1024 0 0 0 0 0 0 0 
1024 0 0 0 0 0 0 0 1024 0 0 0 0 0 0 0 1024 0 0 0 0 0 0 0 
1022 2 0 0 0 0 0 0 1024 0 0 0 0 0 0 0 1024 0 0 0 0 0 0 0 
1024 0 0 0 0 0 0 0 1024 0 0 0 0 0 0 0 1024 0 0 0 0 0 0 0 
1024 0 0 0 0 0 0 0 1024 0 0 0 0 0 0 0 1024 0 0 0 0 0 0 0 
1024 0 0 0 0 0 0 0 1024 0 0 0 0 0 0 0 1024 0 0 0 0 0 0 0 
1024 0 0 0 0 0 0 0 1024 0 0 0 0 0 0 0 1024 0 0 0 0 0 0 0 
927 46 35 16 0 0 0 0 939 37 40 8 0 0 0 0 937 39 37 11 0 0 0 0 
751 59 109 105 0 0 0 0 763 57 161 43 0 0 0 0 760 60 131 73 0 0 0 0 
564 62 218 180 0 0 0 0 587 57 364 16 0 0 0 0 579 58 303 84 0 0 0 0 
392 60 381 191 0 0 0 0 407 58 516 43 0 0 0 0 402 60 483 79 0 0 0 0 
