0 0 1024 0 0 0 0 0 0 0 0 1024 0 0 0 0 0 0 1024 0 0 0 0 0 
0 0 1024 0 0 0 0 0 0 0 0 1024 0 0 0 0 0 0 1024 0 0 0 0 0 
0 0 1024 0 0 0 0 0 0 0 0 1024 0 0 0 0 0 0 1024 0 0 0 0 0 
0 0 1024 0 0 0 0 0 0 0 0 1024 0 0 0 0 0 0 1024 0 0 0 0 0 
0 0 1020 4 0 0 0 0 0 0 0 1024 0 0 0 0 0 0 1024 0 0 0 0 0 
0 0 1019 5 0 0 0 0 0 0 0 1024 0 0 0 0 0 0 1024 0 0 0 0 0 
0 0 926 98 0 0 0 0 0 0 0 1024 0 0 0 0 0 0 1024 0 0 0 0 0 
0 0 610 414 0 0 0 0 0 0 0 1024 0 0 0 0 0 0 1024 0 0 0 0 0 
0 0 127 781 116 0 0 0 0 0 0 1021 3 0 0 0 0 0 872 152 0 0 0 0 
0 0 620 324 30 50 0 0 0 0 0 528 416 73 7 0 0 0 936 8 21 59 0 0 
0 0 708 288 12 16 0 0 0 0 0 583 413 20 8 0 0 2 972 22 12 16 0 0 
0 0 831 193 0 0 0 0 0 0 0 516 508 0 0 0 0 0 1024 0 0 0 0 0 
0 0 682 342 0 0 0 0 0 0 0 607 417 0 0 0 0 0 1024 0 0 0 0 0 
0 0 547 477 0 0 0 0 0 0 0 713 311 0 0 0 0 2 1022 0 0 0 0 0 
0 0 361 663 0 0 0 0 0 0 0 678 346 0 0 0 0 0 1024 0 0 0 0 0 
0 0 297 727 0 0 0 0 0 0 0 804 220 0 0 0 0 0 1024 0 0 0 0 0 
0 0 116 908 0 0 0 0 0 0 0 980 44 0 0 0 0 0 1024 0 0 0 0 0 
0 0 159 865 0 0 0 0 0 0 0 997 27 0 0 0 0 0 1024 0 0 0 0 0 
0 0 0 0 792 54 51 127 0 0 0 0 0 800 96 128 0 0 0 65 710 113 24 112 
0 0 0 8 785 53 66 112 0 0 0 0 0 818 77 129 0 0 0 141 591 149 45 98 
0 0 4 65 756 58 53 88 0 0 0 9 31 812 74 98 0 0 7 201 610 93 35 78 
0 0 15 130 727 60 60 32 0 0 0 6 117 774 74 53 0 0 100 205 574 81 44 20 
0 0 47 226 687 42 22 0 0 0 0 24 194 751 44 11 0 3 192 228 505 88 8 0 
0 0 178 156 451 147 40 52 0 0 0 10 319 581 30 84 0 0 308 75 497 52 64 28 
0 0 326 136 540 22 0 0 0 0 0 49 409 554 12 0 0 0 441 166 355 62 0 0 
0 0 557 54 395 18 0 0 0 0 0 88 523 383 30 0 0 0 592 63 351 18 0 0 
0 0 660 117 238 9 0 0 0 0 0 195 580 234 15 0 0 0 750 28 232 14 0 0 
0 0 0 0 0 0 0 1024 0 0 0 0 0 0 0 1024 0 0 0 0 0 0 0 1024 
0 0 0 0 0 0 0 1024 0 0 0 0 0 0 0 1024 0 0 0 0 0 0 0 1024 
0 0 0 0 0 0 0 1024 0 0 0 0 0 0 0 1024 0 0 0 0 0 0 0 1024 
0 0 0 0 0 0 1 1023 0 0 0 0 0 0 1 1023 0 0 0 0 0 0 1 1023 
158 19 11 11 10 16 47 752 149 20 18 9 9 14 38 767 164 19 7 14 6 22 61 731 
15 5 4 3 26 331 30 610 15 5 1 5 4 243 133 618 19 2 4 3 237 134 22 603 
0 0 0 2 99 37 47 839 0 0 0 0 0 102 73 849 0 0 0 23 80 57 45 819 
0 0 0 23 181 25 56 739 0 0 0 0 0 207 62 755 0 0 0 90 118 50 41 725 
64 6 3 32 296 39 47 537 64 6 3 0 8 326 57 560 65 5 3 163 169 47 46 526 
0 1 3 10 18 60 123 809 0 0 1 5 12 28 89 889 1 0 6 16 36 65 166 734 
5 44 20 18 19 47 82 789 0 31 29 14 20 27 72 831 14 45 18 21 20 57 125 724 
12 119 46 19 30 38 67 693 7 110 53 17 24 29 61 723 96 70 14 31 27 41 71 674 
12 23 16 9 28 51 101 784 11 14 21 11 12 43 67 845 30 14 12 21 33 56 125 733 
970 35 9 5 3 1 1 0 967 32 13 6 3 2 1 0 979 28 10 2 3 2 0 0 
456 85 25 20 17 21 30 370 438 90 34 17 22 19 22 382 469 77 23 19 18 22 44 352 
49 282 55 20 23 18 35 542 39 269 70 21 23 16 29 557 268 99 27 20 21 23 33 533 
89 149 34 12 30 53 63 594 86 174 9 10 17 39 56 633 248 20 7 17 30 55 70 577 
423 302 26 10 10 10 35 208 549 171 27 11 10 9 27 220 668 70 13 11 10 10 38 204 
0 0 4 7 7 2 403 601 0 0 2 7 5 6 1 1003 0 2 6 7 5 0 643 361 
0 0 0 0 2 3 277 742 0 0 0 0 1 1 10 1012 0 0 1 3 8 15 516 481 
48 202 66 9 9 7 411 272 34 184 96 10 3 11 15 671 181 127 15 3 11 8 570 109 
166 632 31 14 18 17 91 55 23 712 86 17 11 20 26 129 46 658 119 18 23 19 96 45 
403 567 54 0 0 0 0 0 373 622 29 0 0 0 0 0 539 392 87 6 0 0 0 0 
117 38 196 100 27 57 229 260 116 42 184 17 12 88 111 454 118 33 97 205 24 59 346 142 
5 21 6 265 23 24 267 413 0 21 9 6 5 120 189 674 10 18 4 273 18 39 465 197 
336 78 26 250 30 12 154 138 329 83 18 13 10 139 143 289 394 34 18 252 27 15 245 39 
867 157 0 0 0 0 0 0 909 115 0 0 0 0 0 0 1014 10 0 0 0 0 0 0 
0 0 169 590 11 21 225 8 0 0 0 0 0 764 21 239 0 0 396 364 11 23 230 0 
0 0 262 605 10 18 102 27 0 0 0 0 1 866 20 137 0 0 475 396 9 26 115 3 
0 0 253 700 22 19 30 0 0 0 0 0 0 842 152 30 0 0 268 693 19 20 24 0 
13 25 304 682 0 0 0 0 0 12 18 22 16 828 128 0 9 16 346 653 0 0 0 0 
96 758 143 26 1 0 0 0 18 680 281 14 4 24 3 0 19 488 487 29 1 0 0 0 
6 107 685 224 2 0 0 0 4 97 493 26 34 321 49 0 0 29 554 437 4 0 0 0 
0 0 479 545 0 0 0 0 0 0 0 0 0 848 176 0 0 0 390 634 0 0 0 0 
280 14 230 500 0 0 0 0 248 31 10 7 13 601 114 0 259 35 140 589 1 0 0 0 
1024 0 0 0 0 0 0 0 1022 2 0 0 0 0 0 0 1022 2 0 0 0 0 0 0 
0 0 1020 4 0 0 0 0 0 0 0 0 0 1024 0 0 0 0 1020 4 0 0 0 0 
0 0 1022 2 0 0 0 0 0 0 0 0 1 1023 0 0 0 0 1020 4 0 0 0 0 
39 37 865 83 0 0 0 0 5 35 30 49 51 854 0 0 47 38 863 76 0 0 0 0 
77 345 556 46 0 0 0 0 25 300 99 45 24 531 0 0 37 336 586 65 0 0 0 0 
24 982 18 0 0 0 0 0 14 982 28 0 0 0 0 0 5 609 410 0 0 0 0 0 
140 325 426 133 0 0 0 0 123 295 291 116 40 159 0 0 50 190 670 114 0 0 0 0 
239 294 366 125 0 0 0 0 114 319 145 121 49 276 0 0 438 166 321 99 0 0 0 0 
568 248 146 62 0 0 0 0 610 212 82 22 13 82 3 0 776 123 62 63 0 0 0 0 
893 131 0 0 0 0 0 0 1020 4 0 0 0 0 0 0 1024 0 0 0 0 0 0 0 
5 17 669 333 0 0 0 0 0 4 28 387 67 538 0 0 16 58 950 0 0 0 0 0 
34 109 584 297 0 0 0 0 14 87 152 330 86 355 0 0 133 167 724 0 0 0 0 0 
272 344 353 55 0 0 0 0 242 303 216 126 51 86 0 0 506 243 268 7 0 0 0 0 
141 789 92 2 0 0 0 0 116 793 113 2 0 0 0 0 277 706 41 0 0 0 0 0 
92 848 84 0 0 0 0 0 89 812 123 0 0 0 0 0 1 487 536 0 0 0 0 0 
40 666 248 70 0 0 0 0 170 540 182 76 56 0 0 0 372 188 461 3 0 0 0 0 
351 510 137 26 0 0 0 0 555 55 37 75 302 0 0 0 605 266 153 0 0 0 0 0 
476 420 126 2 0 0 0 0 579 39 16 136 254 0 0 0 621 275 128 0 0 0 0 0 
926 98 0 0 0 0 0 0 1014 10 0 0 0 0 0 0 1024 0 0 0 0 0 0 0 
190 634 118 82 0 0 0 0 508 264 162 90 0 0 0 0 870 76 78 0 0 0 0 0 
117 792 84 31 0 0 0 0 690 169 46 87 32 0 0 0 851 122 51 0 0 0 0 0 
97 852 74 1 0 0 0 0 637 46 19 164 158 0 0 0 684 303 37 0 0 0 0 0 
174 748 97 5 0 0 0 0 213 408 55 230 118 0 0 0 496 519 9 0 0 0 0 0 
181 792 51 0 0 0 0 0 174 842 8 0 0 0 0 0 603 421 0 0 0 0 0 0 
0 593 431 0 0 0 0 0 2 117 386 391 128 0 0 0 8 999 17 0 0 0 0 0 
0 1024 0 0 0 0 0 0 0 0 0 910 114 0 0 0 0 1024 0 0 0 0 0 0 
299 725 0 0 0 0 0 0 279 18 10 717 0 0 0 0 299 725 0 0 0 0 0 0 
1024 0 0 0 0 0 0 0 1024 0 0 0 0 0 0 0 1024 0 0 0 0 0 0 0 
18 953 52 1 0 0 0 0 83 58 9 855 19 0 0 0 146 868 10 0 0 0 0 0 
2 1020 2 0 0 0 0 0 0 0 2 1019 3 0 0 0 3 1021 0 0 0 0 0 0 
0 1024 0 0 0 0 0 0 0 0 7 1014 3 0 0 0 0 1024 0 0 0 0 0 0 
27 997 0 0 0 0 0 0 0 175 58 791 0 0 0 0 211 813 0 0 0 0 0 0 
0 1018 6 0 0 0 0 0 0 1024 0 0 0 0 0 0 541 483 0 0 0 0 0 0 
23 648 353 0 0 0 0 0 0 149 456 419 0 0 0 0 29 994 1 0 0 0 0 0 
10 1014 0 0 0 0 0 0 0 0 242 782 0 0 0 0 83 941 0 0 0 0 0 0 
369 655 0 0 0 0 0 0 260 17 384 363 0 0 0 0 411 613 0 0 0 0 0 0 
1024 0 0 0 0 0 0 0 1024 0 0 0 0 0 0 0 1024 0 0 0 0 0 0 0 
361 663 0 0 0 0 0 0 0 0 602 422 0 0 0 0 507 517 0 0 0 0 0 0 
403 621 0 0 0 0 0 0 0 0 666 358 0 0 0 0 573 451 0 0 0 0 0 0 
491 533 0 0 0 0 0 0 0 0 834 190 0 0 0 0 626 398 0 0 0 0 0 0 
373 646 5 0 0 0 0 0 0 212 715 97 0 0 0 0 454 558 12 0 0 0 0 0 
0 1021 3 0 0 0 0 0 0 1024 0 0 0 0 0 0 764 260 0 0 0 0 0 0 
475 134 384 18 13 0 0 0 3 110 874 9 27 1 0 0 473 492 29 26 4 0 0 0 
523 167 241 59 34 0 0 0 32 52 813 51 73 3 0 0 596 115 225 61 27 0 0 0 
487 304 173 22 35 3 0 0 389 227 333 17 34 24 0 0 616 205 143 23 34 3 0 0 
833 151 40 0 0 0 0 0 835 148 41 0 0 0 0 0 934 67 23 0 0 0 0 0 
1024 0 0 0 0 0 0 0 0 0 1024 0 0 0 0 0 1024 0 0 0 0 0 0 0 
1024 0 0 0 0 0 0 0 0 0 1024 0 0 0 0 0 1024 0 0 0 0 0 0 0 
730 294 0 0 0 0 0 0 230 457 337 0 0 0 0 0 729 295 0 0 0 0 0 0 
590 263 74 73 24 0 0 0 530 318 65 36 75 0 0 0 595 276 61 82 10 0 0 0 
84 842 75 21 2 0 0 0 65 857 77 13 12 0 0 0 830 107 66 21 0 0 0 0 
13 204 788 10 9 0 0 0 6 264 725 16 13 0 0 0 39 527 440 16 2 0 0 0 
0 0 1024 0 0 0 0 0 0 0 980 44 0 0 0 0 0 123 901 0 0 0 0 0 
0 238 786 0 0 0 0 0 0 181 839 4 0 0 0 0 2 724 298 0 0 0 0 0 
463 475 86 0 0 0 0 0 466 518 40 0 0 0 0 0 565 457 2 0 0 0 0 0 
827 62 31 70 34 0 0 0 1 194 714 18 97 0 0 0 843 54 24 92 11 0 0 0 
539 103 266 79 37 0 0 0 21 288 584 32 99 0 0 0 565 163 179 83 34 0 0 0 
190 100 623 101 10 0 0 0 36 181 685 66 56 0 0 0 217 193 509 101 4 0 0 0 
19 65 925 11 4 0 0 0 17 28 964 7 8 0 0 0 21 315 673 14 1 0 0 0 
54 653 317 0 0 0 0 0 30 590 404 0 0 0 0 0 549 352 123 0 0 0 0 0 
0 296 728 0 0 0 0 0 0 366 658 0 0 0 0 0 42 838 144 0 0 0 0 0 
0 0 1024 0 0 0 0 0 0 0 1024 0 0 0 0 0 0 976 48 0 0 0 0 0 
0 21 1003 0 0 0 0 0 0 2 1022 0 0 0 0 0 0 1024 0 0 0 0 0 0 
0 106 918 0 0 0 0 0 0 330 694 0 0 0 0 0 0 1024 0 0 0 0 0 0 
