1 19 20 151 80 33 51 669 2 18 32 123 75 39 38 697 3 15 27 130 70 48 76 655 
0 2 50 625 322 18 7 0 3 9 312 649 47 3 1 0 7 21 428 509 53 6 0 0 
0 1 57 618 306 37 5 0 0 1 272 589 131 26 5 0 0 15 300 504 157 28 18 2 
0 0 79 656 289 0 0 0 0 2 543 407 72 0 0 0 0 15 552 354 97 6 0 0 
0 0 106 649 245 24 0 0 0 4 423 510 83 4 0 0 0 16 420 457 111 20 0 0 
0 0 87 668 244 25 0 0 0 0 329 627 63 5 0 0 0 5 298 596 106 17 2 0 
0 1 125 617 265 14 2 0 2 3 395 555 63 6 0 0 1 21 428 438 127 9 0 0 
0 1 54 704 263 2 0 0 0 0 254 722 48 0 0 0 0 6 336 569 113 0 0 0 
0 0 24 845 153 2 0 0 0 0 422 582 20 0 0 0 0 2 590 400 31 1 0 0 
0 0 153 849 22 0 0 0 0 6 709 309 0 0 0 0 0 31 796 190 7 0 0 0 
3 104 321 397 22 39 18 120 6 159 548 126 8 39 18 120 33 254 497 66 11 19 42 102 
0 28 233 214 29 69 32 419 3 27 372 79 16 68 28 431 5 39 371 64 12 43 85 405 
0 2 266 659 97 0 0 0 0 2 579 419 24 0 0 0 0 34 756 209 23 2 0 0 
0 22 520 482 0 0 0 0 0 70 824 130 0 0 0 0 0 128 761 135 0 0 0 0 
0 75 716 233 0 0 0 0 0 210 780 34 0 0 0 0 0 270 704 50 0 0 0 0 
0 156 701 167 0 0 0 0 0 338 632 54 0 0 0 0 0 429 501 94 0 0 0 0 
1 102 526 142 103 40 18 92 2 214 476 73 93 46 21 99 17 301 380 66 87 59 27 87 
0 36 390 122 144 22 17 293 0 76 418 61 127 37 12 293 1 207 292 57 113 59 15 280 
0 60 245 230 176 23 21 269 0 72 304 195 138 22 19 274 1 161 259 150 137 35 14 267 
0 144 273 224 100 15 12 256 0 185 294 191 66 16 12 260 1 260 279 120 81 11 17 255 
176 561 277 10 0 0 0 0 180 614 213 17 0 0 0 0 159 659 179 27 0 0 0 0 
188 334 296 33 4 10 14 145 187 353 261 44 9 7 10 153 175 329 264 79 7 15 32 123 
134 422 415 53 0 0 0 0 132 484 354 54 0 0 0 0 118 487 321 89 9 0 0 0 
107 517 360 39 1 0 0 0 144 524 320 36 0 0 0 0 134 540 292 56 2 0 0 0 
149 471 347 57 0 0 0 0 172 524 286 42 0 0 0 0 170 517 300 37 0 0 0 0 
170 354 349 137 13 1 0 0 175 392 345 101 10 1 0 0 173 386 363 94 8 0 0 0 
55 274 462 122 59 9 5 38 68 316 447 98 47 8 7 33 81 375 378 111 39 11 5 24 
54 175 310 242 98 44 78 23 54 202 391 181 110 86 0 0 52 201 411 179 124 57 0 0 
0 18 204 167 87 242 265 41 0 42 269 147 168 366 32 0 0 79 248 141 157 327 72 0 
32 279 230 264 168 51 0 0 35 311 303 254 119 2 0 0 38 346 304 217 112 7 0 0 
139 154 501 65 48 73 22 22 147 145 545 61 81 8 13 24 127 172 522 100 48 9 11 35 
87 106 651 115 33 31 1 0 104 87 680 101 49 3 0 0 85 121 657 129 29 3 0 0 
50 212 290 314 99 36 17 6 47 204 296 314 97 37 16 13 38 186 279 175 222 69 31 24 
59 220 207 158 187 172 13 8 46 210 283 325 123 14 13 10 44 174 348 321 80 22 14 21 
74 507 173 73 93 93 11 0 105 506 195 148 53 12 5 0 94 481 270 136 26 4 6 7 
41 263 173 240 291 16 0 0 54 293 288 333 53 3 0 0 61 286 321 228 91 35 2 0 
79 558 278 78 23 7 0 1 78 544 260 113 20 8 0 1 77 496 250 133 48 12 7 1 
37 240 277 26 27 69 141 207 28 178 355 47 96 212 104 4 37 157 370 51 114 195 94 6 
0 0 0 0 1 13 103 907 0 0 0 3 28 204 780 9 0 0 0 3 26 184 744 67 
13 25 310 245 171 134 110 16 16 26 415 253 196 117 1 0 17 57 402 240 231 77 0 0 
69 304 428 94 61 49 19 0 76 313 454 56 77 25 23 0 160 230 455 73 52 44 10 0 
177 431 91 103 71 51 92 8 182 442 92 69 189 39 8 3 212 421 100 108 89 58 21 15 
138 31 229 133 97 77 216 103 135 36 84 278 136 277 37 41 122 61 36 133 356 163 93 60 
181 64 101 197 127 56 72 226 199 67 78 177 153 241 73 36 205 60 56 152 245 162 95 49 
74 109 212 197 39 38 154 201 79 127 211 206 132 218 50 1 78 101 194 305 257 66 23 0 
48 125 124 106 63 131 254 173 57 141 138 172 290 136 79 11 47 158 215 324 100 90 72 18 
61 134 181 49 71 152 311 65 61 165 197 133 278 159 31 0 66 191 280 195 95 149 44 4 
6 43 48 20 29 597 239 42 6 41 188 482 176 99 14 18 13 364 414 52 80 65 16 20 
11 28 17 21 170 309 185 283 21 36 167 117 120 392 171 0 42 231 51 54 232 321 93 0 
9 96 129 38 219 370 84 79 2 91 158 37 198 534 4 0 4 50 204 106 577 83 0 0 
23 390 611 0 0 0 0 0 60 378 586 0 0 0 0 0 118 351 555 0 0 0 0 0 
69 564 336 53 2 0 0 0 91 531 329 64 8 1 0 0 189 489 280 62 4 0 0 0 
348 272 249 103 25 11 14 2 352 262 245 119 25 4 13 4 426 207 144 183 33 9 12 10 
771 252 1 0 0 0 0 0 777 246 1 0 0 0 0 0 754 269 1 0 0 0 0 0 
635 309 13 9 4 5 18 31 688 263 16 3 11 23 20 0 576 384 9 3 10 25 17 0 
196 148 45 30 33 54 113 405 234 146 34 46 65 132 360 7 230 139 52 51 69 147 325 11 
530 339 73 13 6 14 25 24 523 317 108 11 17 35 13 0 500 288 133 38 20 35 10 0 
106 157 155 190 146 110 152 8 144 141 316 169 68 164 22 0 187 273 205 139 52 136 31 1 
0 4 86 496 113 319 6 0 1 7 121 475 97 319 4 0 10 17 69 581 320 27 0 0 
0 3 70 39 216 696 0 0 0 2 58 50 161 753 0 0 0 1 43 112 856 12 0 0 
2 75 944 3 0 0 0 0 2 54 965 3 0 0 0 0 1 76 938 9 0 0 0 0 
8 48 476 321 148 18 2 3 6 34 442 255 201 79 4 3 9 55 422 273 232 25 2 6 
178 261 365 110 99 10 0 1 191 272 349 75 86 46 4 1 168 327 300 78 115 33 1 2 
195 824 5 0 0 0 0 0 210 809 5 0 0 0 0 0 143 876 5 0 0 0 0 0 
292 634 15 41 42 0 0 0 338 588 15 41 42 0 0 0 122 801 17 37 47 0 0 0 
265 166 75 359 117 19 13 10 288 142 82 364 130 15 3 0 312 116 69 299 215 12 1 0 
197 308 59 47 24 95 143 151 211 303 51 66 132 183 78 0 238 278 64 90 146 163 45 0 
120 94 293 296 114 105 2 0 126 83 218 369 112 110 6 0 133 77 316 348 130 20 0 0 
0 34 351 461 80 95 3 0 0 25 349 473 72 101 4 0 0 22 410 448 132 12 0 0 
55 151 441 170 148 42 4 13 58 115 394 249 148 48 11 1 91 114 476 254 87 2 0 0 
