303 256 394 7 42 12 10 0 300 243 408 9 32 16 13 3 265 298 334 50 25 28 14 10 
170 120 22 200 241 271 0 0 146 142 24 200 101 411 0 0 87 168 52 156 49 489 23 0 
325 199 85 207 171 13 24 0 300 210 66 211 177 41 19 0 137 334 70 108 207 134 28 6 
288 207 56 93 357 13 10 0 272 215 57 77 339 58 6 0 164 316 54 48 291 135 16 0 
332 127 17 21 502 25 0 0 319 136 16 18 499 36 0 0 286 167 16 15 254 286 0 0 
164 15 17 31 773 24 0 0 160 16 14 17 763 54 0 0 131 45 10 17 276 545 0 0 
1 1 2 25 937 58 0 0 0 1 2 5 945 71 0 0 0 1 2 2 250 769 0 0 
0 0 0 0 712 312 0 0 0 0 0 0 720 304 0 0 0 0 0 0 64 960 0 0 
0 0 0 0 486 538 0 0 0 0 0 0 491 533 0 0 0 0 0 0 68 956 0 0 
0 0 0 0 379 645 0 0 0 0 0 0 392 632 0 0 0 0 0 0 112 912 0 0 
0 0 0 0 256 768 0 0 0 0 0 0 325 699 0 0 0 0 0 0 75 949 0 0 
0 0 0 0 195 829 0 0 0 0 0 0 299 725 0 0 0 0 0 0 86 937 1 0 
0 0 0 0 195 828 1 0 0 0 0 0 283 740 1 0 0 0 0 0 118 857 49 0 
0 0 0 18 255 741 10 0 0 0 0 14 344 660 6 0 0 0 0 5 173 820 26 0 
0 0 0 0 346 678 0 0 0 0 0 0 570 454 0 0 0 0 0 0 384 640 0 0 
0 0 0 0 754 270 0 0 0 0 0 0 895 129 0 0 0 0 0 0 803 221 0 0 
0 0 0 0 248 322 77 377 0 0 0 0 407 185 72 360 0 0 0 0 538 112 33 341 
0 0 0 0 0 36 47 941 0 0 0 0 0 69 20 935 0 0 0 0 29 42 19 934 
0 0 0 0 0 0 0 1024 0 0 0 0 0 0 0 1024 0 0 0 0 0 0 0 1024 
0 0 0 0 153 106 65 700 0 0 0 61 133 87 62 681 0 0 0 123 114 44 61 682 
127 224 577 25 39 0 6 26 99 232 597 16 45 3 1 31 89 237 562 40 41 21 2 32 
94 78 104 236 0 492 20 0 43 117 99 253 0 458 54 0 15 128 86 267 16 123 389 0 
105 118 210 524 67 0 0 0 93 123 134 598 48 28 0 0 62 146 105 611 50 50 0 0 
0 4 70 882 65 3 0 0 0 2 62 875 43 42 0 0 0 0 53 527 384 60 0 0 
302 50 64 588 15 5 0 0 293 55 67 566 39 4 0 0 276 68 59 296 317 8 0 0 
705 57 228 33 1 0 0 0 702 59 227 32 4 0 0 0 695 82 176 63 8 0 0 0 
352 78 144 111 282 57 0 0 345 83 146 101 276 73 0 0 217 217 123 90 136 241 0 0 
184 204 78 165 370 11 12 0 156 220 78 132 415 22 1 0 100 263 77 90 450 39 5 0 
234 116 22 79 573 0 0 0 172 177 20 48 607 0 0 0 162 182 22 23 634 1 0 0 
25 50 21 143 773 8 4 0 7 66 18 140 780 7 6 0 8 62 16 58 864 9 6 1 
0 0 0 42 978 4 0 0 0 0 0 53 968 3 0 0 0 0 0 35 960 29 0 0 
0 0 35 163 817 9 0 0 0 0 41 165 811 7 0 0 0 0 45 164 773 42 0 0 
0 0 0 0 1005 19 0 0 0 0 0 0 1015 9 0 0 0 0 0 0 987 37 0 0 
0 0 0 0 1019 5 0 0 0 0 0 0 1024 0 0 0 0 0 0 0 993 31 0 0 
0 0 0 0 850 172 2 0 0 0 0 0 867 157 0 0 0 0 0 0 870 154 0 0 
0 0 0 0 658 353 13 0 0 0 0 0 725 299 0 0 0 0 0 6 824 194 0 0 
0 0 0 0 849 162 5 8 0 0 0 0 943 69 9 3 0 0 0 29 985 9 1 0 
0 0 0 0 443 151 40 390 0 0 0 0 551 55 37 381 0 0 0 233 382 30 18 361 
0 0 0 0 493 143 16 372 0 0 0 0 611 28 18 367 0 0 0 431 205 13 16 359 
0 0 0 0 766 90 17 151 0 0 0 69 769 21 16 149 0 0 0 770 85 14 14 141 
178 410 340 22 33 9 0 32 156 434 338 16 28 20 0 32 146 569 177 53 15 0 32 32 
20 133 321 38 0 180 332 0 10 128 342 32 0 123 389 0 31 134 227 120 0 5 507 0 
59 58 897 10 0 0 0 0 55 55 839 75 0 0 0 0 56 54 680 234 0 0 0 0 
190 85 643 106 0 0 0 0 188 70 539 227 0 0 0 0 187 58 396 383 0 0 0 0 
254 70 262 307 120 11 0 0 245 71 245 328 125 10 0 0 224 92 205 306 151 46 0 0 
233 193 597 1 0 0 0 0 225 198 599 2 0 0 0 0 227 213 555 29 0 0 0 0 
113 72 434 66 43 160 136 0 115 71 431 69 50 250 38 0 86 111 427 66 38 286 10 0 
55 71 300 523 72 3 0 0 40 78 253 569 81 3 0 0 39 78 185 631 83 7 1 0 
438 162 260 150 14 0 0 0 434 166 260 150 14 0 0 0 423 196 247 141 17 0 0 0 
266 287 376 48 13 31 3 0 232 320 385 39 13 29 6 0 187 370 386 32 14 26 9 0 
1 361 131 391 116 24 0 0 2 353 136 408 121 4 0 0 7 360 133 409 115 0 0 0 
0 492 38 195 299 0 0 0 0 489 40 272 223 0 0 0 0 490 38 292 204 0 0 0 
0 173 48 306 497 0 0 0 0 173 48 475 328 0 0 0 0 182 47 585 210 0 0 0 
0 10 9 365 640 0 0 0 0 10 9 661 344 0 0 0 0 11 11 798 204 0 0 0 
0 0 0 314 710 0 0 0 0 0 0 650 374 0 0 0 0 0 2 894 128 0 0 0 
0 0 4 110 910 0 0 0 0 0 4 527 493 0 0 0 0 0 4 906 114 0 0 0 
0 0 0 2 983 39 0 0 0 0 0 407 614 3 0 0 0 0 0 790 234 0 0 0 
0 0 0 0 917 107 0 0 0 0 0 168 814 42 0 0 0 0 0 843 181 0 0 0 
0 0 0 0 854 100 12 58 0 0 0 21 901 35 11 56 0 0 0 891 63 12 9 49 
0 0 0 3 135 195 43 648 0 0 0 18 247 89 32 638 0 0 0 240 97 33 30 624 
129 327 459 43 1 16 17 32 128 329 457 44 1 8 24 33 132 597 140 69 20 2 5 59 
63 205 208 35 1 39 473 0 53 236 189 33 1 32 480 0 55 228 195 33 1 9 503 0 
173 253 582 16 0 0 0 0 162 413 439 10 0 0 0 0 181 461 362 11 8 1 0 0 
236 122 424 224 18 0 0 0 247 129 430 215 3 0 0 0 246 141 413 180 44 0 0 0 
227 128 327 118 129 95 0 0 221 129 360 90 133 91 0 0 189 190 331 90 128 96 0 0 
310 147 567 0 0 0 0 0 292 165 567 0 0 0 0 0 304 262 458 0 0 0 0 0 
277 177 239 11 0 320 0 0 275 177 251 1 0 320 0 0 252 264 188 0 1 319 0 0 
392 177 448 7 0 0 0 0 387 181 455 1 0 0 0 0 384 185 455 0 0 0 0 0 
425 318 137 75 69 0 0 0 413 323 149 70 69 0 0 0 398 330 172 71 53 0 0 0 
202 255 480 13 42 11 21 0 196 248 493 18 37 10 22 0 208 235 493 24 32 10 22 0 
122 267 343 105 10 148 29 0 116 268 360 96 53 131 0 0 133 280 343 90 176 2 0 0 
8 277 739 0 0 0 0 0 6 272 746 0 0 0 0 0 5 287 732 0 0 0 0 0 
1 451 390 127 55 0 0 0 3 457 383 144 37 0 0 0 30 463 400 131 0 0 0 0 
47 470 422 54 18 13 0 0 42 479 417 52 21 13 0 0 62 476 400 54 18 14 0 0 
5 150 109 758 2 0 0 0 5 154 115 750 0 0 0 0 7 151 174 692 0 0 0 0 
0 0 5 975 44 0 0 0 0 0 12 1012 0 0 0 0 0 0 15 1009 0 0 0 0 
0 0 0 843 181 0 0 0 0 0 0 1014 10 0 0 0 0 0 0 1024 0 0 0 0 
0 0 0 405 617 2 0 0 0 0 0 753 270 1 0 0 0 0 0 957 67 0 0 0 
0 0 0 81 597 334 12 0 0 0 0 162 701 161 0 0 0 0 0 414 610 0 0 0 
0 0 0 23 135 339 428 99 0 0 0 37 227 475 285 0 0 0 7 106 675 236 0 0 
7 287 206 292 83 142 6 1 2 271 200 270 120 141 19 1 1 337 311 69 120 140 43 3 
34 253 39 33 57 120 488 0 22 255 68 70 43 86 480 0 8 97 235 86 35 54 499 10 
91 598 173 69 21 32 40 0 60 608 253 48 55 0 0 0 78 220 618 70 31 7 0 0 
124 180 344 375 1 0 0 0 113 176 367 365 3 0 0 0 131 183 662 26 22 0 0 0 
166 110 96 408 124 120 0 0 164 108 123 385 133 111 0 0 163 123 417 77 128 114 2 0 
15 154 96 756 3 0 0 0 10 170 109 735 0 0 0 0 32 177 813 2 0 0 0 0 
142 161 225 176 16 283 21 0 129 189 194 192 17 287 16 0 144 187 372 1 31 270 19 0 
146 189 630 59 0 0 0 0 145 201 629 49 0 0 0 0 140 214 645 25 0 0 0 0 
214 222 386 75 119 8 0 0 210 226 393 78 112 5 0 0 203 249 411 76 81 4 0 0 
169 154 556 28 51 56 9 1 163 152 564 21 56 58 9 1 159 149 570 20 66 46 13 1 
90 104 521 121 30 158 0 0 90 106 536 104 153 35 0 0 88 116 553 83 184 0 0 0 
11 128 885 0 0 0 0 0 2 143 879 0 0 0 0 0 15 129 880 0 0 0 0 0 
36 212 597 51 126 2 0 0 37 217 607 37 126 0 0 0 83 201 597 121 22 0 0 0 
25 76 840 37 24 22 0 0 32 72 838 37 23 22 0 0 70 35 844 28 25 22 0 0 
0 0 0 964 60 0 0 0 0 0 4 1010 10 0 0 0 0 0 52 972 0 0 0 0 
0 0 0 1020 4 0 0 0 0 0 0 1024 0 0 0 0 0 0 0 1024 0 0 0 0 
4 55 79 506 272 22 16 70 10 95 130 581 111 17 29 51 28 172 59 639 48 65 11 2 
3 178 189 129 375 75 49 26 11 223 223 152 350 23 31 11 20 268 211 312 171 24 15 3 
2 42 7 23 47 457 443 3 6 40 13 18 153 683 110 1 20 33 21 23 846 81 0 0 
0 0 5 0 1 3 377 638 1 4 0 1 1 55 923 39 1 4 1 0 233 748 27 10 
0 751 51 219 3 0 0 0 0 752 90 182 0 0 0 0 0 770 243 11 0 0 0 0 
61 419 0 5 35 24 480 0 58 422 0 8 29 27 480 0 2 179 299 0 24 40 448 32 
0 1024 0 0 0 0 0 0 0 1024 0 0 0 0 0 0 0 0 1024 0 0 0 0 0 
0 301 32 574 117 0 0 0 0 297 33 656 38 0 0 0 0 23 424 577 0 0 0 0 
64 64 36 551 60 117 116 16 64 64 20 563 65 121 111 16 67 61 196 399 48 99 124 30 
0 0 263 761 0 0 0 0 0 0 137 887 0 0 0 0 0 0 1023 1 0 0 0 0 
89 80 235 286 40 258 36 0 75 86 162 381 32 256 32 0 100 76 453 29 77 261 28 0 
6 69 707 175 35 32 0 0 2 55 204 759 4 0 0 0 13 54 50 540 367 0 0 0 
45 39 762 60 64 50 4 0 46 35 688 137 62 54 2 0 39 43 682 95 115 44 6 0 
86 58 739 44 56 39 1 1 86 58 739 31 68 38 3 1 87 59 737 26 89 22 3 1 
85 11 603 74 62 189 0 0 85 11 604 79 179 66 0 0 80 64 516 140 191 33 0 0 
1 108 915 0 0 0 0 0 0 205 819 0 0 0 0 0 0 216 808 0 0 0 0 0 
72 207 503 105 117 20 0 0 88 288 435 98 115 0 0 0 115 265 462 163 19 0 0 0 
54 65 781 89 29 6 0 0 63 57 806 66 25 6 1 0 64 66 798 85 4 6 1 0 
0 0 0 960 64 0 0 0 0 0 0 1024 0 0 0 0 0 0 28 996 0 0 0 0 
0 0 5 683 305 15 9 7 0 0 13 926 76 6 3 0 0 3 39 966 16 0 0 0 
0 29 109 112 479 157 70 68 4 156 74 378 327 68 17 0 16 183 101 621 101 2 0 0 
0 42 83 293 279 166 64 97 0 65 307 482 127 42 1 0 2 176 642 192 10 2 0 0 
0 1 10 49 69 268 626 1 0 1 9 56 95 677 186 0 0 6 91 127 655 145 0 0 
0 5 4 3 7 22 647 336 2 7 1 6 12 186 691 119 9 0 7 12 386 501 109 0 
0 293 169 562 0 0 0 0 0 297 300 427 0 0 0 0 0 345 658 21 0 0 0 0 
74 393 29 16 0 9 503 0 67 396 37 12 0 9 503 0 5 173 310 16 8 10 482 20 
0 1020 4 0 0 0 0 0 0 1018 6 0 0 0 0 0 0 6 1018 0 0 0 0 0 
0 45 29 950 0 0 0 0 0 50 40 934 0 0 0 0 0 19 173 832 0 0 0 0 
114 78 31 486 77 109 98 31 122 69 29 473 88 113 99 31 81 117 85 434 60 96 103 48 
0 0 9 1015 0 0 0 0 0 0 0 1024 0 0 0 0 0 0 970 54 0 0 0 0 
96 32 152 392 30 283 39 0 90 38 42 501 29 291 33 0 106 22 390 54 136 295 21 0 
0 155 846 3 5 6 9 0 0 0 181 823 5 12 3 0 0 0 3 146 858 17 0 0 
0 6 807 203 5 3 0 0 0 0 389 625 8 2 0 0 0 2 612 156 254 0 0 0 
109 19 805 27 26 38 0 0 106 22 781 57 26 32 0 0 112 16 832 14 50 0 0 0 
64 53 299 390 68 150 0 0 64 50 303 398 159 50 0 0 64 54 327 396 166 17 0 0 
0 377 642 5 0 0 0 0 27 410 584 3 0 0 0 0 7 438 579 0 0 0 0 0 
75 218 561 42 88 40 0 0 119 451 316 12 126 0 0 0 139 455 300 102 28 0 0 0 
78 38 790 73 45 0 0 0 76 40 828 38 42 0 0 0 82 43 847 52 0 0 0 0 
0 0 0 967 57 0 0 0 0 0 0 1022 2 0 0 0 0 0 37 987 0 0 0 0 
0 0 5 295 724 0 0 0 0 3 10 659 352 0 0 0 0 4 24 954 42 0 0 0 
0 121 332 264 296 11 0 0 6 188 385 247 198 0 0 0 2 305 506 172 39 0 0 0 
0 211 732 78 3 0 0 0 0 23 892 105 4 0 0 0 0 182 831 11 0 0 0 0 
0 0 317 56 20 305 326 0 0 0 317 57 45 573 32 0 0 61 322 30 569 42 0 0 
0 0 0 0 0 214 804 6 0 0 0 0 9 786 229 0 0 0 0 5 814 205 0 0 
29 240 203 552 0 0 0 0 30 236 178 580 0 0 0 0 24 292 691 17 0 0 0 0 
96 382 5 18 25 18 480 0 73 405 3 21 23 19 480 0 8 240 235 14 23 19 453 32 
0 1024 0 0 0 0 0 0 0 1024 0 0 0 0 0 0 0 59 965 0 0 0 0 0 
30 55 57 798 21 27 36 0 19 59 58 804 19 36 28 1 13 41 132 757 24 26 30 1 
517 125 95 179 59 46 3 0 500 139 95 181 61 45 3 0 501 153 102 159 58 40 11 0 
426 33 75 490 0 0 0 0 426 33 55 510 0 0 0 0 431 30 552 11 0 0 0 0 
244 140 122 144 36 274 64 0 251 120 128 153 36 294 42 0 252 120 237 47 45 300 23 0 
0 277 606 77 30 18 11 5 0 62 487 438 6 19 10 2 6 59 172 334 424 22 5 2 
503 83 299 122 14 3 0 0 506 48 185 269 13 3 0 0 506 67 227 161 62 1 0 0 
644 32 244 40 0 64 0 0 642 33 195 90 22 42 0 0 634 53 273 0 61 3 0 0 
574 58 84 168 8 132 0 0 577 60 78 170 96 43 0 0 584 56 132 119 129 3 1 0 
874 98 31 21 0 0 0 0 878 103 21 22 0 0 0 0 879 104 30 11 0 0 0 0 
657 66 32 66 181 22 0 0 660 73 24 80 187 0 0 0 669 74 28 221 32 0 0 0 
914 14 10 11 75 0 0 0 914 14 11 20 65 0 0 0 918 18 31 57 0 0 0 0 
0 0 0 856 168 0 0 0 0 0 0 974 50 0 0 0 0 0 33 982 9 0 0 0 
0 0 0 53 971 0 0 0 0 0 0 313 711 0 0 0 0 0 0 908 116 0 0 0 
16 128 306 133 403 38 0 0 46 309 378 44 243 4 0 0 38 452 252 164 118 0 0 0 
22 256 630 30 40 46 0 0 23 192 695 33 58 23 0 0 43 260 607 63 50 1 0 0 
0 3 138 15 52 759 57 0 0 3 139 19 264 599 0 0 0 84 71 93 770 6 0 0 
0 0 0 0 5 783 236 0 0 0 0 0 168 848 8 0 0 0 0 47 929 48 0 0 
1020 4 0 0 0 0 0 0 1020 4 0 0 0 0 0 0 1020 4 0 0 0 0 0 0 
153 83 39 140 103 23 483 0 159 77 20 81 176 25 486 0 90 91 63 70 173 46 476 15 
0 52 28 322 600 22 0 0 0 48 17 148 669 142 0 0 0 1 59 82 595 287 0 0 
215 65 346 138 205 55 0 0 217 62 337 132 207 69 0 0 227 297 160 67 208 65 0 0 
752 147 12 10 91 12 0 0 741 157 8 14 84 20 0 0 735 163 8 14 76 28 0 0 
1024 0 0 0 0 0 0 0 1019 5 0 0 0 0 0 0 1023 1 0 0 0 0 0 0 
512 173 19 0 32 226 62 0 512 133 59 0 32 262 26 0 512 47 121 26 39 276 3 0 
30 907 87 0 0 0 0 0 0 171 853 0 0 0 0 0 0 0 230 794 0 0 0 0 
776 218 30 0 0 0 0 0 771 41 212 0 0 0 0 0 760 20 87 157 0 0 0 0 
928 0 6 24 2 64 0 0 928 0 8 24 32 32 0 0 928 0 18 14 64 0 0 0 
724 48 41 83 19 109 0 0 731 39 41 86 100 27 0 0 752 43 43 103 83 0 0 0 
1024 0 0 0 0 0 0 0 1024 0 0 0 0 0 0 0 1024 0 0 0 0 0 0 0 
750 25 11 27 182 29 0 0 757 18 12 32 201 4 0 0 765 14 17 183 45 0 0 0 
888 10 11 16 99 0 0 0 888 11 10 62 53 0 0 0 893 13 44 74 0 0 0 0 
0 0 0 586 438 0 0 0 0 0 0 746 278 0 0 0 0 0 0 1004 20 0 0 0 
0 0 0 26 998 0 0 0 0 0 0 83 941 0 0 0 0 0 0 777 247 0 0 0 
0 21 173 85 536 209 0 0 0 87 150 62 684 41 0 0 7 119 106 325 467 0 0 0 
0 5 6 5 133 849 26 0 1 12 10 12 470 519 0 0 1 11 13 241 758 0 0 0 
0 0 0 0 246 778 0 0 0 0 0 0 768 256 0 0 0 0 0 256 768 0 0 0 
0 0 0 0 109 911 4 0 0 0 0 0 510 514 0 0 0 0 0 135 889 0 0 0 
1024 0 0 0 0 0 0 0 1024 0 0 0 0 0 0 0 1024 0 0 0 0 0 0 0 
187 13 10 193 117 24 480 0 191 9 11 83 225 25 480 0 124 68 12 42 240 57 471 10 
0 0 304 528 192 0 0 0 0 0 131 414 478 1 0 0 0 0 35 313 657 19 0 0 
20 8 519 320 157 0 0 0 20 8 586 137 273 0 0 0 25 384 313 29 273 0 0 0 
812 44 166 2 0 0 0 0 808 47 166 3 0 0 0 0 825 177 22 0 0 0 0 0 
1024 0 0 0 0 0 0 0 1024 0 0 0 0 0 0 0 1024 0 0 0 0 0 0 0 
517 187 0 0 28 288 4 0 520 130 54 0 21 299 0 0 517 59 90 38 51 269 0 0 
60 862 101 1 0 0 0 0 0 408 615 1 0 0 0 0 0 100 495 429 0 0 0 0 
732 287 5 0 0 0 0 0 721 57 246 0 0 0 0 0 713 26 109 176 0 0 0 0 
912 16 0 0 26 70 0 0 912 16 0 0 78 18 0 0 916 12 0 13 83 0 0 0 
544 98 254 19 17 92 0 0 542 124 230 29 85 14 0 0 565 330 25 72 32 0 0 0 
1024 0 0 0 0 0 0 0 1024 0 0 0 0 0 0 0 1024 0 0 0 0 0 0 0 
568 25 72 117 239 3 0 0 573 25 72 123 229 2 0 0 581 81 18 249 95 0 0 0 
779 35 47 76 87 0 0 0 782 38 79 106 19 0 0 0 794 103 94 33 0 0 0 0 
0 0 2 756 266 0 0 0 0 0 267 556 201 0 0 0 0 353 280 391 0 0 0 0 
0 0 0 507 517 0 0 0 0 0 1 577 446 0 0 0 0 71 450 503 0 0 0 0 
0 5 50 142 618 209 0 0 0 6 55 351 568 44 0 0 0 39 297 425 263 0 0 0 
0 0 0 0 266 752 6 0 0 0 0 64 455 505 0 0 0 0 22 239 763 0 0 0 
0 0 0 33 778 213 0 0 0 0 0 184 808 32 0 0 0 2 214 542 266 0 0 0 
0 0 0 27 582 415 0 0 0 0 0 75 892 57 0 0 0 0 106 501 417 0 0 0 
1024 0 0 0 0 0 0 0 1024 0 0 0 0 0 0 0 1024 0 0 0 0 0 0 0 
209 23 29 240 29 39 455 0 216 18 13 143 140 45 449 0 149 74 21 77 210 162 331 0 
0 1 580 433 10 0 0 0 0 1 335 436 252 0 0 0 0 74 205 376 369 0 0 0 
0 6 603 339 76 0 0 0 0 4 597 103 320 0 0 0 1 235 374 64 350 0 0 0 
473 33 512 6 0 0 0 0 473 31 516 4 0 0 0 0 484 346 194 0 0 0 0 0 
1024 0 0 0 0 0 0 0 1024 0 0 0 0 0 0 0 1024 0 0 0 0 0 0 0 
547 141 16 18 14 269 19 0 544 68 92 20 12 288 0 0 544 13 105 62 85 215 0 0 
15 475 409 125 0 0 0 0 0 148 860 16 0 0 0 0 0 274 430 320 0 0 0 0 
601 419 4 0 0 0 0 0 590 163 271 0 0 0 0 0 579 30 237 178 0 0 0 0 
896 10 22 0 5 91 0 0 896 16 16 0 64 32 0 0 896 27 5 16 80 0 0 0 
210 44 210 460 14 86 0 0 212 55 534 124 99 0 0 0 218 642 67 73 24 0 0 0 
519 14 17 436 38 0 0 0 513 22 118 371 0 0 0 0 515 467 40 2 0 0 0 0 
91 27 50 418 437 1 0 0 82 46 274 540 82 0 0 0 104 658 175 81 6 0 0 0 
0 0 1 662 359 2 0 0 0 0 258 763 3 0 0 0 0 957 67 0 0 0 0 0 
0 0 0 126 898 0 0 0 0 0 0 1022 2 0 0 0 0 120 904 0 0 0 0 0 
0 0 0 103 921 0 0 0 0 0 4 1008 12 0 0 0 0 63 961 0 0 0 0 0 
0 127 247 110 440 100 0 0 0 210 200 404 188 22 0 0 49 286 449 95 145 0 0 0 
0 0 0 0 261 763 0 0 0 0 0 15 581 428 0 0 0 0 89 308 627 0 0 0 
0 0 0 2 297 725 0 0 0 0 1 144 879 0 0 0 0 6 1018 0 0 0 0 0 
0 0 0 0 336 688 0 0 0 0 0 132 892 0 0 0 0 0 1024 0 0 0 0 0 
1024 0 0 0 0 0 0 0 1024 0 0 0 0 0 0 0 1024 0 0 0 0 0 0 0 
249 19 119 128 26 345 138 0 252 18 41 202 24 403 84 0 187 72 40 146 92 421 66 0 
0 0 369 635 19 1 0 0 0 0 220 529 274 1 0 0 0 22 332 275 395 0 0 0 
0 0 462 529 33 0 0 0 0 0 395 324 305 0 0 0 0 121 323 191 389 0 0 0 
448 32 532 12 0 0 0 0 448 32 537 7 0 0 0 0 464 327 233 0 0 0 0 0 
1024 0 0 0 0 0 0 0 1024 0 0 0 0 0 0 0 1024 0 0 0 0 0 0 0 
535 112 63 26 0 278 10 0 534 112 82 8 0 288 0 0 534 41 161 0 189 99 0 0 
9 364 335 316 0 0 0 0 1 265 539 219 0 0 0 0 7 375 562 80 0 0 0 0 
148 202 92 547 35 0 0 0 146 129 275 474 0 0 0 0 150 312 509 53 0 0 0 0 
333 20 27 446 176 22 0 0 331 24 43 567 45 14 0 0 340 209 426 15 34 0 0 0 
0 0 0 410 591 23 0 0 0 0 1 976 47 0 0 0 0 358 625 34 7 0 0 0 
0 0 0 210 814 0 0 0 0 0 13 1011 0 0 0 0 0 469 555 0 0 0 0 0 
0 0 1 11 1012 0 0 0 0 0 2 1006 16 0 0 0 1 152 871 0 0 0 0 0 
0 0 1 13 1010 0 0 0 0 1 8 997 18 0 0 0 4 213 807 0 0 0 0 0 
0 0 1 8 1015 0 0 0 0 0 4 1019 1 0 0 0 2 20 1002 0 0 0 0 0 
0 0 3 377 644 0 0 0 0 0 6 1018 0 0 0 0 1 20 1003 0 0 0 0 0 
33 89 56 449 334 63 0 0 35 103 98 685 88 15 0 0 70 429 416 67 42 0 0 0 
0 19 8 29 410 549 9 0 5 16 10 139 620 234 0 0 8 19 207 393 397 0 0 0 
0 0 0 0 24 1000 0 0 0 0 0 0 1024 0 0 0 0 0 1024 0 0 0 0 0 
0 0 0 0 0 1024 0 0 0 0 0 0 1024 0 0 0 0 0 1024 0 0 0 0 0 
1024 0 0 0 0 0 0 0 1024 0 0 0 0 0 0 0 1024 0 0 0 0 0 0 0 
271 51 181 20 23 470 8 0 285 19 165 55 21 468 11 0 244 54 63 157 28 454 24 0 
0 0 350 655 19 0 0 0 0 0 196 621 207 0 0 0 0 4 335 383 302 0 0 0 
0 21 334 645 21 3 0 0 0 21 224 645 131 3 0 0 0 101 252 416 255 0 0 0 
77 20 202 722 3 0 0 0 75 19 434 494 2 0 0 0 79 162 767 16 0 0 0 0 
370 20 108 484 42 0 0 0 368 21 218 411 6 0 0 0 376 123 505 20 0 0 0 0 
281 68 24 184 291 176 0 0 276 75 32 364 107 170 0 0 291 78 394 84 134 43 0 0 
0 16 14 397 597 0 0 0 0 17 42 946 19 0 0 0 0 48 976 0 0 0 0 0 
0 0 3 295 726 0 0 0 0 0 6 971 47 0 0 0 1 26 997 0 0 0 0 0 
0 0 2 133 888 1 0 0 0 0 3 974 47 0 0 0 2 55 967 0 0 0 0 0 
0 0 3 12 1009 0 0 0 0 1 7 788 228 0 0 0 1 14 1009 0 0 0 0 0 
0 0 1 2 1004 17 0 0 0 0 1 370 653 0 0 0 1 4 1019 0 0 0 0 0 
0 0 0 0 706 318 0 0 0 0 0 216 808 0 0 0 0 0 1024 0 0 0 0 0 
0 0 0 0 515 509 0 0 0 0 0 95 929 0 0 0 0 0 1013 11 0 0 0 0 
0 0 0 0 482 542 0 0 0 0 0 177 847 0 0 0 0 0 979 45 0 0 0 0 
0 0 0 0 743 281 0 0 0 0 0 254 770 0 0 0 0 0 1024 0 0 0 0 0 
16 167 73 46 680 42 0 0 22 165 78 471 287 1 0 0 47 190 786 0 1 0 0 0 
10 97 44 51 298 524 0 0 11 101 57 157 698 0 0 0 14 151 756 59 44 0 0 0 
0 0 0 0 0 1024 0 0 0 0 0 0 1014 10 0 0 0 0 964 60 0 0 0 0 
0 0 0 0 0 1024 0 0 0 0 0 0 1014 10 0 0 0 0 902 122 0 0 0 0 
1011 11 2 0 0 0 0 0 1010 11 3 0 0 0 0 0 1014 10 0 0 0 0 0 0 
302 71 75 82 23 471 0 0 308 59 79 87 21 470 0 0 277 104 94 61 66 422 0 0 
0 28 162 523 311 0 0 0 0 12 130 789 93 0 0 0 0 18 696 246 64 0 0 0 
0 10 57 690 267 0 0 0 0 14 94 913 3 0 0 0 0 56 968 0 0 0 0 0 
0 0 0 605 419 0 0 0 0 0 0 1024 0 0 0 0 0 0 1024 0 0 0 0 0 
0 0 0 238 786 0 0 0 0 0 0 910 114 0 0 0 0 0 1024 0 0 0 0 0 
0 0 0 20 978 26 0 0 0 0 0 613 411 0 0 0 0 0 946 78 0 0 0 0 
0 0 0 75 772 177 0 0 0 0 0 367 657 0 0 0 0 0 794 230 0 0 0 0 
0 0 0 4 982 38 0 0 0 0 3 484 537 0 0 0 0 4 984 36 0 0 0 0 
0 0 0 0 736 288 0 0 0 0 0 473 551 0 0 0 0 0 869 155 0 0 0 0 
0 0 0 0 524 500 0 0 0 0 0 207 817 0 0 0 0 1 951 72 0 0 0 0 
0 0 0 0 334 690 0 0 0 0 0 6 1018 0 0 0 0 0 1012 12 0 0 0 0 
0 0 0 0 82 942 0 0 0 0 0 0 1024 0 0 0 0 0 991 33 0 0 0 0 
0 0 0 0 117 907 0 0 0 0 0 0 1024 0 0 0 0 0 986 38 0 0 0 0 
0 0 0 0 8 1016 0 0 0 0 0 0 1024 0 0 0 0 0 951 73 0 0 0 0 
0 0 0 0 21 1003 0 0 0 0 0 0 1024 0 0 0 0 0 913 111 0 0 0 0 
0 0 0 0 8 1016 0 0 0 0 0 0 1024 0 0 0 0 0 752 272 0 0 0 0 
0 0 0 0 0 1024 0 0 0 0 0 0 1001 23 0 0 0 0 702 322 0 0 0 0 
0 0 0 0 0 1024 0 0 0 0 0 0 926 98 0 0 0 0 725 299 0 0 0 0 
0 0 0 0 0 1024 0 0 0 0 0 0 959 65 0 0 0 0 778 246 0 0 0 0 
109 34 317 564 0 0 0 0 107 38 764 115 0 0 0 0 123 780 121 0 0 0 0 0 
104 42 27 265 414 172 0 0 105 44 45 578 87 165 0 0 108 87 557 81 85 106 0 0 
0 0 0 67 957 0 0 0 0 0 0 958 66 0 0 0 0 0 1024 0 0 0 0 0 
0 0 0 8 1016 0 0 0 0 0 0 858 166 0 0 0 0 0 1019 5 0 0 0 0 
0 0 0 2 982 40 0 0 0 0 0 485 539 0 0 0 0 0 951 73 0 0 0 0 
0 1 2 8 942 69 2 0 0 1 4 212 804 3 0 0 1 10 850 162 1 0 0 0 
0 0 0 0 777 247 0 0 0 0 0 43 981 0 0 0 0 0 631 393 0 0 0 0 
0 0 0 0 529 495 0 0 0 0 0 9 1012 3 0 0 0 0 496 526 2 0 0 0 
0 0 0 0 274 750 0 0 0 0 0 13 1011 0 0 0 0 0 473 551 0 0 0 0 
0 0 0 0 104 920 0 0 0 0 0 0 1024 0 0 0 0 0 333 691 0 0 0 0 
0 0 0 0 149 875 0 0 0 0 0 1 1023 0 0 0 0 0 314 710 0 0 0 0 
0 0 0 0 184 840 0 0 0 0 0 5 1019 0 0 0 0 0 499 525 0 0 0 0 
0 0 0 0 185 839 0 0 0 0 0 1 1023 0 0 0 0 0 652 372 0 0 0 0 
0 0 0 0 100 912 8 4 0 0 0 0 1010 9 3 2 0 0 722 297 3 2 0 0 
0 0 0 0 130 894 0 0 0 0 0 1 1023 0 0 0 0 0 803 221 0 0 0 0 
0 0 0 0 137 887 0 0 0 0 0 11 1013 0 0 0 0 0 952 72 0 0 0 0 
0 0 0 0 37 987 0 0 0 0 0 3 1020 1 0 0 0 0 910 114 0 0 0 0 
0 0 0 0 0 1024 0 0 0 0 0 0 1024 0 0 0 0 0 879 145 0 0 0 0 
0 0 0 0 0 1024 0 0 0 0 0 0 978 46 0 0 0 0 665 359 0 0 0 0 
0 0 0 0 26 998 0 0 0 0 0 0 1015 9 0 0 0 0 870 154 0 0 0 0 
