497 527 0 0 0 0 0 0 277 747 0 0 0 0 0 0 488 536 0 0 0 0 0 0 
840 184 0 0 0 0 0 0 713 311 0 0 0 0 0 0 792 232 0 0 0 0 0 0 
1024 0 0 0 0 0 0 0 956 68 0 0 0 0 0 0 1008 16 0 0 0 0 0 0 
1024 0 0 0 0 0 0 0 910 114 0 0 0 0 0 0 1000 24 0 0 0 0 0 0 
992 32 0 0 0 0 0 0 440 584 0 0 0 0 0 0 399 625 0 0 0 0 0 0 
994 22 8 0 0 0 0 0 632 381 8 3 0 0 0 0 318 699 7 0 0 0 0 0 
698 17 27 281 1 0 0 0 652 60 17 281 14 0 0 0 571 144 42 266 1 0 0 0 
426 16 26 556 0 0 0 0 412 26 13 310 263 0 0 0 413 29 44 538 0 0 0 0 
151 15 14 843 1 0 0 0 140 23 13 404 444 0 0 0 146 19 15 844 0 0 0 0 
0 2 1 1021 0 0 0 0 0 1 2 350 671 0 0 0 0 2 2 1020 0 0 0 0 
0 0 0 1024 0 0 0 0 0 0 0 151 873 0 0 0 0 0 0 1024 0 0 0 0 
0 0 32 992 0 0 0 0 0 0 0 215 809 0 0 0 0 0 48 976 0 0 0 0 
0 0 28 996 0 0 0 0 0 0 0 383 641 0 0 0 0 0 52 972 0 0 0 0 
0 0 0 1024 0 0 0 0 0 0 0 633 391 0 0 0 0 0 0 1024 0 0 0 0 
0 0 0 1015 9 0 0 0 0 0 0 606 418 0 0 0 0 0 5 1019 0 0 0 0 
0 0 4 598 422 0 0 0 0 0 0 120 894 10 0 0 0 0 69 887 68 0 0 0 
0 0 37 133 210 307 130 207 0 0 24 96 230 310 156 208 0 4 52 221 303 211 46 187 
0 0 0 0 23 24 316 661 0 0 0 0 23 24 289 688 0 0 0 0 25 152 526 321 
1024 0 0 0 0 0 0 0 1024 0 0 0 0 0 0 0 1024 0 0 0 0 0 0 0 
995 20 8 1 0 0 0 0 993 18 11 2 0 0 0 0 998 19 6 1 0 0 0 0 
793 16 15 172 28 0 0 0 785 19 15 25 180 0 0 0 795 16 14 198 1 0 0 0 
510 17 24 470 3 0 0 0 508 18 13 110 375 0 0 0 515 15 36 458 0 0 0 0 
228 30 67 699 0 0 0 0 204 42 61 373 344 0 0 0 202 73 114 635 0 0 0 0 
94 58 35 837 0 0 0 0 61 82 33 691 157 0 0 0 90 71 59 804 0 0 0 0 
0 28 128 868 0 0 0 0 0 0 71 702 251 0 0 0 0 48 237 739 0 0 0 0 
0 18 105 901 0 0 0 0 0 0 60 943 21 0 0 0 0 44 295 685 0 0 0 0 
0 7 122 895 0 0 0 0 0 0 60 954 10 0 0 0 0 40 411 573 0 0 0 0 
0 2 67 950 5 0 0 0 0 0 41 894 89 0 0 0 0 22 217 785 0 0 0 0 
0 0 60 868 96 0 0 0 0 0 14 434 576 0 0 0 0 4 120 900 0 0 0 0 
0 0 23 636 365 0 0 0 0 0 2 96 926 0 0 0 0 0 42 981 1 0 0 0 
0 0 7 429 588 0 0 0 0 0 0 90 934 0 0 0 0 0 19 1002 3 0 0 0 
0 0 355 232 437 0 0 0 0 0 320 188 516 0 0 0 0 90 286 409 239 0 0 0 
0 0 951 73 0 0 0 0 0 0 413 611 0 0 0 0 0 4 994 26 0 0 0 0 
0 0 61 840 123 0 0 0 0 0 0 708 316 0 0 0 0 0 401 623 0 0 0 0 
0 0 0 0 347 443 234 0 0 0 0 0 268 459 297 0 0 0 0 181 428 415 0 0 
0 0 0 0 0 0 370 654 0 0 0 0 0 0 326 698 0 0 0 0 0 114 775 135 
1024 0 0 0 0 0 0 0 1020 4 0 0 0 0 0 0 1023 1 0 0 0 0 0 0 
707 33 38 243 3 0 0 0 706 34 27 155 102 0 0 0 717 25 80 202 0 0 0 0 
0 0 0 603 421 0 0 0 0 0 0 0 1024 0 0 0 0 0 0 1024 0 0 0 0 
0 0 0 974 50 0 0 0 0 0 0 96 928 0 0 0 0 0 16 1008 0 0 0 0 
4 28 103 886 3 0 0 0 1 15 82 253 673 0 0 0 11 58 121 834 0 0 0 0 
0 6 10 1008 0 0 0 0 0 4 12 779 229 0 0 0 0 15 18 991 0 0 0 0 
0 346 82 596 0 0 0 0 0 352 66 583 23 0 0 0 301 90 116 517 0 0 0 0 
0 188 37 799 0 0 0 0 1 185 23 783 32 0 0 0 174 32 217 601 0 0 0 0 
0 16 118 890 0 0 0 0 0 15 19 832 158 0 0 0 13 10 612 389 0 0 0 0 
0 0 0 970 54 0 0 0 0 0 0 0 1024 0 0 0 0 0 0 1024 0 0 0 0 
0 0 0 65 959 0 0 0 0 0 0 0 1024 0 0 0 0 0 0 1024 0 0 0 0 
1 395 433 68 127 0 0 0 1 444 184 257 138 0 0 0 373 199 312 134 6 0 0 0 
3 335 179 58 449 0 0 0 3 352 105 78 480 6 0 0 272 133 128 441 50 0 0 0 
0 33 390 32 569 0 0 0 0 10 383 32 561 38 0 0 0 74 351 68 531 0 0 0 
0 59 820 145 0 0 0 0 0 12 354 658 0 0 0 0 0 77 879 68 0 0 0 0 
0 6 51 842 125 0 0 0 0 4 25 634 361 0 0 0 2 5 291 639 87 0 0 0 
33 43 112 203 298 324 11 0 4 67 53 202 307 369 22 0 62 17 125 336 419 65 0 0 
12 89 108 275 25 105 398 12 1 96 35 247 127 70 423 25 79 27 186 208 50 385 89 0 
1024 0 0 0 0 0 0 0 1024 0 0 0 0 0 0 0 1024 0 0 0 0 0 0 0 
728 8 32 256 0 0 0 0 728 8 32 153 103 0 0 0 736 4 80 204 0 0 0 0 
3 92 20 447 462 0 0 0 2 92 19 13 898 0 0 0 87 18 19 900 0 0 0 0 
9 247 347 385 36 0 0 0 7 251 69 410 287 0 0 0 239 66 351 368 0 0 0 0 
17 254 326 404 23 0 0 0 5 264 105 340 310 0 0 0 249 65 346 364 0 0 0 0 
0 36 52 931 5 0 0 0 0 31 49 586 358 0 0 0 16 40 49 919 0 0 0 0 
69 276 679 0 0 0 0 0 61 292 657 14 0 0 0 0 316 274 434 0 0 0 0 0 
65 118 841 0 0 0 0 0 44 135 842 3 0 0 0 0 148 703 173 0 0 0 0 0 
0 250 303 471 0 0 0 0 0 245 212 451 116 0 0 0 228 171 473 152 0 0 0 0 
70 30 37 854 33 0 0 0 67 30 67 95 765 0 0 0 82 41 110 790 1 0 0 0 
79 38 35 707 164 1 0 0 77 44 68 40 794 1 0 0 104 54 56 808 2 0 0 0 
0 60 829 125 10 0 0 0 0 140 337 525 22 0 0 0 36 331 629 28 0 0 0 0 
0 185 835 4 0 0 0 0 0 191 303 530 0 0 0 0 114 204 706 0 0 0 0 0 
57 102 115 58 691 1 0 0 13 105 135 65 611 95 0 0 63 129 116 160 556 0 0 0 
567 376 62 19 0 0 0 0 301 625 72 26 0 0 0 0 700 246 58 20 0 0 0 0 
852 102 55 15 0 0 0 0 684 236 76 26 2 0 0 0 874 85 53 12 0 0 0 0 
451 511 19 35 8 0 0 0 179 781 21 33 10 0 0 0 946 24 24 30 0 0 0 0 
0 638 328 58 0 0 0 0 0 614 283 127 0 0 0 0 555 114 347 8 0 0 0 0 
1020 4 0 0 0 0 0 0 1018 6 0 0 0 0 0 0 1020 4 0 0 0 0 0 0 
736 18 28 242 0 0 0 0 736 17 19 185 67 0 0 0 736 32 94 162 0 0 0 0 
18 87 42 369 508 0 0 0 15 100 30 35 844 0 0 0 93 45 29 853 4 0 0 0 
1 136 865 22 0 0 0 0 0 136 399 489 0 0 0 0 98 75 851 0 0 0 0 0 
0 128 896 0 0 0 0 0 0 128 579 317 0 0 0 0 119 41 864 0 0 0 0 0 
114 95 86 721 8 0 0 0 114 96 80 658 76 0 0 0 175 79 162 608 0 0 0 0 
2 255 767 0 0 0 0 0 0 252 772 0 0 0 0 0 209 667 148 0 0 0 0 0 
107 92 571 166 52 35 1 0 98 106 612 144 50 14 0 0 141 505 291 68 19 0 0 0 
592 124 308 0 0 0 0 0 585 116 322 1 0 0 0 0 669 307 48 0 0 0 0 0 
410 64 109 366 75 0 0 0 422 71 149 307 75 0 0 0 453 112 275 184 0 0 0 0 
82 102 154 343 343 0 0 0 103 151 244 95 430 1 0 0 139 316 123 245 201 0 0 0 
0 12 924 88 0 0 0 0 0 162 507 355 0 0 0 0 70 244 708 2 0 0 0 0 
0 188 685 135 16 0 0 0 1 187 469 352 15 0 0 0 133 160 714 13 4 0 0 0 
0 119 120 80 697 8 0 0 0 51 144 115 632 82 0 0 8 184 85 80 667 0 0 0 
320 286 193 128 59 18 16 4 179 352 295 99 59 20 16 4 421 330 116 92 29 20 14 2 
447 128 266 142 28 13 0 0 319 353 274 54 13 11 0 0 478 285 228 11 11 11 0 0 
221 239 363 160 26 11 4 0 121 494 330 47 19 12 1 0 166 603 189 37 18 11 0 0 
290 417 247 70 0 0 0 0 157 451 319 94 3 0 0 0 376 265 284 95 4 0 0 0 
867 106 35 16 0 0 0 0 880 113 22 9 0 0 0 0 917 85 20 2 0 0 0 0 
522 67 118 178 130 9 0 0 520 73 85 180 144 22 0 0 545 77 158 178 66 0 0 0 
185 84 116 511 122 6 0 0 190 99 120 213 396 6 0 0 237 145 121 506 15 0 0 0 
141 478 240 65 78 22 0 0 128 507 298 77 14 0 0 0 442 313 226 41 2 0 0 0 
104 116 644 35 75 30 9 11 101 142 638 47 39 40 8 9 178 211 522 31 44 28 9 1 
297 143 225 280 55 21 3 0 315 300 341 65 3 0 0 0 503 326 180 15 0 0 0 0 
19 295 688 22 0 0 0 0 20 289 691 24 0 0 0 0 281 555 188 0 0 0 0 0 
0 281 737 6 0 0 0 0 0 248 776 0 0 0 0 0 78 883 63 0 0 0 0 0 
303 388 304 29 0 0 0 0 277 379 309 59 0 0 0 0 470 291 251 12 0 0 0 0 
800 224 0 0 0 0 0 0 587 437 0 0 0 0 0 0 461 530 33 0 0 0 0 0 
599 252 37 18 118 0 0 0 303 540 42 13 123 3 0 0 201 650 36 40 97 0 0 0 
0 100 497 390 37 0 0 0 0 179 328 515 2 0 0 0 67 159 786 12 0 0 0 0 
0 168 507 300 49 0 0 0 0 176 315 476 57 0 0 0 127 87 745 20 45 0 0 0 
0 59 124 32 730 61 18 0 0 20 142 53 610 179 20 0 0 131 62 42 733 56 0 0 
0 174 390 115 199 146 0 0 2 93 453 327 149 0 0 0 8 230 458 310 18 0 0 0 
71 372 489 69 17 4 2 0 29 275 653 53 8 4 2 0 68 536 382 27 7 4 0 0 
114 592 275 43 0 0 0 0 97 480 389 58 0 0 0 0 119 697 177 31 0 0 0 0 
24 341 120 38 143 277 30 51 15 274 186 42 85 324 42 56 19 351 106 37 50 205 187 69 
1024 0 0 0 0 0 0 0 1019 5 0 0 0 0 0 0 1023 1 0 0 0 0 0 0 
782 31 42 169 0 0 0 0 777 23 45 147 32 0 0 0 784 28 55 157 0 0 0 0 
503 48 26 116 326 5 0 0 496 56 25 17 424 6 0 0 511 55 12 278 166 2 0 0 
2 734 288 0 0 0 0 0 43 694 286 1 0 0 0 0 608 241 175 0 0 0 0 0 
69 75 826 14 10 25 5 0 46 100 774 61 12 18 13 0 69 125 781 11 9 29 0 0 
763 123 88 50 0 0 0 0 649 294 63 17 1 0 0 0 741 214 57 12 0 0 0 0 
10 588 426 0 0 0 0 0 48 543 433 0 0 0 0 0 515 141 368 0 0 0 0 0 
0 13 1011 0 0 0 0 0 0 8 1016 0 0 0 0 0 0 633 391 0 0 0 0 0 
113 395 365 151 0 0 0 0 114 379 349 182 0 0 0 0 187 274 483 80 0 0 0 0 
134 887 3 0 0 0 0 0 8 1009 7 0 0 0 0 0 0 585 437 2 0 0 0 0 
713 175 15 18 103 0 0 0 222 662 16 16 107 1 0 0 56 830 18 45 75 0 0 0 
0 187 482 303 52 0 0 0 0 227 401 396 0 0 0 0 57 368 594 5 0 0 0 0 
0 274 620 110 20 0 0 0 0 294 523 186 21 0 0 0 131 442 418 28 5 0 0 0 
0 121 167 141 549 46 0 0 0 51 165 154 595 59 0 0 0 162 144 232 475 11 0 0 
135 314 472 53 41 8 1 0 121 235 465 143 37 21 2 0 142 373 389 54 32 30 4 0 
774 117 49 50 32 2 0 0 810 92 48 44 29 1 0 0 799 106 47 47 25 0 0 0 
605 269 75 18 40 17 0 0 608 194 199 16 7 0 0 0 604 292 101 21 6 0 0 0 
253 311 10 87 155 107 100 1 239 305 21 13 85 205 131 25 251 306 12 28 182 37 101 107 
1020 4 0 0 0 0 0 0 1016 8 0 0 0 0 0 0 1018 6 0 0 0 0 0 0 
807 34 66 117 0 0 0 0 801 39 55 113 16 0 0 0 808 34 69 113 0 0 0 0 
229 56 300 144 295 0 0 0 220 31 66 317 390 0 0 0 208 39 16 175 584 2 0 0 
18 561 255 151 38 1 0 0 66 410 349 140 58 1 0 0 312 189 155 310 58 0 0 0 
0 215 116 516 177 0 0 0 43 181 100 433 267 0 0 0 197 56 89 682 0 0 0 0 
539 242 80 140 23 0 0 0 334 487 56 99 48 0 0 0 319 507 63 126 9 0 0 0 
295 468 125 136 0 0 0 0 349 413 126 130 6 0 0 0 696 122 77 129 0 0 0 0 
96 204 309 415 0 0 0 0 150 153 297 418 6 0 0 0 271 180 214 359 0 0 0 0 
428 520 67 9 0 0 0 0 79 810 119 14 2 0 0 0 115 290 561 41 15 2 0 0 
105 740 124 54 1 0 0 0 6 758 125 99 35 1 0 0 0 332 485 97 82 27 1 0 
436 419 119 22 28 0 0 0 84 639 234 43 24 0 0 0 43 672 251 42 16 0 0 0 
0 713 254 50 7 0 0 0 17 764 227 16 0 0 0 0 189 761 72 2 0 0 0 0 
0 616 408 0 0 0 0 0 0 700 324 0 0 0 0 0 241 783 0 0 0 0 0 0 
70 767 131 26 29 1 0 0 89 773 93 35 33 1 0 0 697 239 41 34 13 0 0 0 
574 430 20 0 0 0 0 0 512 478 32 2 0 0 0 0 684 332 8 0 0 0 0 0 
975 49 0 0 0 0 0 0 953 71 0 0 0 0 0 0 818 206 0 0 0 0 0 0 
1024 0 0 0 0 0 0 0 1024 0 0 0 0 0 0 0 1024 0 0 0 0 0 0 0 
466 150 304 86 15 3 0 0 424 147 54 298 82 18 1 0 439 162 256 124 40 3 0 0 
964 34 18 8 0 0 0 0 967 31 16 10 0 0 0 0 891 108 22 3 0 0 0 0 
491 109 155 269 0 0 0 0 449 142 78 354 1 0 0 0 517 94 238 175 0 0 0 0 
4 333 341 276 70 0 0 0 0 192 354 338 140 0 0 0 0 351 174 303 184 12 0 0 
44 323 518 119 20 0 0 0 30 247 447 232 68 0 0 0 6 344 296 214 160 4 0 0 
0 30 247 142 605 0 0 0 0 15 259 79 671 0 0 0 0 49 233 555 187 0 0 0 
160 172 334 214 144 0 0 0 37 251 372 124 240 0 0 0 0 298 359 317 50 0 0 0 
305 289 28 402 0 0 0 0 256 328 32 407 1 0 0 0 278 282 125 339 0 0 0 0 
72 67 117 767 1 0 0 0 71 65 102 775 11 0 0 0 89 60 137 738 0 0 0 0 
475 334 149 66 0 0 0 0 170 624 119 70 41 0 0 0 63 252 434 157 61 57 0 0 
7 159 280 578 0 0 0 0 0 18 232 321 453 0 0 0 0 10 93 187 247 481 6 0 
16 683 298 27 0 0 0 0 0 97 821 103 3 0 0 0 0 41 671 311 1 0 0 0 
140 767 82 24 11 0 0 0 309 624 50 40 1 0 0 0 802 148 65 8 1 0 0 0 
311 399 102 190 22 0 0 0 242 477 93 185 27 0 0 0 564 195 72 152 41 0 0 0 
126 543 195 160 0 0 0 0 152 625 87 157 3 0 0 0 705 138 24 124 33 0 0 0 
546 308 170 0 0 0 0 0 434 475 101 14 0 0 0 0 705 199 40 73 7 0 0 0 
801 88 135 0 0 0 0 0 754 101 75 94 0 0 0 0 505 334 38 97 50 0 0 0 
1024 0 0 0 0 0 0 0 1024 0 0 0 0 0 0 0 1000 24 0 0 0 0 0 0 
378 262 204 170 10 0 0 0 360 235 223 172 34 0 0 0 355 205 227 113 119 5 0 0 
567 457 0 0 0 0 0 0 448 576 0 0 0 0 0 0 127 897 0 0 0 0 0 0 
324 551 41 86 22 0 0 0 344 536 37 105 2 0 0 0 242 638 40 103 1 0 0 0 
0 74 97 317 204 327 3 2 12 101 27 151 383 343 3 4 26 83 19 217 186 337 149 7 
2 90 82 534 110 115 53 38 3 86 67 259 385 133 68 23 8 70 83 529 95 132 63 44 
5 186 271 429 100 16 12 5 0 158 275 148 411 14 7 11 0 195 263 499 24 19 8 16 
1 109 363 475 69 7 0 0 1 97 357 119 447 3 0 0 1 151 331 510 24 7 0 0 
77 229 367 293 58 0 0 0 71 220 368 53 303 9 0 0 98 245 341 318 22 0 0 0 
33 278 583 126 4 0 0 0 29 234 626 50 85 0 0 0 49 429 434 112 0 0 0 0 
64 259 697 4 0 0 0 0 57 183 771 13 0 0 0 0 58 280 673 13 0 0 0 0 
58 194 400 348 24 0 0 0 1 161 440 146 276 0 0 0 6 206 336 68 56 266 86 0 
7 486 531 0 0 0 0 0 0 234 730 60 0 0 0 0 0 242 503 275 4 0 0 0 
187 660 177 0 0 0 0 0 248 562 208 6 0 0 0 0 293 629 94 7 1 0 0 0 
23 612 284 99 6 0 0 0 29 660 298 37 0 0 0 0 137 789 62 36 0 0 0 0 
31 510 430 53 0 0 0 0 29 653 287 55 0 0 0 0 410 486 72 42 14 0 0 0 
0 263 761 0 0 0 0 0 0 291 394 339 0 0 0 0 55 340 223 195 211 0 0 0 
5 132 871 16 0 0 0 0 0 16 359 649 0 0 0 0 0 0 23 437 564 0 0 0 
54 145 825 0 0 0 0 0 44 41 398 541 0 0 0 0 22 47 92 565 298 0 0 0 
40 305 108 135 362 74 0 0 14 201 230 138 377 64 0 0 10 130 265 181 367 71 0 0 
63 530 48 54 114 117 69 29 92 555 58 94 99 82 35 9 22 599 56 99 114 80 40 14 
49 356 107 193 184 114 19 2 53 385 156 181 203 37 9 0 39 420 187 191 157 27 3 0 
8 44 86 291 315 155 69 56 9 63 147 363 275 90 35 42 21 74 198 301 270 84 29 47 
0 5 96 177 333 83 152 178 0 5 118 246 282 119 134 120 0 11 118 176 335 125 122 137 
1 23 195 379 342 27 32 25 0 22 200 422 298 22 28 32 1 43 168 331 391 24 26 40 
0 34 125 677 186 2 0 0 0 30 115 717 162 0 0 0 0 19 85 626 293 1 0 0 
55 110 152 357 133 27 49 141 25 133 137 316 193 32 104 84 31 155 70 438 117 37 101 75 
0 0 264 600 160 0 0 0 0 0 214 330 477 3 0 0 0 8 283 660 73 0 0 0 
0 49 59 774 142 0 0 0 0 40 45 354 585 0 0 0 0 63 73 746 138 4 0 0 
17 199 94 615 91 8 0 0 13 154 123 73 620 41 0 0 15 150 154 549 72 20 42 22 
40 231 194 511 48 0 0 0 17 196 247 91 473 0 0 0 16 207 266 520 15 0 0 0 
164 127 270 321 113 29 0 0 159 121 280 121 326 17 0 0 184 272 197 345 26 0 0 0 
118 370 363 112 21 10 21 9 77 354 408 85 57 7 16 20 74 431 345 112 18 7 16 21 
211 337 355 78 13 12 10 8 115 397 340 120 21 12 10 9 144 332 443 41 32 12 10 10 
303 218 457 46 0 0 0 0 268 183 396 177 0 0 0 0 289 203 317 127 88 0 0 0 
31 328 605 60 0 0 0 0 3 125 704 192 0 0 0 0 0 113 289 201 421 0 0 0 
0 133 891 0 0 0 0 0 0 34 565 425 0 0 0 0 0 31 48 412 533 0 0 0 
0 74 102 848 0 0 0 0 0 21 141 862 0 0 0 0 0 0 822 202 0 0 0 0 
0 0 17 76 258 377 201 95 0 8 60 279 344 209 101 23 0 9 100 312 345 172 67 19 
0 1 18 179 405 269 108 44 0 6 114 371 325 135 60 13 0 10 173 402 282 102 47 8 
0 3 40 250 426 219 70 16 0 8 118 415 330 115 34 4 1 19 181 442 270 83 25 3 
0 3 44 264 445 187 59 22 0 12 118 435 326 93 24 16 2 25 192 450 250 70 16 19 
1 11 88 297 326 152 97 52 2 23 176 374 231 112 90 16 4 38 227 379 184 94 72 26 
0 27 76 301 239 144 121 116 0 46 151 344 181 124 156 22 1 46 184 338 174 113 137 31 
0 84 51 98 264 126 89 312 1 91 60 129 260 124 98 261 2 83 66 129 260 134 87 263 
0 0 0 227 666 122 8 1 0 0 3 256 664 95 6 0 0 0 3 247 693 74 7 0 
0 0 0 155 726 143 0 0 0 0 0 141 738 145 0 0 0 0 0 117 746 133 24 4 
0 157 248 159 273 160 27 0 0 76 266 138 123 343 77 1 0 78 84 183 120 38 168 353 
0 8 175 548 182 105 6 0 0 2 161 540 279 42 0 0 0 16 215 531 213 49 0 0 
0 0 0 569 186 28 76 165 0 0 0 264 476 42 127 115 0 0 5 616 135 29 162 77 
0 0 7 713 304 0 0 0 0 0 6 28 990 0 0 0 0 3 8 715 298 0 0 0 
14 36 68 828 71 5 2 0 7 30 64 168 747 6 2 0 5 34 80 861 33 9 2 0 
148 175 52 630 19 0 0 0 113 174 76 60 598 3 0 0 142 191 46 622 23 0 0 0 
0 300 292 412 20 0 0 0 0 275 304 91 354 0 0 0 4 313 285 404 18 0 0 0 
9 258 519 235 3 0 0 0 9 231 533 153 98 0 0 0 31 315 457 219 2 0 0 0 
10 251 543 192 21 6 1 0 4 178 600 210 24 7 1 0 19 386 536 63 19 1 0 0 
0 0 0 9 134 357 374 150 0 0 2 61 262 378 276 45 0 0 5 87 279 372 247 34 
0 0 0 48 266 392 228 90 0 0 13 166 364 306 140 35 0 0 37 238 373 260 105 11 
0 0 10 80 265 366 197 106 0 2 30 191 370 236 143 52 0 5 60 224 379 213 107 36 
0 0 14 102 334 384 146 44 0 2 56 260 410 215 75 6 0 7 87 332 374 172 50 2 
0 0 16 132 443 315 95 23 0 2 76 389 396 124 31 6 0 4 114 440 347 94 22 3 
0 0 17 170 428 275 104 30 0 8 68 386 348 153 55 6 0 11 109 408 338 115 40 3 
1 9 42 171 422 258 44 77 4 20 101 338 362 113 34 52 5 30 113 371 339 81 35 50 
0 12 76 237 330 195 113 61 0 25 146 323 276 153 87 14 0 38 174 338 246 144 60 24 
0 2 18 174 364 258 174 34 0 6 65 267 341 306 37 2 0 8 102 258 313 314 29 0 
0 3 83 133 198 226 264 117 0 19 94 221 240 361 89 0 0 41 108 224 271 347 33 0 
0 0 0 121 601 188 88 26 0 0 1 145 609 238 31 0 0 0 2 100 641 257 24 0 
0 0 0 48 444 101 56 375 0 0 0 103 403 87 95 336 0 0 0 146 371 79 137 291 
0 0 0 286 600 138 0 0 0 0 0 297 595 132 0 0 0 0 0 343 674 7 0 0 
0 0 0 155 724 142 2 1 0 0 0 173 720 128 2 1 0 0 0 186 823 12 2 1 
0 0 21 694 256 53 0 0 0 0 5 203 763 53 0 0 0 0 5 210 302 283 224 0 
0 0 127 867 30 0 0 0 0 0 70 451 503 0 0 0 0 0 223 392 93 207 109 0 
0 0 73 920 31 0 0 0 0 0 16 339 668 1 0 0 0 0 67 564 88 232 73 0 
0 0 42 982 0 0 0 0 0 0 20 588 416 0 0 0 0 0 54 908 38 24 0 0 
0 0 9 33 149 344 336 153 0 3 26 93 293 347 207 55 0 4 24 68 285 343 226 74 
0 0 3 21 135 425 360 80 0 0 8 95 379 391 134 17 0 1 11 105 417 359 116 15 
0 0 1 40 207 382 279 115 0 0 13 120 376 330 139 46 0 1 24 152 399 297 131 20 
0 0 6 40 198 454 264 62 1 8 22 150 432 315 87 9 0 9 28 180 489 249 63 6 
0 0 6 71 243 442 220 42 0 1 23 222 399 290 75 14 0 2 25 234 463 237 53 10 
0 0 4 54 285 436 188 57 0 1 31 204 454 246 75 13 0 2 35 258 453 209 60 7 
0 0 6 67 401 429 100 21 0 2 29 303 531 123 31 5 0 2 28 381 492 95 24 2 
0 0 16 132 363 408 93 12 0 3 64 317 440 167 31 2 0 9 92 332 458 112 19 2 
0 2 28 185 429 291 69 20 0 10 102 367 404 104 33 4 2 15 129 395 370 86 24 3 
0 1 55 253 430 215 54 16 0 11 157 411 331 79 31 4 1 23 184 453 280 58 24 1 
0 0 29 177 423 237 103 55 0 10 97 368 336 155 54 4 0 12 122 373 329 166 21 1 
0 11 29 106 322 111 85 360 3 15 43 189 284 97 66 327 6 15 50 203 253 96 93 308 
0 1 38 455 376 108 46 0 0 6 123 573 248 72 2 0 0 11 137 543 248 83 2 0 
0 0 21 307 441 149 106 0 0 0 33 379 473 135 4 0 0 0 25 361 456 171 11 0 
0 56 154 525 219 60 10 0 1 250 208 258 264 43 0 0 0 201 225 250 134 85 124 5 
1 41 89 576 276 41 0 0 1 38 55 601 293 36 0 0 1 37 88 511 276 57 51 3 
0 15 83 748 151 27 0 0 0 51 37 349 553 34 0 0 0 19 59 161 128 344 313 0 
0 2 185 711 107 19 0 0 0 10 112 737 163 2 0 0 0 9 304 488 131 85 7 0 
