0 0 1000 24 0 0 0 0 0 0 1024 0 0 0 0 0 0 1024 0 0 0 0 0 0 
0 0 88 936 0 0 0 0 0 0 1024 0 0 0 0 0 0 776 248 0 0 0 0 0 
0 0 0 1024 0 0 0 0 0 0 424 600 0 0 0 0 0 0 1024 0 0 0 0 0 
0 0 0 1024 0 0 0 0 0 0 0 1024 0 0 0 0 0 0 1024 0 0 0 0 0 
0 0 0 768 256 0 0 0 0 0 0 1024 0 0 0 0 0 0 1024 0 0 0 0 0 
0 0 0 0 1024 0 0 0 0 0 0 1024 0 0 0 0 0 0 432 592 0 0 0 0 
0 0 0 0 1024 0 0 0 0 0 0 960 64 0 0 0 0 0 0 1024 0 0 0 0 
0 0 0 0 1024 0 0 0 0 0 0 376 648 0 0 0 0 0 0 1024 0 0 0 0 
0 0 0 0 1024 0 0 0 0 0 0 40 984 0 0 0 0 0 0 1024 0 0 0 0 
0 0 0 0 1024 0 0 0 0 0 0 0 1024 0 0 0 0 0 0 1024 0 0 0 0 
0 0 0 0 1024 0 0 0 0 0 0 0 1024 0 0 0 0 0 0 1024 0 0 0 0 
0 0 0 0 1024 0 0 0 0 0 0 0 1024 0 0 0 0 0 0 1024 0 0 0 0 
0 0 0 0 1024 0 0 0 0 0 0 128 896 0 0 0 0 0 0 1024 0 0 0 0 
0 0 0 0 1024 0 0 0 0 0 0 768 256 0 0 0 0 0 0 1024 0 0 0 0 
0 0 0 0 1024 0 0 0 0 0 0 1024 0 0 0 0 0 0 104 920 0 0 0 0 
0 0 0 1024 0 0 0 0 0 0 0 1024 0 0 0 0 0 0 1024 0 0 0 0 0 
0 0 0 1024 0 0 0 0 0 0 0 1024 0 0 0 0 0 0 1024 0 0 0 0 0 
0 0 0 1024 0 0 0 0 0 0 392 632 0 0 0 0 0 48 976 0 0 0 0 0 
0 0 680 344 0 0 0 0 0 0 1024 0 0 0 0 0 0 976 48 0 0 0 0 0 
0 0 1024 0 0 0 0 0 0 176 848 0 0 0 0 0 0 1024 0 0 0 0 0 0 
0 0 1024 0 0 0 0 0 0 0 1024 0 0 0 0 0 0 1024 0 0 0 0 0 0 
0 0 176 848 0 0 0 0 0 0 1024 0 0 0 0 0 0 1000 24 0 0 0 0 0 
0 0 0 1024 0 0 0 0 0 0 520 504 0 0 0 0 0 0 1024 0 0 0 0 0 
0 0 0 1024 0 0 0 0 0 0 0 1024 0 0 0 0 0 0 1024 0 0 0 0 0 
0 0 0 1024 0 0 0 0 0 0 0 1024 0 0 0 0 0 0 1024 0 0 0 0 0 
0 0 0 488 536 0 0 0 0 0 0 1024 0 0 0 0 0 0 1024 0 0 0 0 0 
0 0 0 0 1024 0 0 0 0 0 0 1024 0 0 0 0 0 0 936 88 0 0 0 0 
0 0 0 0 1024 0 0 0 0 0 0 1024 0 0 0 0 0 0 456 568 0 0 0 0 
0 0 0 0 1024 0 0 0 0 0 0 1024 0 0 0 0 0 0 16 1008 0 0 0 0 
0 0 0 0 1024 0 0 0 0 0 0 904 120 0 0 0 0 0 0 1024 0 0 0 0 
0 0 0 0 1024 0 0 0 0 0 0 664 360 0 0 0 0 0 0 1024 0 0 0 0 
0 0 0 0 1024 0 0 0 0 0 0 616 408 0 0 0 0 0 0 1024 0 0 0 0 
0 0 0 0 1024 0 0 0 0 0 0 960 64 0 0 0 0 0 0 1024 0 0 0 0 
0 0 0 0 1024 0 0 0 0 0 0 1024 0 0 0 0 0 0 0 1024 0 0 0 0 
0 0 0 0 1024 0 0 0 0 0 0 1024 0 0 0 0 0 0 720 304 0 0 0 0 
0 0 0 816 208 0 0 0 0 0 0 1024 0 0 0 0 0 0 1024 0 0 0 0 0 
0 0 0 1024 0 0 0 0 0 0 0 1024 0 0 0 0 0 0 1024 0 0 0 0 0 
0 0 0 1024 0 0 0 0 0 0 184 840 0 0 0 0 0 56 968 0 0 0 0 0 
0 0 584 440 0 0 0 0 0 0 1024 0 0 0 0 0 0 1024 0 0 0 0 0 0 
0 0 1024 0 0 0 0 0 0 160 864 0 0 0 0 0 0 1024 0 0 0 0 0 0 
0 0 329 695 0 0 0 0 0 0 445 579 0 0 0 0 0 380 594 50 0 0 0 0 
0 0 35 706 283 0 0 0 0 0 294 645 85 0 0 0 0 218 335 471 0 0 0 0 
0 0 0 329 663 14 8 10 0 0 8 436 558 5 15 2 0 17 344 632 13 8 9 1 
0 0 0 292 611 113 8 0 0 0 1 359 650 12 2 0 0 0 311 668 39 6 0 0 
0 0 0 127 336 561 0 0 0 0 0 293 715 16 0 0 0 0 205 242 577 0 0 0 
0 0 0 12 276 736 0 0 0 0 0 288 385 351 0 0 0 0 107 189 728 0 0 0 
0 0 0 16 258 750 0 0 0 0 0 152 157 715 0 0 0 0 8 266 750 0 0 0 
0 0 0 0 256 768 0 0 0 0 0 64 192 768 0 0 0 0 0 256 760 8 0 0 
0 0 0 0 256 768 0 0 0 0 0 0 256 768 0 0 0 0 0 256 576 192 0 0 
0 0 0 0 256 664 104 0 0 0 0 0 256 744 24 0 0 0 0 256 240 528 0 0 
0 0 0 0 256 502 264 2 0 0 0 0 257 703 64 0 0 0 0 256 254 508 6 0 
0 0 0 0 260 712 52 0 0 0 0 0 269 745 10 0 0 0 0 262 648 114 0 0 
0 0 0 0 256 760 8 0 0 0 0 0 256 768 0 0 0 0 0 256 738 30 0 0 
0 0 0 0 256 768 0 0 0 0 0 64 192 768 0 0 0 0 0 256 768 0 0 0 
0 0 0 0 256 768 0 0 0 0 0 168 104 752 0 0 0 0 0 256 768 0 0 0 
0 0 0 155 253 616 0 0 0 0 0 272 377 375 0 0 0 0 132 206 686 0 0 0 
0 0 0 288 671 65 0 0 0 0 0 298 726 0 0 0 0 0 288 589 147 0 0 0 
0 0 0 328 696 0 0 0 0 0 19 374 631 0 0 0 0 0 318 706 0 0 0 0 
0 0 101 653 270 0 0 0 0 0 309 649 66 0 0 0 0 252 295 477 0 0 0 0 
0 0 362 662 0 0 0 0 0 28 351 645 0 0 0 0 17 341 658 8 0 0 0 0 
0 0 0 1024 0 0 0 0 0 0 687 337 0 0 0 0 0 706 297 21 0 0 0 0 
0 0 0 916 108 0 0 0 0 0 344 656 24 0 0 0 0 608 275 141 0 0 0 0 
0 0 0 646 378 0 0 0 0 0 56 852 116 0 0 0 0 408 496 120 0 0 0 0 
0 0 0 450 534 40 0 0 0 0 0 903 121 0 0 0 0 264 627 101 32 0 0 0 
0 0 0 288 680 56 0 0 0 0 0 920 96 8 0 0 0 32 896 32 64 0 0 0 
0 0 0 96 864 64 0 0 0 0 0 808 200 16 0 0 0 0 832 128 64 0 0 0 
0 0 0 0 936 88 0 0 0 0 0 696 296 32 0 0 0 0 840 120 64 0 0 0 
0 0 0 0 904 120 0 0 0 0 0 648 360 16 0 0 0 0 824 136 64 0 0 0 
0 0 0 0 896 128 0 0 0 0 0 616 360 48 0 0 0 0 760 200 64 0 0 0 
0 0 0 0 824 200 0 0 0 0 0 584 392 48 0 0 0 0 784 176 64 0 0 0 
0 0 0 0 848 152 24 0 0 0 0 576 400 48 0 0 0 0 768 192 64 0 0 0 
0 0 0 0 786 236 2 0 0 0 0 600 372 52 0 0 0 0 796 178 50 0 0 0 
0 0 0 0 768 256 0 0 0 0 0 624 352 48 0 0 0 0 784 208 32 0 0 0 
0 0 0 27 281 186 220 310 0 0 0 266 163 220 113 262 0 17 297 164 251 34 30 231 
0 0 0 0 0 96 0 928 0 0 0 0 32 64 0 928 0 0 0 0 96 0 0 928 
0 0 0 151 415 110 0 348 0 0 0 448 159 69 1 347 0 19 446 130 75 6 22 326 
0 0 0 517 504 3 0 0 0 0 16 826 180 2 0 0 0 389 513 113 9 0 0 0 
0 0 0 745 279 0 0 0 0 0 136 804 84 0 0 0 0 619 309 96 0 0 0 0 
0 0 0 951 73 0 0 0 0 0 517 479 28 0 0 0 32 767 140 85 0 0 0 0 
0 0 185 839 0 0 0 0 0 0 730 294 0 0 0 0 252 627 138 7 0 0 0 0 
0 224 177 623 0 0 0 0 37 187 800 0 0 0 0 0 493 531 0 0 0 0 0 0 
0 224 25 775 0 0 0 0 0 224 779 21 0 0 0 0 286 730 8 0 0 0 0 0 
0 191 45 788 0 0 0 0 0 224 655 145 0 0 0 0 235 781 8 0 0 0 0 0 
0 72 192 760 0 0 0 0 0 240 360 424 0 0 0 0 256 768 0 0 0 0 0 0 
0 16 272 736 0 0 0 0 0 8 432 584 0 0 0 0 280 744 0 0 0 0 0 0 
0 0 288 688 48 0 0 0 0 0 296 728 0 0 0 0 272 712 40 0 0 0 0 0 
0 0 288 496 240 0 0 0 0 0 288 736 0 0 0 0 288 528 208 0 0 0 0 0 
0 0 306 424 294 0 0 0 0 0 334 688 2 0 0 0 306 400 318 0 0 0 0 0 
0 0 320 304 400 0 0 0 0 0 320 696 8 0 0 0 320 200 504 0 0 0 0 0 
0 0 328 312 360 24 0 0 0 0 344 648 32 0 0 0 280 232 480 32 0 0 0 0 
0 0 312 408 272 32 0 0 0 0 352 640 32 0 0 0 256 344 392 32 0 0 0 0 
0 0 348 436 208 32 0 0 0 0 352 640 32 0 0 0 270 386 336 32 0 0 0 0 
0 0 320 544 128 32 0 0 0 0 328 664 32 0 0 0 304 432 256 32 0 0 0 0 
0 8 116 239 53 41 271 296 0 8 143 254 11 208 128 272 123 276 17 64 224 48 80 192 
0 0 0 0 0 0 0 1024 0 0 0 0 0 0 0 1024 0 0 0 0 0 0 40 984 
0 0 162 421 25 0 32 384 0 0 207 397 4 9 23 384 144 384 67 13 0 30 93 293 
0 40 248 736 0 0 0 0 0 24 649 351 0 0 0 0 320 704 0 0 0 0 0 0 
0 200 112 712 0 0 0 0 0 256 728 40 0 0 0 0 488 536 0 0 0 0 0 0 
0 256 214 554 0 0 0 0 0 256 768 0 0 0 0 0 907 117 0 0 0 0 0 0 
0 232 746 46 0 0 0 0 24 459 534 7 0 0 0 0 992 32 0 0 0 0 0 0 
5 685 167 167 0 0 0 0 79 633 312 0 0 0 0 0 788 236 0 0 0 0 0 0 
0 1024 0 0 0 0 0 0 0 1024 0 0 0 0 0 0 1024 0 0 0 0 0 0 0 
0 1024 0 0 0 0 0 0 0 1024 0 0 0 0 0 0 1024 0 0 0 0 0 0 0 
0 648 376 0 0 0 0 0 0 1008 16 0 0 0 0 0 1024 0 0 0 0 0 0 0 
0 0 1024 0 0 0 0 0 0 216 808 0 0 0 0 0 1024 0 0 0 0 0 0 0 
0 0 1024 0 0 0 0 0 0 0 1024 0 0 0 0 0 1024 0 0 0 0 0 0 0 
0 0 1024 0 0 0 0 0 0 0 1024 0 0 0 0 0 1024 0 0 0 0 0 0 0 
0 0 1024 0 0 0 0 0 0 0 1024 0 0 0 0 0 1024 0 0 0 0 0 0 0 
0 0 1024 0 0 0 0 0 0 0 1024 0 0 0 0 0 1024 0 0 0 0 0 0 0 
0 0 1024 0 0 0 0 0 0 0 1024 0 0 0 0 0 1024 0 0 0 0 0 0 0 
0 0 1024 0 0 0 0 0 0 0 1024 0 0 0 0 0 1024 0 0 0 0 0 0 0 
0 0 1024 0 0 0 0 0 0 0 1024 0 0 0 0 0 1024 0 0 0 0 0 0 0 
0 0 1024 0 0 0 0 0 0 0 1024 0 0 0 0 0 1024 0 0 0 0 0 0 0 
0 16 400 8 8 80 255 257 0 16 400 8 8 293 43 256 416 0 16 119 209 14 250 0 
0 0 0 0 0 0 0 1024 0 0 0 0 0 0 0 1024 0 0 0 0 0 0 1024 0 
0 0 568 24 16 0 0 416 0 0 576 24 8 0 0 416 514 62 24 8 0 5 411 0 
0 208 816 0 0 0 0 0 0 720 304 0 0 0 0 0 1024 0 0 0 0 0 0 0 
0 1008 16 0 0 0 0 0 0 1024 0 0 0 0 0 0 1024 0 0 0 0 0 0 0 
0 1024 0 0 0 0 0 0 0 1024 0 0 0 0 0 0 1024 0 0 0 0 0 0 0 
0 1024 0 0 0 0 0 0 48 976 0 0 0 0 0 0 1024 0 0 0 0 0 0 0 
0 125 55 568 276 0 0 0 7 131 580 306 0 0 0 0 284 740 0 0 0 0 0 0 
0 512 35 420 57 0 0 0 0 547 280 197 0 0 0 0 998 26 0 0 0 0 0 0 
0 512 59 382 71 0 0 0 0 544 364 116 0 0 0 0 951 73 0 0 0 0 0 0 
0 392 136 246 143 107 0 0 0 512 139 232 141 0 0 0 794 223 7 0 0 0 0 0 
0 0 512 44 256 149 63 0 0 148 380 276 175 45 0 0 594 268 162 0 0 0 0 0 
0 0 512 0 251 53 208 0 0 0 512 230 71 211 0 0 536 264 224 0 0 0 0 0 
0 0 512 0 254 34 224 0 0 0 512 102 186 224 0 0 512 288 224 0 0 0 0 0 
0 0 512 0 232 56 224 0 0 0 512 56 232 224 0 0 512 256 256 0 0 0 0 0 
0 0 512 0 184 88 240 0 0 0 512 56 208 248 0 0 512 256 256 0 0 0 0 0 
0 0 512 0 176 80 256 0 0 0 512 48 208 256 0 0 512 256 256 0 0 0 0 0 
0 0 512 0 152 104 256 0 0 0 512 32 224 256 0 0 512 256 256 0 0 0 0 0 
0 0 512 0 136 120 256 0 0 0 512 32 224 256 0 0 528 240 256 0 0 0 0 0 
0 0 512 24 192 40 256 0 0 0 512 32 224 256 0 0 544 224 256 0 0 0 0 0 
0 2 206 29 93 67 371 256 0 4 208 49 75 432 72 184 219 117 143 234 55 247 9 0 
0 0 0 0 0 0 0 1024 0 0 0 0 0 0 376 648 0 0 0 0 0 904 120 0 
0 0 289 18 133 25 144 415 0 0 306 69 73 147 242 187 295 124 149 25 18 397 16 0 
0 248 296 0 224 131 125 0 0 368 176 192 42 246 0 0 568 200 256 0 0 0 0 0 
0 512 32 0 224 256 0 0 0 544 0 224 161 95 0 0 600 212 212 0 0 0 0 0 
0 520 24 66 186 228 0 0 0 544 0 235 245 0 0 0 694 264 66 0 0 0 0 0 
0 544 4 188 84 204 0 0 0 544 64 192 224 0 0 0 767 255 2 0 0 0 0 0 
0 0 0 177 765 82 0 0 0 0 156 868 0 0 0 0 155 861 8 0 0 0 0 0 
0 0 0 723 301 0 0 0 0 0 130 894 0 0 0 0 1023 1 0 0 0 0 0 0 
0 0 0 219 478 189 105 33 0 0 73 596 227 106 22 0 534 200 256 34 0 0 0 0 
0 3 15 11 31 261 240 463 3 17 7 25 312 271 184 205 30 127 475 237 120 35 0 0 
0 0 2 10 8 173 536 295 0 2 11 6 186 639 170 10 20 13 782 190 19 0 0 0 
0 0 2 9 13 10 149 841 0 2 11 12 12 229 378 380 21 11 232 376 278 106 0 0 
0 0 3 14 6 11 286 704 0 6 11 9 16 328 470 184 23 14 340 518 128 1 0 0 
0 0 2 4 4 5 504 505 0 5 2 3 8 600 297 109 10 1 511 409 93 0 0 0 
0 0 4 19 14 10 325 652 0 7 18 16 6 444 429 104 31 15 379 489 108 2 0 0 
0 0 0 0 0 0 250 774 0 0 0 0 0 318 463 243 0 0 349 453 212 10 0 0 
0 0 4 21 15 18 319 647 0 4 20 17 18 303 550 112 38 17 287 568 114 0 0 0 
0 0 0 0 0 0 474 550 0 0 0 0 0 435 445 144 0 0 487 403 133 1 0 0 
0 0 0 0 0 0 1024 0 0 0 0 0 0 1024 0 0 0 0 1008 16 0 0 0 0 
0 0 0 0 0 254 633 137 0 0 0 0 1 748 275 0 0 1 489 278 61 195 0 0 
0 0 0 0 0 0 544 480 0 0 0 0 0 0 1024 0 0 0 0 0 179 845 0 0 
0 0 7 11 5 14 457 530 0 10 9 5 10 170 610 210 23 9 161 141 487 203 0 0 
0 0 4 2 3 6 760 249 1 3 2 3 5 787 177 46 7 4 772 217 24 0 0 0 
0 2 14 21 20 183 377 407 3 16 20 17 55 554 304 55 42 54 546 345 37 0 0 0 
0 0 0 0 0 467 439 118 0 0 0 0 260 700 64 0 0 184 796 44 0 0 0 0 
0 0 24 20 10 251 306 413 0 30 17 6 276 393 259 43 50 130 543 276 25 0 0 0 
0 0 0 232 789 3 0 0 0 0 232 789 3 0 0 0 235 787 2 0 0 0 0 0 
0 0 0 933 91 0 0 0 0 0 645 379 0 0 0 0 1024 0 0 0 0 0 0 0 
0 0 0 319 349 214 93 49 0 0 168 452 261 118 25 0 542 185 262 35 0 0 0 0 
0 40 32 128 124 175 138 387 20 73 70 220 162 213 137 129 203 305 282 140 55 37 2 0 
0 0 1 3 19 298 603 100 1 1 14 33 368 584 23 0 19 68 903 34 0 0 0 0 
0 0 0 4 8 44 321 647 0 1 4 15 51 396 358 199 13 21 406 380 142 62 0 0 
0 0 0 1 11 24 102 886 0 0 2 16 18 233 499 256 7 27 166 584 235 5 0 0 
0 0 0 2 5 10 423 584 0 0 2 5 13 548 368 88 6 6 473 429 110 0 0 0 
0 0 0 0 11 27 342 644 0 0 5 16 31 434 457 81 14 25 367 551 67 0 0 0 
0 0 0 0 6 4 58 956 0 0 0 4 6 104 488 422 4 6 85 534 316 79 0 0 
0 0 0 1 15 22 119 867 0 0 4 17 25 220 589 169 17 22 127 685 169 4 0 0 
0 0 0 3 4 3 186 828 0 0 1 4 4 189 464 362 5 4 229 426 297 63 0 0 
0 0 4 2 9 345 664 0 0 4 2 5 107 906 0 0 8 28 900 88 0 0 0 0 
0 0 0 0 30 374 601 19 0 0 0 10 85 736 193 0 0 10 471 292 237 14 0 0 
0 0 0 0 0 0 1024 0 0 0 0 0 0 353 671 0 0 0 0 0 976 48 0 0 
0 0 0 1 17 15 605 386 0 3 3 15 17 478 323 185 18 12 114 223 579 78 0 0 
0 0 0 0 6 173 566 279 0 0 1 11 138 669 195 10 9 37 758 212 8 0 0 0 
0 0 0 3 13 42 301 665 0 1 5 18 28 466 325 181 16 27 498 346 136 1 0 0 
0 0 0 4 29 350 447 194 0 0 6 21 347 519 127 4 20 183 708 106 7 0 0 0 
0 0 0 15 52 232 434 291 0 9 30 64 301 465 141 14 68 193 586 162 15 0 0 0 
0 0 106 221 697 0 0 0 0 4 323 697 0 0 0 0 321 703 0 0 0 0 0 0 
0 0 8 1016 0 0 0 0 0 0 1024 0 0 0 0 0 1024 0 0 0 0 0 0 0 
0 0 263 551 210 0 0 0 0 37 752 221 14 0 0 0 795 225 4 0 0 0 0 0 
45 120 135 385 210 129 0 0 140 50 376 293 165 0 0 0 581 316 127 0 0 0 0 0 
0 0 0 483 124 417 0 0 0 0 148 382 493 1 0 0 442 291 291 0 0 0 0 0 
0 0 0 256 256 475 37 0 0 0 8 488 400 128 0 0 228 291 505 0 0 0 0 0 
0 0 0 79 420 220 303 2 0 0 3 477 155 389 0 0 60 430 534 0 0 0 0 0 
0 0 0 33 465 346 180 0 0 0 0 480 210 334 0 0 23 481 518 2 0 0 0 0 
0 0 0 0 487 166 322 49 0 0 0 442 83 472 27 0 0 488 476 60 0 0 0 0 
0 0 0 0 499 88 370 67 0 0 0 386 126 465 47 0 0 501 464 59 0 0 0 0 
0 0 0 0 495 62 413 54 0 0 0 441 71 484 28 0 0 493 458 73 0 0 0 0 
0 0 0 0 512 154 317 41 0 0 0 483 47 476 18 0 0 512 463 49 0 0 0 0 
0 0 0 7 521 486 10 0 0 0 2 525 309 188 0 0 6 524 491 3 0 0 0 0 
0 0 8 29 205 523 259 0 0 1 15 218 449 325 16 0 41 218 295 214 256 0 0 0 
0 0 0 0 0 64 960 0 0 0 0 0 0 1024 0 0 0 0 0 0 1024 0 0 0 
0 0 0 26 280 429 289 0 0 0 0 288 115 621 0 0 37 235 273 48 431 0 0 0 
0 0 0 150 394 457 23 0 0 0 0 536 420 68 0 0 360 268 396 0 0 0 0 0 
0 0 0 437 119 390 78 0 0 0 17 527 373 107 0 0 520 175 329 0 0 0 0 0 
0 0 0 537 128 359 0 0 0 0 328 245 431 20 0 0 544 404 76 0 0 0 0 0 
0 0 15 550 275 184 0 0 0 0 541 195 288 0 0 0 584 438 2 0 0 0 0 0 
0 0 368 189 467 0 0 0 0 130 392 502 0 0 0 0 410 613 1 0 0 0 0 0 
0 0 560 464 0 0 0 0 0 5 1019 0 0 0 0 0 1024 0 0 0 0 0 0 0 
48 61 859 56 0 0 0 0 54 556 414 0 0 0 0 0 1024 0 0 0 0 0 0 0 
188 86 534 216 0 0 0 0 221 186 607 10 0 0 0 0 989 31 4 0 0 0 0 0 
36 12 75 901 0 0 0 0 40 24 850 110 0 0 0 0 994 30 0 0 0 0 0 0 
24 12 43 943 2 0 0 0 32 32 386 574 0 0 0 0 835 189 0 0 0 0 0 0 
15 17 24 942 26 0 0 0 30 18 205 771 0 0 0 0 568 456 0 0 0 0 0 0 
0 32 0 768 224 0 0 0 32 0 42 950 0 0 0 0 286 738 0 0 0 0 0 0 
0 32 0 558 434 0 0 0 32 0 23 969 0 0 0 0 178 846 0 0 0 0 0 0 
0 32 0 394 598 0 0 0 32 0 0 992 0 0 0 0 128 896 0 0 0 0 0 0 
0 32 0 400 592 0 0 0 32 0 24 968 0 0 0 0 148 876 0 0 0 0 0 0 
0 32 0 544 448 0 0 0 32 0 24 968 0 0 0 0 212 812 0 0 0 0 0 0 
31 51 45 695 202 0 0 0 87 61 117 759 0 0 0 0 444 567 13 0 0 0 0 0 
1 10 54 351 53 472 83 0 10 22 94 323 319 256 0 0 205 243 167 154 255 0 0 0 
0 0 0 0 0 951 73 0 0 0 0 0 0 1024 0 0 0 0 0 0 1024 0 0 0 
9 27 2 541 26 419 0 0 34 2 42 505 31 410 0 0 328 206 49 43 398 0 0 0 
61 19 16 928 0 0 0 0 64 32 207 721 0 0 0 0 992 32 0 0 0 0 0 0 
64 32 8 920 0 0 0 0 64 32 500 428 0 0 0 0 992 32 0 0 0 0 0 0 
68 28 108 820 0 0 0 0 91 13 904 16 0 0 0 0 1024 0 0 0 0 0 0 0 
97 31 506 390 0 0 0 0 108 123 793 0 0 0 0 0 1024 0 0 0 0 0 0 0 
206 89 323 293 113 0 0 0 237 302 130 355 0 0 0 0 639 385 0 0 0 0 0 0 
186 108 697 33 0 0 0 0 212 655 157 0 0 0 0 0 1018 6 0 0 0 0 0 0 
131 94 437 362 0 0 0 0 165 484 375 0 0 0 0 0 1017 7 0 0 0 0 0 0 
68 90 149 717 0 0 0 0 127 229 667 1 0 0 0 0 1002 16 6 0 0 0 0 0 
88 41 96 789 10 0 0 0 120 90 798 16 0 0 0 0 1012 12 0 0 0 0 0 0 
85 43 54 807 35 0 0 0 119 30 611 264 0 0 0 0 995 29 0 0 0 0 0 0 
89 38 36 365 496 0 0 0 119 41 272 592 0 0 0 0 1015 9 0 0 0 0 0 0 
96 32 32 269 595 0 0 0 128 30 229 637 0 0 0 0 736 288 0 0 0 0 0 0 
70 58 32 168 696 0 0 0 125 31 196 672 0 0 0 0 435 589 0 0 0 0 0 0 
70 58 26 174 696 0 0 0 120 32 160 712 0 0 0 0 397 627 0 0 0 0 0 0 
44 84 32 146 718 0 0 0 122 6 196 700 0 0 0 0 396 628 0 0 0 0 0 0 
76 52 46 215 635 0 0 0 128 35 211 650 0 0 0 0 452 572 0 0 0 0 0 0 
40 70 99 295 520 0 0 0 106 106 275 537 0 0 0 0 629 393 1 1 0 0 0 0 
2 26 72 164 438 322 0 0 37 67 137 220 333 230 0 0 390 58 212 191 173 0 0 0 
0 0 0 0 7 1017 0 0 0 0 0 0 51 973 0 0 0 0 0 61 963 0 0 0 
33 21 26 379 149 416 0 0 53 19 178 358 99 317 0 0 520 54 34 168 248 0 0 0 
64 32 32 872 24 0 0 0 92 32 692 208 0 0 0 0 1024 0 0 0 0 0 0 0 
64 32 48 880 0 0 0 0 96 16 912 0 0 0 0 0 1024 0 0 0 0 0 0 0 
64 32 133 795 0 0 0 0 88 124 812 0 0 0 0 0 1024 0 0 0 0 0 0 0 
64 21 199 740 0 0 0 0 64 325 635 0 0 0 0 0 1024 0 0 0 0 0 0 0 
0 8 929 25 27 31 4 0 7 910 31 34 16 26 0 0 909 38 26 20 31 0 0 0 
0 0 791 233 0 0 0 0 0 546 478 0 0 0 0 0 1024 0 0 0 0 0 0 0 
0 0 0 1024 0 0 0 0 0 0 1024 0 0 0 0 0 1018 6 0 0 0 0 0 0 
0 0 15 1009 0 0 0 0 0 0 1014 10 0 0 0 0 903 121 0 0 0 0 0 0 
0 0 0 1023 1 0 0 0 0 0 1010 14 0 0 0 0 603 421 0 0 0 0 0 0 
0 0 0 872 152 0 0 0 0 0 112 912 0 0 0 0 360 664 0 0 0 0 0 0 
0 0 0 325 699 0 0 0 0 0 6 1018 0 0 0 0 8 1016 0 0 0 0 0 0 
0 0 0 0 1024 0 0 0 0 0 0 1024 0 0 0 0 0 1024 0 0 0 0 0 0 
0 0 0 0 1024 0 0 0 0 0 0 1024 0 0 0 0 0 1024 0 0 0 0 0 0 
0 0 0 0 1024 0 0 0 0 0 0 1024 0 0 0 0 0 1024 0 0 0 0 0 0 
0 0 0 0 1024 0 0 0 0 0 0 1024 0 0 0 0 0 1024 0 0 0 0 0 0 
0 0 0 0 1024 0 0 0 0 0 0 1024 0 0 0 0 0 1024 0 0 0 0 0 0 
0 12 34 111 867 0 0 0 10 29 91 894 0 0 0 0 147 876 1 0 0 0 0 0 
2 45 54 184 481 258 0 0 12 80 70 359 342 161 0 0 173 253 246 204 148 0 0 0 
0 0 0 0 35 988 1 0 0 0 0 0 431 593 0 0 0 0 0 562 462 0 0 0 
0 0 0 595 62 367 0 0 0 0 3 608 298 115 0 0 64 531 45 287 97 0 0 0 
0 0 0 1024 0 0 0 0 0 0 648 376 0 0 0 0 792 232 0 0 0 0 0 0 
0 0 0 1024 0 0 0 0 0 0 1024 0 0 0 0 0 1024 0 0 0 0 0 0 0 
0 0 0 1024 0 0 0 0 0 0 1024 0 0 0 0 0 1024 0 0 0 0 0 0 0 
0 0 243 781 0 0 0 0 0 131 893 0 0 0 0 0 1024 0 0 0 0 0 0 0 
0 0 916 51 24 33 0 0 0 761 177 38 42 6 0 0 830 103 40 29 22 0 0 0 
0 0 840 184 0 0 0 0 0 97 927 0 0 0 0 0 958 66 0 0 0 0 0 0 
0 0 161 863 0 0 0 0 0 9 1014 1 0 0 0 0 695 329 0 0 0 0 0 0 
0 0 13 1011 0 0 0 0 0 1 1023 0 0 0 0 0 156 868 0 0 0 0 0 0 
0 0 0 1024 0 0 0 0 0 0 480 544 0 0 0 0 0 1024 0 0 0 0 0 0 
0 0 0 1008 16 0 0 0 0 0 2 1022 0 0 0 0 0 1024 0 0 0 0 0 0 
0 0 0 586 438 0 0 0 0 0 25 999 0 0 0 0 2 1022 0 0 0 0 0 0 
0 0 0 192 832 0 0 0 0 0 0 1024 0 0 0 0 0 1024 0 0 0 0 0 0 
0 0 0 0 1024 0 0 0 0 0 0 1024 0 0 0 0 0 1024 0 0 0 0 0 0 
0 0 0 0 1024 0 0 0 0 0 0 1024 0 0 0 0 0 1024 0 0 0 0 0 0 
0 0 0 0 1024 0 0 0 0 0 0 1024 0 0 0 0 0 1024 0 0 0 0 0 0 
0 0 0 120 904 0 0 0 0 0 0 1024 0 0 0 0 0 1024 0 0 0 0 0 0 
0 0 0 1008 16 0 0 0 0 0 92 932 0 0 0 0 0 1024 0 0 0 0 0 0 
26 93 114 195 310 286 0 0 84 105 198 190 389 58 0 0 291 174 195 309 55 0 0 0 
0 0 0 0 132 892 0 0 0 0 0 0 886 138 0 0 0 0 1 946 77 0 0 0 
0 0 0 567 163 294 0 0 0 0 227 418 372 7 0 0 52 574 30 367 1 0 0 0 
0 0 2 988 23 5 2 4 0 0 880 114 20 4 2 4 652 315 32 15 5 3 2 0 
0 0 17 971 18 10 4 4 0 0 965 30 16 6 7 0 889 98 17 10 6 4 0 0 
0 0 0 1024 0 0 0 0 0 0 1024 0 0 0 0 0 1024 0 0 0 0 0 0 0 
0 0 728 296 0 0 0 0 0 359 665 0 0 0 0 0 1024 0 0 0 0 0 0 0 
0 52 848 47 41 36 0 0 0 780 145 47 38 14 0 0 792 128 29 43 32 0 0 0 
0 0 939 85 0 0 0 0 0 451 573 0 0 0 0 0 921 103 0 0 0 0 0 0 
0 0 298 726 0 0 0 0 0 5 1019 0 0 0 0 0 340 684 0 0 0 0 0 0 
0 0 0 1024 0 0 0 0 0 0 1024 0 0 0 0 0 0 1024 0 0 0 0 0 0 
0 0 0 1024 0 0 0 0 0 0 944 80 0 0 0 0 0 1024 0 0 0 0 0 0 
0 0 0 1019 5 0 0 0 0 0 181 843 0 0 0 0 0 1024 0 0 0 0 0 0 
0 0 0 1002 22 0 0 0 0 0 0 1024 0 0 0 0 0 1024 0 0 0 0 0 0 
0 0 0 858 166 0 0 0 0 0 0 1024 0 0 0 0 0 1024 0 0 0 0 0 0 
0 0 0 397 627 0 0 0 0 0 0 1024 0 0 0 0 0 1024 0 0 0 0 0 0 
0 0 0 292 732 0 0 0 0 0 0 1024 0 0 0 0 0 1024 0 0 0 0 0 0 
0 0 0 339 685 0 0 0 0 0 0 1024 0 0 0 0 0 1024 0 0 0 0 0 0 
0 0 0 727 297 0 0 0 0 0 0 1024 0 0 0 0 0 1024 0 0 0 0 0 0 
0 0 0 925 99 0 0 0 0 0 25 999 0 0 0 0 0 1024 0 0 0 0 0 0 
143 115 123 624 2 17 0 0 198 118 361 328 17 2 0 0 360 642 3 3 16 0 0 0 
301 80 59 474 72 38 0 0 321 65 458 88 85 7 0 0 361 521 53 71 17 1 0 0 
100 31 47 809 33 4 0 0 104 37 673 189 19 2 0 0 300 666 33 20 4 1 0 0 
0 0 27 931 34 32 0 0 0 0 741 246 7 30 0 0 183 690 118 12 21 0 0 0 
0 0 53 929 42 0 0 0 0 0 942 52 30 0 0 0 564 412 24 24 0 0 0 0 
0 0 298 726 0 0 0 0 0 42 982 0 0 0 0 0 1024 0 0 0 0 0 0 0 
0 0 988 36 0 0 0 0 0 718 306 0 0 0 0 0 1024 0 0 0 0 0 0 0 
