73 127 18 587 219 0 0 0 93 112 46 691 82 0 0 0 131 76 133 680 4 0 0 0 
5 64 73 237 526 105 11 3 10 82 89 574 225 39 2 3 75 103 107 610 123 1 2 3 
0 1 6 105 852 39 8 13 0 3 14 778 197 12 8 12 2 12 162 794 26 10 10 8 
0 1 22 65 791 139 4 2 3 17 47 474 470 9 2 2 21 43 370 571 13 3 3 0 
0 0 1 21 784 206 8 4 0 0 14 571 418 12 3 6 0 17 751 234 14 2 5 1 
0 0 0 2 835 183 4 0 0 0 0 703 311 10 0 0 0 0 839 173 10 2 0 0 
0 0 0 7 955 58 4 0 0 0 0 939 79 6 0 0 0 0 925 93 5 1 0 0 
0 0 0 46 970 2 5 1 0 0 0 1009 9 4 2 0 0 0 943 75 2 4 0 0 
0 29 180 144 606 62 3 0 14 206 65 370 367 2 0 0 101 179 20 633 91 0 0 0 
0 1 4 28 31 952 8 0 0 5 25 13 622 359 0 0 7 24 11 201 780 1 0 0 
5 25 36 19 182 757 0 0 20 40 16 29 836 83 0 0 49 26 14 827 108 0 0 0 
0 6 36 32 22 709 207 12 6 40 29 14 344 560 31 0 36 37 17 377 529 28 0 0 
1 16 44 24 63 406 406 64 4 38 41 64 347 477 53 0 32 67 77 637 196 15 0 0 
2 20 38 30 45 403 407 79 4 37 46 48 328 502 59 0 33 65 57 657 199 13 0 0 
1 12 37 19 74 566 298 17 3 34 31 89 574 293 0 0 32 49 166 677 100 0 0 0 
4 50 71 39 261 596 3 0 11 87 67 234 622 3 0 0 52 133 369 470 0 0 0 0 
6 30 21 64 788 115 0 0 8 31 30 265 687 3 0 0 9 39 44 798 134 0 0 0 
0 0 0 0 148 876 0 0 0 0 0 21 994 9 0 0 0 0 2 724 298 0 0 0 
0 0 6 42 269 707 0 0 0 4 30 176 796 18 0 0 3 37 154 790 40 0 0 0 
0 1 4 15 244 743 17 0 1 5 20 214 650 134 0 0 6 32 359 528 99 0 0 0 
0 0 0 2 96 925 1 0 0 0 2 102 900 20 0 0 0 15 474 535 0 0 0 0 
0 0 0 2 81 897 44 0 0 0 2 87 841 94 0 0 0 3 369 651 1 0 0 0 
0 0 0 0 81 942 1 0 0 0 0 95 917 12 0 0 0 9 366 649 0 0 0 0 
0 0 0 0 216 808 0 0 0 0 2 248 774 0 0 0 0 21 363 640 0 0 0 0 
1 19 603 330 42 29 0 0 4 543 385 34 50 8 0 0 5 463 473 34 39 10 0 0 
0 6 381 415 173 49 0 0 3 258 488 218 54 3 0 0 3 104 720 177 20 0 0 0 
12 34 198 413 265 73 29 0 18 99 457 301 77 41 31 0 22 63 614 199 49 29 44 4 
0 1 73 307 450 193 0 0 0 15 324 465 220 0 0 0 0 2 469 547 6 0 0 0 
13 23 88 243 364 293 0 0 17 36 226 403 342 0 0 0 13 25 367 570 46 3 0 0 
12 17 35 252 373 321 14 0 15 21 189 356 415 22 6 0 15 36 356 536 55 17 9 0 
0 0 0 73 585 366 0 0 0 0 51 585 388 0 0 0 0 0 542 464 18 0 0 0 
25 43 105 141 589 103 18 0 26 63 155 630 97 46 7 0 18 67 582 246 67 41 2 1 
0 53 952 19 0 0 0 0 0 926 98 0 0 0 0 0 0 626 398 0 0 0 0 0 
0 2 767 255 0 0 0 0 0 476 548 0 0 0 0 0 0 156 861 7 0 0 0 0 
0 0 469 551 4 0 0 0 0 172 830 22 0 0 0 0 0 36 870 118 0 0 0 0 
0 0 306 701 17 0 0 0 0 85 849 90 0 0 0 0 0 11 688 324 1 0 0 0 
0 1 259 688 24 10 39 3 0 52 784 134 2 8 37 7 0 5 498 460 9 1 10 41 
0 0 252 696 35 4 34 3 0 57 753 172 1 1 22 18 0 4 386 576 16 2 3 37 
0 1 424 574 25 0 0 0 0 51 800 173 0 0 0 0 0 1 472 538 13 0 0 0 
0 7 566 316 57 37 40 1 0 102 712 110 20 7 62 11 0 6 542 381 13 3 13 66 
0 24 421 418 161 0 0 0 1 363 579 81 0 0 0 0 0 281 712 31 0 0 0 0 
0 4 573 246 201 0 0 0 0 270 509 245 0 0 0 0 0 108 758 155 3 0 0 0 
0 1 460 513 49 1 0 0 0 129 780 107 8 0 0 0 0 20 762 210 32 0 0 0 
0 1 353 658 12 0 0 0 0 72 848 104 0 0 0 0 0 7 623 393 1 0 0 0 
0 1 310 686 27 0 0 0 0 41 824 159 0 0 0 0 0 1 444 568 11 0 0 0 
0 2 270 728 24 0 0 0 0 44 823 157 0 0 0 0 0 2 362 646 14 0 0 0 
0 3 501 513 7 0 0 0 0 69 860 95 0 0 0 0 0 1 494 522 7 0 0 0 
0 29 773 221 1 0 0 0 0 234 774 16 0 0 0 0 0 20 762 241 1 0 0 0 
