0 0 282 742 0 0 0 0 0 0 275 749 0 0 0 0 0 0 768 256 0 0 0 0 
0 0 0 1024 0 0 0 0 0 0 0 1024 0 0 0 0 0 0 18 1006 0 0 0 0 
0 0 17 994 13 0 0 0 0 0 16 974 34 0 0 0 0 0 19 1005 0 0 0 0 
0 0 101 707 216 0 0 0 0 0 91 669 264 0 0 0 0 0 114 896 14 0 0 0 
0 16 162 219 623 1 1 2 0 9 138 301 572 1 1 2 0 13 175 727 103 2 1 3 
0 0 173 207 624 8 2 10 0 5 114 266 618 7 5 9 0 26 183 399 392 7 7 10 
0 8 172 264 547 11 9 13 0 6 131 293 551 21 8 14 0 15 203 300 465 17 6 18 
0 16 89 484 393 16 8 18 0 1 81 477 414 24 8 19 0 3 154 449 363 21 14 20 
0 1 130 719 118 17 11 28 0 0 67 757 130 30 10 30 0 2 223 628 104 25 8 34 
0 0 7 1017 0 0 0 0 0 0 6 1018 0 0 0 0 0 0 329 695 0 0 0 0 
0 0 0 1024 0 0 0 0 0 0 0 1024 0 0 0 0 0 0 383 641 0 0 0 0 
0 0 0 1024 0 0 0 0 0 0 0 1024 0 0 0 0 0 0 415 609 0 0 0 0 
0 0 5 1019 0 0 0 0 0 0 2 1022 0 0 0 0 0 0 483 541 0 0 0 0 
0 20 139 796 47 17 3 2 1 13 105 793 74 27 8 3 0 18 679 233 62 19 9 4 
0 0 119 835 57 13 0 0 0 0 21 871 98 33 1 0 0 0 675 263 66 20 0 0 
0 0 176 784 50 14 0 0 0 0 7 911 80 24 2 0 0 0 726 232 55 11 0 0 
0 0 456 520 36 9 3 0 0 0 139 828 40 10 7 0 0 0 875 101 34 11 3 0 
0 8 790 196 7 11 5 7 0 5 460 523 6 13 8 9 0 5 943 43 9 10 6 8 
0 42 982 0 0 0 0 0 0 37 917 70 0 0 0 0 0 46 978 0 0 0 0 0 
0 98 926 0 0 0 0 0 0 77 945 2 0 0 0 0 0 112 912 0 0 0 0 0 
0 0 753 271 0 0 0 0 0 0 752 272 0 0 0 0 0 74 723 227 0 0 0 0 
0 15 807 174 2 6 5 15 0 16 800 178 4 5 5 16 0 17 809 170 1 3 5 19 
1 81 801 116 13 4 5 3 1 33 784 162 25 10 5 4 0 46 757 177 19 12 4 9 
0 62 829 103 15 5 3 7 0 28 758 194 24 8 3 9 0 39 752 180 28 9 7 9 
2 24 893 77 14 8 5 1 1 15 821 138 30 9 6 4 0 21 828 108 45 12 5 5 
3 65 860 80 9 4 3 0 1 54 863 75 23 3 4 1 0 82 849 49 32 6 4 2 
0 58 849 114 3 0 0 0 0 53 865 103 3 0 0 0 0 87 932 3 2 0 0 0 
0 44 767 213 0 0 0 0 0 43 640 341 0 0 0 0 0 67 957 0 0 0 0 0 
0 46 678 300 0 0 0 0 0 43 587 394 0 0 0 0 0 66 958 0 0 0 0 0 
0 43 620 361 0 0 0 0 0 40 479 505 0 0 0 0 0 57 967 0 0 0 0 0 
0 43 646 335 0 0 0 0 0 40 597 387 0 0 0 0 0 61 963 0 0 0 0 0 
0 44 666 314 0 0 0 0 0 36 647 341 0 0 0 0 0 64 960 0 0 0 0 0 
0 46 703 275 0 0 0 0 0 44 680 300 0 0 0 0 0 60 964 0 0 0 0 0 
0 49 763 212 0 0 0 0 0 47 749 228 0 0 0 0 0 59 965 0 0 0 0 0 
0 48 862 114 0 0 0 0 0 46 843 135 0 0 0 0 0 70 947 7 0 0 0 0 
0 52 911 61 0 0 0 0 0 48 879 97 0 0 0 0 0 76 944 4 0 0 0 0 
0 57 955 12 0 0 0 0 0 50 952 22 0 0 0 0 0 186 838 0 0 0 0 0 
0 58 966 0 0 0 0 0 0 57 966 1 0 0 0 0 0 446 578 0 0 0 0 0 
0 111 913 0 0 0 0 0 0 72 952 0 0 0 0 0 0 614 410 0 0 0 0 0 
0 644 380 0 0 0 0 0 0 407 617 0 0 0 0 0 0 957 67 0 0 0 0 0 
0 48 976 0 0 0 0 0 0 48 976 0 0 0 0 0 0 437 587 0 0 0 0 0 
0 78 946 0 0 0 0 0 0 68 956 0 0 0 0 0 0 140 884 0 0 0 0 0 
0 229 795 0 0 0 0 0 0 140 884 0 0 0 0 0 0 406 618 0 0 0 0 0 
0 395 629 0 0 0 0 0 0 262 762 0 0 0 0 0 0 716 308 0 0 0 0 0 
0 439 585 0 0 0 0 0 0 370 654 0 0 0 0 0 0 938 86 0 0 0 0 0 
0 302 722 0 0 0 0 0 0 215 809 0 0 0 0 0 0 770 254 0 0 0 0 0 
0 167 857 0 0 0 0 0 0 137 887 0 0 0 0 0 0 681 343 0 0 0 0 0 
0 47 977 0 0 0 0 0 0 84 940 0 0 0 0 0 0 528 496 0 0 0 0 0 
0 43 981 0 0 0 0 0 0 36 988 0 0 0 0 0 0 447 577 0 0 0 0 0 
0 21 1003 0 0 0 0 0 0 7 1017 0 0 0 0 0 0 406 618 0 0 0 0 0 
0 4 1020 0 0 0 0 0 0 4 1020 0 0 0 0 0 0 417 607 0 0 0 0 0 
0 3 1021 0 0 0 0 0 0 2 1022 0 0 0 0 0 0 311 713 0 0 0 0 0 
0 0 1024 0 0 0 0 0 0 0 1024 0 0 0 0 0 0 432 592 0 0 0 0 0 
0 3 1013 8 0 0 0 0 0 0 1024 0 0 0 0 0 0 433 591 0 0 0 0 0 
0 1 1022 1 0 0 0 0 0 1 1022 1 0 0 0 0 0 453 571 0 0 0 0 0 
0 3 1020 1 0 0 0 0 0 1 1023 0 0 0 0 0 0 450 574 0 0 0 0 0 
0 24 1000 0 0 0 0 0 0 11 1013 0 0 0 0 0 0 451 573 0 0 0 0 0 
0 63 961 0 0 0 0 0 0 66 958 0 0 0 0 0 0 453 571 0 0 0 0 0 
0 227 797 0 0 0 0 0 0 194 830 0 0 0 0 0 0 422 602 0 0 0 0 0 
0 343 681 0 0 0 0 0 0 343 681 0 0 0 0 0 0 392 632 0 0 0 0 0 
0 508 516 0 0 0 0 0 0 879 145 0 0 0 0 0 32 884 108 0 0 0 0 0 
0 432 592 0 0 0 0 0 0 733 291 0 0 0 0 0 8 748 268 0 0 0 0 0 
0 294 730 0 0 0 0 0 0 389 635 0 0 0 0 0 0 601 423 0 0 0 0 0 
0 273 751 0 0 0 0 0 0 284 740 0 0 0 0 0 0 455 569 0 0 0 0 0 
0 137 887 0 0 0 0 0 0 138 886 0 0 0 0 0 0 297 727 0 0 0 0 0 
0 87 937 0 0 0 0 0 0 87 937 0 0 0 0 0 0 220 804 0 0 0 0 0 
0 68 956 0 0 0 0 0 0 25 999 0 0 0 0 0 0 310 714 0 0 0 0 0 
0 10 1014 0 0 0 0 0 0 0 1024 0 0 0 0 0 0 339 685 0 0 0 0 0 
0 0 1024 0 0 0 0 0 0 0 1024 0 0 0 0 0 0 386 638 0 0 0 0 0 
0 1 1023 0 0 0 0 0 0 0 1024 0 0 0 0 0 0 410 614 0 0 0 0 0 
0 0 1024 0 0 0 0 0 0 0 1024 0 0 0 0 0 0 488 536 0 0 0 0 0 
0 0 1024 0 0 0 0 0 0 0 1024 0 0 0 0 0 0 474 550 0 0 0 0 0 
0 0 1024 0 0 0 0 0 0 0 1024 0 0 0 0 0 0 502 522 0 0 0 0 0 
0 0 1024 0 0 0 0 0 0 0 1024 0 0 0 0 0 0 589 435 0 0 0 0 0 
0 0 1024 0 0 0 0 0 0 0 1024 0 0 0 0 0 0 615 409 0 0 0 0 0 
0 0 1024 0 0 0 0 0 0 0 1024 0 0 0 0 0 0 602 422 0 0 0 0 0 
0 0 1024 0 0 0 0 0 0 0 1024 0 0 0 0 0 0 685 339 0 0 0 0 0 
0 0 1024 0 0 0 0 0 0 0 1024 0 0 0 0 0 0 721 303 0 0 0 0 0 
0 7 1017 0 0 0 0 0 0 6 1018 0 0 0 0 0 0 746 278 0 0 0 0 0 
0 232 792 0 0 0 0 0 0 189 835 0 0 0 0 0 0 781 243 0 0 0 0 0 
0 94 930 0 0 0 0 0 0 945 79 0 0 0 0 0 18 1006 0 0 0 0 0 0 
0 0 1024 0 0 0 0 0 0 654 370 0 0 0 0 0 0 1024 0 0 0 0 0 0 
0 13 1011 0 0 0 0 0 0 405 619 0 0 0 0 0 0 1024 0 0 0 0 0 0 
0 99 925 0 0 0 0 0 0 123 901 0 0 0 0 0 0 1022 2 0 0 0 0 0 
0 16 1008 0 0 0 0 0 0 80 944 0 0 0 0 0 0 831 193 0 0 0 0 0 
0 25 999 0 0 0 0 0 0 43 981 0 0 0 0 0 0 717 307 0 0 0 0 0 
0 0 1016 8 0 0 0 0 0 0 1021 3 0 0 0 0 0 623 401 0 0 0 0 0 
0 0 895 129 0 0 0 0 0 0 906 118 0 0 0 0 0 351 673 0 0 0 0 0 
0 0 828 196 0 0 0 0 0 0 830 194 0 0 0 0 0 102 891 31 0 0 0 0 
0 0 800 224 0 0 0 0 0 0 800 224 0 0 0 0 0 167 754 103 0 0 0 0 
0 0 795 144 25 37 15 8 0 0 794 149 19 38 17 7 0 82 796 78 36 22 10 0 
0 0 777 139 108 0 0 0 0 0 774 124 126 0 0 0 0 78 753 169 24 0 0 0 
0 0 892 90 42 0 0 0 0 0 892 76 56 0 0 0 0 186 719 119 0 0 0 0 
0 0 1024 0 0 0 0 0 0 0 1024 0 0 0 0 0 0 223 801 0 0 0 0 0 
0 0 901 29 94 0 0 0 0 0 901 27 96 0 0 0 0 314 601 100 9 0 0 0 
0 0 731 52 241 0 0 0 0 0 716 56 252 0 0 0 0 182 577 263 2 0 0 0 
0 0 736 32 256 0 0 0 0 0 736 32 256 0 0 0 0 333 432 259 0 0 0 0 
0 0 736 32 256 0 0 0 0 0 736 32 256 0 0 0 0 482 268 274 0 0 0 0 
0 0 720 110 194 0 0 0 0 0 720 51 253 0 0 0 0 602 136 286 0 0 0 0 
0 19 800 75 130 0 0 0 0 46 777 41 160 0 0 0 0 765 79 178 2 0 0 0 
0 0 1024 0 0 0 0 0 0 552 472 0 0 0 0 0 0 1024 0 0 0 0 0 0 
0 0 1024 0 0 0 0 0 0 0 1024 0 0 0 0 0 0 1024 0 0 0 0 0 0 
0 0 1024 0 0 0 0 0 0 0 1024 0 0 0 0 0 0 1024 0 0 0 0 0 0 
0 0 1024 0 0 0 0 0 0 0 1024 0 0 0 0 0 0 1020 4 0 0 0 0 0 
0 0 1024 0 0 0 0 0 0 0 1024 0 0 0 0 0 0 542 482 0 0 0 0 0 
0 0 1024 0 0 0 0 0 0 0 1024 0 0 0 0 0 0 715 309 0 0 0 0 0 
0 0 1024 0 0 0 0 0 0 0 1013 11 0 0 0 0 0 800 224 0 0 0 0 0 
0 0 241 420 131 232 0 0 0 0 160 486 133 245 0 0 0 0 563 162 299 0 0 0 
0 0 0 555 443 26 0 0 0 0 0 489 503 32 0 0 0 0 232 736 56 0 0 0 
0 0 0 173 851 0 0 0 0 0 0 321 703 0 0 0 0 0 752 272 0 0 0 0 
0 0 28 124 138 169 316 249 0 0 54 105 132 315 195 223 0 12 100 226 277 195 157 57 
0 4 21 131 49 249 509 61 0 5 12 129 77 310 444 47 3 9 86 132 363 406 25 0 
0 0 2 39 128 48 734 73 0 0 2 18 153 61 732 58 0 1 5 174 54 750 40 0 
0 7 825 115 9 22 33 13 0 21 848 78 17 15 37 8 0 90 856 4 25 29 20 0 
0 3 8 14 118 80 649 152 0 3 8 12 123 87 668 123 3 3 15 131 87 717 68 0 
0 0 0 0 128 69 827 0 0 0 0 0 128 57 839 0 0 0 0 128 47 849 0 0 
0 0 0 0 138 217 596 73 0 0 0 0 138 216 598 72 0 0 0 133 148 681 62 0 
0 0 0 0 133 276 567 48 0 0 0 0 133 271 577 43 0 0 0 126 254 612 32 0 
0 0 0 16 142 296 550 20 0 0 0 12 123 288 584 17 0 0 0 129 233 654 8 0 
0 0 378 16 117 227 286 0 0 0 384 13 114 233 280 0 0 265 121 95 153 390 0 0 
0 27 997 0 0 0 0 0 0 329 695 0 0 0 0 0 26 994 4 0 0 0 0 0 
0 0 1024 0 0 0 0 0 0 0 1024 0 0 0 0 0 0 923 101 0 0 0 0 0 
0 0 1024 0 0 0 0 0 0 0 1024 0 0 0 0 0 0 464 560 0 0 0 0 0 
0 0 1024 0 0 0 0 0 0 0 1024 0 0 0 0 0 0 781 243 0 0 0 0 0 
0 0 1024 0 0 0 0 0 0 0 1024 0 0 0 0 0 0 88 936 0 0 0 0 0 
0 0 1024 0 0 0 0 0 0 0 1024 0 0 0 0 0 0 653 371 0 0 0 0 0 
0 0 663 361 0 0 0 0 0 0 892 132 0 0 0 0 0 755 269 0 0 0 0 0 
0 0 38 374 502 110 0 0 0 0 0 381 501 142 0 0 0 0 210 519 295 0 0 0 
0 0 0 0 985 39 0 0 0 0 0 0 966 58 0 0 0 0 0 794 230 0 0 0 
0 0 0 0 1024 0 0 0 0 0 0 0 1024 0 0 0 0 0 680 339 5 0 0 0 
0 0 0 0 105 661 258 0 0 0 0 0 105 743 176 0 0 0 0 232 595 197 0 0 
3 58 25 40 136 688 22 52 5 65 18 46 157 664 27 42 46 41 24 189 651 52 21 0 
13 21 22 26 40 784 56 62 13 21 22 26 47 789 46 60 28 19 17 61 780 77 42 0 
2 4 812 135 18 47 1 5 2 5 809 136 19 47 5 1 3 70 876 19 36 16 4 0 
23 46 7 41 57 658 106 86 29 43 3 34 62 640 136 77 48 25 25 67 604 208 47 0 
0 0 0 0 0 628 396 0 0 0 0 0 0 502 522 0 0 0 0 0 393 631 0 0 
27 31 9 40 107 688 19 103 19 33 15 31 104 663 61 98 38 25 21 75 590 222 49 4 
15 33 13 24 74 737 66 62 12 36 12 21 63 717 106 57 29 19 15 52 662 199 48 0 
6 6 10 5 70 895 14 18 6 6 10 6 52 912 22 10 10 8 6 21 796 177 6 0 
0 0 305 111 24 584 0 0 0 0 362 60 18 584 0 0 0 298 118 19 472 117 0 0 
160 70 794 0 0 0 0 0 147 424 447 6 0 0 0 0 140 803 63 18 0 0 0 0 
0 4 1003 17 0 0 0 0 0 2 996 26 0 0 0 0 0 810 197 17 0 0 0 0 
307 57 528 132 0 0 0 0 142 179 433 249 21 0 0 0 23 440 290 222 49 0 0 0 
76 22 918 8 0 0 0 0 73 30 893 28 0 0 0 0 7 508 479 29 1 0 0 0 
0 0 1024 0 0 0 0 0 0 0 1024 0 0 0 0 0 0 47 977 0 0 0 0 0 
104 30 675 174 41 0 0 0 89 40 668 91 136 0 0 0 9 307 446 109 139 14 0 0 
247 35 290 434 18 0 0 0 145 67 514 227 71 0 0 0 2 451 439 55 62 15 0 0 
0 0 0 805 219 0 0 0 0 0 0 710 314 0 0 0 0 0 89 935 0 0 0 0 
0 0 0 0 1024 0 0 0 0 0 0 0 1024 0 0 0 0 0 0 1024 0 0 0 0 
0 0 0 0 1024 0 0 0 0 0 0 4 1020 0 0 0 0 0 683 341 0 0 0 0 
0 2 54 51 387 527 3 0 0 2 49 57 457 459 0 0 0 23 65 436 500 0 0 0 
176 46 120 164 132 386 0 0 144 64 125 148 219 324 0 0 27 158 164 239 436 0 0 0 
118 26 41 60 60 706 13 0 108 29 61 35 62 713 16 0 14 98 91 68 737 16 0 0 
0 0 752 194 26 51 1 0 0 0 752 188 21 61 2 0 0 44 871 45 59 5 0 0 
0 0 0 0 21 929 74 0 0 0 0 0 16 936 72 0 0 0 0 8 932 84 0 0 
0 0 30 18 21 880 75 0 0 0 35 14 12 886 77 0 0 8 35 9 899 73 0 0 
136 49 150 17 22 650 0 0 132 42 139 39 21 651 0 0 20 147 158 43 656 0 0 0 
96 18 50 28 84 745 3 0 93 19 49 31 37 785 10 0 20 93 59 30 808 14 0 0 
0 0 0 0 342 682 0 0 0 0 0 0 196 828 0 0 0 0 0 2 1020 2 0 0 
0 0 286 163 306 269 0 0 0 0 311 146 258 309 0 0 0 304 139 47 534 0 0 0 
463 281 280 0 0 0 0 0 378 525 121 0 0 0 0 0 544 476 4 0 0 0 0 0 
581 74 369 0 0 0 0 0 271 381 359 13 0 0 0 0 541 254 226 3 0 0 0 0 
437 173 378 33 3 0 0 0 160 445 307 111 1 0 0 0 209 448 255 106 6 0 0 0 
279 222 523 0 0 0 0 0 83 398 541 2 0 0 0 0 122 710 191 0 1 0 0 0 
300 165 559 0 0 0 0 0 26 437 561 0 0 0 0 0 65 535 424 0 0 0 0 0 
257 179 300 288 0 0 0 0 80 333 316 291 4 0 0 0 72 352 387 174 39 0 0 0 
207 168 299 348 2 0 0 0 114 230 352 313 15 0 0 0 72 313 526 89 24 0 0 0 
25 139 143 601 116 0 0 0 13 153 138 522 198 0 0 0 47 159 134 684 0 0 0 0 
68 183 131 16 603 23 0 0 6 239 113 40 613 13 0 0 12 265 127 607 13 0 0 0 
24 180 341 186 288 5 0 0 0 202 203 372 245 2 0 0 4 240 538 241 1 0 0 0 
41 108 225 624 17 9 0 0 11 133 113 718 40 9 0 0 20 133 435 430 6 0 0 0 
272 103 207 441 1 0 0 0 154 207 171 486 6 0 0 0 46 291 297 348 42 0 0 0 
228 60 156 549 31 0 0 0 144 129 164 386 201 0 0 0 25 234 254 487 24 0 0 0 
0 1 741 257 24 1 0 0 0 1 737 251 34 1 0 0 0 18 806 198 2 0 0 0 
0 0 0 824 153 47 0 0 0 0 0 441 535 48 0 0 0 0 0 912 86 26 0 0 
0 0 48 785 125 66 0 0 0 1 41 429 481 69 3 0 0 8 49 851 87 29 0 0 
310 84 574 56 0 0 0 0 192 177 391 264 0 0 0 0 44 312 547 121 0 0 0 0 
296 66 238 309 48 55 12 0 170 168 197 315 102 52 20 0 86 258 250 357 46 27 0 0 
0 0 0 806 56 162 0 0 0 0 0 640 208 176 0 0 0 0 0 840 155 29 0 0 
0 0 264 638 24 98 0 0 0 0 310 515 103 96 0 0 0 271 227 418 108 0 0 0 
0 2 852 170 0 0 0 0 0 18 1006 0 0 0 0 0 4 1020 0 0 0 0 0 0 
24 43 248 709 0 0 0 0 23 55 946 0 0 0 0 0 56 968 0 0 0 0 0 0 
99 45 63 817 0 0 0 0 39 112 873 0 0 0 0 0 73 951 0 0 0 0 0 0 
132 83 57 752 0 0 0 0 20 203 793 8 0 0 0 0 53 831 140 0 0 0 0 0 
132 152 46 694 0 0 0 0 7 286 278 453 0 0 0 0 33 379 612 0 0 0 0 0 
43 315 37 628 1 0 0 0 0 360 77 587 0 0 0 0 9 376 639 0 0 0 0 0 
43 382 42 528 29 0 0 0 2 420 77 525 0 0 0 0 18 444 562 0 0 0 0 0 
69 432 32 484 7 0 0 0 0 504 103 417 0 0 0 0 1 563 460 0 0 0 0 0 
19 549 52 391 13 0 0 0 0 578 97 349 0 0 0 0 9 601 414 0 0 0 0 0 
3 638 33 338 12 0 0 0 0 643 91 290 0 0 0 0 3 668 353 0 0 0 0 0 
7 705 35 277 0 0 0 0 0 715 80 229 0 0 0 0 3 725 296 0 0 0 0 0 
41 591 120 272 0 0 0 0 3 627 185 209 0 0 0 0 12 656 355 1 0 0 0 0 
19 567 216 192 26 4 0 0 11 596 228 185 4 0 0 0 29 652 337 5 1 0 0 0 
34 723 166 101 0 0 0 0 3 757 222 42 0 0 0 0 34 809 181 0 0 0 0 0 
91 825 37 58 13 0 0 0 12 906 63 20 23 0 0 0 24 903 56 19 22 0 0 0 
93 828 22 64 17 0 0 0 6 907 28 9 74 0 0 0 15 900 27 30 52 0 0 0 
116 535 342 31 0 0 0 0 7 641 345 31 0 0 0 0 14 683 325 2 0 0 0 0 
214 310 412 84 4 0 0 0 4 526 408 62 24 0 0 0 41 621 302 60 0 0 0 0 
286 298 252 188 0 0 0 0 23 549 243 186 23 0 0 0 74 570 204 176 0 0 0 0 
556 196 82 190 0 0 0 0 16 730 103 172 3 0 0 0 49 777 70 128 0 0 0 0 
0 0 834 190 0 0 0 0 0 0 1024 0 0 0 0 0 0 1024 0 0 0 0 0 0 
0 0 73 951 0 0 0 0 0 0 1024 0 0 0 0 0 0 1024 0 0 0 0 0 0 
0 0 0 1024 0 0 0 0 0 0 1024 0 0 0 0 0 0 1018 6 0 0 0 0 0 
0 0 0 1024 0 0 0 0 0 0 785 239 0 0 0 0 0 797 227 0 0 0 0 0 
0 0 0 1023 1 0 0 0 0 0 256 768 0 0 0 0 0 382 642 0 0 0 0 0 
0 0 0 1006 18 0 0 0 0 0 0 1024 0 0 0 0 0 0 1024 0 0 0 0 0 
0 0 0 863 161 0 0 0 0 0 0 1024 0 0 0 0 0 0 1024 0 0 0 0 0 
0 0 0 1004 20 0 0 0 0 0 0 1024 0 0 0 0 0 0 1024 0 0 0 0 0 
0 0 0 989 35 0 0 0 0 0 52 972 0 0 0 0 0 52 972 0 0 0 0 0 
0 0 0 998 26 0 0 0 0 0 0 1024 0 0 0 0 0 0 1024 0 0 0 0 0 
0 0 0 1024 0 0 0 0 0 0 0 1024 0 0 0 0 0 0 1024 0 0 0 0 0 
0 0 0 1024 0 0 0 0 0 0 24 1000 0 0 0 0 0 20 1004 0 0 0 0 0 
0 0 0 943 81 0 0 0 0 0 0 1024 0 0 0 0 0 0 1024 0 0 0 0 0 
0 0 0 910 114 0 0 0 0 0 0 1024 0 0 0 0 0 0 1024 0 0 0 0 0 
0 0 0 1009 15 0 0 0 0 0 81 943 0 0 0 0 0 30 994 0 0 0 0 0 
0 0 15 1009 0 0 0 0 0 8 81 935 0 0 0 0 3 26 995 0 0 0 0 0 
0 47 33 941 3 0 0 0 0 55 122 847 0 0 0 0 17 63 944 0 0 0 0 0 
25 84 36 879 0 0 0 0 4 108 454 458 0 0 0 0 11 227 786 0 0 0 0 0 
59 107 34 824 0 0 0 0 5 165 149 705 0 0 0 0 29 158 837 0 0 0 0 0 
140 85 46 753 0 0 0 0 11 216 778 19 0 0 0 0 26 710 288 0 0 0 0 0 
0 0 917 107 0 0 0 0 0 0 1024 0 0 0 0 0 0 1024 0 0 0 0 0 0 
0 0 80 944 0 0 0 0 0 0 1024 0 0 0 0 0 0 1024 0 0 0 0 0 0 
0 0 0 1024 0 0 0 0 0 0 1024 0 0 0 0 0 0 1024 0 0 0 0 0 0 
0 0 0 1024 0 0 0 0 0 0 920 104 0 0 0 0 0 984 40 0 0 0 0 0 
0 0 0 1024 0 0 0 0 0 0 11 1013 0 0 0 0 0 69 955 0 0 0 0 0 
0 0 0 1021 3 0 0 0 0 0 0 1024 0 0 0 0 0 0 1024 0 0 0 0 0 
0 0 0 785 239 0 0 0 0 0 0 1024 0 0 0 0 0 0 1024 0 0 0 0 0 
0 0 0 894 130 0 0 0 0 0 0 1024 0 0 0 0 0 0 1024 0 0 0 0 0 
0 0 0 872 152 0 0 0 0 0 32 992 0 0 0 0 0 32 992 0 0 0 0 0 
0 0 0 875 149 0 0 0 0 0 0 1024 0 0 0 0 0 0 1024 0 0 0 0 0 
0 0 0 935 89 0 0 0 0 0 0 1024 0 0 0 0 0 0 1024 0 0 0 0 0 
0 0 0 941 83 0 0 0 0 0 0 1024 0 0 0 0 0 0 1024 0 0 0 0 0 
0 0 0 824 200 0 0 0 0 0 0 1024 0 0 0 0 0 0 1024 0 0 0 0 0 
0 0 0 948 76 0 0 0 0 0 0 1024 0 0 0 0 0 0 1024 0 0 0 0 0 
0 0 0 971 53 0 0 0 0 0 45 979 0 0 0 0 0 11 1013 0 0 0 0 0 
0 0 0 1021 3 0 0 0 0 0 31 993 0 0 0 0 0 18 1006 0 0 0 0 0 
0 0 0 1024 0 0 0 0 0 0 48 976 0 0 0 0 0 84 940 0 0 0 0 0 
0 0 0 1024 0 0 0 0 0 0 256 768 0 0 0 0 0 126 898 0 0 0 0 0 
0 0 0 1024 0 0 0 0 0 0 167 857 0 0 0 0 0 104 920 0 0 0 0 0 
0 0 0 1024 0 0 0 0 0 0 1021 3 0 0 0 0 0 1011 13 0 0 0 0 0 
0 619 64 341 0 0 0 0 0 624 393 7 0 0 0 0 36 988 0 0 0 0 0 0 
0 443 28 549 4 0 0 0 0 439 383 202 0 0 0 0 3 975 46 0 0 0 0 0 
0 246 58 522 198 0 0 0 0 236 281 507 0 0 0 0 0 744 280 0 0 0 0 0 
0 66 62 488 408 0 0 0 0 41 165 818 0 0 0 0 0 467 557 0 0 0 0 0 
0 0 4 460 560 0 0 0 0 2 4 1018 0 0 0 0 0 6 1018 0 0 0 0 0 
0 0 0 339 684 1 0 0 0 0 0 904 120 0 0 0 0 0 1024 0 0 0 0 0 
0 0 0 203 821 0 0 0 0 0 0 978 46 0 0 0 0 0 1024 0 0 0 0 0 
0 0 0 256 768 0 0 0 0 0 0 1024 0 0 0 0 0 0 1024 0 0 0 0 0 
0 0 0 320 704 0 0 0 0 0 39 985 0 0 0 0 0 40 984 0 0 0 0 0 
0 0 0 600 424 0 0 0 0 0 0 1024 0 0 0 0 0 0 1024 0 0 0 0 0 
0 0 0 613 411 0 0 0 0 0 0 1024 0 0 0 0 0 0 1024 0 0 0 0 0 
0 0 0 743 281 0 0 0 0 0 0 1024 0 0 0 0 0 0 1024 0 0 0 0 0 
0 0 0 379 645 0 0 0 0 0 0 1024 0 0 0 0 0 0 1024 0 0 0 0 0 
0 0 0 635 389 0 0 0 0 0 0 1024 0 0 0 0 0 1 1023 0 0 0 0 0 
0 0 0 988 36 0 0 0 0 0 0 1024 0 0 0 0 0 22 1002 0 0 0 0 0 
0 0 0 1024 0 0 0 0 0 0 0 1024 0 0 0 0 0 96 928 0 0 0 0 0 
0 0 0 1024 0 0 0 0 0 0 22 1002 0 0 0 0 0 102 922 0 0 0 0 0 
0 0 0 1024 0 0 0 0 0 0 369 655 0 0 0 0 0 478 546 0 0 0 0 0 
0 0 0 1024 0 0 0 0 0 0 341 683 0 0 0 0 0 333 691 0 0 0 0 0 
0 0 0 1024 0 0 0 0 0 0 1013 11 0 0 0 0 0 1017 7 0 0 0 0 0 
0 1024 0 0 0 0 0 0 0 981 43 0 0 0 0 0 0 1024 0 0 0 0 0 0 
0 1011 13 0 0 0 0 0 0 674 350 0 0 0 0 0 0 1001 23 0 0 0 0 0 
0 966 58 0 0 0 0 0 0 234 790 0 0 0 0 0 0 846 178 0 0 0 0 0 
0 739 285 0 0 0 0 0 0 43 981 0 0 0 0 0 0 719 305 0 0 0 0 0 
0 533 442 18 31 0 0 0 0 21 961 40 2 0 0 0 0 453 569 2 0 0 0 0 
0 146 661 26 140 51 0 0 0 7 807 96 114 0 0 0 0 231 789 4 0 0 0 0 
0 43 589 27 172 193 0 0 0 2 639 121 262 0 0 0 0 116 878 30 0 0 0 0 
0 37 422 25 333 207 0 0 0 0 470 290 264 0 0 0 0 97 838 89 0 0 0 0 
0 27 373 69 414 141 0 0 0 0 436 390 198 0 0 0 0 149 807 68 0 0 0 0 
0 6 372 175 471 0 0 0 0 1 385 638 0 0 0 0 0 105 919 0 0 0 0 0 
0 14 209 142 659 0 0 0 0 5 226 793 0 0 0 0 0 108 916 0 0 0 0 0 
0 0 49 115 793 67 0 0 0 3 51 875 95 0 0 0 0 44 934 46 0 0 0 0 
0 0 0 8 956 60 0 0 0 0 0 933 91 0 0 0 0 0 1008 16 0 0 0 0 
0 0 0 83 941 0 0 0 0 0 0 1024 0 0 0 0 0 0 1024 0 0 0 0 0 
52 173 72 488 239 0 0 0 84 198 40 702 0 0 0 0 177 155 692 0 0 0 0 0 
189 250 118 426 41 0 0 0 290 218 117 399 0 0 0 0 390 297 337 0 0 0 0 0 
6 69 49 841 59 0 0 0 23 82 68 851 0 0 0 0 70 164 790 0 0 0 0 0 
0 0 0 1024 0 0 0 0 0 0 89 935 0 0 0 0 0 102 922 0 0 0 0 0 
0 0 0 1024 0 0 0 0 0 0 350 674 0 0 0 0 0 484 540 0 0 0 0 0 
0 0 0 1024 0 0 0 0 0 0 1024 0 0 0 0 0 0 1024 0 0 0 0 0 0 
0 1023 1 0 0 0 0 0 0 719 305 0 0 0 0 0 0 968 56 0 0 0 0 0 
0 992 32 0 0 0 0 0 0 201 823 0 0 0 0 0 0 604 420 0 0 0 0 0 
0 822 202 0 0 0 0 0 0 11 1013 0 0 0 0 0 0 334 690 0 0 0 0 0 
0 649 375 0 0 0 0 0 0 5 1019 0 0 0 0 0 0 154 870 0 0 0 0 0 
0 401 623 0 0 0 0 0 0 2 1022 0 0 0 0 0 0 91 933 0 0 0 0 0 
0 272 752 0 0 0 0 0 0 0 1024 0 0 0 0 0 0 65 959 0 0 0 0 0 
0 186 838 0 0 0 0 0 0 0 1023 1 0 0 0 0 0 33 991 0 0 0 0 0 
0 100 924 0 0 0 0 0 0 0 1024 0 0 0 0 0 0 16 1008 0 0 0 0 0 
0 57 967 0 0 0 0 0 0 0 1024 0 0 0 0 0 0 23 1001 0 0 0 0 0 
0 76 948 0 0 0 0 0 0 0 1024 0 0 0 0 0 0 22 1002 0 0 0 0 0 
0 39 985 0 0 0 0 0 0 0 1024 0 0 0 0 0 0 24 1000 0 0 0 0 0 
0 78 845 20 46 35 0 0 0 0 926 33 65 0 0 0 0 125 841 58 0 0 0 0 
0 98 658 20 94 154 0 0 0 3 759 35 227 0 0 0 0 186 655 183 0 0 0 0 
39 490 228 23 107 137 0 0 132 467 169 70 186 0 0 0 296 389 246 93 0 0 0 0 
139 672 213 0 0 0 0 0 295 630 99 0 0 0 0 0 454 525 45 0 0 0 0 0 
641 376 7 0 0 0 0 0 904 118 2 0 0 0 0 0 973 50 1 0 0 0 0 0 
196 611 78 37 102 0 0 0 365 502 34 122 1 0 0 0 507 393 123 1 0 0 0 0 
0 86 67 156 666 49 0 0 0 78 84 663 199 0 0 0 8 126 734 156 0 0 0 0 
0 0 21 277 722 4 0 0 0 12 19 832 161 0 0 0 1 228 750 45 0 0 0 0 
0 0 0 580 444 0 0 0 0 0 410 605 9 0 0 0 0 712 308 4 0 0 0 0 
