0 0 107 748 62 99 8 0 0 0 5 117 809 93 0 0 0 0 0 113 890 21 0 0 
61 44 473 413 33 0 0 0 2 80 18 457 452 15 0 0 0 58 30 451 431 54 0 0 
0 5 66 121 724 108 0 0 0 0 5 63 356 600 0 0 0 0 2 52 138 537 295 0 
35 39 291 600 59 0 0 0 11 37 52 298 626 0 0 0 0 34 33 266 630 61 0 0 
20 58 258 403 222 12 47 4 11 31 60 450 389 29 30 24 0 25 40 259 411 231 10 48 
5 23 48 241 212 25 453 17 0 14 32 228 238 34 423 55 0 6 26 60 249 199 20 464 
0 0 0 28 53 9 926 8 0 0 0 25 48 17 897 37 0 0 0 4 38 44 33 905 
0 0 0 0 0 0 1024 0 0 0 0 0 0 0 1024 0 0 0 0 0 0 0 178 846 
0 0 0 0 0 0 1024 0 0 0 0 0 0 0 1024 0 0 0 0 0 0 0 1000 24 
0 0 0 0 0 39 985 0 0 0 0 0 0 42 982 0 0 0 0 0 0 9 944 71 
0 0 0 0 0 70 954 0 0 0 0 0 0 75 949 0 0 0 0 0 0 51 964 9 
0 0 0 0 0 0 1024 0 0 0 0 0 0 1 1023 0 0 0 0 0 0 0 1024 0 
0 0 0 0 0 3 1021 0 0 0 0 0 0 185 839 0 0 0 0 0 0 13 1011 0 
0 0 0 0 13 511 500 0 0 0 0 0 107 707 210 0 0 0 0 0 94 534 396 0 
0 1 25 9 155 702 109 23 0 20 9 16 281 605 73 20 0 1 23 14 206 642 116 22 
0 0 125 158 253 453 20 15 0 0 11 271 416 308 8 10 0 0 56 285 670 11 2 0 
33 63 393 207 180 147 1 0 0 61 52 493 273 145 0 0 0 32 79 503 339 70 1 0 
0 11 60 140 447 366 0 0 0 2 47 53 127 781 14 0 0 0 44 40 129 97 714 0 
0 48 276 700 0 0 0 0 0 0 195 144 685 0 0 0 0 0 176 154 693 1 0 0 
0 4 60 960 0 0 0 0 0 0 36 32 956 0 0 0 0 0 36 30 958 0 0 0 
7 38 201 763 15 0 0 0 0 21 66 176 761 0 0 0 0 9 50 186 769 10 0 0 
0 47 296 341 294 7 39 0 0 21 65 441 384 72 38 3 0 13 42 329 369 228 11 32 
0 18 37 134 412 21 401 1 0 10 24 137 376 73 394 10 0 8 17 86 297 208 167 241 
0 0 19 46 45 64 850 0 0 0 9 51 50 53 861 0 0 0 0 49 59 12 835 69 
0 0 0 0 0 235 789 0 0 0 0 0 0 282 742 0 0 0 0 0 0 70 954 0 
0 0 0 0 1 362 661 0 0 0 0 0 2 439 583 0 0 0 0 0 1 170 853 0 
0 0 0 0 9 568 447 0 0 0 0 0 35 742 247 0 0 0 0 0 15 544 465 0 
0 0 0 0 0 705 319 0 0 0 0 0 0 1022 2 0 0 0 0 0 0 910 114 0 
0 0 0 5 7 868 144 0 0 0 1 7 14 1001 1 0 0 0 0 6 12 999 7 0 
0 0 0 9 68 180 22 745 0 0 1 42 71 154 16 740 0 0 1 63 63 141 20 736 
0 2 236 136 190 145 31 284 0 0 74 561 67 25 52 245 22 268 97 223 185 144 83 2 
28 57 67 425 222 59 24 142 21 53 56 338 321 82 49 104 4 156 93 376 229 84 71 11 
0 14 68 40 171 691 20 20 0 10 41 103 34 709 113 14 2 30 72 84 19 22 770 25 
0 24 490 134 142 61 52 121 0 11 147 624 145 55 35 7 28 125 163 585 113 6 3 1 
0 24 342 240 136 163 86 33 0 0 105 419 233 225 27 15 2 21 127 463 371 33 6 1 
0 0 65 378 45 148 384 4 0 0 4 100 384 457 79 0 0 0 15 139 809 55 6 0 
0 61 329 159 330 35 106 4 0 6 72 338 250 343 15 0 0 0 63 376 259 323 3 0 
1 19 155 318 353 151 27 0 1 15 32 430 321 225 0 0 0 12 25 440 209 338 0 0 
2 76 568 335 13 8 22 0 0 55 199 714 26 5 25 0 0 42 142 734 74 4 28 0 
0 48 205 279 61 324 107 0 0 23 172 272 126 325 106 0 0 17 123 239 200 143 300 2 
0 1 49 50 24 860 40 0 0 0 48 52 91 820 13 0 0 0 43 57 21 815 88 0 
0 0 0 0 65 959 0 0 0 0 0 0 133 891 0 0 0 0 0 0 82 942 0 0 
0 0 0 0 54 970 0 0 0 0 0 0 159 865 0 0 0 0 0 0 130 894 0 0 
0 0 0 0 6 1018 0 0 0 0 0 0 104 920 0 0 0 0 0 0 172 852 0 0 
0 0 0 1 73 876 7 67 0 0 0 4 324 624 5 67 0 0 1 8 434 511 5 65 
0 0 52 263 709 0 0 0 0 0 355 641 28 0 0 0 19 796 120 58 31 0 0 0 
44 32 146 365 384 53 0 0 21 52 116 414 339 82 0 0 7 332 119 187 283 11 85 0 
0 6 34 44 161 743 36 0 0 6 63 150 26 414 365 0 1 83 103 31 29 9 692 76 
0 0 153 133 545 84 42 67 0 21 102 788 74 33 5 1 33 494 193 267 31 5 1 0 
0 2 361 114 335 128 55 29 0 12 87 786 103 18 9 9 12 322 179 459 48 4 0 0 
0 0 210 204 319 164 51 76 0 0 51 621 200 84 31 37 5 137 312 414 128 22 4 2 
0 52 163 273 279 159 35 63 0 10 57 387 171 333 54 12 0 57 172 383 92 308 12 0 
0 21 306 77 401 171 8 40 0 0 138 251 395 198 28 14 0 5 146 263 164 420 26 0 
0 1 644 212 41 18 36 72 0 0 192 678 39 39 67 9 0 0 239 687 88 10 0 0 
0 47 495 297 185 0 0 0 0 14 80 621 309 0 0 0 0 3 95 544 363 19 0 0 
0 107 591 288 10 28 0 0 0 48 311 622 21 22 0 0 0 39 291 541 125 28 0 0 
1 67 213 225 363 155 0 0 0 33 208 266 426 91 0 0 0 19 176 300 353 176 0 0 
0 0 0 0 127 897 0 0 0 0 0 0 201 823 0 0 0 0 0 0 83 860 81 0 
0 0 0 0 42 982 0 0 0 0 0 0 98 926 0 0 0 0 0 0 43 981 0 0 
0 0 0 0 122 902 0 0 0 0 0 0 126 898 0 0 0 0 0 0 50 974 0 0 
0 0 19 361 590 54 0 0 0 0 193 566 265 0 0 0 7 287 653 46 31 0 0 0 
40 24 33 459 264 204 0 0 17 42 53 226 569 95 22 0 0 129 315 104 365 15 89 7 
0 0 0 4 97 754 169 0 0 0 0 75 181 76 692 0 0 13 169 48 26 0 483 285 
0 0 0 0 212 790 22 0 0 0 0 208 731 85 0 0 0 173 201 649 1 0 0 0 
0 0 228 44 91 400 261 0 0 0 0 273 342 409 0 0 0 57 59 798 110 0 0 0 
0 0 24 86 73 146 448 247 0 1 23 155 226 412 207 0 0 29 219 477 298 1 0 0 
0 32 85 317 86 280 126 98 0 0 60 106 305 410 143 0 0 2 78 226 396 147 175 0 
0 18 228 33 316 335 38 56 0 0 91 188 434 242 62 7 0 3 138 246 114 409 114 0 
0 0 93 70 319 156 231 155 0 0 8 196 370 234 208 8 0 0 49 548 420 7 0 0 
0 43 222 236 521 2 0 0 0 5 65 422 497 35 0 0 0 0 59 518 239 208 0 0 
2 37 370 404 211 0 0 0 0 15 133 604 272 0 0 0 0 14 129 615 266 0 0 0 
0 73 198 625 70 58 0 0 0 22 191 679 76 56 0 0 0 8 174 656 101 85 0 0 
0 0 0 0 4 1020 0 0 0 0 0 0 1 1023 0 0 0 0 0 0 0 653 371 0 
0 0 0 0 0 1024 0 0 0 0 0 0 0 1024 0 0 0 0 0 0 0 989 35 0 
0 0 0 0 0 1024 0 0 0 0 0 0 0 1024 0 0 0 0 0 0 0 1024 0 0 
0 0 0 67 380 577 0 0 0 0 0 164 860 0 0 0 0 2 704 284 34 0 0 0 
2 21 16 179 264 478 44 20 0 10 15 16 574 248 120 41 0 0 178 280 105 270 91 100 
0 0 0 0 7 514 448 55 0 0 0 2 204 50 688 80 0 0 45 180 31 0 191 577 
0 0 0 0 2 523 499 0 0 0 0 0 335 689 0 0 0 0 71 940 13 0 0 0 
0 0 99 210 12 161 542 0 0 0 0 120 294 609 1 0 0 0 33 767 224 0 0 0 
0 0 24 975 25 0 0 0 0 0 15 945 42 22 0 0 0 3 956 1 47 17 0 0 
0 0 42 428 142 282 129 1 0 0 1 327 134 262 267 33 0 0 269 49 119 171 294 122 
0 0 31 219 65 645 64 0 0 0 0 225 191 496 98 14 0 0 19 339 125 413 83 45 
0 0 0 0 502 402 116 4 0 0 0 0 691 316 17 0 0 0 0 660 364 0 0 0 
0 16 16 152 587 231 22 0 0 0 18 59 577 256 114 0 0 0 16 212 358 234 179 25 
0 0 52 213 711 48 0 0 0 0 24 146 738 113 3 0 0 0 12 408 437 152 15 0 
0 2 82 601 204 115 20 0 0 0 16 451 405 102 45 5 0 0 8 316 479 163 42 16 
0 0 0 0 0 863 161 0 0 0 0 0 0 948 76 0 0 0 0 0 0 542 482 0 
0 0 0 0 0 525 499 0 0 0 0 0 0 970 54 0 0 0 0 0 0 576 448 0 
0 0 0 0 0 400 624 0 0 0 0 0 0 1024 0 0 0 0 0 0 0 985 39 0 
0 0 0 89 259 676 0 0 0 0 4 205 815 0 0 0 0 26 841 120 36 1 0 0 
0 0 20 95 309 508 60 32 0 0 3 35 545 259 127 55 0 0 129 316 97 231 145 106 
0 0 0 0 9 445 494 76 0 0 0 2 186 68 661 107 0 1 55 153 26 21 134 634 
0 0 0 0 6 853 165 0 0 0 0 1 739 284 0 0 0 0 223 799 2 0 0 0 
6 187 99 77 24 327 304 0 0 187 99 39 269 429 1 0 0 174 154 587 106 3 0 0 
7 96 99 410 378 34 0 0 4 105 137 401 336 41 0 0 0 109 302 208 283 122 0 0 
0 0 18 170 401 291 122 22 0 0 18 173 354 226 195 58 0 0 55 133 275 192 242 127 
0 0 10 213 88 669 44 0 0 0 2 198 231 537 41 15 0 0 9 359 84 489 49 34 
2 2 4 40 622 354 0 0 2 5 24 53 915 25 0 0 3 25 40 873 83 0 0 0 
0 0 19 114 508 355 28 0 0 0 0 62 614 240 108 0 0 0 0 223 400 233 146 22 
0 0 17 81 648 204 16 58 0 0 5 88 697 149 85 0 0 0 3 484 284 183 70 0 
0 0 17 368 375 167 75 22 0 0 42 255 466 191 64 6 0 0 85 230 457 180 54 18 
0 0 0 0 230 126 668 0 0 0 0 19 233 406 366 0 0 0 0 41 213 240 530 0 
0 0 0 12 119 46 847 0 0 0 0 66 77 499 382 0 0 0 0 73 70 539 342 0 
0 0 0 0 0 1 1023 0 0 0 0 0 0 965 59 0 0 0 0 0 0 974 50 0 
0 0 0 139 228 612 45 0 0 0 0 260 702 17 45 0 0 9 808 93 44 19 23 28 
0 22 35 251 153 400 163 0 0 0 23 90 586 108 217 0 0 0 258 178 253 94 85 156 
0 0 0 6 49 419 542 8 0 0 0 34 119 59 803 9 0 4 121 22 10 25 174 668 
0 0 0 9 106 647 254 8 0 0 0 67 543 137 268 9 0 0 223 384 17 55 291 54 
8 35 30 69 221 404 137 120 1 40 18 104 224 469 44 124 0 41 78 359 24 98 286 138 
38 565 36 101 145 66 17 56 46 560 64 104 108 68 14 60 26 510 140 84 95 60 40 69 
300 74 52 124 350 124 0 0 345 38 104 213 281 43 0 0 330 68 144 199 193 90 0 0 
54 260 144 146 146 192 50 32 89 264 179 159 174 120 11 28 26 317 177 193 137 123 19 32 
60 402 361 148 39 11 2 1 106 486 350 60 19 2 1 0 39 659 240 69 12 4 1 0 
28 107 133 384 118 121 41 92 50 127 260 309 145 34 85 14 42 194 422 167 80 37 80 2 
44 33 10 691 135 50 9 52 57 27 439 384 55 11 50 1 39 52 774 94 13 36 16 0 
184 201 45 542 52 0 0 0 257 140 367 260 0 0 0 0 91 317 546 70 0 0 0 0 
65 655 28 38 238 0 0 0 160 576 22 171 95 0 0 0 31 706 101 113 73 0 0 0 
0 236 14 23 49 139 563 0 2 236 13 34 25 714 0 0 0 236 18 31 10 729 0 0 
0 0 0 0 0 0 1024 0 0 0 0 0 0 1023 1 0 0 0 0 0 0 1024 0 0 
0 0 0 0 0 161 528 335 0 0 0 0 0 212 479 333 0 0 0 0 0 96 282 646 
0 0 0 0 65 254 395 310 0 0 0 0 105 249 362 308 0 0 0 0 62 219 245 498 
0 0 0 0 294 174 281 275 0 0 0 29 300 170 252 273 0 0 0 17 233 208 187 379 
0 0 0 6 510 142 130 236 0 0 0 356 213 134 85 236 0 0 0 374 186 104 98 262 
1 1 16 470 365 72 18 81 0 2 26 688 142 69 15 82 0 0 211 490 129 72 35 87 
41 44 296 614 25 4 0 0 45 82 720 161 15 1 0 0 36 154 723 87 22 2 0 0 
25 35 401 435 44 71 13 0 31 152 607 139 80 15 0 0 26 360 436 163 39 0 0 0 
55 49 89 511 206 52 61 1 62 66 226 553 61 56 0 0 44 142 399 420 19 0 0 0 
45 376 47 437 30 25 33 31 63 367 295 213 26 46 14 0 39 512 363 88 22 0 0 0 
550 203 15 199 15 13 25 4 571 190 165 57 13 26 2 0 563 204 213 44 0 0 0 0 
948 60 3 13 0 0 0 0 998 11 13 2 0 0 0 0 556 456 12 0 0 0 0 0 
659 359 6 0 0 0 0 0 909 114 1 0 0 0 0 0 676 348 0 0 0 0 0 0 
312 639 12 6 6 48 1 0 785 170 9 5 6 49 0 0 312 644 8 5 6 49 0 0 
0 131 51 11 10 127 694 0 7 164 16 10 10 816 1 0 4 166 17 10 11 815 1 0 
0 6 56 7 6 15 760 174 0 51 15 5 7 750 88 108 0 36 27 9 7 820 49 76 
0 0 0 542 371 111 0 0 0 0 0 708 233 83 0 0 0 0 0 676 230 112 6 0 
0 0 0 708 313 3 0 0 0 0 0 823 201 0 0 0 0 0 0 747 275 2 0 0 
0 0 0 142 781 24 77 0 0 0 0 361 576 87 0 0 0 0 0 178 822 24 0 0 
0 0 0 287 606 39 92 0 0 0 0 641 274 109 0 0 0 0 61 576 370 17 0 0 
0 0 0 282 578 99 57 8 0 0 9 593 312 66 10 34 0 0 273 249 450 5 7 40 
0 0 0 309 283 100 302 30 0 0 99 408 160 27 157 173 0 0 190 152 337 11 14 320 
103 606 12 176 59 3 49 16 109 597 33 198 21 1 37 28 84 407 246 184 27 11 1 64 
42 976 3 2 1 0 0 0 40 979 3 2 0 0 0 0 27 992 3 2 0 0 0 0 
0 1024 0 0 0 0 0 0 52 972 0 0 0 0 0 0 3 1021 0 0 0 0 0 0 
802 181 28 10 3 0 0 0 825 181 11 4 3 0 0 0 823 187 7 3 4 0 0 0 
930 88 6 0 0 0 0 0 995 26 3 0 0 0 0 0 991 29 4 0 0 0 0 0 
732 170 49 63 10 0 0 0 862 60 82 20 0 0 0 0 849 133 41 1 0 0 0 0 
71 115 163 552 123 0 0 0 133 110 546 235 0 0 0 0 125 482 417 0 0 0 0 0 
0 42 46 233 680 11 12 0 0 69 177 719 43 7 9 0 0 91 449 463 9 5 7 0 
0 8 47 67 70 20 75 737 0 46 28 101 23 23 237 566 0 40 91 57 21 34 326 455 
16 6 6 748 93 42 113 0 17 6 14 698 159 130 0 0 4 16 137 312 524 31 0 0 
130 149 10 318 262 35 120 0 130 149 13 227 369 135 1 0 64 208 37 138 533 44 0 0 
66 525 10 54 323 12 34 0 68 525 10 33 348 40 0 0 21 544 32 15 393 19 0 0 
11 662 58 75 147 17 36 18 13 687 58 98 112 4 28 24 1 176 617 39 120 17 7 47 
0 0 0 16 14 6 726 262 0 0 4 22 4 6 102 886 0 0 17 9 4 4 7 983 
0 0 0 0 0 0 972 52 0 0 0 0 0 0 826 198 0 0 0 0 0 0 0 1024 
0 860 4 0 6 18 136 0 0 858 6 0 0 22 120 18 0 553 300 11 0 0 20 140 
0 1024 0 0 0 0 0 0 19 1005 0 0 0 0 0 0 0 1024 0 0 0 0 0 0 
24 826 63 40 16 43 12 0 405 451 74 26 15 42 11 0 29 824 79 24 12 26 30 0 
875 32 27 12 32 46 0 0 884 22 33 8 27 50 0 0 824 69 23 30 8 49 21 0 
492 133 61 195 143 0 0 0 598 49 177 200 0 0 0 0 616 83 319 6 0 0 0 0 
0 0 25 332 666 1 0 0 0 0 261 763 0 0 0 0 0 103 917 4 0 0 0 0 
0 0 0 41 983 0 0 0 0 0 21 1002 1 0 0 0 0 9 981 34 0 0 0 0 
0 0 0 0 496 74 74 380 0 0 0 362 188 32 97 345 0 0 107 417 34 38 102 326 
0 0 0 0 5 16 240 763 0 0 0 2 9 23 293 697 0 0 0 1 6 17 238 762 
