0 0 32 125 153 64 107 543 0 1 40 125 149 73 55 581 0 0 34 109 163 66 53 599 
0 19 79 206 331 149 32 208 0 30 153 133 313 168 18 209 0 40 199 86 172 288 26 213 
0 7 350 246 73 234 112 2 0 10 436 106 204 260 8 0 0 5 425 156 229 200 9 0 
0 0 26 289 68 414 227 0 0 0 159 183 88 583 11 0 0 0 253 97 182 486 6 0 
0 0 551 354 34 37 48 0 0 73 715 129 28 72 7 0 0 184 668 74 20 72 6 0 
0 1 69 504 60 66 312 12 0 6 309 292 43 251 123 0 1 75 496 58 55 304 35 0 
0 0 90 69 72 72 658 63 0 11 121 55 78 344 403 12 0 55 88 61 76 422 316 6 
0 40 371 505 10 15 57 26 0 169 189 470 102 24 59 11 0 264 110 240 314 24 68 4 
0 65 364 213 30 24 153 175 0 93 483 71 28 44 169 136 5 138 479 27 31 47 186 111 
0 66 611 188 24 14 29 92 5 426 409 38 17 15 33 81 186 518 155 23 13 16 43 70 
0 45 424 288 27 25 53 162 1 266 451 47 23 30 60 146 135 438 158 37 21 31 67 137 
0 0 0 121 378 353 171 1 0 0 8 114 440 390 72 0 0 0 8 112 424 405 75 0 
0 38 42 136 338 317 152 1 1 48 64 146 392 368 5 0 31 46 114 208 411 213 1 0 
0 15 322 124 127 340 96 0 0 2 339 50 325 303 5 0 0 24 322 148 356 173 1 0 
0 2 32 29 121 495 331 14 0 13 35 46 228 584 118 0 2 31 24 101 438 381 47 0 
0 2 96 230 166 158 339 33 0 27 147 285 97 269 194 5 0 103 324 51 152 316 76 2 
0 0 16 18 48 241 543 158 0 0 20 25 127 390 438 24 0 3 22 30 185 459 324 1 
0 10 129 232 60 119 260 214 0 44 211 131 81 177 294 86 3 94 261 50 73 207 297 39 
0 7 155 607 14 37 89 115 0 24 161 530 73 47 121 68 1 77 201 465 50 57 130 43 
0 73 398 209 33 35 86 190 0 69 442 178 29 37 105 164 6 197 446 49 28 40 125 133 
0 5 301 234 35 38 112 299 0 99 390 58 36 39 134 268 45 358 129 32 29 32 148 251 
0 17 226 225 33 59 132 332 0 62 319 101 21 73 166 282 4 155 278 48 25 70 201 243 
4 9 15 151 466 340 39 0 4 13 13 239 365 336 54 0 11 11 51 358 429 158 6 0 
2 11 31 109 479 343 49 0 5 13 30 141 439 313 83 0 10 27 33 444 371 132 7 0 
0 23 318 163 176 304 40 0 0 2 324 143 247 271 37 0 0 69 315 242 283 112 3 0 
0 18 147 171 310 250 127 1 0 48 91 151 274 356 104 0 7 100 103 239 362 197 16 0 
16 61 132 133 233 189 243 17 6 23 60 256 222 270 186 1 7 24 187 209 271 240 84 2 
25 136 193 166 97 165 225 17 22 129 170 184 136 183 196 4 22 112 213 166 176 214 117 4 
11 194 260 172 107 111 151 18 1 54 165 424 147 134 95 4 12 104 418 205 97 142 42 4 
8 72 103 482 126 72 153 8 0 0 59 594 139 121 105 6 0 9 128 606 93 142 40 6 
14 145 139 574 19 7 67 59 0 4 160 656 71 10 99 24 0 42 388 438 25 32 84 15 
11 193 425 274 62 8 29 22 0 82 558 279 49 8 31 17 31 346 517 68 7 10 39 6 
54 485 117 88 64 23 129 64 1 14 355 320 106 38 150 40 0 68 585 46 23 105 171 26 
2 0 31 118 334 388 140 11 1 1 24 108 274 474 122 20 2 6 47 256 387 286 25 15 
0 8 184 109 284 303 134 2 0 10 176 80 222 393 134 9 0 92 131 185 303 275 35 3 
0 3 280 209 236 227 65 4 0 2 267 137 340 198 71 9 0 78 228 389 208 99 17 5 
10 194 352 209 156 44 58 1 0 11 207 444 210 78 68 6 1 36 293 318 207 148 16 5 
7 54 206 325 430 2 0 0 3 14 99 265 382 261 0 0 4 16 159 263 182 400 0 0 
2 14 233 654 44 76 1 0 0 3 67 458 417 78 1 0 0 5 99 242 334 277 67 0 
47 320 332 287 31 7 0 0 0 91 228 597 105 3 0 0 22 170 483 329 20 0 0 0 
15 118 154 534 81 100 22 0 0 1 103 641 194 73 12 0 0 51 251 596 107 17 2 0 
36 212 180 526 70 0 0 0 0 2 243 578 201 0 0 0 0 78 391 551 4 0 0 0 
28 216 453 295 24 8 0 0 0 50 594 296 76 8 0 0 7 369 529 90 25 4 0 0 
19 254 179 350 220 2 0 0 0 19 245 272 412 76 0 0 0 45 362 101 118 190 208 0 
0 0 0 17 73 294 580 60 0 0 0 13 131 214 603 63 0 0 8 101 192 573 146 4 
0 4 188 61 80 118 530 43 0 11 189 68 65 98 546 47 0 82 146 90 92 491 117 6 
0 34 195 166 71 172 355 31 0 0 212 144 143 108 367 50 0 59 186 211 136 354 76 2 
7 37 118 172 233 99 326 32 0 19 118 41 232 232 334 48 0 61 77 44 180 463 193 6 
2 29 87 547 287 21 41 10 0 8 37 190 514 219 41 15 3 9 25 149 320 476 39 3 
310 99 222 243 58 47 44 1 2 161 412 248 99 55 40 7 0 9 195 374 330 84 32 0 
244 171 182 317 24 16 67 3 120 255 138 308 121 11 68 3 63 202 248 272 183 51 5 0 
31 25 46 526 204 91 98 3 21 29 25 468 289 59 119 14 21 29 87 492 294 85 16 0 
0 11 65 557 288 34 66 3 0 0 22 442 439 44 71 6 0 18 114 653 156 73 10 0 
9 172 382 358 75 10 13 5 2 152 335 373 122 19 14 7 19 258 258 271 181 29 8 0 
4 393 324 178 47 31 41 6 0 26 355 443 104 45 42 9 0 134 207 228 367 72 16 0 
0 0 1 21 47 183 668 104 0 0 1 17 81 134 668 123 0 0 7 73 130 651 102 61 
0 31 101 112 164 156 433 27 0 41 108 135 114 144 452 30 0 109 97 169 144 450 55 0 
0 112 162 197 46 103 374 30 0 23 141 247 85 86 414 28 0 78 226 192 122 376 30 0 
1 215 260 350 99 55 40 4 0 95 342 264 147 112 53 11 0 171 397 169 93 144 49 1 
0 109 205 206 128 146 223 7 0 0 123 240 209 168 260 24 0 99 297 132 229 249 18 0 
608 151 94 32 18 48 67 6 0 145 610 103 34 41 83 8 0 85 174 293 399 60 11 2 
73 132 530 142 88 45 13 1 0 94 551 189 126 39 22 3 0 172 555 217 53 23 4 0 
0 127 408 350 137 2 0 0 0 5 368 457 189 5 0 0 0 113 424 407 79 1 0 0 
0 71 240 540 173 0 0 0 0 1 215 426 381 1 0 0 0 55 201 731 37 0 0 0 
2 240 745 37 0 0 0 0 0 213 707 104 0 0 0 0 1 284 435 304 0 0 0 0 
0 277 635 112 0 0 0 0 0 53 678 293 0 0 0 0 0 70 257 519 176 2 0 0 
0 5 33 396 251 135 108 96 0 0 4 70 547 170 130 103 0 1 7 43 215 499 132 127 
0 55 348 428 143 45 5 0 0 0 35 423 453 98 15 0 0 14 277 256 249 228 0 0 
4 281 612 96 20 11 0 0 0 6 313 625 65 14 1 0 0 45 648 263 43 25 0 0 
5 371 467 167 14 0 0 0 0 200 469 218 83 54 0 0 0 203 499 143 54 61 63 1 
0 192 683 149 0 0 0 0 0 9 433 551 31 0 0 0 0 111 423 70 413 7 0 0 
485 122 380 37 0 0 0 0 1 143 536 342 2 0 0 0 0 25 146 222 626 5 0 0 
126 72 723 101 2 0 0 0 9 133 542 338 2 0 0 0 0 41 287 602 92 2 0 0 
0 3 607 414 0 0 0 0 0 0 347 674 3 0 0 0 0 0 40 920 64 0 0 0 
0 0 450 465 109 0 0 0 0 0 258 431 335 0 0 0 0 0 25 934 65 0 0 0 
0 0 1024 0 0 0 0 0 0 0 265 759 0 0 0 0 0 0 0 824 200 0 0 0 
9 99 913 3 0 0 0 0 1 40 247 736 0 0 0 0 0 2 68 911 43 0 0 0 
0 5 23 963 33 0 0 0 0 0 6 40 600 378 0 0 0 0 1 12 109 272 584 46 
0 0 4 739 281 0 0 0 0 0 0 9 353 662 0 0 0 0 0 1 57 125 765 76 
0 3 141 880 0 0 0 0 0 0 2 25 833 164 0 0 0 0 0 3 25 289 707 0 
0 35 684 305 0 0 0 0 0 2 50 119 853 0 0 0 0 5 24 46 102 777 70 0 
0 11 971 42 0 0 0 0 0 3 27 384 610 0 0 0 0 0 23 21 284 696 0 0 
9 70 854 78 13 0 0 0 0 10 64 410 526 14 0 0 0 0 13 75 256 669 11 0 
0 8 1011 5 0 0 0 0 0 0 57 744 223 0 0 0 0 0 0 143 534 347 0 0 
0 0 666 358 0 0 0 0 0 0 0 987 37 0 0 0 0 0 5 354 442 223 0 0 
0 0 411 573 40 0 0 0 0 0 0 838 186 0 0 0 0 0 17 586 416 5 0 0 
0 0 1024 0 0 0 0 0 0 0 0 1022 2 0 0 0 0 0 0 0 1024 0 0 0 
12 52 960 0 0 0 0 0 0 31 38 941 14 0 0 0 0 0 39 38 938 9 0 0 
