0 0 0 450 574 0 0 0 0 0 27 773 224 0 0 0 0 255 342 427 0 0 0 0 
0 0 0 440 584 0 0 0 0 0 0 737 287 0 0 0 0 229 265 530 0 0 0 0 
0 0 0 319 705 0 0 0 0 0 0 656 368 0 0 0 0 176 289 559 0 0 0 0 
0 0 0 163 853 8 0 0 0 0 0 584 440 0 0 0 0 144 250 630 0 0 0 0 
0 0 0 8 867 24 10 115 0 0 0 513 367 22 11 111 0 128 248 499 24 9 21 95 
0 0 0 20 753 46 30 175 0 0 0 452 338 45 25 164 0 85 199 493 34 35 45 133 
0 0 0 15 789 39 25 156 0 0 0 275 542 38 17 152 0 70 172 578 35 11 52 106 
0 0 0 0 1024 0 0 0 0 0 0 530 494 0 0 0 0 55 241 728 0 0 0 0 
0 0 0 0 1024 0 0 0 0 0 0 529 495 0 0 0 0 0 256 768 0 0 0 0 
0 0 0 12 1012 0 0 0 0 0 0 611 413 0 0 0 0 0 326 698 0 0 0 0 
0 0 0 74 950 0 0 0 0 0 4 669 351 0 0 0 0 3 367 654 0 0 0 0 
0 0 0 172 852 0 0 0 0 0 0 771 253 0 0 0 0 0 376 648 0 0 0 0 
0 0 0 158 739 28 18 81 0 0 0 612 292 25 16 79 0 1 276 621 21 19 19 67 
0 0 0 216 338 52 53 365 0 0 0 371 200 43 61 349 0 0 189 357 50 45 78 305 
0 0 0 1024 0 0 0 0 0 0 0 1024 0 0 0 0 0 1024 0 0 0 0 0 0 
0 0 0 503 521 0 0 0 0 0 0 1024 0 0 0 0 0 1024 0 0 0 0 0 0 
0 0 0 48 976 0 0 0 0 0 0 1024 0 0 0 0 0 1023 1 0 0 0 0 0 
0 0 0 0 1024 0 0 0 0 0 0 1024 0 0 0 0 0 995 29 0 0 0 0 0 
0 0 0 0 1024 0 0 0 0 0 0 1024 0 0 0 0 0 768 256 0 0 0 0 0 
0 0 0 0 1024 0 0 0 0 0 0 1024 0 0 0 0 0 544 480 0 0 0 0 0 
0 0 0 0 1024 0 0 0 0 0 0 1024 0 0 0 0 0 544 480 0 0 0 0 0 
0 0 0 0 1024 0 0 0 0 0 0 1024 0 0 0 0 0 768 256 0 0 0 0 0 
0 0 0 29 995 0 0 0 0 0 0 1024 0 0 0 0 0 123 901 0 0 0 0 0 
0 0 0 47 977 0 0 0 0 0 0 1024 0 0 0 0 0 782 242 0 0 0 0 0 
0 0 0 285 739 0 0 0 0 0 223 801 0 0 0 0 0 878 146 0 0 0 0 0 
0 0 0 899 125 0 0 0 0 0 101 923 0 0 0 0 0 1024 0 0 0 0 0 0 
0 0 0 949 75 0 0 0 0 0 83 941 0 0 0 0 0 786 238 0 0 0 0 0 
0 0 0 1024 0 0 0 0 0 0 0 1024 0 0 0 0 0 922 102 0 0 0 0 0 
0 0 0 160 864 0 0 0 0 0 0 1024 0 0 0 0 0 1024 0 0 0 0 0 0 
0 0 0 0 1024 0 0 0 0 0 0 1024 0 0 0 0 0 1024 0 0 0 0 0 0 
0 0 0 0 1024 0 0 0 0 0 0 1024 0 0 0 0 0 880 144 0 0 0 0 0 
0 0 0 0 1024 0 0 0 0 0 0 1024 0 0 0 0 0 320 704 0 0 0 0 0 
0 0 0 0 1024 0 0 0 0 0 0 1024 0 0 0 0 0 16 1008 0 0 0 0 0 
0 0 0 0 1024 0 0 0 0 0 0 1024 0 0 0 0 0 0 1024 0 0 0 0 0 
0 0 0 4 1020 0 0 0 0 0 3 1021 0 0 0 0 0 25 999 0 0 0 0 0 
2 137 78 78 729 0 0 0 11 160 94 759 0 0 0 0 124 446 454 0 0 0 0 0 
1 19 32 144 791 37 0 0 7 36 131 813 37 0 0 0 20 367 610 27 0 0 0 0 
163 39 21 24 738 39 0 0 177 35 22 748 38 4 0 0 209 329 456 30 0 0 0 0 
598 164 67 113 82 0 0 0 594 185 115 130 0 0 0 0 681 251 91 1 0 0 0 0 
111 221 168 351 114 12 15 32 135 263 199 346 21 15 13 32 291 336 281 52 6 17 11 30 
59 142 58 210 553 0 2 0 88 133 68 731 2 0 2 0 169 724 126 2 1 2 0 0 
0 0 0 384 640 0 0 0 0 0 0 1024 0 0 0 0 0 1024 0 0 0 0 0 0 
0 0 0 0 1024 0 0 0 0 0 0 1024 0 0 0 0 0 880 144 0 0 0 0 0 
53 74 23 30 844 0 0 0 68 68 27 857 4 0 0 0 118 469 436 1 0 0 0 0 
42 136 91 41 714 0 0 0 70 116 92 746 0 0 0 0 129 137 740 18 0 0 0 0 
3 93 64 121 743 0 0 0 24 101 111 779 9 0 0 0 92 142 790 0 0 0 0 0 
30 110 57 129 698 0 0 0 75 109 117 704 19 0 0 0 160 144 719 1 0 0 0 0 
0 2 5 8 974 35 0 0 2 4 4 963 51 0 0 0 7 8 991 18 0 0 0 0 
0 0 0 0 1024 0 0 0 0 0 0 1024 0 0 0 0 0 0 1024 0 0 0 0 0 
0 0 0 29 995 0 0 0 0 0 22 1002 0 0 0 0 1 66 957 0 0 0 0 0 
0 0 0 118 793 113 0 0 0 0 80 724 220 0 0 0 0 174 850 0 0 0 0 0 
161 42 44 104 616 36 17 4 183 63 102 613 43 16 3 1 246 180 549 38 7 3 1 0 
148 158 312 255 115 23 13 0 197 490 229 67 22 19 0 0 546 341 79 34 20 4 0 0 
385 143 163 326 7 0 0 0 440 504 80 0 0 0 0 0 663 361 0 0 0 0 0 0 
541 30 34 109 204 45 29 32 561 107 66 238 6 8 8 30 630 276 61 7 7 8 10 25 
34 87 103 196 604 0 0 0 43 128 199 654 0 0 0 0 140 822 62 0 0 0 0 0 
0 0 0 0 1024 0 0 0 0 0 0 1024 0 0 0 0 0 32 992 0 0 0 0 0 
41 18 5 13 947 0 0 0 31 31 12 713 237 0 0 0 47 32 945 0 0 0 0 0 
11 44 73 72 761 63 0 0 0 67 103 448 403 3 0 0 19 124 696 182 3 0 0 0 
1 52 65 114 530 232 30 0 4 69 113 348 387 84 19 0 37 143 582 156 79 27 0 0 
16 255 151 252 168 182 0 0 123 270 243 173 214 1 0 0 323 267 214 218 2 0 0 0 
2 37 61 236 367 321 0 0 17 63 438 159 341 6 0 0 57 499 196 268 4 0 0 0 
0 0 0 4 813 207 0 0 0 0 269 508 247 0 0 0 0 614 304 106 0 0 0 0 
0 0 0 57 714 205 48 0 0 0 453 296 164 109 2 0 0 511 270 114 129 0 0 0 
0 19 34 222 525 164 59 1 1 27 415 195 308 63 15 0 12 431 414 85 58 22 2 0 
0 0 6 9 521 246 168 74 0 5 6 292 359 194 134 34 1 19 230 358 175 141 95 5 
0 36 148 258 232 221 99 30 12 257 203 91 228 151 60 22 171 279 47 223 176 79 48 1 
126 69 623 199 7 0 0 0 149 796 60 17 2 0 0 0 645 352 13 14 0 0 0 0 
64 81 227 119 190 93 151 99 87 276 27 176 130 83 145 100 264 120 83 182 85 89 140 61 
0 37 168 180 380 158 94 7 24 123 159 438 34 147 98 1 80 371 274 28 37 187 41 6 
0 0 0 0 639 351 34 0 0 0 0 129 816 63 16 0 0 0 216 559 213 34 2 0 
0 0 0 0 686 316 22 0 0 0 0 80 867 66 11 0 0 0 99 781 126 16 2 0 
0 0 0 0 900 124 0 0 0 0 0 110 908 6 0 0 0 0 172 847 5 0 0 0 
0 0 0 0 726 267 31 0 0 0 0 72 858 82 12 0 0 0 177 743 85 19 0 0 
0 0 0 0 577 447 0 0 0 0 0 16 1008 0 0 0 0 0 277 747 0 0 0 0 
0 0 0 0 359 665 0 0 0 0 0 40 984 0 0 0 0 0 351 673 0 0 0 0 
0 0 0 0 336 688 0 0 0 0 0 113 911 0 0 0 0 0 673 351 0 0 0 0 
0 0 0 7 471 546 0 0 0 0 28 223 773 0 0 0 0 40 859 125 0 0 0 0 
0 20 48 98 410 448 0 0 2 34 251 124 611 2 0 0 11 253 168 589 3 0 0 0 
0 0 0 0 689 335 0 0 0 0 0 486 538 0 0 0 0 0 230 789 5 0 0 0 
0 0 20 71 635 297 1 0 0 1 38 399 576 10 0 0 0 6 198 769 48 3 0 0 
0 5 156 131 609 123 0 0 3 225 40 418 335 3 0 0 172 88 134 624 6 0 0 0 
6 34 119 255 444 121 43 2 8 110 118 464 199 101 23 1 21 176 190 437 127 61 12 0 
1 56 66 245 338 248 70 0 9 66 120 423 103 217 86 0 49 217 255 136 149 168 50 0 
0 0 0 0 9 1015 0 0 0 0 0 0 940 84 0 0 0 0 0 216 808 0 0 0 
0 0 0 0 19 1005 0 0 0 0 0 0 1022 2 0 0 0 0 0 402 622 0 0 0 
0 0 0 0 0 1024 0 0 0 0 0 0 1002 22 0 0 0 0 0 321 703 0 0 0 
0 0 0 0 16 1008 0 0 0 0 0 0 880 144 0 0 0 0 0 304 720 0 0 0 
0 0 0 0 0 1024 0 0 0 0 0 0 769 255 0 0 0 0 0 258 766 0 0 0 
0 0 0 0 0 1024 0 0 0 0 0 0 844 180 0 0 0 0 0 256 768 0 0 0 
0 0 0 1 30 993 0 0 0 0 0 3 976 45 0 0 0 0 3 317 704 0 0 0 
0 0 0 2 106 916 0 0 0 0 3 47 974 0 0 0 0 4 43 550 427 0 0 0 
0 0 2 293 200 438 91 0 0 24 270 166 462 102 0 0 30 255 160 431 148 0 0 0 
2 17 82 190 210 515 8 0 2 127 146 141 526 82 0 0 32 238 80 539 135 0 0 0 
0 0 0 0 394 630 0 0 0 0 0 154 864 6 0 0 0 0 4 997 23 0 0 0 
0 0 58 85 618 263 0 0 0 3 92 386 543 0 0 0 0 5 108 902 9 0 0 0 
0 0 0 72 951 1 0 0 0 0 4 831 189 0 0 0 0 0 97 927 0 0 0 0 
0 0 16 361 612 32 3 0 0 2 53 698 253 17 1 0 0 49 334 586 49 6 0 0 
0 0 0 0 0 1024 0 0 0 0 0 0 263 761 0 0 0 0 0 0 1024 0 0 0 
0 0 0 0 0 1024 0 0 0 0 0 0 360 664 0 0 0 0 0 0 1024 0 0 0 
0 0 0 0 0 1024 0 0 0 0 0 0 218 806 0 0 0 0 0 0 1024 0 0 0 
0 0 0 0 0 1024 0 0 0 0 0 0 19 1005 0 0 0 0 0 0 1024 0 0 0 
0 0 0 0 0 1024 0 0 0 0 0 0 0 1024 0 0 0 0 0 0 1024 0 0 0 
6 30 16 16 21 935 0 0 12 25 15 19 87 866 0 0 26 19 15 17 932 15 0 0 
16 143 149 157 157 399 3 0 21 209 178 156 277 183 0 0 160 201 171 162 328 2 0 0 
28 132 199 285 235 136 9 0 25 181 303 287 197 31 0 0 90 337 312 206 79 0 0 0 
34 78 428 274 123 84 3 0 24 594 169 52 153 32 0 0 428 349 51 103 93 0 0 0 
38 81 178 72 27 622 6 0 37 180 86 65 546 110 0 0 138 165 64 423 232 2 0 0 
0 0 0 0 367 657 0 0 0 0 0 60 964 0 0 0 0 0 0 1002 22 0 0 0 
0 0 0 113 875 36 0 0 0 0 0 730 294 0 0 0 0 0 160 864 0 0 0 0 
0 0 17 397 609 1 0 0 0 0 70 686 268 0 0 0 0 10 462 552 0 0 0 0 
0 0 0 254 770 0 0 0 0 0 0 608 416 0 0 0 0 0 148 876 0 0 0 0 
0 0 0 0 7 1017 0 0 0 0 0 0 363 661 0 0 0 0 0 0 956 68 0 0 
0 0 0 0 0 1024 0 0 0 0 0 0 11 1013 0 0 0 0 0 0 904 120 0 0 
0 0 0 0 0 1024 0 0 0 0 0 0 0 1024 0 0 0 0 0 0 950 74 0 0 
0 0 0 0 0 1024 0 0 0 0 0 0 9 1015 0 0 0 0 0 0 990 34 0 0 
0 5 6 2 9 994 8 0 2 3 6 4 13 992 4 0 4 4 5 8 919 83 1 0 
3 57 28 27 107 446 356 0 2 57 28 50 216 665 6 0 43 35 40 715 164 27 0 0 
20 138 90 62 57 478 179 0 14 155 86 78 375 316 0 0 83 149 115 617 60 0 0 0 
13 371 327 210 89 11 3 0 72 480 293 103 65 10 1 0 326 484 148 51 13 2 0 0 
70 267 295 160 51 93 88 0 40 472 180 86 68 76 69 33 270 402 112 46 69 52 58 15 
0 36 5 6 78 866 33 0 2 34 7 6 781 194 0 0 8 30 9 504 468 5 0 0 
0 0 0 30 811 183 0 0 0 0 0 235 789 0 0 0 0 0 10 1012 2 0 0 0 
0 0 63 506 455 0 0 0 0 6 225 760 33 0 0 0 0 100 485 439 0 0 0 0 
6 44 305 456 198 15 0 0 4 234 408 208 170 0 0 0 71 462 206 263 22 0 0 0 
8 50 107 115 744 0 0 0 7 123 42 422 430 0 0 0 57 85 49 809 24 0 0 0 
