0 596 366 62 0 0 0 0 2 797 187 38 0 0 0 0 26 868 130 0 0 0 0 0 
51 591 268 76 38 0 0 0 73 629 234 63 25 0 0 0 134 654 169 60 7 0 0 0 
145 321 51 277 230 0 0 0 161 307 73 315 168 0 0 0 221 262 124 406 11 0 0 0 
26 375 181 351 91 0 0 0 52 364 257 328 23 0 0 0 110 358 344 210 2 0 0 0 
26 432 76 155 302 33 0 0 39 436 77 138 312 22 0 0 146 360 120 297 99 2 0 0 
9 287 94 159 435 40 0 0 13 314 114 184 383 16 0 0 46 309 139 397 126 7 0 0 
20 626 132 169 38 34 2 3 22 655 114 166 31 33 0 3 129 550 137 157 39 7 2 3 
14 223 108 66 415 187 11 0 23 251 74 120 395 157 4 0 57 273 38 424 179 51 2 0 
1 372 352 192 103 4 0 0 2 525 255 191 50 1 0 0 27 624 213 151 9 0 0 0 
1 506 439 8 8 55 7 0 2 667 278 8 9 57 3 0 6 831 113 8 23 43 0 0 
1 96 247 108 355 191 26 0 8 144 231 126 319 188 8 0 11 222 180 361 149 101 0 0 
0 110 613 299 2 0 0 0 4 130 664 226 0 0 0 0 15 303 653 53 0 0 0 0 
2 58 394 560 10 0 0 0 2 78 456 484 4 0 0 0 17 122 616 269 0 0 0 0 
1 48 186 288 197 197 107 0 3 88 219 275 142 268 29 0 17 117 286 274 131 199 0 0 
0 53 91 791 89 0 0 0 0 71 84 836 33 0 0 0 7 95 149 767 6 0 0 0 
0 71 110 797 46 0 0 0 1 75 141 789 18 0 0 0 17 80 353 574 0 0 0 0 
1 36 242 384 46 251 63 1 2 45 320 300 47 283 26 1 4 113 433 142 60 270 2 0 
1 38 211 773 1 0 0 0 1 35 196 792 0 0 0 0 3 45 619 357 0 0 0 0 
0 98 605 321 0 0 0 0 0 91 581 352 0 0 0 0 0 147 746 131 0 0 0 0 
3 306 715 0 0 0 0 0 5 369 650 0 0 0 0 0 52 666 306 0 0 0 0 0 
15 786 223 0 0 0 0 0 30 829 165 0 0 0 0 0 109 878 37 0 0 0 0 0 
32 917 75 0 0 0 0 0 72 898 54 0 0 0 0 0 265 744 15 0 0 0 0 0 
134 247 485 112 46 0 0 0 189 322 433 67 13 0 0 0 281 361 312 69 1 0 0 0 
0 16 143 780 85 0 0 0 0 21 714 269 20 0 0 0 13 42 848 118 3 0 0 0 
1 236 164 565 50 8 0 0 9 246 647 68 49 5 0 0 34 267 644 40 38 1 0 0 
0 19 38 666 283 18 0 0 4 23 120 737 140 0 0 0 15 29 643 305 32 0 0 0 
0 178 294 506 40 4 2 0 1 240 317 422 38 5 1 0 22 395 550 40 11 5 1 0 
0 40 69 588 189 130 8 0 2 68 112 637 118 87 0 0 22 79 501 272 139 11 0 0 
0 31 470 440 78 5 0 0 0 96 491 391 46 0 0 0 3 220 618 164 19 0 0 0 
1 42 324 400 107 122 28 0 10 62 409 356 57 126 4 0 21 132 524 188 103 56 0 0 
3 17 63 385 470 78 8 0 3 32 102 586 254 47 0 0 14 54 250 582 111 13 0 0 
3 30 61 389 477 64 0 0 4 33 63 449 433 42 0 0 24 38 134 563 263 2 0 0 
0 15 40 178 369 270 151 1 0 22 73 272 327 317 13 0 12 31 158 370 254 198 1 0 
2 28 47 177 453 311 6 0 5 34 46 221 497 216 5 0 21 40 92 356 503 12 0 0 
3 78 145 329 429 39 1 0 13 98 151 346 393 23 0 0 44 120 207 467 184 2 0 0 
0 34 96 281 269 179 163 2 0 44 161 249 270 274 26 0 3 71 237 293 208 209 3 0 
1 79 142 429 373 0 0 0 2 90 200 461 271 0 0 0 8 120 242 573 81 0 0 0 
1 178 356 392 44 50 3 0 3 216 387 329 38 49 2 0 47 252 519 142 45 19 0 0 
0 107 917 0 0 0 0 0 0 115 909 0 0 0 0 0 5 142 877 0 0 0 0 0 
0 21 994 9 0 0 0 0 0 27 993 4 0 0 0 0 3 49 972 0 0 0 0 0 
0 598 372 54 0 0 0 0 0 665 341 18 0 0 0 0 27 668 328 1 0 0 0 0 
2 33 495 465 29 0 0 0 2 71 730 205 16 0 0 0 17 354 617 36 0 0 0 0 
0 9 292 651 65 7 0 0 0 46 664 258 56 0 0 0 7 210 731 63 13 0 0 0 
1 42 165 589 184 42 1 0 7 82 451 330 137 17 0 0 34 130 617 192 50 1 0 0 
9 62 108 313 158 371 3 0 22 87 145 275 326 169 0 0 60 102 312 143 395 12 0 0 
0 101 284 313 94 206 26 0 4 191 235 285 172 132 5 0 24 304 360 72 225 38 1 0 
0 21 160 389 55 352 46 1 1 68 149 371 102 323 10 0 14 134 401 61 341 72 1 0 
1 52 350 411 53 82 74 1 1 90 333 417 39 108 36 0 8 261 520 66 60 102 7 0 
0 3 65 581 145 156 71 3 0 11 197 560 74 156 26 0 1 27 493 267 148 83 5 0 
0 3 51 331 446 80 109 4 0 4 79 718 42 104 77 0 0 11 219 594 72 119 9 0 
0 0 15 258 491 202 58 0 0 2 25 649 175 151 22 0 0 11 76 648 219 70 0 0 
0 1 9 84 638 134 146 12 0 4 10 447 300 167 96 0 0 8 45 671 111 167 22 0 
0 1 6 60 727 169 61 0 0 3 11 686 171 114 39 0 0 7 28 738 180 71 0 0 
0 0 0 84 793 75 61 11 0 0 6 707 215 44 52 0 0 0 58 800 87 64 15 0 
0 0 0 73 873 27 51 0 0 0 0 366 591 32 35 0 0 0 18 909 42 55 0 0 
0 3 25 493 436 30 37 0 0 4 26 850 77 42 25 0 0 5 59 869 32 58 1 0 
0 21 29 671 284 12 7 0 0 24 30 801 151 15 3 0 6 29 77 883 13 16 0 0 
0 0 1024 0 0 0 0 0 0 0 1024 0 0 0 0 0 0 0 1024 0 0 0 0 0 
0 0 1024 0 0 0 0 0 0 0 1024 0 0 0 0 0 0 0 1024 0 0 0 0 0 
0 571 450 3 0 0 0 0 0 621 403 0 0 0 0 0 45 617 362 0 0 0 0 0 
0 2 318 704 0 0 0 0 0 12 724 288 0 0 0 0 0 109 915 0 0 0 0 0 
0 0 0 1024 0 0 0 0 0 0 80 944 0 0 0 0 0 0 1022 2 0 0 0 0 
0 4 98 917 5 0 0 0 0 16 173 835 0 0 0 0 4 81 902 37 0 0 0 0 
4 11 169 750 78 12 0 0 6 26 387 552 50 3 0 0 15 143 740 115 11 0 0 0 
29 139 520 88 64 152 32 0 61 457 218 58 96 129 5 0 106 548 112 73 137 48 0 0 
11 50 284 226 205 211 36 1 19 141 243 313 146 154 8 0 46 266 276 180 215 40 1 0 
0 19 281 145 255 255 66 3 0 67 308 224 183 219 22 1 15 232 191 274 235 73 4 0 
0 14 326 191 178 203 94 18 2 57 373 162 145 219 61 5 9 278 228 185 176 122 26 0 
0 0 112 594 175 95 43 5 0 10 269 502 137 76 27 3 0 41 532 300 100 43 8 0 
0 0 29 165 309 374 125 22 0 3 72 213 392 245 98 1 0 23 121 304 410 141 25 0 
0 0 32 89 271 412 153 67 0 0 52 123 318 379 138 14 0 14 83 196 460 183 87 1 
0 1 27 78 169 604 143 2 0 7 51 65 404 432 65 0 1 20 74 123 624 178 4 0 
0 2 40 122 414 254 120 72 0 7 58 199 461 144 136 19 0 34 104 354 321 120 90 1 
0 8 51 275 631 38 13 8 0 14 79 398 506 12 15 0 0 45 166 713 79 16 5 0 
0 2 61 200 546 66 103 46 0 8 84 232 499 61 105 35 0 31 119 532 185 97 60 0 
4 91 223 216 365 73 42 10 6 121 216 246 326 64 39 6 18 142 241 323 218 53 27 2 
0 0 1024 0 0 0 0 0 0 0 1024 0 0 0 0 0 0 288 736 0 0 0 0 0 
0 0 1024 0 0 0 0 0 0 0 1024 0 0 0 0 0 0 336 688 0 0 0 0 0 
0 495 529 0 0 0 0 0 0 553 471 0 0 0 0 0 16 624 384 0 0 0 0 0 
0 22 704 298 0 0 0 0 0 42 976 6 0 0 0 0 0 290 734 0 0 0 0 0 
0 1 230 793 0 0 0 0 0 69 947 8 0 0 0 0 0 142 882 0 0 0 0 0 
0 3 181 824 16 0 0 0 0 33 845 146 0 0 0 0 0 110 896 18 0 0 0 0 
0 0 161 863 0 0 0 0 0 3 471 550 0 0 0 0 0 89 935 0 0 0 0 0 
0 155 166 565 107 31 0 0 6 229 169 547 67 6 0 0 116 200 494 202 12 0 0 0 
0 1 38 618 329 31 7 0 0 3 204 732 71 14 0 0 0 60 597 335 29 3 0 0 
31 174 265 199 285 34 36 0 66 273 243 232 152 42 16 0 145 313 217 276 34 39 0 0 
82 72 128 78 495 125 39 5 80 117 119 101 504 81 22 0 108 157 93 478 137 47 4 0 
45 54 103 123 452 186 50 11 73 58 133 114 515 101 27 3 92 97 132 483 169 42 9 0 
32 47 23 180 286 387 44 25 44 43 41 213 514 124 34 11 48 46 159 347 349 48 26 1 
0 2 12 25 263 587 103 32 0 3 13 66 515 348 65 14 2 10 27 218 623 109 31 4 
0 0 4 40 120 551 244 65 0 0 13 43 402 355 179 32 0 2 36 109 538 242 87 10 
0 0 6 89 258 517 112 42 0 1 16 153 412 330 87 25 0 8 74 242 511 140 44 5 
0 1 55 187 490 204 42 45 0 11 78 369 413 80 41 32 1 47 152 511 228 41 39 5 
1 54 97 324 353 148 32 15 4 64 107 458 254 104 20 13 12 91 211 445 212 33 16 4 
3 24 174 351 134 62 45 231 9 47 233 307 114 46 46 222 20 135 326 190 58 39 50 206 
2 710 312 0 0 0 0 0 0 691 333 0 0 0 0 0 5 915 104 0 0 0 0 0 
0 246 778 0 0 0 0 0 0 327 697 0 0 0 0 0 5 713 306 0 0 0 0 0 
0 522 502 0 0 0 0 0 0 595 429 0 0 0 0 0 31 842 151 0 0 0 0 0 
0 66 936 22 0 0 0 0 0 109 912 3 0 0 0 0 0 357 667 0 0 0 0 0 
0 96 876 52 0 0 0 0 2 155 867 0 0 0 0 0 5 344 675 0 0 0 0 0 
0 0 860 57 47 60 0 0 0 0 879 45 53 47 0 0 0 332 571 37 68 16 0 0 
0 0 657 367 0 0 0 0 0 0 1016 8 0 0 0 0 0 360 664 0 0 0 0 0 
0 116 501 212 89 104 2 0 0 192 577 92 105 58 0 0 52 315 462 96 97 2 0 0 
0 0 387 532 40 63 2 0 0 5 761 164 62 32 0 0 0 136 785 46 56 1 0 0 
0 14 519 486 5 0 0 0 0 90 661 273 0 0 0 0 8 254 748 14 0 0 0 0 
0 33 220 677 85 9 0 0 8 82 519 395 18 2 0 0 29 179 701 106 9 0 0 0 
299 363 301 24 29 8 0 0 407 526 45 28 17 1 0 0 490 466 37 23 6 2 0 0 
0 154 438 178 132 110 12 0 8 381 276 144 124 89 2 0 7 352 290 163 207 5 0 0 
0 0 4 7 73 733 207 0 0 2 4 22 367 595 34 0 0 4 8 108 718 186 0 0 
0 0 4 14 32 511 404 59 0 2 7 16 72 729 186 12 0 5 12 28 436 472 71 0 
0 4 37 38 67 492 359 27 0 10 40 42 135 663 130 4 3 35 35 64 437 417 32 1 
1 13 94 160 257 219 154 126 1 33 116 222 244 220 62 126 16 85 166 243 204 164 58 88 
0 0 6 57 123 162 207 469 0 3 16 80 110 133 210 472 0 7 39 108 106 158 168 438 
0 0 0 57 25 21 85 836 0 0 0 59 21 25 79 840 0 0 1 47 33 37 90 816 
7 730 135 13 3 5 10 121 13 745 118 9 4 4 13 118 38 779 63 7 4 2 47 84 
1 563 319 11 13 8 16 93 1 639 249 7 13 6 20 89 24 785 80 7 14 12 22 80 
0 601 331 1 0 2 12 77 0 709 223 1 0 2 15 74 42 870 21 0 1 5 25 60 
3 405 374 139 6 19 38 40 0 490 343 88 6 13 36 48 37 539 340 13 24 34 36 1 
0 219 637 23 14 25 58 48 0 458 403 17 10 20 41 75 19 695 163 19 40 61 27 0 
6 496 358 12 16 29 77 30 4 535 319 11 7 16 51 81 25 759 88 26 54 55 17 0 
82 507 255 15 7 33 61 64 80 659 104 12 9 22 56 82 100 718 41 22 42 65 34 2 
271 199 421 13 31 59 25 5 325 373 202 10 43 55 16 0 350 492 62 21 45 43 11 0 
17 165 554 61 56 56 62 53 31 290 442 42 52 50 69 48 60 554 186 47 73 65 32 7 
41 191 466 204 37 35 36 14 20 259 500 126 36 31 37 15 60 466 362 61 40 24 11 0 
88 243 268 191 46 34 42 112 38 292 348 126 37 25 37 121 81 429 249 80 38 64 75 8 
410 360 238 14 2 0 0 0 596 346 70 11 1 0 0 0 570 390 57 6 1 0 0 0 
334 165 367 143 12 3 0 0 168 515 311 24 5 1 0 0 62 528 399 26 6 3 0 0 
130 277 271 172 73 92 9 0 17 444 277 137 57 92 0 0 38 310 398 139 106 33 0 0 
0 0 26 32 31 222 512 201 0 2 28 30 51 329 384 200 0 6 28 41 200 295 254 200 
0 0 34 53 71 140 191 535 0 11 47 46 73 177 145 525 0 26 46 56 103 134 166 493 
0 0 2 30 55 47 110 780 0 0 4 28 63 49 127 753 0 0 5 37 54 58 167 703 
0 0 0 8 28 76 280 632 0 0 0 11 32 90 336 555 0 0 0 8 42 139 318 517 
0 0 0 46 39 75 162 702 0 0 0 56 38 104 149 677 0 0 0 54 40 103 143 684 
0 68 169 34 13 17 127 596 0 93 155 26 11 14 120 605 9 125 116 22 20 85 371 276 
0 92 315 34 16 12 31 524 0 155 272 14 18 14 52 499 41 227 144 37 13 91 188 283 
54 204 352 2 2 8 15 387 77 302 232 2 3 7 21 380 135 310 167 2 8 11 122 269 
0 15 278 245 29 14 23 420 0 28 293 218 33 14 31 407 0 55 343 158 15 18 160 275 
0 4 191 103 18 45 104 559 0 7 235 55 29 16 98 584 3 94 177 43 75 119 250 263 
9 153 237 63 34 54 109 365 0 114 276 71 32 45 119 367 11 74 276 125 98 101 138 201 
64 580 154 38 28 76 59 25 10 514 271 26 22 47 72 62 36 410 310 138 78 45 6 1 
172 214 467 166 5 0 0 0 178 475 347 24 0 0 0 0 194 635 188 7 0 0 0 0 
406 204 326 80 8 0 0 0 457 414 133 19 1 0 0 0 240 719 53 10 2 0 0 0 
814 127 49 33 1 0 0 0 795 146 46 36 1 0 0 0 711 231 51 29 2 0 0 0 
899 92 11 12 9 1 0 0 875 116 12 11 9 1 0 0 224 764 14 13 7 2 0 0 
974 50 0 0 0 0 0 0 770 251 3 0 0 0 0 0 1 940 83 0 0 0 0 0 
892 132 0 0 0 0 0 0 164 860 0 0 0 0 0 0 0 221 792 11 0 0 0 0 
234 637 86 23 8 5 7 24 17 796 119 45 9 5 7 26 0 8 707 204 64 6 6 29 
0 0 0 2 3 2 4 1013 0 0 0 2 3 2 4 1013 0 0 0 2 3 2 4 1013 
0 0 1 32 34 49 79 829 0 0 5 43 23 67 106 780 0 0 8 42 30 53 165 726 
0 0 3 38 43 19 52 869 0 0 9 32 44 21 60 858 0 1 18 28 41 23 94 819 
0 0 0 0 12 45 145 822 0 0 0 0 12 40 123 849 0 0 0 0 12 36 106 870 
0 0 0 23 59 39 50 853 0 0 0 23 59 39 52 851 0 0 0 22 60 39 45 858 
0 41 183 46 21 14 74 645 0 30 181 57 22 13 33 688 2 44 169 51 30 98 344 286 
0 116 366 88 6 15 45 388 0 80 347 140 6 15 32 404 21 141 317 89 18 101 285 52 
1 194 543 11 5 15 33 222 0 257 438 51 5 12 31 230 38 372 335 10 22 69 144 34 
8 268 277 326 28 20 54 43 0 31 500 320 49 18 41 65 1 98 466 329 46 67 17 0 
0 358 398 165 4 4 24 71 0 37 753 131 4 6 37 56 0 116 703 106 2 27 40 30 
2 539 455 20 8 0 0 0 0 385 584 47 8 0 0 0 0 236 612 166 4 6 0 0 
59 474 458 33 0 0 0 0 54 450 460 60 0 0 0 0 11 393 299 321 0 0 0 0 
106 162 586 129 40 1 0 0 106 163 587 127 40 1 0 0 106 162 537 178 40 1 0 0 
798 131 67 25 2 1 0 0 736 205 72 9 1 1 0 0 357 578 77 10 1 1 0 0 
892 97 18 13 4 0 0 0 652 336 16 15 5 0 0 0 211 768 25 15 5 0 0 0 
635 389 0 0 0 0 0 0 327 697 0 0 0 0 0 0 2 747 275 0 0 0 0 0 
796 228 0 0 0 0 0 0 26 998 0 0 0 0 0 0 0 486 538 0 0 0 0 0 
796 223 5 0 0 0 0 0 11 998 15 0 0 0 0 0 0 22 958 44 0 0 0 0 
246 551 20 20 21 61 59 46 0 670 128 23 18 25 60 100 0 0 285 482 38 28 27 164 
0 0 0 5 19 44 54 902 0 0 0 6 24 42 54 898 0 0 0 9 23 44 68 880 
0 0 8 52 34 75 54 801 0 0 12 53 34 72 66 787 0 1 16 55 31 74 88 759 
0 0 14 67 225 114 55 549 0 2 24 124 203 71 74 526 1 1 55 211 119 56 72 509 
0 0 0 1 51 49 79 844 0 0 0 4 50 48 76 846 0 0 0 1 27 68 79 849 
0 0 1 16 95 34 84 794 0 0 1 17 93 36 79 798 0 0 1 25 89 31 101 777 
20 719 270 7 0 5 2 1 0 326 588 99 3 2 3 3 6 369 492 145 4 5 1 2 
2 495 441 86 0 0 0 0 0 144 802 78 0 0 0 0 0 101 794 129 0 0 0 0 
0 564 460 0 0 0 0 0 0 311 712 1 0 0 0 0 0 349 590 85 0 0 0 0 
0 372 280 328 44 0 0 0 0 271 388 317 48 0 0 0 0 49 615 299 61 0 0 0 
0 300 648 76 0 0 0 0 0 329 611 84 0 0 0 0 0 124 750 148 2 0 0 0 
1 222 707 41 40 11 2 0 2 171 766 37 39 8 1 0 4 169 651 157 34 9 0 0 
0 195 595 106 128 0 0 0 19 249 556 80 120 0 0 0 72 242 458 159 93 0 0 0 
3 157 353 363 112 29 7 0 5 244 369 260 125 17 4 0 74 207 348 255 126 13 1 0 
45 209 92 439 99 74 47 19 26 224 143 420 98 68 30 15 2 188 236 369 131 54 31 13 
70 421 26 19 88 72 141 187 6 464 46 38 77 80 134 179 0 198 307 45 76 120 118 160 
326 503 58 16 12 17 20 72 129 642 107 20 9 19 30 68 32 384 427 37 17 14 28 85 
435 283 86 120 61 30 9 0 39 619 72 59 96 78 43 18 0 244 410 61 51 65 105 88 
633 337 23 19 11 1 0 0 9 918 51 14 13 16 3 0 0 10 869 93 15 15 19 3 
42 157 39 50 178 392 54 112 1 133 70 39 126 75 377 203 0 0 32 162 106 74 62 588 
0 0 1 40 445 186 58 294 0 0 2 77 495 112 51 287 0 0 1 50 561 90 64 258 
0 0 7 57 155 118 92 595 0 1 14 79 162 98 110 560 0 1 30 72 128 143 179 471 
0 1 16 93 215 102 69 528 0 1 34 156 176 80 87 490 0 1 62 192 133 76 120 440 
0 0 25 127 69 29 66 708 0 0 30 128 63 29 68 706 0 0 7 98 111 29 62 717 
0 1 12 33 66 54 66 792 0 2 11 35 63 51 64 798 0 1 12 36 70 52 70 783 
4 479 541 0 0 0 0 0 0 257 756 11 0 0 0 0 0 19 432 569 4 0 0 0 
5 188 821 10 0 0 0 0 0 274 715 35 0 0 0 0 0 214 550 238 22 0 0 0 
8 450 503 27 25 10 1 0 30 520 399 56 16 3 0 0 24 563 228 193 15 1 0 0 
9 134 325 179 96 80 199 2 13 206 272 184 80 50 217 2 18 244 235 179 77 33 233 5 
0 37 668 94 167 32 26 0 1 178 554 104 149 11 27 0 2 196 528 134 128 16 20 0 
0 27 394 132 340 104 26 1 2 108 369 161 269 102 13 0 4 212 321 153 186 117 31 0 
0 0 61 330 582 40 11 0 0 0 200 218 590 15 1 0 0 0 226 204 576 18 0 0 
0 2 97 200 442 199 18 66 0 20 149 157 457 160 21 60 0 49 135 145 308 309 18 60 
2 151 84 30 69 276 90 322 2 176 64 25 76 258 102 321 15 180 53 32 100 237 104 303 
2 13 54 127 286 92 104 346 4 28 128 235 130 69 71 359 6 70 171 184 124 54 119 296 
114 103 127 212 176 167 87 38 41 156 67 83 208 163 196 110 8 53 161 46 83 168 181 324 
221 225 95 177 145 138 23 0 20 366 56 73 129 161 150 69 0 50 324 42 52 115 161 280 
512 320 31 32 64 65 0 0 6 765 66 22 25 39 76 25 0 6 678 134 31 19 33 123 
0 0 0 2 74 480 73 395 0 0 0 0 2 25 348 649 0 0 0 0 1 8 39 976 
0 0 0 1 98 46 27 852 0 0 0 1 118 29 24 852 0 0 0 1 121 27 36 839 
0 0 0 17 104 39 36 828 0 0 0 30 97 34 39 824 0 0 0 26 97 38 39 824 
0 0 2 19 32 30 34 907 0 0 3 19 31 31 39 901 0 0 4 24 31 34 48 883 
0 0 0 0 1 6 41 976 0 0 0 0 1 8 47 968 0 0 0 0 3 13 116 892 
0 0 0 1 36 64 58 865 0 0 0 2 49 53 57 863 0 0 0 4 53 49 79 839 
42 637 339 2 3 1 0 0 44 715 259 2 3 1 0 0 42 693 253 32 3 1 0 0 
5 255 641 73 42 8 0 0 6 342 563 68 40 5 0 0 9 436 478 63 35 3 0 0 
0 52 568 321 64 18 1 0 1 115 554 310 35 9 0 0 35 114 607 228 33 7 0 0 
2 37 535 83 28 176 162 1 14 58 505 81 27 66 272 1 4 57 464 127 28 15 321 8 
0 0 913 91 6 3 10 1 0 0 935 69 6 3 10 1 0 0 821 183 5 2 12 1 
0 0 367 347 150 40 12 108 0 49 527 265 46 20 11 106 1 222 399 224 39 23 11 105 
0 0 91 243 69 24 26 571 0 0 136 223 45 26 25 569 0 0 154 226 25 29 23 567 
0 9 221 486 110 40 11 147 0 53 427 269 99 20 10 146 0 117 358 306 76 14 9 144 
1 92 136 42 45 24 53 631 0 130 113 56 23 18 53 631 0 155 88 62 18 16 99 586 
9 73 135 156 68 50 116 417 11 83 242 84 53 43 68 440 9 144 223 61 61 40 81 405 
94 453 110 227 79 50 6 5 26 461 97 74 200 105 50 11 0 153 358 71 56 131 169 86 
522 437 32 20 11 2 0 0 78 854 39 15 22 13 3 0 0 88 825 46 17 18 18 12 
239 459 32 31 121 122 20 0 9 609 88 19 24 51 145 79 0 2 533 150 31 25 43 240 
0 0 0 0 74 372 110 468 0 0 0 0 8 35 322 659 0 0 0 0 5 23 33 963 
0 0 0 0 7 77 94 846 0 0 0 0 8 103 67 846 0 0 0 0 10 109 68 837 
0 0 0 3 41 87 27 866 0 0 0 3 43 85 28 865 0 0 0 0 20 91 42 871 
0 0 0 3 75 67 16 863 0 0 0 3 84 60 16 861 0 0 0 0 33 103 18 870 
0 0 0 0 28 20 14 962 0 0 0 0 29 18 15 962 0 0 0 3 21 23 14 963 
0 0 0 2 30 55 49 888 0 0 0 3 37 54 54 876 0 0 0 8 59 43 153 761 
2 874 148 0 0 0 0 0 2 886 136 0 0 0 0 0 0 800 224 0 0 0 0 0 
0 626 398 0 0 0 0 0 0 626 398 0 0 0 0 0 0 626 398 0 0 0 0 0 
272 159 593 0 0 0 0 0 272 159 593 0 0 0 0 0 272 159 593 0 0 0 0 0 
286 53 677 8 0 0 0 0 289 51 679 5 0 0 0 0 271 64 678 11 0 0 0 0 
5 7 504 284 82 84 29 29 5 9 557 248 90 67 21 27 4 9 412 381 105 66 19 28 
0 1 74 324 106 82 43 394 0 42 236 197 79 59 20 391 1 62 179 253 80 43 20 386 
0 0 5 94 30 10 7 878 0 0 5 94 30 10 7 878 0 0 5 94 30 10 7 878 
0 0 30 358 74 15 6 541 0 0 75 359 33 10 8 539 0 0 97 343 27 10 7 540 
0 0 14 190 98 5 7 710 0 0 19 248 35 6 7 709 0 0 33 210 59 7 53 662 
0 0 1 144 277 86 125 391 0 0 41 189 213 96 111 374 0 2 59 154 241 109 101 358 
261 237 101 52 54 56 42 221 210 293 106 54 63 45 56 197 89 324 180 76 66 47 81 161 
541 380 71 32 0 0 0 0 425 465 64 32 31 7 0 0 20 548 338 46 28 26 16 2 
460 247 34 75 103 65 40 0 339 331 45 28 36 145 43 57 0 123 425 165 19 31 84 177 
0 0 4 47 218 156 91 508 0 0 0 4 27 257 169 567 0 0 0 0 0 9 115 900 
0 0 0 0 0 0 0 1024 0 0 0 0 0 0 0 1024 0 0 0 0 0 0 0 1024 
0 0 0 0 4 15 20 985 0 0 0 0 4 15 20 985 0 0 0 0 4 15 20 985 
0 0 0 3 14 27 21 959 0 0 0 3 14 27 21 959 0 0 0 3 14 27 21 959 
0 0 2 39 90 51 36 806 0 0 2 40 90 50 38 804 0 0 1 32 91 56 37 807 
0 0 13 18 38 40 123 792 0 1 14 17 39 47 145 761 0 2 14 25 47 56 164 716 
0 927 97 0 0 0 0 0 0 942 82 0 0 0 0 0 0 853 171 0 0 0 0 0 
0 427 555 35 7 0 0 0 0 433 550 34 7 0 0 0 0 384 581 49 9 1 0 0 
55 296 588 56 13 7 5 4 58 365 536 41 11 6 4 3 51 293 583 77 8 5 4 3 
51 40 469 58 28 36 58 284 51 44 480 44 30 35 58 282 44 53 402 129 31 37 64 264 
0 0 32 44 17 21 34 876 0 0 49 31 16 24 33 871 0 0 44 34 16 23 35 872 
0 0 0 0 0 0 0 1024 0 0 0 0 0 0 0 1024 0 0 0 0 0 0 0 1024 
0 0 0 0 0 0 0 1024 0 0 0 0 0 0 0 1024 0 0 0 0 0 0 0 1024 
0 0 0 7 22 1 10 984 0 0 0 18 12 1 10 983 0 0 0 16 13 2 10 983 
0 0 0 28 119 23 30 824 0 0 1 117 35 25 31 815 0 0 2 126 28 22 31 815 
0 1 3 52 392 70 98 408 1 1 4 214 247 74 88 395 1 1 6 208 254 85 90 379 
53 76 310 262 80 56 58 129 37 83 169 276 211 68 71 109 22 48 125 139 191 280 144 75 
344 110 82 392 95 1 0 0 244 191 41 75 372 99 2 0 0 301 119 39 48 74 389 54 
610 115 148 133 18 0 0 0 554 141 46 88 158 37 0 0 0 575 102 43 43 104 124 33 
0 1 8 252 240 261 55 207 0 0 0 4 176 463 161 220 0 0 0 0 132 51 299 542 
0 0 0 3 88 236 26 671 0 0 0 3 130 205 20 666 0 0 0 1 245 90 23 665 
0 0 0 0 10 5 4 1005 0 0 0 0 10 5 4 1005 0 0 0 0 10 5 4 1005 
0 0 0 0 0 0 4 1020 0 0 0 0 0 0 4 1020 0 0 0 0 0 0 4 1020 
0 0 0 0 0 0 4 1020 0 0 0 0 0 0 4 1020 0 0 0 0 0 0 4 1020 
0 0 0 3 32 13 19 957 0 0 0 3 32 13 19 957 0 0 0 3 32 13 19 957 
