0 0 30 745 249 0 0 0 0 0 308 716 0 0 0 0 0 289 735 0 0 0 0 0 
0 0 0 533 491 0 0 0 0 0 141 826 57 0 0 0 0 150 874 0 0 0 0 0 
0 0 0 218 806 0 0 0 0 0 34 759 231 0 0 0 0 103 921 0 0 0 0 0 
0 0 0 30 994 0 0 0 0 0 0 813 211 0 0 0 0 17 1007 0 0 0 0 0 
0 0 0 0 1018 6 0 0 0 0 0 794 230 0 0 0 0 9 1015 0 0 0 0 0 
0 0 0 0 901 123 0 0 0 0 0 878 146 0 0 0 0 43 981 0 0 0 0 0 
0 0 0 0 370 654 0 0 0 0 0 760 264 0 0 0 0 91 933 0 0 0 0 0 
0 0 0 0 111 898 15 0 0 0 0 666 358 0 0 0 0 161 863 0 0 0 0 0 
0 0 0 0 58 725 241 0 0 0 10 386 628 0 0 0 0 217 807 0 0 0 0 0 
0 0 0 41 209 385 389 0 0 1 193 232 590 8 0 0 0 404 603 17 0 0 0 0 
0 0 0 54 379 368 223 0 0 0 211 328 481 4 0 0 2 367 460 178 17 0 0 0 
0 0 5 81 369 535 34 0 0 1 160 318 456 89 0 0 0 244 261 261 258 0 0 0 
0 0 47 98 244 568 65 2 0 7 144 210 316 342 5 0 3 119 193 154 546 9 0 0 
0 1 394 403 180 46 0 0 0 17 723 275 5 4 0 0 0 358 649 13 4 0 0 0 
0 0 37 98 458 396 35 0 0 21 456 102 69 376 0 0 2 434 126 52 345 65 0 0 
0 0 23 29 193 597 141 41 0 4 48 272 83 548 52 17 0 144 175 56 276 336 37 0 
0 0 122 79 202 461 152 8 0 4 180 216 81 513 30 0 0 155 223 45 168 430 3 0 
0 0 90 179 259 398 95 3 0 4 242 236 104 421 17 0 0 159 279 75 186 324 1 0 
0 1 157 97 554 140 54 21 0 0 265 557 59 110 25 8 0 208 592 50 75 82 17 0 
0 1 186 171 265 358 43 0 0 0 225 226 180 371 22 0 0 76 288 132 246 277 5 0 
0 0 0 79 945 0 0 0 0 0 24 105 895 0 0 0 0 0 98 68 858 0 0 0 
0 0 0 33 686 305 0 0 0 0 0 147 877 0 0 0 0 0 124 36 864 0 0 0 
0 0 0 23 208 793 0 0 0 0 0 165 846 13 0 0 0 0 146 30 848 0 0 0 
0 0 0 13 190 821 0 0 0 0 1 191 612 220 0 0 0 0 186 16 822 0 0 0 
0 0 0 0 229 795 0 0 0 0 0 226 36 762 0 0 0 0 208 23 786 7 0 0 
0 0 0 0 264 760 0 0 0 0 0 258 32 734 0 0 0 1 251 12 678 82 0 0 
0 0 0 2 295 726 1 0 0 0 1 295 19 709 0 0 0 2 283 19 666 54 0 0 
0 0 0 30 519 475 0 0 0 0 35 301 418 270 0 0 0 7 309 36 622 50 0 0 
0 0 8 138 359 324 193 2 0 0 162 173 454 232 3 0 1 121 174 343 192 193 0 0 
0 0 5 104 273 605 17 20 0 3 100 226 655 17 14 9 1 81 219 661 38 18 6 0 
0 0 23 26 95 798 39 43 0 9 35 157 709 64 30 20 3 87 150 543 192 35 14 0 
0 0 57 83 126 636 77 45 0 42 90 192 466 185 29 20 3 156 233 208 377 33 14 0 
0 0 222 311 88 353 30 20 0 18 452 241 165 129 10 9 1 312 449 93 146 14 9 0 
0 0 449 322 230 23 0 0 0 0 508 459 57 0 0 0 0 158 730 128 8 0 0 0 
0 26 170 204 542 80 2 0 0 19 657 332 11 5 0 0 0 702 297 19 6 0 0 0 
0 9 194 76 156 472 117 0 0 15 259 512 32 198 8 0 0 386 387 32 48 168 3 0 
0 3 43 61 221 409 271 16 0 10 73 220 119 555 37 10 0 66 161 99 156 518 24 0 
0 0 37 89 134 248 513 3 0 1 67 175 93 448 240 0 0 62 116 88 107 598 53 0 
0 0 6 32 125 221 637 3 0 0 12 139 54 620 197 2 0 7 103 56 62 756 40 0 
0 0 101 83 92 529 219 0 0 0 115 73 94 590 152 0 0 7 120 81 108 645 63 0 
0 0 0 0 268 569 27 160 0 0 0 0 401 437 26 160 0 0 0 0 492 318 54 160 
0 0 0 0 0 736 32 256 0 0 0 0 340 396 32 256 0 0 0 0 376 342 50 256 
0 0 0 0 0 738 30 256 0 0 0 0 356 385 27 256 0 0 0 0 384 352 32 256 
0 0 0 4 14 984 7 15 0 0 0 6 504 493 6 15 0 0 0 7 814 184 5 14 
0 0 0 0 0 1024 0 0 0 0 0 0 30 994 0 0 0 0 0 0 1024 0 0 0 
0 0 0 0 0 1024 0 0 0 0 0 0 0 1024 0 0 0 0 0 0 1024 0 0 0 
0 0 0 0 0 1024 0 0 0 0 0 0 0 1024 0 0 0 0 0 0 600 424 0 0 
0 0 0 0 66 958 0 0 0 0 0 0 480 544 0 0 0 0 0 0 880 144 0 0 
0 0 22 54 211 441 215 81 0 29 54 303 304 76 255 3 5 123 279 66 286 263 2 0 
0 0 89 94 202 566 53 20 0 61 126 628 177 13 12 7 24 427 490 52 19 10 2 0 
0 5 136 85 97 669 32 0 0 53 163 568 240 0 0 0 0 408 594 22 0 0 0 0 
0 0 124 88 49 573 181 9 0 30 175 308 500 11 0 0 6 274 670 71 3 0 0 0 
0 0 145 282 73 285 212 27 0 20 381 145 388 90 0 0 6 292 589 133 4 0 0 0 
0 0 258 318 341 85 19 3 0 14 462 321 214 13 0 0 0 129 685 210 0 0 0 0 
0 0 108 68 351 394 98 5 0 9 226 578 210 1 0 0 0 484 466 70 4 0 0 0 
0 0 61 27 19 328 454 135 0 0 80 271 229 285 154 5 0 101 498 57 49 294 25 0 
0 0 18 50 49 110 572 225 0 0 47 47 74 498 284 74 0 23 100 152 63 520 117 49 
0 0 12 25 37 55 586 309 0 0 27 16 55 129 726 71 0 7 81 45 71 457 355 8 
0 0 6 12 16 22 566 402 0 0 14 7 49 293 576 85 0 6 198 95 66 454 178 27 
0 0 8 31 55 113 720 97 0 0 9 36 65 192 691 31 0 0 28 74 76 687 154 5 
0 0 0 0 0 338 62 624 0 0 0 0 0 327 71 626 0 0 0 0 4 244 144 632 
0 0 0 0 0 0 0 1024 0 0 0 0 0 0 0 1024 0 0 0 0 0 0 0 1024 
0 0 0 0 0 0 0 1024 0 0 0 0 0 0 0 1024 0 0 0 0 0 0 0 1024 
0 0 0 0 0 907 29 88 0 0 0 0 223 687 26 88 0 0 0 0 369 550 19 86 
0 0 122 73 235 594 0 0 0 1 182 18 729 94 0 0 0 55 132 17 773 47 0 0 
0 0 178 97 174 575 0 0 0 9 255 14 487 259 0 0 0 121 149 10 744 0 0 0 
0 0 122 87 86 728 1 0 0 13 180 28 285 518 0 0 0 82 126 16 788 12 0 0 
0 0 0 0 68 956 0 0 0 0 0 0 402 622 0 0 0 0 0 0 662 362 0 0 
0 0 11 71 266 357 224 95 0 12 92 279 310 96 210 25 1 144 295 60 278 236 10 0 
0 0 45 64 156 161 218 380 0 11 75 144 329 266 107 92 4 125 461 235 93 33 26 47 
0 0 37 19 189 194 282 303 0 7 44 99 423 229 70 152 0 52 428 232 132 34 68 78 
0 0 0 10 159 98 193 564 0 0 0 114 231 386 168 125 0 18 322 414 132 44 22 72 
0 0 0 2 59 122 280 561 0 0 0 58 39 312 424 191 0 1 133 282 77 220 200 111 
0 0 32 248 436 77 141 90 0 0 142 627 21 38 151 45 0 40 716 66 23 42 132 5 
0 0 31 258 181 245 170 139 0 0 47 490 262 126 22 77 0 105 633 126 69 15 76 0 
0 0 0 124 333 100 39 428 0 0 1 246 284 234 70 189 0 18 348 364 75 24 19 176 
0 0 0 200 429 169 22 204 0 0 0 428 316 133 130 17 0 13 471 413 90 14 19 4 
0 0 0 5 23 8 127 861 0 0 0 27 87 311 218 381 0 13 88 387 170 104 33 229 
0 0 0 442 305 105 13 159 0 0 41 580 204 142 51 6 0 25 593 296 91 9 9 1 
0 0 0 425 217 130 33 219 0 0 4 546 173 160 23 118 0 23 509 277 94 12 79 30 
0 0 0 0 0 239 206 579 0 0 0 0 0 191 244 589 0 0 0 0 0 191 214 619 
0 0 0 0 0 0 0 1024 0 0 0 0 0 0 0 1024 0 0 0 0 0 0 0 1024 
0 0 0 0 0 0 0 1024 0 0 0 0 0 0 0 1024 0 0 0 0 0 0 0 1024 
0 0 0 0 0 788 116 120 0 0 0 0 3 748 153 120 0 0 0 0 35 741 128 120 
0 0 108 66 225 625 0 0 0 1 121 71 448 383 0 0 0 6 130 61 465 362 0 0 
0 0 258 136 370 260 0 0 0 16 281 154 570 3 0 0 0 119 226 126 545 8 0 0 
0 0 77 29 43 875 0 0 0 2 87 27 867 41 0 0 0 24 72 21 900 7 0 0 
0 0 0 0 339 685 0 0 0 0 0 4 828 192 0 0 0 0 0 125 899 0 0 0 
0 0 315 103 584 22 0 0 0 3 394 291 336 0 0 0 0 237 323 221 241 2 0 0 
0 64 528 145 193 94 0 0 0 54 674 296 0 0 0 0 0 467 557 0 0 0 0 0 
0 106 375 186 249 108 0 0 0 85 566 372 1 0 0 0 0 342 671 11 0 0 0 0 
0 63 226 199 221 314 1 0 0 58 290 556 54 65 1 0 0 169 650 113 39 50 3 0 
0 29 161 83 297 393 61 0 0 26 173 539 66 144 76 0 0 132 531 92 56 184 29 0 
0 1 57 268 522 171 5 0 0 3 247 577 105 92 0 0 0 102 652 129 88 53 0 0 
0 2 99 400 523 0 0 0 0 1 360 663 0 0 0 0 0 98 917 9 0 0 0 0 
0 0 12 448 553 11 0 0 0 0 473 551 0 0 0 0 0 106 918 0 0 0 0 0 
0 0 0 377 647 0 0 0 0 0 364 660 0 0 0 0 0 80 944 0 0 0 0 0 
0 0 0 345 629 40 10 0 0 0 351 661 4 8 0 0 0 132 881 5 6 0 0 0 
0 0 0 288 704 27 5 0 0 0 296 696 16 16 0 0 0 115 877 32 0 0 0 0 
0 0 7 219 734 38 16 10 0 0 227 741 19 26 2 9 0 75 896 24 19 3 7 0 
0 0 0 6 74 323 328 293 0 0 49 24 39 220 401 291 0 9 60 26 20 261 357 291 
0 0 0 2 110 20 339 553 0 0 52 59 6 35 254 618 0 2 103 10 4 39 203 663 
0 0 0 12 118 69 313 512 0 0 34 117 10 63 290 510 0 2 143 8 16 69 257 529 
0 0 0 2 109 520 271 122 0 0 11 86 81 428 300 118 0 0 84 23 82 419 298 118 
0 0 144 117 333 396 24 10 0 8 191 79 419 295 21 11 0 38 182 90 399 282 22 11 
0 2 387 180 360 95 0 0 0 50 407 240 327 0 0 0 0 239 278 268 239 0 0 0 
0 0 144 74 407 399 0 0 0 9 166 83 766 0 0 0 0 95 110 174 645 0 0 0 
0 0 2 95 569 358 0 0 0 0 7 199 806 12 0 0 0 3 89 353 579 0 0 0 
0 53 435 55 475 6 0 0 0 42 460 153 366 3 0 0 0 300 208 272 244 0 0 0 
0 281 741 2 0 0 0 0 0 158 858 8 0 0 0 0 0 489 535 0 0 0 0 0 
0 287 729 8 0 0 0 0 0 196 809 19 0 0 0 0 0 542 482 0 0 0 0 0 
0 329 686 9 0 0 0 0 0 208 802 14 0 0 0 0 0 573 451 0 0 0 0 0 
0 239 740 45 0 0 0 0 0 132 819 73 0 0 0 0 0 571 452 1 0 0 0 0 
0 44 308 474 155 43 0 0 0 18 714 174 111 7 0 0 0 550 275 123 76 0 0 0 
0 210 693 121 0 0 0 0 0 27 964 33 0 0 0 0 0 843 181 0 0 0 0 0 
0 22 843 159 0 0 0 0 0 22 876 126 0 0 0 0 0 584 440 0 0 0 0 0 
0 20 817 187 0 0 0 0 0 24 922 78 0 0 0 0 0 552 472 0 0 0 0 0 
0 4 856 164 0 0 0 0 0 0 1024 0 0 0 0 0 0 647 377 0 0 0 0 0 
0 13 763 248 0 0 0 0 0 2 1022 0 0 0 0 0 0 579 445 0 0 0 0 0 
0 29 658 337 0 0 0 0 0 14 1010 0 0 0 0 0 0 565 459 0 0 0 0 0 
0 3 31 91 799 77 20 3 0 7 675 184 58 85 12 3 0 211 626 29 62 81 12 3 
0 0 0 1 1022 1 0 0 0 0 816 208 0 0 0 0 0 295 729 0 0 0 0 0 
0 0 0 0 962 62 0 0 0 0 588 436 0 0 0 0 0 202 822 0 0 0 0 0 
0 0 0 82 420 410 53 59 0 0 214 291 368 71 31 49 0 111 366 50 375 41 34 47 
0 0 0 0 22 1002 0 0 0 0 0 0 1024 0 0 0 0 0 0 22 1002 0 0 0 
0 0 0 29 255 740 0 0 0 0 9 40 975 0 0 0 0 0 30 125 869 0 0 0 
0 0 0 2 833 189 0 0 0 0 1 3 1019 1 0 0 0 0 1 94 929 0 0 0 
0 0 0 11 816 197 0 0 0 0 0 35 988 1 0 0 0 0 0 72 952 0 0 0 
0 23 298 254 326 123 0 0 0 41 483 78 352 70 0 0 0 272 291 114 334 13 0 0 
0 247 689 53 25 10 0 0 0 144 807 37 26 10 0 0 0 572 399 22 25 6 0 0 
0 285 735 4 0 0 0 0 0 165 844 15 0 0 0 0 0 493 529 2 0 0 0 0 
0 291 702 31 0 0 0 0 0 152 834 38 0 0 0 0 0 566 454 4 0 0 0 0 
0 339 685 0 0 0 0 0 0 124 900 0 0 0 0 0 0 670 354 0 0 0 0 0 
0 64 264 696 0 0 0 0 0 31 993 0 0 0 0 0 0 910 114 0 0 0 0 0 
0 386 614 24 0 0 0 0 0 12 1012 0 0 0 0 0 0 754 270 0 0 0 0 0 
0 97 926 1 0 0 0 0 0 43 978 3 0 0 0 0 0 613 411 0 0 0 0 0 
0 67 957 0 0 0 0 0 0 21 1003 0 0 0 0 0 0 620 404 0 0 0 0 0 
0 37 987 0 0 0 0 0 0 0 1024 0 0 0 0 0 0 568 456 0 0 0 0 0 
0 29 995 0 0 0 0 0 0 8 1016 0 0 0 0 0 0 379 645 0 0 0 0 0 
0 62 962 0 0 0 0 0 0 5 1019 0 0 0 0 0 0 690 334 0 0 0 0 0 
0 0 43 81 554 249 79 18 0 6 46 80 487 260 119 26 0 12 44 73 484 218 167 26 
0 0 101 134 736 53 0 0 0 13 541 83 365 22 0 0 0 216 369 61 347 31 0 0 
0 0 6 228 777 13 0 0 0 0 876 148 0 0 0 0 0 403 621 0 0 0 0 0 
0 0 0 291 400 330 3 0 0 0 380 253 364 27 0 0 0 199 390 63 348 24 0 0 
0 0 0 0 105 919 0 0 0 0 0 8 1016 0 0 0 0 0 0 38 986 0 0 0 
0 2 41 72 707 202 0 0 0 5 82 182 755 0 0 0 0 44 142 273 565 0 0 0 
0 1 45 151 643 183 1 0 0 4 159 102 751 7 1 0 0 39 166 249 567 3 0 0 
0 4 91 122 680 125 1 1 0 12 129 132 748 1 2 0 0 85 117 166 654 1 1 0 
0 4 133 623 245 19 0 0 0 17 727 72 208 0 0 0 0 237 535 158 94 0 0 0 
0 3 46 888 79 8 0 0 0 9 926 71 18 0 0 0 0 547 439 37 1 0 0 0 
0 27 363 618 16 0 0 0 0 26 893 105 0 0 0 0 0 624 380 20 0 0 0 0 
0 46 736 242 0 0 0 0 0 69 703 248 4 0 0 0 0 553 461 10 0 0 0 0 
0 124 655 224 21 0 0 0 0 30 600 390 4 0 0 0 0 361 626 37 0 0 0 0 
0 2 472 550 0 0 0 0 0 0 995 29 0 0 0 0 0 895 129 0 0 0 0 0 
0 442 480 102 0 0 0 0 0 0 997 27 0 0 0 0 0 716 308 0 0 0 0 0 
0 0 413 611 0 0 0 0 0 0 897 127 0 0 0 0 0 302 722 0 0 0 0 0 
0 0 464 560 0 0 0 0 0 0 929 95 0 0 0 0 0 254 770 0 0 0 0 0 
0 31 798 195 0 0 0 0 0 0 978 46 0 0 0 0 0 222 802 0 0 0 0 0 
0 0 876 148 0 0 0 0 0 0 1024 0 0 0 0 0 0 74 950 0 0 0 0 0 
0 0 1024 0 0 0 0 0 0 0 1024 0 0 0 0 0 0 162 862 0 0 0 0 0 
0 22 443 205 326 19 7 2 0 159 403 121 320 13 6 2 0 208 373 105 314 14 7 3 
0 0 15 52 869 88 0 0 0 0 33 48 933 10 0 0 0 0 39 53 896 36 0 0 
0 0 90 454 382 98 0 0 0 2 552 123 336 11 0 0 0 366 260 74 305 19 0 0 
0 0 37 525 284 178 0 0 0 0 579 170 275 0 0 0 0 383 335 74 232 0 0 0 
0 0 0 33 907 84 0 0 0 0 22 72 930 0 0 0 0 10 46 77 891 0 0 0 
0 2 100 438 471 13 0 0 0 13 464 387 160 0 0 0 0 211 599 160 54 0 0 0 
0 16 200 402 391 15 0 0 0 23 424 286 291 0 0 0 0 214 435 316 59 0 0 0 
0 11 190 237 582 4 0 0 0 20 307 172 524 1 0 0 0 183 203 416 222 0 0 0 
0 40 336 300 295 53 0 0 0 30 553 162 235 43 1 0 0 368 274 250 92 38 2 0 
0 66 177 393 74 212 101 1 0 18 609 41 40 132 184 0 0 326 315 34 35 147 167 0 
0 34 130 808 20 19 13 0 0 2 964 23 5 8 21 1 0 696 281 14 3 8 21 1 
0 0 233 776 15 0 0 0 0 2 1000 21 1 0 0 0 0 925 87 12 0 0 0 0 
0 1 457 532 31 3 0 0 0 60 924 33 7 0 0 0 0 925 72 24 3 0 0 0 
0 1 397 609 15 2 0 0 0 32 955 28 9 0 0 0 0 853 141 26 4 0 0 0 
0 305 560 155 3 1 0 0 0 70 913 34 6 1 0 0 0 856 149 17 1 1 0 0 
0 1 670 345 8 0 0 0 0 17 829 173 5 0 0 0 0 254 752 17 1 0 0 0 
0 17 341 649 15 2 0 0 0 27 553 426 16 2 0 0 0 81 916 13 14 0 0 0 
0 154 261 609 0 0 0 0 0 4 605 415 0 0 0 0 0 206 818 0 0 0 0 0 
0 0 32 992 0 0 0 0 0 0 537 487 0 0 0 0 0 0 1024 0 0 0 0 0 
0 0 233 791 0 0 0 0 0 0 857 167 0 0 0 0 0 2 1022 0 0 0 0 0 
0 0 465 367 139 24 9 20 0 0 459 340 167 29 9 20 0 0 499 309 152 35 5 24 
0 0 10 229 605 177 3 0 0 0 84 357 402 177 4 0 0 0 116 321 263 281 43 0 
0 0 135 338 461 90 0 0 0 3 410 178 383 50 0 0 0 246 243 161 295 77 2 0 
0 0 413 346 162 103 0 0 0 2 732 71 219 0 0 0 0 610 166 134 114 0 0 0 
0 0 0 227 628 169 0 0 0 0 113 214 682 15 0 0 0 0 303 228 493 0 0 0 
0 1 226 339 448 10 0 0 0 21 415 307 281 0 0 0 0 153 506 185 180 0 0 0 
0 27 186 659 152 0 0 0 0 20 749 243 12 0 0 0 0 333 649 42 0 0 0 0 
0 27 205 712 73 7 0 0 0 16 830 133 42 3 0 0 0 207 738 48 28 3 0 0 
0 32 481 407 57 47 0 0 0 35 822 83 42 42 0 0 0 523 377 52 28 44 0 0 
0 19 84 181 32 687 21 0 0 2 255 40 16 636 75 0 0 113 168 20 18 470 235 0 
0 31 196 237 256 262 42 0 0 10 392 124 186 204 108 0 0 251 200 101 181 177 114 0 
0 56 207 518 49 194 0 0 0 24 714 48 41 197 0 0 0 521 230 41 41 191 0 0 
0 34 239 652 69 29 1 0 0 15 881 76 26 26 0 0 0 699 226 55 24 20 0 0 
0 0 46 976 2 0 0 0 0 0 1018 5 1 0 0 0 0 996 26 2 0 0 0 0 
0 0 11 1013 0 0 0 0 0 4 1020 0 0 0 0 0 0 986 38 0 0 0 0 0 
0 0 202 808 10 4 0 0 0 5 998 5 12 4 0 0 0 863 141 7 12 1 0 0 
0 20 494 499 11 0 0 0 0 62 935 16 11 0 0 0 0 819 179 15 11 0 0 0 
0 243 633 148 0 0 0 0 0 120 901 3 0 0 0 0 0 800 224 0 0 0 0 0 
0 2 881 116 22 3 0 0 0 42 939 18 22 3 0 0 0 318 677 8 21 0 0 0 
0 11 725 265 21 2 0 0 0 4 917 79 21 3 0 0 0 106 888 7 22 1 0 0 
0 0 467 417 79 59 2 0 0 0 385 516 68 54 1 0 0 1 564 337 65 51 6 0 
0 0 94 26 59 367 336 142 0 1 94 22 29 317 328 233 0 0 77 29 16 135 350 417 
0 0 1 77 278 348 164 156 0 0 31 151 356 156 123 207 0 1 81 286 189 117 93 257 
0 0 0 0 77 947 0 0 0 0 0 7 650 367 0 0 0 0 2 219 744 59 0 0 
0 0 0 0 21 1003 0 0 0 0 0 0 713 311 0 0 0 0 0 127 897 0 0 0 
0 0 58 41 378 547 0 0 0 3 68 85 868 0 0 0 0 45 86 819 74 0 0 0 
0 24 401 243 310 46 0 0 0 29 493 315 187 0 0 0 0 299 439 283 3 0 0 0 
0 18 153 485 363 5 0 0 0 6 585 398 35 0 0 0 0 247 680 80 17 0 0 0 
0 44 185 263 527 5 0 0 0 9 370 541 104 0 0 0 0 221 600 203 0 0 0 0 
0 0 21 265 672 58 8 0 0 0 213 348 432 29 2 0 0 153 242 579 27 22 1 0 
0 0 391 228 217 171 17 0 0 5 571 116 173 158 1 0 0 437 229 34 172 150 2 0 
0 0 376 60 303 285 0 0 0 2 414 24 296 287 1 0 0 307 114 22 270 308 3 0 
0 8 18 139 312 540 6 1 0 6 300 73 115 525 4 1 0 208 143 29 104 532 6 2 
0 94 91 569 71 196 3 0 0 12 702 62 37 211 0 0 0 544 187 55 31 201 6 0 
0 66 204 745 4 5 0 0 0 0 1011 4 4 5 0 0 0 921 93 2 4 4 0 0 
0 10 80 934 0 0 0 0 0 7 1010 7 0 0 0 0 0 968 54 2 0 0 0 0 
0 0 0 1024 0 0 0 0 0 0 1024 0 0 0 0 0 0 1024 0 0 0 0 0 0 
0 0 14 1010 0 0 0 0 0 2 1022 0 0 0 0 0 0 896 128 0 0 0 0 0 
0 0 248 776 0 0 0 0 0 14 1010 0 0 0 0 0 0 821 203 0 0 0 0 0 
0 5 575 435 8 1 0 0 0 11 982 21 9 1 0 0 0 686 310 18 9 1 0 0 
0 24 354 300 240 104 2 0 0 7 347 475 84 100 11 0 0 7 528 284 80 83 41 1 
0 0 81 17 17 94 150 665 0 0 75 23 6 77 123 720 0 0 31 58 9 26 98 802 
0 0 4 15 21 241 169 574 0 0 3 19 20 173 191 618 0 0 1 11 25 100 187 700 
0 0 0 0 14 747 230 33 0 0 0 0 48 581 312 83 0 0 0 0 76 426 353 169 
0 0 0 0 411 609 4 0 0 0 0 9 794 219 2 0 0 0 0 210 631 182 1 0 
0 0 0 2 964 52 6 0 0 0 0 277 737 10 0 0 0 0 38 951 29 6 0 0 
0 14 119 81 806 4 0 0 0 0 139 682 203 0 0 0 0 78 352 593 1 0 0 0 
0 24 391 396 213 0 0 0 0 24 562 434 4 0 0 0 0 284 667 73 0 0 0 0 
0 27 93 516 364 24 0 0 0 12 921 89 2 0 0 0 0 648 372 3 1 0 0 0 
0 0 7 446 423 144 4 0 0 1 789 185 49 0 0 0 0 856 87 80 1 0 0 0 
0 67 301 336 320 0 0 0 0 1 567 444 12 0 0 0 0 267 670 87 0 0 0 0 
0 70 227 315 306 106 0 0 0 1 499 315 122 87 0 0 0 217 551 71 104 81 0 0 
0 26 43 346 461 148 0 0 0 5 405 150 340 124 0 0 0 289 180 114 251 189 1 0 
0 0 29 25 696 274 0 0 0 0 29 22 795 178 0 0 0 13 21 23 296 669 2 0 
0 0 33 133 280 577 1 0 0 1 152 17 250 603 1 0 0 105 53 15 179 658 14 0 
0 0 58 618 30 317 1 0 0 1 665 14 18 324 2 0 0 607 60 14 14 240 89 0 
0 0 10 1007 3 4 0 0 0 1 1014 3 2 4 0 0 0 1000 15 3 2 4 0 0 
0 0 21 1003 0 0 0 0 0 3 1012 9 0 0 0 0 0 1009 15 0 0 0 0 0 
0 6 44 974 0 0 0 0 0 3 1017 4 0 0 0 0 0 975 47 2 0 0 0 0 
0 0 8 1016 0 0 0 0 0 0 1024 0 0 0 0 0 0 830 194 0 0 0 0 0 
0 0 618 290 98 18 0 0 0 0 658 299 48 19 0 0 0 21 788 145 50 17 3 0 
0 0 21 22 15 22 68 876 0 0 29 15 15 20 55 890 0 0 0 24 19 16 41 924 
0 0 0 10 13 23 32 946 0 0 0 8 16 22 26 952 0 0 0 1 21 19 20 963 
0 0 0 0 24 75 359 566 0 0 0 0 11 60 272 681 0 0 0 0 3 44 181 796 
0 0 0 0 366 587 71 0 0 0 0 5 462 417 140 0 0 0 0 33 444 346 201 0 
0 0 0 9 984 26 5 0 0 0 0 542 466 14 2 0 0 0 49 905 61 8 1 0 
0 0 0 17 986 18 3 0 0 0 0 963 53 8 0 0 0 0 655 353 13 3 0 0 
0 0 77 207 740 0 0 0 0 6 111 903 4 0 0 0 0 60 861 103 0 0 0 0 
0 66 223 581 87 64 3 0 0 11 680 267 61 5 0 0 0 251 694 69 7 3 0 0 
0 64 247 506 127 80 0 0 0 15 645 283 81 0 0 0 0 259 659 99 7 0 0 0 
0 98 87 359 475 5 0 0 0 3 463 558 0 0 0 0 0 220 798 6 0 0 0 0 
0 0 0 266 709 49 0 0 0 0 353 668 3 0 0 0 0 209 746 69 0 0 0 0 
0 13 60 703 216 27 5 0 0 4 822 143 22 33 0 0 0 490 459 21 16 38 0 0 
0 4 43 254 432 291 0 0 0 0 255 61 402 306 0 0 0 21 282 15 270 433 3 0 
0 115 90 36 149 634 0 0 0 3 193 42 134 652 0 0 0 52 154 36 40 742 0 0 
0 215 425 82 78 224 0 0 0 171 506 47 40 260 0 0 0 456 237 31 26 255 19 0 
0 131 199 193 286 211 4 0 0 36 657 75 29 227 0 0 0 449 289 29 26 210 21 0 
0 99 199 423 67 229 7 0 0 21 719 23 15 241 5 0 0 534 212 19 12 157 90 0 
0 10 63 945 3 2 1 0 0 10 1001 9 2 2 0 0 0 945 71 4 2 2 0 0 
0 0 0 1024 0 0 0 0 0 0 1024 0 0 0 0 0 0 732 292 0 0 0 0 0 
0 6 951 55 12 0 0 0 0 1 940 72 11 0 0 0 0 20 965 34 5 0 0 0 
0 3 62 82 294 252 209 122 0 8 83 56 243 279 208 147 0 4 71 61 173 269 221 225 
0 0 2 17 263 297 239 206 0 0 2 19 264 251 235 253 0 0 0 7 203 271 211 332 
0 0 3 15 35 43 244 684 0 0 2 16 30 41 150 785 0 0 0 10 21 40 80 873 
0 0 0 2 309 529 182 2 0 0 0 2 422 387 205 8 0 0 0 3 409 369 212 31 
0 0 0 19 953 33 19 0 0 0 0 535 454 34 1 0 0 0 57 715 223 28 1 0 
0 0 0 102 891 30 1 0 0 0 21 952 49 2 0 0 0 0 846 155 23 0 0 0 
0 0 1 99 922 2 0 0 0 0 6 1015 3 0 0 0 0 2 999 22 1 0 0 0 
0 11 179 340 494 0 0 0 0 1 273 750 0 0 0 0 0 107 875 42 0 0 0 0 
0 77 423 282 242 0 0 0 0 32 691 301 0 0 0 0 0 353 669 2 0 0 0 0 
0 0 19 223 780 1 1 0 0 3 982 37 1 1 0 0 0 892 129 1 1 1 0 0 
0 0 0 0 742 282 0 0 0 0 726 298 0 0 0 0 0 1024 0 0 0 0 0 0 
0 83 108 375 446 12 0 0 0 1 938 85 0 0 0 0 0 694 328 2 0 0 0 0 
0 102 179 433 310 0 0 0 0 0 541 483 0 0 0 0 0 113 911 0 0 0 0 0 
0 3 26 612 158 225 0 0 0 0 491 215 64 254 0 0 0 40 617 60 45 261 1 0 
0 1 827 48 115 33 0 0 0 349 602 16 28 29 0 0 0 845 111 9 7 52 0 0 
0 0 0 52 817 155 0 0 0 0 607 197 47 173 0 0 0 598 193 22 52 159 0 0 
0 0 1 62 98 863 0 0 0 0 30 65 60 868 1 0 0 19 61 19 38 825 62 0 
0 0 41 153 145 684 1 0 0 0 182 12 113 717 0 0 0 126 56 12 54 548 228 0 
0 0 112 609 47 255 1 0 0 0 685 37 36 265 1 0 0 230 461 29 29 258 17 0 
0 0 1024 0 0 0 0 0 0 0 1003 21 0 0 0 0 0 0 1024 0 0 0 0 0 
0 0 195 552 273 4 0 0 0 0 216 648 159 1 0 0 0 5 272 560 182 5 0 0 
0 0 0 707 312 5 0 0 0 0 48 824 147 5 0 0 0 0 342 480 197 5 0 0 
0 0 2 244 91 70 365 252 0 0 68 232 34 45 312 333 0 0 124 141 52 46 240 421 
0 0 0 3 308 624 89 0 0 0 0 2 428 443 151 0 0 0 0 4 443 362 215 0 
0 0 0 22 977 21 4 0 0 0 1 335 673 15 0 0 0 0 36 835 149 4 0 0 
0 0 0 82 931 11 0 0 0 0 0 996 24 4 0 0 0 0 849 166 9 0 0 0 
0 0 0 37 976 11 0 0 0 0 2 985 37 0 0 0 0 0 934 86 4 0 0 0 
0 0 0 18 1006 0 0 0 0 0 0 1024 0 0 0 0 0 0 1020 4 0 0 0 0 
0 37 151 155 681 0 0 0 0 0 213 811 0 0 0 0 0 70 953 1 0 0 0 0 
0 68 352 353 222 25 4 0 0 7 725 271 17 4 0 0 0 487 507 24 6 0 0 0 
0 68 433 187 261 66 9 0 0 32 767 158 50 17 0 0 0 531 414 51 26 2 0 0 
0 112 143 521 218 28 2 0 0 0 684 306 30 4 0 0 0 190 794 29 11 0 0 0 
0 51 43 196 734 0 0 0 0 0 100 924 0 0 0 0 0 38 978 8 0 0 0 0 
0 0 0 433 591 0 0 0 0 0 97 927 0 0 0 0 0 0 1024 0 0 0 0 0 
0 7 282 566 166 3 0 0 0 80 714 169 61 0 0 0 0 295 636 35 56 2 0 0 
0 0 0 100 813 111 0 0 0 0 278 294 335 117 0 0 0 237 284 79 204 219 1 0 
0 0 0 7 310 707 0 0 0 0 0 15 116 893 0 0 0 0 9 8 26 981 0 0 
0 0 0 0 726 298 0 0 0 0 0 0 156 868 0 0 0 0 0 0 5 1019 0 0 
0 0 85 224 640 75 0 0 0 0 76 216 612 120 0 0 0 0 93 188 266 477 0 0 
