0 0 0 0 328 683 13 0 0 0 0 0 452 572 0 0 0 0 0 3 622 399 0 0 
0 0 0 0 102 262 654 6 0 0 0 0 117 359 548 0 0 0 0 3 164 554 303 0 
0 0 0 0 111 179 661 73 0 0 0 0 126 190 695 13 0 0 0 5 175 288 556 0 
0 0 0 3 269 324 343 85 0 0 0 4 295 364 276 85 0 0 0 49 351 420 119 85 
0 0 0 306 409 232 12 65 0 0 0 320 433 195 11 65 0 0 1 380 538 30 12 63 
0 3 47 189 336 228 221 0 0 3 49 237 327 241 167 0 0 6 55 359 283 290 31 0 
0 0 62 81 367 219 255 40 0 1 67 92 392 193 240 39 0 1 76 232 351 262 66 36 
1 95 112 292 239 109 65 111 2 141 135 309 178 99 49 111 11 145 143 352 167 72 38 96 
0 11 49 356 455 70 49 34 0 7 54 401 417 70 40 35 1 12 58 550 290 60 30 23 
0 1 49 336 486 94 13 45 0 0 51 388 455 73 15 42 0 1 65 552 341 15 13 37 
0 1 36 202 646 26 26 87 0 1 41 266 578 27 25 86 0 3 43 385 464 28 24 77 
0 0 30 83 690 34 22 165 0 0 33 97 678 34 20 162 0 0 42 132 657 16 31 146 
92 84 105 268 444 6 9 16 45 210 106 213 421 7 7 15 108 155 121 286 328 6 7 13 
2 14 51 416 376 48 34 83 0 15 58 449 343 45 32 82 10 8 108 544 213 36 28 77 
0 4 51 798 60 33 12 66 0 4 57 821 38 29 12 63 0 7 94 787 39 27 12 58 
0 1 121 763 50 13 10 66 0 1 203 693 40 12 11 64 0 1 532 387 21 13 13 57 
0 0 33 943 20 4 3 21 0 0 43 942 11 5 2 21 0 0 65 928 5 4 5 17 
0 0 3 1004 17 0 0 0 0 0 4 1010 10 0 0 0 0 0 5 1010 9 0 0 0 
36 37 70 791 24 21 19 26 43 37 63 795 21 23 17 25 44 42 60 796 20 27 23 12 
0 41 86 806 22 10 12 47 0 47 91 798 21 6 14 47 0 54 111 781 10 11 16 41 
0 0 0 0 0 129 895 0 0 0 0 0 0 289 735 0 0 0 0 0 0 697 327 0 
0 0 0 0 0 0 294 730 0 0 0 0 0 0 423 601 0 0 0 0 0 36 691 297 
0 0 0 0 0 0 0 1024 0 0 0 0 0 0 18 1006 0 0 0 0 0 0 263 761 
0 0 0 0 0 12 384 628 0 0 0 0 0 31 459 534 0 0 0 0 0 122 609 293 
0 0 0 0 0 486 538 0 0 0 0 0 0 576 448 0 0 0 0 0 102 786 136 0 
0 0 0 0 0 59 507 458 0 0 0 0 0 101 530 393 0 0 0 0 0 257 535 232 
0 0 0 0 0 0 231 793 0 0 0 0 0 0 260 764 0 0 0 0 0 46 326 652 
0 14 13 12 63 258 454 210 0 14 13 12 63 319 430 173 6 15 7 22 125 448 319 82 
0 0 0 22 34 148 562 258 0 0 0 23 34 206 538 223 0 0 2 35 42 455 368 122 
0 0 0 0 45 114 412 453 0 0 0 0 54 130 436 404 0 0 0 0 79 257 401 287 
0 0 0 0 184 333 471 36 0 0 0 0 197 406 395 26 0 0 0 3 224 615 179 3 
0 0 2 3 144 176 370 329 0 0 2 4 166 173 389 290 0 0 2 18 210 229 359 206 
0 0 12 57 214 281 366 94 0 0 11 68 221 346 295 83 0 1 31 73 220 491 144 64 
0 0 2 84 317 190 330 101 0 0 7 103 323 211 291 89 0 0 19 128 350 268 213 46 
0 0 6 280 259 148 274 57 0 0 15 288 264 196 226 35 0 1 36 415 175 302 64 31 
0 0 30 647 215 55 18 59 0 0 39 692 183 42 13 55 0 1 88 777 77 19 20 42 
0 0 0 475 522 14 6 7 0 0 2 594 412 3 6 7 0 0 5 853 152 2 6 6 
4 31 40 260 559 42 9 79 5 47 52 354 464 15 10 77 20 40 100 615 153 11 22 63 
0 0 41 294 600 11 19 59 0 0 55 419 463 11 15 61 0 3 74 707 158 11 21 50 
0 0 19 565 440 0 0 0 0 0 24 637 363 0 0 0 0 0 30 794 200 0 0 0 
0 0 0 0 0 5 1018 1 0 0 0 0 0 13 1011 0 0 0 0 0 0 67 957 0 
0 0 0 0 0 0 214 810 0 0 0 0 0 0 330 694 0 0 0 0 0 0 781 243 
0 0 0 0 0 0 0 1024 0 0 0 0 0 0 0 1024 0 0 0 0 0 0 14 1010 
0 0 0 0 0 0 21 1003 0 0 0 0 0 0 66 958 0 0 0 0 0 0 440 584 
0 0 0 0 0 0 961 63 0 0 0 0 0 0 1018 6 0 0 0 0 0 26 998 0 
0 0 0 0 0 0 239 785 0 0 0 0 0 0 321 703 0 0 0 0 0 2 661 361 
0 0 0 0 0 0 0 1024 0 0 0 0 0 0 0 1024 0 0 0 0 0 0 0 1024 
0 0 0 0 0 0 438 586 0 0 0 0 0 0 505 519 0 0 0 0 0 11 787 226 
0 0 0 0 0 0 287 737 0 0 0 0 0 0 380 644 0 0 0 0 0 0 599 425 
0 14 12 22 9 10 10 947 0 23 17 10 11 7 14 942 14 19 15 7 11 10 61 887 
54 215 137 59 39 23 230 267 80 269 90 47 32 17 295 194 253 179 61 20 18 61 347 85 
0 7 9 4 11 13 12 968 0 10 9 7 14 12 9 963 12 9 16 10 6 4 60 907 
0 0 0 0 0 1 515 508 0 0 0 0 0 16 582 426 0 0 0 0 0 103 727 194 
0 0 0 0 0 24 210 790 0 0 0 0 0 36 255 733 0 0 0 0 0 82 325 617 
0 0 0 0 0 18 194 812 0 0 0 0 0 41 252 731 0 0 0 0 0 99 376 549 
0 0 0 3 237 455 220 109 0 0 0 13 349 448 155 59 0 0 0 145 551 206 122 0 
0 0 0 0 26 678 320 0 0 0 0 0 152 858 14 0 0 0 0 0 637 387 0 0 
0 16 18 29 119 738 104 0 0 20 15 33 227 729 0 0 1 27 18 48 667 263 0 0 
0 0 10 8 194 749 63 0 0 0 10 11 309 694 0 0 0 3 12 22 677 310 0 0 
0 0 3 10 231 726 54 0 0 0 6 8 365 645 0 0 0 1 10 10 719 284 0 0 
1 46 279 123 77 78 420 0 3 39 53 61 343 90 435 0 17 68 95 296 94 170 284 0 
24 17 69 297 64 58 323 172 12 20 20 66 121 355 364 66 28 24 63 321 148 32 408 0 
42 98 67 84 56 55 203 419 33 101 51 77 58 77 256 371 74 85 86 80 47 75 476 101 
0 0 0 0 0 0 695 329 0 0 0 0 0 0 773 251 0 0 0 0 0 0 1024 0 
0 0 0 0 0 0 1024 0 0 0 0 0 0 0 1024 0 0 0 0 0 0 183 841 0 
0 0 0 0 0 0 848 176 0 0 0 0 0 0 899 125 0 0 0 0 0 54 970 0 
7 11 33 14 13 17 407 522 38 21 5 13 12 23 460 452 43 18 6 12 17 20 806 102 
38 89 136 90 73 43 406 149 59 149 104 87 46 46 446 87 146 139 96 53 47 80 456 7 
440 16 20 10 14 13 297 214 254 190 22 15 12 20 328 183 1 141 119 100 115 75 411 62 
341 8 10 25 28 32 73 507 212 120 29 38 13 32 129 451 1 127 116 56 100 41 415 168 
389 209 192 174 30 14 12 4 377 311 256 31 25 9 13 2 328 411 184 53 24 10 12 2 
104 33 18 10 8 9 314 528 24 81 46 8 11 10 429 415 29 28 17 15 48 46 706 135 
0 0 0 0 0 0 873 151 0 0 0 0 0 0 900 124 0 0 0 0 0 76 939 9 
0 0 0 0 0 0 620 404 0 0 0 0 0 0 701 323 0 0 0 0 0 107 807 110 
0 5 8 18 25 22 539 407 17 11 16 15 27 21 649 268 24 14 15 34 16 236 639 46 
72 100 71 50 62 154 491 24 46 147 90 48 60 327 303 3 33 142 124 49 187 439 50 0 
132 218 100 110 47 48 367 2 187 214 128 50 37 228 180 0 240 251 65 42 43 376 7 0 
23 131 240 286 94 69 124 57 75 183 322 148 77 85 134 0 107 338 264 84 34 135 62 0 
7 19 58 266 114 152 378 30 13 17 220 167 85 279 228 15 21 237 165 46 44 426 76 9 
226 100 24 82 100 178 305 9 239 85 33 108 97 364 92 6 249 84 93 106 92 380 14 6 
21 96 224 165 226 292 0 0 18 30 34 293 375 274 0 0 34 44 256 242 256 192 0 0 
14 72 301 196 125 316 0 0 16 33 23 245 394 310 3 0 28 53 168 378 115 282 0 0 
17 25 67 78 99 351 387 0 13 25 7 115 129 414 321 0 23 33 79 86 91 588 124 0 
0 0 0 0 0 12 1012 0 0 0 0 0 0 55 969 0 0 0 0 0 0 483 541 0 
0 0 0 0 0 0 1024 0 0 0 0 0 0 0 1024 0 0 0 0 0 0 795 229 0 
0 0 0 0 0 0 1024 0 0 0 0 0 0 0 1024 0 0 0 0 0 0 703 321 0 
0 0 0 0 0 0 1024 0 0 0 0 0 0 0 1024 0 0 0 0 0 0 466 558 0 
0 0 0 0 0 37 987 0 0 0 0 0 0 31 993 0 0 0 0 0 0 881 143 0 
1 1 2 6 7 15 990 2 1 2 2 5 7 17 989 1 2 1 3 6 6 769 237 0 
248 14 10 6 14 17 713 2 191 67 12 8 11 17 714 4 16 160 71 24 16 479 256 2 
990 23 9 2 0 0 0 0 728 277 14 4 1 0 0 0 21 413 466 108 15 1 0 0 
523 13 10 23 17 45 392 1 435 97 16 29 10 63 374 0 8 284 199 61 42 276 150 4 
0 0 6 4 6 331 677 0 0 0 6 4 6 401 607 0 0 5 3 6 5 832 173 0 
5 169 41 47 19 136 607 0 8 178 35 47 15 230 511 0 88 110 48 30 17 604 127 0 
50 215 59 127 52 180 341 0 69 230 81 95 49 383 117 0 160 173 102 63 50 476 0 0 
152 205 187 272 113 68 23 4 149 261 222 233 87 59 9 4 107 267 363 168 82 24 12 1 
101 100 115 229 172 153 141 13 129 190 244 166 144 118 33 0 139 197 243 164 135 129 17 0 
22 190 253 157 177 147 76 2 47 346 216 207 147 60 1 0 92 199 294 198 152 81 8 0 
87 96 103 225 157 171 183 2 92 119 155 247 111 150 149 1 52 189 251 127 117 228 60 0 
239 33 72 194 106 143 237 0 245 49 136 153 105 252 84 0 248 106 144 118 121 279 8 0 
0 2 75 57 536 349 5 0 0 3 72 56 586 302 5 0 0 0 57 68 728 171 0 0 
0 25 78 64 464 369 24 0 0 23 78 63 467 369 24 0 3 26 63 72 542 299 19 0 
77 222 90 57 309 194 75 0 45 192 156 51 316 210 54 0 166 111 103 60 331 223 30 0 
328 181 47 39 23 191 215 0 287 191 81 38 23 299 105 0 170 125 265 41 25 383 15 0 
146 37 52 72 21 405 291 0 118 59 88 43 24 531 161 0 34 60 157 47 40 675 11 0 
4 26 117 131 10 285 451 0 3 26 140 103 18 433 301 0 12 69 125 19 61 722 16 0 
52 555 217 21 11 28 140 0 41 543 244 16 11 21 148 0 214 480 145 7 16 139 23 0 
27 141 133 147 83 186 307 0 21 145 161 72 133 187 305 0 78 132 150 32 80 535 17 0 
123 428 157 91 48 140 37 0 101 420 199 66 39 123 76 0 298 283 170 40 45 114 74 0 
308 31 56 108 105 228 185 3 198 138 62 57 165 272 132 0 6 66 291 82 170 399 10 0 
1018 6 0 0 0 0 0 0 990 34 0 0 0 0 0 0 103 816 105 0 0 0 0 0 
500 20 71 72 86 252 23 0 487 51 56 52 113 252 13 0 37 506 50 49 141 230 11 0 
0 12 25 120 175 647 45 0 0 11 52 61 206 651 43 0 1 14 60 46 160 741 2 0 
101 412 108 102 64 225 12 0 94 414 118 106 54 232 6 0 325 241 119 67 53 210 9 0 
106 422 105 84 142 165 0 0 100 432 106 73 158 155 0 0 380 212 78 50 186 118 0 0 
69 333 75 150 295 91 10 1 81 335 78 139 336 51 3 1 302 159 80 141 267 74 1 0 
156 428 157 146 49 41 47 0 195 415 171 119 43 63 18 0 415 234 151 102 88 33 1 0 
432 203 191 137 44 16 1 0 478 284 176 61 22 3 0 0 429 270 216 62 40 7 0 0 
182 81 100 205 207 177 52 20 183 79 104 294 192 114 52 6 156 121 113 202 337 56 39 0 
245 20 31 313 174 221 20 0 243 21 40 336 303 69 12 0 236 27 24 106 586 33 12 0 
0 18 444 111 160 291 0 0 0 58 122 389 256 199 0 0 1 105 38 82 659 139 0 0 
1 32 438 136 128 289 0 0 0 53 225 320 244 182 0 0 7 133 135 58 597 94 0 0 
229 603 125 50 10 7 0 0 192 592 184 39 8 9 0 0 483 371 143 15 9 3 0 0 
198 322 93 68 255 88 0 0 155 289 135 93 272 80 0 0 208 229 71 69 327 120 0 0 
15 29 41 227 404 303 5 0 5 12 40 146 515 305 1 0 0 0 7 30 510 477 0 0 
15 30 50 130 397 398 4 0 11 35 53 20 494 409 2 0 29 31 42 11 231 680 0 0 
249 358 76 105 114 107 15 0 247 360 84 96 50 176 11 0 532 104 87 74 50 167 10 0 
22 99 19 19 455 385 25 0 13 105 22 16 162 692 14 0 88 36 17 18 48 796 21 0 
169 413 101 89 168 73 11 0 159 432 90 89 105 139 10 0 435 214 70 65 48 182 10 0 
175 177 102 54 108 248 160 0 136 253 105 25 16 405 84 0 72 254 161 32 10 479 16 0 
889 85 29 13 8 0 0 0 859 136 22 7 0 0 0 0 356 510 158 0 0 0 0 0 
179 76 72 48 46 323 214 66 170 93 90 36 49 420 149 17 129 182 63 45 56 482 66 1 
50 82 61 60 133 417 138 83 76 64 63 47 99 513 125 37 108 52 52 43 75 568 120 6 
303 266 129 88 154 75 9 0 343 263 105 72 100 138 3 0 423 198 109 41 63 187 3 0 
420 212 93 74 155 50 19 1 450 202 84 75 105 100 8 0 545 130 84 64 52 149 0 0 
436 55 65 71 234 79 56 28 446 57 66 65 247 101 33 9 462 53 66 79 161 186 17 0 
452 221 60 114 144 33 0 0 481 201 53 64 204 21 0 0 467 216 45 60 215 21 0 0 
584 331 45 23 37 4 0 0 592 321 47 25 35 4 0 0 521 384 55 18 36 10 0 0 
418 146 72 83 185 117 3 0 432 141 72 84 225 70 0 0 409 160 78 77 196 104 0 0 
124 87 34 186 586 7 0 0 123 88 36 250 527 0 0 0 132 86 35 389 279 103 0 0 
0 0 0 720 232 72 0 0 0 0 0 660 353 11 0 0 0 0 0 4 1003 17 0 0 
7 99 9 685 125 99 0 0 4 100 11 364 527 18 0 0 53 52 10 8 643 258 0 0 
108 484 127 131 174 0 0 0 91 496 132 123 179 3 0 0 470 184 120 81 47 122 0 0 
165 43 53 19 447 287 10 0 151 59 48 21 407 334 4 0 189 34 40 14 73 668 6 0 
0 0 0 0 434 561 29 0 0 0 0 0 424 600 0 0 0 0 0 0 306 718 0 0 
60 153 29 40 258 429 54 1 58 155 33 39 254 468 17 0 176 47 43 40 118 598 2 0 
75 596 104 53 100 28 37 31 118 567 102 43 72 54 39 29 541 191 78 36 31 96 39 12 
85 158 43 39 58 175 214 252 120 133 53 62 110 229 162 155 203 66 67 82 106 225 163 112 
197 245 84 60 128 94 114 102 191 284 113 100 176 115 28 17 420 108 118 105 131 116 12 14 
365 319 61 34 54 41 61 89 360 348 50 50 57 48 53 58 444 293 36 49 51 76 71 4 
529 471 23 1 0 0 0 0 529 471 23 1 0 0 0 0 628 374 21 1 0 0 0 0 
340 113 26 34 352 61 50 48 346 107 28 32 95 320 64 32 335 110 36 31 17 406 84 5 
210 99 23 68 392 72 160 0 213 93 25 63 277 259 94 0 218 73 33 58 73 542 27 0 
410 93 76 81 213 61 90 0 427 76 76 77 172 111 85 0 441 63 70 65 76 281 28 0 
667 105 60 78 69 40 5 0 674 106 56 75 68 42 3 0 672 117 55 83 59 38 0 0 
274 107 131 133 89 284 6 0 306 95 138 126 109 247 3 0 307 106 173 109 270 58 1 0 
181 343 151 140 106 97 5 1 213 322 157 139 112 76 5 0 269 297 176 141 119 20 2 0 
687 315 15 7 0 0 0 0 699 302 16 7 0 0 0 0 599 404 16 5 0 0 0 0 
133 255 217 162 145 112 0 0 143 154 306 170 188 63 0 0 125 103 176 332 277 11 0 0 
21 15 200 596 191 1 0 0 21 11 116 619 257 0 0 0 14 13 30 205 724 38 0 0 
21 91 17 92 434 146 212 11 89 34 9 64 498 168 162 0 103 23 10 16 614 252 6 0 
0 112 13 28 234 186 432 19 13 101 11 35 300 267 297 0 96 23 34 46 420 391 14 0 
64 340 77 35 34 242 232 0 63 350 83 37 73 407 11 0 349 123 48 89 364 51 0 0 
193 111 53 53 45 234 149 186 200 113 57 56 47 314 156 81 293 64 62 44 188 184 189 0 
234 25 20 36 217 311 33 148 240 20 19 20 226 324 112 63 239 21 13 19 152 408 170 2 
175 51 77 298 348 74 1 0 186 42 52 141 526 77 0 0 171 51 30 74 181 517 0 0 
0 0 47 82 895 0 0 0 0 0 40 41 940 3 0 0 0 0 1 47 62 914 0 0 
308 137 43 35 491 8 2 0 320 122 44 27 409 100 2 0 331 104 44 22 39 478 6 0 
0 2 1 18 768 96 139 0 0 1 2 18 742 210 51 0 0 0 3 6 36 968 11 0 
736 141 29 15 57 4 42 0 732 143 29 16 48 21 35 0 727 147 24 16 14 91 5 0 
837 162 17 3 1 4 0 0 839 161 16 3 1 4 0 0 840 159 17 3 1 4 0 0 
365 99 35 56 34 93 341 1 377 90 32 62 36 210 216 1 357 120 45 51 65 363 23 0 
178 120 114 116 213 124 158 1 196 107 119 131 192 172 107 0 221 97 136 180 177 208 5 0 
891 39 24 17 19 28 6 0 894 36 25 20 20 28 1 0 905 28 27 25 21 18 0 0 
552 133 100 99 93 39 8 0 560 101 129 109 89 30 6 0 559 85 138 139 82 19 2 0 
147 125 377 118 98 115 42 2 146 99 372 164 121 103 19 0 137 79 116 472 178 42 0 0 
344 459 193 14 11 3 0 0 270 339 385 19 8 3 0 0 218 195 214 381 15 1 0 0 
474 470 24 13 7 17 19 0 352 461 160 10 12 19 10 0 272 270 237 206 19 16 4 0 
61 253 595 115 0 0 0 0 50 73 594 307 0 0 0 0 36 35 50 580 323 0 0 0 
0 0 266 758 0 0 0 0 0 0 93 931 0 0 0 0 0 0 0 111 913 0 0 0 
220 35 20 698 45 6 0 0 192 60 20 641 91 20 0 0 183 55 25 24 640 97 0 0 
76 135 89 704 11 2 7 0 107 97 74 511 228 5 2 0 118 56 68 90 418 274 0 0 
416 74 44 195 255 11 29 0 425 65 40 33 424 30 7 0 410 75 36 30 53 420 0 0 
88 8 9 10 901 4 4 0 87 8 8 9 901 6 5 0 83 9 9 8 14 896 5 0 
50 8 11 104 680 116 55 0 46 14 5 14 771 145 29 0 36 26 2 9 79 851 21 0 
266 71 51 264 105 233 34 0 283 52 44 73 309 258 5 0 288 47 35 48 228 374 4 0 
0 1 11 82 224 144 558 4 0 1 7 32 275 353 356 0 0 1 8 18 81 865 51 0 
290 127 17 11 68 142 369 0 338 81 17 12 66 259 251 0 353 75 8 19 45 482 42 0 
560 45 41 26 9 269 74 0 567 39 42 25 10 339 2 0 564 51 42 18 74 275 0 0 
802 106 66 4 9 14 23 0 806 101 67 4 10 28 8 0 809 107 59 7 6 33 3 0 
629 200 48 50 39 34 22 2 632 201 49 50 41 30 20 1 613 229 58 47 41 23 13 0 
488 247 43 60 37 101 48 0 494 243 44 61 33 136 13 0 480 259 54 57 50 122 2 0 
317 117 210 357 13 5 5 0 320 117 234 328 14 8 3 0 319 115 281 246 53 8 2 0 
583 134 170 22 114 1 0 0 583 106 192 27 115 1 0 0 557 126 113 109 118 1 0 0 
235 509 227 35 17 1 0 0 209 165 588 40 22 0 0 0 173 135 113 574 29 0 0 0 
298 365 360 1 0 0 0 0 293 115 563 53 0 0 0 0 240 108 94 564 18 0 0 0 
675 224 113 10 1 1 0 0 666 229 102 25 1 1 0 0 606 247 57 93 20 1 0 0 
740 274 9 1 0 0 0 0 738 275 10 1 0 0 0 0 680 300 38 6 0 0 0 0 
66 32 284 642 0 0 0 0 59 36 73 856 0 0 0 0 42 42 16 147 777 0 0 0 
0 0 35 989 0 0 0 0 0 0 2 1022 0 0 0 0 0 0 0 5 1019 0 0 0 
209 43 33 613 31 87 8 0 205 43 28 620 47 77 4 0 173 68 17 50 636 76 4 0 
77 40 81 466 37 316 7 0 70 42 70 392 137 308 5 0 67 39 44 66 611 193 4 0 
331 38 22 143 89 183 218 0 334 34 23 38 194 346 55 0 321 46 22 33 118 467 17 0 
0 0 0 0 73 418 533 0 0 0 0 0 69 801 154 0 0 0 0 0 159 825 40 0 
24 25 29 60 68 683 135 0 29 22 31 63 86 733 60 0 40 19 44 76 362 472 11 0 
285 150 78 66 151 268 26 0 324 119 83 62 189 232 15 0 360 103 85 109 314 52 1 0 
41 53 236 119 85 457 33 0 41 55 259 106 102 453 8 0 54 78 274 91 443 84 0 0 
624 49 150 17 4 145 35 0 625 59 142 15 5 163 15 0 636 69 125 12 87 95 0 0 
949 68 5 1 1 0 0 0 952 65 5 1 1 0 0 0 956 62 4 1 1 0 0 0 
638 311 23 43 9 0 0 0 637 312 28 38 9 0 0 0 626 329 41 25 3 0 0 0 
255 154 466 43 24 64 18 0 235 161 294 231 30 64 9 0 214 178 98 425 80 28 1 0 
558 303 106 54 3 0 0 0 555 306 106 51 6 0 0 0 540 308 98 62 16 0 0 0 
157 81 639 144 3 0 0 0 153 63 610 196 2 0 0 0 147 47 352 365 113 0 0 0 
143 76 653 81 71 0 0 0 140 47 580 176 81 0 0 0 123 48 75 640 135 3 0 0 
158 78 571 217 0 0 0 0 149 61 363 451 0 0 0 0 122 55 57 497 293 0 0 0 
304 202 507 11 0 0 0 0 254 87 450 233 0 0 0 0 226 33 66 458 241 0 0 0 
481 531 12 0 0 0 0 0 417 230 377 0 0 0 0 0 370 60 75 519 0 0 0 0 
337 555 132 0 0 0 0 0 235 242 540 7 0 0 0 0 179 110 130 598 7 0 0 0 
0 1 528 495 0 0 0 0 0 0 166 858 0 0 0 0 0 0 2 213 809 0 0 0 
0 0 1 702 43 159 109 10 0 0 0 702 67 175 70 10 0 0 0 10 815 148 47 4 
170 70 32 42 155 555 0 0 172 72 42 45 453 240 0 0 211 46 43 56 639 29 0 0 
38 18 63 85 356 446 18 0 47 14 83 77 520 281 2 0 48 36 93 99 666 82 0 0 
361 70 24 46 47 460 16 0 375 63 28 43 164 347 4 0 404 40 32 46 411 91 0 0 
1 32 31 39 34 699 188 0 11 31 32 40 47 748 115 0 21 31 36 35 437 448 16 0 
0 13 51 77 155 333 313 82 0 21 52 82 187 398 227 57 8 43 50 115 305 389 79 35 
376 67 152 55 204 169 1 0 384 63 138 68 316 54 1 0 388 91 112 98 316 19 0 0 
302 105 398 189 17 13 0 0 311 97 371 215 18 12 0 0 307 109 410 141 47 10 0 0 
846 48 79 51 0 0 0 0 850 38 91 45 0 0 0 0 832 47 68 77 0 0 0 0 
296 255 469 4 0 0 0 0 293 266 424 41 0 0 0 0 262 287 147 326 2 0 0 0 
649 297 75 3 0 0 0 0 343 541 138 2 0 0 0 0 153 360 461 50 0 0 0 0 
82 362 550 29 1 0 0 0 18 311 586 108 1 0 0 0 13 73 470 413 55 0 0 0 
398 395 151 17 31 14 17 1 278 499 159 33 29 14 12 0 240 324 312 116 26 6 0 0 
26 226 644 128 0 0 0 0 26 187 569 242 0 0 0 0 23 31 451 472 47 0 0 0 
139 202 598 85 0 0 0 0 135 179 513 197 0 0 0 0 119 51 384 467 3 0 0 0 
65 95 852 12 0 0 0 0 63 52 696 213 0 0 0 0 53 21 163 745 42 0 0 0 
0 8 991 25 0 0 0 0 0 0 685 339 0 0 0 0 0 0 0 738 286 0 0 0 
0 18 946 60 0 0 0 0 0 0 611 413 0 0 0 0 0 0 0 547 477 0 0 0 
0 6 978 10 4 23 3 0 0 0 778 216 7 21 2 0 0 0 0 630 376 17 1 0 
0 0 134 297 71 411 100 11 0 0 2 427 232 302 53 8 0 0 0 30 758 189 43 4 
0 0 0 1 732 263 28 0 0 0 0 1 930 75 18 0 0 0 0 33 927 60 4 0 
188 96 125 292 262 60 1 0 194 110 141 325 241 12 1 0 223 125 199 303 172 2 0 0 
53 116 138 189 446 35 22 25 63 122 144 261 366 23 30 15 95 131 167 413 166 10 40 2 
247 21 56 172 405 123 0 0 251 20 66 181 483 23 0 0 257 23 92 248 399 5 0 0 
0 2 33 215 74 383 308 9 0 2 28 217 187 370 217 3 0 1 29 32 564 377 21 0 
0 0 136 488 17 52 322 9 0 0 114 511 17 143 238 1 0 0 109 89 449 335 41 1 
224 136 552 93 7 10 2 0 220 74 371 338 9 10 2 0 197 62 117 413 225 9 1 0 
124 28 853 19 0 0 0 0 119 28 351 526 0 0 0 0 111 26 69 496 322 0 0 0 
145 146 732 1 0 0 0 0 138 50 773 63 0 0 0 0 114 38 51 769 52 0 0 0 
0 2 1021 1 0 0 0 0 0 0 764 260 0 0 0 0 0 0 0 893 131 0 0 0 
144 657 221 2 0 0 0 0 123 222 611 68 0 0 0 0 106 32 179 650 57 0 0 0 
0 783 237 4 0 0 0 0 0 163 801 60 0 0 0 0 0 0 20 970 34 0 0 0 
53 927 44 0 0 0 0 0 0 588 436 0 0 0 0 0 0 1 340 683 0 0 0 0 
0 508 516 0 0 0 0 0 0 110 913 1 0 0 0 0 0 0 272 750 2 0 0 0 
53 709 262 0 0 0 0 0 41 452 503 28 0 0 0 0 33 37 457 471 26 0 0 0 
0 305 718 1 0 0 0 0 0 174 763 87 0 0 0 0 0 0 279 672 73 0 0 0 
0 0 971 53 0 0 0 0 0 0 126 898 0 0 0 0 0 0 0 292 732 0 0 0 
0 0 641 228 10 73 57 15 0 0 10 857 33 75 38 11 0 0 0 77 857 52 33 5 
0 0 140 55 611 212 6 0 0 0 36 161 706 119 2 0 0 0 0 124 806 90 4 0 
0 0 0 0 632 365 27 0 0 0 0 0 789 229 6 0 0 0 0 53 884 87 0 0 
0 0 0 0 922 102 0 0 0 0 0 3 947 74 0 0 0 0 0 232 754 38 0 0 
