0 412 608 4 0 0 0 0 0 894 130 0 0 0 0 0 998 26 0 0 0 0 0 0 
0 225 728 71 0 0 0 0 0 711 313 0 0 0 0 0 733 291 0 0 0 0 0 0 
0 163 734 127 0 0 0 0 0 551 473 0 0 0 0 0 407 617 0 0 0 0 0 0 
0 108 589 327 0 0 0 0 0 335 682 7 0 0 0 0 78 945 1 0 0 0 0 0 
0 74 370 575 5 0 0 0 0 310 625 89 0 0 0 0 4 1017 3 0 0 0 0 0 
0 15 439 545 25 0 0 0 0 314 613 97 0 0 0 0 0 1014 10 0 0 0 0 0 
0 1 486 499 38 0 0 0 0 320 606 98 0 0 0 0 0 1003 21 0 0 0 0 0 
0 14 540 429 41 0 0 0 0 355 579 90 0 0 0 0 9 992 23 0 0 0 0 0 
0 68 569 348 39 0 0 0 0 394 534 96 0 0 0 0 59 920 45 0 0 0 0 0 
0 70 631 284 39 0 0 0 0 407 517 100 0 0 0 0 65 929 30 0 0 0 0 0 
0 71 690 243 20 0 0 0 0 429 528 67 0 0 0 0 65 945 14 0 0 0 0 0 
0 94 747 183 0 0 0 0 0 541 455 28 0 0 0 0 70 954 0 0 0 0 0 0 
0 205 786 33 0 0 0 0 0 753 271 0 0 0 0 0 120 904 0 0 0 0 0 0 
0 334 648 42 0 0 0 0 0 813 211 0 0 0 0 0 93 931 0 0 0 0 0 0 
0 555 458 11 0 0 0 0 4 899 121 0 0 0 0 0 140 884 0 0 0 0 0 0 
0 742 282 0 0 0 0 0 5 991 28 0 0 0 0 0 696 328 0 0 0 0 0 0 
0 885 139 0 0 0 0 0 17 1005 2 0 0 0 0 0 963 61 0 0 0 0 0 0 
0 956 68 0 0 0 0 0 34 990 0 0 0 0 0 0 1024 0 0 0 0 0 0 0 
75 927 22 0 0 0 0 0 213 811 0 0 0 0 0 0 1024 0 0 0 0 0 0 0 
351 673 0 0 0 0 0 0 584 440 0 0 0 0 0 0 1024 0 0 0 0 0 0 0 
146 536 336 6 0 0 0 0 383 502 139 0 0 0 0 0 988 36 0 0 0 0 0 0 
111 670 42 201 0 0 0 0 542 249 233 0 0 0 0 0 807 217 0 0 0 0 0 0 
0 703 24 297 0 0 0 0 138 580 293 13 0 0 0 0 721 303 0 0 0 0 0 0 
0 667 18 325 14 0 0 0 21 655 152 196 0 0 0 0 676 344 4 0 0 0 0 0 
0 619 30 207 168 0 0 0 7 628 109 280 0 0 0 0 637 360 27 0 0 0 0 0 
0 577 30 178 239 0 0 0 1 596 114 313 0 0 0 0 596 285 143 0 0 0 0 0 
0 555 15 194 260 0 0 0 0 558 124 332 10 0 0 0 539 251 234 0 0 0 0 0 
0 508 34 216 266 0 0 0 0 534 136 322 32 0 0 0 485 298 241 0 0 0 0 0 
0 493 14 245 272 0 0 0 0 496 149 316 63 0 0 0 357 413 254 0 0 0 0 0 
0 424 43 283 274 0 0 0 0 459 177 293 95 0 0 0 329 439 256 0 0 0 0 0 
0 403 27 311 283 0 0 0 0 421 174 319 110 0 0 0 345 416 263 0 0 0 0 0 
0 378 18 342 286 0 0 0 0 381 237 323 83 0 0 0 332 441 251 0 0 0 0 0 
0 35 711 245 33 0 0 0 0 278 696 41 9 0 0 0 219 768 37 0 0 0 0 0 
0 278 104 426 216 0 0 0 0 306 362 346 10 0 0 0 270 566 188 0 0 0 0 0 
0 264 116 456 188 0 0 0 0 267 444 313 0 0 0 0 277 642 105 0 0 0 0 0 
0 222 238 402 162 0 0 0 7 260 525 232 0 0 0 0 268 731 25 0 0 0 0 0 
0 205 376 403 40 0 0 0 66 285 519 154 0 0 0 0 330 694 0 0 0 0 0 0 
44 196 439 345 0 0 0 0 156 250 602 16 0 0 0 0 454 570 0 0 0 0 0 0 
116 204 491 213 0 0 0 0 158 409 457 0 0 0 0 0 685 339 0 0 0 0 0 0 
0 427 580 17 0 0 0 0 111 789 124 0 0 0 0 0 1005 19 0 0 0 0 0 0 
5 119 276 314 53 50 78 129 93 314 324 62 73 112 46 0 551 254 154 64 1 0 0 0 
0 321 63 0 12 16 135 477 134 235 15 22 13 280 325 0 356 33 220 203 83 129 0 0 
0 343 41 0 32 0 10 598 52 332 0 32 0 22 354 232 384 0 1 47 82 395 115 0 
0 313 68 3 29 3 0 608 6 353 25 31 1 0 148 460 346 38 4 35 91 183 327 0 
0 319 59 6 32 0 0 608 0 374 10 32 0 0 109 499 357 22 36 7 95 121 386 0 
0 308 67 9 32 0 0 608 0 365 27 24 0 0 66 542 341 39 36 0 64 61 483 0 
0 308 48 55 5 0 0 608 0 347 52 17 0 1 116 491 245 146 23 10 83 104 413 0 
0 331 57 28 0 2 20 586 0 406 10 0 6 24 97 481 302 114 0 11 107 104 386 0 
0 321 55 40 8 19 5 576 0 378 29 22 19 0 88 488 191 213 24 22 80 82 412 0 
0 313 85 41 9 4 11 561 0 395 42 11 2 10 69 495 175 255 18 2 58 80 436 0 
0 357 94 9 10 10 0 544 0 447 14 12 7 5 80 459 262 197 14 11 70 101 369 0 
0 401 55 34 9 6 14 505 0 455 32 16 6 7 72 436 318 163 22 9 81 89 342 0 
0 39 672 151 110 7 7 38 0 103 853 12 7 11 8 30 81 770 114 11 9 15 24 0 
0 471 88 7 14 7 6 431 0 550 19 11 7 5 78 354 534 33 12 13 60 78 294 0 
0 535 60 21 6 4 9 389 4 587 27 5 5 9 103 284 573 41 8 16 83 94 209 0 
0 573 79 6 6 10 9 341 12 632 16 5 8 11 115 225 630 30 3 23 81 111 146 0 
0 666 29 12 9 5 7 296 60 637 13 6 5 26 164 113 687 18 20 24 56 164 55 0 
13 696 36 8 5 6 44 216 454 295 5 6 13 90 159 2 738 15 53 84 39 92 3 0 
232 524 32 18 13 13 24 168 727 70 15 20 22 72 98 0 803 36 90 87 8 0 0 0 
0 495 462 64 3 0 0 0 320 660 44 0 0 0 0 0 1016 8 0 0 0 0 0 0 
0 0 4 153 281 301 228 57 0 3 241 400 308 72 0 0 143 670 210 1 0 0 0 0 
0 0 0 0 0 128 727 169 0 0 0 14 543 413 54 0 1 325 358 118 203 19 0 0 
0 24 66 31 67 109 477 250 1 62 38 56 88 243 535 1 78 41 66 97 314 428 0 0 
0 10 65 25 53 70 359 442 0 18 66 26 67 255 517 75 32 62 39 147 265 462 17 0 
0 0 0 0 0 17 456 551 0 0 0 0 2 168 645 209 0 0 14 46 281 564 119 0 
0 7 54 29 39 68 304 523 1 7 59 32 35 132 447 311 16 61 39 41 176 506 185 0 
0 7 47 39 27 71 288 545 3 7 50 35 32 162 412 323 10 62 32 99 163 435 223 0 
0 0 0 0 0 10 435 579 0 0 0 0 0 100 658 266 0 0 5 41 172 638 168 0 
0 8 42 40 32 54 280 568 2 9 50 30 44 123 467 299 9 61 30 85 176 430 233 0 
0 6 36 43 23 66 286 564 0 9 47 31 34 111 472 320 11 63 19 52 147 496 236 0 
0 3 6 20 22 28 271 674 0 3 12 17 20 113 486 373 4 19 22 57 172 503 247 0 
0 0 1 2 6 34 296 685 0 1 0 4 12 98 540 369 1 1 7 45 177 543 250 0 
0 0 642 43 231 14 43 51 0 0 857 53 15 19 53 27 1 471 438 16 23 49 26 0 
0 10 39 24 39 47 314 551 0 12 50 14 47 86 460 355 14 55 27 44 137 489 258 0 
0 9 52 25 30 55 338 515 0 15 48 32 34 131 559 205 22 51 32 58 218 538 105 0 
0 16 17 20 22 53 420 476 1 16 16 28 38 191 607 127 24 27 30 72 228 571 72 0 
0 10 7 12 17 71 457 450 0 12 7 16 50 270 610 59 15 9 26 111 344 499 20 0 
0 12 32 14 18 140 588 220 0 29 18 49 417 356 155 0 37 331 213 151 222 70 0 0 
0 0 0 0 17 156 458 393 0 0 27 183 468 332 14 0 108 498 413 5 0 0 0 0 
0 1 174 386 287 173 3 0 0 263 494 260 7 0 0 0 654 367 3 0 0 0 0 0 
0 0 0 45 489 457 33 0 0 3 263 668 90 0 0 0 266 747 11 0 0 0 0 0 
0 0 0 0 88 771 165 0 0 0 1 526 497 0 0 0 33 712 121 158 0 0 0 0 
0 0 0 0 180 808 36 0 0 0 0 5 768 251 0 0 0 0 98 814 112 0 0 0 
0 0 0 0 17 769 238 0 0 0 0 0 364 660 0 0 0 1 85 427 511 0 0 0 
0 0 0 0 0 624 400 0 0 0 0 0 184 811 29 0 0 0 69 277 674 4 0 0 
0 0 0 0 0 383 641 0 0 0 0 0 10 900 114 0 0 0 0 42 961 21 0 0 
0 0 0 0 0 375 649 0 0 0 0 0 59 861 104 0 0 0 39 102 857 26 0 0 
0 0 0 0 0 451 573 0 0 0 0 0 64 894 66 0 0 0 43 110 843 28 0 0 
0 0 0 0 0 345 679 0 0 0 0 0 52 806 166 0 0 0 19 133 795 77 0 0 
0 0 0 0 0 318 706 0 0 0 0 0 8 840 176 0 0 0 0 31 932 61 0 0 
0 0 0 0 1 311 711 1 0 0 0 0 45 866 113 0 0 0 50 79 858 37 0 0 
0 0 0 0 0 342 680 2 0 0 0 0 39 855 130 0 0 0 25 91 879 29 0 0 
0 0 634 44 234 64 48 0 0 5 853 43 26 84 13 0 0 482 421 25 94 2 0 0 
0 0 0 0 0 402 622 0 0 0 0 0 14 882 128 0 0 0 0 53 947 24 0 0 
0 0 0 0 0 581 443 0 0 0 0 0 111 899 14 0 0 0 33 242 747 2 0 0 
0 0 1 2 35 848 138 0 0 1 1 15 438 565 4 0 1 7 66 591 359 0 0 0 
0 0 0 2 186 764 72 0 0 0 0 33 703 288 0 0 0 9 197 672 146 0 0 0 
0 0 0 0 227 730 67 0 0 0 1 623 390 10 0 0 165 442 247 168 2 0 0 0 
0 0 0 0 188 633 203 0 0 0 189 634 200 1 0 0 385 609 30 0 0 0 0 0 
0 0 13 262 572 177 0 0 0 112 610 302 0 0 0 0 611 413 0 0 0 0 0 0 
0 0 0 90 626 308 0 0 0 0 408 616 0 0 0 0 395 629 0 0 0 0 0 0 
0 0 0 2 168 852 2 0 0 0 28 801 148 47 0 0 87 666 181 90 0 0 0 0 
0 0 0 0 455 417 152 0 0 0 7 243 472 302 0 0 27 122 378 497 0 0 0 0 
0 0 0 0 163 471 390 0 0 0 0 75 579 370 0 0 0 140 145 521 218 0 0 0 
0 0 0 0 23 503 498 0 0 0 0 10 533 303 178 0 0 94 111 431 388 0 0 0 
0 0 0 0 9 494 521 0 0 0 0 2 369 321 332 0 0 29 116 367 512 0 0 0 
0 0 0 0 0 460 564 0 0 0 0 1 357 359 307 0 0 43 142 300 539 0 0 0 
0 0 0 0 1 442 580 1 0 0 0 0 311 306 407 0 0 49 111 250 614 0 0 0 
0 0 0 0 3 416 598 7 0 0 0 0 302 293 429 0 0 42 125 223 634 0 0 0 
0 0 0 0 4 405 595 20 0 0 0 0 215 361 448 0 0 24 99 242 659 0 0 0 
0 0 0 0 2 385 502 135 0 0 0 0 184 395 445 0 0 27 125 207 665 0 0 0 
0 0 0 7 26 375 554 62 0 0 19 14 161 388 442 0 5 33 136 209 641 0 0 0 
0 0 618 45 217 53 90 1 0 30 797 48 36 43 70 0 12 618 259 47 82 6 0 0 
0 0 0 0 0 399 624 1 0 0 0 1 231 373 419 0 0 40 91 274 619 0 0 0 
0 0 0 0 12 498 514 0 0 0 0 71 343 258 352 0 1 96 50 378 499 0 0 0 
0 0 0 0 126 402 496 0 0 0 0 98 422 344 160 0 0 112 121 368 423 0 0 0 
0 0 0 0 317 331 376 0 0 0 3 293 266 462 0 0 26 124 297 509 68 0 0 0 
0 0 0 9 245 637 133 0 0 0 91 487 133 313 0 0 231 247 160 386 0 0 0 0 
0 0 0 16 385 623 0 0 0 10 316 524 170 4 0 0 384 462 149 29 0 0 0 0 
0 0 13 347 562 102 0 0 0 162 643 219 0 0 0 0 760 262 2 0 0 0 0 0 
0 0 40 505 380 99 0 0 0 10 606 394 14 0 0 0 118 812 94 0 0 0 0 0 
0 0 0 311 370 343 0 0 0 0 215 398 387 24 0 0 0 435 453 136 0 0 0 0 
0 0 0 53 541 367 63 0 0 0 16 495 300 213 0 0 0 185 495 344 0 0 0 0 
0 0 0 0 527 277 220 0 0 0 0 442 259 323 0 0 0 1 575 396 52 0 0 0 
0 0 0 0 424 280 320 0 0 0 0 204 443 376 1 0 0 0 540 281 203 0 0 0 
0 0 0 0 143 535 346 0 0 0 0 7 596 396 25 0 0 0 483 268 273 0 0 0 
0 0 0 0 115 584 325 0 0 0 0 29 592 344 59 0 0 0 466 297 261 0 0 0 
0 0 0 0 84 606 334 0 0 0 0 0 590 299 135 0 0 0 500 258 266 0 0 0 
0 0 0 0 108 586 330 0 0 0 0 1 609 251 163 0 0 0 515 234 275 0 0 0 
0 0 0 0 184 541 299 0 0 0 0 1 614 257 152 0 0 0 473 292 259 0 0 0 
0 0 0 0 419 323 282 0 0 0 0 46 603 253 122 0 0 0 541 248 235 0 0 0 
0 0 0 39 318 349 318 0 0 0 70 79 456 245 174 0 39 40 446 235 264 0 0 0 
0 0 606 85 175 115 43 0 0 27 764 42 127 43 21 0 40 596 283 63 42 0 0 0 
0 0 0 0 237 538 249 0 0 0 0 84 594 315 31 0 0 0 571 288 165 0 0 0 
0 0 0 0 369 456 199 0 0 0 0 163 563 297 1 0 0 0 641 254 129 0 0 0 
0 0 0 1 453 412 158 0 0 0 0 208 561 255 0 0 0 25 654 298 47 0 0 0 
0 0 0 0 641 362 21 0 0 0 0 470 438 116 0 0 0 59 740 222 3 0 0 0 
0 0 0 111 724 189 0 0 0 0 93 676 248 7 0 0 0 372 585 67 0 0 0 0 
0 0 0 522 426 76 0 0 0 0 439 441 144 0 0 0 0 776 248 0 0 0 0 0 
0 0 163 681 179 1 0 0 0 31 835 153 5 0 0 0 103 885 36 0 0 0 0 0 
0 0 701 323 0 0 0 0 0 269 755 0 0 0 0 0 168 856 0 0 0 0 0 0 
0 0 188 836 0 0 0 0 0 59 937 28 0 0 0 0 12 1012 0 0 0 0 0 0 
0 0 0 855 169 0 0 0 0 0 730 294 0 0 0 0 0 966 58 0 0 0 0 0 
0 0 0 384 640 0 0 0 0 0 265 758 1 0 0 0 0 547 477 0 0 0 0 0 
0 0 0 182 839 3 0 0 0 0 95 900 29 0 0 0 0 290 734 0 0 0 0 0 
0 0 0 32 970 22 0 0 0 0 2 963 59 0 0 0 0 186 838 0 0 0 0 0 
0 0 0 147 822 55 0 0 0 0 76 828 120 0 0 0 0 252 772 0 0 0 0 0 
0 0 0 162 804 58 0 0 0 0 41 891 92 0 0 0 0 245 779 0 0 0 0 0 
0 0 0 210 803 11 0 0 0 0 37 919 68 0 0 0 0 238 786 0 0 0 0 0 
0 0 0 277 747 0 0 0 0 0 56 944 24 0 0 0 0 242 782 0 0 0 0 0 
0 0 0 467 557 0 0 0 0 0 276 713 35 0 0 0 0 403 621 0 0 0 0 0 
0 0 5 787 229 3 0 0 0 2 563 448 11 0 0 0 3 737 284 0 0 0 0 0 
0 0 563 397 64 0 0 0 0 39 906 62 17 0 0 0 6 911 107 0 0 0 0 0 
0 0 26 784 214 0 0 0 0 0 646 377 1 0 0 0 0 789 235 0 0 0 0 0 
0 0 105 760 159 0 0 0 0 0 720 304 0 0 0 0 0 880 144 0 0 0 0 0 
0 0 209 746 69 0 0 0 0 0 868 156 0 0 0 0 0 999 25 0 0 0 0 0 
0 0 267 639 118 0 0 0 0 25 821 178 0 0 0 0 1 1010 13 0 0 0 0 0 
0 0 296 696 32 0 0 0 0 42 929 53 0 0 0 0 4 1020 0 0 0 0 0 0 
0 0 638 386 0 0 0 0 0 270 753 1 0 0 0 0 120 904 0 0 0 0 0 0 
0 0 1008 16 0 0 0 0 0 852 172 0 0 0 0 0 846 178 0 0 0 0 0 0 
0 20 1004 0 0 0 0 0 0 1024 0 0 0 0 0 0 716 308 0 0 0 0 0 0 
0 0 962 62 0 0 0 0 0 611 413 0 0 0 0 0 15 1009 0 0 0 0 0 0 
0 0 551 473 0 0 0 0 0 66 958 0 0 0 0 0 0 1024 0 0 0 0 0 0 
0 0 105 919 0 0 0 0 0 0 1024 0 0 0 0 0 0 1024 0 0 0 0 0 0 
0 0 16 992 16 0 0 0 0 0 994 30 0 0 0 0 0 1022 2 0 0 0 0 0 
0 0 12 845 167 0 0 0 0 0 756 268 0 0 0 0 0 986 38 0 0 0 0 0 
0 0 23 957 44 0 0 0 0 18 879 127 0 0 0 0 11 938 75 0 0 0 0 0 
0 0 2 1021 1 0 0 0 0 0 922 102 0 0 0 0 0 1013 11 0 0 0 0 0 
0 0 0 1024 0 0 0 0 0 0 944 80 0 0 0 0 0 1018 6 0 0 0 0 0 
0 0 5 1019 0 0 0 0 0 0 991 33 0 0 0 0 0 1023 1 0 0 0 0 0 
0 9 32 983 0 0 0 0 4 8 1006 6 0 0 0 0 9 1015 0 0 0 0 0 0 
16 108 294 606 0 0 0 0 42 101 877 4 0 0 0 0 93 898 31 2 0 0 0 0 
0 22 879 123 0 0 0 0 6 47 971 0 0 0 0 0 22 1001 1 0 0 0 0 0 
0 10 724 290 0 0 0 0 0 118 906 0 0 0 0 0 0 1024 0 0 0 0 0 0 
0 0 959 65 0 0 0 0 0 73 951 0 0 0 0 0 0 1024 0 0 0 0 0 0 
0 0 999 25 0 0 0 0 0 280 744 0 0 0 0 0 0 1024 0 0 0 0 0 0 
27 144 853 0 0 0 0 0 107 595 322 0 0 0 0 0 258 766 0 0 0 0 0 0 
72 243 709 0 0 0 0 0 132 859 33 0 0 0 0 0 495 529 0 0 0 0 0 0 
16 251 757 0 0 0 0 0 27 996 1 0 0 0 0 0 674 349 1 0 0 0 0 0 
15 567 442 0 0 0 0 0 40 984 0 0 0 0 0 0 959 65 0 0 0 0 0 0 
0 836 188 0 0 0 0 0 0 1024 0 0 0 0 0 0 799 225 0 0 0 0 0 0 
0 129 895 0 0 0 0 0 0 1024 0 0 0 0 0 0 21 1003 0 0 0 0 0 0 
0 0 1024 0 0 0 0 0 0 753 271 0 0 0 0 0 0 1024 0 0 0 0 0 0 
0 0 1005 19 0 0 0 0 0 94 930 0 0 0 0 0 0 1024 0 0 0 0 0 0 
3 228 711 81 1 0 0 0 11 301 708 3 1 0 0 0 169 846 5 3 1 0 0 0 
25 299 447 234 19 0 0 0 25 350 602 30 17 0 0 0 157 719 101 23 24 0 0 0 
27 67 500 429 1 0 0 0 26 155 783 59 1 0 0 0 63 730 158 63 10 0 0 0 
0 0 720 304 0 0 0 0 0 0 1024 0 0 0 0 0 0 1024 0 0 0 0 0 0 
0 0 586 438 0 0 0 0 0 5 1019 0 0 0 0 0 0 1024 0 0 0 0 0 0 
1 44 747 232 0 0 0 0 1 55 968 0 0 0 0 0 0 1023 1 0 0 0 0 0 
1 109 847 67 0 0 0 0 1 130 893 0 0 0 0 0 5 1019 0 0 0 0 0 0 
17 373 632 2 0 0 0 0 94 531 399 0 0 0 0 0 372 652 0 0 0 0 0 0 
159 433 416 16 0 0 0 0 177 531 296 20 0 0 0 0 550 408 50 16 0 0 0 0 
47 496 406 75 0 0 0 0 17 611 323 73 0 0 0 0 396 413 131 84 0 0 0 0 
11 360 650 3 0 0 0 0 9 753 260 2 0 0 0 0 14 1002 5 3 0 0 0 0 
329 120 575 0 0 0 0 0 347 607 70 0 0 0 0 0 346 678 0 0 0 0 0 0 
491 112 421 0 0 0 0 0 508 516 0 0 0 0 0 0 581 443 0 0 0 0 0 0 
656 276 92 0 0 0 0 0 714 310 0 0 0 0 0 0 948 76 0 0 0 0 0 0 
848 170 6 0 0 0 0 0 899 125 0 0 0 0 0 0 1009 15 0 0 0 0 0 0 
826 198 0 0 0 0 0 0 835 189 0 0 0 0 0 0 962 62 0 0 0 0 0 0 
620 404 0 0 0 0 0 0 629 395 0 0 0 0 0 0 989 35 0 0 0 0 0 0 
675 296 53 0 0 0 0 0 684 340 0 0 0 0 0 0 766 258 0 0 0 0 0 0 
710 60 254 0 0 0 0 0 720 304 0 0 0 0 0 0 720 304 0 0 0 0 0 0 
660 135 229 0 0 0 0 0 656 310 58 0 0 0 0 0 442 582 0 0 0 0 0 0 
276 362 99 41 231 15 0 0 302 360 82 38 233 9 0 0 264 450 23 36 49 202 0 0 
14 450 50 79 146 150 135 0 55 399 52 86 140 232 60 0 365 92 47 63 64 209 184 0 
103 803 76 13 24 1 3 1 50 825 99 20 25 1 3 1 71 820 77 20 19 12 1 4 
0 950 74 0 0 0 0 0 1 954 69 0 0 0 0 0 0 936 88 0 0 0 0 0 
2 1006 16 0 0 0 0 0 8 1007 9 0 0 0 0 0 1 1023 0 0 0 0 0 0 
26 998 0 0 0 0 0 0 39 985 0 0 0 0 0 0 1 1023 0 0 0 0 0 0 
24 1000 0 0 0 0 0 0 38 986 0 0 0 0 0 0 1 1023 0 0 0 0 0 0 
37 987 0 0 0 0 0 0 39 985 0 0 0 0 0 0 0 1024 0 0 0 0 0 0 
406 476 15 104 23 0 0 0 368 509 21 119 7 0 0 0 377 504 14 61 68 0 0 0 
107 382 87 265 38 141 4 0 110 318 151 279 26 140 0 0 108 392 71 217 93 142 1 0 
532 389 36 60 5 2 0 0 516 392 58 52 5 1 0 0 297 624 36 61 4 2 0 0 
943 81 0 0 0 0 0 0 941 83 0 0 0 0 0 0 909 115 0 0 0 0 0 0 
1024 0 0 0 0 0 0 0 1024 0 0 0 0 0 0 0 1024 0 0 0 0 0 0 0 
1024 0 0 0 0 0 0 0 1024 0 0 0 0 0 0 0 1022 2 0 0 0 0 0 0 
1024 0 0 0 0 0 0 0 1024 0 0 0 0 0 0 0 1024 0 0 0 0 0 0 0 
1006 18 0 0 0 0 0 0 1007 17 0 0 0 0 0 0 1017 7 0 0 0 0 0 0 
1024 0 0 0 0 0 0 0 1024 0 0 0 0 0 0 0 1024 0 0 0 0 0 0 0 
1022 2 0 0 0 0 0 0 1021 3 0 0 0 0 0 0 965 59 0 0 0 0 0 0 
995 29 0 0 0 0 0 0 980 44 0 0 0 0 0 0 674 350 0 0 0 0 0 0 
700 324 0 0 0 0 0 0 694 330 0 0 0 0 0 0 177 847 0 0 0 0 0 0 
201 653 65 29 58 18 0 0 149 622 98 75 63 17 0 0 20 815 59 33 37 60 0 0 
44 706 104 36 50 84 0 0 38 560 177 108 51 90 0 0 26 705 76 76 19 69 53 0 
32 939 12 10 19 8 4 0 13 952 19 9 19 7 5 0 5 923 52 8 12 17 6 1 
4 1020 0 0 0 0 0 0 1 1023 0 0 0 0 0 0 0 978 46 0 0 0 0 0 
13 1011 0 0 0 0 0 0 16 1006 2 0 0 0 0 0 0 970 54 0 0 0 0 0 
4 1019 1 0 0 0 0 0 4 1019 1 0 0 0 0 0 0 942 82 0 0 0 0 0 
58 965 1 0 0 0 0 0 62 961 1 0 0 0 0 0 58 860 106 0 0 0 0 0 
122 888 5 9 0 0 0 0 126 882 6 5 5 0 0 0 108 872 34 4 6 0 0 0 
140 787 15 26 56 0 0 0 150 777 10 54 33 0 0 0 117 810 9 16 72 0 0 0 
223 614 15 162 10 0 0 0 217 618 17 171 1 0 0 0 118 714 15 21 156 0 0 0 
327 419 15 263 0 0 0 0 313 431 17 263 0 0 0 0 154 590 17 240 23 0 0 0 
487 164 28 345 0 0 0 0 475 176 78 295 0 0 0 0 276 375 20 353 0 0 0 0 
506 47 421 50 0 0 0 0 499 55 465 5 0 0 0 0 346 208 120 350 0 0 0 0 
463 45 516 0 0 0 0 0 466 47 511 0 0 0 0 0 441 62 519 2 0 0 0 0 
487 57 480 0 0 0 0 0 491 68 465 0 0 0 0 0 483 56 485 0 0 0 0 0 
515 363 146 0 0 0 0 0 517 468 39 0 0 0 0 0 512 195 317 0 0 0 0 0 
766 26 232 0 0 0 0 0 766 25 233 0 0 0 0 0 700 98 187 39 0 0 0 0 
638 76 154 156 0 0 0 0 609 107 178 130 0 0 0 0 405 312 24 283 0 0 0 0 
408 241 21 354 0 0 0 0 369 280 21 354 0 0 0 0 174 475 19 340 16 0 0 0 
200 383 17 424 0 0 0 0 179 403 15 427 0 0 0 0 136 446 13 77 352 0 0 0 
168 348 13 254 241 0 0 0 149 367 12 411 85 0 0 0 139 372 13 27 473 0 0 0 
125 324 8 26 541 0 0 0 132 312 12 35 533 0 0 0 120 321 14 12 557 0 0 0 
129 274 24 34 563 0 0 0 135 268 28 30 563 0 0 0 115 274 31 27 577 0 0 0 
146 256 32 26 564 0 0 0 135 270 31 26 562 0 0 0 116 275 38 19 569 7 0 0 
133 270 32 26 563 0 0 0 128 278 28 30 560 0 0 0 114 280 27 30 547 26 0 0 
605 148 20 37 214 0 0 0 606 147 20 39 212 0 0 0 579 174 15 26 226 4 0 0 
133 279 20 36 556 0 0 0 77 338 23 36 550 0 0 0 50 354 24 30 562 4 0 0 
121 314 20 26 543 0 0 0 80 358 19 30 537 0 0 0 0 427 23 20 554 0 0 0 
357 163 16 108 380 0 0 0 344 181 15 287 197 0 0 0 16 502 15 17 474 0 0 0 
541 78 13 377 15 0 0 0 534 91 19 380 0 0 0 0 135 482 14 33 360 0 0 0 
703 27 19 275 0 0 0 0 707 29 18 270 0 0 0 0 491 236 19 266 12 0 0 0 
817 22 24 161 0 0 0 0 822 23 39 140 0 0 0 0 802 35 17 170 0 0 0 0 
927 26 49 22 0 0 0 0 934 22 66 2 0 0 0 0 921 28 26 49 0 0 0 0 
1020 4 0 0 0 0 0 0 1020 4 0 0 0 0 0 0 1017 6 1 0 0 0 0 0 
1024 0 0 0 0 0 0 0 1024 0 0 0 0 0 0 0 1024 0 0 0 0 0 0 0 
1024 0 0 0 0 0 0 0 1024 0 0 0 0 0 0 0 1024 0 0 0 0 0 0 0 
