0 650 254 69 26 9 7 9 48 652 175 61 45 19 12 12 389 558 36 14 6 6 3 12 
78 892 54 0 0 0 0 0 197 816 11 0 0 0 0 0 833 191 0 0 0 0 0 0 
0 407 617 0 0 0 0 0 0 720 304 0 0 0 0 0 302 722 0 0 0 0 0 0 
0 30 968 26 0 0 0 0 0 206 818 0 0 0 0 0 56 967 1 0 0 0 0 0 
0 0 643 381 0 0 0 0 0 47 916 61 0 0 0 0 13 886 125 0 0 0 0 0 
0 0 361 655 8 0 0 0 0 21 689 314 0 0 0 0 5 628 391 0 0 0 0 0 
0 0 219 731 74 0 0 0 0 14 551 459 0 0 0 0 5 497 522 0 0 0 0 0 
0 0 313 652 59 0 0 0 0 20 585 419 0 0 0 0 0 513 511 0 0 0 0 0 
0 0 531 493 0 0 0 0 0 60 856 108 0 0 0 0 2 739 283 0 0 0 0 0 
0 19 350 550 105 0 0 0 0 135 480 407 2 0 0 0 33 556 435 0 0 0 0 0 
0 55 325 411 233 0 0 0 0 97 426 493 8 0 0 0 40 361 613 10 0 0 0 0 
371 525 124 4 0 0 0 0 548 390 86 0 0 0 0 0 818 188 18 0 0 0 0 0 
104 915 5 0 0 0 0 0 579 442 3 0 0 0 0 0 1017 7 0 0 0 0 0 0 
323 637 24 12 16 8 4 0 533 422 20 16 12 12 8 1 988 24 8 3 1 0 0 0 
44 349 229 156 145 84 17 0 49 287 208 146 136 126 64 8 819 168 25 10 2 0 0 0 
36 233 210 225 163 104 48 5 84 197 188 183 150 110 86 26 508 317 128 37 16 5 9 4 
0 197 145 224 219 153 84 2 12 132 151 184 200 211 111 23 425 301 165 88 39 6 0 0 
0 0 65 222 191 151 133 262 0 2 46 76 244 167 171 318 20 281 211 109 80 62 62 199 
19 408 195 104 92 90 69 47 26 415 171 46 112 85 101 68 295 423 118 73 65 21 22 7 
74 811 139 0 0 0 0 0 115 819 90 0 0 0 0 0 775 249 0 0 0 0 0 0 
0 428 596 0 0 0 0 0 5 723 296 0 0 0 0 0 481 543 0 0 0 0 0 0 
0 296 727 1 0 0 0 0 0 663 361 0 0 0 0 0 346 678 0 0 0 0 0 0 
0 301 723 0 0 0 0 0 0 766 258 0 0 0 0 0 344 680 0 0 0 0 0 0 
0 291 719 14 0 0 0 0 6 679 337 2 0 0 0 0 509 511 4 0 0 0 0 0 
0 254 766 4 0 0 0 0 0 744 280 0 0 0 0 0 573 451 0 0 0 0 0 0 
0 407 617 0 0 0 0 0 26 879 119 0 0 0 0 0 710 314 0 0 0 0 0 0 
0 2 849 173 0 0 0 0 0 259 765 0 0 0 0 0 154 869 1 0 0 0 0 0 
189 478 357 0 0 0 0 0 261 670 93 0 0 0 0 0 792 232 0 0 0 0 0 0 
398 626 0 0 0 0 0 0 971 53 0 0 0 0 0 0 1024 0 0 0 0 0 0 0 
545 479 0 0 0 0 0 0 862 162 0 0 0 0 0 0 1024 0 0 0 0 0 0 0 
819 205 0 0 0 0 0 0 944 80 0 0 0 0 0 0 1024 0 0 0 0 0 0 0 
237 727 60 0 0 0 0 0 445 501 78 0 0 0 0 0 1007 17 0 0 0 0 0 0 
140 673 196 14 1 0 0 0 278 653 78 13 2 0 0 0 873 147 4 0 0 0 0 0 
123 499 285 63 36 12 6 0 244 544 134 58 33 7 4 0 653 289 54 20 8 0 0 0 
0 0 0 16 78 139 268 523 0 0 0 4 30 127 211 652 26 53 68 107 182 286 204 98 
0 0 21 187 205 217 257 137 0 0 5 33 206 220 322 238 143 219 161 143 139 145 62 12 
0 61 361 41 81 163 176 141 0 80 335 34 57 111 176 231 126 426 113 118 113 98 29 1 
62 430 478 23 12 10 6 3 7 504 458 21 8 12 8 6 433 555 20 9 5 2 0 0 
0 430 594 0 0 0 0 0 0 649 375 0 0 0 0 0 465 559 0 0 0 0 0 0 
0 305 719 0 0 0 0 0 0 603 421 0 0 0 0 0 410 614 0 0 0 0 0 0 
0 360 664 0 0 0 0 0 2 818 204 0 0 0 0 0 454 570 0 0 0 0 0 0 
0 423 601 0 0 0 0 0 15 991 18 0 0 0 0 0 556 468 0 0 0 0 0 0 
1 541 462 20 0 0 0 0 8 940 76 0 0 0 0 0 612 412 0 0 0 0 0 0 
0 478 496 50 0 0 0 0 39 721 264 0 0 0 0 0 744 280 0 0 0 0 0 0 
265 748 9 2 0 0 0 0 840 179 4 1 0 0 0 0 1015 7 2 0 0 0 0 0 
416 608 0 0 0 0 0 0 827 197 0 0 0 0 0 0 1023 1 0 0 0 0 0 0 
865 151 8 0 0 0 0 0 952 71 1 0 0 0 0 0 1010 14 0 0 0 0 0 0 
774 250 0 0 0 0 0 0 930 94 0 0 0 0 0 0 1023 1 0 0 0 0 0 0 
675 349 0 0 0 0 0 0 915 109 0 0 0 0 0 0 1024 0 0 0 0 0 0 0 
659 361 4 0 0 0 0 0 927 97 0 0 0 0 0 0 1024 0 0 0 0 0 0 0 
285 680 43 10 6 0 0 0 403 546 48 16 10 1 0 0 1006 15 3 0 0 0 0 0 
0 0 0 0 6 110 281 627 0 0 0 0 0 27 194 803 1 21 67 147 239 279 200 70 
0 0 0 36 122 139 283 444 0 0 0 1 57 147 244 575 55 76 60 150 252 256 128 47 
0 0 0 11 30 108 371 504 0 0 0 1 24 55 223 721 18 83 136 221 235 200 110 21 
0 79 68 34 66 175 314 288 0 63 80 24 40 110 313 394 41 191 127 221 208 159 75 2 
0 491 283 39 18 22 27 144 0 585 182 42 16 22 21 156 332 445 43 25 29 67 71 12 
0 441 583 0 0 0 0 0 0 983 41 0 0 0 0 0 594 430 0 0 0 0 0 0 
0 531 493 0 0 0 0 0 0 955 69 0 0 0 0 0 747 277 0 0 0 0 0 0 
0 668 356 0 0 0 0 0 3 847 174 0 0 0 0 0 756 268 0 0 0 0 0 0 
0 376 520 128 0 0 0 0 8 618 398 0 0 0 0 0 489 532 3 0 0 0 0 0 
0 561 448 15 0 0 0 0 34 871 119 0 0 0 0 0 706 315 3 0 0 0 0 0 
429 581 14 0 0 0 0 0 706 312 6 0 0 0 0 0 929 95 0 0 0 0 0 0 
719 242 60 3 0 0 0 0 862 131 31 0 0 0 0 0 957 67 0 0 0 0 0 0 
767 253 4 0 0 0 0 0 942 82 0 0 0 0 0 0 1016 8 0 0 0 0 0 0 
777 247 0 0 0 0 0 0 946 78 0 0 0 0 0 0 1024 0 0 0 0 0 0 0 
548 395 57 19 5 0 0 0 614 296 76 25 10 3 0 0 978 38 7 1 0 0 0 0 
293 579 87 42 11 10 2 0 291 522 121 48 22 9 9 2 937 63 19 4 1 0 0 0 
5 539 283 125 57 10 4 1 4 375 332 191 83 33 5 1 789 173 43 12 4 2 1 0 
0 0 0 9 108 254 314 339 0 0 0 0 37 187 306 494 24 85 194 209 200 133 117 62 
0 0 0 0 15 217 456 336 0 0 0 0 0 52 409 563 1 49 144 246 245 188 122 29 
0 0 0 0 7 46 513 458 0 0 0 0 0 14 199 811 1 12 30 111 331 324 148 67 
0 0 0 0 10 91 548 375 0 0 0 0 3 53 299 669 0 1 36 135 359 412 79 2 
0 0 10 15 11 38 594 356 0 0 12 12 9 10 292 689 0 17 21 109 364 377 113 23 
0 240 335 44 102 167 128 8 0 279 283 42 52 109 216 43 266 347 168 137 98 8 0 0 
0 596 424 3 1 0 0 0 0 727 293 3 1 0 0 0 694 328 2 0 0 0 0 0 
0 688 336 0 0 0 0 0 3 944 77 0 0 0 0 0 799 225 0 0 0 0 0 0 
0 446 376 160 18 8 16 0 7 642 251 95 10 19 0 0 578 328 90 11 17 0 0 0 
0 12 88 92 253 353 226 0 2 56 250 426 133 157 0 0 17 186 405 218 173 25 0 0 
173 457 102 90 202 0 0 0 228 491 233 72 0 0 0 0 350 407 267 0 0 0 0 0 
486 437 97 4 0 0 0 0 545 423 56 0 0 0 0 0 686 323 15 0 0 0 0 0 
503 492 26 2 1 0 0 0 550 432 38 2 2 0 0 0 1006 15 3 0 0 0 0 0 
239 589 148 38 9 1 0 0 269 510 178 50 12 5 0 0 887 107 25 5 0 0 0 0 
126 822 70 6 0 0 0 0 182 711 122 9 0 0 0 0 983 37 4 0 0 0 0 0 
233 218 245 176 90 39 16 7 220 130 271 192 126 54 22 9 576 278 95 45 14 9 6 1 
0 238 464 203 102 16 1 0 0 147 371 246 148 95 17 0 756 211 43 13 1 0 0 0 
0 0 0 0 35 110 411 468 0 0 0 0 12 72 238 702 2 28 131 261 295 225 78 4 
0 0 0 6 77 165 527 249 0 0 0 0 11 118 316 579 13 73 112 212 355 205 51 3 
0 0 0 0 5 190 540 289 0 0 0 0 0 47 397 580 0 0 51 294 344 252 77 6 
0 0 0 0 14 181 501 328 0 0 0 0 10 63 278 673 0 2 102 261 275 267 107 10 
0 0 0 0 0 136 660 228 0 0 0 0 0 28 395 601 0 5 59 295 368 265 32 0 
0 0 0 26 186 546 242 24 0 0 0 19 31 368 471 135 1 96 381 401 126 19 0 0 
0 190 96 172 247 214 101 4 0 217 93 70 180 259 165 40 205 261 247 228 68 13 2 0 
0 303 279 167 127 127 21 0 0 397 272 112 28 82 126 7 385 324 167 123 25 0 0 0 
0 161 410 263 119 39 32 0 0 377 351 198 74 24 0 0 272 484 191 74 3 0 0 0 
0 0 19 120 278 342 265 0 0 18 185 424 299 98 0 0 0 74 349 434 167 0 0 0 
5 13 12 168 534 255 37 0 9 17 428 498 72 0 0 0 12 44 622 339 7 0 0 0 
106 221 210 459 28 0 0 0 149 341 534 0 0 0 0 0 292 492 240 0 0 0 0 0 
198 561 140 63 56 6 0 0 266 608 142 7 1 0 0 0 796 224 3 1 0 0 0 0 
95 559 233 103 27 7 0 0 22 492 300 132 64 13 1 0 749 207 60 8 0 0 0 0 
14 770 206 34 0 0 0 0 9 627 300 76 12 0 0 0 859 147 18 0 0 0 0 0 
242 326 283 125 43 5 0 0 228 183 321 195 72 25 0 0 730 228 56 10 0 0 0 0 
263 286 278 167 29 1 0 0 241 211 268 184 108 11 1 0 757 225 41 1 0 0 0 0 
0 0 47 83 50 105 313 426 0 0 42 90 43 80 235 534 3 37 105 240 243 223 152 21 
0 0 85 135 67 79 313 345 0 0 80 132 38 68 190 516 10 38 142 167 190 234 183 60 
0 15 241 106 48 106 332 176 0 9 234 104 45 53 222 357 0 66 296 163 259 189 46 5 
0 57 368 109 73 106 224 87 0 82 409 61 77 56 139 200 1 303 300 122 184 97 17 0 
0 20 402 72 75 170 255 30 0 24 433 81 157 33 193 103 0 225 334 300 151 14 0 0 
0 112 524 52 76 109 126 25 0 89 533 62 38 79 136 87 2 212 553 164 86 7 0 0 
0 219 363 160 100 137 35 10 0 180 393 130 86 112 110 13 3 277 455 211 49 15 14 0 
0 218 283 123 172 155 73 0 0 218 281 130 151 59 174 11 12 229 334 264 176 9 0 0 
19 268 187 207 222 113 8 0 50 325 182 215 191 55 6 0 80 365 258 134 98 71 18 0 
0 23 308 272 278 118 25 0 4 298 350 304 67 1 0 0 130 339 385 151 19 0 0 0 
1 76 137 136 292 215 132 35 1 102 209 395 85 61 124 47 0 57 254 379 85 47 88 114 
76 691 57 80 20 22 78 0 35 744 94 26 22 24 79 0 1 702 157 29 22 22 49 42 
568 421 34 1 0 0 0 0 560 464 0 0 0 0 0 0 291 733 0 0 0 0 0 0 
442 575 7 0 0 0 0 0 162 804 57 1 0 0 0 0 675 349 0 0 0 0 0 0 
363 655 6 0 0 0 0 0 66 799 159 0 0 0 0 0 997 27 0 0 0 0 0 0 
162 779 70 13 0 0 0 0 17 666 314 27 0 0 0 0 930 88 6 0 0 0 0 0 
439 123 101 92 168 101 0 0 449 191 134 177 73 0 0 0 557 199 229 39 0 0 0 0 
0 69 216 439 283 17 0 0 0 77 297 409 233 8 0 0 0 98 359 436 121 10 0 0 
0 293 390 311 30 0 0 0 0 290 456 267 11 0 0 0 74 357 419 171 3 0 0 0 
12 330 559 117 6 0 0 0 4 269 652 94 5 0 0 0 185 217 572 45 5 0 0 0 
51 324 601 48 0 0 0 0 32 365 589 38 0 0 0 0 99 335 557 32 1 0 0 0 
32 203 547 200 40 2 0 0 41 266 664 50 3 0 0 0 92 314 594 24 0 0 0 0 
0 47 813 164 0 0 0 0 0 51 866 107 0 0 0 0 0 60 899 65 0 0 0 0 
0 73 348 601 2 0 0 0 0 80 359 583 2 0 0 0 0 70 360 592 2 0 0 0 
10 97 250 618 49 0 0 0 4 104 248 618 50 0 0 0 21 93 197 581 132 0 0 0 
0 100 190 263 285 175 11 0 0 100 194 253 261 202 14 0 0 57 174 211 228 280 72 2 
2 425 349 91 30 38 48 41 32 583 205 47 29 39 44 45 58 474 268 46 35 25 42 76 
0 497 131 47 46 49 154 100 0 496 131 48 45 49 119 136 0 338 198 106 50 46 74 212 
68 956 0 0 0 0 0 0 49 975 0 0 0 0 0 0 21 1003 0 0 0 0 0 0 
778 184 60 2 0 0 0 0 844 180 0 0 0 0 0 0 629 395 0 0 0 0 0 0 
867 157 0 0 0 0 0 0 809 215 0 0 0 0 0 0 866 158 0 0 0 0 0 0 
305 697 22 0 0 0 0 0 78 908 38 0 0 0 0 0 965 59 0 0 0 0 0 0 
174 844 6 0 0 0 0 0 21 998 5 0 0 0 0 0 1011 13 0 0 0 0 0 0 
48 427 99 129 251 70 0 0 25 350 369 232 48 0 0 0 311 403 291 19 0 0 0 0 
2 843 130 27 13 9 0 0 0 546 437 17 14 10 0 0 291 662 45 15 11 0 0 0 
7 990 25 2 0 0 0 0 16 629 379 0 0 0 0 0 647 372 5 0 0 0 0 0 
11 952 55 6 0 0 0 0 14 856 147 7 0 0 0 0 804 201 14 5 0 0 0 0 
202 432 283 107 0 0 0 0 29 648 268 79 0 0 0 0 181 509 281 49 4 0 0 0 
191 464 352 17 0 0 0 0 143 585 268 28 0 0 0 0 283 450 249 40 2 0 0 0 
79 432 474 34 4 1 0 0 166 572 260 22 3 1 0 0 260 536 212 15 1 0 0 0 
22 158 658 119 47 20 0 0 27 178 683 135 1 0 0 0 37 181 687 118 1 0 0 0 
9 176 149 104 163 423 0 0 24 226 235 477 62 0 0 0 95 259 479 190 1 0 0 0 
10 406 313 94 53 146 2 0 25 420 302 242 32 3 0 0 37 393 326 237 25 6 0 0 
30 427 313 125 71 37 21 0 69 401 296 117 74 42 25 0 85 353 252 150 87 62 33 2 
0 257 344 218 132 46 27 0 0 256 309 234 145 52 28 0 0 202 250 221 200 105 44 2 
141 422 404 53 4 0 0 0 127 426 389 76 6 0 0 0 56 440 238 258 31 1 0 0 
353 571 91 9 0 0 0 0 380 562 82 0 0 0 0 0 368 537 119 0 0 0 0 0 
999 25 0 0 0 0 0 0 999 25 0 0 0 0 0 0 999 25 0 0 0 0 0 0 
292 464 267 1 0 0 0 0 281 534 209 0 0 0 0 0 628 395 1 0 0 0 0 0 
0 995 29 0 0 0 0 0 0 1005 19 0 0 0 0 0 796 228 0 0 0 0 0 0 
186 588 195 45 8 2 0 0 78 275 594 65 10 2 0 0 267 656 83 16 2 0 0 0 
0 1018 6 0 0 0 0 0 3 1020 1 0 0 0 0 0 205 819 0 0 0 0 0 0 
54 966 4 0 0 0 0 0 105 891 28 0 0 0 0 0 899 125 0 0 0 0 0 0 
5 1009 10 0 0 0 0 0 84 933 7 0 0 0 0 0 873 151 0 0 0 0 0 0 
178 247 518 81 0 0 0 0 35 476 375 138 0 0 0 0 221 347 329 127 0 0 0 0 
458 273 254 39 0 0 0 0 344 538 142 0 0 0 0 0 607 331 86 0 0 0 0 0 
465 250 174 17 35 45 38 0 391 403 94 29 43 57 7 0 628 259 26 49 57 5 0 0 
281 242 439 37 15 5 5 0 291 295 385 33 11 6 3 0 332 308 320 47 10 6 1 0 
40 224 129 98 348 106 77 2 95 199 433 177 12 74 34 0 204 207 472 33 75 33 0 0 
31 140 74 223 324 193 39 0 31 174 337 361 62 59 0 0 14 364 508 59 72 7 0 0 
320 664 13 9 14 4 0 0 312 677 13 13 9 0 0 0 208 783 19 13 1 0 0 0 
314 614 34 41 21 0 0 0 359 570 31 27 37 0 0 0 347 566 45 17 49 0 0 0 
25 795 176 28 0 0 0 0 35 789 172 28 0 0 0 0 51 735 193 45 0 0 0 0 
21 928 75 0 0 0 0 0 37 881 106 0 0 0 0 0 56 821 147 0 0 0 0 0 
1002 22 0 0 0 0 0 0 1002 22 0 0 0 0 0 0 995 29 0 0 0 0 0 0 
340 95 562 27 0 0 0 0 341 138 533 12 0 0 0 0 388 608 28 0 0 0 0 0 
0 506 474 11 18 15 0 0 0 718 239 37 23 7 0 0 386 579 31 21 7 0 0 0 
169 576 206 16 23 34 0 0 22 410 500 37 38 17 0 0 281 639 40 27 37 0 0 0 
0 1018 6 0 0 0 0 0 1 938 85 0 0 0 0 0 807 217 0 0 0 0 0 0 
73 951 0 0 0 0 0 0 144 842 38 0 0 0 0 0 1024 0 0 0 0 0 0 0 
49 974 1 0 0 0 0 0 160 862 2 0 0 0 0 0 1015 9 0 0 0 0 0 0 
399 611 14 0 0 0 0 0 137 870 14 3 0 0 0 0 983 29 12 0 0 0 0 0 
581 443 0 0 0 0 0 0 244 780 0 0 0 0 0 0 1024 0 0 0 0 0 0 0 
137 276 174 106 40 41 91 159 155 276 188 89 45 61 175 35 371 200 126 46 66 150 59 6 
608 92 200 116 3 2 3 0 523 192 207 95 1 3 3 0 685 196 130 5 1 4 3 0 
391 441 47 20 35 33 57 0 496 371 26 16 31 68 16 0 761 117 25 34 53 34 0 0 
158 378 223 96 65 80 24 0 220 448 132 98 68 58 0 0 382 357 135 85 65 0 0 0 
503 52 28 106 264 70 1 0 510 49 78 238 142 7 0 0 508 119 261 133 3 0 0 0 
624 70 29 42 233 26 0 0 605 89 26 37 227 40 0 0 236 442 31 32 139 136 8 0 
588 197 28 27 43 141 0 0 591 194 27 29 39 144 0 0 481 290 35 27 31 109 51 0 
569 455 0 0 0 0 0 0 720 304 0 0 0 0 0 0 872 152 0 0 0 0 0 0 
1024 0 0 0 0 0 0 0 1024 0 0 0 0 0 0 0 1024 0 0 0 0 0 0 0 
212 292 503 17 0 0 0 0 201 353 466 4 0 0 0 0 401 613 10 0 0 0 0 0 
0 475 536 13 0 0 0 0 0 517 501 6 0 0 0 0 252 765 7 0 0 0 0 0 
254 624 94 11 39 2 0 0 67 448 463 45 1 0 0 0 383 593 47 1 0 0 0 0 
19 1004 1 0 0 0 0 0 50 907 67 0 0 0 0 0 970 54 0 0 0 0 0 0 
80 936 8 0 0 0 0 0 198 767 59 0 0 0 0 0 1021 3 0 0 0 0 0 0 
78 946 0 0 0 0 0 0 236 788 0 0 0 0 0 0 1024 0 0 0 0 0 0 0 
497 527 0 0 0 0 0 0 487 537 0 0 0 0 0 0 1024 0 0 0 0 0 0 0 
261 763 0 0 0 0 0 0 69 955 0 0 0 0 0 0 1018 6 0 0 0 0 0 0 
26 328 89 94 158 136 139 54 22 340 107 100 181 138 104 32 323 126 116 162 138 110 45 4 
584 128 24 69 121 41 57 0 476 236 49 125 53 58 27 0 706 49 115 64 57 33 0 0 
161 355 155 74 160 102 17 0 217 349 146 135 123 54 0 0 467 215 133 143 66 0 0 0 
102 146 184 195 185 187 25 0 135 176 206 247 205 52 3 0 211 252 260 242 56 3 0 0 
576 57 21 71 226 72 1 0 609 28 53 208 112 14 0 0 563 114 202 125 20 0 0 0 
586 168 19 40 43 168 0 0 471 283 15 38 36 181 0 0 175 565 23 20 47 119 75 0 
697 96 15 17 28 171 0 0 696 94 17 16 26 175 0 0 546 230 24 14 21 71 118 0 
1024 0 0 0 0 0 0 0 1024 0 0 0 0 0 0 0 1024 0 0 0 0 0 0 0 
1024 0 0 0 0 0 0 0 1024 0 0 0 0 0 0 0 1024 0 0 0 0 0 0 0 
102 921 1 0 0 0 0 0 81 931 12 0 0 0 0 0 764 260 0 0 0 0 0 0 
28 823 173 0 0 0 0 0 27 777 199 21 0 0 0 0 463 538 23 0 0 0 0 0 
4 385 226 213 196 0 0 0 5 314 506 198 1 0 0 0 106 684 233 1 0 0 0 0 
