0 0 3 1021 0 0 0 0 0 509 515 0 0 0 0 0 934 90 0 0 0 0 0 0 
0 0 0 1024 0 0 0 0 0 55 969 0 0 0 0 0 694 330 0 0 0 0 0 0 
0 0 0 1024 0 0 0 0 0 0 1024 0 0 0 0 0 683 341 0 0 0 0 0 0 
0 0 0 1024 0 0 0 0 0 0 1024 0 0 0 0 0 472 552 0 0 0 0 0 0 
0 0 0 648 376 0 0 0 0 0 1024 0 0 0 0 0 326 698 0 0 0 0 0 0 
0 0 0 428 596 0 0 0 0 0 1024 0 0 0 0 0 200 824 0 0 0 0 0 0 
0 0 0 224 800 0 0 0 0 0 1024 0 0 0 0 0 3 1021 0 0 0 0 0 0 
0 0 0 40 984 0 0 0 0 0 1024 0 0 0 0 0 9 1015 0 0 0 0 0 0 
0 0 0 3 1021 0 0 0 0 0 1024 0 0 0 0 0 0 1024 0 0 0 0 0 0 
0 0 0 0 1024 0 0 0 0 0 1024 0 0 0 0 0 0 1024 0 0 0 0 0 0 
0 0 0 0 1024 0 0 0 0 0 1024 0 0 0 0 0 32 992 0 0 0 0 0 0 
0 0 0 0 1024 0 0 0 0 0 1024 0 0 0 0 0 0 1024 0 0 0 0 0 0 
0 0 0 0 1024 0 0 0 0 0 1024 0 0 0 0 0 0 1024 0 0 0 0 0 0 
0 0 0 0 1024 0 0 0 0 0 1024 0 0 0 0 0 0 1024 0 0 0 0 0 0 
0 0 0 0 1024 0 0 0 0 0 1024 0 0 0 0 0 0 1024 0 0 0 0 0 0 
0 0 0 11 1013 0 0 0 0 0 1024 0 0 0 0 0 0 1021 3 0 0 0 0 0 
0 0 0 62 962 0 0 0 0 0 956 68 0 0 0 0 0 925 99 0 0 0 0 0 
0 0 0 139 885 0 0 0 0 0 833 191 0 0 0 0 0 814 210 0 0 0 0 0 
0 0 0 258 766 0 0 0 0 0 737 287 0 0 0 0 0 712 312 0 0 0 0 0 
0 0 0 694 330 0 0 0 0 0 644 380 0 0 0 0 0 606 418 0 0 0 0 0 
0 0 0 983 41 0 0 0 0 0 599 425 0 0 0 0 4 504 516 0 0 0 0 0 
0 0 0 1024 0 0 0 0 0 0 889 135 0 0 0 0 0 407 617 0 0 0 0 0 
0 0 0 1024 0 0 0 0 0 0 1023 1 0 0 0 0 15 287 722 0 0 0 0 0 
0 0 0 1024 0 0 0 0 0 1 1023 0 0 0 0 0 8 362 654 0 0 0 0 0 
0 0 537 487 0 0 0 0 43 519 462 0 0 0 0 0 523 444 57 0 0 0 0 0 
0 0 0 1024 0 0 0 0 0 224 800 0 0 0 0 0 1024 0 0 0 0 0 0 0 
0 0 0 1024 0 0 0 0 0 0 1024 0 0 0 0 0 1024 0 0 0 0 0 0 0 
0 0 0 496 528 0 0 0 0 0 1024 0 0 0 0 0 999 25 0 0 0 0 0 0 
0 0 0 80 944 0 0 0 0 0 1024 0 0 0 0 0 1006 18 0 0 0 0 0 0 
0 0 0 40 984 0 0 0 0 0 1024 0 0 0 0 0 1008 16 0 0 0 0 0 0 
0 0 0 0 1024 0 0 0 0 0 1024 0 0 0 0 0 986 38 0 0 0 0 0 0 
0 0 0 17 1007 0 0 0 0 0 1024 0 0 0 0 0 812 212 0 0 0 0 0 0 
0 0 0 76 948 0 0 0 0 0 1024 0 0 0 0 0 475 545 4 0 0 0 0 0 
0 0 0 87 937 0 0 0 0 0 1018 6 0 0 0 0 119 816 89 0 0 0 0 0 
0 0 0 27 997 0 0 0 0 0 946 78 0 0 0 0 23 711 290 0 0 0 0 0 
0 0 0 29 995 0 0 0 0 0 621 403 0 0 0 0 19 564 441 0 0 0 0 0 
0 0 0 7 1017 0 0 0 0 0 487 537 0 0 0 0 0 475 549 0 0 0 0 0 
0 0 0 3 1021 0 0 0 0 0 365 659 0 0 0 0 0 335 689 0 0 0 0 0 
0 0 0 9 1015 0 0 0 0 0 243 781 0 0 0 0 0 234 790 0 0 0 0 0 
0 0 0 4 1020 0 0 0 0 0 130 894 0 0 0 0 0 112 912 0 0 0 0 0 
0 0 0 9 1015 0 0 0 0 0 31 993 0 0 0 0 0 6 1018 0 0 0 0 0 
0 0 0 0 988 36 0 0 0 0 0 1024 0 0 0 0 0 65 959 0 0 0 0 0 
0 0 0 0 908 116 0 0 0 0 8 1016 0 0 0 0 8 174 842 0 0 0 0 0 
0 0 0 4 804 216 0 0 0 0 6 1018 0 0 0 0 63 206 755 0 0 0 0 0 
0 0 0 46 702 276 0 0 0 0 51 973 0 0 0 0 150 210 664 0 0 0 0 0 
0 0 0 415 335 274 0 0 0 0 465 559 0 0 0 0 270 173 581 0 0 0 0 0 
0 0 0 510 387 127 0 0 0 0 762 262 0 0 0 0 451 71 502 0 0 0 0 0 
0 0 0 406 618 0 0 0 0 0 999 25 0 0 0 0 559 126 339 0 0 0 0 0 
0 0 0 368 656 0 0 0 0 0 1024 0 0 0 0 0 654 122 248 0 0 0 0 0 
0 0 303 377 344 0 0 0 4 483 537 0 0 0 0 0 874 98 52 0 0 0 0 0 
0 0 44 963 17 0 0 0 0 371 653 0 0 0 0 0 917 107 0 0 0 0 0 0 
0 0 0 646 378 0 0 0 0 149 875 0 0 0 0 0 920 104 0 0 0 0 0 0 
0 0 0 615 409 0 0 0 0 24 1000 0 0 0 0 0 584 440 0 0 0 0 0 0 
0 0 0 693 331 0 0 0 0 0 1024 0 0 0 0 0 433 591 0 0 0 0 0 0 
0 0 0 832 192 0 0 0 0 0 1024 0 0 0 0 0 253 771 0 0 0 0 0 0 
0 0 0 916 108 0 0 0 0 0 1024 0 0 0 0 0 124 900 0 0 0 0 0 0 
0 0 0 527 472 25 0 0 0 0 1008 16 0 0 0 0 22 1000 2 0 0 0 0 0 
0 0 0 25 859 127 13 0 0 0 891 133 0 0 0 0 43 923 58 0 0 0 0 0 
0 0 0 19 744 148 113 0 0 0 754 270 0 0 0 0 65 515 444 0 0 0 0 0 
0 0 0 3 658 129 234 0 0 0 512 512 0 0 0 0 82 507 435 0 0 0 0 0 
0 0 0 0 561 184 279 0 0 0 23 1001 0 0 0 0 148 360 516 0 0 0 0 0 
0 0 0 0 459 206 359 0 0 0 35 989 0 0 0 0 210 416 398 0 0 0 0 0 
0 0 0 0 357 347 320 0 0 0 16 1008 0 0 0 0 438 279 307 0 0 0 0 0 
0 0 0 0 252 644 128 0 0 0 3 1021 0 0 0 0 547 275 202 0 0 0 0 0 
0 0 0 0 168 834 22 0 0 0 0 1024 0 0 0 0 268 651 105 0 0 0 0 0 
0 0 0 0 59 902 63 0 0 0 12 965 47 0 0 0 373 606 45 0 0 0 0 0 
0 0 0 0 0 918 106 0 0 0 0 901 123 0 0 0 348 572 104 0 0 0 0 0 
0 0 0 0 0 956 68 0 0 0 0 842 182 0 0 0 438 410 176 0 0 0 0 0 
0 0 0 0 0 1019 5 0 0 0 0 767 257 0 0 0 456 333 235 0 0 0 0 0 
0 0 0 0 0 1024 0 0 0 0 31 850 143 0 0 0 550 390 84 0 0 0 0 0 
0 0 0 0 0 1024 0 0 0 0 384 640 0 0 0 0 520 440 64 0 0 0 0 0 
0 0 0 0 198 826 0 0 0 0 472 552 0 0 0 0 473 551 0 0 0 0 0 0 
0 0 0 0 556 468 0 0 0 0 408 616 0 0 0 0 397 627 0 0 0 0 0 0 
0 0 0 0 1024 0 0 0 0 0 404 620 0 0 0 0 316 708 0 0 0 0 0 0 
0 0 245 247 532 0 0 0 0 421 564 39 0 0 0 0 702 322 0 0 0 0 0 0 
50 24 65 717 168 0 0 0 78 787 159 0 0 0 0 0 738 286 0 0 0 0 0 0 
80 42 35 605 250 12 0 0 126 131 767 0 0 0 0 0 633 391 0 0 0 0 0 0 
46 35 18 443 207 275 0 0 83 25 912 4 0 0 0 0 652 372 0 0 0 0 0 0 
0 0 0 300 100 624 0 0 0 4 949 71 0 0 0 0 763 261 0 0 0 0 0 0 
0 0 0 154 64 806 0 0 0 0 509 515 0 0 0 0 799 225 0 0 0 0 0 0 
0 0 0 37 67 883 37 0 0 0 159 865 0 0 0 0 806 218 0 0 0 0 0 0 
0 0 0 0 0 774 250 0 0 0 18 1006 0 0 0 0 772 252 0 0 0 0 0 0 
0 0 0 0 0 544 480 0 0 0 0 808 216 0 0 0 659 365 0 0 0 0 0 0 
0 0 0 0 0 258 766 0 0 0 0 581 443 0 0 0 545 479 0 0 0 0 0 0 
0 0 0 0 0 116 908 0 0 0 0 475 549 0 0 0 394 619 11 0 0 0 0 0 
0 0 0 0 3 149 872 0 0 0 9 401 614 0 0 0 309 505 210 0 0 0 0 0 
0 0 0 0 0 228 796 0 0 0 62 333 629 0 0 0 256 266 502 0 0 0 0 0 
0 0 0 0 2 218 804 0 0 0 123 265 636 0 0 0 205 227 592 0 0 0 0 0 
0 0 0 0 3 304 717 0 0 0 213 165 646 0 0 0 263 151 610 0 0 0 0 0 
0 0 0 0 70 296 658 0 0 0 310 62 652 0 0 0 320 154 550 0 0 0 0 0 
0 0 0 0 101 318 605 0 0 0 371 48 605 0 0 0 385 48 591 0 0 0 0 0 
0 0 0 0 104 387 533 0 0 0 436 52 536 0 0 0 454 48 522 0 0 0 0 0 
0 0 0 0 255 574 195 0 0 0 513 48 463 0 0 0 524 118 382 0 0 0 0 0 
0 0 0 0 507 499 18 0 0 0 584 65 375 0 0 0 588 108 328 0 0 0 0 0 
0 0 0 0 663 361 0 0 0 0 653 309 62 0 0 0 660 278 86 0 0 0 0 0 
0 0 0 0 678 346 0 0 0 0 727 297 0 0 0 0 736 254 34 0 0 0 0 0 
0 0 0 55 783 186 0 0 0 0 818 206 0 0 0 0 814 209 1 0 0 0 0 0 
0 0 0 679 259 86 0 0 0 140 763 121 0 0 0 0 884 140 0 0 0 0 0 0 
0 0 3 937 84 0 0 0 0 778 220 26 0 0 0 0 1006 18 0 0 0 0 0 0 
0 0 276 451 290 7 0 0 0 664 360 0 0 0 0 0 941 83 0 0 0 0 0 0 
0 0 0 14 1010 0 0 0 0 764 260 0 0 0 0 0 1024 0 0 0 0 0 0 0 
0 0 0 0 1024 0 0 0 0 745 279 0 0 0 0 0 1024 0 0 0 0 0 0 0 
26 16 12 32 938 0 0 0 49 744 231 0 0 0 0 0 1024 0 0 0 0 0 0 0 
34 26 8 29 436 266 128 97 64 297 311 191 136 25 0 0 878 146 0 0 0 0 0 0 
0 0 0 0 0 699 143 182 0 0 1 758 206 59 0 0 179 845 0 0 0 0 0 0 
0 0 0 0 323 555 146 0 0 0 446 578 0 0 0 0 546 478 0 0 0 0 0 0 
0 0 0 8 648 58 310 0 0 10 677 335 2 0 0 0 700 324 0 0 0 0 0 0 
0 0 0 0 272 521 231 0 0 0 737 139 148 0 0 0 783 241 0 0 0 0 0 0 
0 0 0 0 63 817 144 0 0 0 655 236 133 0 0 0 866 158 0 0 0 0 0 0 
0 0 0 0 0 872 152 0 0 0 481 493 50 0 0 0 951 65 8 0 0 0 0 0 
0 0 0 0 0 909 115 0 0 0 286 738 0 0 0 0 995 29 0 0 0 0 0 0 
0 0 0 0 0 787 237 0 0 0 214 810 0 0 0 0 961 63 0 0 0 0 0 0 
0 0 0 0 0 988 36 0 0 0 412 612 0 0 0 0 1019 5 0 0 0 0 0 0 
0 0 0 0 0 590 434 0 0 0 105 919 0 0 0 0 893 131 0 0 0 0 0 0 
0 0 0 0 0 947 77 0 0 0 350 674 0 0 0 0 914 110 0 0 0 0 0 0 
0 0 0 0 0 909 115 0 0 0 275 749 0 0 0 0 982 42 0 0 0 0 0 0 
0 0 0 0 0 1004 20 0 0 0 251 773 0 0 0 0 926 98 0 0 0 0 0 0 
0 0 0 0 0 951 73 0 0 0 239 785 0 0 0 0 926 98 0 0 0 0 0 0 
0 0 0 0 72 894 58 0 0 0 355 669 0 0 0 0 911 113 0 0 0 0 0 0 
0 0 0 0 200 806 18 0 0 0 641 383 0 0 0 0 941 83 0 0 0 0 0 0 
0 0 0 0 17 866 141 0 0 0 331 693 0 0 0 0 936 88 0 0 0 0 0 0 
0 0 0 0 410 472 142 0 0 0 730 294 0 0 0 0 992 32 0 0 0 0 0 0 
0 0 0 5 685 317 17 0 0 0 936 88 0 0 0 0 1010 14 0 0 0 0 0 0 
0 0 0 271 623 130 0 0 0 131 893 0 0 0 0 0 1023 1 0 0 0 0 0 0 
0 0 176 452 303 93 0 0 0 588 387 49 0 0 0 0 807 217 0 0 0 0 0 0 
0 0 0 0 1024 0 0 0 0 80 944 0 0 0 0 0 1024 0 0 0 0 0 0 0 
0 0 0 0 1024 0 0 0 0 22 1002 0 0 0 0 0 1024 0 0 0 0 0 0 0 
0 0 0 0 492 532 0 0 0 6 1004 14 0 0 0 0 1024 0 0 0 0 0 0 0 
0 0 0 0 0 217 735 72 0 0 82 640 302 0 0 0 1024 0 0 0 0 0 0 0 
0 0 0 0 0 347 339 338 0 0 0 478 539 7 0 0 584 440 0 0 0 0 0 0 
0 0 0 0 77 947 0 0 0 0 531 493 0 0 0 0 713 311 0 0 0 0 0 0 
0 0 0 0 177 727 120 0 0 0 782 242 0 0 0 0 1021 3 0 0 0 0 0 0 
0 0 0 0 0 491 344 189 0 0 185 751 88 0 0 0 890 134 0 0 0 0 0 0 
0 0 0 0 0 110 528 386 0 0 0 686 338 0 0 0 518 506 0 0 0 0 0 0 
0 0 0 0 0 14 740 270 0 0 0 841 183 0 0 0 560 464 0 0 0 0 0 0 
0 0 0 0 0 6 602 416 0 0 0 690 334 0 0 0 520 504 0 0 0 0 0 0 
0 0 0 0 0 0 586 438 0 0 0 674 350 0 0 0 302 722 0 0 0 0 0 0 
0 0 0 0 0 60 410 554 0 0 0 494 484 46 0 0 239 785 0 0 0 0 0 0 
0 0 0 0 0 0 498 526 0 0 0 558 466 0 0 0 131 893 0 0 0 0 0 0 
0 0 0 0 0 31 396 597 0 0 0 476 530 18 0 0 238 786 0 0 0 0 0 0 
0 0 0 0 0 53 483 488 0 0 0 547 454 23 0 0 86 938 0 0 0 0 0 0 
0 5 15 2 5 56 485 456 20 3 5 613 360 23 0 0 188 826 10 0 0 0 0 0 
1 8 4 2 4 32 430 543 12 3 5 520 414 70 0 0 82 933 9 0 0 0 0 0 
0 0 0 0 0 38 824 162 0 0 0 942 82 0 0 0 398 626 0 0 0 0 0 0 
10 43 16 13 3 37 473 429 74 8 6 610 326 0 0 0 403 614 7 0 0 0 0 0 
0 0 0 0 0 76 613 335 0 0 29 642 163 148 42 0 306 536 180 2 0 0 0 0 
0 37 11 5 1 6 340 624 48 6 0 407 344 207 12 0 168 803 48 5 0 0 0 0 
18 38 13 3 0 53 400 499 66 6 5 502 341 104 0 0 313 698 13 0 0 0 0 0 
0 0 0 156 382 363 123 0 0 53 743 228 0 0 0 0 995 29 0 0 0 0 0 0 
0 0 138 375 274 237 0 0 0 363 575 86 0 0 0 0 774 250 0 0 0 0 0 0 
0 0 0 0 1024 0 0 0 0 21 1003 0 0 0 0 0 1024 0 0 0 0 0 0 0 
0 0 0 0 498 526 0 0 0 0 1024 0 0 0 0 0 1024 0 0 0 0 0 0 0 
0 0 0 0 19 1005 0 0 0 0 861 163 0 0 0 0 1024 0 0 0 0 0 0 0 
0 0 0 0 0 205 819 0 0 0 29 995 0 0 0 0 1024 0 0 0 0 0 0 0 
0 0 0 0 22 394 608 0 0 0 59 963 2 0 0 0 790 234 0 0 0 0 0 0 
0 0 0 0 0 1024 0 0 0 0 634 390 0 0 0 0 845 179 0 0 0 0 0 0 
0 0 0 0 0 634 265 125 0 0 529 449 46 0 0 0 931 93 0 0 0 0 0 0 
0 48 48 17 13 19 16 863 87 31 15 49 461 359 22 0 274 709 41 0 0 0 0 0 
0 19 55 27 14 17 16 876 72 35 18 29 276 575 19 0 212 750 59 3 0 0 0 0 
0 0 0 0 0 0 0 1024 0 0 0 3 960 61 0 0 33 991 0 0 0 0 0 0 
0 40 60 26 18 45 45 790 105 27 69 41 482 300 0 0 270 722 32 0 0 0 0 0 
0 0 0 0 0 0 1 1023 0 0 0 132 892 0 0 0 78 946 0 0 0 0 0 0 
0 38 79 16 20 24 32 815 109 35 16 38 280 421 54 71 249 598 113 61 3 0 0 0 
0 0 0 0 0 0 0 1024 0 0 0 94 879 50 1 0 64 954 6 0 0 0 0 0 
0 83 50 35 58 84 51 663 130 68 107 68 484 167 0 0 380 603 38 3 0 0 0 0 
0 0 0 0 0 0 102 922 0 0 0 277 649 98 0 0 150 874 0 0 0 0 0 0 
0 29 33 8 9 13 256 676 54 22 30 427 429 62 0 0 411 591 21 1 0 0 0 0 
1 29 10 5 18 65 147 749 40 19 69 283 483 130 0 0 362 643 17 2 0 0 0 0 
0 0 0 0 0 0 802 222 0 0 0 928 96 0 0 0 561 463 0 0 0 0 0 0 
16 51 15 33 97 98 284 430 85 74 186 362 312 5 0 0 640 359 25 0 0 0 0 0 
0 172 169 50 46 137 280 170 100 300 93 407 29 94 1 0 792 121 104 7 0 0 0 0 
3 14 16 24 38 76 239 614 26 54 78 347 382 131 6 0 396 559 60 9 0 0 0 0 
7 15 6 12 22 54 346 562 33 18 68 496 319 90 0 0 469 535 20 0 0 0 0 0 
0 0 0 242 333 335 114 0 0 120 705 199 0 0 0 0 1015 9 0 0 0 0 0 0 
0 0 107 402 435 80 0 0 0 411 551 62 0 0 0 0 793 231 0 0 0 0 0 0 
0 0 0 0 987 37 0 0 0 15 1009 0 0 0 0 0 1024 0 0 0 0 0 0 0 
0 0 0 0 314 710 0 0 0 0 1024 0 0 0 0 0 1024 0 0 0 0 0 0 0 
0 0 0 0 0 1024 0 0 0 0 969 55 0 0 0 0 1024 0 0 0 0 0 0 0 
0 0 0 0 0 731 293 0 0 0 367 657 0 0 0 0 1024 0 0 0 0 0 0 0 
0 0 0 0 83 443 498 0 0 2 253 769 0 0 0 0 972 52 0 0 0 0 0 0 
0 0 0 0 2 1022 0 0 0 0 886 138 0 0 0 0 997 27 0 0 0 0 0 0 
0 0 0 0 14 812 196 2 0 0 732 292 0 0 0 0 998 26 0 0 0 0 0 0 
0 0 16 42 40 202 330 394 15 71 179 432 140 134 43 10 652 256 99 17 0 0 0 0 
0 0 0 3 27 73 310 611 1 30 76 407 378 125 7 0 493 436 75 20 0 0 0 0 
0 0 0 0 0 0 483 541 0 0 0 699 325 0 0 0 749 275 0 0 0 0 0 0 
0 0 0 6 45 76 459 438 1 45 73 542 265 86 12 0 619 293 75 37 0 0 0 0 
0 0 0 0 0 0 735 289 0 0 0 907 117 0 0 0 736 288 0 0 0 0 0 0 
0 0 0 12 56 388 349 219 2 52 136 646 126 59 3 0 731 193 84 16 0 0 0 0 
0 0 0 0 0 80 769 175 0 0 0 970 54 0 0 0 765 259 0 0 0 0 0 0 
0 0 0 4 42 77 619 282 0 25 72 734 78 101 14 0 700 198 70 55 1 0 0 0 
0 0 0 0 3 40 937 44 0 0 10 1013 1 0 0 0 751 273 0 0 0 0 0 0 
0 0 0 1 6 183 796 38 0 2 35 965 14 8 0 0 837 177 10 0 0 0 0 0 
0 0 0 7 24 353 468 172 0 10 68 801 41 95 8 1 760 139 66 58 1 0 0 0 
0 0 0 0 0 561 463 0 0 0 96 928 0 0 0 0 981 43 0 0 0 0 0 0 
0 0 0 1 23 702 175 123 0 0 510 340 73 91 10 0 797 87 104 36 0 0 0 0 
0 0 0 0 0 750 274 0 0 0 396 628 0 0 0 0 1013 11 0 0 0 0 0 0 
0 0 0 2 10 563 362 87 0 5 421 491 47 56 4 0 860 71 66 27 0 0 0 0 
0 0 0 2 126 662 157 77 0 1 671 271 26 48 7 0 872 80 49 23 0 0 0 0 
0 0 0 150 693 181 0 0 0 81 933 10 0 0 0 0 1024 0 0 0 0 0 0 0 
0 0 133 417 439 35 0 0 0 444 580 0 0 0 0 0 859 165 0 0 0 0 0 0 
0 0 0 0 1019 5 0 0 0 26 998 0 0 0 0 0 1024 0 0 0 0 0 0 0 
0 0 0 0 683 341 0 0 0 0 1024 0 0 0 0 0 1024 0 0 0 0 0 0 0 
0 0 0 0 127 897 0 0 0 0 1024 0 0 0 0 0 1024 0 0 0 0 0 0 0 
0 0 0 0 0 1024 0 0 0 0 987 37 0 0 0 0 1024 0 0 0 0 0 0 0 
0 0 0 3 202 817 2 0 0 27 886 111 0 0 0 0 1019 5 0 0 0 0 0 0 
0 0 0 0 581 443 0 0 0 0 1024 0 0 0 0 0 1024 0 0 0 0 0 0 0 
0 0 0 0 619 405 0 0 0 0 1024 0 0 0 0 0 1024 0 0 0 0 0 0 0 
0 0 0 0 137 822 51 14 0 0 876 132 15 1 0 0 1002 11 11 0 0 0 0 0 
0 0 0 0 0 718 295 11 0 0 553 454 10 7 0 0 988 28 4 4 0 0 0 0 
0 0 0 0 0 487 537 0 0 0 228 796 0 0 0 0 1011 13 0 0 0 0 0 0 
0 0 0 0 0 500 524 0 0 0 280 744 0 0 0 0 1008 16 0 0 0 0 0 0 
0 0 0 0 0 679 345 0 0 0 188 836 0 0 0 0 1016 8 0 0 0 0 0 0 
0 0 0 0 0 982 42 0 0 0 602 422 0 0 0 0 1008 16 0 0 0 0 0 0 
0 0 0 0 0 726 298 0 0 0 241 783 0 0 0 0 1015 9 0 0 0 0 0 0 
0 0 0 0 0 697 327 0 0 0 238 786 0 0 0 0 1018 6 0 0 0 0 0 0 
0 0 0 0 3 819 202 0 0 0 411 613 0 0 0 0 1017 7 0 0 0 0 0 0 
0 0 0 0 1 959 64 0 0 0 517 507 0 0 0 0 1013 11 0 0 0 0 0 0 
0 0 0 0 0 1024 0 0 0 0 709 315 0 0 0 0 1012 12 0 0 0 0 0 0 
0 0 0 0 0 1024 0 0 0 0 860 164 0 0 0 0 1024 0 0 0 0 0 0 0 
0 0 0 0 153 871 0 0 0 0 1018 6 0 0 0 0 1024 0 0 0 0 0 0 0 
0 0 0 0 360 664 0 0 0 0 1024 0 0 0 0 0 1024 0 0 0 0 0 0 0 
0 0 0 0 746 278 0 0 0 0 1024 0 0 0 0 0 1024 0 0 0 0 0 0 0 
0 0 0 1 1000 23 0 0 0 9 1015 0 0 0 0 0 1024 0 0 0 0 0 0 0 
0 0 0 531 493 0 0 0 0 469 555 0 0 0 0 0 1024 0 0 0 0 0 0 0 
0 0 167 466 387 4 0 0 0 579 445 0 0 0 0 0 926 98 0 0 0 0 0 0 
0 0 0 17 1004 3 0 0 0 67 869 88 0 0 0 0 934 28 62 0 0 0 0 0 
0 0 0 0 892 132 0 0 0 8 1016 0 0 0 0 0 1024 0 0 0 0 0 0 0 
0 0 0 0 284 740 0 0 0 0 1024 0 0 0 0 0 1024 0 0 0 0 0 0 0 
0 0 0 0 8 1016 0 0 0 0 1024 0 0 0 0 0 1024 0 0 0 0 0 0 0 
0 0 0 25 185 814 0 0 0 52 972 0 0 0 0 0 1022 2 0 0 0 0 0 0 
0 0 0 5 1014 5 0 0 0 1 1023 0 0 0 0 0 1024 0 0 0 0 0 0 0 
0 0 0 0 873 146 5 0 0 15 1004 5 0 0 0 0 1022 2 0 0 0 0 0 0 
0 0 0 0 764 179 81 0 0 9 930 85 0 0 0 0 1024 0 0 0 0 0 0 0 
0 0 0 0 200 577 246 1 0 0 754 41 58 171 0 0 782 12 26 204 0 0 0 0 
0 0 0 0 23 681 313 7 0 0 704 0 26 294 0 0 702 2 19 186 115 0 0 0 
0 0 0 0 3 844 136 41 0 0 834 148 3 39 0 0 962 21 1 14 26 0 0 0 
0 0 0 0 0 889 128 7 0 0 850 174 0 0 0 0 1017 7 0 0 0 0 0 0 
0 0 0 0 14 875 135 0 0 0 844 180 0 0 0 0 1021 3 0 0 0 0 0 0 
0 0 0 0 35 836 148 5 0 0 829 195 0 0 0 0 1012 12 0 0 0 0 0 0 
0 0 0 0 16 821 162 25 0 0 796 228 0 0 0 0 1001 23 0 0 0 0 0 0 
0 0 0 0 1 828 192 3 0 0 816 208 0 0 0 0 1021 3 0 0 0 0 0 0 
0 0 0 0 0 830 192 2 0 0 805 219 0 0 0 0 1024 0 0 0 0 0 0 0 
0 0 0 0 33 798 193 0 0 0 815 209 0 0 0 0 1024 0 0 0 0 0 0 0 
0 0 0 0 488 348 188 0 0 0 806 218 0 0 0 0 1024 0 0 0 0 0 0 0 
0 0 0 0 765 94 165 0 0 0 812 212 0 0 0 0 1023 1 0 0 0 0 0 0 
0 0 0 5 725 100 123 71 0 5 775 62 16 56 110 0 819 17 18 7 134 29 0 0 
0 0 0 35 599 9 240 141 0 12 617 10 7 27 351 0 625 10 8 10 143 228 0 0 
0 0 0 170 461 51 219 123 0 89 572 13 15 31 304 0 642 21 15 14 108 224 0 0 
0 0 0 728 232 64 0 0 0 599 425 0 0 0 0 0 1024 0 0 0 0 0 0 0 
0 0 185 404 432 3 0 0 0 579 445 0 0 0 0 0 957 67 0 0 0 0 0 0 
66 21 14 110 786 27 0 0 85 28 338 517 56 0 0 0 415 74 468 56 11 0 0 0 
88 37 19 25 827 28 0 0 129 48 847 0 0 0 0 0 1003 21 0 0 0 0 0 0 
97 43 38 31 534 281 0 0 149 55 820 0 0 0 0 0 1021 3 0 0 0 0 0 0 
235 90 20 26 179 471 3 0 333 29 643 19 0 0 0 0 995 29 0 0 0 0 0 0 
94 40 23 36 160 462 209 0 148 37 461 378 0 0 0 0 975 49 0 0 0 0 0 0 
93 74 32 35 99 139 552 0 176 42 189 617 0 0 0 0 964 60 0 0 0 0 0 0 
0 0 0 0 0 115 909 0 0 0 120 904 0 0 0 0 1024 0 0 0 0 0 0 0 
0 0 0 0 0 0 1024 0 0 0 0 1024 0 0 0 0 1024 0 0 0 0 0 0 0 
0 0 0 0 1 106 908 9 0 0 0 311 117 588 8 0 271 41 32 580 72 27 1 0 
0 0 0 0 1 80 928 15 0 0 0 74 91 817 42 0 40 29 18 338 506 80 13 0 
0 0 0 0 0 49 951 24 0 0 2 815 49 130 28 0 768 80 12 27 91 34 12 0 
0 0 0 0 0 20 908 96 0 0 8 997 19 0 0 0 992 32 0 0 0 0 0 0 
0 0 0 0 0 17 985 22 0 0 28 990 6 0 0 0 1007 17 0 0 0 0 0 0 
0 0 0 0 0 0 1021 3 0 0 3 1018 3 0 0 0 1024 0 0 0 0 0 0 0 
0 0 0 0 0 0 1015 9 0 0 0 1024 0 0 0 0 1024 0 0 0 0 0 0 0 
0 0 0 0 0 0 1019 5 0 0 0 1024 0 0 0 0 1024 0 0 0 0 0 0 0 
0 0 0 0 0 0 1024 0 0 0 0 1024 0 0 0 0 1024 0 0 0 0 0 0 0 
0 0 0 0 0 0 1024 0 0 0 0 1024 0 0 0 0 1024 0 0 0 0 0 0 0 
0 0 0 0 0 2 1022 0 0 0 1 1023 0 0 0 0 1024 0 0 0 0 0 0 0 
0 0 0 0 0 226 798 0 0 0 0 1024 0 0 0 0 1024 0 0 0 0 0 0 0 
0 0 0 0 0 387 481 156 0 0 27 455 32 72 438 0 469 15 6 41 244 221 28 0 
0 0 0 6 29 88 795 106 0 0 56 58 13 134 759 4 72 25 17 13 319 414 157 7 
0 0 0 0 86 155 672 111 0 0 181 10 37 86 710 0 126 49 16 38 123 627 40 5 
0 0 0 0 564 460 0 0 0 0 1024 0 0 0 0 0 1024 0 0 0 0 0 0 0 
0 0 190 127 564 143 0 0 8 359 657 0 0 0 0 0 1024 0 0 0 0 0 0 0 
286 242 77 83 274 62 0 0 472 105 115 206 126 0 0 0 568 111 278 67 0 0 0 0 
1001 21 2 0 0 0 0 0 1008 14 2 0 0 0 0 0 1007 13 4 0 0 0 0 0 
964 39 21 0 0 0 0 0 989 35 0 0 0 0 0 0 841 152 31 0 0 0 0 0 
1001 22 1 0 0 0 0 0 947 77 0 0 0 0 0 0 240 178 604 2 0 0 0 0 
52 30 202 36 27 206 471 0 65 235 117 607 0 0 0 0 734 278 12 0 0 0 0 0 
0 0 179 41 23 88 693 0 0 170 78 776 0 0 0 0 802 218 4 0 0 0 0 0 
0 1 148 43 30 37 765 0 0 79 141 804 0 0 0 0 861 163 0 0 0 0 0 0 
1 130 115 125 43 44 558 8 53 168 149 601 21 14 11 7 775 126 51 21 20 14 12 5 
60 143 146 299 171 112 91 2 143 165 383 308 23 1 1 0 395 421 109 82 15 1 1 0 
47 228 199 237 101 108 104 0 124 227 302 309 59 3 0 0 297 446 135 99 46 1 0 0 
0 0 38 173 148 122 538 5 0 11 149 721 120 23 0 0 515 229 75 117 79 9 0 0 
0 0 6 58 26 26 907 1 0 0 92 931 1 0 0 0 911 87 26 0 0 0 0 0 
0 0 0 30 18 36 940 0 0 2 49 973 0 0 0 0 946 76 2 0 0 0 0 0 
0 0 0 0 16 70 938 0 0 0 30 994 0 0 0 0 993 31 0 0 0 0 0 0 
0 0 0 0 0 94 930 0 0 0 4 1020 0 0 0 0 1022 2 0 0 0 0 0 0 
33 23 8 16 4 158 782 0 0 59 36 929 0 0 0 0 900 45 25 42 12 0 0 0 
238 197 30 25 20 143 371 0 1 467 45 511 0 0 0 0 483 118 33 350 40 0 0 0 
202 140 45 13 35 192 397 0 2 380 85 557 0 0 0 0 550 98 51 181 144 0 0 0 
60 77 15 12 13 534 313 0 1 149 187 687 0 0 0 0 829 74 6 45 70 0 0 0 
0 0 0 0 6 941 77 0 0 0 350 674 0 0 0 0 1024 0 0 0 0 0 0 0 
14 93 58 79 135 568 25 52 33 116 494 281 26 20 52 2 624 266 37 24 18 52 2 1 
44 111 159 134 227 222 83 44 100 156 270 204 107 107 70 10 171 321 170 110 123 102 19 8 
83 171 139 123 221 253 18 16 137 208 389 88 48 128 25 1 368 363 73 41 34 107 36 2 
94 71 90 144 504 118 3 0 143 59 560 109 99 50 4 0 642 82 46 103 100 36 15 0 
0 7 294 280 443 0 0 0 55 418 485 49 17 0 0 0 871 37 38 59 19 0 0 0 
585 399 37 3 0 0 0 0 727 249 43 5 0 0 0 0 804 203 14 3 0 0 0 0 
121 398 505 0 0 0 0 0 170 854 0 0 0 0 0 0 166 853 5 0 0 0 0 0 
158 444 422 0 0 0 0 0 120 878 26 0 0 0 0 0 30 932 62 0 0 0 0 0 
280 156 477 95 16 0 0 0 211 612 172 29 0 0 0 0 36 545 443 0 0 0 0 0 
50 103 788 71 12 0 0 0 67 338 607 12 0 0 0 0 51 557 416 0 0 0 0 0 
0 0 1023 1 0 0 0 0 0 70 954 0 0 0 0 0 0 505 519 0 0 0 0 0 
344 139 518 20 1 1 1 0 374 168 331 148 2 0 1 0 424 270 324 3 2 1 0 0 
519 135 357 10 0 2 1 0 550 141 50 280 0 2 1 0 590 131 298 2 0 2 1 0 
203 364 429 16 5 5 2 0 291 53 596 84 0 0 0 0 301 619 104 0 0 0 0 0 
1 393 430 138 27 22 12 1 23 152 764 35 27 20 3 0 44 604 301 35 22 16 2 0 
0 0 259 581 167 17 0 0 0 6 679 181 147 11 0 0 0 65 705 195 56 3 0 0 
0 0 284 740 0 0 0 0 0 0 1024 0 0 0 0 0 0 0 1024 0 0 0 0 0 
0 0 87 937 0 0 0 0 0 0 1022 2 0 0 0 0 0 12 1012 0 0 0 0 0 
0 0 13 1011 0 0 0 0 0 0 1021 3 0 0 0 0 0 21 1003 0 0 0 0 0 
0 0 74 950 0 0 0 0 0 0 1022 2 0 0 0 0 0 53 969 2 0 0 0 0 
29 156 277 561 1 0 0 0 5 270 740 9 0 0 0 0 4 248 615 134 23 0 0 0 
579 378 67 0 0 0 0 0 0 820 204 0 0 0 0 0 0 0 89 495 440 0 0 0 
375 606 43 0 0 0 0 0 0 785 239 0 0 0 0 0 0 0 78 280 666 0 0 0 
60 275 453 230 6 0 0 0 5 410 608 1 0 0 0 0 0 271 500 120 133 0 0 0 
0 0 541 455 28 0 0 0 0 0 1024 0 0 0 0 0 0 98 926 0 0 0 0 0 
537 147 134 116 85 3 0 2 612 142 151 109 6 2 0 2 688 151 171 5 5 2 1 1 
527 238 126 69 33 15 11 5 578 227 118 59 13 13 12 4 621 220 110 29 10 9 14 11 
579 160 69 179 23 6 8 0 685 122 145 72 0 0 0 0 693 235 93 3 0 0 0 0 
6 138 579 108 160 33 0 0 57 192 495 74 179 26 1 0 121 231 431 80 145 16 0 0 
0 1 896 92 35 0 0 0 0 347 580 79 18 0 0 0 30 386 510 69 29 0 0 0 
1 389 634 0 0 0 0 0 2 735 287 0 0 0 0 0 7 646 371 0 0 0 0 0 
0 30 990 4 0 0 0 0 0 496 527 1 0 0 0 0 0 539 485 0 0 0 0 0 
0 15 756 247 6 0 0 0 9 107 886 22 0 0 0 0 23 278 721 2 0 0 0 0 
0 8 836 175 5 0 0 0 7 27 954 36 0 0 0 0 14 68 934 8 0 0 0 0 
0 0 692 331 1 0 0 0 0 0 889 135 0 0 0 0 0 9 871 144 0 0 0 0 
0 0 618 401 5 0 0 0 0 0 837 187 0 0 0 0 0 0 842 182 0 0 0 0 
0 27 626 362 9 0 0 0 0 4 665 355 0 0 0 0 0 77 774 173 0 0 0 0 
0 47 552 425 0 0 0 0 0 0 576 448 0 0 0 0 0 71 796 157 0 0 0 0 
0 115 371 536 2 0 0 0 0 7 719 296 2 0 0 0 1 159 664 198 2 0 0 0 
0 3 135 845 23 15 3 0 0 3 754 232 26 7 2 0 0 7 801 186 25 3 2 0 
0 0 11 884 56 34 36 3 0 0 734 181 53 39 15 2 0 0 789 139 43 46 7 0 
0 0 2 1022 0 0 0 0 0 0 873 151 0 0 0 0 0 0 852 172 0 0 0 0 
0 0 5 1008 11 0 0 0 0 0 649 374 1 0 0 0 0 0 640 384 0 0 0 0 
0 11 29 854 115 15 0 0 16 26 467 506 9 0 0 0 25 37 541 421 0 0 0 0 
0 10 22 836 134 22 0 0 11 18 360 616 19 0 0 0 25 32 479 488 0 0 0 0 
0 16 54 808 110 36 0 0 9 33 372 577 33 0 0 0 40 22 345 617 0 0 0 0 
0 0 97 873 45 9 0 0 0 0 546 470 8 0 0 0 0 0 286 738 0 0 0 0 
0 0 103 921 0 0 0 0 0 0 685 339 0 0 0 0 0 0 88 936 0 0 0 0 
0 0 164 860 0 0 0 0 0 0 794 230 0 0 0 0 0 0 269 755 0 0 0 0 
0 0 39 985 0 0 0 0 0 0 895 129 0 0 0 0 0 0 475 549 0 0 0 0 
0 73 205 691 33 12 8 2 9 27 229 233 488 21 12 5 15 65 196 675 47 16 8 2 
2 63 138 699 41 45 28 8 0 29 147 137 623 27 42 19 16 51 80 704 86 31 39 17 
31 41 169 651 69 27 27 9 32 11 155 126 612 49 17 22 32 61 90 701 70 32 28 10 
1 28 750 104 97 42 2 0 1 25 730 132 89 45 2 0 5 37 750 105 103 22 2 0 
0 9 858 90 44 19 2 2 0 8 910 57 33 12 2 2 0 25 892 57 36 11 1 2 
0 106 22 11 129 756 0 0 21 95 12 12 260 624 0 0 48 73 10 13 494 386 0 0 
0 89 102 7 12 814 0 0 0 173 18 7 16 810 0 0 18 163 11 10 48 774 0 0 
0 43 209 9 8 752 3 0 0 109 143 9 8 754 1 0 1 115 137 10 19 739 3 0 
0 26 275 21 13 659 30 0 1 53 256 13 13 684 4 0 1 74 244 12 19 662 12 0 
0 0 205 184 13 137 485 0 0 0 351 39 13 418 203 0 0 3 358 33 10 564 56 0 
0 0 133 315 23 12 541 0 0 0 334 120 17 33 520 0 0 3 340 119 14 106 442 0 
0 0 67 344 125 14 474 0 0 0 137 342 57 14 474 0 0 0 96 367 78 42 441 0 
0 0 17 244 318 21 424 0 0 0 58 358 170 15 423 0 0 0 44 343 209 26 402 0 
0 0 2 168 378 166 308 2 0 0 18 242 338 119 307 0 0 0 31 256 330 173 234 0 
0 1 4 192 407 180 206 34 0 1 9 242 400 133 228 11 0 2 14 219 409 149 223 8 
0 0 0 209 247 291 202 75 0 0 3 242 345 167 168 99 0 0 4 233 283 242 237 25 
0 1 2 203 260 272 113 173 0 1 27 250 351 163 134 98 0 1 47 223 247 271 177 58 
0 0 0 196 255 306 121 146 0 0 8 275 249 266 101 125 0 0 14 257 186 327 173 67 
0 0 3 211 249 321 136 104 0 1 4 329 158 327 108 97 0 0 3 313 124 313 235 36 
0 0 0 257 205 237 255 70 0 0 0 347 130 306 180 61 0 0 0 338 123 204 334 25 
0 0 0 225 253 89 329 128 0 0 0 324 161 109 332 98 0 0 0 339 134 90 324 137 
0 0 1 257 223 86 307 150 0 0 6 368 115 101 317 117 0 0 5 315 157 61 310 176 
0 0 0 310 206 38 308 162 0 0 2 391 124 45 324 138 0 0 0 367 153 10 269 225 
0 0 0 384 182 18 242 198 0 0 5 477 84 16 256 186 0 0 0 411 156 14 182 261 
0 0 1 468 138 25 230 162 0 0 60 470 78 24 235 157 0 0 15 441 150 17 186 215 
0 0 1 569 86 5 173 190 0 0 7 588 61 5 173 190 0 0 5 532 120 4 159 204 
0 0 14 606 84 13 133 174 0 0 39 618 47 13 137 170 0 0 14 580 107 15 87 221 
0 0 56 672 24 4 97 171 0 0 172 561 19 4 106 162 0 0 28 651 73 6 70 196 
0 0 225 546 33 15 60 145 0 0 401 377 26 14 64 142 0 0 293 438 74 8 49 162 
0 0 455 395 5 12 80 77 0 0 583 266 6 12 70 87 0 0 483 364 8 10 21 138 
0 0 0 0 631 393 0 0 0 0 0 0 930 94 0 0 0 0 0 0 1001 23 0 0 
0 0 0 0 0 1024 0 0 0 0 0 0 261 763 0 0 0 0 0 0 295 729 0 0 
0 0 0 0 0 1007 17 0 0 0 0 0 0 1024 0 0 0 0 0 0 8 1016 0 0 
0 0 0 0 0 988 36 0 0 0 0 0 0 1014 10 0 0 0 0 0 0 1024 0 0 
0 0 0 0 0 616 408 0 0 0 0 0 0 823 201 0 0 0 0 0 0 914 110 0 
0 0 0 0 0 70 954 0 0 0 0 0 0 264 760 0 0 0 0 0 0 604 420 0 
0 0 0 0 0 0 1024 0 0 0 0 0 0 0 1024 0 0 0 0 0 0 32 992 0 
0 0 0 0 0 0 1024 0 0 0 0 0 0 0 1024 0 0 0 0 0 0 0 1024 0 
1 54 85 31 40 57 713 43 16 87 45 32 46 50 733 15 20 79 46 33 52 49 719 26 
2 20 34 19 66 81 790 12 3 25 29 28 89 54 793 3 5 25 27 37 91 45 788 6 
0 0 0 0 0 0 676 348 0 0 0 0 0 0 1024 0 0 0 0 0 0 0 1024 0 
0 0 0 0 0 0 327 697 0 0 0 0 0 0 908 116 0 0 0 0 0 0 1018 6 
0 0 0 0 0 0 145 879 0 0 0 0 0 0 604 420 0 0 0 0 0 0 935 89 
0 0 0 0 0 0 57 967 0 0 0 0 0 0 310 714 0 0 0 0 0 0 707 317 
0 0 0 0 0 0 52 972 0 0 0 0 0 0 132 892 0 0 0 0 0 0 578 446 
0 0 0 2 2 7 71 942 0 0 0 2 2 7 201 812 0 0 0 3 6 6 386 623 
0 0 0 0 34 15 55 920 0 0 0 0 44 6 224 750 0 0 0 2 42 7 241 732 
0 0 0 0 45 59 103 817 0 0 0 0 53 52 322 597 0 0 0 1 42 47 330 604 
0 0 0 1 45 78 151 749 0 0 0 9 49 77 512 377 0 0 0 0 42 53 352 577 
0 0 0 2 56 79 195 692 0 0 0 10 61 76 657 220 0 0 0 2 47 61 420 494 
0 0 0 19 48 99 532 326 0 0 0 21 52 98 719 134 0 0 0 12 34 79 678 221 
0 1 1 22 70 81 752 97 0 1 1 23 76 85 744 94 0 1 1 13 52 77 614 266 
0 0 0 32 65 101 793 33 0 0 0 34 68 105 789 28 0 0 0 24 46 81 799 74 
0 1 7 84 88 162 652 30 0 3 23 72 94 168 634 30 0 3 11 74 58 103 720 55 
2 12 38 155 156 256 401 4 2 11 49 153 160 251 382 16 2 18 66 134 88 200 471 45 
0 0 0 0 988 36 0 0 0 0 0 0 1024 0 0 0 0 0 0 0 1024 0 0 0 
0 0 0 0 394 630 0 0 0 0 0 0 795 229 0 0 0 0 0 0 916 108 0 0 
0 0 0 0 31 993 0 0 0 0 0 0 161 863 0 0 0 0 0 0 409 615 0 0 
0 0 0 0 0 1020 4 0 0 0 0 0 5 1019 0 0 0 0 0 0 30 994 0 0 
0 0 0 0 0 1023 1 0 0 0 0 0 0 1024 0 0 0 0 0 0 1 1023 0 0 
0 0 0 0 0 669 355 0 0 0 0 0 0 972 52 0 0 0 0 0 0 1018 6 0 
0 0 0 0 0 161 863 0 0 0 0 0 0 451 573 0 0 0 0 0 0 829 195 0 
0 0 0 0 0 28 996 0 0 0 0 0 0 74 950 0 0 0 0 0 0 195 829 0 
1 11 5 7 3 20 971 6 1 11 7 5 5 25 969 1 7 6 10 1 8 28 964 0 
0 0 0 0 0 0 1024 0 0 0 0 0 0 1 1023 0 0 0 0 0 0 1 1023 0 
0 0 0 0 0 0 1024 0 0 0 0 0 0 0 1024 0 0 0 0 0 0 0 1024 0 
0 0 0 0 0 0 994 30 0 0 0 0 0 0 1024 0 0 0 0 0 0 0 1024 0 
0 0 0 0 0 0 864 160 0 0 0 0 0 0 1024 0 0 0 0 0 0 0 1024 0 
0 0 0 0 0 0 608 416 0 0 0 0 0 0 1024 0 0 0 0 0 0 0 1024 0 
0 0 0 0 0 0 530 494 0 0 0 0 0 0 997 27 0 0 0 0 0 0 1008 16 
0 0 0 0 0 0 439 585 0 0 0 0 0 0 912 112 0 0 0 0 0 0 880 144 
0 0 0 0 0 0 377 647 0 0 0 0 0 0 894 130 0 0 0 0 0 0 802 222 
0 0 0 0 0 0 473 551 0 0 0 0 0 0 833 191 0 0 0 0 0 0 785 239 
0 0 0 0 0 0 645 379 0 0 0 0 0 0 918 106 0 0 0 0 0 0 880 144 
0 0 0 0 0 0 755 269 0 0 0 0 0 0 1020 4 0 0 0 0 0 0 1018 6 
0 0 0 0 0 0 980 44 0 0 0 0 0 0 1024 0 0 0 0 0 0 0 1024 0 
0 0 0 0 0 0 1024 0 0 0 0 0 0 0 1024 0 0 0 0 0 0 0 1024 0 
0 0 0 0 0 0 1024 0 0 0 0 0 0 0 1024 0 0 0 0 0 0 0 1024 0 
0 30 43 60 60 35 786 10 9 39 37 65 58 36 778 2 2 38 38 73 49 34 781 9 
27 108 153 145 61 75 455 0 35 125 140 139 57 51 476 1 41 114 115 159 86 49 460 0 
0 0 0 3 1021 0 0 0 0 0 0 20 1004 0 0 0 0 0 0 81 943 0 0 0 
0 0 0 1 921 102 0 0 0 0 0 1 980 43 0 0 0 0 0 7 995 22 0 0 
0 0 0 0 517 507 0 0 0 0 0 0 946 78 0 0 0 0 0 0 1008 16 0 0 
0 0 0 0 110 912 2 0 0 0 0 0 302 722 0 0 0 0 0 0 631 393 0 0 
0 0 0 0 17 1007 0 0 0 0 0 0 43 981 0 0 0 0 0 0 102 922 0 0 
0 0 0 0 0 1024 0 0 0 0 0 0 0 1024 0 0 0 0 0 0 0 1024 0 0 
0 0 0 0 0 807 217 0 0 0 0 0 0 947 77 0 0 0 0 0 0 993 31 0 
0 0 0 0 0 214 810 0 0 0 0 0 0 716 308 0 0 0 0 0 0 890 134 0 
0 0 0 0 0 35 989 0 0 0 0 0 0 213 811 0 0 0 0 0 0 542 482 0 
0 0 0 0 0 3 1021 0 0 0 0 0 0 37 987 0 0 0 0 0 0 126 898 0 
0 0 0 0 0 0 1024 0 0 0 0 0 0 0 1024 0 0 0 0 0 0 10 1014 0 
0 0 0 0 0 0 1024 0 0 0 0 0 0 0 1024 0 0 0 0 0 0 0 1024 0 
0 0 0 0 0 0 1024 0 0 0 0 0 0 0 1024 0 0 0 0 0 0 0 1024 0 
0 0 0 0 0 0 1024 0 0 0 0 0 0 0 1024 0 0 0 0 0 0 0 1024 0 
0 0 0 0 0 0 1024 0 0 0 0 0 0 0 1024 0 0 0 0 0 0 0 1024 0 
0 0 0 0 0 0 1024 0 0 0 0 0 0 0 1024 0 0 0 0 0 0 0 1024 0 
0 0 0 0 0 0 1024 0 0 0 0 0 0 0 1024 0 0 0 0 0 0 0 1024 0 
0 0 0 0 0 0 1024 0 0 0 0 0 0 0 1024 0 0 0 0 0 0 0 1024 0 
0 0 0 0 0 0 1024 0 0 0 0 0 0 0 1024 0 0 0 0 0 0 0 1024 0 
0 0 0 0 0 0 1024 0 0 0 0 0 0 0 1024 0 0 0 0 0 0 0 1024 0 
0 0 0 0 0 0 1024 0 0 0 0 0 0 13 1011 0 0 0 0 0 0 11 1013 0 
0 0 0 0 0 0 1024 0 0 0 0 0 0 27 997 0 0 0 0 0 0 15 1009 0 
0 0 0 0 0 47 977 0 0 0 0 0 0 90 934 0 0 0 0 0 0 66 958 0 
2 6 3 6 1 206 800 0 2 8 2 5 1 206 800 0 3 7 5 2 1 206 800 0 
4 36 77 19 5 463 419 1 9 38 73 16 6 466 415 1 15 35 61 28 7 457 421 0 
