6 768 250 0 0 0 0 0 7 775 242 0 0 0 0 0 350 647 27 0 0 0 0 0 
1 486 527 10 0 0 0 0 0 472 531 21 0 0 0 0 91 816 117 0 0 0 0 0 
0 336 650 33 5 0 0 0 0 282 695 41 6 0 0 0 22 836 140 21 5 0 0 0 
0 161 36 148 450 229 0 0 0 146 48 84 458 229 59 0 36 147 12 83 417 205 124 0 
0 0 0 0 246 776 2 0 0 0 0 0 75 896 53 0 0 0 0 0 59 875 90 0 
1 33 351 69 421 144 5 0 0 53 340 33 254 330 14 0 16 211 194 6 248 338 11 0 
4 59 795 151 7 4 4 0 3 132 754 120 4 7 4 0 21 631 344 13 4 7 4 0 
0 51 621 352 0 0 0 0 0 114 619 291 0 0 0 0 37 494 417 76 0 0 0 0 
0 58 577 389 0 0 0 0 0 121 612 290 1 0 0 0 21 417 512 74 0 0 0 0 
0 42 605 376 1 0 0 0 0 83 665 275 1 0 0 0 26 509 405 84 0 0 0 0 
0 71 640 312 1 0 0 0 5 152 597 270 0 0 0 0 62 554 326 82 0 0 0 0 
0 153 646 225 0 0 0 0 0 284 562 178 0 0 0 0 131 566 300 27 0 0 0 0 
0 336 562 126 0 0 0 0 0 464 437 123 0 0 0 0 150 631 233 10 0 0 0 0 
66 270 292 31 67 298 0 0 63 278 287 33 36 327 0 0 244 285 119 22 263 91 0 0 
370 630 24 0 0 0 0 0 340 634 50 0 0 0 0 0 710 297 17 0 0 0 0 0 
423 333 268 0 0 0 0 0 406 340 278 0 0 0 0 0 503 334 187 0 0 0 0 0 
286 120 609 9 0 0 0 0 276 117 627 4 0 0 0 0 316 528 180 0 0 0 0 0 
0 256 767 1 0 0 0 0 0 260 761 3 0 0 0 0 46 926 52 0 0 0 0 0 
0 215 779 30 0 0 0 0 0 246 747 31 0 0 0 0 54 901 69 0 0 0 0 0 
12 187 633 154 38 0 0 0 19 262 548 121 73 1 0 0 180 550 164 68 61 1 0 0 
0 5 157 203 510 149 0 0 0 20 160 46 424 370 4 0 2 122 88 88 331 377 16 0 
7 48 453 77 341 98 0 0 5 82 441 49 201 246 0 0 44 412 116 15 201 236 0 0 
0 56 807 161 0 0 0 0 2 164 773 85 0 0 0 0 59 718 245 2 0 0 0 0 
0 11 759 254 0 0 0 0 0 47 800 177 0 0 0 0 18 621 383 2 0 0 0 0 
0 10 728 286 0 0 0 0 0 47 756 221 0 0 0 0 0 458 558 8 0 0 0 0 
0 35 651 336 2 0 0 0 0 78 653 291 2 0 0 0 14 392 568 50 0 0 0 0 
0 178 649 195 2 0 0 0 0 250 616 158 0 0 0 0 28 652 298 46 0 0 0 0 
2 443 416 156 7 0 0 0 3 510 365 143 3 0 0 0 274 461 238 51 0 0 0 0 
156 479 306 83 0 0 0 0 179 519 246 80 0 0 0 0 557 336 68 63 0 0 0 0 
358 352 183 131 0 0 0 0 336 365 201 122 0 0 0 0 565 263 167 29 0 0 0 0 
172 127 212 266 67 180 0 0 169 125 245 251 56 178 0 0 208 184 335 90 89 118 0 0 
135 63 468 293 65 0 0 0 130 82 539 260 13 0 0 0 155 217 551 101 0 0 0 0 
1 74 473 464 12 0 0 0 3 122 567 332 0 0 0 0 41 248 660 75 0 0 0 0 
8 165 471 380 0 0 0 0 16 213 564 231 0 0 0 0 87 382 526 29 0 0 0 0 
0 94 620 235 75 0 0 0 0 113 589 240 82 0 0 0 14 485 295 199 31 0 0 0 
0 3 633 283 105 0 0 0 0 10 655 230 129 0 0 0 0 376 402 167 79 0 0 0 
0 7 537 302 178 0 0 0 0 24 572 225 202 1 0 0 3 387 371 166 97 0 0 0 
0 14 506 302 201 1 0 0 0 16 582 209 215 2 0 0 19 322 415 171 97 0 0 0 
30 52 407 341 184 10 0 0 29 56 479 268 187 5 0 0 36 254 494 141 98 1 0 0 
0 31 471 343 153 26 0 0 1 41 513 313 154 2 0 0 7 302 437 186 92 0 0 0 
0 64 474 289 102 95 0 0 0 107 492 244 121 60 0 0 63 412 269 163 113 4 0 0 
0 140 498 180 107 99 0 0 0 277 397 196 61 93 0 0 91 516 138 162 115 2 0 0 
10 291 388 152 79 104 0 0 2 413 287 185 41 96 0 0 138 515 91 167 97 16 0 0 
95 342 214 177 85 110 1 0 77 395 185 215 43 105 4 0 291 300 104 204 53 72 0 0 
103 81 68 513 150 105 4 0 106 84 79 568 82 101 4 0 142 90 142 524 53 73 0 0 
2 18 116 604 184 100 0 0 2 41 182 615 90 94 0 0 11 105 389 404 65 50 0 0 
0 12 180 530 290 12 0 0 0 33 313 544 131 3 0 0 4 157 538 299 26 0 0 0 
0 20 222 496 275 11 0 0 0 48 346 523 106 1 0 0 5 179 515 309 16 0 0 0 
0 51 275 604 93 1 0 0 1 86 394 517 26 0 0 0 10 218 571 221 4 0 0 0 
0 69 299 599 57 0 0 0 2 119 413 470 20 0 0 0 27 261 536 200 0 0 0 0 
1 89 365 559 10 0 0 0 2 188 502 329 3 0 0 0 50 320 603 51 0 0 0 0 
4 343 567 110 0 0 0 0 4 423 486 111 0 0 0 0 184 673 87 80 0 0 0 0 
46 308 624 46 0 0 0 0 52 359 568 45 0 0 0 0 189 692 143 0 0 0 0 0 
0 155 597 272 0 0 0 0 0 273 526 225 0 0 0 0 106 518 396 4 0 0 0 0 
0 23 623 376 2 0 0 0 0 23 721 278 2 0 0 0 2 424 557 40 1 0 0 0 
0 4 478 493 45 4 0 0 0 13 607 395 7 2 0 0 1 326 630 63 4 0 0 0 
0 42 488 331 163 0 0 0 0 68 559 397 0 0 0 0 6 381 585 52 0 0 0 0 
8 210 616 151 39 0 0 0 8 264 605 133 14 0 0 0 75 578 332 39 0 0 0 0 
17 353 319 79 256 0 0 0 16 404 291 77 236 0 0 0 132 466 150 276 0 0 0 0 
52 173 107 284 401 7 0 0 47 182 123 400 271 1 0 0 114 166 219 519 6 0 0 0 
19 13 63 413 511 5 0 0 10 29 114 633 238 0 0 0 22 49 341 607 5 0 0 0 
0 3 85 452 477 7 0 0 0 17 178 704 125 0 0 0 2 72 509 432 9 0 0 0 
0 20 115 418 441 30 0 0 0 41 239 561 180 3 0 0 6 148 473 378 19 0 0 0 
0 7 110 491 367 49 0 0 0 24 301 501 195 3 0 0 3 143 501 345 32 0 0 0 
0 7 128 528 346 15 0 0 0 36 239 587 159 3 0 0 1 112 518 370 23 0 0 0 
0 13 189 541 267 14 0 0 0 55 289 580 97 3 0 0 7 157 530 299 31 0 0 0 
0 34 228 619 142 1 0 0 1 83 314 571 55 0 0 0 17 184 550 267 6 0 0 0 
0 47 290 634 53 0 0 0 0 98 373 525 28 0 0 0 12 224 567 221 0 0 0 0 
7 76 431 451 59 0 0 0 4 93 424 439 64 0 0 0 32 314 249 416 13 0 0 0 
0 14 458 373 179 0 0 0 0 21 493 334 176 0 0 0 2 287 288 412 35 0 0 0 
0 32 417 177 383 15 0 0 0 86 390 183 353 12 0 0 46 341 188 400 49 0 0 0 
254 151 443 106 69 1 0 0 242 246 413 64 57 2 0 0 282 514 151 59 18 0 0 0 
311 206 322 159 26 0 0 0 302 290 249 156 27 0 0 0 386 427 35 169 7 0 0 0 
1 1 1 473 530 18 0 0 1 1 1 514 507 0 0 0 1 1 36 752 234 0 0 0 
0 0 0 16 935 73 0 0 0 0 2 205 816 1 0 0 0 1 152 368 503 0 0 0 
0 4 15 66 792 147 0 0 0 5 24 272 718 5 0 0 1 18 150 496 359 0 0 0 
0 0 28 184 657 155 0 0 0 2 84 463 472 3 0 0 0 32 363 411 218 0 0 0 
0 1 22 250 648 103 0 0 0 3 88 604 324 5 0 0 1 18 417 492 96 0 0 0 
0 0 30 294 584 116 0 0 0 2 95 614 307 6 0 0 0 25 396 551 52 0 0 0 
0 1 47 351 539 86 0 0 0 7 126 599 278 14 0 0 0 40 358 549 77 0 0 0 
0 0 41 310 623 50 0 0 0 2 107 546 365 4 0 0 0 29 307 640 48 0 0 0 
0 2 52 358 545 67 0 0 0 10 125 516 365 8 0 0 0 45 333 571 75 0 0 0 
0 1 81 445 434 63 0 0 0 9 173 552 273 17 0 0 0 52 378 497 97 0 0 0 
0 3 73 536 392 20 0 0 0 6 136 621 257 4 0 0 0 30 359 564 71 0 0 0 
0 21 151 612 240 0 0 0 0 43 227 627 127 0 0 0 2 94 437 478 13 0 0 0 
9 135 593 174 113 0 0 0 3 84 600 172 159 6 0 0 30 333 401 99 156 5 0 0 
7 83 563 269 102 0 0 0 4 84 583 273 80 0 0 0 10 464 312 221 17 0 0 0 
84 178 387 247 122 6 0 0 84 189 404 295 46 6 0 0 93 419 293 194 25 0 0 0 
506 318 178 21 1 0 0 0 463 335 193 30 3 0 0 0 384 345 225 64 6 0 0 0 
652 214 85 57 14 2 0 0 619 252 81 37 20 12 3 0 531 332 83 35 18 14 10 1 
26 28 23 59 329 559 0 0 33 28 36 118 488 321 0 0 33 31 53 161 738 8 0 0 
0 0 0 17 220 770 17 0 0 0 0 22 496 501 5 0 0 0 0 103 871 50 0 0 
0 0 0 25 225 740 34 0 0 0 0 34 434 530 26 0 0 0 0 82 864 74 4 0 
0 0 0 1 234 749 31 9 0 0 0 8 607 371 31 7 0 0 0 100 838 63 22 1 
0 0 0 3 412 608 1 0 0 0 0 13 760 251 0 0 0 0 0 207 814 3 0 0 
0 0 0 1 388 635 0 0 0 0 1 24 828 171 0 0 0 1 12 228 773 10 0 0 
0 1 3 23 560 400 9 28 0 1 9 187 712 80 8 27 0 2 120 371 490 11 22 8 
0 0 5 134 513 247 6 119 0 0 20 279 526 75 4 120 0 6 102 506 272 15 6 117 
0 0 5 147 513 113 13 233 0 0 15 272 448 43 13 233 0 1 66 484 211 17 11 234 
0 3 26 155 377 85 25 353 0 4 37 225 326 48 23 361 0 8 91 339 183 19 21 363 
0 1 34 195 257 35 7 495 0 2 50 232 219 18 8 495 0 13 106 293 99 10 8 495 
0 3 33 239 166 15 11 557 0 2 58 247 133 15 8 561 0 11 134 247 49 13 8 562 
22 60 232 585 115 7 3 0 23 48 264 514 138 15 11 11 29 56 368 464 73 21 6 7 
5 4 9 191 790 21 4 0 5 6 34 181 739 49 7 3 9 16 69 261 648 15 4 2 
17 80 61 63 464 229 98 12 17 76 63 89 434 244 92 9 13 72 70 206 443 163 48 9 
144 311 229 150 59 42 26 63 110 296 209 176 112 40 41 40 74 270 212 173 154 55 37 49 
360 210 103 117 128 26 61 19 194 317 122 192 74 26 50 49 93 374 134 217 64 25 57 60 
2 24 42 163 318 456 16 3 3 29 68 222 328 365 7 2 4 32 64 270 477 168 7 2 
0 0 0 7 10 571 152 284 0 0 0 7 33 552 248 184 0 0 0 7 513 118 332 54 
0 0 0 0 0 562 232 230 0 0 0 0 1 568 247 208 0 0 0 0 355 234 354 81 
0 0 0 0 13 429 164 418 0 0 0 0 45 397 170 412 0 0 0 0 348 105 282 289 
0 0 0 0 1 335 126 562 0 0 0 0 15 335 131 543 0 0 0 0 203 188 166 467 
0 0 0 0 44 180 89 711 0 0 0 0 71 160 100 693 0 0 0 4 177 78 183 582 
0 0 0 0 0 2 36 986 0 0 0 0 0 5 78 941 0 0 0 0 0 21 265 738 
0 0 0 0 1 5 19 999 0 0 0 0 3 4 22 995 0 0 0 1 3 8 43 969 
0 0 0 0 1 1 46 976 0 0 0 0 1 1 29 993 0 0 0 0 1 1 39 983 
0 0 0 0 2 3 49 970 0 0 0 0 1 6 40 977 0 0 0 1 0 7 81 935 
0 1 0 4 9 24 50 936 0 0 1 1 7 20 35 960 0 0 1 0 7 22 33 961 
0 0 2 2 4 23 171 822 0 0 1 3 2 12 138 868 0 0 2 2 3 15 138 864 
87 21 63 199 415 166 55 18 63 31 55 190 377 213 59 36 26 53 68 238 310 228 63 38 
0 0 0 4 477 304 202 37 0 0 0 4 351 411 167 91 0 0 0 4 499 301 113 107 
4 73 200 298 77 146 214 12 3 49 169 332 99 156 203 13 0 18 87 443 104 263 96 13 
234 522 182 39 26 6 2 13 207 480 236 53 25 8 3 12 105 429 321 116 27 10 2 14 
300 349 80 280 15 0 0 0 279 373 133 239 0 0 0 0 179 383 224 236 2 0 0 0 
118 330 26 228 119 184 19 0 96 341 27 256 136 168 0 0 52 302 112 238 156 162 2 0 
38 353 26 24 28 53 153 349 27 357 32 25 40 49 232 262 4 321 90 26 41 86 357 99 
25 178 56 6 6 13 269 471 20 154 84 7 6 18 334 401 11 99 139 16 6 77 497 179 
17 134 30 7 5 52 253 526 15 115 51 8 14 59 299 463 7 59 114 8 17 95 430 294 
0 0 0 11 79 148 51 735 0 0 0 35 127 81 75 706 0 0 0 67 106 89 232 530 
0 0 0 3 82 57 78 804 0 0 0 53 34 67 166 704 0 0 0 67 22 73 357 505 
7 35 26 20 38 81 262 555 1 41 30 24 47 173 177 531 0 39 30 31 41 130 323 430 
23 256 175 38 40 78 32 382 7 224 212 53 56 69 23 380 2 165 256 70 64 66 33 368 
0 64 91 51 14 6 72 726 0 21 104 68 23 7 21 780 0 8 94 78 29 13 30 772 
0 0 0 0 1 6 103 914 0 0 0 0 1 6 59 958 0 0 0 1 0 8 88 927 
0 0 0 0 1 7 32 984 0 0 0 0 1 6 27 990 0 0 0 0 1 10 56 957 
0 0 0 0 1 10 63 950 0 0 0 0 0 5 24 995 0 0 0 0 0 4 51 969 
129 27 75 521 156 86 9 21 89 56 43 489 205 103 14 25 45 70 37 415 311 105 15 26 
33 279 375 20 125 153 30 9 17 169 376 134 25 120 138 45 1 64 297 269 92 83 68 150 
35 908 63 3 6 8 1 0 11 804 189 5 5 10 0 0 0 425 550 34 5 10 0 0 
195 820 9 0 0 0 0 0 147 822 55 0 0 0 0 0 68 544 412 0 0 0 0 0 
42 982 0 0 0 0 0 0 32 982 10 0 0 0 0 0 1 736 287 0 0 0 0 0 
657 367 0 0 0 0 0 0 650 374 0 0 0 0 0 0 358 658 8 0 0 0 0 0 
595 429 0 0 0 0 0 0 577 447 0 0 0 0 0 0 224 798 2 0 0 0 0 0 
136 888 0 0 0 0 0 0 116 908 0 0 0 0 0 0 42 892 90 0 0 0 0 0 
126 437 40 15 58 151 26 171 118 441 47 39 119 78 11 171 64 416 124 51 143 45 10 171 
0 0 0 0 13 740 34 237 0 0 0 0 547 207 33 237 0 0 0 4 712 43 30 235 
0 0 0 0 158 453 37 376 0 0 0 54 505 55 36 374 0 0 0 100 501 19 36 368 
0 0 0 5 106 362 110 441 0 0 0 6 210 327 26 455 0 0 0 14 199 294 62 455 
0 1 1 6 3 9 20 984 0 1 1 7 2 18 13 982 0 1 1 7 2 18 13 982 
0 0 0 0 0 2 3 1019 0 0 0 0 0 2 3 1019 0 0 0 0 0 3 4 1017 
0 0 0 0 0 0 0 1024 0 0 0 0 0 0 0 1024 0 0 0 0 0 0 0 1024 
0 0 0 0 0 0 0 1024 0 0 0 0 0 0 0 1024 0 0 0 0 0 0 0 1024 
0 0 0 0 6 24 54 940 0 0 0 0 1 16 35 972 0 0 0 0 0 13 33 978 
65 47 233 468 192 19 0 0 31 68 112 491 251 71 0 0 10 46 79 389 413 87 0 0 
309 558 157 0 0 0 0 0 248 488 270 18 0 0 0 0 141 364 416 103 0 0 0 0 
171 803 50 0 0 0 0 0 124 820 80 0 0 0 0 0 22 673 302 27 0 0 0 0 
491 533 0 0 0 0 0 0 384 640 0 0 0 0 0 0 85 919 20 0 0 0 0 0 
21 1003 0 0 0 0 0 0 4 1020 0 0 0 0 0 0 0 1011 13 0 0 0 0 0 
582 442 0 0 0 0 0 0 667 357 0 0 0 0 0 0 282 742 0 0 0 0 0 0 
714 308 2 0 0 0 0 0 787 235 2 0 0 0 0 0 333 689 2 0 0 0 0 0 
24 670 31 10 5 4 61 219 19 666 39 11 5 4 59 221 4 642 75 10 8 9 55 221 
0 28 16 3 2 1 53 921 0 22 21 3 3 1 48 926 0 5 37 3 4 1 50 924 
0 0 0 0 0 7 140 877 0 0 0 0 0 5 142 877 0 0 0 0 0 11 132 881 
0 0 0 0 0 2 136 886 0 0 0 0 0 1 133 890 0 0 0 0 0 4 178 842 
0 0 1 6 7 49 136 825 0 0 1 6 7 44 117 849 0 0 0 5 9 45 114 851 
0 0 0 6 63 86 89 780 0 0 0 4 48 95 69 808 0 0 0 2 38 104 66 814 
0 0 0 19 37 44 121 803 0 0 0 15 38 36 108 827 0 0 0 16 35 35 91 847 
0 0 0 16 52 35 50 871 0 0 0 9 38 47 46 884 0 0 0 5 37 50 44 888 
0 0 3 8 19 26 43 925 0 0 0 7 18 20 41 938 0 0 0 6 18 17 38 945 
0 1 8 8 30 46 50 881 0 1 7 6 12 56 44 898 0 0 7 5 10 52 44 906 
100 157 285 138 144 200 0 0 30 124 247 255 42 204 122 0 9 63 160 310 134 130 210 8 
707 310 7 0 0 0 0 0 646 358 20 0 0 0 0 0 510 396 117 1 0 0 0 0 
461 469 94 0 0 0 0 0 346 551 127 0 0 0 0 0 166 633 174 51 0 0 0 0 
473 551 0 0 0 0 0 0 282 742 0 0 0 0 0 0 12 1011 1 0 0 0 0 0 
220 804 0 0 0 0 0 0 98 926 0 0 0 0 0 0 0 1024 0 0 0 0 0 0 
283 741 0 0 0 0 0 0 326 698 0 0 0 0 0 0 63 954 7 0 0 0 0 0 
206 699 29 5 2 8 5 70 300 600 34 4 3 6 7 70 21 845 63 6 5 6 6 72 
0 5 2 1 3 68 90 855 0 4 3 1 2 77 73 864 0 1 4 3 2 76 72 866 
0 0 0 0 0 10 91 923 0 0 0 0 0 15 88 921 0 0 0 0 0 13 89 922 
0 0 0 0 0 12 142 870 0 0 0 0 0 4 153 867 0 0 0 0 0 3 141 880 
0 0 0 0 0 48 107 869 0 0 0 0 0 49 107 868 0 0 0 0 0 62 109 853 
0 0 0 0 0 8 6 1010 0 0 0 0 0 8 6 1010 0 0 0 0 0 8 6 1010 
0 0 0 0 0 0 0 1024 0 0 0 0 0 0 0 1024 0 0 0 0 0 0 0 1024 
0 0 0 0 0 0 0 1024 0 0 0 0 0 0 0 1024 0 0 0 0 0 0 0 1024 
0 0 0 0 0 0 0 1024 0 0 0 0 0 0 0 1024 0 0 0 0 0 0 0 1024 
0 0 0 0 0 0 0 1024 0 0 0 0 0 0 0 1024 0 0 0 0 0 0 0 1024 
0 0 0 0 0 0 1 1023 0 0 0 0 0 0 1 1023 0 0 0 0 0 0 1 1023 
112 314 395 58 108 37 0 0 1 251 467 128 95 78 4 0 1 55 373 386 76 67 65 1 
847 171 6 0 0 0 0 0 790 216 18 0 0 0 0 0 556 382 83 3 0 0 0 0 
530 426 68 0 0 0 0 0 491 411 122 0 0 0 0 0 393 384 237 10 0 0 0 0 
485 539 0 0 0 0 0 0 204 820 0 0 0 0 0 0 0 1024 0 0 0 0 0 0 
502 521 1 0 0 0 0 0 307 715 2 0 0 0 0 0 0 1011 13 0 0 0 0 0 
548 460 16 0 0 0 0 0 549 429 46 0 0 0 0 0 448 370 206 0 0 0 0 0 
405 426 5 3 1 32 60 92 454 376 5 4 1 25 55 104 136 675 22 4 3 17 50 117 
0 0 0 0 0 11 157 856 0 0 0 0 0 7 125 892 0 0 0 0 0 5 95 924 
0 0 0 0 0 0 28 996 0 0 0 0 0 0 19 1005 0 0 0 0 0 0 14 1010 
0 0 0 0 0 0 96 928 0 0 0 0 0 0 96 928 0 0 0 0 0 0 94 930 
0 0 0 0 0 0 55 969 0 0 0 0 0 0 56 968 0 0 0 0 0 4 65 955 
0 0 0 0 1 3 24 996 0 0 0 0 3 6 21 994 0 0 0 0 1 3 21 999 
0 0 0 0 3 18 44 959 0 0 0 0 9 22 35 958 0 0 0 0 5 19 37 963 
0 0 0 0 0 1 8 1015 0 0 0 0 0 1 8 1015 0 0 0 0 0 1 7 1016 
0 0 0 0 0 0 2 1022 0 0 0 0 0 0 2 1022 0 0 0 0 0 0 1 1023 
0 0 0 0 2 0 15 1007 0 0 0 0 0 2 8 1014 0 0 0 0 0 2 6 1016 
0 0 0 0 0 0 9 1015 0 0 0 0 0 0 3 1021 0 0 0 0 0 0 2 1022 
