0 0 0 42 103 334 539 6 0 0 47 137 601 233 2 4 0 30 97 580 311 3 3 0 
0 0 8 70 97 74 430 345 0 5 70 103 156 559 31 100 5 50 92 158 590 28 30 71 
0 0 23 72 161 142 127 499 1 3 98 202 129 330 137 124 8 78 180 136 379 97 59 87 
0 7 54 56 43 98 152 614 0 32 88 38 147 408 233 78 22 56 68 132 402 245 42 57 
0 7 59 128 128 174 184 344 19 91 82 150 227 179 256 20 80 73 128 233 211 277 16 6 
0 3 24 48 90 191 74 594 4 34 52 205 87 55 576 11 30 148 83 93 86 553 31 0 
0 0 0 0 16 146 25 837 0 0 19 151 11 19 755 69 6 157 13 11 22 679 136 0 
0 0 0 2 5 1 3 1013 0 0 4 3 4 1 985 27 3 3 1 4 4 932 75 2 
0 0 0 0 0 1 1 1022 0 0 0 0 1 2 957 64 0 0 1 0 4 706 312 1 
0 0 0 0 1 4 11 1008 0 0 0 1 3 66 915 39 0 0 1 3 64 834 122 0 
3 14 52 401 51 49 36 418 17 271 241 24 16 201 237 17 99 438 13 15 163 249 47 0 
0 2 89 189 581 150 3 10 19 197 782 11 3 4 7 1 244 753 13 4 3 7 0 0 
0 0 7 37 113 131 211 525 0 0 52 76 124 454 316 2 14 27 56 103 400 413 11 0 
0 0 7 36 65 119 478 319 0 0 26 53 106 684 155 0 0 17 34 69 669 235 0 0 
0 1 2 8 5 12 752 244 0 2 5 8 19 773 28 189 0 6 6 11 757 51 7 186 
0 0 1 2 5 54 606 356 0 2 1 5 395 263 7 351 0 3 3 60 593 10 7 348 
0 5 16 44 112 184 360 303 7 23 47 135 165 447 111 89 33 38 109 171 432 135 76 30 
0 0 0 20 50 163 136 655 0 0 22 102 118 312 396 74 2 33 96 96 371 334 30 62 
0 5 31 82 134 126 82 564 12 47 97 134 110 88 526 10 43 110 116 108 99 532 16 0 
0 0 0 4 86 381 48 505 0 4 274 180 38 276 252 0 26 417 25 36 287 233 0 0 
0 0 0 0 23 116 129 756 0 0 73 17 55 456 414 9 13 72 5 38 507 374 15 0 
0 5 2 44 116 76 114 667 6 23 133 22 46 209 578 7 32 139 13 30 207 596 7 0 
4 10 53 92 244 514 25 82 26 98 343 435 26 71 25 0 155 680 59 25 58 46 1 0 
0 0 8 19 74 147 131 645 0 16 77 86 91 417 330 7 52 93 30 51 362 426 10 0 
0 0 0 1 31 125 216 651 0 0 0 31 102 556 327 8 0 0 24 55 446 489 10 0 
0 0 0 2 34 88 158 742 0 0 3 30 79 497 413 2 0 1 23 62 280 645 13 0 
0 0 0 1 18 64 103 838 0 0 1 9 66 437 393 118 0 1 0 55 305 497 105 61 
0 2 22 134 303 78 91 394 17 74 334 65 51 85 97 301 123 298 62 45 84 90 273 49 
0 12 43 33 46 47 59 784 2 67 16 46 51 109 59 674 46 37 31 67 75 72 321 375 
0 2 7 11 36 121 157 690 3 4 8 44 125 183 54 603 6 6 24 87 190 84 190 437 
0 4 8 30 102 184 126 570 0 6 16 84 152 175 64 527 4 11 55 110 185 103 334 222 
0 2 15 61 98 175 53 620 4 6 23 108 167 80 116 520 7 10 75 133 135 75 273 316 
0 0 1 7 52 46 32 886 0 1 11 62 48 145 757 0 0 4 60 53 150 757 0 0 
0 0 27 82 258 172 12 473 10 70 409 43 13 22 456 1 124 374 38 12 24 440 12 0 
9 111 189 142 184 153 51 185 148 223 278 53 77 65 170 10 245 273 129 99 99 147 32 0 
14 253 217 151 132 115 26 116 181 312 280 70 41 22 83 35 257 357 143 85 53 80 41 8 
45 156 135 85 81 157 105 260 225 173 151 54 118 87 148 68 288 216 75 123 97 136 63 26 
0 42 105 82 51 78 165 501 27 106 85 52 92 209 364 89 2 72 95 152 194 402 26 81 
0 0 2 32 154 213 203 420 0 14 169 60 153 233 330 65 27 154 53 135 183 388 57 27 
0 1 18 13 60 156 177 599 2 20 13 28 147 188 524 102 20 13 27 112 171 548 73 60 
0 0 0 2 27 161 185 649 0 0 0 8 150 237 577 52 0 0 7 121 192 620 44 40 
0 3 20 37 71 100 109 684 3 25 28 63 111 111 585 98 22 33 54 106 100 500 168 41 
0 0 4 61 47 95 105 712 0 29 57 20 113 115 629 61 14 67 18 97 100 568 141 19 
0 0 57 124 168 77 80 518 0 106 223 40 74 101 429 51 43 257 52 73 91 391 100 17 
0 1 4 10 60 97 119 733 42 28 46 65 95 104 513 131 49 33 53 90 103 451 211 34 
0 68 96 52 74 68 179 487 234 270 245 183 64 9 9 10 326 311 230 119 16 8 14 0 
1 70 122 25 54 75 168 509 115 123 61 127 90 121 193 194 196 107 99 89 100 142 289 2 
0 0 0 10 38 50 129 797 0 0 1 44 51 495 317 116 0 0 21 44 361 289 309 0 
0 0 0 0 0 0 0 1024 0 0 0 0 0 456 566 2 0 0 0 0 424 600 0 0 
0 64 188 127 94 82 66 403 175 294 94 65 61 106 225 4 243 298 147 59 130 146 1 0 
0 448 248 39 53 75 81 80 481 271 142 120 9 1 0 0 133 679 185 15 10 2 0 0 
8 48 131 125 103 158 196 255 64 194 246 207 51 52 102 108 79 214 299 135 64 93 113 27 
0 56 63 52 75 213 204 361 84 100 212 353 93 10 44 128 95 278 326 141 13 40 123 8 
7 151 221 57 63 100 230 195 178 296 321 145 16 14 50 4 126 462 327 39 10 39 20 1 
36 30 54 199 188 36 41 440 68 71 167 100 150 46 343 79 98 156 29 53 117 339 192 40 
30 152 180 125 57 44 22 414 164 193 140 65 36 26 387 13 200 114 143 106 44 367 50 0 
32 26 18 8 4 34 12 890 45 29 9 5 32 18 879 7 61 18 6 22 27 867 23 0 
0 0 0 1 19 99 17 888 0 0 1 4 83 43 748 145 0 1 1 44 84 706 164 24 
0 0 26 38 23 66 7 864 0 0 12 48 53 41 70 800 0 1 2 16 35 77 572 321 
0 0 69 53 224 147 7 524 0 0 47 85 346 23 172 351 0 1 2 14 96 357 523 31 
0 2 4 9 39 61 79 830 0 7 43 109 93 35 462 275 1 35 111 79 76 260 449 13 
0 56 70 64 63 131 158 482 110 176 299 410 29 0 0 0 244 260 481 39 0 0 0 0 
3 127 170 116 112 113 260 123 135 215 87 157 126 243 46 15 281 90 178 114 180 159 12 10 
0 22 38 82 88 93 253 448 1 42 87 87 168 564 74 1 3 70 98 124 529 192 8 0 
0 0 0 0 0 0 0 1024 0 0 0 0 0 60 964 0 0 0 0 0 32 992 0 0 
0 0 0 5 19 25 69 906 1 20 65 65 174 134 420 145 33 66 138 154 71 391 103 68 
0 0 0 0 0 109 259 656 1 11 48 765 195 3 1 0 7 78 749 185 4 1 0 0 
1 5 8 23 20 98 327 542 13 17 56 104 222 312 202 98 23 44 94 155 325 241 124 18 
0 0 6 29 66 192 199 532 0 12 52 217 170 98 235 240 4 46 155 223 82 191 230 93 
0 0 4 12 77 396 209 326 1 25 320 150 144 121 201 62 18 307 108 165 115 204 83 24 
0 11 109 138 258 40 24 444 0 15 92 194 249 29 335 110 4 0 12 53 167 489 229 70 
0 6 15 35 62 137 276 493 21 50 126 419 168 51 134 55 60 152 375 164 70 105 83 15 
0 0 0 0 0 0 1 1023 0 0 0 0 0 8 508 508 0 0 0 0 4 463 531 26 
0 0 1 0 0 2 0 1021 0 0 1 0 1 1 44 977 0 1 0 1 1 37 983 1 
0 1 159 146 31 31 11 645 0 0 32 208 98 34 17 635 0 0 1 21 42 167 568 225 
0 0 141 98 134 334 29 288 0 0 25 160 334 214 3 288 0 0 1 1 34 223 696 69 
7 272 141 22 4 7 13 558 286 88 14 61 8 21 195 351 294 82 9 13 37 186 382 21 
4 208 578 135 19 8 9 63 213 621 112 12 4 4 57 1 241 656 54 8 5 49 11 0 
0 500 324 19 6 20 75 80 428 393 18 8 17 81 79 0 543 292 10 13 73 89 4 0 
0 6 37 7 6 10 372 586 6 36 8 8 63 765 138 0 15 35 6 24 620 324 0 0 
0 0 0 0 3 1 9 1011 0 0 2 1 12 28 786 195 0 2 0 10 32 743 129 108 
0 0 0 0 5 19 50 950 0 0 4 17 37 126 534 306 0 4 19 24 92 466 322 97 
0 0 0 5 78 359 198 384 0 1 15 236 317 212 214 29 1 6 135 377 197 250 58 0 
0 10 39 51 127 208 298 291 17 46 78 170 356 298 58 1 43 57 131 298 358 134 3 0 
0 0 2 14 107 135 149 617 0 2 34 176 123 336 297 56 2 17 135 136 260 355 116 3 
0 10 26 27 61 296 410 194 24 20 30 180 423 252 89 6 29 24 77 322 387 165 20 0 
0 1 4 37 149 236 252 345 1 9 27 201 252 234 179 121 6 16 69 222 281 237 132 61 
0 11 16 14 72 172 446 293 14 16 22 120 251 479 109 13 18 18 66 185 477 213 47 0 
0 0 8 12 21 42 132 809 2 8 13 29 50 161 175 586 8 7 21 38 105 161 518 166 
0 0 0 0 0 0 0 1024 0 0 0 0 0 0 35 989 0 0 0 0 0 5 1006 13 
0 26 431 222 82 175 15 73 0 0 56 526 238 135 2 67 0 0 2 39 41 543 364 35 
2 121 100 150 63 489 23 76 128 28 16 159 325 290 75 3 103 42 9 14 23 248 547 38 
0 982 40 2 0 0 0 0 993 20 2 9 0 0 0 0 985 22 5 3 3 6 0 0 
58 903 51 6 4 2 0 0 900 111 7 4 2 0 0 0 987 29 4 3 1 0 0 0 
0 279 183 56 54 46 31 375 249 226 65 64 39 148 218 15 342 176 62 56 160 190 37 1 
12 90 89 47 26 31 357 372 116 98 41 34 182 468 85 0 126 85 52 118 456 185 2 0 
0 0 0 3 8 9 31 973 0 2 7 6 26 96 797 90 3 5 10 16 82 784 89 35 
0 0 0 12 15 28 37 932 0 8 19 29 38 235 589 106 1 19 27 36 187 550 203 1 
1 10 19 23 48 158 247 518 12 23 40 89 217 325 305 13 27 34 81 148 295 390 46 3 
154 71 30 42 69 183 306 169 215 40 62 135 307 220 43 2 235 56 111 285 266 69 2 0 
95 27 14 26 47 45 216 554 119 20 43 43 200 464 117 18 127 31 60 133 408 232 31 2 
0 0 0 3 145 276 378 222 0 0 12 314 369 275 52 2 0 2 177 408 325 109 3 0 
30 29 32 86 132 167 158 390 60 47 97 187 228 176 157 72 76 72 169 239 186 166 95 21 
8 25 41 46 132 227 241 304 45 44 75 233 289 264 74 0 62 62 158 340 308 87 7 0 
12 55 49 56 73 87 178 514 59 69 61 100 157 242 134 202 95 64 86 162 178 194 220 25 
0 0 0 0 0 0 0 1024 0 0 0 0 0 0 72 952 0 0 0 0 0 31 993 0 
0 241 480 107 56 43 1 96 0 0 60 762 72 42 26 62 0 0 31 2 44 774 170 3 
5 663 61 58 39 198 0 0 638 34 18 91 148 95 0 0 588 75 10 9 12 90 240 0 
109 915 0 0 0 0 0 0 1024 0 0 0 0 0 0 0 1024 0 0 0 0 0 0 0 
39 865 120 0 0 0 0 0 976 48 0 0 0 0 0 0 1019 5 0 0 0 0 0 0 
0 844 24 4 9 15 10 118 771 98 8 8 15 60 62 2 811 63 9 18 40 68 14 1 
14 160 8 17 19 30 501 275 168 18 17 22 274 483 42 0 156 37 22 62 602 143 2 0 
0 0 2 1 1 2 7 1011 1 3 0 0 8 42 808 162 3 1 0 4 34 803 133 46 
2 5 4 5 31 75 163 739 8 4 30 95 197 477 191 22 10 15 80 151 437 293 34 4 
3 14 17 34 39 130 495 292 18 21 49 65 391 362 104 14 30 46 49 211 516 138 31 3 
148 147 80 96 43 33 87 390 290 169 93 106 124 147 80 15 375 150 112 141 122 97 25 2 
490 353 108 10 9 32 22 0 761 181 17 16 48 1 0 0 895 61 9 55 3 1 0 0 
82 237 220 196 41 130 102 16 240 344 211 37 177 7 2 6 341 367 106 174 25 4 2 5 
333 184 110 31 24 32 73 237 447 138 119 107 27 4 12 170 519 78 125 75 42 15 136 34 
84 187 446 187 18 18 32 52 238 562 136 47 30 3 3 5 377 524 58 48 6 6 5 0 
39 77 74 204 45 28 63 494 96 66 241 50 26 75 131 339 120 142 170 44 36 121 383 8 
0 0 0 0 2 28 36 958 0 0 0 2 26 43 333 620 0 0 1 24 33 318 648 0 
0 611 289 9 7 5 7 96 0 1 113 795 8 8 64 35 0 0 0 30 81 827 76 10 
49 870 104 1 0 0 0 0 692 107 89 136 0 0 0 0 717 58 21 16 79 133 0 0 
319 663 33 6 3 0 0 0 996 22 5 1 0 0 0 0 1012 7 5 0 0 0 0 0 
10 759 255 0 0 0 0 0 924 100 0 0 0 0 0 0 1018 6 0 0 0 0 0 0 
153 862 9 0 0 0 0 0 962 62 0 0 0 0 0 0 1014 10 0 0 0 0 0 0 
20 71 5 8 51 177 355 337 80 14 5 33 248 550 94 0 74 23 19 160 444 304 0 0 
25 57 34 15 15 48 146 684 69 49 15 45 79 291 462 14 111 17 45 76 295 463 17 0 
138 491 116 44 45 72 96 22 591 183 60 132 53 5 0 0 706 93 113 102 10 0 0 0 
400 309 93 192 24 6 0 0 637 148 221 13 5 0 0 0 702 155 159 3 5 0 0 0 
153 290 291 211 46 27 3 3 421 414 181 8 0 0 0 0 583 368 72 1 0 0 0 0 
23 263 539 149 20 18 5 7 247 710 47 12 8 0 0 0 493 489 25 15 2 0 0 0 
0 0 54 880 90 0 0 0 0 81 940 3 0 0 0 0 7 313 704 0 0 0 0 0 
0 41 481 29 19 21 23 410 31 494 34 11 20 32 322 80 305 243 22 19 26 311 94 4 
0 18 463 543 0 0 0 0 12 585 427 0 0 0 0 0 48 920 56 0 0 0 0 0 
0 0 45 367 91 11 31 479 0 82 326 94 9 52 238 223 2 276 211 21 29 237 248 0 
0 0 0 0 0 1 2 1021 0 0 0 0 1 8 521 494 0 0 0 1 0 480 543 0 
0 26 47 7 5 6 6 927 0 0 25 58 4 11 491 435 0 0 0 10 38 284 690 2 
27 165 108 23 10 7 12 672 70 57 89 109 12 11 457 219 70 59 19 11 91 308 461 5 
201 346 164 128 131 38 9 7 554 268 120 53 20 3 3 3 662 248 62 36 8 3 5 0 
36 702 267 19 0 0 0 0 723 292 9 0 0 0 0 0 780 242 2 0 0 0 0 0 
139 735 30 5 9 7 9 90 651 251 7 5 9 10 75 16 569 335 5 9 10 58 37 1 
0 4 1 2 0 17 88 912 4 1 1 1 38 301 670 8 4 1 2 3 219 731 63 1 
0 0 0 1 2 81 112 828 0 1 5 118 108 23 298 471 1 2 91 134 42 306 448 0 
39 177 45 93 250 337 76 7 198 137 367 292 30 0 0 0 278 154 491 99 2 0 0 0 
53 260 74 422 212 3 0 0 272 119 491 142 0 0 0 0 320 231 472 1 0 0 0 0 
204 635 104 22 18 17 20 4 756 263 5 0 0 0 0 0 922 97 5 0 0 0 0 0 
44 293 487 200 0 0 0 0 242 696 86 0 0 0 0 0 522 502 0 0 0 0 0 0 
0 13 121 794 96 0 0 0 11 180 815 18 0 0 0 0 65 495 463 1 0 0 0 0 
0 7 394 74 9 12 10 518 5 424 46 6 15 4 18 506 164 298 17 15 6 17 369 138 
0 21 520 388 5 3 9 78 16 664 250 5 6 4 3 76 145 721 69 4 6 2 53 24 
0 0 50 335 83 4 4 548 0 119 273 73 6 3 8 542 4 329 119 19 3 4 302 244 
0 0 0 0 0 0 0 1024 0 0 0 0 0 0 0 1024 0 0 0 0 0 0 700 324 
0 0 0 0 0 0 0 1024 0 0 0 0 0 0 38 986 0 0 0 0 0 5 753 266 
0 3 19 13 1 5 4 979 10 22 3 3 1 4 27 954 3 28 4 3 5 12 724 245 
11 642 260 57 25 10 2 17 634 318 33 14 7 5 3 10 276 688 28 12 4 4 5 7 
6 990 27 1 0 0 0 0 872 152 0 0 0 0 0 0 235 789 0 0 0 0 0 0 
6 831 33 8 2 5 3 136 283 584 5 8 0 5 50 89 93 766 21 1 5 30 96 12 
1 4 0 1 1 1 15 1001 3 2 0 2 8 54 787 168 5 0 2 6 39 541 431 0 
0 0 0 1 4 26 38 955 0 0 1 40 28 9 398 548 0 11 37 23 8 421 517 7 
6 38 47 154 384 292 46 57 53 134 477 265 35 1 9 50 96 262 512 93 5 12 44 0 
21 24 34 609 262 59 15 0 48 66 757 142 11 0 0 0 54 451 484 35 0 0 0 0 
117 537 168 107 64 30 1 0 627 222 110 65 0 0 0 0 762 152 103 7 0 0 0 0 
19 61 740 204 0 0 0 0 75 872 77 0 0 0 0 0 347 675 2 0 0 0 0 0 
0 17 515 446 29 1 1 15 10 594 378 24 2 2 5 9 130 755 121 2 2 3 8 3 
0 12 327 111 14 9 9 542 11 420 21 11 10 8 7 536 174 277 11 12 6 6 306 232 
0 44 454 254 9 5 9 249 36 548 169 8 6 8 11 238 197 501 62 6 7 7 72 172 
0 8 138 206 12 5 8 647 8 231 111 12 6 4 9 643 38 292 31 7 4 6 135 511 
0 0 0 0 0 0 1 1023 0 0 0 0 0 0 2 1022 0 0 0 0 0 0 114 910 
0 0 0 0 0 0 0 1024 0 0 0 0 0 0 2 1022 0 0 0 0 0 0 297 727 
0 25 221 19 8 4 7 740 46 215 8 5 2 5 24 719 21 241 7 4 4 15 386 346 
0 559 465 0 0 0 0 0 480 544 0 0 0 0 0 0 31 993 0 0 0 0 0 0 
60 963 1 0 0 0 0 0 723 301 0 0 0 0 0 0 269 755 0 0 0 0 0 0 
85 758 6 5 2 8 6 154 683 163 5 3 3 10 37 120 496 354 5 3 9 31 121 5 
0 0 0 0 0 0 9 1015 0 0 0 0 0 7 673 344 0 0 0 0 5 292 727 0 
0 0 0 0 0 0 0 1024 0 0 0 0 0 0 487 537 0 0 0 0 0 542 482 0 
0 16 100 373 164 101 48 222 22 310 316 123 31 12 153 57 91 469 196 47 16 156 49 0 
21 121 241 608 33 0 0 0 149 356 510 9 0 0 0 0 238 605 181 0 0 0 0 0 
170 434 203 120 91 6 0 0 605 254 106 59 0 0 0 0 746 162 116 0 0 0 0 0 
16 101 680 185 13 18 9 2 92 830 61 14 19 8 0 0 364 608 19 22 8 3 0 0 
184 298 304 89 5 5 9 130 393 402 79 4 7 10 59 70 539 316 20 7 10 39 91 2 
66 121 109 28 6 7 12 675 166 129 28 4 11 14 276 396 229 90 8 10 12 217 454 4 
228 248 175 82 7 9 8 267 421 216 95 7 7 6 165 107 516 187 36 2 10 138 128 7 
15 88 30 50 9 6 6 820 59 74 48 11 4 6 119 703 92 66 26 9 7 66 662 96 
0 0 0 0 0 0 0 1024 0 0 0 0 0 0 12 1012 0 0 0 0 0 11 828 185 
0 0 0 0 0 0 3 1021 0 0 0 0 0 0 20 1004 0 0 0 0 0 15 672 337 
0 143 170 26 2 3 6 674 104 234 2 2 4 2 26 650 80 258 2 4 3 12 581 84 
0 824 200 0 0 0 0 0 626 398 0 0 0 0 0 0 239 785 0 0 0 0 0 0 
122 884 5 3 2 0 1 7 764 246 1 3 2 0 1 7 658 352 2 3 1 1 2 5 
2 748 5 8 8 3 9 241 543 211 6 9 3 6 26 220 342 418 7 4 7 24 213 9 
0 0 0 0 0 0 3 1021 0 0 0 0 0 1 635 388 0 0 0 0 1 333 690 0 
