0 11 149 22 20 21 63 738 0 10 131 39 21 22 137 664 0 6 52 119 18 27 104 698 
0 2 11 45 86 109 239 532 0 2 27 84 103 119 304 385 0 2 38 86 104 110 283 401 
22 116 85 20 47 97 183 454 8 168 54 35 90 151 203 315 8 135 88 31 91 173 192 306 
148 347 337 187 5 0 0 0 62 597 357 6 2 0 0 0 38 637 335 9 4 1 0 0 
22 56 19 741 186 0 0 0 14 78 737 195 0 0 0 0 10 610 382 22 0 0 0 0 
0 32 62 114 202 241 161 212 0 24 70 77 156 213 265 219 2 16 159 231 261 148 113 94 
0 0 15 53 116 288 302 250 0 0 16 34 127 284 267 296 1 29 71 191 289 218 65 160 
0 10 63 359 155 56 83 298 0 20 237 297 60 71 92 247 0 49 316 223 59 65 92 220 
0 0 0 929 39 16 17 23 0 0 147 813 9 22 16 17 0 0 460 507 12 19 18 8 
0 39 37 480 149 89 122 108 20 41 145 469 112 79 90 68 27 34 211 433 91 72 92 64 
0 2 75 292 223 118 174 140 0 11 68 239 277 230 164 35 6 84 267 245 113 105 172 32 
0 8 254 285 97 49 88 243 0 2 91 371 186 87 165 122 10 272 248 118 47 67 127 135 
0 8 407 264 16 40 62 227 0 0 206 457 62 77 119 103 13 358 306 17 53 123 77 77 
0 30 486 206 31 52 66 153 0 28 435 269 79 95 67 51 28 465 234 33 75 121 57 11 
0 25 456 284 11 30 62 156 0 60 528 196 38 91 71 40 20 476 276 16 21 156 59 0 
0 93 490 94 13 5 42 287 0 137 421 120 24 42 97 183 26 537 113 17 14 85 95 137 
0 8 12 86 107 136 181 494 0 2 133 141 66 120 129 433 0 3 117 139 82 82 131 470 
6 403 414 68 11 7 15 100 0 179 535 161 28 15 41 65 177 475 222 26 8 25 51 40 
0 150 322 216 196 59 12 69 0 87 362 225 238 38 19 55 110 291 217 154 159 27 39 27 
0 15 263 159 54 117 193 223 0 4 163 226 101 113 240 177 5 219 195 55 73 89 200 188 
0 37 198 205 65 7 0 512 0 0 120 215 146 30 1 512 11 176 185 125 15 0 2 510 
1 195 156 31 24 15 56 546 6 211 147 26 19 26 102 487 60 135 127 60 22 22 101 497 
0 27 69 27 31 50 250 570 0 32 67 23 41 89 483 289 0 27 79 28 32 99 470 289 
0 18 52 40 52 58 237 567 0 31 35 49 50 59 464 336 1 31 30 50 47 52 479 334 
24 110 590 266 28 1 5 0 15 565 404 26 7 2 5 0 13 836 145 16 6 3 3 2 
0 0 10 583 431 0 0 0 0 30 592 402 0 0 0 0 7 521 488 8 0 0 0 0 
0 34 33 156 272 375 149 5 0 30 117 85 128 293 302 69 6 64 133 313 393 113 2 0 
0 0 6 33 185 434 344 22 0 0 5 16 94 284 478 147 0 13 65 247 466 227 6 0 
0 33 31 390 157 147 166 100 0 45 128 346 51 134 173 147 3 49 286 262 132 126 89 77 
454 90 33 328 119 0 0 0 470 84 125 343 2 0 0 0 442 112 173 295 2 0 0 0 
18 17 51 409 199 55 98 177 31 1 60 526 133 78 54 141 34 19 149 506 101 36 35 144 
0 14 251 478 200 62 19 0 1 25 181 475 284 56 2 0 27 231 506 195 41 24 0 0 
1 84 395 390 139 14 1 0 0 15 262 466 245 34 2 0 57 324 429 182 31 1 0 0 
1 37 399 497 88 2 0 0 0 9 136 529 335 15 0 0 19 282 537 171 15 0 0 0 
0 61 410 431 117 5 0 0 0 29 323 446 206 20 0 0 43 393 389 171 28 0 0 0 
0 18 300 543 141 22 0 0 0 21 323 491 161 28 0 0 6 279 511 170 58 0 0 0 
0 82 398 189 155 41 57 102 0 57 323 237 185 74 80 68 40 335 242 147 86 16 75 83 
0 25 20 21 59 358 410 131 0 8 48 158 237 326 170 77 0 27 90 220 85 240 238 124 
7 536 181 170 113 17 0 0 0 329 370 166 136 23 0 0 246 390 143 178 62 5 0 0 
0 233 293 196 196 95 11 0 1 226 303 187 195 103 9 0 115 389 137 212 152 19 0 0 
0 0 46 242 334 319 79 4 0 0 14 173 400 345 91 1 1 46 211 315 270 152 29 0 
0 0 57 342 258 305 62 0 0 0 4 192 358 329 140 1 0 34 294 279 321 96 0 0 
4 210 246 29 19 26 138 352 5 320 147 23 22 27 201 279 36 238 124 94 18 26 169 319 
0 61 297 52 14 13 338 249 0 76 281 51 15 17 432 152 0 42 290 77 15 15 425 160 
1 39 93 24 46 58 245 518 1 69 64 29 46 61 421 333 0 39 78 30 44 50 409 374 
0 39 712 155 42 8 22 46 0 589 321 34 4 9 24 43 16 854 70 7 6 10 38 23 
0 0 64 532 428 0 0 0 0 113 527 384 0 0 0 0 87 521 416 0 0 0 0 0 
0 31 53 340 350 210 38 2 0 76 168 147 245 252 121 15 36 160 171 329 258 64 6 0 
0 2 48 191 279 347 148 9 0 0 23 140 228 299 285 49 1 38 186 262 342 182 13 0 
0 43 54 369 191 283 83 1 14 41 156 322 106 266 109 10 18 66 288 265 165 191 30 1 
127 51 22 617 207 0 0 0 143 40 57 784 0 0 0 0 134 51 191 648 0 0 0 0 
31 63 24 215 328 117 88 158 44 63 18 456 93 138 89 123 55 54 60 482 112 81 103 77 
0 1 48 202 330 330 109 4 0 0 35 209 361 341 76 2 0 25 171 364 312 141 11 0 
0 7 67 394 411 130 15 0 0 2 46 271 480 180 44 1 4 39 258 489 175 58 1 0 
0 17 101 317 398 160 31 0 0 5 63 217 467 208 64 0 7 57 298 413 186 63 0 0 
0 4 101 368 373 158 19 1 0 0 43 223 456 241 59 2 1 54 286 430 187 64 2 0 
0 1 44 349 343 180 103 4 0 0 18 212 429 231 125 9 0 28 223 419 229 124 1 0 
0 0 29 228 243 195 260 69 0 0 22 171 283 242 231 75 0 10 139 282 256 183 116 38 
0 0 1 13 91 517 303 99 0 0 3 215 273 352 119 62 0 0 129 183 147 346 159 60 
0 0 11 147 256 144 227 239 0 0 6 74 302 145 182 315 0 2 72 272 139 524 15 0 
0 0 0 47 197 164 163 453 0 0 0 12 214 175 174 449 0 0 17 204 160 520 123 0 
0 0 0 27 134 134 290 439 0 0 0 13 122 131 161 597 0 0 23 138 129 592 142 0 
0 0 0 2 26 117 432 447 0 0 0 1 16 80 168 759 0 0 3 38 209 617 157 0 
6 371 299 77 60 41 92 78 5 391 283 71 45 72 125 32 14 385 201 140 54 49 128 53 
1 105 331 216 53 34 243 41 0 148 408 102 49 46 250 21 11 167 394 95 42 54 246 15 
3 103 283 196 90 97 141 111 5 200 245 150 92 97 163 72 25 188 211 172 97 95 151 85 
0 39 743 109 25 18 39 51 0 654 181 63 21 19 53 33 19 772 44 66 21 17 54 31 
0 0 16 624 384 0 0 0 0 55 783 186 0 0 0 0 33 779 212 0 0 0 0 0 
13 55 95 453 237 129 40 2 0 119 307 192 201 131 71 3 58 276 213 239 191 42 5 0 
0 18 59 210 362 257 109 9 0 7 48 173 354 297 99 46 17 70 266 354 247 69 1 0 
0 6 20 303 382 205 85 23 0 7 35 432 289 162 46 53 5 17 135 447 281 138 1 0 
507 294 36 152 35 0 0 0 583 227 55 159 0 0 0 0 435 320 175 94 0 0 0 0 
432 359 204 18 8 1 2 0 500 326 170 17 8 2 1 0 446 306 238 26 6 2 0 0 
70 170 83 124 172 160 106 139 141 127 95 83 139 157 114 168 170 137 155 179 177 163 41 2 
83 177 33 84 148 81 93 325 20 204 62 44 144 119 59 372 127 134 97 153 105 274 131 3 
178 129 18 36 120 94 156 293 86 193 37 23 106 94 100 385 236 82 47 138 128 272 121 0 
75 100 40 58 68 69 203 411 45 116 57 59 45 50 133 519 96 111 68 73 147 329 200 0 
0 16 66 65 20 15 338 504 0 4 64 70 21 14 80 771 2 28 75 57 68 500 290 4 
0 1 16 4 2 146 368 487 0 0 8 10 28 135 50 793 0 8 13 1 37 745 212 8 
0 0 0 1 230 522 175 96 0 0 6 148 508 180 41 141 0 1 63 222 322 361 54 1 
0 0 0 0 0 0 381 643 0 0 0 0 0 0 3 1021 0 0 0 0 46 755 223 0 
0 0 0 0 0 0 366 658 0 0 0 0 0 0 0 1024 0 0 0 0 1 865 158 0 
0 0 0 0 0 0 358 666 0 0 0 0 0 0 10 1014 0 0 0 0 7 638 379 0 
0 0 0 0 0 0 395 629 0 0 0 0 0 0 7 1017 0 0 0 0 44 684 296 0 
254 522 139 84 24 1 0 0 372 483 76 75 18 0 0 0 518 333 79 67 27 0 0 0 
253 302 233 153 66 17 0 0 356 334 127 130 61 16 0 0 405 316 98 117 61 26 1 0 
436 264 182 101 29 12 0 0 583 185 145 67 41 3 0 0 548 236 111 73 42 14 0 0 
77 606 277 60 3 1 0 0 276 425 155 162 5 0 1 0 334 350 122 148 69 1 0 0 
0 550 234 235 5 0 0 0 48 707 269 0 0 0 0 0 171 809 44 0 0 0 0 0 
755 66 143 56 3 1 0 0 55 347 611 6 3 1 1 0 764 193 63 3 0 1 0 0 
428 34 47 310 6 13 71 115 135 72 338 272 6 8 11 182 309 153 132 231 36 159 4 0 
141 92 74 326 170 118 27 76 135 83 135 317 175 74 9 96 32 211 132 292 233 106 16 2 
403 126 63 54 198 175 3 2 450 116 56 96 297 4 3 2 346 184 85 95 304 6 3 1 
11 526 316 32 39 82 18 0 69 648 157 45 97 8 0 0 62 589 196 57 86 34 0 0 
36 209 81 105 227 158 59 149 145 123 97 270 130 42 38 179 196 72 114 263 175 150 49 5 
144 208 55 52 219 146 101 99 101 251 70 229 137 27 30 179 233 147 69 232 174 141 28 0 
77 385 51 32 126 26 161 166 36 425 51 135 26 17 33 301 315 189 67 111 76 220 46 0 
39 100 23 70 639 153 0 0 63 75 95 759 30 2 0 0 116 40 127 740 1 0 0 0 
0 22 29 10 536 379 15 33 0 15 39 578 321 16 6 49 5 18 51 800 111 36 3 0 
0 0 0 1 77 218 371 357 0 0 0 9 143 132 26 714 0 0 16 50 210 668 80 0 
0 0 0 48 352 403 123 98 0 0 49 188 513 90 25 159 0 12 142 278 339 239 13 1 
0 0 0 0 8 51 616 349 0 0 0 0 0 12 67 945 0 0 0 30 238 736 20 0 
0 0 0 1 16 37 662 308 0 0 0 0 3 17 67 937 0 0 5 19 245 730 25 0 
0 0 0 0 18 30 670 306 0 0 0 0 1 20 47 956 0 0 1 25 206 738 54 0 
0 0 0 0 3 38 654 329 0 0 0 0 0 7 53 964 0 0 0 16 380 566 62 0 
734 232 30 27 1 0 0 0 623 362 26 13 0 0 0 0 574 415 24 11 0 0 0 0 
856 153 15 0 0 0 0 0 823 199 2 0 0 0 0 0 377 646 1 0 0 0 0 0 
866 142 16 0 0 0 0 0 921 89 14 0 0 0 0 0 533 488 3 0 0 0 0 0 
253 533 75 51 109 3 0 0 392 392 74 36 98 32 0 0 204 351 281 36 27 89 36 0 
214 190 270 283 61 6 0 0 216 285 413 40 64 6 0 0 122 488 308 41 28 32 5 0 
193 123 277 413 18 0 0 0 202 315 481 26 0 0 0 0 242 523 251 8 0 0 0 0 
53 212 367 327 65 0 0 0 49 555 307 113 0 0 0 0 223 440 337 24 0 0 0 0 
0 18 123 86 306 491 0 0 0 98 98 113 700 15 0 0 5 87 84 88 728 32 0 0 
0 0 0 9 230 593 184 8 0 0 6 324 532 161 1 0 0 0 0 2 253 484 258 27 
3 213 13 24 182 307 277 5 168 57 30 276 294 195 4 0 158 63 12 31 146 393 186 35 
34 342 33 144 143 88 215 25 365 36 154 178 166 125 0 0 357 35 105 203 118 167 39 0 
0 1 10 445 242 212 114 0 0 4 125 630 223 42 0 0 0 3 109 599 210 89 14 0 
0 0 19 862 125 9 3 6 0 0 485 504 19 7 3 6 0 0 251 743 21 3 6 0 
0 0 210 520 123 169 2 0 0 0 714 207 96 7 0 0 0 0 714 281 27 2 0 0 
0 0 0 539 206 273 4 2 0 0 255 344 386 34 4 1 0 0 235 629 76 81 3 0 
0 0 0 103 498 121 173 129 0 0 0 436 181 130 42 235 0 0 32 264 383 311 34 0 
0 0 0 63 560 254 111 36 0 0 40 465 284 107 34 94 0 10 135 274 453 136 16 0 
0 0 0 16 217 82 606 103 0 0 0 117 102 26 170 609 0 1 19 110 392 455 47 0 
0 0 0 0 50 30 822 122 0 0 0 10 35 14 120 845 0 0 6 40 181 770 27 0 
0 0 0 0 0 32 903 89 0 0 0 0 0 0 177 847 0 0 0 1 299 721 3 0 
0 0 0 0 0 28 934 62 0 0 0 0 0 0 248 776 0 0 0 0 435 582 7 0 
717 242 58 7 0 0 0 0 678 280 64 2 0 0 0 0 185 671 153 15 0 0 0 0 
668 278 76 2 0 0 0 0 535 418 69 2 0 0 0 0 330 525 158 11 0 0 0 0 
598 346 79 1 0 0 0 0 314 617 92 1 0 0 0 0 446 336 236 6 0 0 0 0 
343 230 424 27 0 0 0 0 295 446 282 1 0 0 0 0 339 501 182 2 0 0 0 0 
74 14 350 437 100 49 0 0 77 93 646 112 96 0 0 0 77 463 290 117 77 0 0 0 
0 0 268 749 7 0 0 0 0 168 843 13 0 0 0 0 4 646 374 0 0 0 0 0 
0 0 23 655 340 6 0 0 0 19 598 274 133 0 0 0 0 254 512 78 180 0 0 0 
0 0 7 20 260 716 21 0 0 0 15 70 895 44 0 0 0 0 14 24 876 85 22 3 
0 0 0 1 231 525 260 7 0 0 4 430 408 179 3 0 0 0 0 1 108 542 343 30 
0 0 6 40 171 389 411 7 0 8 50 215 384 365 2 0 0 23 61 71 223 393 240 13 
0 0 0 13 48 278 414 271 0 0 20 45 357 599 3 0 0 0 22 137 240 199 426 0 
0 0 23 156 201 280 235 129 0 0 247 226 261 289 1 0 0 99 270 231 76 119 229 0 
0 0 254 374 351 36 9 0 0 6 805 174 39 0 0 0 0 304 677 37 6 0 0 0 
0 0 167 648 209 0 0 0 0 3 916 105 0 0 0 0 3 216 691 114 0 0 0 0 
0 0 0 930 93 1 0 0 0 2 545 477 0 0 0 0 2 40 360 622 0 0 0 0 
0 0 0 266 758 0 0 0 0 0 1 1022 1 0 0 0 0 0 0 841 183 0 0 0 
0 0 0 48 976 0 0 0 0 0 0 1024 0 0 0 0 0 0 0 852 172 0 0 0 
0 0 0 107 917 0 0 0 0 0 0 1024 0 0 0 0 0 0 0 545 479 0 0 0 
0 0 0 29 989 4 2 0 0 0 0 944 75 3 2 0 0 0 0 234 787 2 1 0 
0 0 0 2 903 27 84 8 0 0 0 743 162 19 62 38 0 0 0 77 875 65 7 0 
0 0 0 0 754 39 218 13 0 0 0 570 184 12 114 144 0 0 0 48 893 81 2 0 
397 621 6 0 0 0 0 0 326 698 0 0 0 0 0 0 774 250 0 0 0 0 0 0 
279 422 220 102 1 0 0 0 122 740 130 32 0 0 0 0 422 469 130 3 0 0 0 0 
526 352 146 0 0 0 0 0 110 818 96 0 0 0 0 0 325 630 69 0 0 0 0 0 
188 115 483 234 4 0 0 0 74 770 172 6 2 0 0 0 448 540 33 2 1 0 0 0 
73 75 161 533 182 0 0 0 72 456 430 65 1 0 0 0 734 197 83 10 0 0 0 0 
0 7 110 298 426 125 31 27 7 119 487 270 72 30 24 15 108 504 208 76 42 31 23 32 
0 0 0 10 551 253 59 151 0 0 10 92 693 42 63 124 0 8 21 41 722 27 52 153 
0 0 22 21 201 780 0 0 0 0 31 36 844 113 0 0 0 0 22 49 896 57 0 0 
0 0 0 0 95 879 50 0 0 0 1 90 575 358 0 0 0 0 0 1 525 430 63 5 
0 0 0 7 312 629 72 4 0 0 67 240 409 263 42 3 0 9 190 181 379 195 50 20 
0 0 0 5 15 482 440 82 0 0 0 17 556 311 77 63 0 0 1 360 364 146 66 87 
0 0 0 0 7 966 51 0 0 0 0 490 533 1 0 0 0 0 138 877 9 0 0 0 
0 0 0 8 11 768 237 0 0 0 12 113 890 9 0 0 0 8 47 918 51 0 0 0 
0 0 0 49 149 423 403 0 0 1 172 94 751 6 0 0 0 164 58 698 104 0 0 0 
0 0 0 98 325 199 399 3 0 9 352 90 503 70 0 0 13 347 70 413 180 1 0 0 
0 0 0 44 409 240 331 0 0 3 100 475 342 104 0 0 0 113 359 344 208 0 0 0 
0 0 0 117 311 446 149 1 0 0 3 824 119 78 0 0 0 12 573 337 102 0 0 0 
0 0 0 284 354 381 5 0 0 0 10 877 133 4 0 0 0 19 421 579 5 0 0 0 
0 0 0 402 433 189 0 0 0 0 1 988 35 0 0 0 0 16 272 708 28 0 0 0 
0 0 0 413 531 80 0 0 0 0 0 1006 18 0 0 0 0 0 62 816 146 0 0 0 
0 0 0 477 547 0 0 0 0 0 0 1018 6 0 0 0 0 0 0 838 186 0 0 0 
800 224 0 0 0 0 0 0 607 340 77 0 0 0 0 0 685 318 21 0 0 0 0 0 
371 448 181 24 0 0 0 0 202 742 68 12 0 0 0 0 342 632 47 3 0 0 0 0 
300 400 324 0 0 0 0 0 107 908 9 0 0 0 0 0 332 692 0 0 0 0 0 0 
411 201 225 88 88 10 1 0 134 697 136 53 4 0 0 0 428 505 82 8 1 0 0 0 
0 42 88 404 479 11 0 0 36 66 490 413 17 2 0 0 91 562 248 109 13 1 0 0 
0 8 174 269 558 15 0 0 2 144 320 476 82 0 0 0 21 712 87 81 122 1 0 0 
0 0 0 0 459 565 0 0 0 0 0 27 997 0 0 0 0 0 0 28 993 3 0 0 
0 11 113 24 220 656 0 0 0 5 114 37 785 83 0 0 0 2 57 107 758 100 0 0 
0 0 0 110 303 611 0 0 0 0 2 212 455 355 0 0 0 0 0 153 519 352 0 0 
0 0 0 416 290 318 0 0 0 0 94 530 314 86 0 0 0 10 132 591 234 57 0 0 
0 0 0 557 72 350 44 1 0 0 18 638 309 58 1 0 0 0 10 792 207 15 0 0 
0 0 0 332 341 351 0 0 0 0 4 896 124 0 0 0 0 0 319 686 19 0 0 0 
0 0 0 51 105 819 49 0 0 0 1 554 469 0 0 0 0 0 184 832 8 0 0 0 
0 0 0 0 6 841 177 0 0 0 0 233 789 2 0 0 0 0 121 878 25 0 0 0 
0 0 0 0 0 510 514 0 0 0 0 22 1000 2 0 0 0 0 15 957 52 0 0 0 
0 0 0 2 12 280 728 2 0 1 6 55 813 149 0 0 0 2 40 710 270 2 0 0 
0 0 0 0 5 102 916 1 0 0 1 12 786 225 0 0 0 0 11 652 358 3 0 0 
0 0 0 1 12 132 739 140 0 0 1 38 408 432 108 37 0 0 40 350 423 132 55 24 
0 0 0 0 15 286 627 96 0 0 1 111 311 560 41 0 0 4 139 255 435 189 2 0 
0 0 0 0 9 326 665 24 0 0 0 159 561 304 0 0 0 0 149 558 305 12 0 0 
0 0 0 32 95 375 511 11 0 0 0 294 647 83 0 0 0 0 210 721 93 0 0 0 
943 81 0 0 0 0 0 0 1024 0 0 0 0 0 0 0 1021 3 0 0 0 0 0 0 
741 283 0 0 0 0 0 0 986 38 0 0 0 0 0 0 966 58 0 0 0 0 0 0 
402 395 227 0 0 0 0 0 530 483 11 0 0 0 0 0 490 522 12 0 0 0 0 0 
218 482 324 0 0 0 0 0 117 856 51 0 0 0 0 0 216 769 39 0 0 0 0 0 
43 121 202 521 137 0 0 0 92 226 591 115 0 0 0 0 270 590 161 3 0 0 0 0 
19 12 35 314 643 1 0 0 16 38 200 612 158 0 0 0 37 441 54 266 226 0 0 0 
40 33 17 388 303 243 0 0 36 40 20 394 532 2 0 0 19 47 21 301 610 26 0 0 
13 46 247 468 65 185 0 0 19 106 199 466 221 13 0 0 0 59 243 419 273 30 0 0 
20 30 380 569 20 5 0 0 26 68 396 519 13 2 0 0 20 46 396 497 61 4 0 0 
0 0 15 974 35 0 0 0 0 1 35 988 0 0 0 0 0 0 18 726 280 0 0 0 
18 23 16 930 37 0 0 0 23 22 38 940 1 0 0 0 6 30 19 792 177 0 0 0 
0 0 0 962 62 0 0 0 0 0 38 986 0 0 0 0 0 0 0 907 117 0 0 0 
0 0 0 804 219 1 0 0 0 0 6 1017 1 0 0 0 0 0 0 796 228 0 0 0 
0 0 0 372 447 201 4 0 0 0 2 921 101 0 0 0 0 0 51 592 381 0 0 0 
0 0 0 114 369 490 51 0 0 0 7 567 447 3 0 0 0 0 57 690 277 0 0 0 
0 0 0 7 116 606 295 0 0 0 6 214 765 39 0 0 0 2 69 783 167 3 0 0 
0 0 0 0 0 228 796 0 0 0 0 25 844 155 0 0 0 0 17 775 232 0 0 0 
0 0 0 0 4 150 641 229 0 0 0 15 511 296 146 56 0 0 25 466 290 134 64 45 
0 0 0 7 33 27 619 338 0 18 8 7 31 779 134 47 0 3 17 20 564 341 34 45 
0 0 0 6 243 54 686 35 0 0 0 101 570 350 3 0 0 0 1 458 513 52 0 0 
0 0 0 24 451 72 469 8 0 0 0 194 674 156 0 0 0 0 15 318 664 27 0 0 
700 324 0 0 0 0 0 0 1006 18 0 0 0 0 0 0 1002 22 0 0 0 0 0 0 
282 656 14 69 3 0 0 0 911 32 13 68 0 0 0 0 887 54 14 55 14 0 0 0 
100 548 23 353 0 0 0 0 581 76 27 340 0 0 0 0 557 97 15 249 106 0 0 0 
202 122 71 626 3 0 0 0 198 150 48 627 1 0 0 0 230 108 47 452 187 0 0 0 
1 46 128 816 33 0 0 0 7 49 165 792 11 0 0 0 9 53 79 494 389 0 0 0 
0 326 146 549 3 0 0 0 0 76 412 536 0 0 0 0 0 0 376 519 129 0 0 0 
3 384 217 412 8 0 0 0 70 282 284 386 2 0 0 0 64 60 400 348 152 0 0 0 
39 257 253 135 85 46 36 173 224 303 174 208 61 41 10 3 151 337 287 108 53 54 25 9 
53 208 137 201 185 26 33 181 252 163 222 351 34 2 0 0 195 355 239 59 173 2 1 0 
111 188 29 458 238 0 0 0 151 157 26 638 52 0 0 0 91 205 26 193 508 1 0 0 
44 95 13 631 241 0 0 0 67 74 15 836 32 0 0 0 24 108 17 190 685 0 0 0 
0 0 13 669 342 0 0 0 0 0 40 957 27 0 0 0 0 0 4 275 745 0 0 0 
0 0 14 499 511 0 0 0 0 0 43 930 51 0 0 0 0 0 10 259 755 0 0 0 
0 0 0 358 666 0 0 0 0 0 0 894 130 0 0 0 0 0 0 163 858 3 0 0 
0 0 0 240 784 0 0 0 0 0 0 831 193 0 0 0 0 0 0 130 894 0 0 0 
0 0 0 148 869 7 0 0 0 0 0 834 190 0 0 0 0 0 0 99 925 0 0 0 
80 23 10 97 528 204 82 0 92 19 13 508 392 0 0 0 61 43 26 393 481 20 0 0 
1 9 6 4 45 578 381 0 9 6 5 47 904 53 0 0 10 7 27 839 122 18 1 0 
0 0 0 1 413 335 243 32 0 0 0 59 755 174 19 17 0 0 1 119 504 365 17 18 
0 0 0 13 874 136 1 0 0 0 0 96 906 22 0 0 0 0 0 0 508 516 0 0 
0 0 0 8 955 61 0 0 0 0 0 108 906 10 0 0 0 0 0 0 653 371 0 0 
76 127 23 755 43 0 0 0 183 27 25 770 19 0 0 0 177 29 23 325 470 0 0 0 
3 6 2 933 80 0 0 0 5 3 5 973 38 0 0 0 4 4 3 403 610 0 0 0 
0 9 69 843 103 0 0 0 0 4 75 901 44 0 0 0 0 0 26 348 650 0 0 0 
58 228 177 510 51 0 0 0 59 36 389 530 10 0 0 0 48 21 155 444 356 0 0 0 
229 563 184 39 9 0 0 0 420 163 393 45 3 0 0 0 348 177 275 196 28 0 0 0 
512 361 144 5 2 0 0 0 719 213 90 0 2 0 0 0 598 238 166 20 1 1 0 0 
613 352 56 2 1 0 0 0 629 376 14 4 0 1 0 0 340 559 115 7 2 1 0 0 
44 188 40 247 505 0 0 0 87 145 46 527 219 0 0 0 23 168 56 73 690 14 0 0 
0 0 0 185 838 1 0 0 0 0 0 518 506 0 0 0 0 0 0 8 965 51 0 0 
0 0 0 167 857 0 0 0 0 0 0 578 446 0 0 0 0 0 0 13 985 26 0 0 
0 0 0 383 639 2 0 0 0 0 2 753 269 0 0 0 0 0 0 86 917 21 0 0 
0 0 17 537 464 2 4 0 0 1 43 779 195 2 4 0 0 0 19 226 770 3 6 0 
0 0 8 291 725 0 0 0 0 0 41 692 291 0 0 0 0 0 4 135 880 5 0 0 
0 0 0 108 910 6 0 0 0 0 0 561 462 1 0 0 0 0 0 34 954 36 0 0 
99 26 13 87 768 31 0 0 114 19 16 436 436 3 0 0 46 80 22 32 803 41 0 0 
183 49 25 47 391 327 2 0 217 28 36 380 362 1 0 0 107 144 164 232 318 59 0 0 
85 24 7 9 141 717 41 0 101 12 10 284 531 86 0 0 64 54 185 388 110 212 11 0 
0 0 0 0 286 731 7 0 0 0 0 21 721 282 0 0 0 0 0 112 101 780 31 0 
0 0 0 1 431 592 0 0 0 0 0 12 819 193 0 0 0 0 0 0 126 879 19 0 
0 0 0 1 631 392 0 0 0 0 0 18 930 76 0 0 0 0 0 0 260 764 0 0 
0 0 0 4 827 193 0 0 0 0 0 44 943 37 0 0 0 0 0 0 394 627 3 0 
0 2 144 755 103 13 3 4 3 127 239 596 50 5 3 1 52 97 157 264 445 2 3 4 
76 90 67 539 199 14 16 23 90 101 220 504 58 10 12 29 82 102 174 243 365 13 11 34 
291 98 233 142 192 51 15 2 242 264 258 123 55 57 21 4 166 355 202 96 91 32 54 28 
581 149 77 84 109 21 3 0 529 192 76 89 93 31 14 0 349 321 84 77 119 34 24 16 
344 177 60 95 329 11 6 2 310 184 77 131 290 17 9 6 213 190 123 65 307 97 15 14 
267 127 143 112 375 0 0 0 275 225 43 157 324 0 0 0 224 261 43 58 356 82 0 0 
175 112 124 137 466 4 6 0 177 163 78 197 397 6 3 3 89 189 101 66 458 109 5 7 
132 138 85 118 518 18 13 2 70 183 79 213 429 32 12 6 0 104 162 70 500 143 26 19 
0 1 12 61 939 11 0 0 0 1 12 162 849 0 0 0 0 0 5 11 755 253 0 0 
0 0 0 102 893 29 0 0 0 0 0 253 768 3 0 0 0 0 0 24 778 222 0 0 
0 0 0 274 741 9 0 0 0 0 3 479 541 1 0 0 0 0 0 106 826 92 0 0 
0 0 0 46 945 33 0 0 0 0 0 282 740 2 0 0 0 0 0 6 799 219 0 0 
135 23 10 61 698 97 0 0 145 20 15 227 607 10 0 0 36 125 15 20 630 198 0 0 
269 243 28 70 354 59 1 0 268 50 189 255 250 12 0 0 118 391 152 21 259 82 1 0 
124 61 25 35 675 103 1 0 116 26 105 685 70 22 0 0 82 127 677 48 43 45 2 0 
0 0 0 2 243 736 43 0 0 0 27 274 299 420 4 0 0 5 176 176 81 404 181 1 
0 0 0 0 119 881 24 0 0 0 0 1 406 613 4 0 0 0 0 0 21 771 232 0 
0 0 0 0 263 751 10 0 0 0 0 0 608 416 0 0 0 0 0 0 47 885 92 0 
0 0 0 0 356 665 3 0 0 0 0 6 703 315 0 0 0 0 0 0 71 868 85 0 
0 0 0 0 407 612 5 0 0 0 0 11 708 304 1 0 0 0 0 0 108 855 61 0 
0 0 0 0 617 407 0 0 0 0 0 6 893 125 0 0 0 0 0 0 184 828 12 0 
3 85 161 403 368 4 0 0 21 194 148 370 291 0 0 0 69 158 110 106 554 27 0 0 
177 192 82 123 442 4 4 0 90 251 102 128 441 8 3 1 29 184 181 68 469 82 7 4 
112 85 41 56 689 25 16 0 60 120 45 91 667 7 22 12 18 101 90 30 543 204 11 27 
0 2 1 62 780 22 51 106 0 2 1 98 756 11 115 41 0 1 1 3 544 315 48 112 
0 133 82 26 442 23 119 199 0 47 159 39 446 22 218 93 0 0 106 109 287 200 84 238 
2 265 133 39 116 50 104 315 1 49 333 60 120 45 302 114 2 20 190 204 91 82 99 336 
81 103 247 75 53 20 53 392 70 83 256 92 53 24 97 349 27 97 114 223 75 36 80 372 
96 157 72 31 401 157 8 102 68 164 84 39 463 96 14 96 22 120 112 74 156 420 16 104 
2 32 34 16 597 343 0 0 2 26 38 31 811 113 3 0 0 6 23 41 193 747 10 4 
0 0 0 4 687 332 1 0 0 0 0 18 909 97 0 0 0 0 0 0 258 762 4 0 
179 31 17 20 554 205 18 0 194 23 19 70 642 76 0 0 57 152 24 9 264 500 18 0 
276 60 37 277 267 97 10 0 310 49 238 189 201 37 0 0 139 228 319 46 121 167 4 0 
128 22 21 226 623 3 1 0 140 24 276 579 4 1 0 0 91 96 802 28 6 1 0 0 
43 128 30 183 279 309 52 0 33 8 353 230 110 269 21 0 34 191 374 35 54 173 161 2 
0 15 7 12 83 807 100 0 0 0 25 48 236 698 17 0 0 16 42 15 52 561 335 3 
0 0 0 0 98 881 45 0 0 0 0 0 301 716 7 0 0 0 0 0 10 621 393 0 
0 0 0 0 183 786 55 0 0 0 0 8 392 613 11 0 0 0 0 0 37 662 325 0 
0 0 0 0 182 814 28 0 0 0 0 2 458 563 1 0 0 0 0 0 28 795 201 0 
0 0 0 0 210 794 20 0 0 0 0 0 515 506 3 0 0 0 0 0 42 822 159 1 
0 0 0 0 290 728 6 0 0 0 0 3 588 433 0 0 0 0 0 0 30 875 119 0 
0 0 0 0 407 617 0 0 0 0 0 3 755 266 0 0 0 0 0 0 85 909 30 0 
0 0 3 205 474 111 127 104 0 0 57 316 415 77 157 2 0 0 0 92 608 133 174 17 
0 0 0 38 481 23 148 334 0 0 0 65 456 21 480 2 0 0 0 1 394 143 462 24 
0 0 0 5 178 21 155 665 0 0 0 7 181 16 624 196 0 0 0 0 137 64 206 617 
9 427 103 23 6 9 72 375 6 175 341 36 8 10 250 198 0 12 444 89 18 9 47 405 
26 674 213 70 32 8 1 0 20 290 561 101 34 16 2 0 0 33 686 198 70 27 10 0 
42 611 295 55 12 9 0 0 24 250 624 99 15 10 2 0 0 45 611 301 47 11 9 0 
0 441 328 50 12 8 13 172 0 121 640 58 11 8 18 168 0 0 445 333 45 12 10 179 
0 4 1 1 27 79 36 876 3 2 1 3 52 66 41 856 0 4 2 1 11 88 38 880 
232 67 10 7 228 343 44 93 203 63 30 35 420 168 16 89 65 210 33 7 74 490 51 94 
351 187 70 50 156 170 40 0 316 212 40 116 197 99 38 6 142 361 56 66 115 175 60 49 
200 435 101 34 32 77 144 1 251 439 58 23 21 49 126 57 111 521 96 33 16 21 66 160 
9 234 224 263 154 133 7 0 40 314 267 195 108 94 6 0 17 284 256 248 69 107 41 2 
0 0 0 122 212 606 84 0 0 0 93 158 285 467 21 0 0 1 178 72 81 472 216 4 
0 0 0 0 31 750 243 0 0 0 0 0 148 837 39 0 0 0 0 0 5 464 550 5 
0 0 0 0 32 781 211 0 0 0 0 0 169 825 30 0 0 0 0 0 1 467 553 3 
0 0 0 0 73 865 86 0 0 0 0 0 212 799 13 0 0 0 0 0 6 535 483 0 
0 0 7 63 160 680 73 41 0 0 11 64 324 557 25 43 43 54 53 68 70 466 261 9 
0 0 6 88 185 613 80 52 0 0 10 93 375 437 45 64 71 70 74 72 75 485 158 19 
0 0 8 62 178 653 78 45 0 0 9 73 353 494 47 48 46 62 76 64 73 496 200 7 
0 0 3 50 246 662 32 31 0 0 1 59 496 417 17 34 38 35 38 58 80 596 171 8 
0 0 0 0 301 720 3 0 0 0 0 4 675 345 0 0 0 0 0 0 52 893 79 0 
27 273 229 167 110 119 55 44 17 275 303 222 95 55 52 5 1 118 311 277 152 90 56 19 
26 590 264 40 8 8 51 37 11 575 290 45 8 10 73 12 1 260 520 114 29 9 56 35 
0 8 15 9 3 4 120 865 0 11 12 9 3 7 725 257 0 0 16 14 3 6 669 316 
0 93 83 12 149 43 74 570 0 16 154 19 162 39 139 495 0 2 117 62 61 130 92 560 
0 403 99 30 11 8 5 468 0 83 399 48 11 9 9 465 0 1 355 160 22 9 12 465 
8 286 168 22 18 26 43 453 10 78 358 40 19 51 32 436 0 21 276 171 29 39 46 442 
264 145 58 18 16 54 109 360 222 80 115 71 24 114 58 340 71 252 112 45 16 68 100 360 
424 283 111 39 12 80 27 48 267 204 112 276 55 59 5 46 138 474 231 11 11 90 21 48 
104 197 467 87 31 97 41 0 130 474 121 130 29 63 77 0 162 407 239 30 24 24 54 84 
509 183 200 37 15 51 29 0 8 674 138 112 29 21 38 4 140 565 106 83 63 16 7 44 
10 23 52 29 44 521 343 2 0 26 21 65 142 436 278 56 9 18 15 35 62 275 275 335 
0 0 0 2 94 702 226 0 0 0 0 4 214 740 66 0 0 0 0 0 27 491 490 16 
0 0 0 0 15 723 286 0 0 0 0 0 127 830 67 0 0 0 0 0 1 402 616 5 
0 0 0 0 33 753 238 0 0 0 0 0 151 807 66 0 0 0 0 0 2 420 596 6 
0 0 0 0 36 807 181 0 0 0 0 0 152 827 45 0 0 0 0 0 3 466 554 1 
0 0 0 0 79 832 113 0 0 0 0 0 263 732 29 0 0 0 0 0 6 539 475 4 
0 0 0 0 128 845 51 0 0 0 0 0 360 655 9 0 0 0 0 0 20 718 285 1 
0 0 0 0 153 841 30 0 0 0 0 2 419 599 4 0 0 0 0 0 17 763 244 0 
0 0 0 0 154 845 25 0 0 0 0 0 461 561 2 0 0 0 0 0 21 806 197 0 
0 0 0 0 154 842 28 0 0 0 0 1 416 599 8 0 0 0 0 0 20 807 195 2 
0 0 0 0 282 732 10 0 0 0 0 4 604 415 1 0 0 0 0 0 42 860 122 0 
