0 42 982 0 0 0 0 0 0 82 942 0 0 0 0 0 0 233 791 0 0 0 0 0 
0 0 861 163 0 0 0 0 0 0 986 38 0 0 0 0 0 0 1015 9 0 0 0 0 
276 93 455 200 0 0 0 0 330 61 506 127 0 0 0 0 334 158 475 57 0 0 0 0 
142 95 503 284 0 0 0 0 154 109 745 16 0 0 0 0 176 102 746 0 0 0 0 0 
0 0 305 719 0 0 0 0 0 0 902 122 0 0 0 0 0 0 1024 0 0 0 0 0 
0 18 560 26 18 25 53 324 0 1 570 19 13 7 32 382 30 80 526 40 55 66 93 134 
78 21 18 10 16 43 81 757 45 21 29 15 13 15 23 863 53 39 34 72 116 167 231 312 
445 47 525 7 0 0 0 0 458 44 519 3 0 0 0 0 468 328 228 0 0 0 0 0 
185 72 723 44 0 0 0 0 199 80 744 1 0 0 0 0 215 87 722 0 0 0 0 0 
0 0 928 96 0 0 0 0 0 0 1016 8 0 0 0 0 0 0 1024 0 0 0 0 0 
0 0 1024 0 0 0 0 0 0 4 1020 0 0 0 0 0 0 74 950 0 0 0 0 0 
0 0 863 161 0 0 0 0 0 0 969 55 0 0 0 0 0 0 1009 15 0 0 0 0 
299 73 531 121 0 0 0 0 316 70 556 82 0 0 0 0 331 231 371 91 0 0 0 0 
123 95 354 452 0 0 0 0 141 96 689 98 0 0 0 0 166 105 751 2 0 0 0 0 
0 30 185 806 1 2 0 0 0 8 641 372 0 2 1 0 0 2 994 23 2 0 2 1 
39 112 449 97 6 11 10 300 4 37 594 55 8 8 11 307 23 101 514 56 17 29 64 220 
69 29 28 10 23 34 137 694 14 17 53 24 19 15 30 852 51 21 54 108 144 144 180 322 
345 86 450 91 42 10 0 0 346 83 469 46 55 20 5 0 353 362 182 48 48 25 6 0 
181 83 690 70 0 0 0 0 192 89 735 8 0 0 0 0 221 107 696 0 0 0 0 0 
0 0 893 131 0 0 0 0 0 0 990 34 0 0 0 0 0 0 1024 0 0 0 0 0 
132 132 646 108 2 1 3 0 134 158 703 24 2 3 0 0 168 163 649 36 4 4 0 0 
307 185 350 168 8 5 1 0 307 184 400 118 14 1 0 0 306 147 451 65 38 9 8 0 
367 231 227 137 32 18 12 0 318 212 175 116 104 60 22 17 265 241 117 115 107 93 39 47 
352 297 233 142 0 0 0 0 382 295 247 100 0 0 0 0 430 269 282 42 1 0 0 0 
5 19 265 726 3 3 2 1 2 44 481 487 3 1 5 1 2 114 836 63 2 1 5 1 
0 5 515 167 16 40 67 214 0 0 608 68 5 13 18 312 32 116 592 53 58 98 60 15 
578 32 4 14 14 63 45 274 582 23 7 7 2 8 15 380 627 25 47 42 57 60 84 82 
664 206 108 32 12 2 0 0 684 167 112 47 10 4 0 0 702 134 104 66 12 6 0 0 
121 109 679 72 28 10 4 1 126 136 677 33 26 18 4 4 162 132 634 31 31 23 7 4 
0 0 922 102 0 0 0 0 0 0 1016 8 0 0 0 0 0 0 1024 0 0 0 0 0 
912 83 26 3 0 0 0 0 914 88 20 2 0 0 0 0 911 92 20 1 0 0 0 0 
922 71 17 7 6 1 0 0 920 66 24 4 4 4 2 0 905 73 28 4 4 3 4 3 
833 65 99 20 6 1 0 0 809 114 48 22 17 11 2 1 795 104 38 27 18 14 12 16 
482 256 160 63 34 21 8 0 416 256 180 60 41 34 20 17 396 224 158 95 41 38 27 45 
3 12 285 693 13 7 9 2 3 13 688 292 8 7 11 2 3 63 912 14 8 5 8 11 
259 18 350 172 14 2 1 208 260 17 431 91 14 2 1 208 271 119 409 13 3 3 32 174 
527 153 77 11 4 3 5 244 672 90 1 6 3 3 5 244 731 32 2 5 2 5 15 232 
343 323 223 81 38 11 3 2 500 327 74 65 35 16 4 3 570 253 53 70 35 24 11 8 
293 247 349 61 14 30 22 8 249 243 343 76 35 22 27 29 270 287 248 67 50 29 21 52 
168 162 551 58 33 16 22 14 146 187 524 50 37 33 14 33 134 282 415 38 31 36 41 47 
951 62 9 2 0 0 0 0 950 57 15 2 0 0 0 0 926 87 9 2 0 0 0 0 
549 357 92 10 5 2 6 3 515 268 192 32 3 3 5 6 525 251 197 29 8 3 4 7 
650 187 140 43 4 0 0 0 501 149 258 94 21 1 0 0 507 152 237 110 16 2 0 0 
545 144 267 62 6 0 0 0 250 179 316 119 87 73 0 0 225 182 308 98 72 38 73 28 
577 131 115 170 22 4 1 4 559 135 155 119 26 17 6 7 583 128 179 72 32 14 9 7 
753 28 56 176 7 1 1 2 765 36 203 15 1 2 2 0 803 196 20 2 1 2 0 0 
853 84 44 40 2 1 0 0 868 93 59 3 1 0 0 0 880 123 18 3 0 0 0 0 
901 122 1 0 0 0 0 0 881 133 10 0 0 0 0 0 831 131 53 9 0 0 0 0 
414 362 182 39 19 6 2 0 315 296 244 103 31 25 7 3 276 249 172 114 107 57 28 21 
246 110 570 68 18 8 2 2 245 114 546 72 28 8 9 2 252 230 415 68 34 11 8 6 
153 247 379 166 55 21 3 0 164 287 306 193 44 25 5 0 203 392 229 134 33 29 4 0 
370 51 398 190 10 4 1 0 375 57 448 137 4 3 0 0 387 259 322 49 4 3 0 0 
618 25 207 169 5 0 0 0 620 24 320 60 0 0 0 0 626 158 207 33 0 0 0 0 
785 81 120 38 0 0 0 0 783 100 138 3 0 0 0 0 824 147 53 0 0 0 0 0 
902 53 52 16 1 0 0 0 907 49 56 11 1 0 0 0 917 74 30 3 0 0 0 0 
152 40 618 214 0 0 0 0 157 342 525 0 0 0 0 0 399 625 0 0 0 0 0 0 
716 20 66 222 0 0 0 0 721 15 288 0 0 0 0 0 748 271 5 0 0 0 0 0 
1024 0 0 0 0 0 0 0 1024 0 0 0 0 0 0 0 1024 0 0 0 0 0 0 0 
574 80 182 178 7 0 2 1 546 73 70 137 144 51 0 3 524 80 80 75 134 77 52 2 
386 121 51 402 61 3 0 0 356 130 39 39 366 64 15 15 408 86 37 45 371 70 7 0 
46 181 389 406 2 0 0 0 94 217 294 415 4 0 0 0 107 287 129 53 46 268 134 0 
1 124 614 248 37 0 0 0 10 313 440 219 42 0 0 0 21 487 227 21 32 63 142 31 
0 2 813 204 5 0 0 0 0 243 706 70 5 0 0 0 0 634 369 14 2 5 0 0 
0 0 589 433 2 0 0 0 0 148 628 248 0 0 0 0 0 577 421 26 0 0 0 0 
8 5 406 579 26 0 0 0 9 104 468 434 9 0 0 0 12 418 396 198 0 0 0 0 
0 21 439 535 28 1 0 0 0 235 257 523 8 1 0 0 156 301 337 229 1 0 0 0 
222 37 174 583 8 0 0 0 222 95 133 544 30 0 0 0 275 86 297 322 37 7 0 0 
360 15 209 437 3 0 0 0 360 15 125 499 25 0 0 0 361 18 165 154 228 98 0 0 
210 74 413 320 7 0 0 0 195 71 96 534 124 4 0 0 183 67 66 111 420 173 4 0 
326 69 311 307 11 0 0 0 315 91 75 326 207 10 0 0 311 64 67 33 293 238 18 0 
