0 961 63 0 0 0 0 0 0 0 754 270 0 0 0 0 0 4 935 85 0 0 0 0 
0 191 833 0 0 0 0 0 0 0 0 1024 0 0 0 0 0 0 0 1024 0 0 0 0 
0 34 990 0 0 0 0 0 0 0 0 1024 0 0 0 0 0 0 0 1022 2 0 0 0 
0 4 1020 0 0 0 0 0 0 0 0 1024 0 0 0 0 0 0 0 1022 2 0 0 0 
0 68 956 0 0 0 0 0 0 0 2 1019 3 0 0 0 0 0 3 1020 1 0 0 0 
0 50 974 0 0 0 0 0 0 0 0 994 30 0 0 0 0 0 2 1016 6 0 0 0 
0 16 1008 0 0 0 0 0 0 0 0 1016 8 0 0 0 0 0 1 959 64 0 0 0 
0 4 1020 0 0 0 0 0 0 0 0 994 30 0 0 0 0 0 0 971 53 0 0 0 
0 22 1002 0 0 0 0 0 0 0 1 966 57 0 0 0 0 0 2 957 65 0 0 0 
0 26 998 0 0 0 0 0 0 0 0 844 180 0 0 0 0 0 0 850 174 0 0 0 
0 0 1024 0 0 0 0 0 0 0 0 809 215 0 0 0 0 0 0 724 300 0 0 0 
0 0 1024 0 0 0 0 0 0 0 0 672 352 0 0 0 0 0 0 613 411 0 0 0 
0 0 1024 0 0 0 0 0 0 0 0 166 858 0 0 0 0 0 0 613 411 0 0 0 
0 0 1024 0 0 0 0 0 0 0 0 173 851 0 0 0 0 0 0 549 475 0 0 0 
0 0 1024 0 0 0 0 0 0 0 0 48 976 0 0 0 0 0 0 469 555 0 0 0 
0 0 1024 0 0 0 0 0 0 0 0 46 978 0 0 0 0 0 0 344 680 0 0 0 
0 0 1024 0 0 0 0 0 0 0 0 23 1001 0 0 0 0 0 0 484 540 0 0 0 
0 0 1024 0 0 0 0 0 0 0 0 6 1018 0 0 0 0 0 0 409 615 0 0 0 
0 0 1024 0 0 0 0 0 0 0 0 55 969 0 0 0 0 0 0 257 767 0 0 0 
0 8 1016 0 0 0 0 0 0 0 0 127 897 0 0 0 0 0 0 220 804 0 0 0 
0 0 1024 0 0 0 0 0 0 0 0 56 968 0 0 0 0 0 0 188 836 0 0 0 
0 0 1024 0 0 0 0 0 0 0 0 209 815 0 0 0 0 0 0 508 516 0 0 0 
0 0 1024 0 0 0 0 0 0 0 0 131 893 0 0 0 0 0 0 202 822 0 0 0 
0 10 1014 0 0 0 0 0 0 0 0 322 702 0 0 0 0 0 0 336 688 0 0 0 
0 0 1024 0 0 0 0 0 0 0 0 237 787 0 0 0 0 0 0 135 889 0 0 0 
0 0 1024 0 0 0 0 0 0 0 0 180 844 0 0 0 0 0 0 595 429 0 0 0 
0 0 1024 0 0 0 0 0 0 0 0 293 731 0 0 0 0 0 0 497 527 0 0 0 
0 0 1024 0 0 0 0 0 0 0 0 411 613 0 0 0 0 0 0 684 340 0 0 0 
0 0 1024 0 0 0 0 0 0 0 0 615 409 0 0 0 0 0 0 591 433 0 0 0 
0 0 1024 0 0 0 0 0 0 0 0 712 312 0 0 0 0 0 0 680 344 0 0 0 
0 0 1024 0 0 0 0 0 0 0 0 884 140 0 0 0 0 0 0 780 244 0 0 0 
0 0 1024 0 0 0 0 0 0 0 0 992 32 0 0 0 0 0 0 977 47 0 0 0 
0 7 1017 0 0 0 0 0 0 0 0 985 39 0 0 0 0 0 0 969 55 0 0 0 
0 20 1004 0 0 0 0 0 0 0 0 1008 16 0 0 0 0 0 1 1010 13 0 0 0 
0 74 950 0 0 0 0 0 0 0 5 1017 2 0 0 0 0 0 3 1009 12 0 0 0 
0 41 983 0 0 0 0 0 0 0 2 1020 2 0 0 0 0 0 3 1020 1 0 0 0 
0 138 886 0 0 0 0 0 0 0 1 1022 1 0 0 0 0 0 5 1019 0 0 0 0 
0 508 516 0 0 0 0 0 0 0 2 1022 0 0 0 0 0 0 6 1018 0 0 0 0 
0 821 203 0 0 0 0 0 0 0 61 963 0 0 0 0 0 0 39 985 0 0 0 0 
0 987 37 0 0 0 0 0 0 0 131 893 0 0 0 0 0 0 98 926 0 0 0 0 
0 944 80 0 0 0 0 0 0 0 265 759 0 0 0 0 0 0 905 119 0 0 0 0 
4 321 679 4 4 5 4 3 0 0 173 828 6 3 5 9 0 3 65 729 144 50 24 9 
0 334 690 0 0 0 0 0 0 0 270 754 0 0 0 0 0 0 125 745 68 84 2 0 
2 282 699 8 7 10 10 6 0 0 133 845 9 11 8 18 0 1 89 727 121 47 22 17 
0 153 871 0 0 0 0 0 0 0 8 1011 5 0 0 0 0 0 33 988 3 0 0 0 
0 130 894 0 0 0 0 0 0 0 13 1000 11 0 0 0 0 0 26 995 3 0 0 0 
0 123 901 0 0 0 0 0 0 0 8 974 42 0 0 0 0 0 55 959 10 0 0 0 
0 58 966 0 0 0 0 0 0 0 0 978 46 0 0 0 0 0 31 956 37 0 0 0 
0 93 931 0 0 0 0 0 0 0 0 929 95 0 0 0 0 0 0 1017 7 0 0 0 
0 104 919 1 0 0 0 0 0 0 0 801 223 0 0 0 0 0 21 914 89 0 0 0 
1 133 884 2 3 1 0 0 0 1 31 647 340 4 1 0 0 0 69 880 70 3 2 0 
5 206 769 17 8 5 7 7 0 5 60 672 258 7 6 16 0 0 81 583 321 14 7 18 
1 185 835 2 0 1 0 0 0 1 52 614 355 1 1 0 0 0 73 691 257 2 1 0 
2 138 837 17 4 7 11 8 0 1 35 466 489 6 8 19 0 0 38 654 296 8 8 20 
0 42 982 0 0 0 0 0 0 0 0 234 790 0 0 0 0 0 4 821 199 0 0 0 
0 26 998 0 0 0 0 0 0 0 0 129 895 0 0 0 0 0 0 577 447 0 0 0 
0 2 1022 0 0 0 0 0 0 0 0 152 872 0 0 0 0 0 0 407 617 0 0 0 
0 1 1023 0 0 0 0 0 0 0 0 133 891 0 0 0 0 0 0 362 662 0 0 0 
0 1 1023 0 0 0 0 0 0 0 0 132 892 0 0 0 0 0 0 392 632 0 0 0 
0 18 1006 0 0 0 0 0 0 0 0 208 816 0 0 0 0 0 0 361 663 0 0 0 
0 79 910 8 7 6 9 5 0 0 6 274 717 5 8 14 0 0 6 638 351 5 8 16 
0 143 877 3 1 0 0 0 0 0 13 585 425 1 0 0 0 0 63 787 173 1 0 0 
0 185 839 0 0 0 0 0 0 0 20 466 538 0 0 0 0 0 64 586 374 0 0 0 
1 79 896 15 7 3 11 12 0 1 13 437 541 6 4 22 0 0 21 742 222 12 1 26 
0 1 1023 0 0 0 0 0 0 0 0 249 775 0 0 0 0 0 0 611 413 0 0 0 
0 0 1024 0 0 0 0 0 0 0 0 266 758 0 0 0 0 0 0 326 698 0 0 0 
0 0 1024 0 0 0 0 0 0 0 0 225 799 0 0 0 0 0 0 502 522 0 0 0 
0 0 1024 0 0 0 0 0 0 0 0 471 553 0 0 0 0 0 0 347 677 0 0 0 
0 0 1024 0 0 0 0 0 0 0 0 460 564 0 0 0 0 0 0 806 218 0 0 0 
0 1 1023 0 0 0 0 0 0 0 0 658 366 0 0 0 0 0 0 824 200 0 0 0 
6 101 885 4 12 4 9 3 0 0 26 784 187 3 9 15 0 0 54 796 144 4 8 18 
0 259 765 0 0 0 0 0 0 0 53 920 51 0 0 0 0 0 82 942 0 0 0 0 
2 298 724 0 0 0 0 0 0 0 90 926 8 0 0 0 0 0 116 900 8 0 0 0 
2 139 850 8 7 5 13 0 0 0 38 946 13 4 9 14 0 0 30 905 62 5 7 15 
0 18 1006 0 0 0 0 0 0 0 0 1023 1 0 0 0 0 0 0 1021 3 0 0 0 
0 102 922 0 0 0 0 0 0 0 0 1024 0 0 0 0 0 0 6 1018 0 0 0 0 
0 205 819 0 0 0 0 0 0 0 3 1020 1 0 0 0 0 0 7 1014 3 0 0 0 
0 306 718 0 0 0 0 0 0 0 0 1024 0 0 0 0 0 0 0 1024 0 0 0 0 
0 576 448 0 0 0 0 0 0 0 1 1023 0 0 0 0 0 0 2 1022 0 0 0 0 
1 924 99 0 0 0 0 0 0 0 109 915 0 0 0 0 0 0 33 991 0 0 0 0 
0 818 206 0 0 0 0 0 0 0 31 993 0 0 0 0 0 0 661 363 0 0 0 0 
11 96 649 15 13 26 43 171 0 5 43 684 40 15 32 205 0 1 17 621 115 21 26 223 
22 208 387 14 23 14 69 287 0 6 143 471 8 25 32 339 0 0 55 509 56 18 26 360 
20 159 441 19 17 25 68 275 0 8 124 469 33 26 33 331 0 0 50 504 74 19 26 351 
24 330 536 16 17 41 45 15 0 6 156 718 17 19 41 67 0 5 141 721 30 17 35 75 
0 132 892 0 0 0 0 0 0 0 88 920 16 0 0 0 0 0 95 928 1 0 0 0 
0 108 916 0 0 0 0 0 0 0 91 917 16 0 0 0 0 0 100 891 33 0 0 0 
0 108 915 1 0 0 0 0 0 0 95 832 97 0 0 0 0 0 107 915 2 0 0 0 
0 95 929 0 0 0 0 0 0 0 85 749 190 0 0 0 0 0 88 895 41 0 0 0 
0 97 927 0 0 0 0 0 0 0 83 621 320 0 0 0 0 0 92 888 44 0 0 0 
0 68 860 23 14 5 33 21 0 0 54 274 622 15 5 54 0 0 50 739 159 14 7 55 
6 106 542 66 44 52 74 134 0 0 30 365 300 60 60 209 0 0 21 432 199 83 59 230 
1 73 561 61 71 44 80 133 0 0 21 240 392 106 56 209 0 0 5 276 357 102 58 226 
7 73 617 125 47 47 48 60 0 1 19 249 493 97 55 110 0 0 12 283 437 101 69 122 
0 81 940 3 0 0 0 0 0 0 29 318 677 0 0 0 0 0 57 656 311 0 0 0 
0 97 927 0 0 0 0 0 0 0 35 127 862 0 0 0 0 0 63 398 563 0 0 0 
0 87 937 0 0 0 0 0 0 0 39 133 852 0 0 0 0 0 62 269 693 0 0 0 
0 102 922 0 0 0 0 0 0 0 29 142 853 0 0 0 0 0 46 289 689 0 0 0 
0 92 930 2 0 0 0 0 0 0 36 134 854 0 0 0 0 0 64 423 537 0 0 0 
0 99 925 0 0 0 0 0 0 0 35 188 801 0 0 0 0 0 50 335 639 0 0 0 
0 31 804 26 72 31 46 14 0 0 5 205 632 49 62 71 0 0 5 391 434 37 73 84 
0 46 562 23 9 33 165 186 0 0 36 190 395 15 24 364 0 0 22 172 414 23 16 377 
0 30 567 22 33 17 108 247 0 6 34 199 383 17 27 358 0 0 13 195 403 18 29 366 
0 62 676 36 42 69 79 60 0 1 21 248 486 41 77 150 0 0 23 385 339 38 62 177 
0 116 908 0 0 0 0 0 0 0 37 205 782 0 0 0 0 0 68 532 424 0 0 0 
1 117 906 0 0 0 0 0 0 0 48 239 737 0 0 0 0 0 79 659 286 0 0 0 
0 156 868 0 0 0 0 0 0 0 48 390 586 0 0 0 0 0 75 687 262 0 0 0 
0 148 876 0 0 0 0 0 0 0 49 360 615 0 0 0 0 0 70 867 87 0 0 0 
0 183 841 0 0 0 0 0 0 0 60 520 444 0 0 0 0 0 62 868 94 0 0 0 
0 245 779 0 0 0 0 0 0 0 70 692 262 0 0 0 0 0 109 883 32 0 0 0 
23 386 331 24 28 55 87 90 0 3 158 535 56 27 51 194 0 0 132 524 82 30 43 213 
7 315 298 19 25 20 136 204 0 6 168 418 41 28 29 334 0 1 56 477 90 20 32 348 
14 251 358 16 19 24 97 245 0 8 135 431 65 20 16 349 0 5 58 429 138 19 18 357 
2 215 640 14 8 18 57 70 0 2 99 714 52 10 21 126 0 0 51 709 104 12 24 124 
8 207 809 0 0 0 0 0 0 0 112 905 7 0 0 0 0 0 109 912 3 0 0 0 
2 271 751 0 0 0 0 0 0 0 113 911 0 0 0 0 0 0 186 838 0 0 0 0 
7 297 720 0 0 0 0 0 0 0 127 897 0 0 0 0 0 0 116 907 1 0 0 0 
12 522 490 0 0 0 0 0 0 0 197 827 0 0 0 0 0 5 246 773 0 0 0 0 
46 701 277 0 0 0 0 0 0 18 347 659 0 0 0 0 0 16 480 527 1 0 0 0 
84 771 169 0 0 0 0 0 0 65 230 729 0 0 0 0 0 65 248 711 0 0 0 0 
0 768 256 0 0 0 0 0 0 0 8 1016 0 0 0 0 0 1 660 363 0 0 0 0 
0 142 882 0 0 0 0 0 0 0 15 966 43 0 0 0 0 0 47 976 1 0 0 0 
0 112 912 0 0 0 0 0 0 0 0 1024 0 0 0 0 0 0 34 990 0 0 0 0 
0 31 993 0 0 0 0 0 0 0 0 1023 1 0 0 0 0 0 2 1022 0 0 0 0 
0 39 985 0 0 0 0 0 0 0 0 1020 4 0 0 0 0 0 21 1003 0 0 0 0 
0 10 1014 0 0 0 0 0 0 0 0 1021 3 0 0 0 0 0 0 1024 0 0 0 0 
0 13 1011 0 0 0 0 0 0 0 0 994 30 0 0 0 0 0 1 1001 22 0 0 0 
0 4 1020 0 0 0 0 0 0 0 0 979 45 0 0 0 0 0 0 1020 4 0 0 0 
0 2 1022 0 0 0 0 0 0 0 0 888 136 0 0 0 0 0 0 1017 7 0 0 0 
0 107 917 0 0 0 0 0 0 0 7 791 226 0 0 0 0 0 84 908 32 0 0 0 
0 108 916 0 0 0 0 0 0 0 0 595 429 0 0 0 0 0 112 876 36 0 0 0 
0 64 959 1 0 0 0 0 0 0 0 305 719 0 0 0 0 0 33 847 144 0 0 0 
0 0 1024 0 0 0 0 0 0 0 0 176 848 0 0 0 0 0 0 950 74 0 0 0 
0 0 1024 0 0 0 0 0 0 0 0 67 957 0 0 0 0 0 0 993 31 0 0 0 
0 0 1024 0 0 0 0 0 0 0 0 48 976 0 0 0 0 0 0 968 56 0 0 0 
0 0 1024 0 0 0 0 0 0 0 0 40 984 0 0 0 0 0 0 419 605 0 0 0 
0 26 998 0 0 0 0 0 0 0 0 81 943 0 0 0 0 0 2 587 435 0 0 0 
0 59 965 0 0 0 0 0 0 0 0 167 857 0 0 0 0 0 16 613 395 0 0 0 
0 60 963 1 0 0 0 0 0 0 0 170 854 0 0 0 0 0 46 437 541 0 0 0 
0 12 1012 0 0 0 0 0 0 0 0 76 948 0 0 0 0 0 2 392 630 0 0 0 
0 0 1024 0 0 0 0 0 0 0 0 7 1017 0 0 0 0 0 0 244 780 0 0 0 
0 0 1024 0 0 0 0 0 0 0 0 26 998 0 0 0 0 0 0 239 785 0 0 0 
0 1 1022 1 0 0 0 0 0 0 0 33 991 0 0 0 0 0 0 326 698 0 0 0 
0 0 1023 1 0 0 0 0 0 0 0 4 1020 0 0 0 0 0 0 281 743 0 0 0 
0 43 981 0 0 0 0 0 0 0 0 125 899 0 0 0 0 0 12 629 383 0 0 0 
0 40 984 0 0 0 0 0 0 0 4 150 870 0 0 0 0 0 16 689 319 0 0 0 
0 13 1011 0 0 0 0 0 0 0 0 216 808 0 0 0 0 0 4 836 184 0 0 0 
0 0 1024 0 0 0 0 0 0 0 0 224 800 0 0 0 0 0 0 825 199 0 0 0 
0 0 1024 0 0 0 0 0 0 0 0 197 827 0 0 0 0 0 0 963 61 0 0 0 
0 0 1024 0 0 0 0 0 0 0 0 626 398 0 0 0 0 0 0 973 51 0 0 0 
0 0 1024 0 0 0 0 0 0 0 0 801 223 0 0 0 0 0 0 1022 2 0 0 0 
0 0 1024 0 0 0 0 0 0 0 0 931 93 0 0 0 0 0 0 1020 4 0 0 0 
0 8 1016 0 0 0 0 0 0 0 0 998 26 0 0 0 0 0 1 965 58 0 0 0 
0 21 1003 0 0 0 0 0 0 0 0 1008 16 0 0 0 0 0 0 1014 10 0 0 0 
0 11 1013 0 0 0 0 0 0 0 0 1024 0 0 0 0 0 0 0 1024 0 0 0 0 
0 184 840 0 0 0 0 0 0 0 38 986 0 0 0 0 0 0 44 979 1 0 0 0 
2 258 764 0 0 0 0 0 0 0 83 941 0 0 0 0 0 0 113 911 0 0 0 0 
2 219 803 0 0 0 0 0 0 0 59 965 0 0 0 0 0 2 130 892 0 0 0 0 
0 237 787 0 0 0 0 0 0 0 0 1024 0 0 0 0 0 0 0 1024 0 0 0 0 
0 501 523 0 0 0 0 0 0 0 0 1024 0 0 0 0 0 0 0 1023 1 0 0 0 
0 470 554 0 0 0 0 0 0 0 11 1011 2 0 0 0 0 2 524 498 0 0 0 0 
26 574 424 0 0 0 0 0 0 51 471 366 136 0 0 0 0 135 521 348 20 0 0 0 
56 779 189 0 0 0 0 0 0 27 425 572 0 0 0 0 0 45 677 302 0 0 0 0 
32 466 526 0 0 0 0 0 0 14 214 796 0 0 0 0 0 35 444 545 0 0 0 0 
0 242 782 0 0 0 0 0 0 0 71 953 0 0 0 0 0 0 133 891 0 0 0 0 
0 155 869 0 0 0 0 0 0 0 76 946 2 0 0 0 0 0 129 895 0 0 0 0 
0 122 902 0 0 0 0 0 0 0 46 977 1 0 0 0 0 0 114 910 0 0 0 0 
1 104 919 0 0 0 0 0 0 0 49 953 22 0 0 0 0 1 97 926 0 0 0 0 
0 109 915 0 0 0 0 0 0 0 50 878 96 0 0 0 0 0 95 928 1 0 0 0 
11 117 672 26 25 26 38 109 0 14 45 480 283 28 37 137 0 10 59 696 56 26 34 143 
3 128 489 20 2 49 72 261 0 9 82 308 241 5 53 326 0 1 74 401 152 14 38 344 
5 95 554 63 23 39 64 181 0 4 52 357 290 36 45 240 0 3 91 415 189 39 37 250 
0 65 950 8 1 0 0 0 0 0 27 241 753 3 0 0 0 0 67 940 16 1 0 0 
0 68 954 2 0 0 0 0 0 0 13 233 778 0 0 0 0 0 62 812 150 0 0 0 
0 65 958 1 0 0 0 0 0 0 14 168 842 0 0 0 0 0 62 902 60 0 0 0 
0 69 952 3 0 0 0 0 0 0 11 166 847 0 0 0 0 0 63 698 263 0 0 0 
0 69 831 36 12 13 31 32 0 1 20 202 708 16 18 59 0 0 40 682 213 13 15 61 
9 90 466 46 66 22 32 293 0 15 50 214 336 45 44 320 0 14 77 264 256 46 45 322 
2 124 414 93 45 39 50 257 0 8 55 230 342 36 51 302 0 6 82 270 276 33 56 301 
0 71 872 30 18 13 14 6 0 0 4 204 758 19 15 24 0 0 35 697 240 18 13 21 
0 71 952 1 0 0 0 0 0 0 0 183 841 0 0 0 0 0 57 652 315 0 0 0 
0 73 947 4 0 0 0 0 0 0 11 217 796 0 0 0 0 0 29 621 374 0 0 0 
0 83 936 5 0 0 0 0 0 0 6 214 804 0 0 0 0 0 24 782 218 0 0 0 
0 72 948 4 0 0 0 0 0 0 10 213 801 0 0 0 0 0 44 535 445 0 0 0 
1 114 524 42 52 40 92 159 0 10 42 320 308 54 33 257 0 12 86 294 282 52 36 262 
7 111 471 29 33 44 94 235 0 22 49 315 239 27 43 329 0 13 101 281 222 34 38 335 
0 69 739 33 24 25 45 89 0 6 59 234 544 20 33 128 0 6 114 499 227 19 30 129 
0 0 1024 0 0 0 0 0 0 0 0 116 908 0 0 0 0 0 0 961 63 0 0 0 
0 0 1023 1 0 0 0 0 0 0 0 367 657 0 0 0 0 0 1 950 73 0 0 0 
0 0 1024 0 0 0 0 0 0 0 0 682 342 0 0 0 0 0 0 988 36 0 0 0 
0 0 1024 0 0 0 0 0 0 0 0 893 131 0 0 0 0 0 0 1024 0 0 0 0 
0 2 1022 0 0 0 0 0 0 0 0 998 26 0 0 0 0 0 0 1024 0 0 0 0 
0 2 1022 0 0 0 0 0 0 0 0 1020 4 0 0 0 0 0 0 1024 0 0 0 0 
0 123 901 0 0 0 0 0 0 0 4 1020 0 0 0 0 0 0 47 977 0 0 0 0 
12 381 631 0 0 0 0 0 0 17 174 833 0 0 0 0 0 99 242 683 0 0 0 0 
0 87 937 0 0 0 0 0 0 0 39 985 0 0 0 0 0 0 71 953 0 0 0 0 
0 6 1018 0 0 0 0 0 0 0 0 1022 2 0 0 0 0 0 0 1023 1 0 0 0 
0 28 996 0 0 0 0 0 0 0 0 1024 0 0 0 0 0 0 0 1024 0 0 0 0 
0 44 980 0 0 0 0 0 0 0 0 1021 3 0 0 0 0 0 0 1001 23 0 0 0 
0 67 957 0 0 0 0 0 0 0 0 1023 1 0 0 0 0 0 0 1021 3 0 0 0 
0 254 769 1 0 0 0 0 0 0 51 963 10 0 0 0 0 10 620 392 2 0 0 0 
0 465 559 0 0 0 0 0 0 2 301 542 179 0 0 0 0 49 500 472 3 0 0 0 
0 811 213 0 0 0 0 0 0 0 170 854 0 0 0 0 0 0 659 365 0 0 0 0 
8 723 293 0 0 0 0 0 0 6 205 813 0 0 0 0 1 9 799 215 0 0 0 0 
22 516 486 0 0 0 0 0 0 6 224 794 0 0 0 0 0 61 623 340 0 0 0 0 
27 201 796 0 0 0 0 0 0 6 82 933 3 0 0 0 0 20 140 864 0 0 0 0 
2 88 934 0 0 0 0 0 0 0 34 990 0 0 0 0 0 6 69 949 0 0 0 0 
0 4 1020 0 0 0 0 0 0 0 0 1017 7 0 0 0 0 0 2 1022 0 0 0 0 
3 92 815 19 15 20 25 35 0 2 46 828 55 12 25 56 0 1 51 841 32 19 20 60 
15 187 644 12 16 27 33 90 1 14 90 650 107 18 24 120 0 9 94 746 12 15 24 124 
5 118 827 17 13 19 13 12 0 1 39 707 219 12 21 25 0 0 62 868 33 13 20 28 
0 67 957 0 0 0 0 0 0 0 8 677 339 0 0 0 0 0 57 952 15 0 0 0 
0 68 956 0 0 0 0 0 0 0 8 532 484 0 0 0 0 0 50 966 8 0 0 0 
0 73 951 0 0 0 0 0 0 0 7 303 714 0 0 0 0 0 50 962 12 0 0 0 
2 72 816 23 22 24 34 31 0 4 35 373 499 22 23 68 0 3 32 756 117 19 25 72 
0 81 744 29 15 22 64 69 0 0 39 345 467 20 18 135 0 0 51 593 197 26 18 139 
0 43 885 43 10 11 27 5 0 0 5 239 717 13 17 33 0 0 13 657 288 18 12 36 
0 51 973 0 0 0 0 0 0 0 4 151 869 0 0 0 0 0 21 834 169 0 0 0 
0 27 995 2 0 0 0 0 0 0 2 152 870 0 0 0 0 0 37 804 183 0 0 0 
0 55 966 3 0 0 0 0 0 0 5 200 819 0 0 0 0 0 42 792 190 0 0 0 
0 30 882 57 28 13 13 1 0 0 4 256 686 39 16 23 0 0 13 628 308 39 14 22 
0 33 810 69 45 24 36 7 0 0 11 313 561 56 30 53 0 0 20 555 301 55 38 55 
0 49 885 46 12 10 16 6 0 0 8 258 702 22 10 24 0 0 38 468 460 20 14 24 
0 60 961 3 0 0 0 0 0 0 2 167 855 0 0 0 0 0 37 682 305 0 0 0 
0 57 966 1 0 0 0 0 0 0 0 159 865 0 0 0 0 0 28 637 359 0 0 0 
0 63 960 1 0 0 0 0 0 0 4 188 832 0 0 0 0 0 30 549 445 0 0 0 
5 79 797 43 16 13 40 31 0 4 14 424 473 20 18 71 0 4 17 777 117 19 18 72 
8 180 616 36 14 15 43 112 0 9 72 403 354 16 23 147 2 7 54 706 58 22 23 152 
0 89 846 21 11 17 15 25 0 1 24 512 416 18 13 40 0 0 35 811 106 16 14 42 
0 66 957 1 0 0 0 0 0 0 14 722 288 0 0 0 0 0 58 940 26 0 0 0 
0 87 937 0 0 0 0 0 0 0 23 899 102 0 0 0 0 0 63 957 4 0 0 0 
0 182 842 0 0 0 0 0 0 0 80 931 13 0 0 0 0 0 146 878 0 0 0 0 
0 242 782 0 0 0 0 0 0 0 96 928 0 0 0 0 0 12 276 736 0 0 0 0 
0 316 708 0 0 0 0 0 0 0 8 1016 0 0 0 0 0 0 249 775 0 0 0 0 
0 446 578 0 0 0 0 0 0 25 153 845 1 0 0 0 0 129 188 696 11 0 0 0 
0 3 1021 0 0 0 0 0 0 0 0 1017 7 0 0 0 0 0 0 1022 2 0 0 0 
0 14 1010 0 0 0 0 0 0 0 0 1023 1 0 0 0 0 0 0 1001 23 0 0 0 
0 4 1020 0 0 0 0 0 0 0 0 1023 1 0 0 0 0 0 0 991 33 0 0 0 
0 7 1017 0 0 0 0 0 0 0 0 944 80 0 0 0 0 0 0 861 163 0 0 0 
0 71 953 0 0 0 0 0 0 0 0 947 77 0 0 0 0 0 0 466 558 0 0 0 
9 246 767 2 0 0 0 0 0 4 108 903 9 0 0 0 0 46 582 396 0 0 0 0 
0 417 607 0 0 0 0 0 0 0 247 548 229 0 0 0 0 54 367 579 24 0 0 0 
0 389 635 0 0 0 0 0 0 0 69 955 0 0 0 0 0 0 332 692 0 0 0 0 
0 366 658 0 0 0 0 0 0 0 18 1006 0 0 0 0 0 0 264 760 0 0 0 0 
0 274 750 0 0 0 0 0 0 0 76 929 19 0 0 0 0 0 215 806 3 0 0 0 
0 7 1017 0 0 0 0 0 0 0 0 1024 0 0 0 0 0 0 4 1020 0 0 0 0 
7 91 926 0 0 0 0 0 0 0 39 982 3 0 0 0 0 6 102 916 0 0 0 0 
19 383 622 0 0 0 0 0 0 6 261 757 0 0 0 0 0 41 415 568 0 0 0 0 
1 350 673 0 0 0 0 0 0 0 162 862 0 0 0 0 0 1 416 607 0 0 0 0 
0 130 894 0 0 0 0 0 0 0 54 968 2 0 0 0 0 0 137 887 0 0 0 0 
0 87 937 0 0 0 0 0 0 0 27 976 21 0 0 0 0 0 86 938 0 0 0 0 
0 84 930 4 3 2 1 0 0 0 29 916 71 4 3 1 0 0 60 944 13 4 2 1 
0 169 834 9 1 4 4 3 0 0 22 845 145 0 4 8 0 0 153 853 6 3 2 7 
0 115 909 0 0 0 0 0 0 0 10 880 134 0 0 0 0 0 183 839 2 0 0 0 
0 83 940 1 0 0 0 0 0 0 8 615 401 0 0 0 0 0 46 967 11 0 0 0 
0 63 961 0 0 0 0 0 0 0 0 342 682 0 0 0 0 0 40 979 5 0 0 0 
0 99 923 2 0 0 0 0 0 0 3 321 700 0 0 0 0 0 52 901 71 0 0 0 
0 78 909 11 7 6 6 7 0 0 4 262 732 9 5 12 0 0 42 831 126 9 4 12 
0 92 679 36 53 33 80 51 0 0 29 310 473 40 45 127 0 0 76 441 300 37 45 125 
0 35 860 29 27 22 22 29 0 0 6 248 674 22 24 50 0 0 39 715 174 26 21 49 
0 71 936 9 3 1 4 0 0 0 0 225 791 2 2 4 0 0 28 879 109 2 2 4 
0 70 941 8 1 2 2 0 0 0 3 213 802 2 2 2 0 0 28 819 172 1 2 2 
0 34 950 19 10 7 4 0 0 0 0 199 803 5 12 5 0 0 10 789 202 3 14 6 
0 70 681 42 49 42 60 80 0 1 27 327 441 51 42 135 0 2 73 480 237 40 49 143 
3 36 835 37 21 20 26 46 0 7 9 257 640 22 26 63 0 4 20 691 199 20 24 66 
0 7 1014 0 3 0 0 0 0 0 0 202 819 2 1 0 0 0 2 781 238 3 0 0 
0 1 1021 2 0 0 0 0 0 0 0 356 668 0 0 0 0 0 0 953 71 0 0 0 
0 0 1024 0 0 0 0 0 0 0 0 556 468 0 0 0 0 0 0 992 32 0 0 0 
0 0 1024 0 0 0 0 0 0 0 0 886 138 0 0 0 0 0 0 1019 5 0 0 0 
0 163 861 0 0 0 0 0 0 0 93 915 16 0 0 0 0 15 193 816 0 0 0 0 
0 54 970 0 0 0 0 0 0 0 23 998 3 0 0 0 0 1 62 961 0 0 0 0 
0 16 1008 0 0 0 0 0 0 0 5 873 146 0 0 0 0 0 14 944 66 0 0 0 
0 116 908 0 0 0 0 0 0 0 39 896 89 0 0 0 0 4 158 833 29 0 0 0 
0 142 882 0 0 0 0 0 0 0 4 1018 2 0 0 0 0 0 63 961 0 0 0 0 
0 318 706 0 0 0 0 0 0 39 131 840 14 0 0 0 20 111 151 724 18 0 0 0 
0 5 1019 0 0 0 0 0 0 0 0 993 31 0 0 0 0 0 3 1021 0 0 0 0 
0 12 1012 0 0 0 0 0 0 0 0 917 107 0 0 0 0 0 1 906 117 0 0 0 
0 0 1024 0 0 0 0 0 0 0 0 611 413 0 0 0 0 0 0 459 565 0 0 0 
0 0 1024 0 0 0 0 0 0 0 0 229 795 0 0 0 0 0 0 82 942 0 0 0 
0 0 1024 0 0 0 0 0 0 0 0 58 966 0 0 0 0 0 0 11 1013 0 0 0 
24 335 651 14 0 0 0 0 0 10 162 830 22 0 0 0 9 103 668 244 0 0 0 0 
0 199 825 0 0 0 0 0 0 0 152 592 280 0 0 0 0 0 276 698 50 0 0 0 
0 106 918 0 0 0 0 0 0 0 2 1021 1 0 0 0 0 0 26 998 0 0 0 0 
0 48 975 1 0 0 0 0 0 0 1 963 60 0 0 0 0 0 20 990 14 0 0 0 
0 33 943 48 0 0 0 0 0 0 0 643 381 0 0 0 0 0 65 765 194 0 0 0 
0 0 1024 0 0 0 0 0 0 0 0 684 340 0 0 0 0 0 0 818 206 0 0 0 
0 21 1003 0 0 0 0 0 0 0 0 1005 19 0 0 0 0 0 0 1024 0 0 0 0 
0 234 790 0 0 0 0 0 0 0 131 891 2 0 0 0 0 17 430 577 0 0 0 0 
0 280 744 0 0 0 0 0 0 0 24 1000 0 0 0 0 0 0 504 520 0 0 0 0 
0 131 893 0 0 0 0 0 0 0 42 910 72 0 0 0 0 0 174 850 0 0 0 0 
2 157 865 0 0 0 0 0 0 0 69 933 22 0 0 0 0 1 213 810 0 0 0 0 
4 156 834 9 6 6 5 4 0 1 70 881 48 9 5 10 0 1 178 794 27 8 5 11 
13 126 768 21 17 18 32 29 0 12 71 649 192 19 19 62 0 10 108 719 84 21 18 64 
4 122 849 23 12 5 4 5 0 1 28 544 417 12 11 11 0 1 75 829 85 13 9 12 
0 138 797 21 22 26 18 2 0 2 37 532 383 21 24 25 0 0 81 778 94 22 27 22 
0 96 759 25 16 53 52 23 0 0 17 501 361 13 47 85 0 0 73 735 73 12 47 84 
2 82 797 28 25 18 38 34 0 5 23 439 427 47 9 74 0 3 71 682 137 43 11 77 
2 89 854 23 14 8 26 8 0 2 45 423 491 20 5 38 0 2 91 719 151 18 7 36 
0 93 825 39 13 24 29 1 0 0 13 369 568 18 23 33 0 2 54 737 155 20 22 34 
0 104 800 34 28 19 39 0 0 0 3 396 529 30 18 48 0 0 43 715 170 34 14 48 
8 57 877 41 21 12 7 1 0 9 15 362 584 28 13 13 0 10 37 704 220 25 15 13 
1 64 861 55 20 13 10 0 0 1 17 369 575 34 10 18 0 8 34 683 241 31 13 14 
0 106 772 20 34 15 49 28 0 7 14 388 487 36 13 79 0 12 61 590 236 36 11 78 
0 94 821 20 26 10 29 24 0 3 27 377 530 15 21 51 0 3 61 713 164 11 22 50 
0 80 903 18 12 6 5 0 0 0 4 346 646 13 10 5 0 0 18 893 83 9 15 6 
2 117 783 31 26 21 24 20 0 1 45 488 396 26 20 48 0 1 74 741 111 27 17 53 
1 76 932 9 3 2 1 0 0 0 8 765 241 4 4 2 0 4 32 954 27 2 4 1 
3 164 857 0 0 0 0 0 0 1 54 835 134 0 0 0 0 4 135 885 0 0 0 0 
3 151 870 0 0 0 0 0 0 0 63 818 143 0 0 0 0 4 192 828 0 0 0 0 
0 131 893 0 0 0 0 0 0 0 53 970 1 0 0 0 0 24 157 843 0 0 0 0 
0 31 993 0 0 0 0 0 0 0 9 675 340 0 0 0 0 0 22 947 55 0 0 0 
0 0 1020 4 0 0 0 0 0 0 0 217 807 0 0 0 0 0 0 569 455 0 0 0 
0 41 954 29 0 0 0 0 0 0 5 683 336 0 0 0 0 0 79 782 163 0 0 0 
0 64 960 0 0 0 0 0 0 0 0 1001 23 0 0 0 0 0 29 994 1 0 0 0 
0 141 882 1 0 0 0 0 0 4 125 743 152 0 0 0 0 10 233 762 19 0 0 0 
0 0 1024 0 0 0 0 0 0 0 0 402 622 0 0 0 0 0 0 730 294 0 0 0 
0 0 1024 0 0 0 0 0 0 0 0 212 812 0 0 0 0 0 0 127 897 0 0 0 
0 0 1024 0 0 0 0 0 0 0 0 8 1016 0 0 0 0 0 0 0 1024 0 0 0 
0 0 1024 0 0 0 0 0 0 0 0 0 1024 0 0 0 0 0 0 0 1024 0 0 0 
0 0 1016 8 0 0 0 0 0 0 0 0 1024 0 0 0 0 0 0 0 912 112 0 0 
54 321 602 47 0 0 0 0 0 44 205 716 59 0 0 0 37 95 637 255 0 0 0 0 
0 159 865 0 0 0 0 0 0 0 134 596 294 0 0 0 0 8 203 790 23 0 0 0 
0 8 1016 0 0 0 0 0 0 0 0 943 81 0 0 0 0 0 2 967 55 0 0 0 
0 1 982 41 0 0 0 0 0 0 0 355 669 0 0 0 0 0 0 280 744 0 0 0 
0 2 541 481 0 0 0 0 0 0 0 118 879 27 0 0 0 0 0 122 837 65 0 0 
0 0 624 400 0 0 0 0 0 0 0 11 983 30 0 0 0 0 0 102 810 112 0 0 
0 0 1024 0 0 0 0 0 0 0 0 695 329 0 0 0 0 0 0 893 131 0 0 0 
0 210 814 0 0 0 0 0 0 0 41 971 12 0 0 0 0 5 355 664 0 0 0 0 
0 67 956 1 0 0 0 0 0 0 1 899 124 0 0 0 0 0 12 986 26 0 0 0 
0 12 979 33 0 0 0 0 0 0 0 457 567 0 0 0 0 0 33 705 286 0 0 0 
0 60 964 0 0 0 0 0 0 0 8 700 316 0 0 0 0 0 211 811 2 0 0 0 
0 67 955 2 0 0 0 0 0 0 11 796 217 0 0 0 0 0 155 863 6 0 0 0 
0 173 850 1 0 0 0 0 0 0 51 785 188 0 0 0 0 0 174 845 5 0 0 0 
0 196 803 5 4 8 8 0 0 0 19 802 180 3 12 8 0 0 175 816 12 2 11 8 
18 207 725 22 23 9 13 7 1 14 38 564 346 24 15 22 0 14 82 772 96 26 11 23 
6 175 740 51 34 16 2 0 0 2 31 517 393 44 26 11 0 0 36 760 155 39 30 4 
0 162 690 59 67 24 22 0 0 0 11 511 370 56 40 36 0 0 50 722 125 59 42 26 
1 148 639 88 50 12 42 44 0 0 9 479 369 49 29 89 0 0 20 583 254 51 28 88 
0 164 718 60 33 25 20 4 0 0 29 407 477 50 24 37 0 0 44 671 208 43 23 35 
2 162 644 41 81 45 39 10 0 2 26 428 376 60 72 60 0 1 54 693 94 51 76 55 
0 208 626 54 33 35 32 36 0 0 25 412 429 51 34 73 0 0 34 662 175 44 37 72 
0 147 705 66 35 29 19 23 0 0 19 471 409 47 33 45 0 0 27 655 203 62 32 45 
0 145 703 59 46 38 33 0 0 0 26 469 392 48 37 52 0 0 68 688 135 47 45 41 
0 124 779 45 20 27 24 5 0 0 26 397 508 24 31 38 0 0 30 672 232 23 29 38 
3 170 755 32 10 23 14 17 0 0 40 539 370 20 22 33 0 0 50 826 70 24 15 39 
0 145 879 0 0 0 0 0 0 0 16 894 114 0 0 0 0 0 87 931 6 0 0 0 
1 130 893 0 0 0 0 0 0 0 29 668 327 0 0 0 0 4 88 927 5 0 0 0 
0 28 996 0 0 0 0 0 0 0 3 858 163 0 0 0 0 0 90 868 66 0 0 0 
0 17 996 11 0 0 0 0 0 0 0 369 655 0 0 0 0 0 27 637 360 0 0 0 
0 64 960 0 0 0 0 0 0 0 12 911 101 0 0 0 0 2 137 835 50 0 0 0 
0 3 1021 0 0 0 0 0 0 0 0 119 905 0 0 0 0 0 2 552 470 0 0 0 
0 0 606 418 0 0 0 0 0 0 0 10 909 105 0 0 0 0 0 0 867 157 0 0 
0 4 527 493 0 0 0 0 0 0 1 119 860 44 0 0 0 0 5 179 789 51 0 0 
0 0 1019 5 0 0 0 0 0 0 0 638 386 0 0 0 0 0 0 789 235 0 0 0 
4 93 921 6 0 0 0 0 0 4 90 592 338 0 0 0 0 15 183 680 146 0 0 0 
0 0 1024 0 0 0 0 0 0 0 0 11 1013 0 0 0 0 0 0 206 818 0 0 0 
0 0 1024 0 0 0 0 0 0 0 0 9 1015 0 0 0 0 0 0 6 1018 0 0 0 
0 0 969 55 0 0 0 0 0 0 0 0 1024 0 0 0 0 0 0 0 960 64 0 0 
0 0 828 196 0 0 0 0 0 0 0 0 1019 5 0 0 0 0 0 0 753 271 0 0 
0 0 781 243 0 0 0 0 0 0 0 0 1024 0 0 0 0 0 0 0 300 724 0 0 
61 396 475 92 0 0 0 0 0 53 220 670 81 0 0 0 20 117 695 192 0 0 0 0 
0 120 904 0 0 0 0 0 0 0 89 506 429 0 0 0 0 1 185 764 74 0 0 0 
0 8 969 47 0 0 0 0 0 0 0 481 543 0 0 0 0 0 0 604 420 0 0 0 
0 0 614 410 0 0 0 0 0 0 0 16 1007 1 0 0 0 0 0 4 1019 1 0 0 
0 0 210 808 6 0 0 0 0 0 0 63 664 297 0 0 0 0 0 70 624 330 0 0 
0 0 150 872 2 0 0 0 0 0 0 0 772 252 0 0 0 0 0 0 485 538 1 0 
0 0 935 89 0 0 0 0 0 0 0 188 836 0 0 0 0 0 0 382 642 0 0 0 
0 62 962 0 0 0 0 0 0 0 13 795 216 0 0 0 0 0 178 840 6 0 0 0 
0 0 744 280 0 0 0 0 0 0 0 223 801 0 0 0 0 0 8 359 652 5 0 0 
0 0 351 673 0 0 0 0 0 0 0 28 825 171 0 0 0 0 0 83 849 92 0 0 
0 30 924 70 0 0 0 0 0 0 0 270 754 0 0 0 0 0 31 472 521 0 0 0 
0 0 732 292 0 0 0 0 0 0 0 135 874 15 0 0 0 0 0 392 628 4 0 0 
0 43 952 29 0 0 0 0 0 0 9 230 785 0 0 0 0 0 39 466 519 0 0 0 
0 53 934 37 0 0 0 0 0 0 0 317 692 15 0 0 0 0 36 619 361 8 0 0 
108 99 780 37 0 0 0 0 1 111 46 455 411 0 0 0 1 100 54 437 432 0 0 0 
312 218 243 251 0 0 0 0 147 227 147 112 390 1 0 0 82 221 173 122 238 188 0 0 
447 270 283 24 0 0 0 0 343 118 158 318 87 0 0 0 273 163 110 265 203 10 0 0 
520 35 301 143 25 0 0 0 446 77 26 144 230 99 2 0 295 212 25 51 256 151 34 0 
470 26 29 127 271 84 17 0 245 222 28 16 64 181 243 25 88 355 28 28 16 119 336 54 
439 24 31 75 99 313 43 0 184 256 19 31 28 82 371 53 92 322 39 18 31 57 209 256 
420 30 23 71 205 268 7 0 268 148 18 17 37 97 422 17 131 271 16 22 23 79 273 209 
416 20 36 237 294 21 0 0 307 108 11 25 84 320 169 0 139 252 26 19 27 199 361 1 
415 36 399 174 0 0 0 0 296 119 36 138 372 63 0 0 211 194 20 31 406 162 0 0 
419 66 519 20 0 0 0 0 333 85 54 498 46 8 0 0 195 202 43 251 322 11 0 0 
253 159 595 17 0 0 0 0 132 110 100 540 141 1 0 0 78 137 102 387 317 3 0 0 
0 75 949 0 0 0 0 0 0 0 0 514 510 0 0 0 0 0 21 714 289 0 0 0 
0 32 895 97 0 0 0 0 0 0 0 242 782 0 0 0 0 0 19 436 567 2 0 0 
0 3 964 57 0 0 0 0 0 0 0 306 718 0 0 0 0 0 5 521 498 0 0 0 
0 0 470 554 0 0 0 0 0 0 0 41 882 101 0 0 0 0 0 126 806 92 0 0 
0 6 852 166 0 0 0 0 0 0 0 319 705 0 0 0 0 0 70 449 505 0 0 0 
0 0 800 224 0 0 0 0 0 0 0 16 1008 0 0 0 0 0 0 81 943 0 0 0 
0 0 24 1000 0 0 0 0 0 0 0 0 382 642 0 0 0 0 0 0 209 815 0 0 
0 0 208 816 0 0 0 0 0 0 0 32 800 192 0 0 0 0 0 65 767 192 0 0 
0 0 945 79 0 0 0 0 0 0 0 78 946 0 0 0 0 0 0 164 860 0 0 0 
3 84 934 3 0 0 0 0 0 1 80 293 650 0 0 0 0 23 162 415 424 0 0 0 
0 0 1015 9 0 0 0 0 0 0 0 1 1023 0 0 0 0 0 0 6 1018 0 0 0 
0 0 902 122 0 0 0 0 0 0 0 0 1024 0 0 0 0 0 0 0 1020 4 0 0 
0 0 627 397 0 0 0 0 0 0 0 0 1002 22 0 0 0 0 0 0 635 389 0 0 
0 0 102 922 0 0 0 0 0 0 0 0 922 102 0 0 0 0 0 0 58 966 0 0 
0 0 279 745 0 0 0 0 0 0 0 0 946 78 0 0 0 0 0 0 2 1022 0 0 
83 513 344 84 0 0 0 0 0 82 245 611 86 0 0 0 50 111 741 122 0 0 0 0 
0 53 958 13 0 0 0 0 0 0 44 398 582 0 0 0 0 0 148 693 183 0 0 0 
0 0 908 116 0 0 0 0 0 0 0 220 804 0 0 0 0 0 0 178 846 0 0 0 
0 0 257 767 0 0 0 0 0 0 0 7 1011 6 0 0 0 0 0 6 984 34 0 0 
0 0 162 862 0 0 0 0 0 0 0 53 598 373 0 0 0 0 0 62 589 373 0 0 
0 0 10 1014 0 0 0 0 0 0 0 0 431 593 0 0 0 0 0 0 201 823 0 0 
0 0 665 359 0 0 0 0 0 0 0 0 1024 0 0 0 0 0 0 16 1008 0 0 0 
0 35 989 0 0 0 0 0 0 0 2 362 660 0 0 0 0 0 71 586 367 0 0 0 
0 0 537 487 0 0 0 0 0 0 0 8 1003 13 0 0 0 0 0 13 994 17 0 0 
0 0 72 951 1 0 0 0 0 0 0 0 424 600 0 0 0 0 0 18 307 699 0 0 
0 19 320 685 0 0 0 0 0 0 0 84 933 7 0 0 0 0 21 136 852 15 0 0 
0 0 114 901 9 0 0 0 0 0 0 0 630 394 0 0 0 0 0 0 668 356 0 0 
0 7 355 662 0 0 0 0 0 0 1 83 742 198 0 0 0 0 1 107 810 106 0 0 
0 1 495 528 0 0 0 0 0 0 0 58 594 372 0 0 0 0 0 93 565 366 0 0 
0 1 382 639 2 0 0 0 0 0 0 29 736 259 0 0 0 0 0 13 618 391 2 0 
0 0 156 862 6 0 0 0 0 0 0 16 557 451 0 0 0 0 0 1 217 789 17 0 
375 99 298 246 6 0 0 0 246 134 66 234 283 58 3 0 63 308 62 149 240 182 17 3 
766 86 28 113 31 0 0 0 484 314 53 16 21 105 31 0 177 599 69 18 9 42 99 11 
776 84 43 70 49 2 0 0 361 450 51 33 25 54 50 0 174 596 87 27 16 20 77 27 
817 65 43 51 47 1 0 0 252 578 53 33 21 53 34 0 168 607 106 17 33 11 66 16 
751 85 50 102 35 1 0 0 260 522 53 32 35 96 26 0 202 553 84 12 32 24 105 12 
754 82 54 63 70 1 0 0 269 529 45 41 10 89 41 0 155 623 54 41 14 8 106 23 
818 90 48 57 11 0 0 0 441 421 50 17 39 55 1 0 356 484 76 10 14 50 34 0 
342 56 177 446 3 0 0 0 219 141 40 86 403 135 0 0 80 260 45 38 225 376 0 0 
20 25 272 706 1 0 0 0 8 20 20 46 681 249 0 0 0 18 23 31 453 492 7 0 
0 5 675 344 0 0 0 0 0 0 0 26 823 175 0 0 0 0 0 41 895 88 0 0 
0 2 396 626 0 0 0 0 0 0 0 48 696 280 0 0 0 0 0 91 717 216 0 0 
0 0 385 639 0 0 0 0 0 0 0 54 841 129 0 0 0 0 0 143 816 65 0 0 
0 0 111 894 19 0 0 0 0 0 0 2 468 554 0 0 0 0 0 24 399 601 0 0 
0 0 453 571 0 0 0 0 0 0 0 115 864 45 0 0 0 0 10 194 776 44 0 0 
0 0 201 823 0 0 0 0 0 0 0 0 922 102 0 0 0 0 0 2 791 231 0 0 
0 0 0 1024 0 0 0 0 0 0 0 0 71 953 0 0 0 0 0 0 12 1012 0 0 
0 0 124 885 15 0 0 0 0 0 0 33 693 298 0 0 0 0 0 54 629 341 0 0 
0 0 366 658 0 0 0 0 0 0 0 1 1023 0 0 0 0 0 0 0 1018 6 0 0 
0 51 791 182 0 0 0 0 0 0 62 150 812 0 0 0 0 7 154 147 716 0 0 0 
0 0 603 421 0 0 0 0 0 0 0 0 1024 0 0 0 0 0 0 0 1020 4 0 0 
0 0 167 857 0 0 0 0 0 0 0 0 970 54 0 0 0 0 0 0 563 461 0 0 
0 0 31 993 0 0 0 0 0 0 0 0 759 265 0 0 0 0 0 0 16 1008 0 0 
0 0 96 928 0 0 0 0 0 0 0 0 546 478 0 0 0 0 0 0 5 1019 0 0 
0 0 85 939 0 0 0 0 0 0 0 0 719 305 0 0 0 0 0 0 2 1022 0 0 
74 650 201 99 0 0 0 0 0 78 252 662 32 0 0 0 42 132 665 185 0 0 0 0 
0 46 940 38 0 0 0 0 0 0 29 362 633 0 0 0 0 0 105 578 340 1 0 0 
0 1 636 387 0 0 0 0 0 0 0 20 1003 1 0 0 0 0 0 9 1012 3 0 0 
0 0 140 884 0 0 0 0 0 0 0 0 973 51 0 0 0 0 0 4 852 168 0 0 
0 68 121 828 7 0 0 0 0 0 64 69 636 255 0 0 0 0 41 98 589 296 0 0 
1 258 30 731 4 0 0 0 0 0 244 32 237 511 0 0 0 0 140 134 90 660 0 0 
1 309 275 439 0 0 0 0 0 0 296 36 690 2 0 0 0 0 267 58 629 70 0 0 
0 253 713 58 0 0 0 0 0 0 216 209 599 0 0 0 0 0 184 395 444 1 0 0 
0 0 610 414 0 0 0 0 0 0 0 2 1018 4 0 0 0 0 0 59 954 11 0 0 
0 338 116 557 13 0 0 0 0 0 189 208 180 447 0 0 0 0 55 351 177 441 0 0 
0 365 99 560 0 0 0 0 0 0 205 226 410 183 0 0 0 0 10 431 430 153 0 0 
0 129 99 781 15 0 0 0 0 0 8 174 411 431 0 0 0 0 16 175 395 438 0 0 
0 271 184 566 3 0 0 0 0 0 44 367 256 357 0 0 0 0 8 372 256 388 0 0 
0 242 219 561 2 0 0 0 0 0 3 298 203 520 0 0 0 0 2 289 270 463 0 0 
0 0 160 858 6 0 0 0 0 0 0 1 341 682 0 0 0 0 0 0 261 755 8 0 
0 0 85 740 199 0 0 0 0 0 0 0 275 749 0 0 0 0 0 0 111 713 200 0 
102 118 459 262 40 32 10 1 23 87 208 331 176 128 47 24 0 111 285 214 120 225 27 42 
131 93 474 52 74 137 60 3 15 109 148 414 35 57 112 134 3 86 401 177 27 50 64 216 
130 59 518 56 66 129 63 3 9 118 76 499 37 33 102 150 7 64 304 308 46 23 49 223 
144 108 473 94 50 100 52 3 9 166 84 433 119 35 63 115 0 65 321 340 60 22 38 178 
74 87 443 128 116 119 51 6 10 104 45 442 106 36 136 145 0 43 280 289 69 28 83 232 
123 77 447 45 98 135 97 2 24 89 113 412 22 45 138 181 2 89 365 166 23 19 78 282 
239 173 358 67 85 63 34 5 125 165 160 300 29 72 112 61 83 177 368 105 35 37 101 118 
113 15 194 641 54 7 0 0 68 52 11 83 475 331 4 0 5 102 21 20 204 616 56 0 
0 0 113 900 11 0 0 0 0 0 0 6 443 575 0 0 0 0 0 0 266 688 70 0 
0 114 259 651 0 0 0 0 0 0 1 211 273 539 0 0 0 0 0 173 371 480 0 0 
2 245 242 526 9 0 0 0 0 0 41 342 290 351 0 0 0 0 34 357 290 341 2 0 
0 137 125 762 0 0 0 0 0 0 31 145 587 261 0 0 0 0 0 200 529 295 0 0 
0 165 131 689 39 0 0 0 0 0 25 203 182 613 1 0 0 0 8 223 204 583 6 0 
0 10 118 896 0 0 0 0 0 0 4 78 822 120 0 0 0 0 10 113 737 164 0 0 
0 113 48 861 2 0 0 0 0 0 60 85 273 606 0 0 0 0 1 130 93 799 1 0 
0 47 32 918 27 0 0 0 0 0 5 57 32 930 0 0 0 0 0 52 32 932 8 0 
0 0 85 872 67 0 0 0 0 0 0 32 619 373 0 0 0 0 0 65 401 558 0 0 
0 0 185 839 0 0 0 0 0 0 0 0 1003 21 0 0 0 0 0 0 972 52 0 0 
0 48 373 603 0 0 0 0 0 0 32 126 843 23 0 0 0 10 104 122 648 140 0 0 
0 0 19 1005 0 0 0 0 0 0 0 0 912 112 0 0 0 0 0 0 577 447 0 0 
0 0 2 1022 0 0 0 0 0 0 0 0 590 434 0 0 0 0 0 0 129 895 0 0 
0 0 2 1022 0 0 0 0 0 0 0 0 200 824 0 0 0 0 0 0 1 1023 0 0 
0 0 7 1017 0 0 0 0 0 0 0 0 160 864 0 0 0 0 0 0 5 1019 0 0 
0 0 122 902 0 0 0 0 0 0 0 0 505 519 0 0 0 0 0 0 0 1024 0 0 
66 465 448 45 0 0 0 0 0 66 220 710 28 0 0 0 34 124 728 138 0 0 0 0 
0 201 678 145 0 0 0 0 0 0 162 239 623 0 0 0 0 0 166 485 372 1 0 0 
0 0 329 695 0 0 0 0 0 0 0 2 1022 0 0 0 0 0 0 1 1013 10 0 0 
0 0 22 1002 0 0 0 0 0 0 0 0 943 81 0 0 0 0 0 0 879 145 0 0 
0 214 226 584 0 0 0 0 0 0 184 113 664 63 0 0 0 0 195 160 589 80 0 0 
0 680 94 250 0 0 0 0 0 0 663 74 142 145 0 0 0 0 621 104 107 192 0 0 
0 559 105 360 0 0 0 0 0 0 540 92 377 15 0 0 0 0 539 85 290 110 0 0 
0 326 401 297 0 0 0 0 0 0 303 127 587 7 0 0 0 0 223 276 475 50 0 0 
0 0 522 502 0 0 0 0 0 0 0 0 1011 13 0 0 0 0 0 7 1017 0 0 0 
0 154 173 692 5 0 0 0 0 0 104 154 183 583 0 0 0 0 30 239 192 563 0 0 
0 99 123 797 5 0 0 0 0 0 42 121 280 581 0 0 0 0 10 181 252 581 0 0 
0 0 46 945 33 0 0 0 0 0 0 0 342 682 0 0 0 0 0 4 304 716 0 0 
0 0 84 929 11 0 0 0 0 0 0 13 207 804 0 0 0 0 4 50 266 704 0 0 
0 16 224 776 8 0 0 0 0 0 0 85 292 647 0 0 0 0 1 184 291 546 2 0 
0 12 474 532 6 0 0 0 0 0 0 338 346 340 0 0 0 0 0 361 299 362 2 0 
0 70 607 306 41 0 0 0 0 0 1 447 411 165 0 0 0 0 8 549 257 188 22 0 
0 306 702 16 0 0 0 0 0 0 193 549 271 11 0 0 0 5 169 545 292 13 0 0 
0 241 783 0 0 0 0 0 0 0 243 494 287 0 0 0 0 7 212 497 308 0 0 0 
0 114 878 32 0 0 0 0 0 0 139 563 299 23 0 0 0 1 188 454 369 12 0 0 
0 68 905 51 0 0 0 0 0 0 91 521 409 3 0 0 0 0 111 227 677 9 0 0 
0 100 856 68 0 0 0 0 0 0 89 567 368 0 0 0 0 0 140 302 546 36 0 0 
0 200 824 0 0 0 0 0 0 0 158 532 334 0 0 0 0 0 235 438 351 0 0 0 
27 488 509 0 0 0 0 0 0 35 246 466 277 0 0 0 6 34 217 477 290 0 0 0 
17 292 571 143 1 0 0 0 0 28 109 524 328 35 0 0 1 21 63 568 276 95 0 0 
0 41 513 455 15 0 0 0 0 0 6 375 386 257 0 0 0 0 9 383 323 287 22 0 
0 4 273 746 1 0 0 0 0 0 0 42 344 638 0 0 0 0 0 106 294 623 1 0 
0 39 133 836 16 0 0 0 0 0 2 66 265 690 1 0 0 0 5 67 322 629 1 0 
0 100 99 803 22 0 0 0 0 0 26 128 387 483 0 0 0 0 35 127 392 470 0 0 
0 232 113 634 45 0 0 0 0 0 63 229 196 536 0 0 0 0 25 285 253 461 0 0 
0 39 123 858 4 0 0 0 0 0 39 58 757 170 0 0 0 0 51 76 797 100 0 0 
0 681 110 233 0 0 0 0 0 0 395 355 86 188 0 0 0 0 95 649 84 196 0 0 
0 815 124 85 0 0 0 0 0 0 274 643 64 43 0 0 0 0 48 869 66 41 0 0 
0 74 146 804 0 0 0 0 0 0 7 161 431 425 0 0 0 0 53 131 359 481 0 0 
0 0 122 902 0 0 0 0 0 0 0 0 918 106 0 0 0 0 0 0 889 135 0 0 
0 417 177 430 0 0 0 0 0 0 388 117 498 21 0 0 0 0 255 268 452 49 0 0 
0 770 52 202 0 0 0 0 0 0 735 57 128 104 0 0 0 0 529 258 63 174 0 0 
0 693 41 290 0 0 0 0 0 0 670 44 60 250 0 0 0 0 550 158 45 271 0 0 
0 614 51 359 0 0 0 0 0 0 588 51 85 300 0 0 0 0 485 145 45 349 0 0 
6 546 45 427 0 0 0 0 0 0 523 36 89 376 0 0 0 0 425 122 67 410 0 0 
4 467 49 504 0 0 0 0 0 0 448 40 187 349 0 0 0 0 303 164 43 514 0 0 
16 405 591 12 0 0 0 0 0 10 132 855 27 0 0 0 13 96 827 88 0 0 0 0 
0 27 659 338 0 0 0 0 0 0 27 235 753 9 0 0 0 0 59 493 451 21 0 0 
0 0 292 732 0 0 0 0 0 0 0 4 1002 18 0 0 0 0 0 2 913 109 0 0 
0 0 70 954 0 0 0 0 0 0 0 0 884 140 0 0 0 0 0 0 830 194 0 0 
0 0 143 879 2 0 0 0 0 0 0 42 615 367 0 0 0 0 0 61 564 399 0 0 
0 0 0 1024 0 0 0 0 0 0 0 0 228 796 0 0 0 0 0 0 9 1015 0 0 
0 0 0 1024 0 0 0 0 0 0 0 0 855 169 0 0 0 0 0 0 263 761 0 0 
0 2 271 751 0 0 0 0 0 0 0 109 869 46 0 0 0 0 15 196 572 241 0 0 
0 0 134 890 0 0 0 0 0 0 0 0 1015 9 0 0 0 0 0 230 771 23 0 0 
0 22 298 697 7 0 0 0 0 0 1 180 447 396 0 0 0 0 15 475 161 373 0 0 
0 14 472 534 4 0 0 0 0 0 3 435 328 258 0 0 0 0 65 618 123 218 0 0 
0 7 623 386 8 0 0 0 0 0 0 599 365 59 1 0 0 0 22 804 145 53 0 0 
0 3 890 131 0 0 0 0 0 0 0 696 323 5 0 0 0 0 14 882 128 0 0 0 
0 2 1018 4 0 0 0 0 0 0 0 403 621 0 0 0 0 0 0 589 435 0 0 0 
0 0 850 174 0 0 0 0 0 0 0 81 943 0 0 0 0 0 3 314 707 0 0 0 
0 0 467 557 0 0 0 0 0 0 0 0 1017 7 0 0 0 0 0 36 988 0 0 0 
0 0 230 794 0 0 0 0 0 0 0 0 1002 22 0 0 0 0 0 0 1024 0 0 0 
0 0 65 959 0 0 0 0 0 0 0 0 958 66 0 0 0 0 0 7 997 20 0 0 
0 0 20 996 8 0 0 0 0 0 0 0 913 106 5 0 0 0 0 0 959 65 0 0 
0 0 40 984 0 0 0 0 0 0 0 0 916 108 0 0 0 0 0 0 916 108 0 0 
0 0 20 996 8 0 0 0 0 0 0 0 899 120 5 0 0 0 0 0 923 101 0 0 
0 0 96 922 6 0 0 0 0 0 0 0 916 107 1 0 0 0 0 9 957 58 0 0 
0 0 383 641 0 0 0 0 0 0 0 0 970 54 0 0 0 0 0 0 1017 7 0 0 
0 0 766 258 0 0 0 0 0 0 0 4 998 22 0 0 0 0 0 85 939 0 0 0 
0 5 1010 9 0 0 0 0 0 0 0 192 832 0 0 0 0 0 8 430 586 0 0 0 
0 24 990 10 0 0 0 0 0 0 0 636 388 0 0 0 0 0 0 847 177 0 0 0 
0 4 743 271 6 0 0 0 0 0 0 608 347 69 0 0 0 0 23 802 155 44 0 0 
0 7 426 582 9 0 0 0 0 0 0 346 393 285 0 0 0 0 22 485 275 242 0 0 
0 0 84 890 50 0 0 0 0 0 0 43 401 580 0 0 0 0 0 227 279 518 0 0 
0 0 79 920 25 0 0 0 0 0 0 8 457 559 0 0 0 0 0 61 438 525 0 0 
0 0 0 1024 0 0 0 0 0 0 0 0 0 1024 0 0 0 0 0 0 0 1024 0 0 
0 0 0 1007 17 0 0 0 0 0 0 0 5 1019 0 0 0 0 0 0 0 1024 0 0 
0 0 88 876 60 0 0 0 0 0 0 16 515 493 0 0 0 0 0 34 384 606 0 0 
0 0 75 949 0 0 0 0 0 0 0 0 877 147 0 0 0 0 0 0 788 236 0 0 
0 217 223 584 0 0 0 0 0 0 193 149 484 198 0 0 0 2 239 143 434 206 0 0 
0 514 110 400 0 0 0 0 0 0 491 79 132 322 0 0 0 0 429 137 116 342 0 0 
0 680 117 227 0 0 0 0 0 0 645 95 120 164 0 0 0 0 542 184 120 178 0 0 
0 863 109 52 0 0 0 0 0 0 811 94 107 12 0 0 0 0 734 169 107 14 0 0 
0 995 29 0 0 0 0 0 0 0 985 36 3 0 0 0 0 0 884 132 8 0 0 0 
3 1021 0 0 0 0 0 0 0 0 1022 2 0 0 0 0 0 0 951 73 0 0 0 0 
7 225 791 1 0 0 0 0 0 5 44 955 20 0 0 0 3 21 810 190 0 0 0 0 
0 2 659 363 0 0 0 0 0 0 0 242 760 22 0 0 0 0 5 576 411 32 0 0 
0 0 90 934 0 0 0 0 0 0 0 0 966 58 0 0 0 0 0 0 818 206 0 0 
0 0 98 926 0 0 0 0 0 0 0 2 965 57 0 0 0 0 0 112 783 129 0 0 
0 0 185 838 1 0 0 0 0 0 0 39 815 170 0 0 0 0 0 426 354 244 0 0 
0 11 299 713 1 0 0 0 0 0 0 210 517 297 0 0 0 0 48 561 116 299 0 0 
0 19 559 446 0 0 0 0 0 0 0 424 527 73 0 0 0 0 75 780 97 72 0 0 
0 114 801 109 0 0 0 0 0 0 12 757 255 0 0 0 0 0 75 938 11 0 0 0 
0 207 725 92 0 0 0 0 0 0 2 889 133 0 0 0 0 0 98 926 0 0 0 0 
0 57 967 0 0 0 0 0 0 0 3 989 32 0 0 0 0 0 21 999 4 0 0 0 
0 17 1007 0 0 0 0 0 0 0 0 845 179 0 0 0 0 0 5 888 131 0 0 0 
0 0 1014 10 0 0 0 0 0 0 0 616 408 0 0 0 0 0 0 859 165 0 0 0 
0 0 1014 10 0 0 0 0 0 0 0 388 636 0 0 0 0 0 0 434 590 0 0 0 
0 0 921 103 0 0 0 0 0 0 0 65 959 0 0 0 0 0 0 141 883 0 0 0 
0 0 709 315 0 0 0 0 0 0 0 6 1017 1 0 0 0 0 0 45 979 0 0 0 
0 0 465 559 0 0 0 0 0 0 0 0 999 25 0 0 0 0 0 10 1013 1 0 0 
0 0 43 981 0 0 0 0 0 0 0 0 998 26 0 0 0 0 0 0 1022 2 0 0 
0 0 33 991 0 0 0 0 0 0 0 0 958 66 0 0 0 0 0 0 1018 6 0 0 
0 0 4 1020 0 0 0 0 0 0 0 0 951 73 0 0 0 0 0 0 972 52 0 0 
0 0 2 1019 3 0 0 0 0 0 0 0 903 121 0 0 0 0 0 0 964 60 0 0 
0 0 2 1013 9 0 0 0 0 0 0 0 865 159 0 0 0 0 0 0 888 136 0 0 
0 0 1 1023 0 0 0 0 0 0 0 0 926 98 0 0 0 0 0 0 924 100 0 0 
0 0 11 1013 0 0 0 0 0 0 0 0 950 74 0 0 0 0 0 0 994 30 0 0 
0 0 120 904 0 0 0 0 0 0 0 0 983 41 0 0 0 0 0 0 1022 2 0 0 
0 0 216 808 0 0 0 0 0 0 0 0 1012 12 0 0 0 0 0 25 999 0 0 0 
0 0 642 382 0 0 0 0 0 0 0 0 1024 0 0 0 0 0 0 17 1007 0 0 0 
0 0 976 48 0 0 0 0 0 0 0 140 884 0 0 0 0 0 0 220 804 0 0 0 
0 0 1017 7 0 0 0 0 0 0 0 558 466 0 0 0 0 0 0 762 262 0 0 0 
0 0 954 70 0 0 0 0 0 0 0 830 191 3 0 0 0 0 1 877 146 0 0 0 
0 0 630 387 7 0 0 0 0 0 0 533 484 7 0 0 0 0 1 726 287 10 0 0 
0 0 298 687 39 0 0 0 0 0 0 169 573 282 0 0 0 0 0 458 288 276 2 0 
0 0 14 971 39 0 0 0 0 0 0 9 393 622 0 0 0 0 0 243 160 617 4 0 
0 0 56 943 25 0 0 0 0 0 0 6 405 613 0 0 0 0 1 70 318 635 0 0 
0 0 12 1012 0 0 0 0 0 0 0 0 625 399 0 0 0 0 0 0 327 697 0 0 
0 3 194 827 0 0 0 0 0 0 0 119 322 583 0 0 0 0 75 76 242 631 0 0 
0 0 0 1021 3 0 0 0 0 0 0 0 6 1017 1 0 0 0 0 0 1 1021 2 0 
0 0 0 1024 0 0 0 0 0 0 0 0 0 1024 0 0 0 0 0 0 0 1024 0 0 
0 0 15 1009 0 0 0 0 0 0 0 0 29 995 0 0 0 0 0 0 11 1013 0 0 
0 22 125 877 0 0 0 0 0 0 4 54 150 816 0 0 0 0 10 42 108 864 0 0 
0 159 161 704 0 0 0 0 0 0 127 117 239 541 0 0 0 0 92 127 112 693 0 0 
0 347 677 0 0 0 0 0 0 0 0 1024 0 0 0 0 0 0 906 118 0 0 0 0 
0 4 809 211 0 0 0 0 0 0 0 463 559 2 0 0 0 0 149 698 174 3 0 0 
0 0 352 672 0 0 0 0 0 0 0 264 760 0 0 0 0 0 0 779 245 0 0 0 
0 11 654 359 0 0 0 0 0 0 0 577 447 0 0 0 0 0 0 980 44 0 0 0 
0 7 869 148 0 0 0 0 0 0 0 825 199 0 0 0 0 0 17 1006 1 0 0 0 
0 1 1014 9 0 0 0 0 0 0 0 990 34 0 0 0 0 0 83 932 9 0 0 0 
0 12 983 29 0 0 0 0 0 0 0 911 113 0 0 0 0 0 8 857 159 0 0 0 
0 0 963 61 0 0 0 0 0 0 0 607 417 0 0 0 0 0 42 678 304 0 0 0 
0 0 943 81 0 0 0 0 0 0 0 278 742 4 0 0 0 0 0 416 608 0 0 0 
0 0 896 128 0 0 0 0 0 0 0 97 892 35 0 0 0 0 0 314 710 0 0 0 
0 0 697 327 0 0 0 0 0 0 0 5 954 65 0 0 0 0 0 265 759 0 0 0 
0 0 521 488 15 0 0 0 0 0 0 0 960 64 0 0 0 0 0 136 888 0 0 0 
0 0 227 760 37 0 0 0 0 0 0 0 954 66 4 0 0 0 0 107 913 4 0 0 
0 0 80 897 47 0 0 0 0 0 0 0 912 99 13 0 0 0 0 131 893 0 0 0 
0 0 23 963 38 0 0 0 0 0 0 0 911 91 22 0 0 0 0 49 926 49 0 0 
0 0 1 987 36 0 0 0 0 0 0 0 857 136 31 0 0 0 0 31 861 132 0 0 
0 0 3 961 60 0 0 0 0 0 0 0 797 202 25 0 0 0 0 30 690 304 0 0 
0 0 1 962 61 0 0 0 0 0 0 0 691 316 17 0 0 0 0 12 589 423 0 0 
0 0 3 956 62 3 0 0 0 0 0 0 637 352 35 0 0 0 0 10 452 559 3 0 
0 0 4 935 80 5 0 0 0 0 0 0 721 271 32 0 0 0 0 16 493 515 0 0 
0 0 0 954 69 1 0 0 0 0 0 0 724 265 35 0 0 0 0 7 604 413 0 0 
0 0 0 957 66 1 0 0 0 0 0 0 669 324 31 0 0 0 0 14 697 312 1 0 
0 0 7 953 64 0 0 0 0 0 0 0 756 237 31 0 0 0 0 26 743 255 0 0 
0 0 18 944 62 0 0 0 0 0 0 0 871 149 4 0 0 0 0 41 913 70 0 0 
0 0 22 972 30 0 0 0 0 0 0 0 917 98 9 0 0 0 0 27 962 35 0 0 
0 0 113 887 24 0 0 0 0 0 0 0 922 102 0 0 0 0 0 34 982 8 0 0 
0 0 673 350 1 0 0 0 0 0 0 0 953 71 0 0 0 0 0 72 952 0 0 0 
0 0 873 151 0 0 0 0 0 0 0 3 971 50 0 0 0 0 0 93 931 0 0 0 
0 0 935 89 0 0 0 0 0 0 0 147 862 15 0 0 0 0 0 287 737 0 0 0 
0 0 935 89 0 0 0 0 0 0 0 518 506 0 0 0 0 0 0 755 269 0 0 0 
0 0 991 33 0 0 0 0 0 0 0 861 163 0 0 0 0 0 0 895 129 0 0 0 
0 0 876 148 0 0 0 0 0 0 0 660 364 0 0 0 0 0 0 819 205 0 0 0 
0 0 465 559 0 0 0 0 0 0 0 373 621 30 0 0 0 0 0 699 325 0 0 0 
0 0 165 858 1 0 0 0 0 0 0 84 821 119 0 0 0 0 0 404 498 122 0 0 
0 0 261 761 2 0 0 0 0 0 0 167 543 314 0 0 0 0 99 451 133 341 0 0 
0 0 37 985 2 0 0 0 0 0 0 0 252 772 0 0 0 0 3 136 113 772 0 0 
0 0 8 1016 0 0 0 0 0 0 0 0 21 1003 0 0 0 0 0 0 13 1011 0 0 
0 0 0 1024 0 0 0 0 0 0 0 0 0 1024 0 0 0 0 0 0 0 1024 0 0 
0 0 1 1023 0 0 0 0 0 0 0 0 20 1004 0 0 0 0 0 0 1 1023 0 0 
0 0 3 1021 0 0 0 0 0 0 0 0 130 894 0 0 0 0 0 0 3 1021 0 0 
0 208 816 0 0 0 0 0 0 0 1 1023 0 0 0 0 0 0 783 241 0 0 0 0 
0 83 941 0 0 0 0 0 0 0 0 852 172 0 0 0 0 0 1 1021 2 0 0 0 
0 32 992 0 0 0 0 0 0 0 0 1022 2 0 0 0 0 0 0 1009 15 0 0 0 
0 2 1022 0 0 0 0 0 0 0 0 1001 23 0 0 0 0 0 0 926 98 0 0 0 
0 0 1024 0 0 0 0 0 0 0 0 789 235 0 0 0 0 0 0 579 445 0 0 0 
0 0 1024 0 0 0 0 0 0 0 0 477 547 0 0 0 0 0 0 300 724 0 0 0 
0 0 1008 16 0 0 0 0 0 0 0 177 847 0 0 0 0 0 0 105 919 0 0 0 
0 0 1013 11 0 0 0 0 0 0 0 0 1024 0 0 0 0 0 0 0 1024 0 0 0 
0 0 507 517 0 0 0 0 0 0 0 2 1022 0 0 0 0 0 0 0 1024 0 0 0 
0 0 441 583 0 0 0 0 0 0 0 0 1024 0 0 0 0 0 0 0 1018 6 0 0 
0 0 135 889 0 0 0 0 0 0 0 0 1003 21 0 0 0 0 0 0 1014 10 0 0 
0 0 6 1018 0 0 0 0 0 0 0 0 1011 13 0 0 0 0 0 0 979 45 0 0 
0 0 0 1024 0 0 0 0 0 0 0 0 981 43 0 0 0 0 0 0 953 71 0 0 
0 0 8 1016 0 0 0 0 0 0 0 0 821 203 0 0 0 0 0 0 862 162 0 0 
0 0 0 1024 0 0 0 0 0 0 0 0 802 222 0 0 0 0 0 0 659 365 0 0 
0 0 0 1024 0 0 0 0 0 0 0 0 491 533 0 0 0 0 0 0 487 537 0 0 
0 0 0 1024 0 0 0 0 0 0 0 0 427 597 0 0 0 0 0 0 343 681 0 0 
0 0 0 1024 0 0 0 0 0 0 0 0 325 699 0 0 0 0 0 0 159 865 0 0 
0 0 0 1024 0 0 0 0 0 0 0 0 302 722 0 0 0 0 0 0 198 826 0 0 
0 0 1 1023 0 0 0 0 0 0 0 0 405 619 0 0 0 0 0 0 277 747 0 0 
0 0 0 1024 0 0 0 0 0 0 0 0 330 694 0 0 0 0 0 0 196 828 0 0 
0 0 2 1022 0 0 0 0 0 0 0 0 542 482 0 0 0 0 0 0 199 825 0 0 
0 0 0 1024 0 0 0 0 0 0 0 0 401 623 0 0 0 0 0 0 438 586 0 0 
0 0 2 1022 0 0 0 0 0 0 0 0 663 361 0 0 0 0 0 0 672 352 0 0 
0 0 0 1024 0 0 0 0 0 0 0 0 976 48 0 0 0 0 0 0 898 126 0 0 
0 0 101 923 0 0 0 0 0 0 0 0 1009 15 0 0 0 0 0 0 947 77 0 0 
0 0 303 721 0 0 0 0 0 0 0 0 1024 0 0 0 0 0 0 0 1020 4 0 0 
0 0 993 31 0 0 0 0 0 0 0 0 1024 0 0 0 0 0 0 0 1024 0 0 0 
0 0 979 45 0 0 0 0 0 0 0 4 1020 0 0 0 0 0 0 0 1024 0 0 0 
0 0 1019 5 0 0 0 0 0 0 0 67 957 0 0 0 0 0 0 2 1022 0 0 0 
0 0 1023 1 0 0 0 0 0 0 0 383 641 0 0 0 0 0 0 319 705 0 0 0 
0 4 1020 0 0 0 0 0 0 0 0 705 319 0 0 0 0 0 0 585 439 0 0 0 
0 11 1013 0 0 0 0 0 0 0 0 1004 20 0 0 0 0 0 0 963 61 0 0 0 
0 9 1015 0 0 0 0 0 0 0 0 1021 3 0 0 0 0 0 0 1013 11 0 0 0 
0 24 904 96 0 0 0 0 0 0 0 834 190 0 0 0 0 0 13 954 57 0 0 0 
0 30 666 328 0 0 0 0 0 0 0 507 517 0 0 0 0 0 3 995 26 0 0 0 
0 72 417 534 1 0 0 0 0 0 0 174 786 64 0 0 0 0 6 825 122 71 0 0 
0 0 463 561 0 0 0 0 0 0 0 24 640 360 0 0 0 0 4 555 95 370 0 0 
0 1 264 759 0 0 0 0 0 0 0 162 232 630 0 0 0 0 51 221 70 682 0 0 
0 1 88 935 0 0 0 0 0 0 0 22 244 758 0 0 0 0 0 19 32 973 0 0 
0 230 794 0 0 0 0 0 0 0 0 1024 0 0 0 0 0 0 458 566 0 0 0 0 
16 69 828 75 36 0 0 0 0 8 13 677 248 78 0 0 0 12 29 802 142 39 0 0 
25 39 724 168 68 0 0 0 0 10 53 614 159 188 0 0 0 19 45 414 468 78 0 0 
24 32 754 119 95 0 0 0 0 16 27 320 477 184 0 0 0 22 28 147 751 76 0 0 
32 32 726 165 69 0 0 0 0 18 46 81 726 153 0 0 0 25 37 35 859 68 0 0 
29 26 699 148 122 0 0 0 0 21 22 46 780 155 0 0 0 22 23 46 813 120 0 0 
55 36 591 272 65 5 0 0 3 35 56 16 836 74 4 0 4 50 38 15 863 54 0 0 
0 0 319 705 0 0 0 0 0 0 0 0 1024 0 0 0 0 0 0 0 1021 3 0 0 
0 0 203 821 0 0 0 0 0 0 0 0 1024 0 0 0 0 0 0 0 1010 14 0 0 
0 0 27 997 0 0 0 0 0 0 0 0 1006 18 0 0 0 0 0 0 945 79 0 0 
0 0 15 1009 0 0 0 0 0 0 0 0 827 197 0 0 0 0 0 0 831 193 0 0 
0 0 6 1018 0 0 0 0 0 0 0 0 716 308 0 0 0 0 0 0 712 312 0 0 
0 0 2 1022 0 0 0 0 0 0 0 0 424 600 0 0 0 0 0 0 531 493 0 0 
0 0 2 1022 0 0 0 0 0 0 0 0 517 507 0 0 0 0 0 0 371 653 0 0 
0 0 3 1021 0 0 0 0 0 0 0 0 164 860 0 0 0 0 0 0 272 752 0 0 
0 0 0 1024 0 0 0 0 0 0 0 0 72 952 0 0 0 0 0 0 199 825 0 0 
0 0 1 1023 0 0 0 0 0 0 0 0 128 896 0 0 0 0 0 0 217 807 0 0 
0 0 0 1024 0 0 0 0 0 0 0 0 50 974 0 0 0 0 0 0 45 979 0 0 
0 0 0 1024 0 0 0 0 0 0 0 0 28 996 0 0 0 0 0 0 61 963 0 0 
0 0 0 1024 0 0 0 0 0 0 0 0 74 950 0 0 0 0 0 0 60 964 0 0 
0 0 0 1024 0 0 0 0 0 0 0 0 81 943 0 0 0 0 0 0 77 947 0 0 
0 0 0 1024 0 0 0 0 0 0 0 0 53 971 0 0 0 0 0 0 96 928 0 0 
0 0 1 1023 0 0 0 0 0 0 0 0 198 826 0 0 0 0 0 0 144 880 0 0 
0 0 0 1024 0 0 0 0 0 0 0 0 516 508 0 0 0 0 0 0 628 396 0 0 
0 0 16 1008 0 0 0 0 0 0 0 0 849 175 0 0 0 0 0 0 483 541 0 0 
0 0 52 972 0 0 0 0 0 0 0 0 973 51 0 0 0 0 0 0 663 361 0 0 
0 0 92 932 0 0 0 0 0 0 0 0 1009 15 0 0 0 0 0 0 916 108 0 0 
0 0 623 401 0 0 0 0 0 0 0 0 1024 0 0 0 0 0 0 0 1011 13 0 0 
0 0 970 54 0 0 0 0 0 0 0 0 1024 0 0 0 0 0 0 0 1024 0 0 0 
0 0 994 30 0 0 0 0 0 0 0 0 1024 0 0 0 0 0 0 0 1024 0 0 0 
0 0 1022 2 0 0 0 0 0 0 0 0 1024 0 0 0 0 0 0 0 1024 0 0 0 
0 0 1024 0 0 0 0 0 0 0 0 14 1010 0 0 0 0 0 0 7 1017 0 0 0 
0 0 1024 0 0 0 0 0 0 0 0 242 782 0 0 0 0 0 0 132 892 0 0 0 
0 0 1024 0 0 0 0 0 0 0 0 611 413 0 0 0 0 0 0 492 532 0 0 0 
0 4 1020 0 0 0 0 0 0 0 0 1009 15 0 0 0 0 0 0 995 29 0 0 0 
0 43 981 0 0 0 0 0 0 0 0 1020 4 0 0 0 0 0 0 1016 8 0 0 0 
0 138 886 0 0 0 0 0 0 0 3 1021 0 0 0 0 0 0 4 1020 0 0 0 0 
0 341 635 48 0 0 0 0 0 0 2 843 179 0 0 0 0 0 0 990 34 0 0 0 
0 258 737 29 0 0 0 0 0 0 2 825 197 0 0 0 0 0 69 954 1 0 0 0 
0 71 926 27 0 0 0 0 0 0 0 942 49 33 0 0 0 0 197 758 27 42 0 0 
0 163 861 0 0 0 0 0 0 0 0 1024 0 0 0 0 0 0 694 330 0 0 0 0 
0 14 497 510 3 0 0 0 0 0 0 303 463 258 0 0 0 0 16 490 513 5 0 0 
0 0 0 1013 11 0 0 0 0 0 0 0 180 844 0 0 0 0 0 0 992 32 0 0 
0 0 0 979 45 0 0 0 0 0 0 0 73 951 0 0 0 0 0 0 930 94 0 0 
96 16 13 718 181 0 0 0 5 95 12 11 91 810 0 0 4 96 15 10 693 206 0 0 
264 78 76 475 131 0 0 0 5 295 43 39 236 406 0 0 4 288 55 35 526 116 0 0 
430 85 173 304 32 0 0 0 184 272 56 56 398 57 1 0 91 365 54 63 410 41 0 0 
0 0 32 992 0 0 0 0 0 0 0 0 1009 15 0 0 0 0 0 0 972 52 0 0 
0 0 31 993 0 0 0 0 0 0 0 0 1003 21 0 0 0 0 0 0 733 291 0 0 
0 0 10 1014 0 0 0 0 0 0 0 0 796 228 0 0 0 0 0 0 735 289 0 0 
0 0 4 1020 0 0 0 0 0 0 0 0 542 482 0 0 0 0 0 0 542 482 0 0 
0 0 1 1023 0 0 0 0 0 0 0 0 285 739 0 0 0 0 0 0 359 665 0 0 
0 0 1 1023 0 0 0 0 0 0 0 0 169 855 0 0 0 0 0 0 10 1014 0 0 
0 0 2 1022 0 0 0 0 0 0 0 0 110 914 0 0 0 0 0 0 62 962 0 0 
0 0 0 1024 0 0 0 0 0 0 0 0 104 920 0 0 0 0 0 0 35 989 0 0 
0 0 0 1024 0 0 0 0 0 0 0 0 17 1007 0 0 0 0 0 0 33 991 0 0 
0 0 0 1024 0 0 0 0 0 0 0 0 33 991 0 0 0 0 0 0 42 982 0 0 
0 0 0 1024 0 0 0 0 0 0 0 0 25 999 0 0 0 0 0 0 20 1004 0 0 
0 0 0 1024 0 0 0 0 0 0 0 0 22 1002 0 0 0 0 0 0 23 1001 0 0 
0 0 0 1024 0 0 0 0 0 0 0 0 60 964 0 0 0 0 0 0 31 993 0 0 
0 0 1 1023 0 0 0 0 0 0 0 0 48 976 0 0 0 0 0 0 36 988 0 0 
0 0 1 1023 0 0 0 0 0 0 0 0 38 986 0 0 0 0 0 0 36 988 0 0 
0 0 0 1024 0 0 0 0 0 0 0 0 68 956 0 0 0 0 0 0 24 1000 0 0 
0 0 3 1021 0 0 0 0 0 0 0 0 278 746 0 0 0 0 0 0 227 797 0 0 
0 0 6 1018 0 0 0 0 0 0 0 0 556 468 0 0 0 0 0 0 275 749 0 0 
0 0 23 1001 0 0 0 0 0 0 0 0 837 187 0 0 0 0 0 0 486 538 0 0 
0 0 40 984 0 0 0 0 0 0 0 0 938 86 0 0 0 0 0 0 887 137 0 0 
0 0 256 768 0 0 0 0 0 0 0 0 975 49 0 0 0 0 0 0 919 105 0 0 
0 0 575 449 0 0 0 0 0 0 0 0 1024 0 0 0 0 0 0 0 1012 12 0 0 
0 0 916 108 0 0 0 0 0 0 0 0 1024 0 0 0 0 0 0 0 1024 0 0 0 
0 0 1019 5 0 0 0 0 0 0 0 0 1024 0 0 0 0 0 0 0 1024 0 0 0 
0 0 1024 0 0 0 0 0 0 0 0 0 1024 0 0 0 0 0 0 0 1024 0 0 0 
0 0 1024 0 0 0 0 0 0 0 0 4 1020 0 0 0 0 0 0 33 991 0 0 0 
0 0 1024 0 0 0 0 0 0 0 0 62 962 0 0 0 0 0 0 1 1023 0 0 0 
0 3 1021 0 0 0 0 0 0 0 0 569 455 0 0 0 0 0 0 261 763 0 0 0 
0 6 1018 0 0 0 0 0 0 0 0 899 125 0 0 0 0 0 0 529 495 0 0 0 
0 50 974 0 0 0 0 0 0 0 0 1013 11 0 0 0 0 0 0 951 73 0 0 0 
0 349 675 0 0 0 0 0 0 0 0 1024 0 0 0 0 0 0 0 1024 0 0 0 0 
0 797 227 0 0 0 0 0 0 0 1 1023 0 0 0 0 0 0 0 1024 0 0 0 0 
0 893 131 0 0 0 0 0 0 0 19 1005 0 0 0 0 0 0 2 1022 0 0 0 0 
466 69 273 196 20 0 0 0 361 114 39 173 316 21 0 0 289 174 95 178 287 1 0 0 
370 39 249 340 26 0 0 0 275 98 40 61 508 42 0 0 232 143 44 63 523 19 0 0 
362 49 186 396 31 0 0 0 285 91 34 19 502 93 0 0 231 143 38 27 563 22 0 0 
348 140 148 326 62 0 0 0 46 369 71 46 252 240 0 0 51 355 75 51 434 58 0 0 
222 39 289 465 9 0 0 0 10 219 27 28 727 13 0 0 15 215 26 26 716 26 0 0 
0 2 152 870 0 0 0 0 0 0 0 3 1020 1 0 0 0 0 0 2 1020 2 0 0 
282 46 176 520 0 0 0 0 197 79 43 40 642 23 0 0 86 188 37 44 641 28 0 0 
0 0 18 1006 0 0 0 0 0 0 0 0 1011 13 0 0 0 0 0 21 921 82 0 0 
0 2 21 988 8 3 1 1 0 0 0 14 847 158 3 2 0 0 2 27 967 23 3 2 
0 0 0 1022 2 0 0 0 0 0 0 0 643 381 0 0 0 0 0 0 1024 0 0 0 
0 0 0 1024 0 0 0 0 0 0 0 0 575 449 0 0 0 0 0 1 1017 6 0 0 
0 0 0 1014 10 0 0 0 0 0 0 0 598 426 0 0 0 0 0 0 938 86 0 0 
0 0 0 981 43 0 0 0 0 0 0 0 391 633 0 0 0 0 0 0 938 86 0 0 
0 0 1 995 28 0 0 0 0 0 0 0 338 686 0 0 0 0 0 0 951 73 0 0 
0 0 0 969 55 0 0 0 0 0 0 0 285 739 0 0 0 0 0 0 951 73 0 0 
0 0 0 950 74 0 0 0 0 0 0 0 211 813 0 0 0 0 0 0 854 170 0 0 
0 0 0 986 38 0 0 0 0 0 0 0 144 880 0 0 0 0 0 0 859 165 0 0 
0 0 0 1009 15 0 0 0 0 0 0 0 199 825 0 0 0 0 0 0 786 238 0 0 
0 0 0 976 48 0 0 0 0 0 0 0 171 853 0 0 0 0 0 0 763 261 0 0 
0 0 0 941 83 0 0 0 0 0 0 0 286 738 0 0 0 0 0 0 817 207 0 0 
0 0 0 891 133 0 0 0 0 0 0 0 113 911 0 0 0 0 0 0 664 360 0 0 
0 0 0 682 342 0 0 0 0 0 0 0 114 910 0 0 0 0 0 0 713 311 0 0 
0 0 13 731 280 0 0 0 0 0 0 0 119 905 0 0 0 0 0 0 705 319 0 0 
0 0 22 670 332 0 0 0 0 0 0 0 129 895 0 0 0 0 0 0 441 583 0 0 
0 0 14 679 331 0 0 0 0 0 0 0 105 918 1 0 0 0 0 0 531 493 0 0 
0 0 12 716 296 0 0 0 0 0 0 0 136 888 0 0 0 0 0 0 506 518 0 0 
0 0 16 807 201 0 0 0 0 0 0 0 195 829 0 0 0 0 0 0 615 409 0 0 
0 0 20 876 128 0 0 0 0 0 0 0 274 750 0 0 0 0 0 0 738 286 0 0 
0 0 129 792 103 0 0 0 0 0 0 0 355 669 0 0 0 0 0 0 858 166 0 0 
0 0 170 826 28 0 0 0 0 0 0 0 356 668 0 0 0 0 0 0 934 90 0 0 
0 0 265 733 26 0 0 0 0 0 0 0 457 567 0 0 0 0 0 0 888 136 0 0 
0 7 298 708 5 2 2 2 0 0 1 7 567 443 2 4 0 0 6 5 973 34 2 4 
22 39 373 551 37 2 0 0 1 21 32 26 627 315 2 0 1 21 35 36 904 25 2 0 
32 56 387 502 47 0 0 0 0 32 39 57 429 467 0 0 0 32 33 46 851 62 0 0 
32 54 388 523 27 0 0 0 0 30 25 143 395 431 0 0 0 28 36 98 824 38 0 0 
33 34 406 524 27 0 0 0 0 32 31 186 423 352 0 0 1 31 34 125 822 11 0 0 
43 25 411 537 8 0 0 0 0 37 27 372 413 175 0 0 0 39 25 317 632 11 0 0 
63 26 368 555 12 0 0 0 0 51 13 392 432 136 0 0 0 50 14 363 582 15 0 0 
49 148 251 563 13 0 0 0 2 40 34 371 450 127 0 0 2 45 30 370 564 13 0 0 
43 294 126 553 8 0 0 0 4 33 60 365 545 17 0 0 8 29 62 363 554 8 0 0 
312 61 616 35 0 0 0 0 225 91 47 136 525 0 0 0 81 222 56 136 529 0 0 0 
0 0 1024 0 0 0 0 0 0 0 0 7 1017 0 0 0 0 0 0 0 1024 0 0 0 
0 0 1024 0 0 0 0 0 0 0 0 0 1024 0 0 0 0 0 0 0 1024 0 0 0 
387 58 360 219 0 0 0 0 207 188 42 39 547 1 0 0 65 312 58 47 541 1 0 0 
0 0 303 721 0 0 0 0 0 0 0 0 1024 0 0 0 0 0 0 0 1024 0 0 0 
0 0 142 882 0 0 0 0 0 0 0 0 1024 0 0 0 0 0 0 10 999 15 0 0 
69 21 67 867 0 0 0 0 50 23 17 15 911 8 0 0 34 37 20 494 426 13 0 0 
0 0 0 1024 0 0 0 0 0 0 0 0 1024 0 0 0 0 0 0 275 749 0 0 0 
0 0 3 1021 0 0 0 0 0 0 0 0 1024 0 0 0 0 0 0 38 986 0 0 0 
0 0 0 1024 0 0 0 0 0 0 0 0 1022 2 0 0 0 0 0 278 746 0 0 0 
0 0 48 976 0 0 0 0 0 0 0 0 1022 2 0 0 0 0 0 225 799 0 0 0 
0 0 0 1024 0 0 0 0 0 0 0 0 1024 0 0 0 0 0 0 179 845 0 0 0 
0 0 1 1023 0 0 0 0 0 0 0 0 1020 4 0 0 0 0 0 204 820 0 0 0 
0 0 0 1024 0 0 0 0 0 0 0 0 1000 24 0 0 0 0 0 127 897 0 0 0 
0 0 1 1023 0 0 0 0 0 0 0 0 1020 4 0 0 0 0 0 75 949 0 0 0 
0 0 0 1024 0 0 0 0 0 0 0 0 1004 20 0 0 0 0 0 101 923 0 0 0 
0 0 0 1024 0 0 0 0 0 0 0 0 1011 13 0 0 0 0 0 41 983 0 0 0 
0 0 0 1024 0 0 0 0 0 0 0 0 1021 3 0 0 0 0 0 45 979 0 0 0 
0 0 0 1024 0 0 0 0 0 0 0 0 1022 2 0 0 0 0 0 60 964 0 0 0 
0 0 0 1024 0 0 0 0 0 0 0 0 985 39 0 0 0 0 0 70 954 0 0 0 
0 0 2 1022 0 0 0 0 0 0 0 0 848 176 0 0 0 0 0 28 996 0 0 0 
0 0 0 1024 0 0 0 0 0 0 0 0 744 280 0 0 0 0 0 10 1014 0 0 0 
0 0 1 1023 0 0 0 0 0 0 0 0 848 176 0 0 0 0 0 18 1006 0 0 0 
0 0 0 1024 0 0 0 0 0 0 0 0 748 276 0 0 0 0 0 5 1019 0 0 0 
0 0 0 1024 0 0 0 0 0 0 0 0 682 342 0 0 0 0 0 0 999 25 0 0 
0 0 0 1018 6 0 0 0 0 0 0 0 751 273 0 0 0 0 0 0 1021 3 0 0 
0 0 0 1022 2 0 0 0 0 0 0 0 788 236 0 0 0 0 0 0 1024 0 0 0 
0 0 0 1022 2 0 0 0 0 0 0 0 849 175 0 0 0 0 0 0 1022 2 0 0 
0 0 0 1024 0 0 0 0 0 0 0 0 902 122 0 0 0 0 0 0 1024 0 0 0 
0 0 0 1024 0 0 0 0 0 0 0 0 927 97 0 0 0 0 0 0 1024 0 0 0 
0 0 0 1024 0 0 0 0 0 0 0 0 977 47 0 0 0 0 0 0 1024 0 0 0 
0 0 0 1024 0 0 0 0 0 0 0 0 974 50 0 0 0 0 0 0 1024 0 0 0 
0 0 0 1024 0 0 0 0 0 0 0 0 1019 5 0 0 0 0 0 0 1024 0 0 0 
0 1 28 995 0 0 0 0 0 0 0 17 761 246 0 0 0 0 2 56 966 0 0 0 
0 19 31 944 30 0 0 0 0 0 16 27 379 602 0 0 0 1 24 58 914 27 0 0 
0 0 0 1024 0 0 0 0 0 0 0 0 448 576 0 0 0 0 0 0 1021 3 0 0 
0 0 0 1024 0 0 0 0 0 0 0 0 844 180 0 0 0 0 0 0 1024 0 0 0 
0 0 0 1024 0 0 0 0 0 0 0 0 1002 22 0 0 0 0 0 0 1024 0 0 0 
0 0 0 1024 0 0 0 0 0 0 0 0 1004 20 0 0 0 0 0 0 1024 0 0 0 
0 0 0 1024 0 0 0 0 0 0 0 0 1018 6 0 0 0 0 0 0 1024 0 0 0 
298 59 639 28 0 0 0 0 208 105 53 147 511 0 0 0 62 237 55 155 515 0 0 0 
0 0 1000 24 0 0 0 0 0 0 0 15 1009 0 0 0 0 0 0 0 1024 0 0 0 
0 0 1022 2 0 0 0 0 0 0 0 0 1024 0 0 0 0 0 0 0 1024 0 0 0 
386 51 415 172 0 0 0 0 226 160 52 50 536 0 0 0 123 255 54 61 527 4 0 0 
0 0 465 559 0 0 0 0 0 0 0 0 1024 0 0 0 0 0 0 233 791 0 0 0 
0 0 34 990 0 0 0 0 0 0 0 0 1024 0 0 0 0 0 0 829 190 5 0 0 
0 0 6 1018 0 0 0 0 0 0 0 0 1024 0 0 0 0 0 0 816 208 0 0 0 
0 0 22 1002 0 0 0 0 0 0 0 5 1019 0 0 0 0 0 0 988 36 0 0 0 
0 0 67 957 0 0 0 0 0 0 0 4 1020 0 0 0 0 0 0 937 87 0 0 0 
0 0 24 1000 0 0 0 0 0 0 0 0 1024 0 0 0 0 0 0 930 94 0 0 0 
0 0 37 987 0 0 0 0 0 0 0 0 1024 0 0 0 0 0 0 894 130 0 0 0 
0 0 8 1016 0 0 0 0 0 0 0 0 1024 0 0 0 0 0 0 833 191 0 0 0 
0 0 11 1013 0 0 0 0 0 0 0 0 1024 0 0 0 0 0 0 767 257 0 0 0 
0 0 36 988 0 0 0 0 0 0 0 0 1024 0 0 0 0 0 0 776 248 0 0 0 
0 0 42 982 0 0 0 0 0 0 0 2 1022 0 0 0 0 0 0 711 313 0 0 0 
0 0 18 1006 0 0 0 0 0 0 0 0 1024 0 0 0 0 0 0 796 228 0 0 0 
0 0 3 1021 0 0 0 0 0 0 0 0 1024 0 0 0 0 0 0 738 286 0 0 0 
0 0 23 1001 0 0 0 0 0 0 0 2 1022 0 0 0 0 0 0 811 213 0 0 0 
0 0 99 925 0 0 0 0 0 0 0 42 982 0 0 0 0 0 5 733 286 0 0 0 
0 0 182 842 0 0 0 0 0 0 0 133 891 0 0 0 0 0 34 599 391 0 0 0 
0 0 134 890 0 0 0 0 0 0 0 24 1000 0 0 0 0 0 11 750 263 0 0 0 
0 0 159 865 0 0 0 0 0 0 0 13 1011 0 0 0 0 0 0 966 58 0 0 0 
0 0 23 1001 0 0 0 0 0 0 0 4 1020 0 0 0 0 0 0 784 240 0 0 0 
0 0 15 1009 0 0 0 0 0 0 0 0 1021 3 0 0 0 0 0 560 464 0 0 0 
0 0 0 1024 0 0 0 0 0 0 0 0 1008 16 0 0 0 0 0 125 899 0 0 0 
0 0 3 1021 0 0 0 0 0 0 0 0 1018 6 0 0 0 0 0 184 840 0 0 0 
0 0 21 1003 0 0 0 0 0 0 0 6 1015 3 0 0 0 0 0 191 833 0 0 0 
0 0 4 1020 0 0 0 0 0 0 0 0 1023 1 0 0 0 0 0 142 882 0 0 0 
0 0 6 1018 0 0 0 0 0 0 0 0 1024 0 0 0 0 0 0 55 969 0 0 0 
0 0 0 1024 0 0 0 0 0 0 0 0 1024 0 0 0 0 0 0 26 998 0 0 0 
0 0 9 1015 0 0 0 0 0 0 0 0 1024 0 0 0 0 0 0 110 914 0 0 0 
0 0 5 1019 0 0 0 0 0 0 0 0 1024 0 0 0 0 0 0 110 914 0 0 0 
0 0 13 1011 0 0 0 0 0 0 0 0 1024 0 0 0 0 0 0 71 953 0 0 0 
0 0 1 1023 0 0 0 0 0 0 0 0 1023 1 0 0 0 0 0 170 854 0 0 0 
32 28 69 893 2 0 0 0 0 20 37 38 892 37 0 0 2 34 30 399 550 9 0 0 
88 58 94 775 9 0 0 0 1 89 56 58 666 154 0 0 14 90 54 167 683 16 0 0 
32 29 3 937 23 0 0 0 30 2 31 1 838 122 0 0 32 4 28 24 936 0 0 0 
35 29 8 917 35 0 0 0 32 22 10 23 871 66 0 0 33 14 17 68 888 4 0 0 
62 2 39 893 28 0 0 0 24 40 1 31 904 24 0 0 29 35 3 52 905 0 0 0 
64 8 31 915 6 0 0 0 35 29 23 9 916 12 0 0 38 26 32 0 927 1 0 0 
309 59 620 36 0 0 0 0 206 112 46 268 392 0 0 0 29 276 51 236 431 1 0 0 
0 0 1020 4 0 0 0 0 0 0 0 40 984 0 0 0 0 0 0 0 1024 0 0 0 
0 0 1005 19 0 0 0 0 0 0 0 7 1017 0 0 0 0 0 0 37 987 0 0 0 
191 30 419 383 1 0 0 0 94 97 25 72 736 0 0 0 70 115 46 624 164 5 0 0 
0 0 269 755 0 0 0 0 0 0 0 16 1008 0 0 0 0 0 1 992 31 0 0 0 
0 0 147 877 0 0 0 0 0 0 0 9 1015 0 0 0 0 0 0 1024 0 0 0 0 
0 0 240 784 0 0 0 0 0 0 0 5 1019 0 0 0 0 0 0 1024 0 0 0 0 
0 0 316 708 0 0 0 0 0 0 0 49 975 0 0 0 0 0 6 1012 6 0 0 0 
0 0 399 625 0 0 0 0 0 0 0 69 955 0 0 0 0 0 0 1024 0 0 0 0 
0 0 245 779 0 0 0 0 0 0 0 8 1016 0 0 0 0 0 0 1023 1 0 0 0 
0 0 263 761 0 0 0 0 0 0 0 22 1002 0 0 0 0 0 5 1007 12 0 0 0 
0 0 195 829 0 0 0 0 0 0 0 11 1013 0 0 0 0 0 0 1022 2 0 0 0 
0 0 268 756 0 0 0 0 0 0 0 26 998 0 0 0 0 0 0 1021 3 0 0 0 
0 0 394 630 0 0 0 0 0 0 0 52 972 0 0 0 0 0 0 1024 0 0 0 0 
0 0 389 635 0 0 0 0 0 0 0 27 997 0 0 0 0 0 39 985 0 0 0 0 
0 0 365 659 0 0 0 0 0 0 0 13 1011 0 0 0 0 0 2 1022 0 0 0 0 
0 0 369 655 0 0 0 0 0 0 0 37 987 0 0 0 0 0 1 1021 2 0 0 0 
0 0 358 666 0 0 0 0 0 0 0 54 970 0 0 0 0 0 0 1023 1 0 0 0 
0 0 569 455 0 0 0 0 0 0 0 110 914 0 0 0 0 0 1 1023 0 0 0 0 
0 0 521 503 0 0 0 0 0 0 0 71 953 0 0 0 0 0 4 1020 0 0 0 0 
0 0 360 664 0 0 0 0 0 0 0 66 958 0 0 0 0 0 0 1024 0 0 0 0 
0 0 354 670 0 0 0 0 0 0 0 59 965 0 0 0 0 0 0 1023 1 0 0 0 
0 0 383 641 0 0 0 0 0 0 0 68 956 0 0 0 0 0 7 1016 1 0 0 0 
0 0 177 847 0 0 0 0 0 0 0 12 1012 0 0 0 0 0 0 1009 15 0 0 0 
0 0 248 776 0 0 0 0 0 0 0 38 986 0 0 0 0 0 0 993 31 0 0 0 
0 0 271 753 0 0 0 0 0 0 0 19 1005 0 0 0 0 0 0 961 63 0 0 0 
0 0 176 848 0 0 0 0 0 0 0 30 994 0 0 0 0 0 0 937 87 0 0 0 
0 0 183 841 0 0 0 0 0 0 0 34 990 0 0 0 0 0 0 973 51 0 0 0 
0 0 213 811 0 0 0 0 0 0 0 15 1008 1 0 0 0 0 1 836 187 0 0 0 
0 0 288 736 0 0 0 0 0 0 0 22 1002 0 0 0 0 0 0 675 349 0 0 0 
0 0 169 855 0 0 0 0 0 0 0 56 968 0 0 0 0 0 0 845 179 0 0 0 
0 0 266 758 0 0 0 0 0 0 0 7 1017 0 0 0 0 0 0 960 64 0 0 0 
0 0 132 892 0 0 0 0 0 0 0 2 1022 0 0 0 0 0 0 991 33 0 0 0 
0 0 269 755 0 0 0 0 0 0 0 82 942 0 0 0 0 0 0 827 197 0 0 0 
0 0 275 749 0 0 0 0 0 0 0 36 988 0 0 0 0 0 0 748 276 0 0 0 
14 16 372 622 0 0 0 0 2 22 9 16 975 0 0 0 21 8 9 727 259 0 0 0 
403 35 350 236 0 0 0 0 313 95 28 225 363 0 0 0 250 161 36 553 24 0 0 0 
448 35 540 1 0 0 0 0 358 90 32 507 37 0 0 0 303 145 27 370 179 0 0 0 
445 17 556 6 0 0 0 0 342 105 13 553 11 0 0 0 279 169 13 543 20 0 0 0 
663 107 254 0 0 0 0 0 494 172 49 308 1 0 0 0 291 364 49 319 1 0 0 0 
301 70 631 22 0 0 0 0 230 91 44 441 218 0 0 0 26 266 62 301 369 0 0 0 
0 0 987 37 0 0 0 0 0 0 0 251 773 0 0 0 0 0 14 333 677 0 0 0 
0 0 946 78 0 0 0 0 0 0 0 372 652 0 0 0 0 0 65 860 99 0 0 0 
0 0 805 219 0 0 0 0 0 0 0 322 702 0 0 0 0 0 8 1016 0 0 0 0 
0 0 847 177 0 0 0 0 0 0 0 295 729 0 0 0 0 0 2 1022 0 0 0 0 
0 0 702 322 0 0 0 0 0 0 0 124 900 0 0 0 0 0 4 1018 2 0 0 0 
0 0 823 201 0 0 0 0 0 0 0 110 914 0 0 0 0 0 0 1024 0 0 0 0 
0 0 775 249 0 0 0 0 0 0 0 199 825 0 0 0 0 0 21 1003 0 0 0 0 
0 0 747 277 0 0 0 0 0 0 0 406 618 0 0 0 0 0 6 1018 0 0 0 0 
0 0 827 197 0 0 0 0 0 0 0 429 595 0 0 0 0 0 10 1011 3 0 0 0 
0 0 774 250 0 0 0 0 0 0 0 294 730 0 0 0 0 0 19 1005 0 0 0 0 
0 0 806 218 0 0 0 0 0 0 0 316 708 0 0 0 0 0 2 1022 0 0 0 0 
0 0 857 167 0 0 0 0 0 0 0 272 752 0 0 0 0 0 9 1015 0 0 0 0 
0 0 794 230 0 0 0 0 0 0 0 241 783 0 0 0 0 0 27 996 1 0 0 0 
0 0 670 354 0 0 0 0 0 0 0 65 959 0 0 0 0 0 12 1012 0 0 0 0 
0 0 636 388 0 0 0 0 0 0 0 221 803 0 0 0 0 0 32 992 0 0 0 0 
0 0 860 164 0 0 0 0 0 0 0 252 772 0 0 0 0 0 29 995 0 0 0 0 
0 0 752 272 0 0 0 0 0 0 0 173 851 0 0 0 0 0 1 1023 0 0 0 0 
0 0 728 296 0 0 0 0 0 0 0 146 878 0 0 0 0 0 22 1002 0 0 0 0 
0 0 602 422 0 0 0 0 0 0 0 173 851 0 0 0 0 0 0 1024 0 0 0 0 
0 0 635 389 0 0 0 0 0 0 0 135 889 0 0 0 0 0 6 1018 0 0 0 0 
0 1 679 344 0 0 0 0 0 0 0 179 845 0 0 0 0 0 17 1006 1 0 0 0 
0 0 766 258 0 0 0 0 0 0 0 158 866 0 0 0 0 0 33 991 0 0 0 0 
0 0 798 226 0 0 0 0 0 0 0 114 910 0 0 0 0 0 39 983 2 0 0 0 
0 0 788 236 0 0 0 0 0 0 0 172 852 0 0 0 0 0 10 1014 0 0 0 0 
0 0 894 130 0 0 0 0 0 0 0 269 755 0 0 0 0 0 48 976 0 0 0 0 
0 0 995 29 0 0 0 0 0 0 0 525 499 0 0 0 0 0 57 964 3 0 0 0 
0 0 1003 21 0 0 0 0 0 0 0 712 312 0 0 0 0 0 55 969 0 0 0 0 
0 0 994 30 0 0 0 0 0 0 0 775 249 0 0 0 0 0 35 989 0 0 0 0 
0 0 977 47 0 0 0 0 0 0 0 665 359 0 0 0 0 0 6 1018 0 0 0 0 
0 0 910 114 0 0 0 0 0 0 0 494 530 0 0 0 0 0 1 1023 0 0 0 0 
0 0 895 129 0 0 0 0 0 0 0 414 610 0 0 0 0 0 5 1019 0 0 0 0 
0 0 921 103 0 0 0 0 0 0 0 456 568 0 0 0 0 0 1 1023 0 0 0 0 
0 0 917 107 0 0 0 0 0 0 0 613 411 0 0 0 0 0 8 1015 1 0 0 0 
0 0 935 89 0 0 0 0 0 0 0 516 508 0 0 0 0 0 0 1024 0 0 0 0 
0 0 938 86 0 0 0 0 0 0 0 447 577 0 0 0 0 0 8 1016 0 0 0 0 
0 0 966 58 0 0 0 0 0 0 0 626 398 0 0 0 0 0 1 1023 0 0 0 0 
0 20 990 14 0 0 0 0 0 0 0 879 145 0 0 0 0 0 0 965 59 0 0 0 
0 10 1014 0 0 0 0 0 0 0 0 1018 6 0 0 0 0 0 0 988 36 0 0 0 
397 220 407 0 0 0 0 0 254 150 67 551 2 0 0 0 90 303 74 528 29 0 0 0 
47 27 910 40 0 0 0 0 32 22 18 903 49 0 0 0 6 46 239 549 184 0 0 0 
0 0 974 50 0 0 0 0 0 0 0 885 139 0 0 0 0 0 185 839 0 0 0 0 
0 0 954 70 0 0 0 0 0 0 0 856 168 0 0 0 0 0 142 882 0 0 0 0 
0 0 939 85 0 0 0 0 0 0 0 698 326 0 0 0 0 0 17 1007 0 0 0 0 
0 0 999 25 0 0 0 0 0 0 0 631 393 0 0 0 0 0 84 940 0 0 0 0 
0 0 924 100 0 0 0 0 0 0 0 490 534 0 0 0 0 0 2 1022 0 0 0 0 
0 0 963 61 0 0 0 0 0 0 0 683 341 0 0 0 0 0 27 997 0 0 0 0 
0 0 942 82 0 0 0 0 0 0 0 617 407 0 0 0 0 0 124 900 0 0 0 0 
0 0 867 157 0 0 0 0 0 0 0 583 441 0 0 0 0 0 61 963 0 0 0 0 
0 0 876 148 0 0 0 0 0 0 0 627 397 0 0 0 0 0 71 953 0 0 0 0 
0 0 823 201 0 0 0 0 0 0 0 300 724 0 0 0 0 0 6 1018 0 0 0 0 
0 0 638 386 0 0 0 0 0 0 0 328 696 0 0 0 0 0 10 1014 0 0 0 0 
0 0 825 199 0 0 0 0 0 0 0 266 758 0 0 0 0 0 69 955 0 0 0 0 
0 0 756 268 0 0 0 0 0 0 0 360 664 0 0 0 0 0 48 976 0 0 0 0 
0 0 858 166 0 0 0 0 0 0 0 361 663 0 0 0 0 0 37 987 0 0 0 0 
0 0 733 291 0 0 0 0 0 0 0 319 705 0 0 0 0 0 11 1013 0 0 0 0 
0 0 740 284 0 0 0 0 0 0 0 152 872 0 0 0 0 0 2 1022 0 0 0 0 
0 0 587 437 0 0 0 0 0 0 0 75 949 0 0 0 0 0 5 1019 0 0 0 0 
0 0 403 621 0 0 0 0 0 0 0 36 988 0 0 0 0 0 4 1020 0 0 0 0 
0 0 660 364 0 0 0 0 0 0 0 73 951 0 0 0 0 0 0 1024 0 0 0 0 
0 0 660 364 0 0 0 0 0 0 0 226 798 0 0 0 0 0 36 988 0 0 0 0 
0 0 739 285 0 0 0 0 0 0 0 445 579 0 0 0 0 0 36 988 0 0 0 0 
0 0 906 118 0 0 0 0 0 0 0 668 356 0 0 0 0 0 46 978 0 0 0 0 
0 0 865 159 0 0 0 0 0 0 0 631 393 0 0 0 0 0 66 958 0 0 0 0 
0 0 958 66 0 0 0 0 0 0 0 546 478 0 0 0 0 0 113 911 0 0 0 0 
0 0 949 75 0 0 0 0 0 0 0 551 473 0 0 0 0 0 59 965 0 0 0 0 
0 0 1009 15 0 0 0 0 0 0 0 714 310 0 0 0 0 0 13 1011 0 0 0 0 
0 0 1012 12 0 0 0 0 0 0 0 931 93 0 0 0 0 0 73 951 0 0 0 0 
0 0 1024 0 0 0 0 0 0 0 0 942 82 0 0 0 0 0 88 936 0 0 0 0 
0 0 1023 1 0 0 0 0 0 0 0 947 77 0 0 0 0 0 158 866 0 0 0 0 
0 0 1017 7 0 0 0 0 0 0 0 972 52 0 0 0 0 0 62 962 0 0 0 0 
0 0 1024 0 0 0 0 0 0 0 0 995 29 0 0 0 0 0 133 891 0 0 0 0 
0 0 1020 4 0 0 0 0 0 0 0 983 41 0 0 0 0 0 156 868 0 0 0 0 
0 1 1018 5 0 0 0 0 0 0 0 898 126 0 0 0 0 0 49 975 0 0 0 0 
0 0 1018 6 0 0 0 0 0 0 0 987 37 0 0 0 0 0 92 932 0 0 0 0 
0 0 1021 3 0 0 0 0 0 0 0 984 40 0 0 0 0 0 93 931 0 0 0 0 
0 0 1023 1 0 0 0 0 0 0 0 1010 14 0 0 0 0 0 19 1005 0 0 0 0 
0 0 1024 0 0 0 0 0 0 0 0 1022 2 0 0 0 0 0 184 840 0 0 0 0 
0 2 1022 0 0 0 0 0 0 0 0 1021 3 0 0 0 0 0 191 824 9 0 0 0 
291 135 597 1 0 0 0 0 186 117 80 639 2 0 0 0 117 173 157 484 93 0 0 0 
0 0 1022 2 0 0 0 0 0 0 0 1019 5 0 0 0 0 0 214 810 0 0 0 0 
0 0 1018 6 0 0 0 0 0 0 0 1010 14 0 0 0 0 0 109 915 0 0 0 0 
0 0 994 30 0 0 0 0 0 0 0 955 69 0 0 0 0 0 224 800 0 0 0 0 
0 0 990 34 0 0 0 0 0 0 0 918 106 0 0 0 0 0 141 883 0 0 0 0 
0 0 980 44 0 0 0 0 0 0 0 859 165 0 0 0 0 0 32 992 0 0 0 0 
0 0 967 57 0 0 0 0 0 0 0 898 126 0 0 0 0 0 126 898 0 0 0 0 
0 0 995 29 0 0 0 0 0 0 0 828 196 0 0 0 0 0 15 1009 0 0 0 0 
0 0 958 66 0 0 0 0 0 0 0 805 219 0 0 0 0 0 75 949 0 0 0 0 
0 0 957 67 0 0 0 0 0 0 0 709 315 0 0 0 0 0 27 997 0 0 0 0 
0 0 836 188 0 0 0 0 0 0 0 732 292 0 0 0 0 0 5 1019 0 0 0 0 
0 0 794 230 0 0 0 0 0 0 0 515 509 0 0 0 0 0 53 971 0 0 0 0 
0 0 861 163 0 0 0 0 0 0 0 477 547 0 0 0 0 0 39 985 0 0 0 0 
0 0 591 433 0 0 0 0 0 0 0 303 721 0 0 0 0 0 11 1013 0 0 0 0 
0 0 700 324 0 0 0 0 0 0 0 227 797 0 0 0 0 0 10 1014 0 0 0 0 
0 0 738 286 0 0 0 0 0 0 0 270 754 0 0 0 0 0 38 985 1 0 0 0 
0 0 819 205 0 0 0 0 0 0 0 159 865 0 0 0 0 0 4 1020 0 0 0 0 
0 0 902 122 0 0 0 0 0 0 0 218 806 0 0 0 0 0 19 1005 0 0 0 0 
0 0 737 287 0 0 0 0 0 0 0 156 868 0 0 0 0 0 19 1005 0 0 0 0 
0 0 484 540 0 0 0 0 0 0 0 154 870 0 0 0 0 0 9 1015 0 0 0 0 
0 0 667 357 0 0 0 0 0 0 0 273 751 0 0 0 0 0 34 990 0 0 0 0 
0 0 798 226 0 0 0 0 0 0 0 188 836 0 0 0 0 0 45 979 0 0 0 0 
0 0 937 87 0 0 0 0 0 0 0 563 461 0 0 0 0 0 126 898 0 0 0 0 
0 0 926 98 0 0 0 0 0 0 0 794 230 0 0 0 0 0 183 841 0 0 0 0 
0 1 1001 22 0 0 0 0 0 0 1 806 217 0 0 0 0 0 28 996 0 0 0 0 
0 0 993 31 0 0 0 0 0 0 0 681 343 0 0 0 0 0 138 886 0 0 0 0 
0 0 1011 13 0 0 0 0 0 0 0 957 67 0 0 0 0 0 97 927 0 0 0 0 
0 1 1011 12 0 0 0 0 0 0 0 1002 22 0 0 0 0 0 145 879 0 0 0 0 
0 0 1019 5 0 0 0 0 0 0 0 1015 9 0 0 0 0 0 416 608 0 0 0 0 
0 2 1022 0 0 0 0 0 0 0 0 1023 1 0 0 0 0 0 671 353 0 0 0 0 
0 5 1019 0 0 0 0 0 0 0 4 1018 2 0 0 0 0 0 624 400 0 0 0 0 
0 0 1020 4 0 0 0 0 0 0 0 1018 6 0 0 0 0 0 391 633 0 0 0 0 
0 0 1022 2 0 0 0 0 0 0 0 1014 10 0 0 0 0 0 537 487 0 0 0 0 
0 0 1023 1 0 0 0 0 0 0 0 1022 2 0 0 0 0 0 610 414 0 0 0 0 
0 4 1020 0 0 0 0 0 0 0 4 1019 1 0 0 0 0 0 423 601 0 0 0 0 
0 0 1024 0 0 0 0 0 0 0 0 1024 0 0 0 0 0 0 627 397 0 0 0 0 
0 3 1021 0 0 0 0 0 0 0 3 1019 2 0 0 0 0 0 591 433 0 0 0 0 
0 0 1024 0 0 0 0 0 0 0 0 1024 0 0 0 0 0 0 439 585 0 0 0 0 
0 0 1024 0 0 0 0 0 0 0 0 1024 0 0 0 0 0 0 255 769 0 0 0 0 
0 0 1024 0 0 0 0 0 0 0 0 1024 0 0 0 0 0 0 856 168 0 0 0 0 
0 2 1022 0 0 0 0 0 0 0 4 1020 0 0 0 0 0 0 751 266 7 0 0 0 
0 0 1019 5 0 0 0 0 0 0 1 1016 7 0 0 0 0 0 633 391 0 0 0 0 
0 0 1010 14 0 0 0 0 0 0 0 1000 24 0 0 0 0 0 413 611 0 0 0 0 
0 0 1015 9 0 0 0 0 0 0 0 998 26 0 0 0 0 0 277 747 0 0 0 0 
0 0 1022 2 0 0 0 0 0 0 0 978 46 0 0 0 0 0 85 939 0 0 0 0 
0 0 1012 12 0 0 0 0 0 0 0 949 75 0 0 0 0 0 152 872 0 0 0 0 
0 0 990 34 0 0 0 0 0 0 0 792 232 0 0 0 0 0 80 944 0 0 0 0 
0 0 960 64 0 0 0 0 0 0 0 783 241 0 0 0 0 0 100 924 0 0 0 0 
0 0 1000 24 0 0 0 0 0 0 0 868 156 0 0 0 0 0 80 944 0 0 0 0 
0 0 986 38 0 0 0 0 0 0 0 790 234 0 0 0 0 0 66 958 0 0 0 0 
0 0 900 124 0 0 0 0 0 0 0 825 199 0 0 0 0 0 71 953 0 0 0 0 
0 0 863 161 0 0 0 0 0 0 0 728 296 0 0 0 0 0 24 1000 0 0 0 0 
0 0 855 169 0 0 0 0 0 0 0 327 697 0 0 0 0 0 41 980 3 0 0 0 
0 0 712 312 0 0 0 0 0 0 0 175 849 0 0 0 0 0 17 1007 0 0 0 0 
0 0 754 270 0 0 0 0 0 0 0 110 914 0 0 0 0 0 33 991 0 0 0 0 
0 0 614 410 0 0 0 0 0 0 0 196 828 0 0 0 0 0 8 1016 0 0 0 0 
0 0 723 301 0 0 0 0 0 0 0 101 923 0 0 0 0 0 25 999 0 0 0 0 
0 0 744 280 0 0 0 0 0 0 0 241 783 0 0 0 0 0 32 992 0 0 0 0 
0 0 880 144 0 0 0 0 0 0 0 411 613 0 0 0 0 0 146 878 0 0 0 0 
0 0 855 169 0 0 0 0 0 0 0 408 616 0 0 0 0 0 81 943 0 0 0 0 
0 0 916 108 0 0 0 0 0 0 0 454 570 0 0 0 0 0 95 929 0 0 0 0 
0 0 936 88 0 0 0 0 0 0 0 414 610 0 0 0 0 0 17 1007 0 0 0 0 
0 0 973 51 0 0 0 0 0 0 0 581 443 0 0 0 0 0 122 902 0 0 0 0 
0 0 964 60 0 0 0 0 0 0 0 910 114 0 0 0 0 0 227 797 0 0 0 0 
0 0 976 48 0 0 0 0 0 0 0 929 95 0 0 0 0 0 372 652 0 0 0 0 
0 0 1000 24 0 0 0 0 0 0 0 941 83 0 0 0 0 0 403 621 0 0 0 0 
0 0 994 30 0 0 0 0 0 0 0 964 60 0 0 0 0 0 374 650 0 0 0 0 
0 0 1011 13 0 0 0 0 0 0 0 981 43 0 0 0 0 0 265 759 0 0 0 0 
0 0 1014 10 0 0 0 0 0 0 0 973 51 0 0 0 0 0 437 587 0 0 0 0 
0 2 1022 0 0 0 0 0 0 0 2 1021 1 0 0 0 0 0 781 243 0 0 0 0 
0 3 1021 0 0 0 0 0 0 0 0 1024 0 0 0 0 0 0 746 278 0 0 0 0 
0 0 1024 0 0 0 0 0 0 0 0 1024 0 0 0 0 0 0 783 241 0 0 0 0 
0 0 1024 0 0 0 0 0 0 0 0 1024 0 0 0 0 0 0 606 418 0 0 0 0 
0 6 1018 0 0 0 0 0 0 0 3 1021 0 0 0 0 0 0 645 379 0 0 0 0 
0 10 1014 0 0 0 0 0 0 0 12 1012 0 0 0 0 0 0 754 270 0 0 0 0 
0 11 1013 0 0 0 0 0 0 0 11 1013 0 0 0 0 0 0 821 203 0 0 0 0 
0 1 1023 0 0 0 0 0 0 0 0 1024 0 0 0 0 0 0 992 32 0 0 0 0 
0 20 1004 0 0 0 0 0 0 0 20 1004 0 0 0 0 0 0 889 135 0 0 0 0 
0 6 1018 0 0 0 0 0 0 0 6 1018 0 0 0 0 0 0 919 105 0 0 0 0 
0 2 1022 0 0 0 0 0 0 0 2 1022 0 0 0 0 0 0 798 226 0 0 0 0 
0 2 1022 0 0 0 0 0 0 0 2 1022 0 0 0 0 0 0 924 100 0 0 0 0 
0 0 1023 1 0 0 0 0 0 0 0 1022 2 0 0 0 0 0 690 334 0 0 0 0 
0 0 1021 3 0 0 0 0 0 0 0 1021 3 0 0 0 0 0 353 671 0 0 0 0 
0 0 1018 6 0 0 0 0 0 0 0 1015 9 0 0 0 0 0 230 794 0 0 0 0 
0 0 1013 11 0 0 0 0 0 0 0 1000 24 0 0 0 0 0 262 762 0 0 0 0 
0 0 1005 19 0 0 0 0 0 0 0 919 105 0 0 0 0 0 386 638 0 0 0 0 
0 0 1001 23 0 0 0 0 0 0 0 974 50 0 0 0 0 0 214 810 0 0 0 0 
0 0 1003 21 0 0 0 0 0 0 0 851 173 0 0 0 0 0 77 947 0 0 0 0 
0 0 1003 21 0 0 0 0 0 0 0 977 47 0 0 0 0 0 289 735 0 0 0 0 
0 0 993 31 0 0 0 0 0 0 0 939 85 0 0 0 0 0 386 638 0 0 0 0 
0 0 994 30 0 0 0 0 0 0 0 910 114 0 0 0 0 0 274 750 0 0 0 0 
0 0 899 125 0 0 0 0 0 0 0 757 267 0 0 0 0 0 30 994 0 0 0 0 
0 0 839 185 0 0 0 0 0 0 0 453 571 0 0 0 0 0 7 1017 0 0 0 0 
0 0 697 327 0 0 0 0 0 0 0 423 601 0 0 0 0 0 13 1011 0 0 0 0 
0 0 820 204 0 0 0 0 0 0 0 349 675 0 0 0 0 0 23 1001 0 0 0 0 
0 0 783 241 0 0 0 0 0 0 0 348 676 0 0 0 0 0 25 999 0 0 0 0 
0 0 806 218 0 0 0 0 0 0 0 373 651 0 0 0 0 0 42 982 0 0 0 0 
0 0 746 278 0 0 0 0 0 0 0 476 548 0 0 0 0 0 64 960 0 0 0 0 
0 0 979 45 0 0 0 0 0 0 0 541 483 0 0 0 0 0 230 794 0 0 0 0 
0 0 959 65 0 0 0 0 0 0 0 719 305 0 0 0 0 0 220 804 0 0 0 0 
0 0 842 182 0 0 0 0 0 0 0 697 327 0 0 0 0 0 80 944 0 0 0 0 
0 0 969 55 0 0 0 0 0 0 0 829 195 0 0 0 0 0 218 806 0 0 0 0 
0 0 963 61 0 0 0 0 0 0 0 903 121 0 0 0 0 0 214 810 0 0 0 0 
0 0 976 48 0 0 0 0 0 0 0 937 87 0 0 0 0 0 299 725 0 0 0 0 
0 0 1005 19 0 0 0 0 0 0 0 895 129 0 0 0 0 0 99 925 0 0 0 0 
0 8 985 31 0 0 0 0 0 0 8 940 76 0 0 0 0 2 435 587 0 0 0 0 
0 0 1020 4 0 0 0 0 0 0 0 971 53 0 0 0 0 0 259 765 0 0 0 0 
0 0 1011 13 0 0 0 0 0 0 0 999 25 0 0 0 0 0 416 608 0 0 0 0 
0 0 1023 1 0 0 0 0 0 0 0 1017 7 0 0 0 0 0 199 825 0 0 0 0 
0 0 1021 3 0 0 0 0 0 0 0 1015 9 0 0 0 0 0 623 401 0 0 0 0 
0 0 1023 1 0 0 0 0 0 0 0 1022 2 0 0 0 0 0 582 442 0 0 0 0 
0 0 1024 0 0 0 0 0 0 0 0 1024 0 0 0 0 0 0 741 283 0 0 0 0 
0 0 1024 0 0 0 0 0 0 0 0 1024 0 0 0 0 0 0 754 270 0 0 0 0 
0 1 1023 0 0 0 0 0 0 0 0 1024 0 0 0 0 0 0 851 173 0 0 0 0 
0 18 1006 0 0 0 0 0 0 0 15 1009 0 0 0 0 0 0 871 153 0 0 0 0 
0 8 1016 0 0 0 0 0 0 0 7 1017 0 0 0 0 0 0 972 52 0 0 0 0 
0 35 989 0 0 0 0 0 0 0 24 1000 0 0 0 0 0 0 957 67 0 0 0 0 
0 4 1020 0 0 0 0 0 0 0 5 1019 0 0 0 0 0 0 911 113 0 0 0 0 
0 12 1012 0 0 0 0 0 0 0 12 1012 0 0 0 0 0 0 981 43 0 0 0 0 
0 30 994 0 0 0 0 0 0 0 140 884 0 0 0 0 0 0 1010 14 0 0 0 0 
0 174 850 0 0 0 0 0 0 0 173 851 0 0 0 0 0 0 977 47 0 0 0 0 
0 0 1024 0 0 0 0 0 0 0 0 1024 0 0 0 0 0 0 785 239 0 0 0 0 
0 0 1023 1 0 0 0 0 0 0 0 1021 3 0 0 0 0 0 343 681 0 0 0 0 
0 0 1023 1 0 0 0 0 0 0 0 1023 1 0 0 0 0 0 524 500 0 0 0 0 
0 0 1024 0 0 0 0 0 0 0 0 1024 0 0 0 0 0 0 669 355 0 0 0 0 
0 0 1020 4 0 0 0 0 0 0 0 1017 7 0 0 0 0 0 439 585 0 0 0 0 
0 0 1016 8 0 0 0 0 0 0 0 998 26 0 0 0 0 0 648 376 0 0 0 0 
0 0 1009 15 0 0 0 0 0 0 0 989 35 0 0 0 0 0 497 527 0 0 0 0 
0 0 1012 12 0 0 0 0 0 0 0 1006 18 0 0 0 0 0 459 565 0 0 0 0 
0 0 998 26 0 0 0 0 0 0 0 971 53 0 0 0 0 0 348 676 0 0 0 0 
0 0 985 39 0 0 0 0 0 0 0 930 94 0 0 0 0 0 283 741 0 0 0 0 
0 0 912 112 0 0 0 0 0 0 0 765 259 0 0 0 0 0 42 982 0 0 0 0 
0 0 860 164 0 0 0 0 0 0 0 639 385 0 0 0 0 0 66 958 0 0 0 0 
0 0 862 162 0 0 0 0 0 0 0 624 400 0 0 0 0 0 57 967 0 0 0 0 
0 0 699 325 0 0 0 0 0 0 0 390 634 0 0 0 0 0 24 1000 0 0 0 0 
0 0 779 245 0 0 0 0 0 0 0 458 566 0 0 0 0 0 29 995 0 0 0 0 
0 0 906 118 0 0 0 0 0 0 0 571 453 0 0 0 0 0 105 919 0 0 0 0 
0 0 974 50 0 0 0 0 0 0 0 688 336 0 0 0 0 0 194 830 0 0 0 0 
0 0 950 74 0 0 0 0 0 0 0 774 250 0 0 0 0 0 290 734 0 0 0 0 
0 0 992 32 0 0 0 0 0 0 0 731 293 0 0 0 0 0 86 938 0 0 0 0 
0 0 973 51 0 0 0 0 0 0 0 797 227 0 0 0 0 0 211 813 0 0 0 0 
0 0 1020 4 0 0 0 0 0 0 0 940 84 0 0 0 0 0 330 694 0 0 0 0 
0 0 991 33 0 0 0 0 0 0 0 888 136 0 0 0 0 0 164 860 0 0 0 0 
0 0 991 33 0 0 0 0 0 0 0 941 83 0 0 0 0 0 363 661 0 0 0 0 
0 0 1012 12 0 0 0 0 0 0 0 960 64 0 0 0 0 0 295 729 0 0 0 0 
0 0 1016 8 0 0 0 0 0 0 0 1005 19 0 0 0 0 0 314 710 0 0 0 0 
0 0 1022 2 0 0 0 0 0 0 0 1002 22 0 0 0 0 0 352 672 0 0 0 0 
0 0 1018 6 0 0 0 0 0 0 0 1009 15 0 0 0 0 0 558 466 0 0 0 0 
0 0 1023 1 0 0 0 0 0 0 0 1023 1 0 0 0 0 0 487 537 0 0 0 0 
0 0 1024 0 0 0 0 0 0 0 0 1024 0 0 0 0 0 0 604 420 0 0 0 0 
0 0 1024 0 0 0 0 0 0 0 0 1016 8 0 0 0 0 0 481 543 0 0 0 0 
0 0 1024 0 0 0 0 0 0 0 0 1023 1 0 0 0 0 0 706 318 0 0 0 0 
0 0 1024 0 0 0 0 0 0 0 0 1024 0 0 0 0 0 0 736 288 0 0 0 0 
0 2 1022 0 0 0 0 0 0 0 2 1022 0 0 0 0 0 0 919 105 0 0 0 0 
0 2 1022 0 0 0 0 0 0 0 1 1023 0 0 0 0 0 0 946 78 0 0 0 0 
0 5 1019 0 0 0 0 0 0 0 5 1019 0 0 0 0 0 0 890 134 0 0 0 0 
0 0 1024 0 0 0 0 0 0 0 0 1024 0 0 0 0 0 0 870 154 0 0 0 0 
0 12 1012 0 0 0 0 0 0 0 10 1014 0 0 0 0 0 0 955 69 0 0 0 0 
0 67 957 0 0 0 0 0 0 0 49 975 0 0 0 0 0 0 986 38 0 0 0 0 
0 462 562 0 0 0 0 0 0 0 490 534 0 0 0 0 0 8 1013 3 0 0 0 0 
0 579 445 0 0 0 0 0 0 0 680 344 0 0 0 0 0 13 1009 2 0 0 0 0 
0 12 1012 0 0 0 0 0 0 0 17 1007 0 0 0 0 0 0 890 134 0 0 0 0 
0 2 1022 0 0 0 0 0 0 0 1 1023 0 0 0 0 0 0 950 74 0 0 0 0 
0 3 1020 1 0 0 0 0 0 0 2 1021 1 0 0 0 0 0 588 436 0 0 0 0 
0 1 1020 3 0 0 0 0 0 0 0 1021 3 0 0 0 0 0 498 526 0 0 0 0 
0 0 1024 0 0 0 0 0 0 0 0 1022 2 0 0 0 0 0 535 489 0 0 0 0 
0 3 1020 1 0 0 0 0 0 0 3 1020 1 0 0 0 0 0 616 408 0 0 0 0 
0 0 1023 1 0 0 0 0 0 0 0 1022 2 0 0 0 0 0 644 380 0 0 0 0 
0 0 1012 12 0 0 0 0 0 0 0 984 40 0 0 0 0 0 310 714 0 0 0 0 
0 0 1010 14 0 0 0 0 0 0 0 1000 24 0 0 0 0 0 258 766 0 0 0 0 
0 0 948 76 0 0 0 0 0 0 0 816 208 0 0 0 0 0 117 907 0 0 0 0 
0 0 931 93 0 0 0 0 0 0 0 782 242 0 0 0 0 0 156 868 0 0 0 0 
0 0 890 134 0 0 0 0 0 0 0 751 273 0 0 0 0 0 147 877 0 0 0 0 
0 0 925 99 0 0 0 0 0 0 0 711 313 0 0 0 0 0 116 908 0 0 0 0 
0 0 954 70 0 0 0 0 0 0 0 649 375 0 0 0 0 0 59 965 0 0 0 0 
0 0 930 94 0 0 0 0 0 0 0 683 341 0 0 0 0 0 180 844 0 0 0 0 
0 0 939 85 0 0 0 0 0 0 0 782 242 0 0 0 0 0 244 780 0 0 0 0 
0 0 954 70 0 0 0 0 0 0 0 756 268 0 0 0 0 0 116 906 2 0 0 0 
0 0 986 38 0 0 0 0 0 0 0 735 289 0 0 0 0 0 257 767 0 0 0 0 
0 0 990 34 0 0 0 0 0 0 0 821 203 0 0 0 0 0 290 734 0 0 0 0 
0 0 998 26 0 0 0 0 0 0 0 844 180 0 0 0 0 0 266 758 0 0 0 0 
0 0 1011 13 0 0 0 0 0 0 0 926 98 0 0 0 0 0 96 928 0 0 0 0 
0 0 1018 6 0 0 0 0 0 0 0 868 156 0 0 0 0 0 287 737 0 0 0 0 
0 0 1003 21 0 0 0 0 0 0 0 955 69 0 0 0 0 0 335 689 0 0 0 0 
0 0 1022 2 0 0 0 0 0 0 0 1011 13 0 0 0 0 0 583 441 0 0 0 0 
0 0 1022 2 0 0 0 0 0 0 0 1021 3 0 0 0 0 0 566 458 0 0 0 0 
0 3 1021 0 0 0 0 0 0 0 2 1022 0 0 0 0 0 0 718 306 0 0 0 0 
0 16 1008 0 0 0 0 0 0 0 11 1013 0 0 0 0 0 0 795 229 0 0 0 0 
0 0 1024 0 0 0 0 0 0 0 0 1024 0 0 0 0 0 0 863 161 0 0 0 0 
0 1 1022 1 0 0 0 0 0 0 1 1022 1 0 0 0 0 0 836 188 0 0 0 0 
0 0 1023 1 0 0 0 0 0 0 0 1023 1 0 0 0 0 0 737 287 0 0 0 0 
0 11 1013 0 0 0 0 0 0 0 10 1014 0 0 0 0 0 2 666 356 0 0 0 0 
0 5 1019 0 0 0 0 0 0 0 4 1020 0 0 0 0 0 0 918 106 0 0 0 0 
0 6 1018 0 0 0 0 0 0 0 2 1022 0 0 0 0 0 0 897 127 0 0 0 0 
3 145 876 0 0 0 0 0 0 12 154 858 0 0 0 0 0 36 961 27 0 0 0 0 
12 245 767 0 0 0 0 0 0 15 272 737 0 0 0 0 3 78 938 5 0 0 0 0 
0 28 996 0 0 0 0 0 0 0 40 984 0 0 0 0 0 0 957 67 0 0 0 0 
0 100 924 0 0 0 0 0 0 0 91 933 0 0 0 0 0 3 1008 13 0 0 0 0 
0 178 846 0 0 0 0 0 0 0 235 789 0 0 0 0 0 0 1024 0 0 0 0 0 
0 560 464 0 0 0 0 0 0 0 645 379 0 0 0 0 0 4 1018 2 0 0 0 0 
0 807 217 0 0 0 0 0 0 0 941 83 0 0 0 0 0 1 1019 4 0 0 0 0 
