0 0 0 293 587 21 11 112 0 0 164 711 23 12 20 94 0 1 623 262 15 13 24 86 
5 11 34 111 279 72 34 478 12 12 70 325 79 35 29 462 15 19 228 206 44 32 19 461 
23 21 52 56 140 198 103 431 33 41 52 113 205 132 50 398 35 53 59 228 139 77 54 379 
100 196 21 14 124 335 57 177 179 126 18 44 370 99 26 162 196 115 16 292 197 32 22 154 
90 202 25 84 452 74 41 56 181 126 34 426 137 59 13 48 244 70 198 366 50 38 26 32 
39 383 227 135 212 9 6 13 94 480 101 315 10 8 7 9 174 427 348 46 8 7 5 9 
75 461 69 303 45 20 23 28 233 345 284 78 23 24 19 18 317 278 303 46 23 22 21 14 
180 451 68 141 115 31 34 4 325 342 84 199 24 39 11 0 477 217 225 36 44 24 1 0 
31 382 249 89 156 57 34 26 42 455 210 165 87 32 18 15 146 469 169 163 36 21 10 10 
9 115 424 128 70 32 59 187 19 171 263 261 64 41 64 141 25 295 359 66 54 42 62 121 
4 133 471 303 73 18 14 8 10 231 456 242 48 30 7 0 16 252 585 118 32 21 0 0 
1 66 297 513 76 27 20 24 10 185 535 211 24 30 19 10 10 186 544 200 34 23 22 5 
49 236 372 120 95 46 29 77 61 273 220 186 139 47 37 61 91 322 242 193 64 45 18 49 
187 626 54 96 34 16 5 6 457 382 71 73 23 10 5 3 612 244 112 29 17 5 5 0 
196 269 287 131 87 35 12 7 246 351 231 108 62 17 3 6 309 342 219 98 40 8 2 6 
225 418 186 35 24 44 39 53 288 457 100 27 37 46 42 27 348 411 101 14 34 49 44 23 
242 493 139 55 36 14 14 31 260 430 141 103 21 32 9 28 391 382 141 37 17 26 8 22 
125 424 158 74 66 55 41 81 181 290 149 152 74 63 43 72 308 272 156 73 74 43 32 66 
407 315 156 71 58 17 0 0 499 313 90 82 35 5 0 0 559 295 118 32 20 0 0 0 
153 650 78 61 39 27 15 1 364 493 56 56 25 20 10 0 676 216 55 30 19 19 9 0 
327 596 74 20 6 0 1 0 406 559 40 16 2 0 1 0 677 314 29 3 0 0 1 0 
109 328 215 110 90 42 31 99 219 275 216 114 58 21 68 53 332 253 198 81 28 51 55 26 
96 367 252 90 44 56 69 50 231 358 165 81 47 72 34 36 307 356 160 36 46 68 24 27 
174 641 165 35 6 2 0 1 607 311 88 13 3 1 1 0 587 367 59 7 2 1 1 0 
151 528 189 97 9 5 13 32 543 258 161 11 7 23 20 1 528 402 41 30 20 2 1 0 
187 378 154 74 52 32 37 110 395 276 120 55 47 64 48 19 464 273 111 83 67 13 7 6 
538 231 43 20 9 34 91 58 729 68 27 13 19 98 51 19 734 62 31 13 82 55 31 16 
103 29 53 58 105 310 222 144 120 52 47 81 286 257 90 91 183 82 66 251 275 113 31 23 
627 92 27 89 164 19 4 2 687 42 64 169 52 8 1 1 701 51 143 112 11 4 2 0 
681 120 87 48 52 26 2 8 752 90 69 56 42 5 2 8 788 94 50 61 20 3 0 8 
40 105 742 37 29 31 27 13 75 441 404 41 31 22 5 5 205 750 48 11 5 2 1 2 
483 175 274 55 31 5 1 0 581 283 105 45 8 2 0 0 654 272 70 24 4 0 0 0 
658 237 84 35 9 1 0 0 738 161 75 27 17 5 1 0 756 128 74 35 7 16 7 1 
344 364 150 66 68 15 3 14 555 261 81 87 21 3 3 13 684 202 80 35 6 3 1 13 
80 241 100 75 91 112 202 123 209 176 88 91 122 185 102 51 352 172 103 105 164 107 18 3 
149 209 169 57 47 155 159 79 280 181 105 55 149 148 62 44 395 190 64 132 144 73 18 8 
271 229 179 150 57 75 39 24 427 180 196 78 71 39 23 10 517 250 106 64 48 30 2 7 
252 281 207 106 70 29 39 40 431 236 159 69 45 53 28 3 527 259 92 91 21 27 7 0 
281 253 252 67 23 28 47 73 470 237 132 48 50 48 28 11 534 277 103 55 12 17 23 3 
602 63 57 24 119 141 18 0 632 57 55 100 150 30 0 0 635 62 51 190 76 10 0 0 
0 0 0 102 684 217 21 0 0 0 10 733 234 47 0 0 0 1 337 576 110 0 0 0 
757 35 25 160 47 0 0 0 782 21 105 112 4 0 0 0 787 35 181 19 2 0 0 0 
264 553 42 125 28 12 0 0 786 48 102 64 24 0 0 0 813 45 112 42 12 0 0 0 
0 0 375 649 0 0 0 0 0 8 994 22 0 0 0 0 0 401 623 0 0 0 0 0 
761 133 81 49 0 0 0 0 858 70 91 5 0 0 0 0 872 108 44 0 0 0 0 0 
910 59 35 20 0 0 0 0 904 82 28 9 1 0 0 0 902 91 25 1 3 2 0 0 
579 303 72 30 22 13 5 0 808 119 56 27 10 3 1 0 860 84 50 19 8 3 0 0 
144 243 17 30 258 296 28 8 325 69 26 182 357 57 5 3 345 64 40 471 94 5 5 0 
39 362 267 29 78 171 78 0 119 472 104 60 188 81 0 0 295 364 45 161 159 0 0 0 
97 470 125 56 20 20 62 174 260 397 84 26 23 20 169 45 432 277 56 22 17 81 129 10 
159 68 97 115 69 35 113 368 214 119 117 57 41 39 358 79 255 162 81 45 28 135 275 43 
159 287 257 129 122 24 5 41 286 340 172 146 29 11 21 19 320 379 206 59 13 13 20 14 
513 81 87 157 171 15 0 0 560 56 98 290 20 0 0 0 567 64 310 79 4 0 0 0 
0 0 0 839 176 9 0 0 0 0 581 401 42 0 0 0 0 0 877 147 0 0 0 0 
657 56 143 130 37 1 0 0 676 104 164 72 8 0 0 0 693 153 127 46 5 0 0 0 
406 370 29 152 54 13 0 0 750 39 46 164 25 0 0 0 768 31 170 47 8 0 0 0 
0 0 20 1004 0 0 0 0 0 19 660 345 0 0 0 0 3 18 1003 0 0 0 0 0 
890 132 2 0 0 0 0 0 980 44 0 0 0 0 0 0 1005 19 0 0 0 0 0 0 
812 187 25 0 0 0 0 0 894 129 1 0 0 0 0 0 984 40 0 0 0 0 0 0 
42 695 218 5 3 7 21 33 300 647 10 5 5 23 30 4 639 317 7 15 35 11 0 0 
135 175 29 36 556 64 13 16 258 68 27 555 76 25 15 0 289 50 434 194 54 3 0 0 
4 63 234 70 312 265 30 46 24 181 147 295 302 28 34 13 60 288 297 316 36 24 3 0 
2 147 40 125 210 180 89 231 22 165 141 212 167 73 96 148 119 186 288 141 77 47 66 100 
0 11 34 152 284 178 91 274 10 54 197 287 118 40 47 271 35 184 301 139 36 28 90 211 
0 0 2 59 353 230 182 198 0 1 29 376 233 182 67 136 0 35 335 354 131 69 89 11 
383 111 117 370 41 1 1 0 421 135 216 236 15 1 0 0 429 165 382 47 0 1 0 0 
142 65 55 610 133 3 3 13 172 70 582 180 3 4 1 12 182 99 685 38 5 2 7 6 
563 98 173 120 65 5 0 0 580 170 134 133 5 2 0 0 594 249 113 63 3 2 0 0 
602 119 46 201 47 9 0 0 644 110 44 204 22 0 0 0 669 90 212 44 9 0 0 0 
0 4 21 990 9 0 0 0 2 6 733 276 7 0 0 0 3 43 964 6 4 4 0 0 
567 178 80 109 53 23 10 4 696 91 36 82 94 20 3 2 692 96 43 45 84 57 3 4 
521 158 76 47 40 117 54 11 616 109 66 63 110 57 3 0 646 117 142 108 9 2 0 0 
204 98 130 99 66 163 231 33 250 110 141 102 214 176 31 0 293 168 213 296 53 1 0 0 
102 71 44 427 255 66 39 20 147 53 117 568 88 30 20 1 153 81 653 104 26 7 0 0 
22 21 15 261 478 212 15 0 30 20 226 525 213 10 0 0 44 212 516 252 0 0 0 0 
0 1 1 315 377 123 138 69 0 1 305 410 125 114 47 22 1 433 389 145 30 2 5 19 
0 1 2 314 332 94 148 133 0 3 306 346 88 148 73 60 1 371 340 164 60 21 19 48 
0 0 85 420 96 164 238 21 0 15 446 150 158 248 7 0 2 453 238 312 19 0 0 0 
305 207 88 386 37 1 0 0 330 251 379 59 4 1 0 0 358 236 395 34 1 0 0 0 
106 16 565 334 3 0 0 0 113 162 726 22 1 0 0 0 117 538 366 2 1 0 0 0 
339 121 232 284 48 0 0 0 359 206 270 188 1 0 0 0 372 344 287 21 0 0 0 0 
62 28 199 517 206 12 0 0 80 141 429 348 26 0 0 0 86 372 519 47 0 0 0 0 
313 41 119 527 11 3 2 8 333 30 490 134 24 3 3 7 341 175 431 24 34 10 5 4 
44 76 280 501 117 6 0 0 53 39 154 455 308 15 0 0 50 30 62 267 451 159 5 0 
28 83 255 329 287 34 5 3 22 44 371 469 103 12 3 0 20 161 513 165 138 27 0 0 
0 0 4 636 246 35 55 48 0 0 528 343 42 68 43 0 0 498 359 91 62 9 5 0 
225 52 54 552 90 26 11 14 248 63 286 357 45 16 9 0 264 158 505 80 14 3 0 0 
18 11 38 484 276 136 60 1 21 14 449 344 157 38 1 0 29 364 507 120 3 1 0 0 
0 0 60 549 149 214 51 1 0 21 579 205 177 41 1 0 18 578 374 53 1 0 0 0 
0 0 16 417 310 155 120 6 0 11 333 422 145 109 4 0 7 325 524 155 13 0 0 0 
0 0 6 302 216 238 234 28 0 3 205 341 241 207 27 0 2 211 547 231 33 0 0 0 
40 345 199 411 29 0 0 0 88 464 425 47 0 0 0 0 232 343 417 32 0 0 0 0 
0 0 815 209 0 0 0 0 0 0 1022 2 0 0 0 0 0 741 283 0 0 0 0 0 
184 436 191 211 2 0 0 0 218 515 266 25 0 0 0 0 437 365 219 3 0 0 0 0 
57 208 432 291 35 1 0 0 67 602 295 44 16 0 0 0 117 573 298 36 0 0 0 0 
0 0 423 601 0 0 0 0 0 0 1024 0 0 0 0 0 0 459 565 0 0 0 0 0 
10 29 277 634 70 4 0 0 4 25 325 457 202 11 0 0 1 135 154 181 472 77 4 0 
2 57 770 179 16 0 0 0 0 388 469 156 11 0 0 0 22 585 168 182 64 3 0 0 
0 37 776 199 12 0 0 0 0 679 321 24 0 0 0 0 58 917 49 0 0 0 0 0 
181 100 277 384 72 10 0 0 210 116 545 111 42 0 0 0 258 323 367 73 3 0 0 0 
0 9 173 808 34 0 0 0 4 38 666 316 0 0 0 0 9 588 426 1 0 0 0 0 
0 0 146 859 19 0 0 0 0 8 876 140 0 0 0 0 0 771 253 0 0 0 0 0 
0 0 107 669 248 0 0 0 0 0 469 555 0 0 0 0 0 428 596 0 0 0 0 0 
0 0 96 738 190 0 0 0 0 3 489 532 0 0 0 0 0 418 606 0 0 0 0 0 
