0 1024 0 0 0 0 0 0 0 1024 0 0 0 0 0 0 0 376 648 0 0 0 0 0 
9 1015 0 0 0 0 0 0 0 1024 0 0 0 0 0 0 0 1011 13 0 0 0 0 0 
5 1019 0 0 0 0 0 0 2 1022 0 0 0 0 0 0 0 1008 16 0 0 0 0 0 
0 1024 0 0 0 0 0 0 0 1024 0 0 0 0 0 0 0 1024 0 0 0 0 0 0 
0 995 9 9 4 5 2 0 0 992 11 7 7 4 3 0 0 995 15 8 4 2 0 0 
0 848 49 27 78 11 2 9 0 864 38 26 67 16 4 9 0 881 53 41 34 4 3 8 
0 574 116 21 53 50 50 160 0 587 112 15 50 47 42 171 0 600 119 77 13 16 169 30 
0 92 451 28 68 48 39 298 0 148 404 28 79 30 28 307 1 145 460 67 13 13 245 80 
0 230 427 41 41 44 82 159 0 385 298 22 48 33 58 180 0 416 296 58 13 12 212 17 
0 40 564 333 27 22 28 10 0 348 567 27 27 14 25 16 0 518 412 16 33 17 28 0 
0 0 77 53 98 53 576 167 0 21 75 50 113 24 521 220 0 85 121 62 12 61 669 14 
0 0 0 10 80 60 697 177 0 0 0 19 98 27 638 242 0 6 72 50 10 102 761 23 
0 0 0 0 7 128 853 36 0 0 0 0 6 93 877 48 0 0 2 5 5 488 522 2 
0 0 0 0 5 348 670 1 0 0 0 0 4 314 701 5 0 0 0 1 28 728 267 0 
0 0 0 0 7 433 582 2 0 0 0 0 6 379 636 3 0 0 0 0 26 775 221 2 
0 1024 0 0 0 0 0 0 0 1024 0 0 0 0 0 0 0 92 932 0 0 0 0 0 
0 862 162 0 0 0 0 0 0 1004 20 0 0 0 0 0 0 755 269 0 0 0 0 0 
2 441 424 43 61 35 18 0 2 688 175 41 52 47 19 0 2 685 188 43 60 30 16 0 
0 221 267 92 133 49 51 211 0 390 100 84 132 54 41 223 7 367 139 132 90 33 85 171 
0 53 259 71 106 86 98 351 0 212 140 14 105 106 83 364 0 263 93 55 114 83 135 281 
0 11 298 125 51 69 108 362 0 130 198 96 30 73 122 375 1 168 185 74 45 114 118 319 
0 0 0 0 0 14 215 795 0 0 0 0 0 10 162 852 0 0 0 0 2 59 597 366 
0 0 0 0 0 0 201 823 0 0 0 0 0 0 158 866 0 0 0 0 0 4 760 260 
0 64 228 164 18 15 165 370 0 253 195 23 9 12 129 403 0 268 194 10 16 7 417 112 
0 10 21 378 433 34 96 52 0 9 703 111 31 26 84 60 0 30 776 28 29 34 109 18 
0 0 0 0 0 2 681 341 0 0 0 0 0 2 607 415 0 0 0 0 0 80 914 30 
0 0 0 0 0 0 620 404 0 0 0 0 0 0 521 503 0 0 0 0 0 11 970 43 
0 0 0 0 0 26 734 264 0 0 0 0 0 19 655 350 0 0 0 0 0 178 827 19 
0 0 0 0 0 70 905 49 0 0 0 0 0 85 853 86 0 0 0 0 0 370 654 0 
0 0 0 0 1 182 827 14 0 0 0 0 3 157 834 30 0 0 0 0 18 496 510 0 
0 597 210 214 3 0 0 0 0 608 345 71 0 0 0 0 0 489 532 3 0 0 0 0 
1 367 521 133 2 0 0 0 0 460 432 132 0 0 0 0 0 506 512 6 0 0 0 0 
19 650 241 61 35 15 3 0 2 627 221 127 36 9 2 0 5 707 212 67 20 7 6 0 
11 328 355 93 64 108 51 14 1 376 168 147 116 49 125 42 14 529 196 69 71 96 37 12 
0 51 305 172 81 140 145 130 0 111 256 50 111 103 157 236 0 213 268 81 89 136 122 115 
0 0 94 337 63 105 129 296 0 30 222 108 65 131 140 328 0 81 248 144 25 120 142 264 
0 0 7 43 64 116 300 494 0 0 0 0 9 133 345 537 0 0 10 102 53 156 328 375 
0 0 0 7 53 129 313 522 0 0 0 9 21 115 329 550 0 0 9 51 76 165 316 407 
0 0 279 152 90 23 55 425 0 253 173 90 6 21 52 429 0 236 247 34 7 35 82 383 
0 4 33 162 593 51 63 118 0 4 428 334 29 48 65 116 0 20 717 38 34 56 97 62 
0 0 0 4 79 88 378 475 0 0 0 4 79 83 391 467 0 0 0 10 91 164 655 104 
0 0 0 0 8 36 427 553 0 0 0 0 10 52 398 564 0 0 0 2 20 118 478 406 
0 0 15 42 71 147 530 219 0 0 22 45 89 123 514 231 0 16 44 60 77 275 412 140 
0 0 0 3 27 275 403 316 0 0 0 11 31 318 352 312 0 0 3 19 78 501 123 300 
0 0 0 3 36 487 173 325 0 0 0 10 40 483 170 321 0 0 0 21 142 502 67 292 
0 84 443 482 15 0 0 0 0 143 687 194 0 0 0 0 0 360 664 0 0 0 0 0 
0 3 353 635 33 0 0 0 0 42 332 557 93 0 0 0 0 174 503 347 0 0 0 0 
11 396 460 150 4 3 0 0 1 362 407 241 10 3 0 0 2 468 418 130 3 3 0 0 
5 500 205 82 125 66 35 6 1 497 196 120 126 49 33 2 6 490 213 100 129 55 29 2 
3 659 222 89 32 10 8 1 1 655 185 86 75 11 7 4 2 660 290 33 22 12 4 1 
1 236 358 201 55 46 52 75 0 211 115 64 392 88 57 97 7 279 452 79 43 42 55 67 
0 48 59 310 164 102 138 203 0 30 30 24 179 307 149 305 1 46 271 185 108 91 158 164 
0 0 7 183 282 81 186 285 0 0 0 4 26 411 135 448 0 1 86 343 80 86 163 265 
0 8 282 320 150 39 77 148 0 226 203 137 12 170 66 210 1 234 335 134 81 24 77 138 
0 0 24 326 395 88 85 106 0 0 226 448 38 80 91 141 0 8 591 125 87 55 79 79 
0 16 5 18 91 79 60 755 0 0 0 3 21 66 122 812 0 1 20 67 119 9 459 349 
0 0 3 5 42 141 73 760 0 0 2 6 6 30 179 801 0 0 4 41 134 25 511 309 
0 0 0 3 35 72 125 789 0 0 0 4 36 44 155 785 0 0 4 24 65 74 312 545 
0 0 0 0 11 28 325 660 0 0 0 0 11 28 284 701 0 0 0 4 13 103 761 143 
0 0 0 0 0 0 52 972 0 0 0 0 0 0 37 987 0 0 0 0 0 47 911 66 
0 94 438 492 0 0 0 0 0 202 608 214 0 0 0 0 0 309 711 4 0 0 0 0 
0 50 308 628 38 0 0 0 0 94 301 358 271 0 0 0 1 260 372 382 9 0 0 0 
2 101 304 609 8 0 0 0 0 160 184 316 362 2 0 0 1 251 206 558 8 0 0 0 
13 429 398 138 41 4 1 0 1 436 228 229 104 25 1 0 22 507 283 144 55 13 0 0 
8 636 241 92 23 16 7 1 0 642 255 64 40 16 6 1 1 632 264 68 45 12 2 0 
13 688 145 58 16 24 36 44 2 649 184 60 27 25 32 45 7 574 258 63 30 25 33 34 
0 454 54 482 12 4 6 12 0 392 75 33 210 296 8 10 0 247 671 73 12 3 13 5 
1 386 108 300 38 43 40 108 0 247 204 27 76 284 49 137 2 321 358 121 45 33 38 106 
0 16 310 516 71 25 41 45 0 227 367 58 76 189 31 76 0 240 456 179 35 29 27 58 
0 1 37 450 338 67 46 85 0 1 245 376 36 183 81 102 0 14 554 198 77 66 67 48 
0 4 20 250 281 73 82 314 0 0 0 5 31 438 153 397 0 2 27 436 147 16 253 143 
0 0 0 79 378 215 51 301 0 0 0 0 0 397 266 361 0 0 14 415 197 44 130 224 
0 29 38 43 331 50 57 476 0 0 0 17 53 262 163 529 0 3 61 278 125 24 208 325 
0 16 24 41 436 40 187 280 0 0 2 12 51 173 359 427 0 4 45 181 301 30 274 189 
0 1 10 24 503 31 83 372 0 1 4 10 6 64 561 378 0 4 6 189 343 91 294 97 
0 4 351 667 2 0 0 0 0 17 754 253 0 0 0 0 0 314 710 0 0 0 0 0 
0 35 158 720 111 0 0 0 0 28 437 374 185 0 0 0 1 240 526 222 35 0 0 0 
3 154 90 684 93 0 0 0 0 147 257 187 433 0 0 0 1 368 149 464 42 0 0 0 
5 275 292 393 59 0 0 0 1 268 293 319 138 5 0 0 10 445 296 240 33 0 0 0 
2 449 217 286 56 14 0 0 1 433 233 150 161 38 8 0 6 564 169 195 71 19 0 0 
9 549 130 116 76 112 32 0 2 509 173 100 73 117 45 5 5 524 199 76 105 80 35 0 
30 469 72 165 96 147 35 10 5 459 92 157 91 159 50 11 21 466 133 129 74 149 52 0 
26 743 205 50 0 0 0 0 0 691 252 23 46 12 0 0 0 561 451 11 1 0 0 0 
3 246 456 319 0 0 0 0 0 485 338 15 90 96 0 0 0 558 386 77 3 0 0 0 
2 437 223 172 82 47 34 27 0 206 498 90 49 72 57 52 0 468 298 100 60 34 33 31 
1 108 110 119 120 97 255 214 0 21 85 124 42 182 120 450 0 111 105 176 72 66 167 327 
0 10 17 117 214 110 464 92 0 4 14 14 9 275 149 559 0 5 18 230 67 115 311 278 
0 4 7 167 197 134 446 69 0 0 0 3 13 243 250 515 0 0 11 206 62 192 397 156 
0 0 0 199 84 38 702 1 0 0 0 0 11 239 76 698 0 0 0 231 56 41 691 5 
0 0 0 258 35 76 619 36 0 0 0 0 11 264 62 687 0 0 1 265 41 66 651 0 
0 43 378 603 0 0 0 0 0 24 720 280 0 0 0 0 0 56 968 0 0 0 0 0 
0 3 127 780 103 11 0 0 0 0 212 611 201 0 0 0 0 71 726 189 38 0 0 0 
0 11 25 764 140 84 0 0 0 15 27 122 843 17 0 0 1 41 170 358 454 0 0 0 
1 108 20 608 203 84 0 0 0 114 23 158 708 21 0 0 1 190 119 582 132 0 0 0 
1 345 273 314 86 5 0 0 0 256 263 396 109 0 0 0 1 413 340 262 8 0 0 0 
3 544 98 191 158 28 2 0 0 513 166 161 81 92 11 0 3 557 249 76 89 46 4 0 
4 544 102 62 91 129 83 9 0 532 93 80 56 111 130 22 2 546 116 60 65 119 100 16 
14 261 144 64 335 135 71 0 2 270 158 94 322 41 136 1 2 276 155 93 324 92 82 0 
4 611 186 73 99 40 11 0 1 709 116 43 97 28 29 1 12 731 113 35 82 33 18 0 
18 375 623 8 0 0 0 0 0 283 697 44 0 0 0 0 1 405 613 5 0 0 0 0 
2 406 229 384 3 0 0 0 0 227 279 121 21 376 0 0 0 457 183 380 4 0 0 0 
0 0 0 1024 0 0 0 0 0 0 0 0 0 1024 0 0 0 0 0 1024 0 0 0 0 
0 0 0 1024 0 0 0 0 0 0 0 0 0 1024 0 0 0 0 0 1024 0 0 0 0 
0 0 0 1024 0 0 0 0 0 0 0 0 0 1024 0 0 0 0 0 1024 0 0 0 0 
0 0 79 945 0 0 0 0 0 0 0 0 27 997 0 0 0 0 33 991 0 0 0 0 
0 7 520 434 63 0 0 0 0 6 661 357 0 0 0 0 0 167 688 169 0 0 0 0 
0 49 181 700 93 1 0 0 0 44 190 744 46 0 0 0 0 132 528 337 27 0 0 0 
1 357 36 613 17 0 0 0 0 370 25 25 597 7 0 0 5 370 27 169 453 0 0 0 
0 251 17 689 67 0 0 0 0 249 18 13 691 53 0 0 2 260 13 24 723 2 0 0 
0 117 19 790 98 0 0 0 0 115 19 32 785 73 0 0 3 124 16 175 704 2 0 0 
0 84 478 386 74 2 0 0 0 2 218 418 308 78 0 0 0 11 282 512 213 6 0 0 
8 648 216 81 67 1 3 0 0 395 334 128 101 62 4 0 0 483 287 109 93 50 2 0 
15 465 276 147 88 24 9 0 2 410 280 136 110 66 18 2 3 414 297 111 121 55 22 1 
18 619 119 83 75 93 17 0 1 611 109 100 61 65 73 4 7 619 127 67 62 61 71 10 
14 679 323 5 1 0 2 0 2 563 408 48 1 0 2 0 4 503 493 20 2 0 2 0 
4 794 114 67 22 12 11 0 0 748 112 55 25 73 11 0 0 288 596 86 30 13 11 0 
3 580 45 372 24 0 0 0 0 524 63 21 49 367 0 0 0 318 290 370 45 1 0 0 
0 13 80 931 0 0 0 0 0 0 0 1 69 954 0 0 0 0 71 926 25 2 0 0 
0 8 188 828 0 0 0 0 0 0 0 0 75 947 2 0 0 0 105 893 21 5 0 0 
0 34 428 293 42 44 98 85 0 0 6 334 85 357 64 178 0 29 379 346 35 29 100 106 
0 0 718 306 0 0 0 0 0 0 950 74 0 0 0 0 0 20 1004 0 0 0 0 0 
0 0 28 918 78 0 0 0 0 0 223 798 3 0 0 0 0 81 931 12 0 0 0 0 
0 0 12 826 169 17 0 0 0 0 7 235 697 85 0 0 0 86 140 116 600 82 0 0 
0 70 18 653 209 74 0 0 0 69 29 241 458 227 0 0 4 149 198 32 523 118 0 0 
0 235 17 471 286 15 0 0 0 216 49 228 379 152 0 0 4 385 117 57 416 45 0 0 
0 337 105 416 166 0 0 0 0 243 303 130 338 10 0 0 5 428 221 176 194 0 0 0 
2 282 249 454 37 0 0 0 0 247 377 91 301 8 0 0 1 321 316 159 220 7 0 0 
2 174 233 498 87 30 0 0 0 146 271 178 346 67 16 0 0 133 268 224 330 53 16 0 
9 628 72 213 69 19 12 2 3 623 64 109 135 70 12 8 6 625 106 73 159 35 13 7 
45 610 100 73 68 80 48 0 1 500 237 85 131 22 44 4 0 575 196 34 130 46 42 1 
0 0 0 0 66 650 304 4 0 0 0 47 623 66 277 11 0 0 0 0 668 76 280 0 
1 143 93 325 32 133 125 172 0 72 84 57 337 176 106 192 0 126 156 287 138 20 155 142 
0 47 421 522 29 5 0 0 0 0 0 17 571 414 21 1 0 5 447 492 55 22 3 0 
0 20 409 584 8 3 0 0 0 0 0 22 476 518 8 0 0 21 274 672 49 8 0 0 
0 672 347 5 0 0 0 0 0 57 625 331 10 1 0 0 0 264 749 6 4 1 0 0 
0 0 365 567 92 0 0 0 0 0 421 598 5 0 0 0 0 292 287 344 101 0 0 0 
0 0 9 800 180 35 0 0 0 0 49 647 328 0 0 0 0 77 441 131 375 0 0 0 
1 292 69 539 121 2 0 0 0 282 136 133 297 176 0 0 0 211 299 57 329 128 0 0 
2 312 23 391 294 2 0 0 0 304 37 18 94 568 3 0 0 142 213 33 270 365 1 0 
1 136 24 469 387 7 0 0 0 146 21 19 57 780 1 0 0 138 54 23 381 427 1 0 
0 7 7 700 309 1 0 0 0 5 13 9 203 793 1 0 0 8 18 24 781 193 0 0 
0 0 156 842 26 0 0 0 0 0 0 97 756 171 0 0 0 0 0 303 690 31 0 0 
0 155 788 81 0 0 0 0 0 0 178 688 158 0 0 0 0 0 492 472 60 0 0 0 
0 715 283 26 0 0 0 0 0 13 924 86 1 0 0 0 0 26 985 12 1 0 0 0 
20 654 129 205 6 10 0 0 4 477 285 234 10 5 9 0 8 510 386 95 11 5 9 0 
7 268 67 503 38 119 21 1 0 231 381 230 31 49 101 1 2 215 144 478 33 53 98 1 
0 10 147 313 217 151 99 87 0 4 94 80 230 315 154 147 0 7 145 271 78 222 200 101 
27 218 209 193 164 111 58 44 0 225 13 43 212 312 138 81 0 218 145 208 59 179 147 68 
59 747 30 58 76 41 13 0 1 765 37 20 32 111 47 11 5 772 34 44 35 68 60 6 
0 923 101 0 0 0 0 0 0 283 590 151 0 0 0 0 0 699 325 0 0 0 0 0 
