65 959 0 0 0 0 0 0 970 54 0 0 0 0 0 0 1024 0 0 0 0 0 0 0 
33 991 0 0 0 0 0 0 823 201 0 0 0 0 0 0 1022 2 0 0 0 0 0 0 
5 1019 0 0 0 0 0 0 551 473 0 0 0 0 0 0 1023 1 0 0 0 0 0 0 
0 1023 1 0 0 0 0 0 383 641 0 0 0 0 0 0 1017 7 0 0 0 0 0 0 
1 1007 16 0 0 0 0 0 427 597 0 0 0 0 0 0 992 32 0 0 0 0 0 0 
4 972 48 0 0 0 0 0 377 646 1 0 0 0 0 0 970 54 0 0 0 0 0 0 
4 867 153 0 0 0 0 0 298 726 0 0 0 0 0 0 898 126 0 0 0 0 0 0 
108 881 35 0 0 0 0 0 439 584 1 0 0 0 0 0 993 30 1 0 0 0 0 0 
413 577 13 13 8 0 0 0 675 316 13 15 5 0 0 0 960 36 11 14 3 0 0 0 
676 341 7 0 0 0 0 0 881 138 5 0 0 0 0 0 997 23 4 0 0 0 0 0 
677 347 0 0 0 0 0 0 1015 9 0 0 0 0 0 0 1024 0 0 0 0 0 0 0 
351 673 0 0 0 0 0 0 935 89 0 0 0 0 0 0 1011 13 0 0 0 0 0 0 
371 653 0 0 0 0 0 0 1020 4 0 0 0 0 0 0 1024 0 0 0 0 0 0 0 
767 257 0 0 0 0 0 0 942 82 0 0 0 0 0 0 1016 8 0 0 0 0 0 0 
425 598 1 0 0 0 0 0 757 267 0 0 0 0 0 0 954 70 0 0 0 0 0 0 
1 1023 0 0 0 0 0 0 92 932 0 0 0 0 0 0 679 345 0 0 0 0 0 0 
179 785 26 19 12 3 0 0 510 455 26 19 11 3 0 0 899 68 23 22 9 3 0 0 
425 599 0 0 0 0 0 0 1023 1 0 0 0 0 0 0 1024 0 0 0 0 0 0 0 
62 962 0 0 0 0 0 0 610 414 0 0 0 0 0 0 1024 0 0 0 0 0 0 0 
93 931 0 0 0 0 0 0 812 212 0 0 0 0 0 0 1019 5 0 0 0 0 0 0 
49 975 0 0 0 0 0 0 890 134 0 0 0 0 0 0 1013 11 0 0 0 0 0 0 
48 976 0 0 0 0 0 0 835 189 0 0 0 0 0 0 1005 19 0 0 0 0 0 0 
86 937 1 0 0 0 0 0 885 139 0 0 0 0 0 0 1011 13 0 0 0 0 0 0 
286 738 0 0 0 0 0 0 894 130 0 0 0 0 0 0 1024 0 0 0 0 0 0 0 
396 613 15 0 0 0 0 0 935 87 2 0 0 0 0 0 983 40 1 0 0 0 0 0 
695 329 0 0 0 0 0 0 999 25 0 0 0 0 0 0 1018 6 0 0 0 0 0 0 
847 177 0 0 0 0 0 0 996 28 0 0 0 0 0 0 1021 3 0 0 0 0 0 0 
780 207 30 7 0 0 0 0 964 31 23 6 0 0 0 0 967 32 23 2 0 0 0 0 
448 570 6 0 0 0 0 0 991 31 2 0 0 0 0 0 1009 14 1 0 0 0 0 0 
72 952 0 0 0 0 0 0 978 46 0 0 0 0 0 0 1016 8 0 0 0 0 0 0 
14 963 47 0 0 0 0 0 377 646 1 0 0 0 0 0 916 108 0 0 0 0 0 0 
59 900 65 0 0 0 0 0 903 121 0 0 0 0 0 0 987 37 0 0 0 0 0 0 
181 783 49 11 0 0 0 0 669 298 57 0 0 0 0 0 919 54 51 0 0 0 0 0 
108 875 33 8 0 0 0 0 409 580 32 3 0 0 0 0 859 135 29 1 0 0 0 0 
2 831 181 10 0 0 0 0 148 833 43 0 0 0 0 0 711 312 1 0 0 0 0 0 
154 774 68 18 10 0 0 0 669 292 39 15 9 0 0 0 847 118 35 15 9 0 0 0 
130 894 0 0 0 0 0 0 869 155 0 0 0 0 0 0 1023 1 0 0 0 0 0 0 
87 937 0 0 0 0 0 0 588 436 0 0 0 0 0 0 1004 20 0 0 0 0 0 0 
207 740 77 0 0 0 0 0 345 679 0 0 0 0 0 0 894 130 0 0 0 0 0 0 
183 781 60 0 0 0 0 0 491 533 0 0 0 0 0 0 953 71 0 0 0 0 0 0 
176 841 7 0 0 0 0 0 538 486 0 0 0 0 0 0 965 59 0 0 0 0 0 0 
247 772 5 0 0 0 0 0 633 391 0 0 0 0 0 0 924 100 0 0 0 0 0 0 
857 167 0 0 0 0 0 0 992 32 0 0 0 0 0 0 1024 0 0 0 0 0 0 0 
758 242 23 1 0 0 0 0 967 38 19 0 0 0 0 0 982 26 16 0 0 0 0 0 
878 146 0 0 0 0 0 0 1024 0 0 0 0 0 0 0 1024 0 0 0 0 0 0 0 
501 523 0 0 0 0 0 0 790 234 0 0 0 0 0 0 1024 0 0 0 0 0 0 0 
147 750 119 8 0 0 0 0 759 238 25 2 0 0 0 0 970 37 16 1 0 0 0 0 
50 922 52 0 0 0 0 0 721 303 0 0 0 0 0 0 1014 10 0 0 0 0 0 0 
35 962 27 0 0 0 0 0 965 59 0 0 0 0 0 0 992 32 0 0 0 0 0 0 
10 965 49 0 0 0 0 0 616 403 5 0 0 0 0 0 955 68 1 0 0 0 0 0 
5 974 40 4 0 1 0 0 882 133 8 0 1 0 0 0 997 25 1 1 0 0 0 0 
59 704 145 61 31 22 2 0 621 205 132 40 24 2 0 0 728 130 128 31 7 0 0 0 
50 635 106 58 68 61 11 35 408 321 101 59 81 15 16 23 599 157 109 83 29 9 16 22 
6 708 11 31 104 125 35 4 344 378 11 74 132 68 16 1 668 58 75 134 70 18 1 0 
17 598 9 18 33 72 89 188 296 325 5 25 45 89 77 162 527 93 22 26 69 78 92 117 
1 486 38 8 44 83 99 265 84 437 6 18 69 83 135 192 379 138 9 38 90 90 160 120 
6 407 177 81 57 87 91 118 63 424 144 52 74 87 87 93 298 233 99 75 86 87 68 78 
163 480 366 15 0 0 0 0 266 735 21 2 0 0 0 0 774 232 17 1 0 0 0 0 
134 529 300 61 0 0 0 0 239 676 109 0 0 0 0 0 806 218 0 0 0 0 0 0 
149 726 149 0 0 0 0 0 404 619 1 0 0 0 0 0 820 204 0 0 0 0 0 0 
258 687 79 0 0 0 0 0 569 454 1 0 0 0 0 0 824 200 0 0 0 0 0 0 
512 494 16 2 0 0 0 0 963 59 1 1 0 0 0 0 998 24 2 0 0 0 0 0 
622 301 97 3 1 0 0 0 811 199 12 2 0 0 0 0 902 115 6 1 0 0 0 0 
406 425 188 3 2 0 0 0 763 235 22 4 0 0 0 0 888 130 4 2 0 0 0 0 
339 362 234 84 4 1 0 0 666 269 81 6 2 0 0 0 801 213 7 3 0 0 0 0 
94 402 225 273 27 2 1 0 494 300 215 13 1 1 0 0 730 274 16 3 1 0 0 0 
61 365 262 260 76 0 0 0 439 308 244 33 0 0 0 0 636 334 53 1 0 0 0 0 
50 351 558 62 1 2 0 0 252 572 194 4 1 1 0 0 382 598 40 2 1 1 0 0 
11 231 703 76 3 0 0 0 134 728 158 3 1 0 0 0 284 714 23 3 0 0 0 0 
1 30 287 175 339 192 0 0 54 355 244 359 12 0 0 0 281 441 287 14 1 0 0 0 
1 23 167 315 251 237 30 0 56 270 313 279 104 2 0 0 282 362 253 117 10 0 0 0 
0 33 339 355 149 75 30 43 91 457 171 109 134 13 13 36 358 345 63 169 35 16 12 26 
0 20 315 403 112 150 23 1 84 447 200 62 161 65 5 0 324 399 60 152 84 5 0 0 
2 25 307 456 67 79 39 49 80 368 348 28 72 67 27 34 331 456 36 68 64 26 23 20 
0 24 276 495 63 31 37 98 64 341 415 38 18 27 41 80 282 515 57 11 21 37 52 49 
9 233 329 345 48 14 19 27 89 428 312 99 44 16 14 22 287 408 162 55 69 19 9 15 
76 229 488 231 0 0 0 0 112 353 441 118 0 0 0 0 243 275 490 16 0 0 0 0 
31 141 562 286 3 1 0 0 86 313 479 142 3 1 0 0 376 200 409 35 4 0 0 0 
128 327 538 31 0 0 0 0 232 716 66 10 0 0 0 0 519 468 37 0 0 0 0 0 
88 217 572 143 4 0 0 0 186 528 257 52 1 0 0 0 402 433 184 5 0 0 0 0 
93 281 636 13 1 0 0 0 219 753 51 1 0 0 0 0 534 487 3 0 0 0 0 0 
30 260 625 109 0 0 0 0 232 525 264 3 0 0 0 0 421 566 37 0 0 0 0 0 
64 199 416 344 1 0 0 0 218 473 332 1 0 0 0 0 414 594 16 0 0 0 0 0 
19 231 222 458 94 0 0 0 215 319 470 20 0 0 0 0 478 508 38 0 0 0 0 0 
6 106 229 255 417 11 0 0 191 203 502 128 0 0 0 0 413 511 100 0 0 0 0 0 
16 145 155 290 403 15 0 0 184 203 561 76 0 0 0 0 364 598 62 0 0 0 0 0 
0 33 990 1 0 0 0 0 1 827 196 0 0 0 0 0 92 932 0 0 0 0 0 0 
0 102 893 29 0 0 0 0 40 825 159 0 0 0 0 0 192 826 6 0 0 0 0 0 
0 0 247 177 225 349 26 0 44 293 239 396 52 0 0 0 296 349 357 22 0 0 0 0 
0 2 115 269 252 278 108 0 42 259 237 298 186 2 0 0 312 253 327 129 3 0 0 0 
0 13 178 281 102 55 119 276 35 261 210 72 53 28 127 238 174 317 71 51 31 25 94 261 
4 9 150 220 114 175 133 219 10 216 152 67 105 133 133 208 116 241 73 42 90 102 145 215 
0 0 91 299 122 168 86 258 0 152 202 57 116 161 97 239 69 230 47 57 119 139 121 242 
0 7 62 289 139 166 82 279 3 69 236 121 103 137 92 263 31 193 104 95 93 143 102 263 
9 48 207 350 53 44 32 281 22 154 312 140 41 39 41 275 36 177 243 116 81 46 50 275 
64 145 507 308 0 0 0 0 77 381 394 172 0 0 0 0 306 244 466 8 0 0 0 0 
31 109 577 304 3 0 0 0 52 210 591 168 3 0 0 0 92 247 615 68 2 0 0 0 
157 302 547 18 0 0 0 0 238 717 66 3 0 0 0 0 489 508 27 0 0 0 0 0 
106 238 528 146 6 0 0 0 205 537 230 50 2 0 0 0 406 451 158 9 0 0 0 0 
169 139 656 60 0 0 0 0 238 644 142 0 0 0 0 0 526 472 26 0 0 0 0 0 
81 239 609 95 0 0 0 0 245 550 229 0 0 0 0 0 456 550 18 0 0 0 0 0 
69 178 361 416 0 0 0 0 228 423 373 0 0 0 0 0 416 597 11 0 0 0 0 0 
23 206 112 534 149 0 0 0 216 195 596 17 0 0 0 0 368 607 49 0 0 0 0 0 
0 145 149 350 370 10 0 0 176 179 584 85 0 0 0 0 332 595 97 0 0 0 0 0 
10 152 199 302 361 0 0 0 180 246 468 130 0 0 0 0 341 546 137 0 0 0 0 0 
0 21 941 62 0 0 0 0 7 659 358 0 0 0 0 0 69 942 13 0 0 0 0 0 
0 24 971 29 0 0 0 0 7 787 230 0 0 0 0 0 64 960 0 0 0 0 0 0 
0 6 219 166 133 356 138 6 62 273 156 296 225 11 1 0 268 248 323 175 9 1 0 0 
0 0 85 186 149 161 287 156 38 160 166 148 274 222 16 0 160 207 146 270 182 59 0 0 
0 9 20 50 98 155 242 450 14 27 67 52 115 187 197 365 34 53 51 54 118 174 151 389 
0 0 0 73 283 301 294 73 0 0 1 120 299 315 231 58 0 0 1 95 295 301 263 69 
0 0 13 161 264 374 190 22 0 0 29 175 263 382 162 13 0 0 33 161 276 348 191 15 
0 2 69 219 235 328 108 63 0 2 95 208 249 329 88 53 0 2 112 210 273 286 93 48 
0 5 753 108 44 46 22 46 0 62 773 37 44 44 25 39 0 680 129 43 56 41 19 56 
116 226 562 120 0 0 0 0 165 697 121 41 0 0 0 0 510 377 132 5 0 0 0 0 
123 382 456 63 0 0 0 0 250 645 90 39 0 0 0 0 552 367 91 14 0 0 0 0 
145 409 469 1 0 0 0 0 238 745 41 0 0 0 0 0 535 489 0 0 0 0 0 0 
108 585 289 42 0 0 0 0 319 620 83 2 0 0 0 0 541 425 57 1 0 0 0 0 
97 248 572 98 7 2 0 0 214 617 177 13 3 0 0 0 423 557 39 5 0 0 0 0 
171 279 521 51 2 0 0 0 347 507 165 5 0 0 0 0 594 410 18 2 0 0 0 0 
255 299 332 135 3 0 0 0 410 445 166 3 0 0 0 0 582 411 31 0 0 0 0 0 
20 269 347 302 86 0 0 0 162 442 390 30 0 0 0 0 351 585 88 0 0 0 0 0 
15 185 253 288 281 2 0 0 220 237 451 116 0 0 0 0 386 454 182 1 1 0 0 0 
34 160 238 312 272 8 0 0 194 256 465 103 6 0 0 0 379 488 145 12 0 0 0 0 
20 15 929 60 0 0 0 0 28 563 433 0 0 0 0 0 60 953 11 0 0 0 0 0 
8 173 826 17 0 0 0 0 37 826 159 2 0 0 0 0 123 885 16 0 0 0 0 0 
0 56 160 136 110 143 294 125 84 224 114 105 281 186 29 1 254 169 133 300 139 28 1 0 
0 3 67 132 142 133 215 332 47 122 126 138 200 249 142 0 138 132 152 194 275 126 7 0 
0 0 0 15 226 276 248 259 0 4 22 106 290 322 93 187 5 14 22 234 271 261 36 181 
0 0 1 108 247 325 259 84 0 0 20 187 266 333 187 31 0 1 67 216 317 317 100 6 
0 0 7 123 212 270 240 172 0 0 26 170 234 305 170 119 0 3 91 176 277 265 136 76 
0 0 2 22 53 117 225 605 0 0 6 31 57 141 230 559 0 2 14 37 55 116 189 611 
0 1 43 634 292 10 29 15 0 12 58 895 7 14 26 12 0 35 508 398 26 7 16 34 
236 490 298 0 0 0 0 0 542 481 1 0 0 0 0 0 846 178 0 0 0 0 0 0 
222 599 200 3 0 0 0 0 511 506 7 0 0 0 0 0 855 169 0 0 0 0 0 0 
244 682 93 5 0 0 0 0 543 472 9 0 0 0 0 0 869 155 0 0 0 0 0 0 
286 531 203 4 0 0 0 0 508 452 64 0 0 0 0 0 677 320 27 0 0 0 0 0 
300 494 225 5 0 0 0 0 584 428 12 0 0 0 0 0 880 138 6 0 0 0 0 0 
308 567 145 4 0 0 0 0 553 449 22 0 0 0 0 0 850 172 2 0 0 0 0 0 
508 507 8 1 0 0 0 0 379 642 3 0 0 0 0 0 327 695 2 0 0 0 0 0 
169 661 170 17 7 0 0 0 476 518 25 5 0 0 0 0 594 410 20 0 0 0 0 0 
100 616 234 52 19 2 1 0 436 480 68 35 3 2 0 0 651 303 52 13 3 2 0 0 
180 310 278 131 117 8 0 0 379 326 237 74 8 0 0 0 505 368 135 13 3 0 0 0 
598 225 175 26 0 0 0 0 755 200 53 16 0 0 0 0 786 194 30 14 0 0 0 0 
526 395 80 15 8 0 0 0 657 304 49 8 6 0 0 0 728 247 37 8 4 0 0 0 
251 308 160 83 38 37 62 85 481 238 99 37 46 84 35 4 573 212 70 45 86 28 9 1 
55 143 76 120 95 82 119 334 153 181 113 101 112 182 140 42 272 151 115 128 191 117 30 20 
0 0 0 3 121 306 269 325 0 0 0 80 246 309 129 260 0 2 47 205 278 163 59 270 
0 0 0 30 190 184 321 299 0 0 8 128 183 278 233 194 0 7 107 166 256 247 116 125 
0 0 0 2 17 67 291 647 0 0 0 4 33 98 289 600 0 0 2 20 36 84 253 629 
0 0 0 0 6 48 259 711 0 0 0 0 11 59 281 673 0 0 0 0 4 40 256 724 
0 0 1 756 267 0 0 0 0 0 11 1003 10 0 0 0 0 1 678 276 53 15 1 0 
608 136 254 25 1 0 0 0 671 311 39 3 0 0 0 0 839 159 26 0 0 0 0 0 
394 69 418 143 0 0 0 0 444 378 201 1 0 0 0 0 671 298 55 0 0 0 0 0 
405 174 331 114 0 0 0 0 444 353 225 2 0 0 0 0 622 319 83 0 0 0 0 0 
433 204 305 82 0 0 0 0 467 362 195 0 0 0 0 0 576 391 57 0 0 0 0 0 
404 247 303 70 0 0 0 0 463 433 128 0 0 0 0 0 571 431 22 0 0 0 0 0 
162 358 452 52 0 0 0 0 270 696 58 0 0 0 0 0 580 441 3 0 0 0 0 0 
300 272 445 7 0 0 0 0 382 627 15 0 0 0 0 0 647 377 0 0 0 0 0 0 
265 493 254 9 2 1 0 0 496 495 27 5 1 0 0 0 755 252 13 3 1 0 0 0 
69 554 387 11 3 0 0 0 238 719 62 5 0 0 0 0 553 446 22 3 0 0 0 0 
472 159 222 119 32 17 2 1 536 274 158 41 14 1 0 0 657 323 35 9 0 0 0 0 
626 260 59 54 19 6 0 0 848 50 67 51 8 0 0 0 856 52 73 34 9 0 0 0 
522 259 45 162 30 6 0 0 708 98 162 50 6 0 0 0 756 217 42 6 3 0 0 0 
195 223 196 221 134 27 15 13 307 267 299 102 19 14 9 7 454 419 86 29 11 17 6 2 
2 77 395 215 48 48 38 201 47 412 246 55 42 51 80 91 173 506 84 40 57 69 42 53 
5 60 193 240 43 101 152 230 24 194 265 40 79 149 109 164 68 353 88 65 126 114 61 149 
7 12 81 149 19 28 57 671 10 41 189 20 19 51 50 644 15 181 49 23 44 43 51 618 
0 8 46 83 7 12 40 828 1 17 91 30 7 14 43 821 2 33 85 18 13 12 40 821 
6 27 90 154 24 11 43 669 21 107 134 29 13 13 55 652 30 128 73 30 28 25 47 663 
0 7 62 716 235 4 0 0 11 105 93 803 12 0 0 0 50 131 538 295 10 0 0 0 
577 373 49 25 0 0 0 0 672 140 212 0 0 0 0 0 712 135 163 14 0 0 0 0 
692 230 70 32 0 0 0 0 762 99 163 0 0 0 0 0 785 127 112 0 0 0 0 0 
201 109 232 480 2 0 0 0 239 417 361 7 0 0 0 0 363 553 108 0 0 0 0 0 
0 5 158 861 0 0 0 0 6 713 305 0 0 0 0 0 122 902 0 0 0 0 0 0 
0 4 437 576 7 0 0 0 2 757 257 8 0 0 0 0 89 920 15 0 0 0 0 0 
10 14 554 446 0 0 0 0 23 738 263 0 0 0 0 0 121 896 7 0 0 0 0 0 
94 39 520 370 1 0 0 0 120 756 143 5 0 0 0 0 199 814 11 0 0 0 0 0 
131 80 615 198 0 0 0 0 163 699 152 10 0 0 0 0 263 719 41 1 0 0 0 0 
148 219 574 83 0 0 0 0 186 662 167 9 0 0 0 0 332 636 56 0 0 0 0 0 
62 366 359 214 23 0 0 0 86 637 281 20 0 0 0 0 434 542 48 0 0 0 0 0 
395 353 139 126 11 0 0 0 716 165 125 18 0 0 0 0 799 201 24 0 0 0 0 0 
127 337 199 318 43 0 0 0 280 354 309 81 0 0 0 0 416 565 43 0 0 0 0 0 
0 265 735 24 0 0 0 0 20 929 75 0 0 0 0 0 216 802 6 0 0 0 0 0 
19 229 564 212 0 0 0 0 65 602 357 0 0 0 0 0 208 730 86 0 0 0 0 0 
1 63 766 192 2 0 0 0 24 605 391 4 0 0 0 0 133 827 64 0 0 0 0 0 
6 70 293 650 5 0 0 0 49 224 725 26 0 0 0 0 132 504 385 3 0 0 0 0 
0 46 239 735 4 0 0 0 10 159 837 18 0 0 0 0 55 745 219 5 0 0 0 0 
1 15 467 460 51 6 2 22 6 316 646 22 8 3 4 19 56 702 224 12 6 2 5 17 
11 85 485 234 66 11 11 121 38 417 258 152 21 10 8 120 120 506 158 98 10 10 32 90 
761 263 0 0 0 0 0 0 764 147 113 0 0 0 0 0 794 107 123 0 0 0 0 0 
1020 4 0 0 0 0 0 0 1024 0 0 0 0 0 0 0 1024 0 0 0 0 0 0 0 
616 313 31 47 17 0 0 0 845 64 76 38 1 0 0 0 863 59 73 28 1 0 0 0 
146 293 255 283 47 0 0 0 202 234 478 107 3 0 0 0 284 316 394 28 2 0 0 0 
208 301 171 298 46 0 0 0 298 188 439 99 0 0 0 0 366 283 362 13 0 0 0 0 
92 117 154 558 101 2 0 0 118 178 594 127 6 1 0 0 155 599 217 48 4 1 0 0 
24 117 101 771 11 0 0 0 19 177 824 4 0 0 0 0 24 839 161 0 0 0 0 0 
21 124 55 821 3 0 0 0 3 189 832 0 0 0 0 0 18 915 91 0 0 0 0 0 
20 29 33 941 1 0 0 0 27 73 924 0 0 0 0 0 33 855 136 0 0 0 0 0 
0 0 45 979 0 0 0 0 0 71 953 0 0 0 0 0 4 856 164 0 0 0 0 0 
0 0 43 973 8 0 0 0 0 43 973 8 0 0 0 0 3 876 145 0 0 0 0 0 
0 0 48 975 1 0 0 0 0 36 987 1 0 0 0 0 0 874 150 0 0 0 0 0 
0 23 201 800 0 0 0 0 0 173 851 0 0 0 0 0 70 807 147 0 0 0 0 0 
13 98 243 669 1 0 0 0 25 215 783 1 0 0 0 0 121 656 247 0 0 0 0 0 
0 3 272 748 1 0 0 0 0 223 799 2 0 0 0 0 14 525 485 0 0 0 0 0 
0 18 66 899 41 0 0 0 13 41 742 228 0 0 0 0 27 311 680 6 0 0 0 0 
0 56 72 765 121 10 0 0 23 67 612 291 29 2 0 0 58 267 581 106 12 0 0 0 
0 15 92 434 382 99 2 0 2 35 315 359 270 42 1 0 16 117 316 384 166 25 0 0 
0 0 4 363 473 184 0 0 0 2 12 451 520 39 0 0 0 2 98 449 474 1 0 0 
945 77 2 0 0 0 0 0 951 39 34 0 0 0 0 0 958 35 31 0 0 0 0 0 
1024 0 0 0 0 0 0 0 1024 0 0 0 0 0 0 0 1024 0 0 0 0 0 0 0 
739 233 49 3 0 0 0 0 824 132 63 5 0 0 0 0 837 121 49 17 0 0 0 0 
232 787 5 0 0 0 0 0 824 161 38 1 0 0 0 0 920 69 35 0 0 0 0 0 
6 1018 0 0 0 0 0 0 898 126 0 0 0 0 0 0 1023 1 0 0 0 0 0 0 
78 787 11 72 75 1 0 0 535 339 37 99 14 0 0 0 821 69 59 69 6 0 0 0 
117 229 16 389 269 4 0 0 223 135 392 230 44 0 0 0 295 232 325 158 14 0 0 0 
4 1 2 665 343 9 0 0 5 2 714 274 29 0 0 0 5 99 842 72 6 0 0 0 
0 0 0 800 224 0 0 0 0 0 881 143 0 0 0 0 0 106 917 1 0 0 0 0 
0 0 14 816 194 0 0 0 0 2 889 133 0 0 0 0 0 169 852 3 0 0 0 0 
17 34 33 855 85 0 0 0 30 35 856 102 1 0 0 0 40 234 739 11 0 0 0 0 
30 51 14 805 124 0 0 0 54 31 776 156 7 0 0 0 74 167 763 20 0 0 0 0 
12 16 4 527 53 263 147 2 12 18 523 45 100 292 34 0 10 123 452 37 172 220 10 0 
0 0 0 243 119 528 134 0 0 0 239 48 279 449 9 0 0 54 203 93 305 368 1 0 
0 21 28 181 291 489 13 1 0 34 182 62 483 257 6 0 0 97 132 144 524 121 6 0 
12 88 35 148 250 468 23 0 21 87 123 107 368 310 8 0 22 118 138 114 424 199 9 0 
7 8 5 18 433 548 5 0 8 7 11 61 570 367 0 0 7 9 11 129 608 259 1 0 
0 0 3 59 384 563 15 0 0 0 7 112 582 320 3 0 0 0 11 148 678 184 3 0 
0 0 0 69 684 270 1 0 0 0 1 248 615 160 0 0 0 0 6 389 594 35 0 0 
905 119 0 0 0 0 0 0 998 26 0 0 0 0 0 0 1001 23 0 0 0 0 0 0 
1024 0 0 0 0 0 0 0 1024 0 0 0 0 0 0 0 1024 0 0 0 0 0 0 0 
501 514 9 0 0 0 0 0 514 459 51 0 0 0 0 0 602 368 54 0 0 0 0 0 
334 671 19 0 0 0 0 0 502 443 79 0 0 0 0 0 623 335 66 0 0 0 0 0 
159 865 0 0 0 0 0 0 644 380 0 0 0 0 0 0 963 61 0 0 0 0 0 0 
0 1024 0 0 0 0 0 0 491 533 0 0 0 0 0 0 890 134 0 0 0 0 0 0 
49 975 0 0 0 0 0 0 412 612 0 0 0 0 0 0 958 66 0 0 0 0 0 0 
172 668 9 54 102 19 0 0 287 556 32 101 48 0 0 0 709 145 40 104 26 0 0 0 
172 288 18 136 335 75 0 0 201 273 171 295 83 1 0 0 349 183 322 146 23 1 0 0 
97 211 147 262 261 45 1 0 166 189 296 322 49 2 0 0 236 192 387 197 12 0 0 0 
429 483 73 30 8 1 0 0 533 405 61 17 8 0 0 0 591 377 33 16 7 0 0 0 
575 401 32 8 5 3 0 0 649 336 25 6 5 3 0 0 751 240 19 6 5 3 0 0 
164 321 45 18 44 297 130 5 207 299 28 19 80 361 29 1 312 200 21 24 103 331 27 6 
24 35 113 71 49 560 172 0 29 43 161 17 87 662 25 0 21 47 155 17 139 614 31 0 
74 257 159 66 86 335 46 1 124 249 156 39 114 326 16 0 162 203 159 46 130 299 24 1 
132 830 55 6 1 0 0 0 326 652 40 6 0 0 0 0 541 450 28 5 0 0 0 0 
134 668 148 35 24 12 3 0 224 576 145 38 25 14 1 1 321 494 130 35 29 14 0 1 
70 413 105 34 79 312 11 0 116 362 109 36 114 281 6 0 163 322 102 43 194 199 1 0 
0 0 1 18 82 909 14 0 0 0 2 35 122 861 4 0 0 0 3 46 156 818 1 0 
648 361 15 0 0 0 0 0 829 195 0 0 0 0 0 0 947 77 0 0 0 0 0 0 
1024 0 0 0 0 0 0 0 1024 0 0 0 0 0 0 0 1024 0 0 0 0 0 0 0 
691 327 6 0 0 0 0 0 767 239 18 0 0 0 0 0 852 144 28 0 0 0 0 0 
131 729 77 87 0 0 0 0 136 533 330 25 0 0 0 0 259 459 301 5 0 0 0 0 
324 618 39 36 7 0 0 0 368 384 251 21 0 0 0 0 467 317 236 4 0 0 0 0 
154 869 1 0 0 0 0 0 348 671 5 0 0 0 0 0 623 400 1 0 0 0 0 0 
413 610 1 0 0 0 0 0 630 394 0 0 0 0 0 0 842 182 0 0 0 0 0 0 
218 476 78 51 150 50 1 0 277 313 142 223 66 3 0 0 375 237 184 204 23 1 0 0 
81 445 179 73 240 6 0 0 208 164 372 262 18 0 0 0 239 191 477 112 5 0 0 0 
100 495 234 106 87 2 0 0 127 469 292 121 15 0 0 0 155 491 303 74 1 0 0 0 
294 713 16 1 0 0 0 0 370 642 12 0 0 0 0 0 426 589 9 0 0 0 0 0 
97 902 15 10 0 0 0 0 177 825 14 8 0 0 0 0 368 638 12 6 0 0 0 0 
16 479 86 442 1 0 0 0 60 467 464 33 0 0 0 0 81 450 463 30 0 0 0 0 
6 25 398 594 1 0 0 0 10 26 976 12 0 0 0 0 13 23 976 12 0 0 0 0 
39 222 571 192 0 0 0 0 47 262 706 9 0 0 0 0 79 259 679 6 1 0 0 0 
54 389 566 11 1 1 1 1 109 393 513 5 1 1 1 1 189 355 472 4 1 1 1 1 
54 94 876 0 0 0 0 0 57 263 704 0 0 0 0 0 90 278 656 0 0 0 0 0 
45 68 765 19 68 59 0 0 46 269 567 14 63 65 0 0 63 315 505 20 91 30 0 0 
0 1 286 22 163 552 0 0 0 9 282 18 212 503 0 0 0 14 277 19 257 457 0 0 
