0 147 876 1 0 0 0 0 0 106 918 0 0 0 0 0 0 203 688 133 0 0 0 0 
0 13 579 311 121 0 0 0 0 196 603 225 0 0 0 0 401 387 206 30 0 0 0 0 
49 285 522 135 33 0 0 0 5 201 436 312 66 4 0 0 20 261 487 166 75 15 0 0 
43 143 385 408 35 10 0 0 25 107 188 638 40 26 0 0 6 114 269 571 29 30 5 0 
33 101 246 405 100 57 48 34 57 119 120 468 165 50 15 30 74 112 162 496 109 50 15 6 
34 46 157 111 281 206 171 18 56 76 142 65 221 269 178 17 81 84 81 339 194 73 150 22 
0 96 194 252 351 125 6 0 25 210 198 205 267 113 6 0 329 105 239 235 115 1 0 0 
0 9 268 397 214 66 36 34 0 26 205 312 324 77 46 34 0 27 182 562 116 50 43 44 
0 0 72 431 372 134 12 3 0 0 12 459 474 63 12 4 0 11 397 479 91 31 12 3 
0 56 958 10 0 0 0 0 0 53 959 12 0 0 0 0 0 54 816 154 0 0 0 0 
0 0 589 297 138 0 0 0 0 230 556 238 0 0 0 0 325 479 220 0 0 0 0 0 
0 0 31 276 378 63 274 2 0 0 30 98 771 125 0 0 0 0 31 59 566 368 0 0 
62 75 32 139 602 63 22 29 32 99 28 104 244 464 17 36 4 109 36 103 84 603 46 39 
0 5 46 82 106 156 122 507 15 67 98 139 297 224 93 91 96 265 161 80 87 145 108 82 
6 49 158 220 249 150 143 49 53 150 258 138 242 142 34 7 199 205 155 128 126 152 48 11 
3 81 235 299 296 70 33 7 28 196 276 129 261 78 22 34 326 167 191 119 78 88 20 35 
0 1 238 297 380 75 16 17 0 0 183 263 275 241 35 27 0 4 132 383 182 264 27 32 
0 0 87 333 497 54 43 10 0 0 45 318 327 260 41 33 0 9 259 172 195 300 30 59 
0 32 278 114 109 306 174 11 0 24 265 149 145 271 147 23 2 37 224 244 140 128 183 66 
0 0 380 461 161 14 2 6 0 125 651 221 12 9 4 2 218 551 217 25 7 1 5 0 
19 132 135 188 175 229 120 26 15 92 140 191 250 79 211 46 10 49 151 205 228 87 176 118 
25 174 109 66 156 210 173 111 10 150 104 103 163 85 280 129 1 93 146 108 121 131 171 253 
13 23 82 108 84 95 119 500 34 77 210 346 187 73 69 28 320 304 145 56 61 46 65 27 
29 29 41 181 76 154 321 193 65 102 560 158 85 45 5 4 536 221 126 43 71 23 0 4 
33 32 248 284 201 141 64 21 43 191 287 91 215 100 69 28 282 230 100 161 77 86 69 19 
0 9 139 75 107 409 241 44 0 30 133 100 107 341 265 48 0 32 75 157 153 309 235 63 
1 14 15 12 133 479 280 90 0 18 13 7 14 234 632 106 4 16 16 12 220 352 300 104 
2 274 295 65 119 217 48 4 0 95 440 83 149 186 66 5 6 84 116 141 402 118 55 102 
0 0 392 446 184 2 0 0 0 82 676 255 10 1 0 0 198 577 235 13 1 0 0 0 
17 303 210 236 96 84 31 47 191 264 237 131 73 68 18 42 225 292 230 94 73 53 20 37 
43 105 83 108 148 189 119 229 105 120 101 66 206 136 94 196 136 137 80 120 138 138 98 177 
197 265 54 109 91 87 95 126 217 263 86 173 127 84 58 16 389 221 126 74 67 76 53 18 
185 236 90 140 100 97 85 91 121 331 236 153 116 39 22 6 426 214 220 100 26 10 18 10 
0 62 176 263 168 206 85 64 12 169 271 69 222 123 81 77 180 257 61 182 67 95 78 104 
0 0 11 137 418 205 100 153 0 2 38 172 409 167 84 152 0 8 49 238 315 149 73 192 
0 11 67 63 105 67 105 606 0 9 74 69 108 87 59 618 1 8 67 67 112 90 51 628 
1 691 282 40 10 0 0 0 2 745 225 43 9 0 0 0 1 782 181 43 14 3 0 0 
0 1 509 364 148 2 0 0 0 174 605 239 6 0 0 0 280 565 159 11 9 0 0 0 
116 109 150 266 234 135 9 5 179 160 333 223 111 17 1 0 171 273 246 210 94 29 1 0 
131 209 225 202 67 54 93 43 151 337 233 72 65 47 61 58 159 377 180 86 60 51 22 89 
407 177 90 132 74 72 42 30 260 346 154 105 79 50 6 24 430 205 107 117 75 48 17 25 
403 308 69 70 38 38 19 79 150 631 44 34 30 37 18 80 554 235 37 33 29 34 21 81 
3 108 237 214 212 101 31 118 19 266 200 126 207 55 24 127 258 194 116 183 72 48 18 135 
0 5 79 331 216 237 126 30 1 39 185 253 134 161 195 56 1 69 186 233 55 73 155 252 
1 70 237 191 81 44 62 338 0 112 204 141 113 46 30 378 4 159 153 76 111 85 44 392 
0 134 502 71 213 64 37 3 0 49 587 72 212 59 40 5 0 0 49 507 344 51 43 30 
0 10 483 490 34 6 1 0 3 149 672 191 6 3 0 0 260 571 183 3 6 1 0 0 
236 212 139 142 184 94 11 6 327 213 148 136 160 32 8 0 320 223 149 169 121 35 5 2 
221 340 205 141 68 49 0 0 444 309 137 85 49 0 0 0 528 238 135 82 41 0 0 0 
93 166 236 402 85 29 13 0 169 220 420 138 60 8 8 1 188 267 342 129 67 22 9 0 
116 125 230 286 140 49 72 6 146 259 227 206 54 49 75 8 209 238 198 182 63 39 85 10 
42 70 73 254 481 65 22 17 75 44 136 369 327 38 17 18 80 71 332 377 104 25 16 19 
10 25 57 333 571 28 0 0 9 20 201 453 324 11 6 0 6 140 307 492 52 9 4 14 
0 40 106 452 420 6 0 0 8 50 345 442 165 9 5 0 46 310 314 281 50 10 7 6 
0 5 7 181 829 2 0 0 3 5 32 532 452 0 0 0 5 8 265 722 24 0 0 0 
0 85 648 259 21 11 0 0 17 399 522 60 23 3 0 0 482 401 111 15 15 0 0 0 
0 27 174 93 653 77 0 0 19 145 123 89 640 8 0 0 190 92 22 646 74 0 0 0 
32 23 207 237 506 19 0 0 41 119 307 145 412 0 0 0 260 200 103 458 3 0 0 0 
119 48 330 291 232 4 0 0 135 155 467 162 104 1 0 0 456 264 153 148 3 0 0 0 
222 151 443 187 21 0 0 0 278 337 323 80 6 0 0 0 702 205 95 22 0 0 0 0 
85 48 336 396 155 3 1 0 95 130 593 151 53 2 0 0 404 436 47 133 4 0 0 0 
0 17 319 606 56 3 16 7 8 65 763 127 35 4 19 3 267 570 47 105 12 5 16 2 
0 4 289 462 10 102 145 12 2 15 700 39 12 68 187 1 247 470 22 25 22 72 166 0 
0 32 713 262 15 2 0 0 25 170 807 9 13 0 0 0 736 263 8 16 1 0 0 0 
17 46 471 490 0 0 0 0 4 115 886 19 0 0 0 0 635 301 53 29 6 0 0 0 
96 42 390 496 0 0 0 0 48 89 878 9 0 0 0 0 452 445 112 15 0 0 0 0 
207 55 379 364 15 1 2 1 148 176 655 30 11 3 0 1 358 465 128 55 11 5 1 1 
21 60 159 330 63 84 121 186 18 71 439 48 56 82 117 193 162 305 67 46 61 74 118 191 
21 61 118 133 18 303 351 19 50 38 234 13 17 296 337 39 174 142 20 61 90 186 312 39 
34 17 19 28 30 557 332 7 39 16 33 13 34 563 317 9 50 28 16 86 116 448 276 4 
0 0 16 600 14 263 131 0 0 0 0 466 165 241 152 0 0 0 6 349 328 246 95 0 
0 0 29 79 24 773 119 0 0 0 8 92 27 771 125 1 0 0 26 81 68 794 55 0 
16 48 476 144 15 6 154 165 16 50 392 217 24 5 63 257 48 89 373 162 12 20 48 272 
41 240 544 154 18 6 10 11 15 50 233 515 172 16 5 18 0 14 49 172 480 269 21 19 
399 276 13 6 6 9 177 138 147 448 89 8 7 7 83 235 55 380 172 79 11 9 40 278 
613 336 12 7 2 5 27 22 174 717 69 7 1 7 11 38 12 722 184 47 3 7 4 45 
480 268 16 9 9 12 125 105 53 650 54 12 10 11 61 173 0 564 145 50 12 12 83 158 
0 0 0 0 0 0 901 123 0 0 0 0 0 0 825 199 0 0 0 5 63 42 732 182 
0 0 0 0 0 0 933 91 0 0 0 0 0 0 950 74 0 0 0 48 72 68 824 12 
0 0 13 628 43 11 324 5 0 0 2 396 286 8 316 16 0 0 3 318 388 49 263 3 
0 0 27 21 10 853 113 0 0 0 11 35 10 758 210 0 0 0 16 31 11 802 164 0 
