0 151 198 134 444 97 0 0 0 26 237 135 158 464 4 0 0 0 143 190 133 408 150 0 
0 0 73 430 104 417 0 0 0 0 61 256 192 259 256 0 0 0 34 163 203 133 443 48 
0 0 80 473 84 378 9 0 0 0 63 118 400 142 301 0 0 0 52 86 287 265 178 156 
0 0 59 273 32 618 42 0 0 0 35 112 208 39 622 8 0 0 24 88 171 144 146 451 
0 0 7 21 9 550 437 0 0 0 0 27 11 16 741 229 0 0 0 28 14 18 104 860 
0 0 51 47 91 241 594 0 0 0 10 54 33 102 414 411 0 0 0 40 45 50 204 685 
0 0 1 64 250 53 614 42 0 0 0 19 96 201 48 660 0 0 0 22 58 112 136 696 
0 0 0 54 332 86 327 225 0 0 0 18 131 249 77 549 0 0 0 11 80 173 173 587 
0 18 78 144 278 128 282 96 0 2 61 76 195 211 111 368 0 11 25 82 133 202 169 402 
0 0 0 54 319 187 323 141 0 0 0 5 94 341 115 469 0 0 0 6 63 145 300 510 
0 0 4 53 183 154 603 27 0 0 0 8 55 186 146 629 0 0 0 1 46 58 222 697 
0 3 6 5 41 89 880 0 0 0 3 6 4 36 91 884 0 0 2 6 4 12 92 908 
0 29 49 34 39 137 729 7 0 0 48 38 34 35 187 682 0 0 43 39 37 33 120 752 
0 14 20 16 15 68 891 0 0 1 25 16 13 19 73 877 0 0 22 18 15 18 51 900 
0 0 0 16 10 18 967 13 0 0 3 13 8 6 13 981 0 0 0 9 13 9 14 979 
0 0 39 85 177 94 616 13 0 0 0 80 81 184 84 595 0 0 0 23 83 91 223 604 
0 0 14 75 412 222 301 0 0 0 0 49 61 371 218 325 0 0 0 4 72 75 380 493 
0 0 2 41 294 297 390 0 0 0 0 8 38 281 105 592 0 0 0 0 15 97 240 672 
0 2 67 67 59 242 587 0 0 0 8 61 65 55 176 659 0 0 1 40 60 55 73 795 
0 0 102 117 120 500 185 0 0 0 10 122 98 118 334 342 0 0 0 66 111 99 205 543 
0 19 376 74 491 64 0 0 0 5 191 253 73 502 0 0 0 12 153 258 149 271 181 0 
0 39 159 93 283 450 0 0 0 7 155 92 95 585 90 0 0 2 104 128 101 283 406 0 
0 0 0 15 23 978 8 0 0 0 0 0 13 40 971 0 0 0 0 0 1 22 941 60 
0 0 0 179 132 492 216 5 0 0 0 42 200 66 584 132 0 0 0 23 61 183 148 609 
0 0 1 196 191 155 413 68 0 0 0 69 242 85 171 457 0 0 0 53 80 220 78 593 
0 10 86 213 125 77 445 68 0 0 20 150 198 73 75 508 0 0 8 90 151 137 94 544 
0 0 4 76 164 71 486 223 0 0 0 26 125 103 76 694 0 0 0 13 43 118 115 735 
25 39 82 133 144 222 203 176 9 20 55 97 127 134 141 441 18 21 43 99 133 111 79 520 
16 11 27 28 76 202 659 5 10 5 13 29 25 78 138 726 7 7 10 24 28 38 93 817 
24 21 35 75 78 162 573 56 12 16 22 47 79 76 81 691 20 15 39 58 75 70 31 716 
0 0 13 50 46 52 555 308 0 0 0 19 52 43 48 862 0 0 0 10 56 43 36 879 
0 13 22 87 166 148 320 268 0 3 16 27 110 201 80 587 0 0 9 22 73 134 183 603 
0 0 3 44 77 290 385 225 0 0 0 4 64 77 272 607 0 0 0 0 20 71 121 812 
0 0 0 9 38 218 757 2 0 0 0 0 14 25 216 769 0 0 0 0 1 20 53 950 
0 0 0 0 1 24 999 0 0 0 0 0 0 0 11 1013 0 0 0 0 0 0 4 1020 
0 10 43 44 44 127 749 7 0 0 15 40 41 41 107 780 0 0 2 39 37 40 72 834 
0 14 70 64 66 167 634 9 0 0 33 63 58 61 129 680 0 0 3 63 57 64 84 753 
0 10 61 123 160 86 584 0 0 0 30 70 118 149 97 560 0 0 0 39 89 140 189 567 
0 8 50 109 217 268 372 0 0 1 32 39 119 217 257 359 0 0 8 41 49 123 266 537 
0 0 0 47 268 689 20 0 0 0 0 2 42 198 292 490 0 0 0 0 5 49 236 734 
0 0 11 203 665 145 0 0 0 0 9 79 127 808 1 0 0 0 0 29 109 622 264 0 
0 6 90 296 131 466 35 0 0 0 57 182 174 328 282 1 0 0 37 114 181 173 451 68 
0 34 138 299 82 315 155 1 0 0 87 238 176 81 392 50 0 0 32 204 199 112 139 338 
0 0 6 212 117 156 524 9 0 0 2 90 191 65 184 492 0 0 3 54 121 142 101 603 
0 0 0 114 192 144 574 0 0 0 0 15 221 90 106 592 0 0 0 0 97 134 132 661 
0 5 33 282 196 112 339 57 0 0 13 76 349 111 111 364 0 0 1 22 159 265 173 404 
0 0 13 143 106 104 461 197 0 0 0 11 151 95 93 674 0 0 0 0 19 144 119 742 
58 69 81 79 63 131 325 218 21 83 67 80 73 54 114 532 36 86 86 86 61 40 40 589 
68 37 24 24 57 217 504 93 34 59 19 26 17 43 103 723 34 43 42 19 8 18 42 818 
51 70 98 105 127 172 354 47 41 64 79 81 95 137 150 377 44 91 89 86 74 76 81 483 
1 2 10 12 44 233 625 97 0 1 2 7 15 52 188 759 0 0 2 8 9 18 87 900 
0 0 0 4 15 201 562 242 0 0 0 0 5 30 188 801 0 0 0 0 0 0 55 969 
0 7 34 30 41 93 348 471 0 1 7 33 26 34 90 833 0 0 2 21 24 38 39 900 
0 3 61 50 90 112 266 442 0 0 12 59 55 79 121 698 0 0 0 39 54 79 76 776 
2 20 45 74 125 215 163 380 0 3 31 39 69 115 181 586 0 0 9 42 47 84 133 709 
0 7 23 26 87 177 595 109 0 0 9 24 24 81 119 767 0 0 0 19 19 33 92 861 
0 0 0 1 10 70 703 240 0 0 0 0 0 6 63 955 0 0 0 0 0 0 11 1013 
0 0 0 0 0 0 232 792 0 0 0 0 0 0 0 1024 0 0 0 0 0 0 0 1024 
0 0 0 0 0 0 144 880 0 0 0 0 0 0 0 1024 0 0 0 0 0 0 0 1024 
0 4 38 54 48 45 151 684 0 7 30 26 53 56 34 818 0 1 15 30 27 39 82 830 
0 6 153 213 295 352 5 0 0 0 45 235 134 403 207 0 0 0 28 146 194 229 410 17 
4 16 78 229 137 553 7 0 1 13 32 158 158 182 478 2 0 3 16 97 185 186 353 184 
0 1 14 397 140 425 46 1 0 0 4 174 273 144 414 15 0 0 0 63 217 221 250 273 
0 11 56 245 148 296 229 39 0 1 23 142 181 93 327 257 0 0 8 62 155 168 150 481 
0 0 6 162 179 256 345 76 0 0 0 3 179 142 183 517 0 0 0 0 4 156 149 715 
0 0 2 26 116 263 579 38 0 0 0 2 19 86 157 760 0 0 0 0 0 18 91 915 
2 9 19 30 93 208 618 45 0 1 5 19 15 68 140 776 0 0 0 0 7 23 74 920 
0 0 0 0 11 63 645 305 0 0 0 0 0 5 37 982 0 0 0 0 0 0 20 1004 
0 0 0 0 10 25 486 503 0 0 0 0 0 6 14 1004 0 0 0 0 0 4 14 1006 
0 0 0 0 5 33 406 580 0 0 0 0 0 4 23 997 0 0 0 0 0 1 18 1005 
0 0 0 6 33 207 335 443 0 0 0 0 3 27 184 810 0 0 0 0 0 2 20 1002 
0 0 6 24 73 160 559 202 0 0 0 6 17 68 134 799 0 0 0 0 12 49 66 897 
0 0 3 17 29 132 298 545 0 0 0 1 16 25 116 866 0 0 0 0 2 23 49 950 
0 0 1 4 34 171 384 430 0 0 0 1 3 23 87 910 0 0 0 0 1 2 41 980 
0 0 1 11 36 39 208 729 0 0 0 2 6 33 40 943 0 0 0 0 3 12 35 974 
0 0 13 20 23 57 125 786 0 0 2 19 14 24 45 920 0 0 0 5 21 16 37 945 
0 0 1 16 32 299 381 295 0 0 0 2 14 27 174 807 0 0 0 0 0 12 43 969 
1 5 16 31 39 104 312 516 0 0 5 8 28 38 94 851 0 0 0 4 8 20 54 938 
0 0 1 56 40 39 313 575 0 0 0 0 18 65 43 898 0 0 0 0 0 11 69 944 
0 0 12 63 37 40 71 801 0 0 0 5 57 46 41 875 0 0 0 0 11 25 68 920 
0 0 129 567 301 25 2 0 0 0 45 476 310 162 30 1 0 0 69 400 314 137 81 23 
3 68 94 543 294 21 1 0 5 61 93 587 230 38 10 0 11 57 113 563 205 55 13 7 
14 18 40 252 474 105 101 20 4 12 42 303 380 70 73 140 0 5 58 290 283 110 60 218 
70 65 68 150 288 246 137 0 62 50 58 82 171 142 231 228 22 73 45 73 131 64 118 498 
81 80 43 77 144 297 152 150 34 77 44 52 60 83 226 448 5 37 36 52 67 51 87 689 
36 14 6 12 57 102 188 609 27 7 13 4 8 36 72 857 0 6 18 8 13 7 23 949 
71 43 83 49 57 59 137 525 30 50 53 39 48 54 57 693 0 6 37 50 43 60 62 766 
69 24 29 24 14 28 195 641 31 38 24 22 26 18 20 845 0 0 17 38 33 27 24 885 
55 76 63 34 25 31 318 422 35 122 45 22 21 13 19 747 0 42 64 67 35 24 20 772 
34 73 30 30 33 53 305 466 17 65 49 27 14 22 41 789 4 10 44 52 42 17 37 818 
27 69 99 88 25 24 158 534 15 95 109 55 22 17 23 688 4 82 87 64 40 24 23 700 
2 7 21 23 31 67 246 627 2 7 24 15 10 29 62 875 0 2 17 25 8 14 57 901 
4 18 56 98 129 209 286 224 0 3 20 33 62 117 158 631 0 0 1 11 20 40 101 851 
0 8 58 185 135 138 245 255 0 0 0 25 61 183 181 574 0 0 0 0 0 46 112 866 
2 7 31 98 115 112 132 527 0 2 7 12 38 155 102 708 0 0 0 1 6 15 71 931 
141 216 67 51 50 99 100 300 125 218 57 36 42 45 96 405 32 199 91 66 47 44 74 471 
10 36 31 100 149 90 212 396 18 26 24 40 96 144 71 605 12 25 17 25 65 73 120 687 
167 575 70 32 51 32 68 29 140 547 84 32 36 41 32 112 87 367 162 95 60 45 39 169 
0 0 31 76 279 186 155 297 0 0 0 15 99 269 166 475 0 0 0 0 2 55 332 635 
0 10 49 206 267 225 133 134 0 0 11 52 215 277 145 324 0 0 0 5 53 228 231 507 
0 132 119 587 183 3 0 0 2 127 100 665 97 33 0 0 0 81 148 551 149 41 36 18 
49 258 130 403 149 23 8 4 57 234 142 419 93 42 24 13 50 174 238 338 76 43 55 50 
22 138 100 251 512 1 0 0 54 138 112 493 227 0 0 0 63 140 204 596 21 0 0 0 
249 177 121 203 271 3 0 0 246 196 133 273 174 2 0 0 181 275 189 344 35 0 0 0 
105 253 274 259 129 4 0 0 141 249 285 203 140 5 1 0 94 213 331 296 75 12 3 0 
363 283 171 110 49 22 12 14 360 293 138 111 70 24 10 18 165 354 121 160 105 58 32 29 
502 371 80 33 27 11 0 0 448 385 107 35 27 18 4 0 328 324 215 85 39 29 4 0 
395 148 152 151 139 33 6 0 373 154 111 100 109 162 14 1 284 113 137 119 81 203 74 13 
107 149 353 332 67 6 3 7 125 214 237 165 114 164 4 1 53 165 214 198 140 188 63 3 
51 279 283 200 115 60 27 9 15 136 236 256 207 93 48 33 4 44 121 307 261 148 58 81 
21 85 150 430 222 110 6 0 20 97 65 109 348 266 111 8 8 70 88 98 326 289 126 19 
134 220 94 112 80 46 133 205 107 234 86 66 99 74 36 322 19 130 159 125 105 72 47 367 
7 46 176 273 267 99 116 40 9 61 136 175 212 191 87 153 4 51 80 145 162 201 154 227 
84 177 66 46 29 40 310 272 106 159 35 34 39 30 34 587 7 95 125 65 34 27 40 631 
132 580 17 18 7 17 111 142 227 475 20 6 17 7 14 258 0 168 375 93 73 21 19 275 
618 236 46 39 9 15 45 16 316 530 68 15 10 8 10 67 0 275 509 105 33 9 16 77 
468 169 38 54 43 26 89 137 366 269 61 34 10 27 36 221 14 454 171 66 21 12 31 255 
747 200 12 16 22 13 14 0 474 440 32 10 13 19 10 26 17 708 80 52 46 38 19 64 
0 0 3 5 4 41 316 655 0 0 0 0 0 8 4 1012 0 0 0 0 0 5 5 1014 
0 0 0 0 12 78 340 594 0 0 0 0 0 0 6 1018 0 0 0 0 0 0 1 1023 
124 177 88 508 127 0 0 0 72 196 141 597 18 0 0 0 50 206 386 376 6 0 0 0 
219 142 76 519 68 0 0 0 237 136 105 534 12 0 0 0 172 184 338 324 6 0 0 0 
156 208 93 210 307 50 0 0 170 212 104 303 202 33 0 0 116 283 143 388 81 13 0 0 
105 124 209 412 145 29 0 0 120 127 256 401 95 25 0 0 101 178 343 335 50 17 0 0 
249 206 169 291 104 4 1 0 300 173 234 278 36 3 0 0 195 288 294 220 24 3 0 0 
453 231 138 59 90 48 5 0 547 221 68 48 74 61 5 0 305 417 102 44 57 58 41 0 
503 153 112 191 61 4 0 0 513 145 123 158 80 5 0 0 446 177 159 89 143 10 0 0 
395 444 82 103 0 0 0 0 376 342 183 89 34 0 0 0 272 324 285 62 81 0 0 0 
414 314 158 133 5 0 0 0 381 246 205 104 86 2 0 0 259 264 274 113 79 35 0 0 
157 251 273 236 98 9 0 0 135 157 335 250 80 63 4 0 110 156 318 296 62 74 8 0 
80 172 436 296 40 0 0 0 57 133 411 250 110 63 0 0 21 147 476 192 93 95 0 0 
92 334 306 184 90 18 0 0 34 297 340 164 165 24 0 0 14 219 364 224 178 25 0 0 
310 404 189 73 48 0 0 0 110 334 263 212 102 3 0 0 4 259 288 177 214 82 0 0 
101 584 213 65 29 13 14 5 136 327 200 259 53 13 10 26 26 323 183 153 215 82 13 29 
308 577 106 15 13 5 0 0 463 276 255 15 11 4 0 0 26 616 325 39 13 5 0 0 
834 185 5 0 0 0 0 0 814 205 5 0 0 0 0 0 237 707 80 0 0 0 0 0 
598 164 109 153 0 0 0 0 582 205 173 64 0 0 0 0 158 602 204 55 5 0 0 0 
526 183 161 142 7 5 0 0 502 247 193 57 15 5 4 1 245 366 188 101 53 34 13 24 
144 77 104 85 105 261 232 16 128 65 86 63 44 60 125 453 42 53 106 63 53 47 85 575 
102 46 42 112 177 274 137 134 109 32 13 23 48 112 162 525 14 55 76 31 33 71 157 587 
0 28 130 423 442 1 0 0 6 31 158 617 212 0 0 0 13 26 330 573 82 0 0 0 
220 142 175 427 60 0 0 0 231 140 284 359 10 0 0 0 196 226 359 239 4 0 0 0 
444 138 97 304 41 0 0 0 475 123 114 305 7 0 0 0 448 168 199 209 0 0 0 0 
134 107 220 436 127 0 0 0 174 105 320 362 63 0 0 0 183 214 391 231 5 0 0 0 
131 63 110 482 236 2 0 0 138 60 163 525 138 0 0 0 86 127 258 370 178 5 0 0 
114 90 94 247 412 67 0 0 139 67 100 270 264 181 3 0 68 120 70 283 153 280 50 0 
216 114 39 405 241 9 0 0 270 61 47 161 480 5 0 0 220 96 54 42 581 31 0 0 
88 290 120 292 234 0 0 0 56 185 234 296 251 2 0 0 23 166 271 252 289 23 0 0 
413 324 142 111 33 1 0 0 388 293 176 113 46 8 0 0 358 210 286 115 46 9 0 0 
176 106 366 314 55 7 0 0 188 121 356 298 54 7 0 0 159 179 388 235 53 10 0 0 
255 335 346 88 0 0 0 0 277 314 327 106 0 0 0 0 240 352 396 36 0 0 0 0 
101 224 602 97 0 0 0 0 147 203 599 75 0 0 0 0 68 267 515 174 0 0 0 0 
56 374 491 103 0 0 0 0 32 304 670 18 0 0 0 0 17 186 684 134 3 0 0 0 
83 255 526 147 13 0 0 0 62 212 542 138 70 0 0 0 41 203 559 136 66 19 0 0 
69 380 262 310 3 0 0 0 20 268 438 237 61 0 0 0 10 247 540 160 67 0 0 0 
549 248 119 80 28 0 0 0 535 241 116 60 68 4 0 0 419 311 153 78 61 2 0 0 
135 345 354 169 20 1 0 0 230 357 282 128 25 2 0 0 175 434 281 102 32 0 0 0 
881 73 55 15 0 0 0 0 868 126 30 0 0 0 0 0 647 325 38 12 2 0 0 0 
156 524 249 78 9 8 0 0 223 479 225 76 11 8 2 0 114 492 224 81 44 27 17 25 
403 159 113 137 14 24 34 140 337 225 95 98 62 24 19 164 103 341 191 109 61 19 16 184 
0 1 78 638 307 0 0 0 0 14 300 462 248 0 0 0 0 33 548 286 157 0 0 0 
180 38 89 681 36 0 0 0 195 35 136 658 0 0 0 0 183 62 409 370 0 0 0 0 
43 36 101 582 262 0 0 0 55 57 186 633 93 0 0 0 60 78 465 408 13 0 0 0 
13 48 120 737 106 0 0 0 26 59 444 487 8 0 0 0 37 127 687 173 0 0 0 0 
0 0 105 801 118 0 0 0 0 0 139 831 54 0 0 0 0 0 164 730 130 0 0 0 
0 0 204 540 280 0 0 0 0 0 235 445 344 0 0 0 0 0 84 550 353 37 0 0 
0 0 212 564 248 0 0 0 0 0 216 428 380 0 0 0 0 0 169 317 319 193 26 0 
32 69 169 535 219 0 0 0 20 79 163 332 427 3 0 0 4 76 149 137 292 338 28 0 
112 172 425 269 46 0 0 0 112 187 450 244 31 0 0 0 107 148 520 218 24 7 0 0 
63 120 160 485 196 0 0 0 81 131 206 484 122 0 0 0 67 153 319 447 34 4 0 0 
499 278 202 45 0 0 0 0 510 281 187 46 0 0 0 0 509 331 137 47 0 0 0 0 
255 379 357 33 0 0 0 0 266 315 407 36 0 0 0 0 198 293 425 108 0 0 0 0 
76 136 748 64 0 0 0 0 101 238 664 21 0 0 0 0 105 364 531 24 0 0 0 0 
46 265 698 15 0 0 0 0 34 406 581 3 0 0 0 0 49 535 438 2 0 0 0 0 
152 133 440 299 0 0 0 0 175 141 461 247 0 0 0 0 144 226 596 58 0 0 0 0 
529 242 246 7 0 0 0 0 479 253 284 8 0 0 0 0 395 318 295 16 0 0 0 0 
160 550 314 0 0 0 0 0 159 595 244 26 0 0 0 0 130 687 201 6 0 0 0 0 
789 76 125 25 9 0 0 0 810 64 128 22 0 0 0 0 764 109 131 19 1 0 0 0 
275 289 368 92 0 0 0 0 279 376 331 38 0 0 0 0 224 578 218 4 0 0 0 0 
733 219 60 12 0 0 0 0 410 528 71 15 0 0 0 0 30 422 546 26 0 0 0 0 
7 185 194 632 6 0 0 0 45 146 598 235 0 0 0 0 47 176 686 115 0 0 0 0 
380 273 101 265 5 0 0 0 398 306 110 210 0 0 0 0 349 377 238 60 0 0 0 0 
126 118 265 398 117 0 0 0 153 237 229 404 1 0 0 0 168 300 434 122 0 0 0 0 
0 0 8 424 592 0 0 0 0 0 91 929 4 0 0 0 0 11 399 614 0 0 0 0 
0 0 0 31 993 0 0 0 0 0 0 778 246 0 0 0 0 0 0 1024 0 0 0 0 
0 0 0 0 1024 0 0 0 0 0 0 141 883 0 0 0 0 0 0 1024 0 0 0 0 
0 0 0 351 673 0 0 0 0 0 0 403 621 0 0 0 0 0 0 636 339 49 0 0 
0 0 185 405 434 0 0 0 0 0 222 231 571 0 0 0 0 0 197 177 349 301 0 0 
0 0 488 536 0 0 0 0 0 1 950 73 0 0 0 0 0 2 994 28 0 0 0 0 
0 52 351 356 256 9 0 0 0 68 610 210 136 0 0 0 2 143 589 280 10 0 0 0 
8 82 348 149 437 0 0 0 14 116 358 498 38 0 0 0 31 164 516 311 2 0 0 0 
5 75 369 264 311 0 0 0 6 52 397 569 0 0 0 0 6 85 807 126 0 0 0 0 
9 36 651 297 31 0 0 0 10 48 726 240 0 0 0 0 13 120 751 140 0 0 0 0 
0 145 852 27 0 0 0 0 8 373 631 12 0 0 0 0 11 422 581 10 0 0 0 0 
370 353 301 0 0 0 0 0 446 380 198 0 0 0 0 0 383 487 154 0 0 0 0 0 
585 233 204 2 0 0 0 0 634 201 189 0 0 0 0 0 553 260 210 1 0 0 0 0 
174 323 489 38 0 0 0 0 174 495 351 4 0 0 0 0 207 543 274 0 0 0 0 0 
555 311 100 52 6 0 0 0 542 295 131 51 5 0 0 0 320 527 128 45 4 0 0 0 
500 163 218 143 0 0 0 0 517 160 347 0 0 0 0 0 505 237 282 0 0 0 0 0 
38 361 450 175 0 0 0 0 60 404 560 0 0 0 0 0 36 531 457 0 0 0 0 0 
0 0 31 890 103 0 0 0 0 1 94 929 0 0 0 0 0 11 553 460 0 0 0 0 
0 0 304 646 74 0 0 0 0 119 500 405 0 0 0 0 0 265 627 132 0 0 0 0 
0 0 194 519 311 0 0 0 0 114 243 667 0 0 0 0 0 176 656 192 0 0 0 0 
0 0 0 261 763 0 0 0 0 0 0 1024 0 0 0 0 0 0 215 809 0 0 0 0 
0 0 0 0 1024 0 0 0 0 0 0 910 114 0 0 0 0 0 0 1023 1 0 0 0 
0 0 0 0 1024 0 0 0 0 0 0 363 661 0 0 0 0 0 0 1018 6 0 0 0 
0 0 0 204 820 0 0 0 0 0 0 348 676 0 0 0 0 0 0 887 137 0 0 0 
0 0 10 950 64 0 0 0 0 0 181 750 93 0 0 0 0 0 222 424 378 0 0 0 
0 0 61 861 102 0 0 0 0 0 763 247 14 0 0 0 0 0 810 214 0 0 0 0 
0 0 13 855 156 0 0 0 0 0 821 203 0 0 0 0 0 0 902 122 0 0 0 0 
0 0 58 358 575 33 0 0 0 0 304 318 402 0 0 0 0 30 490 498 6 0 0 0 
0 29 67 224 704 0 0 0 0 44 70 672 238 0 0 0 0 43 213 768 0 0 0 0 
0 48 243 501 232 0 0 0 0 106 355 562 1 0 0 0 3 136 617 268 0 0 0 0 
0 97 597 330 0 0 0 0 0 122 728 174 0 0 0 0 9 195 737 83 0 0 0 0 
250 349 407 18 0 0 0 0 303 407 299 15 0 0 0 0 297 499 214 14 0 0 0 0 
543 317 164 0 0 0 0 0 553 290 181 0 0 0 0 0 476 377 171 0 0 0 0 0 
95 423 505 1 0 0 0 0 137 727 159 1 0 0 0 0 92 824 108 0 0 0 0 0 
821 128 56 19 0 0 0 0 827 129 63 5 0 0 0 0 829 177 14 4 0 0 0 0 
544 195 248 37 0 0 0 0 582 246 140 51 5 0 0 0 548 341 86 33 16 0 0 0 
32 410 533 49 0 0 0 0 61 426 537 0 0 0 0 0 85 542 397 0 0 0 0 0 
43 104 187 687 3 0 0 0 66 165 195 598 0 0 0 0 29 245 676 74 0 0 0 0 
0 2 705 315 2 0 0 0 0 276 623 125 0 0 0 0 0 664 358 2 0 0 0 0 
0 0 564 373 87 0 0 0 0 165 520 336 3 0 0 0 0 308 585 131 0 0 0 0 
0 0 0 367 657 0 0 0 0 0 0 1024 0 0 0 0 0 0 179 845 0 0 0 0 
0 0 0 114 910 0 0 0 0 0 0 988 36 0 0 0 0 0 5 1019 0 0 0 0 
0 0 0 0 1024 0 0 0 0 0 0 679 345 0 0 0 0 0 0 1008 16 0 0 0 
0 0 0 80 944 0 0 0 0 0 0 178 846 0 0 0 0 0 0 976 48 0 0 0 
0 0 0 0 1022 2 0 0 0 0 0 300 724 0 0 0 0 0 6 895 123 0 0 0 
0 0 0 0 1024 0 0 0 0 0 0 869 155 0 0 0 0 0 12 1012 0 0 0 0 
0 0 0 2 1022 0 0 0 0 0 0 989 35 0 0 0 0 0 252 772 0 0 0 0 
0 0 0 18 1006 0 0 0 0 0 0 1024 0 0 0 0 0 0 777 247 0 0 0 0 
0 13 38 352 621 0 0 0 0 24 89 911 0 0 0 0 0 24 918 82 0 0 0 0 
0 24 131 823 46 0 0 0 0 34 561 429 0 0 0 0 0 132 879 13 0 0 0 0 
0 34 310 680 0 0 0 0 0 83 851 90 0 0 0 0 0 246 775 3 0 0 0 0 
0 13 524 483 4 0 0 0 0 122 815 87 0 0 0 0 0 570 401 53 0 0 0 0 
0 22 796 206 0 0 0 0 0 107 870 47 0 0 0 0 5 510 505 4 0 0 0 0 
12 102 653 257 0 0 0 0 16 220 788 0 0 0 0 0 25 636 363 0 0 0 0 0 
665 198 155 6 0 0 0 0 676 241 100 7 0 0 0 0 659 276 81 8 0 0 0 0 
648 376 0 0 0 0 0 0 1024 0 0 0 0 0 0 0 1024 0 0 0 0 0 0 0 
8 604 188 224 0 0 0 0 187 377 227 230 3 0 0 0 163 299 264 172 126 0 0 0 
634 214 128 48 0 0 0 0 682 251 61 30 0 0 0 0 621 324 79 0 0 0 0 0 
0 36 487 501 0 0 0 0 0 332 254 438 0 0 0 0 0 407 492 125 0 0 0 0 
0 0 458 566 0 0 0 0 0 144 674 206 0 0 0 0 0 331 693 0 0 0 0 0 
0 0 0 720 304 0 0 0 0 0 30 994 0 0 0 0 0 0 831 193 0 0 0 0 
0 0 0 300 724 0 0 0 0 0 1 1023 0 0 0 0 0 0 311 713 0 0 0 0 
0 0 0 1 1023 0 0 0 0 0 0 1000 24 0 0 0 0 0 50 974 0 0 0 0 
0 0 0 0 1024 0 0 0 0 0 0 217 807 0 0 0 0 0 0 1023 1 0 0 0 
0 0 0 29 991 4 0 0 0 0 0 540 484 0 0 0 0 0 25 999 0 0 0 0 
0 0 0 0 1024 0 0 0 0 0 0 1015 9 0 0 0 0 0 92 932 0 0 0 0 
0 0 0 0 1024 0 0 0 0 0 0 1024 0 0 0 0 0 0 139 885 0 0 0 0 
0 0 0 88 936 0 0 0 0 0 0 1024 0 0 0 0 0 0 773 251 0 0 0 0 
0 0 0 66 958 0 0 0 0 0 0 1024 0 0 0 0 0 0 948 76 0 0 0 0 
0 0 0 539 485 0 0 0 0 0 143 881 0 0 0 0 0 13 1011 0 0 0 0 0 
0 0 0 1013 11 0 0 0 0 0 351 673 0 0 0 0 0 0 1024 0 0 0 0 0 
0 0 0 1024 0 0 0 0 0 0 872 152 0 0 0 0 0 184 840 0 0 0 0 0 
0 0 152 872 0 0 0 0 0 9 1001 14 0 0 0 0 0 617 403 4 0 0 0 0 
0 122 651 251 0 0 0 0 0 278 740 6 0 0 0 0 0 638 383 3 0 0 0 0 
97 307 618 2 0 0 0 0 122 791 111 0 0 0 0 0 185 793 46 0 0 0 0 0 
510 452 62 0 0 0 0 0 640 384 0 0 0 0 0 0 665 359 0 0 0 0 0 0 
210 792 22 0 0 0 0 0 266 746 12 0 0 0 0 0 282 734 8 0 0 0 0 0 
73 262 389 300 0 0 0 0 111 265 486 162 0 0 0 0 67 485 472 0 0 0 0 0 
0 102 832 90 0 0 0 0 0 442 500 82 0 0 0 0 0 627 396 1 0 0 0 0 
0 0 296 728 0 0 0 0 0 3 1021 0 0 0 0 0 0 133 891 0 0 0 0 0 
0 0 0 1008 16 0 0 0 0 0 595 429 0 0 0 0 0 0 1024 0 0 0 0 0 
0 0 0 692 332 0 0 0 0 0 97 927 0 0 0 0 0 0 796 228 0 0 0 0 
0 0 0 8 1016 0 0 0 0 0 0 1024 0 0 0 0 0 0 440 584 0 0 0 0 
0 0 0 0 1024 0 0 0 0 0 0 893 131 0 0 0 0 0 9 1015 0 0 0 0 
0 0 0 143 881 0 0 0 0 0 0 910 114 0 0 0 0 0 52 972 0 0 0 0 
0 0 0 0 1024 0 0 0 0 0 0 1018 6 0 0 0 0 0 82 942 0 0 0 0 
0 0 0 0 1024 0 0 0 0 0 0 1024 0 0 0 0 0 0 749 275 0 0 0 0 
0 0 0 26 998 0 0 0 0 0 0 1024 0 0 0 0 0 0 1024 0 0 0 0 0 
0 0 0 613 411 0 0 0 0 0 26 998 0 0 0 0 0 3 1020 1 0 0 0 0 
0 0 0 657 367 0 0 0 0 0 106 918 0 0 0 0 0 0 1024 0 0 0 0 0 
0 0 0 1016 8 0 0 0 0 0 613 411 0 0 0 0 0 0 1024 0 0 0 0 0 
0 0 0 1024 0 0 0 0 0 0 875 149 0 0 0 0 0 142 882 0 0 0 0 0 
0 0 2 1022 0 0 0 0 0 0 1024 0 0 0 0 0 0 496 528 0 0 0 0 0 
0 179 345 500 0 0 0 0 0 263 761 0 0 0 0 0 0 1022 2 0 0 0 0 0 
0 59 965 0 0 0 0 0 0 889 135 0 0 0 0 0 2 1022 0 0 0 0 0 0 
0 15 1009 0 0 0 0 0 0 1024 0 0 0 0 0 0 0 1024 0 0 0 0 0 0 
0 714 310 0 0 0 0 0 0 1024 0 0 0 0 0 0 0 1024 0 0 0 0 0 0 
0 141 880 3 0 0 0 0 0 452 572 0 0 0 0 0 0 930 94 0 0 0 0 0 
0 12 990 22 0 0 0 0 0 113 911 0 0 0 0 0 0 804 220 0 0 0 0 0 
0 0 96 928 0 0 0 0 0 0 1024 0 0 0 0 0 0 168 856 0 0 0 0 0 
0 0 0 1024 0 0 0 0 0 0 992 32 0 0 0 0 0 107 917 0 0 0 0 0 
0 0 0 974 50 0 0 0 0 0 627 397 0 0 0 0 0 0 1024 0 0 0 0 0 
0 0 0 140 884 0 0 0 0 0 0 1024 0 0 0 0 0 0 991 33 0 0 0 0 
0 0 0 47 977 0 0 0 0 0 0 1024 0 0 0 0 0 0 540 484 0 0 0 0 
0 0 0 100 924 0 0 0 0 0 2 1020 2 0 0 0 0 0 323 701 0 0 0 0 
0 0 0 18 1006 0 0 0 0 0 4 1020 0 0 0 0 0 0 950 74 0 0 0 0 
0 0 0 24 1000 0 0 0 0 0 0 1024 0 0 0 0 0 0 1018 6 0 0 0 0 
0 0 0 301 723 0 0 0 0 0 0 1024 0 0 0 0 0 0 1024 0 0 0 0 0 
0 0 0 553 471 0 0 0 0 0 23 1001 0 0 0 0 0 0 1024 0 0 0 0 0 
0 0 0 837 187 0 0 0 0 0 525 499 0 0 0 0 0 8 1016 0 0 0 0 0 
0 0 0 1002 22 0 0 0 0 0 887 137 0 0 0 0 0 0 1024 0 0 0 0 0 
0 0 0 1024 0 0 0 0 0 0 1008 16 0 0 0 0 0 177 847 0 0 0 0 0 
0 103 348 573 0 0 0 0 0 195 829 0 0 0 0 0 0 596 428 0 0 0 0 0 
0 194 804 26 0 0 0 0 0 552 472 0 0 0 0 0 0 868 156 0 0 0 0 0 
0 254 770 0 0 0 0 0 2 999 23 0 0 0 0 0 24 981 19 0 0 0 0 0 
0 117 907 0 0 0 0 0 0 1019 5 0 0 0 0 0 6 1018 0 0 0 0 0 0 
0 475 549 0 0 0 0 0 0 1024 0 0 0 0 0 0 0 1024 0 0 0 0 0 0 
