1024 0 0 0 0 0 0 0 1010 14 0 0 0 0 0 0 1020 4 0 0 0 0 0 0 
784 208 32 0 0 0 0 0 781 236 7 0 0 0 0 0 813 201 10 0 0 0 0 0 
231 530 260 3 0 0 0 0 205 500 309 10 0 0 0 0 253 515 239 17 0 0 0 0 
213 580 174 24 12 17 3 1 87 643 234 31 11 14 3 1 134 645 189 30 14 9 3 0 
272 619 39 13 11 4 11 55 278 623 35 13 7 5 27 36 317 568 54 11 7 7 35 25 
126 870 28 0 0 0 0 0 76 832 116 0 0 0 0 0 279 496 249 0 0 0 0 0 
25 809 190 0 0 0 0 0 19 719 286 0 0 0 0 0 71 530 423 0 0 0 0 0 
1 542 481 0 0 0 0 0 0 497 527 0 0 0 0 0 0 521 497 6 0 0 0 0 
1 306 717 0 0 0 0 0 1 391 632 0 0 0 0 0 0 345 676 3 0 0 0 0 
0 305 719 0 0 0 0 0 6 455 563 0 0 0 0 0 8 405 611 0 0 0 0 0 
120 340 424 42 16 8 28 46 204 389 300 36 16 14 48 17 125 362 405 32 17 16 52 15 
0 208 816 0 0 0 0 0 0 235 789 0 0 0 0 0 0 148 876 0 0 0 0 0 
0 190 834 0 0 0 0 0 0 180 844 0 0 0 0 0 0 104 917 3 0 0 0 0 
0 155 835 34 0 0 0 0 0 262 762 0 0 0 0 0 0 151 872 1 0 0 0 0 
0 335 564 125 0 0 0 0 0 418 606 0 0 0 0 0 0 204 820 0 0 0 0 0 
2 559 334 24 21 20 20 44 4 674 233 16 27 11 24 35 2 295 613 15 31 12 26 30 
1 723 231 26 18 11 11 3 0 810 155 21 17 11 10 0 1 536 426 28 13 10 10 0 
112 693 199 20 0 0 0 0 94 705 191 33 1 0 0 0 22 733 214 53 2 0 0 0 
96 693 219 16 0 0 0 0 136 668 196 24 0 0 0 0 90 618 257 59 0 0 0 0 
521 483 20 0 0 0 0 0 598 416 10 0 0 0 0 0 476 495 52 1 0 0 0 0 
1024 0 0 0 0 0 0 0 1024 0 0 0 0 0 0 0 1024 0 0 0 0 0 0 0 
1024 0 0 0 0 0 0 0 1024 0 0 0 0 0 0 0 1024 0 0 0 0 0 0 0 
1009 15 0 0 0 0 0 0 1011 13 0 0 0 0 0 0 1013 11 0 0 0 0 0 0 
573 92 165 98 63 25 8 0 592 106 197 75 27 21 6 0 614 147 159 51 26 20 7 0 
142 153 147 266 178 83 52 3 181 140 199 280 114 73 36 1 243 106 249 215 109 74 27 1 
47 850 90 35 2 0 0 0 68 848 92 14 2 0 0 0 270 659 88 7 0 0 0 0 
2 908 114 0 0 0 0 0 4 1000 20 0 0 0 0 0 46 934 44 0 0 0 0 0 
0 283 741 0 0 0 0 0 0 852 172 0 0 0 0 0 0 644 380 0 0 0 0 0 
0 139 885 0 0 0 0 0 0 790 234 0 0 0 0 0 0 575 449 0 0 0 0 0 
0 227 797 0 0 0 0 0 0 806 218 0 0 0 0 0 0 530 494 0 0 0 0 0 
33 158 748 42 28 8 7 0 94 360 514 25 20 5 6 0 56 327 586 24 18 6 7 0 
0 0 1023 1 0 0 0 0 0 150 874 0 0 0 0 0 0 105 919 0 0 0 0 0 
0 0 1024 0 0 0 0 0 0 123 901 0 0 0 0 0 0 119 904 1 0 0 0 0 
0 49 794 181 0 0 0 0 0 208 816 0 0 0 0 0 0 193 830 1 0 0 0 0 
0 7 732 285 0 0 0 0 0 127 891 6 0 0 0 0 0 107 913 4 0 0 0 0 
0 43 559 236 106 49 29 2 2 212 510 165 75 43 17 0 1 161 537 182 75 46 21 1 
0 83 430 262 70 61 90 28 3 275 430 102 61 77 72 4 0 206 437 153 64 71 82 11 
0 735 258 30 1 0 0 0 20 841 157 6 0 0 0 0 0 781 233 8 2 0 0 0 
132 888 4 0 0 0 0 0 660 364 0 0 0 0 0 0 131 893 0 0 0 0 0 0 
717 274 31 2 0 0 0 0 883 125 16 0 0 0 0 0 641 352 30 1 0 0 0 0 
1024 0 0 0 0 0 0 0 1024 0 0 0 0 0 0 0 1024 0 0 0 0 0 0 0 
1024 0 0 0 0 0 0 0 1024 0 0 0 0 0 0 0 1024 0 0 0 0 0 0 0 
1024 0 0 0 0 0 0 0 1024 0 0 0 0 0 0 0 1024 0 0 0 0 0 0 0 
1024 0 0 0 0 0 0 0 1024 0 0 0 0 0 0 0 1024 0 0 0 0 0 0 0 
932 33 53 5 1 0 0 0 934 36 53 1 0 0 0 0 948 60 15 1 0 0 0 0 
297 230 306 188 3 0 0 0 383 217 351 73 0 0 0 0 488 299 214 23 0 0 0 0 
51 595 174 95 50 32 22 5 96 631 134 80 35 30 18 0 215 583 89 56 37 24 20 0 
0 518 506 0 0 0 0 0 0 912 112 0 0 0 0 0 22 908 94 0 0 0 0 0 
0 83 923 18 0 0 0 0 0 433 591 0 0 0 0 0 0 484 540 0 0 0 0 0 
0 216 764 33 7 2 2 0 2 569 433 14 4 2 0 0 3 666 335 14 4 2 0 0 
0 3 931 50 23 10 7 0 0 152 825 26 12 9 0 0 1 212 768 26 9 8 0 0 
0 0 1012 12 0 0 0 0 0 37 987 0 0 0 0 0 0 34 987 3 0 0 0 0 
0 24 971 27 1 1 0 0 0 211 802 10 1 0 0 0 0 295 718 10 1 0 0 0 
0 103 601 176 87 33 22 2 1 337 497 103 51 22 13 0 3 313 507 107 59 24 11 0 
0 299 483 188 54 0 0 0 2 567 347 104 4 0 0 0 0 452 470 92 10 0 0 0 
2 393 288 326 15 0 0 0 92 347 501 80 4 0 0 0 48 416 475 83 2 0 0 0 
25 177 534 114 55 46 48 25 53 289 468 61 51 43 46 13 42 324 442 67 51 46 44 8 
35 655 229 53 28 18 6 0 75 754 117 45 24 9 0 0 79 757 122 47 19 0 0 0 
247 407 294 59 13 4 0 0 319 482 186 30 7 0 0 0 284 501 210 26 3 0 0 0 
452 212 271 89 0 0 0 0 470 343 182 29 0 0 0 0 462 309 219 34 0 0 0 0 
1024 0 0 0 0 0 0 0 1024 0 0 0 0 0 0 0 1024 0 0 0 0 0 0 0 
1024 0 0 0 0 0 0 0 1024 0 0 0 0 0 0 0 1024 0 0 0 0 0 0 0 
1024 0 0 0 0 0 0 0 1024 0 0 0 0 0 0 0 1024 0 0 0 0 0 0 0 
1024 0 0 0 0 0 0 0 1024 0 0 0 0 0 0 0 1024 0 0 0 0 0 0 0 
1024 0 0 0 0 0 0 0 1024 0 0 0 0 0 0 0 1024 0 0 0 0 0 0 0 
978 46 0 0 0 0 0 0 1002 22 0 0 0 0 0 0 1022 2 0 0 0 0 0 0 
583 272 50 98 11 8 2 0 679 195 96 39 11 3 1 0 806 77 99 30 9 3 0 0 
160 393 292 53 42 45 20 19 225 495 162 37 53 25 21 6 307 479 101 44 47 24 20 2 
7 225 774 6 5 3 4 0 27 377 604 6 4 3 3 0 38 583 387 7 3 4 2 0 
15 272 697 35 5 0 0 0 53 422 540 9 0 0 0 0 46 486 481 11 0 0 0 0 
0 183 747 94 0 0 0 0 1 211 812 0 0 0 0 0 2 259 761 2 0 0 0 0 
16 177 643 120 47 16 5 0 40 276 603 62 29 13 1 0 23 293 606 69 22 11 0 0 
14 189 545 192 60 18 6 0 33 330 528 84 36 8 5 0 27 394 464 96 32 7 4 0 
107 208 514 126 49 12 7 1 142 393 361 94 21 10 2 1 123 397 363 102 26 10 2 1 
374 180 261 68 57 34 31 19 425 284 128 66 50 33 25 13 381 277 178 73 43 36 25 11 
581 97 216 115 15 0 0 0 634 108 222 56 4 0 0 0 516 202 241 60 5 0 0 0 
810 56 54 61 15 11 13 4 845 33 84 25 14 9 14 0 779 91 85 28 20 5 14 2 
1003 15 4 2 0 0 0 0 1012 7 5 0 0 0 0 0 1000 18 4 2 0 0 0 0 
1024 0 0 0 0 0 0 0 1024 0 0 0 0 0 0 0 1022 2 0 0 0 0 0 0 
1024 0 0 0 0 0 0 0 1024 0 0 0 0 0 0 0 1024 0 0 0 0 0 0 0 
1024 0 0 0 0 0 0 0 1024 0 0 0 0 0 0 0 1024 0 0 0 0 0 0 0 
1024 0 0 0 0 0 0 0 1024 0 0 0 0 0 0 0 1024 0 0 0 0 0 0 0 
1024 0 0 0 0 0 0 0 1024 0 0 0 0 0 0 0 1024 0 0 0 0 0 0 0 
1024 0 0 0 0 0 0 0 1024 0 0 0 0 0 0 0 1024 0 0 0 0 0 0 0 
1020 4 0 0 0 0 0 0 1024 0 0 0 0 0 0 0 1024 0 0 0 0 0 0 0 
1019 5 0 0 0 0 0 0 1023 1 0 0 0 0 0 0 1024 0 0 0 0 0 0 0 
987 37 0 0 0 0 0 0 1020 4 0 0 0 0 0 0 1024 0 0 0 0 0 0 0 
548 214 20 34 73 18 48 69 653 125 40 65 21 37 69 14 638 144 56 50 25 59 46 6 
610 162 12 18 32 32 12 146 692 92 23 28 36 7 20 126 699 94 16 34 31 7 32 111 
345 186 17 24 74 81 38 259 451 95 15 63 96 39 16 249 416 130 36 64 86 30 31 231 
726 174 5 6 9 9 15 80 839 63 5 7 16 13 14 67 836 68 4 7 12 17 22 58 
447 173 8 45 82 47 16 206 577 55 42 77 51 16 67 139 489 141 47 78 48 17 84 120 
755 264 5 0 0 0 0 0 896 123 5 0 0 0 0 0 847 172 5 0 0 0 0 0 
213 406 25 49 57 77 146 51 387 247 35 51 81 159 54 10 279 348 56 62 140 109 29 1 
143 105 8 7 5 7 596 153 249 11 4 5 3 158 557 37 216 44 4 5 6 646 96 7 
123 165 0 4 4 9 395 324 274 17 3 2 4 279 325 120 165 131 3 4 37 456 148 80 
228 79 16 8 10 238 376 69 317 11 1 7 129 445 84 30 276 52 3 5 409 236 34 9 
330 47 95 153 72 305 22 0 365 30 202 89 302 36 0 0 322 94 196 149 257 6 0 0 
478 60 248 197 41 0 0 0 516 49 376 83 0 0 0 0 488 142 348 46 0 0 0 0 
1024 0 0 0 0 0 0 0 1024 0 0 0 0 0 0 0 1003 21 0 0 0 0 0 0 
1024 0 0 0 0 0 0 0 1024 0 0 0 0 0 0 0 1024 0 0 0 0 0 0 0 
1024 0 0 0 0 0 0 0 1024 0 0 0 0 0 0 0 1024 0 0 0 0 0 0 0 
1024 0 0 0 0 0 0 0 1024 0 0 0 0 0 0 0 1024 0 0 0 0 0 0 0 
1024 0 0 0 0 0 0 0 1024 0 0 0 0 0 0 0 1024 0 0 0 0 0 0 0 
1024 0 0 0 0 0 0 0 1024 0 0 0 0 0 0 0 1024 0 0 0 0 0 0 0 
1024 0 0 0 0 0 0 0 1024 0 0 0 0 0 0 0 1024 0 0 0 0 0 0 0 
1007 17 0 0 0 0 0 0 1024 0 0 0 0 0 0 0 1023 1 0 0 0 0 0 0 
236 318 166 69 144 55 12 24 349 283 140 141 72 8 27 4 400 278 143 119 49 10 25 0 
23 118 133 300 99 220 92 39 50 162 274 154 229 109 18 28 42 170 348 148 196 80 12 28 
17 22 56 247 148 425 53 56 26 52 185 181 424 92 12 52 34 65 229 156 416 69 5 50 
36 218 230 162 235 56 16 71 85 278 206 182 181 16 25 51 63 294 179 320 75 18 26 49 
27 64 37 34 505 320 5 32 41 74 36 201 628 8 7 29 33 77 51 629 195 5 7 27 
38 413 177 169 154 73 0 0 114 427 207 173 102 1 0 0 82 432 229 232 49 0 0 0 
56 277 223 14 81 119 225 29 119 395 54 64 116 219 57 0 134 370 74 93 170 164 19 0 
45 23 4 5 9 10 891 37 67 5 5 8 7 862 69 1 67 6 3 10 34 867 36 1 
678 217 1 6 14 29 66 13 867 29 2 7 16 66 37 0 746 150 3 11 35 67 12 0 
125 44 8 25 34 783 5 0 151 24 16 28 772 33 0 0 131 44 19 113 710 7 0 0 
0 0 0 19 752 253 0 0 0 0 13 268 743 0 0 0 0 0 23 950 51 0 0 0 
230 39 186 383 185 1 0 0 244 57 439 279 5 0 0 0 239 70 534 181 0 0 0 0 
1023 1 0 0 0 0 0 0 1024 0 0 0 0 0 0 0 1019 5 0 0 0 0 0 0 
1024 0 0 0 0 0 0 0 1024 0 0 0 0 0 0 0 1024 0 0 0 0 0 0 0 
1024 0 0 0 0 0 0 0 1024 0 0 0 0 0 0 0 1024 0 0 0 0 0 0 0 
1024 0 0 0 0 0 0 0 1024 0 0 0 0 0 0 0 1024 0 0 0 0 0 0 0 
1024 0 0 0 0 0 0 0 1024 0 0 0 0 0 0 0 1024 0 0 0 0 0 0 0 
1024 0 0 0 0 0 0 0 1024 0 0 0 0 0 0 0 1024 0 0 0 0 0 0 0 
998 26 0 0 0 0 0 0 1019 5 0 0 0 0 0 0 1023 1 0 0 0 0 0 0 
630 286 32 73 3 0 0 0 785 140 77 22 0 0 0 0 896 42 75 11 0 0 0 0 
41 132 319 266 217 49 0 0 69 230 329 280 111 5 0 0 95 268 337 241 83 0 0 0 
0 3 30 137 7 36 694 117 3 19 142 13 21 466 357 3 13 88 72 7 82 721 41 0 
0 0 26 197 14 69 652 66 0 20 191 30 43 493 247 0 0 87 146 18 202 554 17 0 
1 10 16 60 346 480 95 16 9 8 47 97 713 114 35 1 10 8 60 563 258 104 20 1 
0 0 0 0 144 880 0 0 0 0 0 4 1000 20 0 0 0 0 0 569 455 0 0 0 
0 0 4 61 400 526 33 0 0 0 44 209 664 107 0 0 0 0 43 432 484 65 0 0 
18 19 87 173 279 155 188 105 28 45 134 264 220 153 177 3 26 41 132 357 209 213 46 0 
25 19 3 8 7 12 905 45 42 5 5 7 6 523 436 0 40 7 5 10 74 865 23 0 
234 261 3 4 5 48 359 110 413 90 2 7 52 317 134 9 325 179 4 53 284 128 51 0 
50 29 6 9 23 657 238 12 73 7 7 12 428 482 15 0 64 17 8 83 806 44 2 0 
0 0 0 0 734 290 0 0 0 0 0 380 644 0 0 0 0 0 0 876 148 0 0 0 
278 28 19 107 592 0 0 0 293 22 47 662 0 0 0 0 290 20 137 577 0 0 0 0 
1023 1 0 0 0 0 0 0 1024 0 0 0 0 0 0 0 1015 9 0 0 0 0 0 0 
1024 0 0 0 0 0 0 0 1024 0 0 0 0 0 0 0 1024 0 0 0 0 0 0 0 
1024 0 0 0 0 0 0 0 1024 0 0 0 0 0 0 0 1024 0 0 0 0 0 0 0 
1024 0 0 0 0 0 0 0 1024 0 0 0 0 0 0 0 1024 0 0 0 0 0 0 0 
1024 0 0 0 0 0 0 0 1024 0 0 0 0 0 0 0 1024 0 0 0 0 0 0 0 
1023 1 0 0 0 0 0 0 1023 1 0 0 0 0 0 0 1024 0 0 0 0 0 0 0 
702 97 56 169 0 0 0 0 762 46 139 77 0 0 0 0 781 41 168 34 0 0 0 0 
61 41 174 550 198 0 0 0 85 27 445 416 51 0 0 0 91 75 526 293 39 0 0 0 
2 4 5 238 577 196 2 0 5 3 53 495 463 5 0 0 5 3 88 527 396 5 0 0 
52 33 9 15 64 368 277 206 62 32 8 45 168 302 389 18 61 36 21 46 348 413 91 8 
45 23 28 9 45 383 314 177 54 38 31 18 87 398 351 47 56 51 21 23 221 542 91 19 
30 15 35 244 346 196 78 80 34 23 76 350 258 186 29 68 27 28 80 273 349 171 30 66 
56 45 65 395 69 40 43 311 61 44 51 393 97 42 60 276 38 43 38 78 419 78 79 251 
5 4 43 82 333 541 16 0 6 10 42 121 732 111 2 0 6 11 19 238 679 64 7 0 
0 0 0 0 185 534 74 231 0 0 0 66 592 108 224 34 0 0 3 76 625 136 179 5 
0 0 0 0 3 11 439 571 0 0 0 3 4 94 908 15 0 0 0 5 81 769 168 1 
0 0 8 14 8 51 549 394 0 9 13 32 32 547 321 70 0 19 32 56 502 263 123 29 
0 0 0 2 5 228 751 38 0 0 3 10 57 916 38 0 0 3 8 30 631 352 0 0 
0 0 0 0 198 813 13 0 0 0 0 89 854 81 0 0 0 0 0 344 680 0 0 0 
320 31 20 77 569 7 0 0 344 21 37 575 47 0 0 0 334 28 94 564 4 0 0 0 
1021 3 0 0 0 0 0 0 1024 0 0 0 0 0 0 0 1016 8 0 0 0 0 0 0 
1024 0 0 0 0 0 0 0 1024 0 0 0 0 0 0 0 1024 0 0 0 0 0 0 0 
1024 0 0 0 0 0 0 0 1024 0 0 0 0 0 0 0 1024 0 0 0 0 0 0 0 
1024 0 0 0 0 0 0 0 1024 0 0 0 0 0 0 0 1024 0 0 0 0 0 0 0 
1024 0 0 0 0 0 0 0 1024 0 0 0 0 0 0 0 1024 0 0 0 0 0 0 0 
623 62 339 0 0 0 0 0 635 132 257 0 0 0 0 0 655 281 88 0 0 0 0 0 
15 21 560 428 0 0 0 0 25 18 886 95 0 0 0 0 28 168 824 4 0 0 0 0 
0 0 2 657 351 14 0 0 0 0 101 767 156 0 0 0 0 0 288 634 102 0 0 0 
0 0 0 71 636 317 0 0 0 0 0 522 486 16 0 0 0 0 0 564 460 0 0 0 
0 0 0 2 559 463 0 0 0 0 0 201 527 296 0 0 0 0 0 337 628 59 0 0 
0 0 0 44 531 449 0 0 0 0 0 467 322 235 0 0 0 0 0 503 351 170 0 0 
0 0 75 527 274 128 19 1 0 0 79 668 187 80 10 0 0 0 27 359 553 78 7 0 
0 1 168 812 43 0 0 0 0 4 76 898 46 0 0 0 0 4 22 203 779 16 0 0 
0 0 12 64 582 344 22 0 0 0 24 255 524 218 3 0 0 0 4 236 594 182 7 1 
27 21 20 85 299 301 36 235 41 21 25 212 335 143 145 102 42 22 38 233 348 132 182 27 
50 35 36 12 43 16 0 832 84 10 35 19 44 0 775 57 80 13 35 20 44 6 786 40 
70 26 5 27 57 7 262 570 96 0 31 13 52 0 775 57 96 0 24 24 48 554 256 22 
65 21 16 32 56 11 765 58 84 8 34 48 19 464 344 23 79 10 30 56 32 771 44 2 
53 37 36 58 8 490 333 9 91 11 54 36 394 414 23 1 87 15 36 73 760 44 9 0 
364 93 65 24 275 200 3 0 406 70 62 151 328 6 1 0 401 75 62 390 91 4 1 0 
1022 2 0 0 0 0 0 0 1024 0 0 0 0 0 0 0 1023 1 0 0 0 0 0 0 
1024 0 0 0 0 0 0 0 1024 0 0 0 0 0 0 0 1024 0 0 0 0 0 0 0 
1024 0 0 0 0 0 0 0 1024 0 0 0 0 0 0 0 1024 0 0 0 0 0 0 0 
1019 5 0 0 0 0 0 0 1019 5 0 0 0 0 0 0 1022 2 0 0 0 0 0 0 
488 217 319 0 0 0 0 0 487 303 234 0 0 0 0 0 513 424 87 0 0 0 0 0 
1 40 574 402 7 0 0 0 2 119 660 243 0 0 0 0 8 262 609 145 0 0 0 0 
0 0 68 472 484 0 0 0 0 0 191 652 181 0 0 0 0 8 272 657 87 0 0 0 
0 0 0 234 680 110 0 0 0 0 5 441 578 0 0 0 0 0 28 486 510 0 0 0 
0 0 0 7 439 578 0 0 0 0 0 188 832 4 0 0 0 0 0 237 786 1 0 0 
0 0 0 1 272 751 0 0 0 0 0 36 795 193 0 0 0 0 0 62 898 64 0 0 
0 0 0 116 523 382 3 0 0 0 0 457 288 279 0 0 0 0 0 502 298 224 0 0 
29 114 61 480 249 73 17 1 73 88 88 604 124 38 9 0 71 77 89 598 129 48 11 1 
16 195 529 168 66 27 23 0 49 442 294 148 45 39 7 0 17 384 357 122 91 45 8 0 
0 2 46 49 293 632 2 0 0 2 63 69 575 315 0 0 0 0 24 93 669 238 0 0 
0 0 0 0 82 709 233 0 0 0 0 1 354 669 0 0 0 0 0 4 402 618 0 0 
0 0 0 0 16 359 649 0 0 0 0 0 102 921 1 0 0 0 0 1 145 878 0 0 
0 0 0 0 19 578 427 0 0 0 0 0 223 801 0 0 0 0 0 0 290 734 0 0 
0 0 0 0 108 916 0 0 0 0 0 18 637 369 0 0 0 0 0 21 691 312 0 0 
0 0 0 29 543 452 0 0 0 0 12 211 800 1 0 0 0 0 11 272 741 0 0 0 
0 0 137 471 409 7 0 0 0 35 309 538 142 0 0 0 0 24 301 497 202 0 0 0 
201 73 518 232 0 0 0 0 213 259 483 69 0 0 0 0 215 286 423 100 0 0 0 0 
1024 0 0 0 0 0 0 0 1024 0 0 0 0 0 0 0 1024 0 0 0 0 0 0 0 
987 37 0 0 0 0 0 0 986 38 0 0 0 0 0 0 995 29 0 0 0 0 0 0 
356 660 8 0 0 0 0 0 348 673 3 0 0 0 0 0 456 567 1 0 0 0 0 0 
1 597 426 0 0 0 0 0 0 644 380 0 0 0 0 0 14 808 202 0 0 0 0 0 
0 24 631 365 4 0 0 0 0 33 761 230 0 0 0 0 0 139 733 152 0 0 0 0 
0 0 115 537 372 0 0 0 0 0 240 630 154 0 0 0 0 0 358 540 126 0 0 0 
0 0 0 328 513 183 0 0 0 0 11 438 575 0 0 0 0 0 39 464 521 0 0 0 
0 0 0 179 343 502 0 0 0 0 0 321 699 4 0 0 0 0 0 349 673 2 0 0 
0 0 0 89 410 525 0 0 0 0 0 280 574 170 0 0 0 0 0 296 569 159 0 0 
0 0 0 88 432 504 0 0 0 0 0 270 466 288 0 0 0 0 0 292 457 275 0 0 
0 5 24 29 554 390 20 2 0 16 26 182 643 152 5 0 0 21 25 137 703 134 4 0 
0 2 19 14 423 553 12 1 0 11 16 98 659 234 6 0 0 12 17 96 709 188 2 0 
1 3 3 3 380 619 15 0 2 3 5 108 572 330 4 0 1 4 3 108 590 314 4 0 
0 0 0 0 268 631 125 0 0 0 0 24 534 466 0 0 0 0 0 36 527 461 0 0 
0 0 0 0 241 505 278 0 0 0 0 2 512 510 0 0 0 0 0 31 516 477 0 0 
0 0 0 0 341 517 166 0 0 0 0 174 412 438 0 0 0 0 0 130 492 402 0 0 
0 0 0 5 425 594 0 0 0 0 0 259 421 344 0 0 0 0 0 221 526 277 0 0 
0 0 0 184 385 455 0 0 0 0 0 390 612 22 0 0 0 0 0 373 602 49 0 0 
0 0 18 547 443 16 0 0 0 0 177 633 214 0 0 0 0 0 110 688 226 0 0 0 
0 3 647 373 1 0 0 0 0 63 816 145 0 0 0 0 0 40 710 274 0 0 0 0 
934 89 1 0 0 0 0 0 928 73 23 0 0 0 0 0 928 73 23 0 0 0 0 0 
227 727 70 0 0 0 0 0 217 534 273 0 0 0 0 0 238 509 277 0 0 0 0 0 
5 660 359 0 0 0 0 0 0 486 538 0 0 0 0 0 12 540 472 0 0 0 0 0 
0 282 741 1 0 0 0 0 0 208 805 11 0 0 0 0 0 294 719 11 0 0 0 0 
0 13 1002 9 0 0 0 0 0 29 899 96 0 0 0 0 0 83 824 117 0 0 0 0 
0 0 618 406 0 0 0 0 0 0 716 308 0 0 0 0 0 0 612 412 0 0 0 0 
0 0 113 911 0 0 0 0 0 0 327 697 0 0 0 0 0 0 293 731 0 0 0 0 
0 0 1 1023 0 0 0 0 0 0 66 958 0 0 0 0 0 0 12 1012 0 0 0 0 
0 0 0 1022 2 0 0 0 0 0 4 1020 0 0 0 0 0 0 0 1021 3 0 0 0 
0 0 0 1014 10 0 0 0 0 0 0 1024 0 0 0 0 0 0 0 1020 4 0 0 0 
0 0 0 741 283 0 0 0 0 0 0 1015 9 0 0 0 0 0 0 873 151 0 0 0 
0 0 0 551 473 0 0 0 0 0 0 1018 6 0 0 0 0 0 0 903 121 0 0 0 
0 0 0 863 161 0 0 0 0 0 0 1019 5 0 0 0 0 0 0 980 44 0 0 0 
0 0 0 621 403 0 0 0 0 0 0 983 41 0 0 0 0 0 0 972 52 0 0 0 
0 0 0 439 585 0 0 0 0 0 0 960 64 0 0 0 0 0 0 955 69 0 0 0 
0 0 0 756 268 0 0 0 0 0 0 1019 5 0 0 0 0 0 0 1011 13 0 0 0 
0 0 0 1002 22 0 0 0 0 0 23 1001 0 0 0 0 0 0 0 1024 0 0 0 0 
0 0 86 938 0 0 0 0 0 0 566 458 0 0 0 0 0 0 152 872 0 0 0 0 
0 0 822 202 0 0 0 0 0 0 1008 16 0 0 0 0 0 0 951 73 0 0 0 0 
0 116 908 0 0 0 0 0 0 346 678 0 0 0 0 0 0 108 916 0 0 0 0 0 
118 814 92 0 0 0 0 0 116 540 368 0 0 0 0 0 113 387 524 0 0 0 0 0 
0 419 605 0 0 0 0 0 0 90 934 0 0 0 0 0 0 135 888 1 0 0 0 0 
0 31 984 9 0 0 0 0 0 3 882 139 0 0 0 0 0 0 888 136 0 0 0 0 
0 0 866 158 0 0 0 0 0 0 409 615 0 0 0 0 0 0 308 716 0 0 0 0 
0 0 271 753 0 0 0 0 0 0 93 931 0 0 0 0 0 0 45 979 0 0 0 0 
0 0 28 996 0 0 0 0 0 0 4 1020 0 0 0 0 0 0 1 1016 7 0 0 0 
0 0 0 1024 0 0 0 0 0 0 0 1022 2 0 0 0 0 0 0 967 57 0 0 0 
0 0 0 998 26 0 0 0 0 0 0 958 66 0 0 0 0 0 0 658 366 0 0 0 
0 0 0 960 64 0 0 0 0 0 0 813 211 0 0 0 0 0 0 493 531 0 0 0 
0 0 0 825 199 0 0 0 0 0 0 823 201 0 0 0 0 0 0 362 662 0 0 0 
0 0 0 513 511 0 0 0 0 0 0 787 237 0 0 0 0 0 0 245 779 0 0 0 
0 0 0 446 578 0 0 0 0 0 0 756 268 0 0 0 0 0 0 195 829 0 0 0 
0 0 0 971 53 0 0 0 0 0 0 1008 16 0 0 0 0 0 0 692 332 0 0 0 
0 0 0 893 131 0 0 0 0 0 0 1007 17 0 0 0 0 0 0 816 208 0 0 0 
0 0 0 945 79 0 0 0 0 0 0 1022 2 0 0 0 0 0 0 961 63 0 0 0 
0 0 0 1021 3 0 0 0 0 0 0 1024 0 0 0 0 0 0 0 994 30 0 0 0 
0 0 0 1024 0 0 0 0 0 0 21 1003 0 0 0 0 0 0 0 1024 0 0 0 0 
0 0 358 666 0 0 0 0 0 0 665 359 0 0 0 0 0 0 217 807 0 0 0 0 
0 1 1015 8 0 0 0 0 0 3 1016 5 0 0 0 0 0 12 942 70 0 0 0 0 
0 196 828 0 0 0 0 0 0 376 648 0 0 0 0 0 4 157 863 0 0 0 0 0 
1 819 204 0 0 0 0 0 0 392 632 0 0 0 0 0 74 331 619 0 0 0 0 0 
0 343 658 23 0 0 0 0 0 5 1017 2 0 0 0 0 66 107 848 3 0 0 0 0 
0 29 907 88 0 0 0 0 0 0 834 190 0 0 0 0 56 80 600 288 0 0 0 0 
0 0 812 204 8 0 0 0 0 0 115 909 0 0 0 0 58 68 113 785 0 0 0 0 
0 0 487 489 48 0 0 0 0 0 3 1021 0 0 0 0 5 118 61 833 7 0 0 0 
0 0 128 815 81 0 0 0 0 0 0 1015 9 0 0 0 0 95 57 844 28 0 0 0 
0 0 0 909 115 0 0 0 0 0 0 947 77 0 0 0 0 64 69 739 152 0 0 0 
0 0 0 882 142 0 0 0 0 0 0 893 131 0 0 0 0 64 66 558 336 0 0 0 
0 0 0 854 170 0 0 0 0 0 0 863 161 0 0 0 0 34 94 250 646 0 0 0 
0 0 0 838 182 4 0 0 0 0 0 795 229 0 0 0 0 14 93 233 684 0 0 0 
0 0 0 752 263 9 0 0 0 0 0 734 290 0 0 0 0 12 84 263 665 0 0 0 
0 0 0 755 252 17 0 0 0 0 0 858 166 0 0 0 0 0 120 427 477 0 0 0 
0 0 11 846 167 0 0 0 0 0 0 942 82 0 0 0 0 5 109 759 151 0 0 0 
0 0 8 831 175 10 0 0 0 0 0 968 56 0 0 0 0 2 121 783 118 0 0 0 
0 0 50 812 139 23 0 0 0 0 2 946 76 0 0 0 0 1 82 896 45 0 0 0 
0 0 431 466 120 7 0 0 0 0 92 870 62 0 0 0 0 8 140 851 25 0 0 0 
0 0 755 182 87 0 0 0 0 0 645 372 7 0 0 0 0 37 371 616 0 0 0 0 
0 18 830 169 7 0 0 0 0 1 959 64 0 0 0 0 0 103 839 82 0 0 0 0 
0 603 361 60 0 0 0 0 0 391 631 2 0 0 0 0 12 150 862 0 0 0 0 0 
4 909 104 7 0 0 0 0 0 965 59 0 0 0 0 0 28 727 269 0 0 0 0 0 
1 982 41 0 0 0 0 0 0 348 676 0 0 0 0 0 0 218 806 0 0 0 0 0 
0 440 584 0 0 0 0 0 0 1 1003 20 0 0 0 0 0 20 974 30 0 0 0 0 
0 12 1010 2 0 0 0 0 0 0 583 441 0 0 0 0 0 0 520 504 0 0 0 0 
0 0 978 46 0 0 0 0 0 0 0 1024 0 0 0 0 0 0 15 1009 0 0 0 0 
0 0 423 601 0 0 0 0 0 0 0 1022 2 0 0 0 0 0 0 981 43 0 0 0 
0 0 11 1013 0 0 0 0 0 0 0 1015 9 0 0 0 0 0 0 871 153 0 0 0 
0 0 2 1022 0 0 0 0 0 0 0 696 328 0 0 0 0 0 0 384 640 0 0 0 
0 0 0 1024 0 0 0 0 0 0 0 483 541 0 0 0 0 0 0 117 907 0 0 0 
0 0 0 1018 6 0 0 0 0 0 0 320 704 0 0 0 0 0 0 25 999 0 0 0 
0 0 0 1021 3 0 0 0 0 0 0 466 558 0 0 0 0 0 0 26 998 0 0 0 
0 0 0 1013 11 0 0 0 0 0 0 467 557 0 0 0 0 0 0 52 972 0 0 0 
0 0 2 973 12 15 12 10 0 0 0 625 359 16 10 14 0 0 0 123 866 13 20 2 
0 0 3 933 7 11 33 37 0 0 0 842 100 14 45 23 0 0 0 523 427 23 50 1 
0 0 1 876 22 9 77 39 0 0 0 860 30 28 70 36 0 0 0 657 268 50 49 0 
0 0 6 832 12 30 134 10 0 0 0 835 15 78 80 16 0 0 1 809 108 73 33 0 
0 0 294 496 20 58 155 1 0 0 19 768 23 130 84 0 0 0 10 780 122 96 16 0 
0 0 926 96 2 0 0 0 0 0 514 507 2 1 0 0 0 0 63 960 1 0 0 0 
0 7 1017 0 0 0 0 0 0 0 1010 14 0 0 0 0 0 0 746 278 0 0 0 0 
0 588 436 0 0 0 0 0 0 189 835 0 0 0 0 0 0 7 1012 5 0 0 0 0 
8 1016 0 0 0 0 0 0 0 975 49 0 0 0 0 0 0 638 386 0 0 0 0 0 
